/*--------------------------------*- C++ -*----------------------------------*\
| =========                 |                                                 |
| \\      /  F ield         | OpenFOAM: The Open Source CFD Toolbox           |
|  \\    /   O peration     | Version:  2.1.1                                 |
|   \\  /    A nd           | Web:      www.OpenFOAM.org                      |
|    \\/     M anipulation  |                                                 |
\*---------------------------------------------------------------------------*/
FoamFile
{
    version     2.0;
    format      ascii;
    class       volScalarField;
    location    "0.002600000";
    object      Xi;
}
// * * * * * * * * * * * * * * * * * * * * * * * * * * * * * * * * * * * * * //

dimensions      [0 0 0 0 0 0 0];

internalField   nonuniform List<scalar> 
12384
(
1.56666
1.74294
2.09462
2.71451
4.19128
4.29033
4.34835
4.12113
3.87088
4.0958
3.21297
1.22826
1.00444
1.00002
1.00427
1.0443
1.24002
1.63504
3.57571
5.38621
7.05338
7.3979
7.55669
7.10413
7.22763
7.6285
8.85149
10.8581
11.1271
11.0064
9.9877
9.02629
8.45746
7.8321
7.18577
3.3867
1.66762
1.34776
1.05577
1.00087
1.00001
1
1
1
4.81292
6.43906
11.8941
21.0492
22.37
23.4664
24.4474
25.3975
28.2797
29.6446
31.8451
30.0089
28.3922
24.4436
20.1946
17.0504
13.0275
10.9937
11.2616
13.148
13.0415
12.2912
11.6448
11.0515
3.01041
1.30503
1.04418
1.00138
1.00002
1
1.04181
1.20568
12.8741
20.3186
32.4154
46.0378
51.4494
60.5038
61.4891
63.7042
66.7983
64.5383
63.0555
49.4887
40.6877
29.6831
23.0929
16.0733
10.4606
2.92869
1.44276
1.3207
1.25788
1.204
1.13587
1.02963
1.00277
1.00034
1.00003
1
1
1
1
1
1
1
1
1
1
1
1
1
1
1.00015
1.00899
1.01371
1.00185
1.00036
1.00008
1
1
1
1
1
1
1
1
1
1
1
1
1
1
1
1
1
1
1
1
1
1
1
1
1
1
1
1
1
1
1
1
1
1
1
1
1
1
1
1
1
1
1
1
1
1
1
1
1
1
1
1
1
1
1
1
1
1
1
1
1
1
1
1
1
1
1
1
1
1
1
1
1
1
1
1
1
1
1
1
1
1
1
1
1
1
1
1
1
1
1
1
1
1
1
1
1
1
1
1
1
1
1
1
1
1
1
1
1
1
1
1
1
1
1
1
1
1
1
1
1
1
1
1
1
1
1
1
1
1
1
1
1
1
1
1
1
1
1
1
1
1
1
1
1
1
1
1
1
1
1
1
1
1
1
1
1
1
1
1
1
1
1
1
1
1
1
1
1
1
1
1
1
1
1
1
1
1
1
1
1
1
1
1
1
1
1
1
1
1
1
1
1
1
1
1
1
1
1
1
1
1
1
1
1
1
1
1
1
1
1
1
1
1
1
1
1
1
1
1
1
1
1
1
1
1
1
1
1
1
1
1
1
1
1
1
1
1
1
1
1
1
1
1
1
1
1
1
1
1
1
1.74857
1.89128
2.48121
3.26651
4.45599
6.88898
6.94857
6.86038
6.43366
6.18788
5.29226
1.15104
1.00083
1.00001
1.04848
1.95872
5.92687
6.69999
6.92535
8.66212
10.447
12.4488
14.2498
15.8812
16.9385
18.1353
19.2226
19.4043
18.8716
18.8298
18.6924
17.3031
15.0571
13.7971
13.2947
13.9296
13.8618
14.3797
4.49658
1.13396
1.0006
1.00002
1
1
19.7141
12.8446
19.7937
45.7612
55.7266
62.8992
65.4708
70.2587
73.3536
75.442
74.6026
70.015
61.5589
51.6393
42.8581
34.4984
26.5041
21.7379
20.1713
20.0795
19.018
17.9041
16.8874
17.5524
18.0882
18.867
2.08822
1.1583
1.00425
1.00002
1.33932
28.2942
79.7927
86.018
76.6951
89.9146
92.8472
96.7698
96.042
103.92
106.576
116.656
121.381
118.271
106.039
85.0989
57.9449
36.1592
22.8275
16.552
13.6392
11.9483
10.7613
9.93252
8.84054
2.68669
1.26376
1.11093
1.00675
1.00004
1
1
1
1
1
1
1
1
1
1
1
1
1.00331
1.28968
2.71506
2.38758
1.50552
1.17537
1.01393
1.00128
1.00011
1
1
1
1
1
1
1
1
1
1
1
1
1
1
1
1
1
1
1
1
1
1
1
1
1
1
1
1
1
1
1
1
1
1
1
1
1
1
1
1
1
1
1
1
1
1
1
1
1
1
1
1
1
1
1
1
1
1
1
1
1
1
1
1
1
1
1
1
1
1
1
1
1
1
1
1
1
1
1
1
1
1
1
1
1
1
1
1
1
1
1
1
1
1
1
1
1
1
1
1
1
1
1
1
1
1
1
1
1
1
1
1
1
1
1
1
1
1
1
1
1
1
1
1
1
1
1
1
1
1
1
1
1
1
1
1
1
1
1
1
1
1
1
1
1
1
1
1
1
1
1
1
1
1
1
1
1
1
1
1
1
1
1
1
1
1
1
1
1
1
1
1
1
1
1
1
1
1
1
1
1
1
1
1
1
1
1
1
1
1
1
1
1
1
1
1
1
1
1
1
1
1
1
1
1
1
1
1
1
1
1
1
1
1
1
1
1
1
1
1
1
1
1
1
1
1
1
1
1
1
1
1
1
1
1
1
1
1
1
1
1
1
1
1
1
1
1
1
1
2.07701
2.51562
3.10856
3.7347
4.98542
7.2841
10.1849
9.79689
9.03053
8.25709
6.58281
1.68693
1.02797
1.00019
1.29463
8.58877
10.6986
11.6766
12.1162
14.6405
16.3758
18.0147
17.7683
18.9621
20.0691
18.1861
15.8458
13.2569
11.6122
11.0441
12.0556
15.4896
17.0805
16.1164
15.7921
15.869
15.8393
16.9048
4.06489
1.25359
1.02051
1.00114
1.00002
1
24.5466
16.0475
22.0152
39.8567
60.7981
74.2621
80.1247
95.1929
104.956
111.713
112.351
105.536
94.1748
80.7403
68.6367
56.6269
46.1026
38.7812
32.985
28.2537
24.1438
20.7554
18.9363
20.4896
21.8454
23.0896
25.9402
1.67858
1.02425
1.00016
15.8775
65.5449
92.285
102.277
94.9617
102.86
101.526
107.274
102.231
107.695
109.281
123.261
127.917
131.422
128.595
125.049
112.246
94.5104
72.6035
48.5834
30.9909
22.6135
18.3578
15.33
11.8828
9.1582
7.52718
8.89807
1.09369
1.00173
1
1
1
1
1
1
1
1
1
1
1.00005
1.01536
2.66538
12.1071
51.6886
35.3024
22.5106
18.0059
2.56738
1.25781
1.04025
1.00099
1.00004
1
1
1
1
1
1
1
1
1
1
1
1
1
1
1
1
1
1
1
1
1
1
1
1
1
1
1
1
1
1
1
1
1
1
1
1
1
1
1
1
1
1
1
1
1
1
1
1
1
1
1
1
1
1
1
1
1
1
1
1
1
1
1
1
1
1
1
1
1
1
1
1
1
1
1
1
1
1
1
1
1
1
1
1
1
1
1
1
1
1
1
1
1
1
1
1
1
1
1
1
1
1
1
1
1
1
1
1
1
1
1
1
1
1
1
1
1
1
1
1
1
1
1
1
1
1
1
1
1
1
1
1
1
1
1
1
1
1
1
1
1
1
1
1
1
1
1
1
1
1
1
1
1
1
1
1
1
1
1
1
1
1
1
1
1
1
1
1
1
1
1
1
1
1
1
1
1
1
1
1
1
1
1
1
1
1
1
1
1
1
1
1
1
1
1
1
1
1
1
1
1
1
1
1
1
1
1
1
1
1
1
1
1
1
1
1
1
1
1
1
1
1
1
1
1
1
1
1
1
1
1
1
1
1
1
1
1
1
1
1
1
1
1
1
1
1
1
2.64305
2.71049
2.60704
2.78397
3.56505
5.18449
7.10667
8.2418
10.8158
14.2892
12.5196
3.75952
1.16219
1.00168
2.18357
15.6863
18.4311
17.4833
17.4736
17.5396
13.2635
10.9477
10.8371
10.4611
10.1024
9.65465
9.42307
9.25271
9.03845
8.84853
8.63744
8.92731
10.464
15.3473
17.7368
17.5595
18.6165
21.4242
21.701
3.97348
1.22391
1.01277
1.00018
1
26
22.6574
27.2629
43.2639
61.8629
80.8528
101.192
120.941
131.809
121.127
108.334
111.281
119.877
111.598
98.8973
85.7416
72.7531
62.2363
50.4229
41.8409
35.3352
28.9469
26.1942
27.2656
28.9075
29.7047
30.9735
2.25772
1.08392
1.00101
19.6945
75.4118
96.8157
103.053
98.9341
99.4102
102.96
101.047
104.691
106.567
112.819
127.368
130.023
134.824
136.117
136.085
132.796
124.051
111.932
89.823
63.2533
42.89
30.8904
23.5319
18.1917
13.2128
9.0023
8.76929
1.2773
1.02061
1
1
1
1
1
1
1
1
1
1.00042
1.18409
3.18466
33.0814
85.2375
78.1371
62.2485
42.7284
28.3346
20.7599
14.7092
4.61147
1.38426
1.0253
1.00022
1
1
1
1
1
1
1
1
1
1
1
1
1
1
1
1
1
1
1
1
1
1
1
1
1
1
1
1
1
1
1
1
1
1
1
1
1
1
1
1
1
1
1
1
1
1
1
1
1
1
1
1
1
1
1
1
1
1
1
1
1
1
1
1
1
1
1
1
1
1
1
1
1
1
1
1
1
1
1
1
1
1
1
1
1
1
1
1
1
1
1
1
1
1
1
1
1
1
1
1
1
1
1
1
1
1
1
1
1
1
1
1
1
1
1
1
1
1
1
1
1
1
1
1
1
1
1
1
1
1
1
1
1
1
1
1
1
1
1
1
1
1
1
1
1
1
1
1
1
1
1
1
1
1
1
1
1
1
1
1
1
1
1
1
1
1
1
1
1
1
1
1
1
1
1
1
1
1
1
1
1
1
1
1
1
1
1
1
1
1
1
1
1
1
1
1
1
1
1
1
1
1
1
1
1
1
1
1
1
1
1
1
1
1
1
1
1
1
1
1
1
1
1
1
1
1
1
1
1
1
1
1
1
1
1
1
1
1
1
1
1
1
1
1
1
1
2.38169
2.11963
2.07384
2.2514
2.81299
3.44853
4.40271
4.86381
6.28618
10.1433
26.551
27.8731
2.6059
1.05507
7.65772
26.6502
24.9409
23.9236
15.6164
11.479
10.4151
9.31705
9.02505
8.85588
9.02243
9.45218
9.8098
10.0654
10.0179
9.65187
8.96686
8.34643
8.15867
9.06747
10.6699
18.2649
22.3934
28.6713
30.7548
34.5609
2.69422
1.06341
1.00051
1.00001
29.5385
33.6895
39.4414
39.4593
76.7577
101.768
122.562
144.599
101.728
70.526
59.9724
56.2953
61.0791
74.3032
85.5173
100.769
91.6042
81.5499
73.9494
66.1495
59.5082
50.6354
44.8037
42.5464
42.6416
50.0556
50.4162
47.3036
1.9173
1.0154
22.3101
73.6901
96.3142
94.548
91.6562
92.5811
90.8648
96.8063
105.697
118.527
124.661
137.467
139.919
141.338
141.365
142.877
143.225
141.077
133.149
118.912
95.9908
68.1857
49.5152
37.3258
27.1803
19.4772
15.0823
13.1679
10.125
1.13116
1
1
1
1
1
1
1
1.00004
1.00124
1.36734
5.44102
30.0183
110.647
109.364
100.251
82.5129
61.2363
43.1618
29.8329
22.2543
16.6871
13.6531
4.23191
1.16697
1.00075
1
1
1
1
1
1
1
1
1
1
1
1
1
1
1
1
1
1
1
1
1
1
1
1
1
1
1
1
1
1
1
1
1
1
1
1
1
1
1
1
1
1
1
1
1
1
1
1
1
1
1
1
1
1
1
1
1
1
1
1
1
1
1
1
1
1
1
1
1
1
1
1
1
1
1
1
1
1
1
1
1
1
1
1
1
1
1
1
1
1
1
1
1
1
1
1
1
1
1
1
1
1
1
1
1
1
1
1
1
1
1
1
1
1
1
1
1
1
1
1
1
1
1
1
1
1
1
1
1
1
1
1
1
1
1
1
1
1
1
1
1
1
1
1
1
1
1
1
1
1
1
1
1
1
1
1
1
1
1
1
1
1
1
1
1
1
1
1
1
1
1
1
1
1
1
1
1
1
1
1
1
1
1
1
1
1
1
1
1
1
1
1
1
1
1
1
1
1
1
1
1
1
1
1
1
1
1
1
1
1
1
1
1
1
1
1
1
1
1
1
1
1
1
1
1
1
1
1
1
1
1
1
1
1
1
1
1
1
1
1
1
1
1
1
1
1.83101
1.87883
2.069
2.53212
3.02714
3.48141
3.78401
4.31028
5.0482
7.12322
16.3531
23.1455
38.8546
1.94836
19.9022
32.4458
31.986
19.7821
12.4485
10.4832
9.80452
9.52971
9.8672
10.3113
10.9229
11.598
12.1765
12.7055
12.7249
12.2656
11.5687
10.7359
9.74144
9.47277
9.71689
13.7086
26.8134
35.4612
38.8146
35.7877
2.55841
1.2321
1.00888
1.00013
34.6161
59.1968
45.0726
60.5766
90.8706
124.496
139.23
90.8903
57.8718
46.739
45.1606
48.5973
49.8203
50.3307
49.7819
47.9669
53.1025
82.0317
100.029
105.213
101.187
85.9737
73.2799
65.2704
63.9181
74.9364
95.1276
71.0514
3.64987
1.05835
26.842
75.1238
87.4747
85.2041
82.484
78.1163
80.6664
98.6619
122.446
132.991
146.352
146.963
147.485
149.052
146.682
147.152
146.971
148.067
145.439
136.496
120.317
96.4801
72.3152
53.9753
40.6217
29.3916
20.762
16.6529
14.3148
1.30687
1
1.00001
1.00003
1.00011
1.00026
1.00081
1.00209
1.04668
1.37549
5.29695
42.2268
129.511
131.927
129.76
111.663
86.4209
63.8076
47.0609
36.8523
29.5558
23.4012
18.5649
15.4582
6.44312
1.36963
1.00294
1
1
1
1
1
1
1
1
1
1
1
1
1
1
1
1
1
1
1
1
1
1
1
1
1
1
1
1
1
1
1
1
1
1
1
1
1
1
1
1
1
1
1
1
1
1
1
1
1
1
1
1
1
1
1
1
1
1
1
1
1
1
1
1
1
1
1
1
1
1
1
1
1
1
1
1
1
1
1
1
1
1
1
1
1
1
1
1
1
1
1
1
1
1
1
1
1
1
1
1
1
1
1
1
1
1
1
1
1
1
1
1
1
1
1
1
1
1
1
1
1
1
1
1
1
1
1
1
1
1
1
1
1
1
1
1
1
1
1
1
1
1
1
1
1
1
1
1
1
1
1
1
1
1
1
1
1
1
1
1
1
1
1
1
1
1
1
1
1
1
1
1
1
1
1
1
1
1
1
1
1
1
1
1
1
1
1
1
1
1
1
1
1
1
1
1
1
1
1
1
1
1
1
1
1
1
1
1
1
1
1
1
1
1
1
1
1
1
1
1
1
1
1
1
1
1
1
1
1
1
1
1
1
1
1
1
1
1
1
1
1
1
1
1
1.62565
1.89723
2.3397
3.06713
3.71313
4.26034
4.75846
5.77313
7.59842
9.09523
11.8651
15.6026
31.7669
4.69875
33.8515
38.1113
23.5337
13.3729
11.3819
10.6333
10.8267
11.275
11.8316
12.5227
13.1955
14.0432
14.8566
15.3285
16.4532
18.5031
19.0208
16.9007
14.7885
12.9333
12.8578
15.6355
32.9359
45.6541
52.3841
44.7825
3.48761
4.98469
1.08413
1.00152
33.6231
66.0461
69.926
81.1815
107.46
136.471
96.4136
58.5545
47.1502
47.9573
62.3735
74.0725
72.4027
57.011
47.4397
44.854
60.7107
120.222
157.377
179.211
161.658
131.227
107.872
96.2689
93.5983
108.102
146.98
128.927
6.21581
1.31981
38.0827
82.0099
83.6813
75.3846
70.5658
68.2491
80.5121
113.945
141.023
154.645
159.404
164.902
156.54
152.202
149.791
145.417
146.041
145.334
146.187
142.276
134.737
119.829
95.079
73.7411
56.2466
43.4631
32.6069
24.6093
25.9077
1.96993
1.00584
1.01237
1.02662
1.06521
1.14215
1.41963
1.87433
3.74439
5.77644
34.748
158.36
154.007
150.3
131.579
112.196
94.8649
77.2137
57.493
40.1553
29.6844
26.1771
25.8616
20.7636
17.1117
5.24975
1.20113
1.00042
1
1
1
1
1
1
1
1
1
1
1
1
1
1
1
1
1
1
1
1
1
1
1
1
1
1
1
1
1
1
1
1
1
1
1
1
1
1
1
1
1
1
1
1
1
1
1
1
1
1
1
1
1
1
1
1
1
1
1
1
1
1
1
1
1
1
1
1
1
1
1
1
1
1
1
1
1
1
1
1
1
1
1
1
1
1
1
1
1
1
1
1
1
1
1
1
1
1
1
1
1
1
1
1
1
1
1
1
1
1
1
1
1
1
1
1
1
1
1
1
1
1
1
1
1
1
1
1
1
1
1
1
1
1
1
1
1
1
1
1
1
1
1
1
1
1
1
1
1
1
1
1
1
1
1
1
1
1
1
1
1
1
1
1
1
1
1
1
1
1
1
1
1
1
1
1
1
1
1
1
1
1
1
1
1
1
1
1
1
1
1
1
1
1
1
1
1
1
1
1
1
1
1
1
1
1
1
1
1
1
1
1
1
1
1
1
1
1
1
1
1
1
1
1
1
1
1
1
1
1
1
1
1
1
1
1
1
1
1
1
1
1
1
1.65876
2.04721
2.68473
3.57249
4.45376
5.18445
6.76614
10.1149
13.0611
15.771
17.4009
19.5669
37.8697
87.7669
63.6157
47.8105
17.5131
13.3433
12.6377
12.3526
12.7008
13.0391
13.7529
14.53
15.3515
16.204
17.077
22.2947
44.6634
51.4233
51.0106
44.9741
38.926
26.3328
20.9047
24.3227
46.5472
65.5824
79.9079
74.9866
47.7771
50.8209
2.18847
1.02561
42.1001
72.9859
82.7358
98.4743
124.768
104.383
68.9361
54.494
55.1641
85.861
120.902
119.136
114.903
82.9972
52.5895
47.1968
78.2882
140.001
200.117
233.323
228.036
187.019
153.294
134.906
132.317
151.565
203.965
211.815
22.0246
7.63418
48.8942
87.602
84.9068
76.6017
73.1362
83.7631
107.444
132.732
159.587
171.622
180.325
176.424
173.978
158.372
148.354
142.05
135.839
129.157
122.4
124.304
129.673
127.439
113.692
92.8287
74.5277
61.0766
51.1413
42.0708
48.2119
3.38518
3.66712
6.09911
9.85621
10.3476
14.0482
21.5534
36.0089
42.8186
45.9954
189.849
195.857
179.705
163.993
142.108
123.426
108.892
97.308
83.2637
62.7986
49.7795
34.5022
26.6161
24.906
23.1908
18.4827
3.67266
1.11335
1.00017
1
1
1
1
1
1
1
1
1
1
1
1
1
1
1
1
1
1
1
1
1
1
1
1
1
1
1
1
1
1
1
1
1
1
1
1
1
1
1
1
1
1
1
1
1
1
1
1
1
1
1
1
1
1
1
1
1
1
1
1
1
1
1
1
1
1
1
1
1
1
1
1
1
1
1
1
1
1
1
1
1
1
1
1
1
1
1
1
1
1
1
1
1
1
1
1
1
1
1
1
1
1
1
1
1
1
1
1
1
1
1
1
1
1
1
1
1
1
1
1
1
1
1
1
1
1
1
1
1
1
1
1
1
1
1
1
1
1
1
1
1
1
1
1
1
1
1
1
1
1
1
1
1
1
1
1
1
1
1
1
1
1
1
1
1
1
1
1
1
1
1
1
1
1
1
1
1
1
1
1
1
1
1
1
1
1
1
1
1
1
1
1
1
1
1
1
1
1
1
1
1
1
1
1
1
1
1
1
1
1
1
1
1
1
1
1
1
1
1
1
1
1
1
1
1
1
1
1
1
1
1
1
1
1
1
1
1
1
1
1
1
1
1.77464
2.19238
2.94774
4.06299
5.02244
6.35748
9.81558
12.8362
14.5629
17.7888
26.1748
35.2505
62.641
194.826
178.761
133.942
93.0879
45.6167
19.1997
15.4368
14.5123
14.1193
14.0735
14.517
15.3173
16.2776
17.2493
19.4177
29.8796
61.6498
79.945
84.5452
79.1098
70.1804
59.5844
51.2256
38.9098
47.7255
63.5212
85.5387
101.109
94.4853
69.9437
59.9592
3.97128
1.08965
2.87385
38.388
84.0486
88.5767
92.7623
106.559
134.767
113.338
82.9778
69.6544
93.3871
124.191
121.208
117.134
111.686
86.5292
51.5387
43.5614
60.9237
121.956
176.441
233.312
258.684
255.843
225.33
203.512
198.211
219.375
260.484
269.378
197.52
148.369
116.753
115.734
126.917
117.126
106.079
100.97
101.441
111.586
134.331
157.031
171.366
183.618
187.955
191.384
183.88
174.423
150.602
138.659
129.172
109.611
95.6633
90.3969
107.833
120.661
121.824
109.965
95.0472
81.9536
75.5575
73.1694
104.998
113.81
110.264
142.238
141.837
178.821
205.02
225.005
255.433
248.154
248.481
256.911
313.969
282.466
256.739
224.902
201.912
171.337
156.897
140.665
133.249
125.663
117.503
98.055
68.6287
43.1829
29.8609
28.2387
25.8175
21.5342
1.91108
1.0283
1.00003
1
1
1
1
1
1
1
1
1
1
1
1
1
1
1
1
1
1
1
1
1
1
1
1
1
1
1
1
1
1
1
1
1
1
1
1
1
1
1
1
1
1
1
1
1
1
1
1
1
1
1
1
1
1
1
1
1
1
1
1
1
1
1
1
1
1
1
1
1
1
1
1
1
1
1
1
1
1
1
1
1
1
1
1
1
1
1
1
1
1
1
1
1
1
1
1
1
1
1
1
1
1
1
1
1
1
1
1
1
1
1
1
1
1
1
1
1
1
1
1
1
1
1
1
1
1
1
1
1
1
1
1
1
1
1
1
1
1
1
1
1
1
1
1
1
1
1
1
1
1
1
1
1
1
1
1
1
1
1
1
1
1
1
1
1
1
1
1
1
1
1
1
1
1
1
1
1
1
1
1
1
1
1
1
1
1
1
1
1
1
1
1
1
1
1
1
1
1
1
1
1
1
1
1
1
1
1
1
1
1
1
1
1
1
1
1
1
1
1
1
1
1
1
1
1
1
1
1
1
1
1
1
1
1
1
1
1
1
1
1
1
1
1
1
1
1
1
1
1
1
1
1
1
1
1
1
1
1
1
1.92118
2.29614
3.22292
4.32566
5.47716
7.50093
11.0111
13.8082
15.9875
18.774
28.0546
51.9451
82.7411
228.265
244.86
203.576
145.602
91.1408
28.1373
17.3732
15.422
14.5753
14.6215
15.4764
16.4313
17.7896
21.8777
41.035
74.2974
102.528
112.555
111.874
104.654
95.5874
87.6797
80.3593
77.1952
80.1245
95.5683
116.102
129.747
120.794
97.2419
82.2899
3.20696
3.08977
21.676
101.74
110.932
91.7162
94.7309
110.161
131.377
151.637
131.195
125.425
141.057
127.239
117.954
110.305
102.439
61.1653
45.284
41.4326
41.6475
64.9435
109.606
139.28
181.252
220.151
243.076
249.95
254.531
266.463
282.926
274.405
239.165
176.343
176.087
183.443
173.511
136.584
122.129
118.332
121.492
134.377
154.736
173.554
177.501
181.539
186.309
195.162
196.828
183.371
164.918
140.101
120.317
99.6338
65.5096
64.1805
82.4602
112.27
127.584
128.519
119.931
110.372
107.117
111.269
143.552
262.639
322.638
328.896
298.24
276.453
267.991
273.284
279.215
302.817
305.089
291.2
316.871
295.853
288.928
273.501
263.831
231.69
214.386
194.573
186.809
181.844
174.031
161.707
131.043
81.382
50.0271
34.1246
35.5748
28.6727
9.39485
1.6367
1.00939
1.00001
1
1
1
1
1
1
1
1
1
1
1
1
1
1
1
1
1
1
1
1
1
1
1
1
1
1
1
1
1
1
1
1
1
1
1
1
1
1
1
1
1
1
1
1
1
1
1
1
1
1
1
1
1
1
1
1
1
1
1
1
1
1
1
1
1
1
1
1
1
1
1
1
1
1
1
1
1
1
1
1
1
1
1
1
1
1
1
1
1
1
1
1
1
1
1
1
1
1
1
1
1
1
1
1
1
1
1
1
1
1
1
1
1
1
1
1
1
1
1
1
1
1
1
1
1
1
1
1
1
1
1
1
1
1
1
1
1
1
1
1
1
1
1
1
1
1
1
1
1
1
1
1
1
1
1
1
1
1
1
1
1
1
1
1
1
1
1
1
1
1
1
1
1
1
1
1
1
1
1
1
1
1
1
1
1
1
1
1
1
1
1
1
1
1
1
1
1
1
1
1
1
1
1
1
1
1
1
1
1
1
1
1
1
1
1
1
1
1
1
1
1
1
1
1
1
1
1
1
1
1
1
1
1
1
1
1
1
1
1
1
1
1
1
1
1
1
1
1
1
1
1
1
1
1
1
1
1
1
2.04877
2.37091
3.29635
4.55194
5.98605
8.32205
12.7776
16.835
19.8855
23.4069
29.8156
54.7695
85.4825
170.537
232.653
202.346
139.094
64.2408
25.1722
17.5336
15.3831
14.6587
15.1842
16.2628
17.4066
21.1661
50.419
84.4505
113.157
130.488
136.94
138.299
138.577
137.553
134.334
131.754
131.477
138.001
147.263
158.637
157.966
154.539
155.259
172.991
157.519
140.529
135.491
132.854
117.815
100.169
105.461
113.826
119.789
136.27
145.789
149.343
138.497
124.711
111.322
101.073
56.0984
43.4048
41.0776
40.847
44.8875
53.1765
75.9926
101.841
111.942
137.807
173.293
204.953
219.714
234.934
245.331
238.598
224.558
209.921
197.558
190.426
172.353
140.971
127.755
127.157
137.601
148.512
163.084
170.979
172.526
171.589
178.333
190.208
200.549
195.605
175.451
151.149
128.187
105.75
62.6892
63.9198
79.5801
98.092
131.288
143.066
145.791
145.253
144.573
150.327
166.649
246.823
263.198
255.565
267.174
265.522
261.901
267.041
274.991
288.079
297.571
294.687
300.646
292.413
313.591
292.502
302.299
275.551
275.303
254.734
252.342
240.823
235.539
221.313
169.768
123.57
76.8708
51.9384
37.3415
41.5409
30.5666
7.96608
1.63826
1.00124
1
1
1
1
1
1
1
1
1
1
1
1
1
1
1
1
1
1
1
1
1
1
1
1
1
1
1
1
1
1
1
1
1
1
1
1
1
1
1
1
1
1
1
1
1
1
1
1
1
1
1
1
1
1
1
1
1
1
1
1
1
1
1
1
1
1
1
1
1
1
1
1
1
1
1
1
1
1
1
1
1
1
1
1
1
1
1
1
1
1
1
1
1
1
1
1
1
1
1
1
1
1
1
1
1
1
1
1
1
1
1
1
1
1
1
1
1
1
1
1
1
1
1
1
1
1
1
1
1
1
1
1
1
1
1
1
1
1
1
1
1
1
1
1
1
1
1
1
1
1
1
1
1
1
1
1
1
1
1
1
1
1
1
1
1
1
1
1
1
1
1
1
1
1
1
1
1
1
1
1
1
1
1
1
1
1
1
1
1
1
1
1
1
1
1
1
1
1
1
1
1
1
1
1
1
1
1
1
1
1
1
1
1
1
1
1
1
1
1
1
1
1
1
1
1
1
1
1
1
1
1
1
1
1
1
1
1
1
1
1
1
1
1
1
1
1
1
1
1
1
1
1
1
1
1
1
1
1
2.13069
2.37344
3.32826
4.74922
6.54648
9.17492
14.1615
18.5437
21.8386
25.3961
33.7479
54.2876
86.2822
148.208
192.198
136.238
61.0689
30.213
20.9653
17.9081
15.635
15.1972
16.0201
17.0105
18.4763
32.5599
86.5221
120.411
139.768
150.023
154.533
155.929
159.315
163.063
165.203
165.429
163.795
160.701
156.619
149.97
145.459
142.3
143.74
147.392
143.612
151.176
157.551
158.088
141.746
122.086
111.019
109.515
115.256
117.584
124.856
126.67
125.379
115.22
98.3146
52.176
42.4115
40.4212
42.715
45.5476
53.3406
65.315
88.6937
112.419
122.816
143.099
183.674
219.545
234.722
244.493
248.944
243.631
236.469
218.494
200.451
184.58
170.622
150.9
140.314
143.293
149.651
157.296
165.288
167.086
161.428
161.479
169.272
181.507
197.412
200.019
187.296
168.969
150.238
129.676
72.616
72.9218
70.7
77.2183
109.02
147.631
161.287
169.734
174.746
181.435
193.233
224.577
240.978
252.248
250.975
269.911
274.899
276.29
283.454
293.792
304.464
309.576
310.748
320.071
311.658
325.105
317.449
315.059
304.591
295.84
291.228
284.452
277.832
221.804
173.194
129.369
95.2964
65.0885
49.3721
52.3432
41.0488
37.0168
11.264
1.88755
1.00102
1
1
1
1
1
1
1
1
1
1
1
1
1
1
1
1
1
1
1
1
1
1
1
1
1
1
1
1
1
1
1
1
1
1
1
1
1
1
1
1
1
1
1
1
1
1
1
1
1
1
1
1
1
1
1
1
1
1
1
1
1
1
1
1
1
1
1
1
1
1
1
1
1
1
1
1
1
1
1
1
1
1
1
1
1
1
1
1
1
1
1
1
1
1
1
1
1
1
1
1
1
1
1
1
1
1
1
1
1
1
1
1
1
1
1
1
1
1
1
1
1
1
1
1
1
1
1
1
1
1
1
1
1
1
1
1
1
1
1
1
1
1
1
1
1
1
1
1
1
1
1
1
1
1
1
1
1
1
1
1
1
1
1
1
1
1
1
1
1
1
1
1
1
1
1
1
1
1
1
1
1
1
1
1
1
1
1
1
1
1
1
1
1
1
1
1
1
1
1
1
1
1
1
1
1
1
1
1
1
1
1
1
1
1
1
1
1
1
1
1
1
1
1
1
1
1
1
1
1
1
1
1
1
1
1
1
1
1
1
1
1
1
1
1
1
1
1
1
1
1
1
1
1
1
1
1
1
2.14301
2.35959
3.34377
4.92475
7.0139
9.5784
14.0148
17.9058
20.4529
23.7398
28.9427
41.5452
67.1505
105.057
78.1447
40.1507
26.9733
22.6862
20.4225
17.4596
15.7982
16.1413
16.9995
17.8464
20.1256
50.2769
105.469
141.527
155.669
157.952
155.192
149.647
148.56
151.373
156.723
161.63
162.077
156.611
147.745
140.969
134.675
132.804
131.943
129.192
133.384
140.541
149.103
149.233
134.06
116.069
109.903
108.577
109.186
114.862
117.535
122.781
119.533
94.1917
51.0144
43.2681
42.5687
44.4201
46.3016
52.7907
64.6494
97.5702
127.126
138.369
159.597
192.866
230.247
250.423
252.588
249.936
243.914
237.626
226.456
213.816
197.48
189.348
180.425
168.183
162.777
159.873
161.038
160.594
159.091
147.763
140.884
143.162
153.749
168.747
184.732
196.122
195.268
188.787
180.789
164.143
107.47
84.0062
78.1868
80.633
85.3755
93.902
116.643
150.977
185.773
197.422
206.873
222.741
237.14
251.304
265.622
266.74
284.897
292.175
293.657
302.807
306.446
319.13
321.007
327.661
321.614
336.976
324.079
328.123
318.85
285.467
234.4
211.299
182.345
163.421
141.655
123.017
97.5519
73.548
56.1156
62.606
51.9019
44.4239
43.2275
12.3023
2.25517
1.00679
1
1
1
1
1
1
1
1
1
1
1
1
1
1
1
1
1
1
1
1
1
1
1
1
1
1
1
1
1
1
1
1
1
1
1
1
1
1
1
1
1
1
1
1
1
1
1
1
1
1
1
1
1
1
1
1
1
1
1
1
1
1
1
1
1
1
1
1
1
1
1
1
1
1
1
1
1
1
1
1
1
1
1
1
1
1
1
1
1
1
1
1
1
1
1
1
1
1
1
1
1
1
1
1
1
1
1
1
1
1
1
1
1
1
1
1
1
1
1
1
1
1
1
1
1
1
1
1
1
1
1
1
1
1
1
1
1
1
1
1
1
1
1
1
1
1
1
1
1
1
1
1
1
1
1
1
1
1
1
1
1
1
1
1
1
1
1
1
1
1
1
1
1
1
1
1
1
1
1
1
1
1
1
1
1
1
1
1
1
1
1
1
1
1
1
1
1
1
1
1
1
1
1
1
1
1
1
1
1
1
1
1
1
1
1
1
1
1
1
1
1
1
1
1
1
1
1
1
1
1
1
1
1
1
1
1
1
1
1
1
1
1
1
1
1
1
1
1
1
1
1
1
1
1
1
1
2.05454
2.28598
3.25243
4.90468
7.18491
9.70386
12.8356
15.8082
17.7809
19.9953
23.0889
27.8025
35.0029
41.9713
28.9613
24.6704
23.3239
21.8938
19.5986
17.4736
17.1951
17.626
18.0936
18.7232
21.0958
41.1044
95.5547
134.34
146.043
142.325
136.462
130.565
128.759
130.536
137.765
148.332
155.902
156.135
150.7
141.36
135.825
130.528
127.769
129.95
133.764
137.921
138.727
134.821
123.881
114.674
109.02
109.48
114.261
118.962
124.816
123.096
90.6202
51.309
45.577
45.7062
47.9276
48.8252
53.0839
64.9641
108.191
144.284
159.125
182.053
215.007
245.447
268.378
270.112
261.228
250.323
236.763
220.36
208.328
194.271
188.881
186.216
174.515
165.349
159.373
156.759
153.019
147.782
134.838
120.803
117.439
125.589
137.351
153.209
171.752
187.536
197.16
203.564
203.249
190.892
123.133
93.6344
91.5808
86.1163
81.5488
85.4518
93.6579
105.189
120.894
139.975
171.116
200.426
245.336
257.708
271.414
282.165
288.805
296.984
307.983
307.671
315.516
321.722
323.305
337.754
314.712
346.463
315.612
318.282
311.196
214.996
206.808
158.065
144.689
135.147
125.407
106.815
80.7425
67.9208
59.2407
55.9301
54.6937
50.7965
46.6648
48.6275
18.1059
2.86317
1.00726
1
1
1
1
1
1
1
1
1
1
1
1
1
1
1
1
1
1
1
1
1
1
1
1
1
1
1
1
1
1
1
1
1
1
1
1
1
1
1
1
1
1
1
1
1
1
1
1
1
1
1
1
1
1
1
1
1
1
1
1
1
1
1
1
1
1
1
1
1
1
1
1
1
1
1
1
1
1
1
1
1
1
1
1
1
1
1
1
1
1
1
1
1
1
1
1
1
1
1
1
1
1
1
1
1
1
1
1
1
1
1
1
1
1
1
1
1
1
1
1
1
1
1
1
1
1
1
1
1
1
1
1
1
1
1
1
1
1
1
1
1
1
1
1
1
1
1
1
1
1
1
1
1
1
1
1
1
1
1
1
1
1
1
1
1
1
1
1
1
1
1
1
1
1
1
1
1
1
1
1
1
1
1
1
1
1
1
1
1
1
1
1
1
1
1
1
1
1
1
1
1
1
1
1
1
1
1
1
1
1
1
1
1
1
1
1
1
1
1
1
1
1
1
1
1
1
1
1
1
1
1
1
1
1
1
1
1
1
1
1
1
1
1
1
1
1
1
1
1
1
1
1
1
1
1
1.97955
2.22417
3.10949
4.62002
6.79063
9.31804
11.8948
14.4707
16.8159
18.7779
20.0161
21.0135
22.0292
22.4993
21.6113
21.3229
20.8028
19.9463
19.0824
18.8091
18.6297
18.6955
18.9571
19.3757
20.3345
25.6339
58.2969
104.792
124.67
122.575
122.017
121.32
122.521
126.132
132.321
141.066
148.348
150.752
147.333
139.493
136.7
129.435
134.198
137.14
139.913
137.524
133.443
126.144
120.47
111.638
107.928
108.515
113.965
123.241
127.302
82.8451
55.3383
48.3417
48.1287
50.7715
52.2485
54.6244
58.079
82.8903
147.025
160.526
189.478
220.119
249.986
278.135
290.804
288.472
276.013
257.052
240.729
221.743
202.358
182.505
170.906
157.475
151.452
145.482
147.124
143.627
141.825
133.489
127.366
126.093
128.901
136.258
144.295
157.717
174.055
191.996
209.086
220.083
220.395
218.368
164.102
168.444
160.052
112.996
86.2199
78.9563
81.7582
88.621
99.1769
112.396
126.484
151.702
177.581
203.863
245.511
282.623
304.129
305.238
301.148
315.457
311.129
320.681
320.466
325.783
313.392
330.387
312.858
296.267
276.557
195.807
170.793
136.898
118.545
102.74
85.1704
70.7161
58.847
51.3325
54.0583
53.6388
53.8848
53.4055
50.5331
50.4764
57.0704
10.4702
2.00719
1.00047
1
1
1
1
1
1
1
1
1
1
1
1
1
1
1
1
1
1
1
1
1
1
1
1
1
1
1
1
1
1
1
1
1
1
1
1
1
1
1
1
1
1
1
1
1
1
1
1
1
1
1
1
1
1
1
1
1
1
1
1
1
1
1
1
1
1
1
1
1
1
1
1
1
1
1
1
1
1
1
1
1
1
1
1
1
1
1
1
1
1
1
1
1
1
1
1
1
1
1
1
1
1
1
1
1
1
1
1
1
1
1
1
1
1
1
1
1
1
1
1
1
1
1
1
1
1
1
1
1
1
1
1
1
1
1
1
1
1
1
1
1
1
1
1
1
1
1
1
1
1
1
1
1
1
1
1
1
1
1
1
1
1
1
1
1
1
1
1
1
1
1
1
1
1
1
1
1
1
1
1
1
1
1
1
1
1
1
1
1
1
1
1
1
1
1
1
1
1
1
1
1
1
1
1
1
1
1
1
1
1
1
1
1
1
1
1
1
1
1
1
1
1
1
1
1
1
1
1
1
1
1
1
1
1
1
1
1
1
1
1
1
1
1
1
1
1
1
1
1
1
1
1
1
1
1.5144
1.73702
1.945
2.1486
2.24606
2.73037
3.43239
4.57296
5.90667
7.81832
10.5036
13.624
17.2106
18.9114
19.6191
19.86
19.5653
18.5262
17.8121
16.2528
15.4685
13.9612
13.951
12.8216
12.8324
11.5743
12.3581
33.9559
46.51
49.9781
56.3995
62.8615
71.499
77.8852
85.5539
93.5302
103.55
107.952
116.351
113.44
121.96
119.279
124.688
126.317
124.497
122.457
117.019
111.815
100.837
91.71
87.3349
85.4286
82.4872
62.6324
44.1306
31.2337
25.7402
24.9101
23.7845
22.8787
23.1452
23.4589
23.8119
29.8364
59.0399
70.2513
85.262
101.865
122.98
150.692
175.781
201.488
190.929
197.386
188.285
183.59
182.783
181.364
183.639
190.095
190.765
201.768
212.911
220.374
217.02
207.921
195.36
195.871
193.938
195.834
198.857
201.737
202.644
207.104
205.781
199.781
190.007
179.538
162.691
154.269
152.129
155.843
88.9537
48.8957
47.8026
51.1685
55.3301
60.3519
66.0101
71.7519
73.5871
84.2601
107.788
92.4542
151.536
166.764
146.509
161.269
169.993
161.217
155.408
166.333
148.422
162.06
135.481
120.989
115.657
75.2037
64.5176
46.2374
36.1796
32.5021
37.823
43.7781
43.4279
42.4885
41.2344
45.5115
38.6534
34.1194
31.4782
23.887
15.9291
12.7075
1.92092
1.01718
1
1
1
1
1
1
1
1
1
1
1
1
1
1
1
1
1
1
1
1
1
1
1
1
1
1
1
1
1
1
1
1
1
1
1
1
1
1
1
1
1
1
1
1
1
1
1
1
1
1
1
1
1
1
1
1
1
1
1
1
1
1
1
1
1
1
1
1
1
1
1
1
1
1
1
1
1
1
1
1
1
1
1
1
1
1
1
1
1
1
1
1
1
1
1
1
1
1
1
1
1
1
1
1
1
1
1
1
1
1
1
1
1
1
1
1
1
1
1
1
1
1
1
1
1
1
1
1
1
1
1
1
1
1
1
1
1
1
1
1
1
1
1
1
1
1
1
1
1
1
1
1
1
1
1
1
1
1
1
1
1
1
1
1
1
1
1
1
1
1
1
1
1
1
1
1
1
1
1
1
1
1
1
1
1
1
1
1
1
1
1
1
1
1
1
1
1
1
1
1
1
1
1
1
1
1
1
1
1
1
1
1
1
1
1
1
1
1
1
1
1
1
1
1
1
1
1
1
1
1
1
1
1
1
1
1
1
1
1
1
1
1
1
1
1
1
1
1
1
1
1
1
1
1
1.55183
1.74717
2.07959
2.82873
4.1477
4.25565
4.12668
4.00431
3.69482
3.5305
3.57529
1.24974
1.00398
1.00002
1.01405
1.1763
1.22035
1.69587
3.53469
5.19277
6.4753
7.62336
7.34693
7.11106
7.08933
7.95822
9.11053
10.184
10.996
10.565
9.8362
9.09498
8.89029
7.61626
7.55273
3.43552
1.73281
1.37857
1.07423
1.00055
1.00001
1
1
1
5.09546
5.98411
10.2532
21.1601
22.6179
23.1781
24.2528
25.5854
26.9688
30.8279
31.5311
32.1474
28.9549
25.7965
22.6777
18.4702
14.8992
12.226
10.8338
10.0943
11.1962
12.7853
13.7401
10.6098
2.98871
1.26041
1.04195
1.00127
1.00001
1
1.03903
1.17238
12.2618
22.2175
36.8944
44.4504
57.5586
59.0907
62.462
64.0528
65.1625
66.2414
56.2406
48.5674
33.3365
24.6539
20.5954
15.5732
8.62548
2.593
1.41
1.31641
1.24451
1.17219
1.11023
1.0346
1.00136
1.00018
1.00001
1
1
1
1
1
1
1
1
1
1
1
1
1
1
1.00011
1.00122
1.00959
1.00156
1.00043
1.00008
1.00001
1
1
1
1
1
1
1
1
1
1
1
1
1
1
1
1
1
1
1
1
1
1
1
1
1
1
1
1
1
1
1
1
1
1
1
1
1
1
1
1
1
1
1
1
1
1
1
1
1
1
1
1
1
1
1
1
1
1
1
1
1
1
1
1
1
1
1
1
1
1
1
1
1
1
1
1
1
1
1
1
1
1
1
1
1
1
1
1
1
1
1
1
1
1
1
1
1
1
1
1
1
1
1
1
1
1
1
1
1
1
1
1
1
1
1
1
1
1
1
1
1
1
1
1
1
1
1
1
1
1
1
1
1
1
1
1
1
1
1
1
1
1
1
1
1
1
1
1
1
1
1
1
1
1
1
1
1
1
1
1
1
1
1
1
1
1
1
1
1
1
1
1
1
1
1
1
1
1
1
1
1
1
1
1
1
1
1
1
1
1
1
1
1
1
1
1
1
1
1
1
1
1
1
1
1
1
1
1
1
1
1
1
1
1
1
1
1
1
1
1
1
1
1
1
1
1
1
1
1
1
1
1
1
1
1
1
1
1
1
1
1
1
1
1
1
1
1
1
1
1
1.7312
1.8924
2.51417
3.26582
4.45404
6.78312
6.51233
6.3112
5.96792
5.7653
5.40078
1.20141
1.00127
1.00001
1.16559
4.89494
5.80703
6.50609
6.89273
8.33147
10.188
12.0672
14.26
15.8769
17.1665
18.4681
19.4199
19.2616
18.8884
18.8819
18.6569
17.2161
15.1108
13.7359
13.2701
14.0036
14.4212
14.1494
4.99698
1.14607
1.00096
1.00004
1
1
14.7467
11.177
22.7472
51.2364
58.6081
60.5904
66.3364
70.1932
73.8273
75.5946
75.5114
70.5183
62.0448
52.4171
43.8295
36.1528
28.4542
23.3489
21.0948
19.4258
18.7103
16.7769
16.1498
17.697
17.7916
17.4916
2.04614
1.12947
1.00251
1.00001
1.39574
27.35
79.9061
75.0457
84.9853
86.3209
94.2937
96.8167
100.199
98.6897
109.954
116.358
120.429
117.631
106.062
84.2753
57.508
35.275
22.5857
16.783
13.8779
12.2813
10.9571
9.28922
10.0384
3.15271
1.19101
1.04979
1.00326
1.00002
1
1
1
1
1
1
1
1
1
1
1
1
1.00337
1.25829
2.10202
2.28029
1.5458
1.17979
1.01597
1.00124
1.00011
1
1
1
1
1
1
1
1
1
1
1
1
1
1
1
1
1
1
1
1
1
1
1
1
1
1
1
1
1
1
1
1
1
1
1
1
1
1
1
1
1
1
1
1
1
1
1
1
1
1
1
1
1
1
1
1
1
1
1
1
1
1
1
1
1
1
1
1
1
1
1
1
1
1
1
1
1
1
1
1
1
1
1
1
1
1
1
1
1
1
1
1
1
1
1
1
1
1
1
1
1
1
1
1
1
1
1
1
1
1
1
1
1
1
1
1
1
1
1
1
1
1
1
1
1
1
1
1
1
1
1
1
1
1
1
1
1
1
1
1
1
1
1
1
1
1
1
1
1
1
1
1
1
1
1
1
1
1
1
1
1
1
1
1
1
1
1
1
1
1
1
1
1
1
1
1
1
1
1
1
1
1
1
1
1
1
1
1
1
1
1
1
1
1
1
1
1
1
1
1
1
1
1
1
1
1
1
1
1
1
1
1
1
1
1
1
1
1
1
1
1
1
1
1
1
1
1
1
1
1
1
1
1
1
1
1
1
1
1
1
1
1
1
1
1
1
1
1
1
2.00422
2.44613
3.05165
3.81147
5.04335
7.48301
10.0172
9.18839
8.76287
7.44172
6.79607
1.63245
1.03736
1.00029
1.55072
8.423
10.53
11.6951
12.2854
14.3716
16.4077
17.7046
18.285
19.34
19.6269
18.827
15.7556
13.2624
11.6927
11.2562
12.062
14.9443
17.0084
16.1193
16.0102
15.8794
15.6192
16.8315
4.52375
1.22234
1.03296
1.00197
1.00003
1
23.5007
15.6393
24.2632
42.3653
64.5474
68.9751
83.5697
93.612
105.823
112.705
113.112
106.453
94.8172
81.9647
69.2143
57.7406
46.6357
39.2539
33.3124
28.1219
24.3509
20.6584
18.7482
19.9959
21.994
23.3571
25.8401
1.62217
1.02012
1.00014
15.5929
64.9505
93.5423
91.6292
99.653
98.9097
106.638
103.384
106.085
102.394
114.89
119.387
128.918
130.046
130.185
122.727
112.065
94.7326
72.4626
47.9278
31.6231
22.9393
18.8421
15.6567
11.7096
8.42388
9.20319
1.89792
1.07693
1.00204
1
1
1
1
1
1
1
1
1
1
1.00008
1.02861
2.67011
13.0507
56.2898
33.5252
23.5791
16.7752
2.70193
1.26208
1.04015
1.00102
1.00005
1
1
1
1
1
1
1
1
1
1
1
1
1
1
1
1
1
1
1
1
1
1
1
1
1
1
1
1
1
1
1
1
1
1
1
1
1
1
1
1
1
1
1
1
1
1
1
1
1
1
1
1
1
1
1
1
1
1
1
1
1
1
1
1
1
1
1
1
1
1
1
1
1
1
1
1
1
1
1
1
1
1
1
1
1
1
1
1
1
1
1
1
1
1
1
1
1
1
1
1
1
1
1
1
1
1
1
1
1
1
1
1
1
1
1
1
1
1
1
1
1
1
1
1
1
1
1
1
1
1
1
1
1
1
1
1
1
1
1
1
1
1
1
1
1
1
1
1
1
1
1
1
1
1
1
1
1
1
1
1
1
1
1
1
1
1
1
1
1
1
1
1
1
1
1
1
1
1
1
1
1
1
1
1
1
1
1
1
1
1
1
1
1
1
1
1
1
1
1
1
1
1
1
1
1
1
1
1
1
1
1
1
1
1
1
1
1
1
1
1
1
1
1
1
1
1
1
1
1
1
1
1
1
1
1
1
1
1
1
1
1
1
1
1
1
1
1
2.58995
2.70472
2.5579
2.90777
3.76695
5.55728
7.23085
8.8967
11.5311
13.717
12.4865
3.68692
1.26928
1.00342
2.82495
15.7818
18.6437
17.9565
17.5821
18.2716
13.064
11.6155
10.7297
10.6109
10.1168
9.73511
9.43328
9.24012
9.08611
8.79409
8.66641
8.81243
10.1509
14.9742
17.5997
17.3073
18.2995
21.541
22.3882
3.08986
1.36608
1.04094
1.00037
1
26.7097
21.4413
29.032
36.2753
66.445
84.394
101.327
120.43
134.177
124.874
111.17
113.009
120.68
111.408
99.6267
85.5999
72.9048
61.1385
50.1181
41.2766
34.841
29.4367
25.7105
27.1413
28.7705
32.2754
30.8809
2.28485
1.09159
1.0008
18.8911
74.2726
100.532
98.6762
100.156
101.276
100.465
103.961
102.808
105.592
115.402
122.374
133.284
134.407
136.465
135.553
131.921
124.462
111.618
89.5304
62.3657
42.9132
30.8488
24.0825
18.6972
12.7898
8.5344
9.96971
1.30923
1.02215
1
1
1
1
1
1
1
1
1
1.00033
1.21309
3.30655
34.9643
83.9413
76.2119
61.2095
42.4964
30.3572
19.7273
14.6452
4.62159
1.38021
1.03217
1.0003
1
1
1
1
1
1
1
1
1
1
1
1
1
1
1
1
1
1
1
1
1
1
1
1
1
1
1
1
1
1
1
1
1
1
1
1
1
1
1
1
1
1
1
1
1
1
1
1
1
1
1
1
1
1
1
1
1
1
1
1
1
1
1
1
1
1
1
1
1
1
1
1
1
1
1
1
1
1
1
1
1
1
1
1
1
1
1
1
1
1
1
1
1
1
1
1
1
1
1
1
1
1
1
1
1
1
1
1
1
1
1
1
1
1
1
1
1
1
1
1
1
1
1
1
1
1
1
1
1
1
1
1
1
1
1
1
1
1
1
1
1
1
1
1
1
1
1
1
1
1
1
1
1
1
1
1
1
1
1
1
1
1
1
1
1
1
1
1
1
1
1
1
1
1
1
1
1
1
1
1
1
1
1
1
1
1
1
1
1
1
1
1
1
1
1
1
1
1
1
1
1
1
1
1
1
1
1
1
1
1
1
1
1
1
1
1
1
1
1
1
1
1
1
1
1
1
1
1
1
1
1
1
1
1
1
1
1
1
1
1
1
1
1
1
1
1
2.56745
2.16788
2.00846
2.31824
2.76272
3.64175
4.27004
5.31539
6.00778
11.6099
26.3827
27.5913
2.7497
1.05714
11.1267
24.4987
27.7529
24.7247
16.719
11.6919
9.92244
9.50657
8.76626
8.77107
9.04353
9.36844
9.76877
10.0218
9.98988
9.52183
8.93098
8.37478
8.1775
9.07203
10.7899
16.3525
22.3695
28.1826
31.8163
34.7005
2.87604
1.03963
1.00034
1
32.041
35.679
34.173
48.5125
69.4558
99.6563
126.262
141.719
99.3073
72.0078
57.8971
57.0701
62.5104
71.4085
89.0177
98.0813
90.5551
80.9719
72.5
66.187
58.918
50.1074
44.2702
42.089
42.7437
50.1776
54.6858
46.6478
1.70536
1.00604
31.3383
75.4794
93.8185
94.798
93.8314
90.8496
93.3282
95.4742
108.426
114.544
130.04
135.017
140.023
140.54
142.691
142.459
143.158
140.713
133.955
118.505
94.6961
68.8195
50.3064
37.4175
27.9002
19.816
14.4182
11.4568
11.8135
1.13589
1
1
1
1
1
1
1
1.00003
1.00132
1.33987
5.58543
29.3233
111.346
112.334
103.81
82.7483
61.1722
42.1816
29.8252
21.9774
16.6689
13.6023
4.75592
1.21077
1.00087
1
1
1
1
1
1
1
1
1
1
1
1
1
1
1
1
1
1
1
1
1
1
1
1
1
1
1
1
1
1
1
1
1
1
1
1
1
1
1
1
1
1
1
1
1
1
1
1
1
1
1
1
1
1
1
1
1
1
1
1
1
1
1
1
1
1
1
1
1
1
1
1
1
1
1
1
1
1
1
1
1
1
1
1
1
1
1
1
1
1
1
1
1
1
1
1
1
1
1
1
1
1
1
1
1
1
1
1
1
1
1
1
1
1
1
1
1
1
1
1
1
1
1
1
1
1
1
1
1
1
1
1
1
1
1
1
1
1
1
1
1
1
1
1
1
1
1
1
1
1
1
1
1
1
1
1
1
1
1
1
1
1
1
1
1
1
1
1
1
1
1
1
1
1
1
1
1
1
1
1
1
1
1
1
1
1
1
1
1
1
1
1
1
1
1
1
1
1
1
1
1
1
1
1
1
1
1
1
1
1
1
1
1
1
1
1
1
1
1
1
1
1
1
1
1
1
1
1
1
1
1
1
1
1
1
1
1
1
1
1
1
1
1
1
1
1.92335
1.89405
2.0997
2.53302
3.03688
3.42057
3.80669
4.22974
5.1059
7.30628
16.4483
22.0013
35.9196
2.02766
18.7862
33.6703
32.1151
19.7735
11.8448
10.4584
9.70978
9.55698
9.73965
10.3038
10.916
11.5049
12.1815
12.6138
12.9276
12.4834
11.6406
10.6334
9.9693
9.26104
9.6094
13.4216
26.3095
35.8141
38.9183
35.4642
2.52826
1.22062
1.00886
1.00013
31.1005
52.4145
59.7174
50.7878
92.5489
119.872
142.931
95.7746
58.4152
46.4335
46.0743
47.0173
50.6393
50.5281
48.5723
48.6183
51.8611
83.3004
99.6579
105.324
99.708
86.3404
72.2059
65.0429
62.9159
74.0093
99.3494
71.6379
2.90949
1.02501
36.6345
75.5284
89.4372
85.3211
80.9099
80.5917
79.9051
99.019
121.319
135.897
141.191
149.85
149.333
145.705
147.421
146.432
148.053
147.797
145.575
136.482
121.163
97.064
72.5341
55.1437
40.9911
29.5869
21.234
15.851
12.9967
1.34088
1
1.00001
1.00004
1.00011
1.00027
1.0008
1.00216
1.03696
1.39234
5.18125
41.7551
128.462
132.366
129.377
109.559
89.6895
66.7013
51.0293
33.4767
29.8351
22.8598
18.2993
15.1232
6.21067
1.29924
1.00161
1
1
1
1
1
1
1
1
1
1
1
1
1
1
1
1
1
1
1
1
1
1
1
1
1
1
1
1
1
1
1
1
1
1
1
1
1
1
1
1
1
1
1
1
1
1
1
1
1
1
1
1
1
1
1
1
1
1
1
1
1
1
1
1
1
1
1
1
1
1
1
1
1
1
1
1
1
1
1
1
1
1
1
1
1
1
1
1
1
1
1
1
1
1
1
1
1
1
1
1
1
1
1
1
1
1
1
1
1
1
1
1
1
1
1
1
1
1
1
1
1
1
1
1
1
1
1
1
1
1
1
1
1
1
1
1
1
1
1
1
1
1
1
1
1
1
1
1
1
1
1
1
1
1
1
1
1
1
1
1
1
1
1
1
1
1
1
1
1
1
1
1
1
1
1
1
1
1
1
1
1
1
1
1
1
1
1
1
1
1
1
1
1
1
1
1
1
1
1
1
1
1
1
1
1
1
1
1
1
1
1
1
1
1
1
1
1
1
1
1
1
1
1
1
1
1
1
1
1
1
1
1
1
1
1
1
1
1
1
1
1
1
1
1
1.63418
1.90206
2.38856
3.03512
3.77168
4.21851
4.78195
5.76964
7.35861
8.92615
12.1397
15.677
29.1161
5.12177
35.563
39.6319
26.1678
13.5766
11.2677
10.7771
10.6406
11.1216
11.8149
12.4481
13.2231
13.9765
14.932
15.2956
16.6677
18.2231
18.9873
17.3407
14.7808
13.3829
12.6415
15.3673
32.7075
45.5197
51.9525
43.3606
3.56151
5.68106
1.11556
1.00171
37.7264
61.5782
71.1806
80.4893
106.724
137.835
95.6422
58.648
46.4256
49.2628
60.5176
76.6798
70.4436
57.352
47.8879
44.39
60.3377
120.111
157.38
178.376
164.427
130.487
108.287
95.9561
91.9714
105.209
151.136
132.387
6.47439
1.22711
47.9195
80.768
82.713
77.5285
68.8592
68.6791
80.6966
113.074
139.872
154.446
164.317
159.938
159.938
153.316
146.76
146.403
145.8
147.098
145.007
143.233
136.223
119.56
96.4056
74.138
57.6632
43.6436
32.7872
25.6356
25.0133
1.95723
1.00248
1.01094
1.02677
1.06444
1.1483
1.4038
1.89846
3.77987
5.82243
34.5304
151.059
157.482
146.14
134.834
112.913
92.6915
73.8477
56.5103
40.0154
29.5654
24.3318
25.2234
20.7621
16.9799
5.50466
1.26924
1.00114
1
1
1
1
1
1
1
1
1
1
1
1
1
1
1
1
1
1
1
1
1
1
1
1
1
1
1
1
1
1
1
1
1
1
1
1
1
1
1
1
1
1
1
1
1
1
1
1
1
1
1
1
1
1
1
1
1
1
1
1
1
1
1
1
1
1
1
1
1
1
1
1
1
1
1
1
1
1
1
1
1
1
1
1
1
1
1
1
1
1
1
1
1
1
1
1
1
1
1
1
1
1
1
1
1
1
1
1
1
1
1
1
1
1
1
1
1
1
1
1
1
1
1
1
1
1
1
1
1
1
1
1
1
1
1
1
1
1
1
1
1
1
1
1
1
1
1
1
1
1
1
1
1
1
1
1
1
1
1
1
1
1
1
1
1
1
1
1
1
1
1
1
1
1
1
1
1
1
1
1
1
1
1
1
1
1
1
1
1
1
1
1
1
1
1
1
1
1
1
1
1
1
1
1
1
1
1
1
1
1
1
1
1
1
1
1
1
1
1
1
1
1
1
1
1
1
1
1
1
1
1
1
1
1
1
1
1
1
1
1
1
1
1
1.63172
2.02538
2.65922
3.57839
4.40353
5.19522
6.85288
10.0884
13.0422
15.7265
17.8848
20.0491
37.5565
84.8621
63.4737
42.3954
16.9261
13.5684
12.7129
12.396
12.4113
13.0919
13.676
14.4538
15.4013
16.1175
17.1974
21.6522
44.9469
51.0409
50.9692
44.984
39.0949
27.0364
20.8426
23.7042
45.4833
65.2807
77.9907
73.7101
46.7062
49.8717
1.94718
1.01654
41.2973
76.3452
81.0351
97.0183
126.527
111.898
71.286
54.1654
56.8766
81.9774
120.116
119.965
114.557
82.0603
51.4031
46.5582
79.8975
139.478
200.905
237.217
226.667
189.543
152.511
135.295
130.518
151.308
205.854
217.096
20.3238
6.22634
54.1791
89.7585
84.3406
77.4642
74.0227
84.0397
105.28
135.769
156.263
173.371
178.058
180.297
169.301
162.187
148.649
141.133
137.527
127.731
122.234
124.828
129.38
128.067
114.51
93.4769
76.0071
61.9518
51.7816
41.6656
48.5278
3.31013
3.68348
6.31797
8.36113
10.8277
12.6603
22.2307
34.8858
45.9973
42.7618
194.223
186.248
180.918
162.182
143.443
123.43
108.432
97.7711
84.1205
66.7054
47.4932
35.8926
25.2218
26.7768
23.368
18.4327
4.00507
1.13522
1.00019
1
1
1
1
1
1
1
1
1
1
1
1
1
1
1
1
1
1
1
1
1
1
1
1
1
1
1
1
1
1
1
1
1
1
1
1
1
1
1
1
1
1
1
1
1
1
1
1
1
1
1
1
1
1
1
1
1
1
1
1
1
1
1
1
1
1
1
1
1
1
1
1
1
1
1
1
1
1
1
1
1
1
1
1
1
1
1
1
1
1
1
1
1
1
1
1
1
1
1
1
1
1
1
1
1
1
1
1
1
1
1
1
1
1
1
1
1
1
1
1
1
1
1
1
1
1
1
1
1
1
1
1
1
1
1
1
1
1
1
1
1
1
1
1
1
1
1
1
1
1
1
1
1
1
1
1
1
1
1
1
1
1
1
1
1
1
1
1
1
1
1
1
1
1
1
1
1
1
1
1
1
1
1
1
1
1
1
1
1
1
1
1
1
1
1
1
1
1
1
1
1
1
1
1
1
1
1
1
1
1
1
1
1
1
1
1
1
1
1
1
1
1
1
1
1
1
1
1
1
1
1
1
1
1
1
1
1
1
1
1
1
1
1.76482
2.19525
3.00378
4.03621
5.02511
6.39026
9.77772
12.7724
14.6009
17.7725
26.7648
36.5796
61.6695
183.816
173.768
134.214
92.8753
51.044
19.2658
15.2014
14.2623
13.8616
13.9838
14.4831
15.2316
16.1379
17.375
19.1204
30.3861
61.3209
80.9728
84.5664
79.2357
69.7131
60.1066
50.9121
39.4909
49.1574
63.32
84.954
98.9368
93.7336
70.5949
58.6936
3.38578
1.06778
3.45361
41.1154
85.2761
88.5793
90.531
110.389
133.919
115.921
81.426
71.8405
89.4426
124.333
121.129
117.58
112.401
91.7531
52.8152
44.3668
56.5248
120.529
174.778
229.368
260.141
254.595
226.887
203.596
198.18
219.059
262.164
269.467
195.697
147.702
115.822
112.599
125.382
117.058
106.534
101.362
101.227
113.009
133.033
155.924
173.307
180.75
189.203
190.236
187.94
169.58
154.76
138.214
123.397
108.24
86.4755
93.0651
109.19
120.768
122.518
111.57
94.8894
83.0904
75.0054
72.7586
104.384
116.58
107.12
150.122
142.532
183.158
199.838
228.567
254.865
250.644
243.633
271.188
286.607
289.215
248.815
230.363
196.257
175.973
153.587
142.546
132.335
126.361
117.198
96.0012
68.6437
44.6732
28.9561
30.6611
26.3044
22.0232
1.93794
1.02874
1.00004
1
1
1
1
1
1
1
1
1
1
1
1
1
1
1
1
1
1
1
1
1
1
1
1
1
1
1
1
1
1
1
1
1
1
1
1
1
1
1
1
1
1
1
1
1
1
1
1
1
1
1
1
1
1
1
1
1
1
1
1
1
1
1
1
1
1
1
1
1
1
1
1
1
1
1
1
1
1
1
1
1
1
1
1
1
1
1
1
1
1
1
1
1
1
1
1
1
1
1
1
1
1
1
1
1
1
1
1
1
1
1
1
1
1
1
1
1
1
1
1
1
1
1
1
1
1
1
1
1
1
1
1
1
1
1
1
1
1
1
1
1
1
1
1
1
1
1
1
1
1
1
1
1
1
1
1
1
1
1
1
1
1
1
1
1
1
1
1
1
1
1
1
1
1
1
1
1
1
1
1
1
1
1
1
1
1
1
1
1
1
1
1
1
1
1
1
1
1
1
1
1
1
1
1
1
1
1
1
1
1
1
1
1
1
1
1
1
1
1
1
1
1
1
1
1
1
1
1
1
1
1
1
1
1
1
1
1
1
1
1
1
1
1
1
1
1
1
1
1
1
1
1
1
1
1
1
1
1
1
1.89867
2.29886
3.17928
4.32803
5.54469
7.38507
11.1059
13.8459
16.229
18.8568
28.2238
51.7649
83.6061
216.956
237.066
201.93
146.304
90.6931
28.9773
17.1207
15.3204
14.6527
14.7129
15.3384
16.4049
17.759
22.1236
40.5616
74.4296
102.121
113.131
111.37
104.917
95.539
87.283
80.9542
77.456
80.4382
93.9888
116.603
128.645
122.518
96.2964
84.8623
3.22
3.16546
21.1045
103.11
109.064
92.0824
96.545
108.513
128.588
154.061
137.066
123.718
139.725
127.234
118.485
109.758
102.907
59.0129
45.6364
40.6891
43.739
63.8879
109.019
140.26
179.705
220.975
245.174
250.415
254.53
267.255
282.158
272.938
235.948
177.121
176.456
184.871
172.799
137.205
121.735
117.738
122.406
132.898
153.74
173.158
179.152
180.227
187.87
195.503
196.462
185.577
159.707
141.395
123.368
100.415
66.8296
69.3673
88.6667
113.713
127.746
128.838
120.433
111.381
106.244
113.322
144.31
264.666
324.915
328.231
298.266
277.235
269.575
270.176
285.614
300.189
303.35
297.973
286.122
307.663
284.438
279.624
255.362
238.652
208.906
196.528
186.927
180.419
174.091
162.14
128.402
83.8782
50.6366
33.5128
37.8532
28.8069
8.91222
1.61648
1.00442
1
1
1
1
1
1
1
1
1
1
1
1
1
1
1
1
1
1
1
1
1
1
1
1
1
1
1
1
1
1
1
1
1
1
1
1
1
1
1
1
1
1
1
1
1
1
1
1
1
1
1
1
1
1
1
1
1
1
1
1
1
1
1
1
1
1
1
1
1
1
1
1
1
1
1
1
1
1
1
1
1
1
1
1
1
1
1
1
1
1
1
1
1
1
1
1
1
1
1
1
1
1
1
1
1
1
1
1
1
1
1
1
1
1
1
1
1
1
1
1
1
1
1
1
1
1
1
1
1
1
1
1
1
1
1
1
1
1
1
1
1
1
1
1
1
1
1
1
1
1
1
1
1
1
1
1
1
1
1
1
1
1
1
1
1
1
1
1
1
1
1
1
1
1
1
1
1
1
1
1
1
1
1
1
1
1
1
1
1
1
1
1
1
1
1
1
1
1
1
1
1
1
1
1
1
1
1
1
1
1
1
1
1
1
1
1
1
1
1
1
1
1
1
1
1
1
1
1
1
1
1
1
1
1
1
1
1
1
1
1
1
1
1
1
1
1
1
1
1
1
1
1
1
1
1
1
1
1
1
2.01693
2.34943
3.29628
4.50549
5.98861
8.32557
12.8642
16.8937
19.9659
23.2698
29.8639
54.7547
86.4585
166.942
230.923
201.467
139.16
63.4249
24.794
17.8584
15.7524
14.6646
15.1254
16.1769
17.4316
20.9303
50.2756
84.7699
112.762
130.278
137.143
138.078
138.543
137.481
134.79
131.528
131.703
137.36
148.36
158.192
161.903
150.627
158.236
168.653
163.266
140.941
133.912
133.66
120.299
100.967
104.837
111.684
123.955
133.306
147.875
147.567
139.876
124.41
110.878
101.466
56.4327
43.8979
40.4982
41.5742
43.2796
53.5448
76.0494
101.148
112.24
135.211
173.402
204.583
221.526
233.854
244.847
237.579
225.335
209.653
198.968
190.958
173.13
141.14
127.289
128.412
135.381
148.508
163.647
173.124
170.361
171.286
177.83
190.942
201.551
195.179
173.745
150.562
129.294
106.762
66.8014
65.9719
68.725
101.917
130.289
143.836
147.508
144.977
144.041
149.179
169.756
252.914
259.391
265.987
259.447
262.298
267.764
269.329
274.28
288.964
296.351
294.605
284.096
309.416
295.07
309.985
285.403
289.54
264.84
262.594
247.152
243.941
233.303
222.903
182.086
118.039
79.9843
49.6285
43.0292
40.6914
32.5681
9.73228
1.76153
1.00384
1
1
1
1
1
1
1
1
1
1
1
1
1
1
1
1
1
1
1
1
1
1
1
1
1
1
1
1
1
1
1
1
1
1
1
1
1
1
1
1
1
1
1
1
1
1
1
1
1
1
1
1
1
1
1
1
1
1
1
1
1
1
1
1
1
1
1
1
1
1
1
1
1
1
1
1
1
1
1
1
1
1
1
1
1
1
1
1
1
1
1
1
1
1
1
1
1
1
1
1
1
1
1
1
1
1
1
1
1
1
1
1
1
1
1
1
1
1
1
1
1
1
1
1
1
1
1
1
1
1
1
1
1
1
1
1
1
1
1
1
1
1
1
1
1
1
1
1
1
1
1
1
1
1
1
1
1
1
1
1
1
1
1
1
1
1
1
1
1
1
1
1
1
1
1
1
1
1
1
1
1
1
1
1
1
1
1
1
1
1
1
1
1
1
1
1
1
1
1
1
1
1
1
1
1
1
1
1
1
1
1
1
1
1
1
1
1
1
1
1
1
1
1
1
1
1
1
1
1
1
1
1
1
1
1
1
1
1
1
1
1
1
1
1
1
1
1
1
1
1
1
1
1
1
1
1
1
1
2.10545
2.38404
3.34501
4.78657
6.52572
9.17771
14.1834
18.5737
21.8464
25.6195
33.616
54.2875
85.3789
147.413
192.888
135.671
60.3778
29.6999
21.0792
17.6267
15.3544
15.0094
16.0727
17.0145
18.5471
32.2216
86.6401
120.524
139.44
150.273
154.159
156.038
159.1
163.141
165.23
164.988
163.944
160.272
156.363
150.621
142.534
142.318
147.268
144.626
144.784
150.945
158.814
157.956
139.169
118.918
112.207
112.659
112.547
119.853
123.711
128.146
124.731
114.768
94.9223
52.7353
42.1354
41.3232
41.8544
46.3137
53.012
65.6898
89.5477
113.4
121.758
143.709
181.895
219.218
234.954
244.586
248.816
244.153
236.159
221.787
198.851
187.475
170.285
149.513
141.342
141.451
150.488
158.089
166.467
165.989
162.641
161.898
169.465
181.465
196.449
200.881
187.195
168.873
150.019
128
73.4605
66.9824
73.4675
85.835
99.608
137.593
159.967
168.162
175.725
182.312
191.488
225.345
240.895
246.685
264.944
262.452
269.737
281.549
285.706
292.385
303.714
310.493
307.34
305.261
326.712
318.355
321.618
311.613
304.95
297.574
290.031
284.99
277.576
221.072
171.23
131.749
93.2149
66.8623
50.9585
54.5244
43.9767
36.1149
11.6261
2.18538
1.00299
1
1
1
1
1
1
1
1
1
1
1
1
1
1
1
1
1
1
1
1
1
1
1
1
1
1
1
1
1
1
1
1
1
1
1
1
1
1
1
1
1
1
1
1
1
1
1
1
1
1
1
1
1
1
1
1
1
1
1
1
1
1
1
1
1
1
1
1
1
1
1
1
1
1
1
1
1
1
1
1
1
1
1
1
1
1
1
1
1
1
1
1
1
1
1
1
1
1
1
1
1
1
1
1
1
1
1
1
1
1
1
1
1
1
1
1
1
1
1
1
1
1
1
1
1
1
1
1
1
1
1
1
1
1
1
1
1
1
1
1
1
1
1
1
1
1
1
1
1
1
1
1
1
1
1
1
1
1
1
1
1
1
1
1
1
1
1
1
1
1
1
1
1
1
1
1
1
1
1
1
1
1
1
1
1
1
1
1
1
1
1
1
1
1
1
1
1
1
1
1
1
1
1
1
1
1
1
1
1
1
1
1
1
1
1
1
1
1
1
1
1
1
1
1
1
1
1
1
1
1
1
1
1
1
1
1
1
1
1
1
1
1
1
1
1
1
1
1
1
1
1
1
1
1
1
1
1
2.1241
2.34848
3.3266
4.93397
6.95737
9.56622
14.0307
17.9292
20.5048
23.7575
28.9842
41.6018
66.4133
105.736
78.5394
39.9578
26.8269
23.0169
20.3793
17.4138
15.8553
16.2266
17.0267
17.7403
20.1543
50.076
105.262
141.779
155.579
158.497
154.695
149.936
148.683
151.338
156.951
161.714
161.909
156.718
148.104
139.434
136.549
133.109
130.265
130.675
131.859
141.943
148.505
147.928
134.479
120.075
109.089
106.659
110.719
113.115
119.083
121.484
119.134
87.6102
51.4624
43.0072
42.8862
43.8682
47.0725
52.1619
64.9855
95.4168
127.265
138.535
161.261
193.284
227.738
251.135
253.181
249.088
244.426
236.912
228.199
212.843
200.816
190.497
178.539
168.879
161.52
160.798
160.15
162.168
157.856
148.555
140.178
143.541
153.749
168.03
185.518
195.541
194.713
189.875
179.943
163.594
98.3095
86.6319
83.1908
77.7152
82.377
99.8301
118.164
142.59
186.719
197.702
206.839
222.224
239.007
250.778
258.744
278.944
279.262
287.991
299.742
302.695
313.603
318.121
325.171
323.48
335.141
322.563
333.825
321.812
316.927
275.106
247.535
205.513
183.304
161.056
145.416
122.742
98.484
72.0079
57.9945
54.6006
51.4002
45.432
42.9731
15.9688
2.76201
1.01304
1.00001
1
1
1
1
1
1
1
1
1
1
1
1
1
1
1
1
1
1
1
1
1
1
1
1
1
1
1
1
1
1
1
1
1
1
1
1
1
1
1
1
1
1
1
1
1
1
1
1
1
1
1
1
1
1
1
1
1
1
1
1
1
1
1
1
1
1
1
1
1
1
1
1
1
1
1
1
1
1
1
1
1
1
1
1
1
1
1
1
1
1
1
1
1
1
1
1
1
1
1
1
1
1
1
1
1
1
1
1
1
1
1
1
1
1
1
1
1
1
1
1
1
1
1
1
1
1
1
1
1
1
1
1
1
1
1
1
1
1
1
1
1
1
1
1
1
1
1
1
1
1
1
1
1
1
1
1
1
1
1
1
1
1
1
1
1
1
1
1
1
1
1
1
1
1
1
1
1
1
1
1
1
1
1
1
1
1
1
1
1
1
1
1
1
1
1
1
1
1
1
1
1
1
1
1
1
1
1
1
1
1
1
1
1
1
1
1
1
1
1
1
1
1
1
1
1
1
1
1
1
1
1
1
1
1
1
1
1
1
1
1
1
1
1
1
1
1
1
1
1
1
1
1
1
1
1
2.09805
2.33169
3.32344
4.97509
7.22482
9.68502
12.8643
15.7653
17.8355
19.9705
23.1747
27.7542
34.8626
42.4084
28.867
24.7984
23.3636
21.7066
19.4255
17.6865
17.1839
17.6051
18.1216
18.7528
21.0656
40.9284
95.0879
134.605
145.919
142.663
135.62
130.891
128.332
130.85
137.919
148.134
155.906
156.196
150.019
143.449
135.316
130.309
128.457
129.537
134.265
137.125
137.702
134.416
125.934
112.212
108.483
109.785
113.956
120.091
123.273
124.09
88.7721
53.361
45.4611
45.9018
47.3251
49.4084
52.1643
66.6597
114.936
143.412
157.759
180.668
211.007
249.439
267.484
269.648
260.983
249.398
235.107
222.45
204.588
197.039
187.147
185.357
177.357
162.377
162.063
155.263
154.021
146.453
136.331
119.893
118.365
125.022
137.33
153.704
171.237
187.09
198.794
203.18
202.071
193.46
126.034
100.184
87.5003
83.482
84.2942
85.7849
92.643
104.599
119.522
143.159
167.351
200.691
245.487
258.668
269.008
280.504
291.399
298.559
301.877
314.42
315.963
319.291
327.491
317.922
344.209
314.16
342.929
314.351
255.712
288.185
180.993
162.413
144.477
137.247
120.971
102.987
85.1079
65.6126
57.1186
66.0701
56.6505
49.5672
48.4489
47.5836
20.8291
3.50672
1.07376
1.00002
1
1
1
1
1
1
1
1
1
1
1
1
1
1
1
1
1
1
1
1
1
1
1
1
1
1
1
1
1
1
1
1
1
1
1
1
1
1
1
1
1
1
1
1
1
1
1
1
1
1
1
1
1
1
1
1
1
1
1
1
1
1
1
1
1
1
1
1
1
1
1
1
1
1
1
1
1
1
1
1
1
1
1
1
1
1
1
1
1
1
1
1
1
1
1
1
1
1
1
1
1
1
1
1
1
1
1
1
1
1
1
1
1
1
1
1
1
1
1
1
1
1
1
1
1
1
1
1
1
1
1
1
1
1
1
1
1
1
1
1
1
1
1
1
1
1
1
1
1
1
1
1
1
1
1
1
1
1
1
1
1
1
1
1
1
1
1
1
1
1
1
1
1
1
1
1
1
1
1
1
1
1
1
1
1
1
1
1
1
1
1
1
1
1
1
1
1
1
1
1
1
1
1
1
1
1
1
1
1
1
1
1
1
1
1
1
1
1
1
1
1
1
1
1
1
1
1
1
1
1
1
1
1
1
1
1
1
1
1
1
1
1
1
1
1
1
1
1
1
1
1
1
1
1
1.90051
2.16074
3.05703
4.53235
6.77649
9.30924
11.8536
14.4846
16.8273
18.7643
20.0714
20.989
21.9725
22.6445
21.5471
21.3717
20.9401
19.8983
19.2427
18.7403
18.6487
18.7223
18.9488
19.3927
20.3589
25.6536
57.9316
103.94
123.963
123.379
121.223
121.064
122.453
125.968
132.578
140.953
148.387
150.955
147.632
141.662
131.294
133.502
133.25
137.847
139.375
137.903
132.749
127.726
118.759
112.546
108.358
108.006
114.974
122.262
127.517
87.7771
53.8948
48.1194
49.1585
50.6573
52.9964
53.688
58.6319
77.7845
146.559
164.016
190.943
219.426
248.278
274.915
291.12
288.146
271.58
259.787
243.897
219.477
199.17
185.406
167.78
160.91
148.483
147.484
146.511
144.117
141.351
134.232
127.627
125.762
129.946
135.234
144.995
157.509
173.778
192.549
208.667
218.671
222.472
218.795
181.828
159.895
150.594
117.937
86.3477
78.0521
81.5221
89.3366
98.7183
111.053
130.453
146.535
172.658
222.535
276.992
283.088
289.556
298.65
312.267
307.109
318.468
313.789
318.605
317.309
330.94
313.346
324.185
309.384
240.358
227.164
160.606
137.902
118.826
101.719
86.7592
68.6297
59.4086
53.736
49.6102
59.7767
56.9864
51.033
51.214
51.6848
53.5612
20.8896
2.41816
1.00285
1
1
1
1
1
1
1
1
1
1
1
1
1
1
1
1
1
1
1
1
1
1
1
1
1
1
1
1
1
1
1
1
1
1
1
1
1
1
1
1
1
1
1
1
1
1
1
1
1
1
1
1
1
1
1
1
1
1
1
1
1
1
1
1
1
1
1
1
1
1
1
1
1
1
1
1
1
1
1
1
1
1
1
1
1
1
1
1
1
1
1
1
1
1
1
1
1
1
1
1
1
1
1
1
1
1
1
1
1
1
1
1
1
1
1
1
1
1
1
1
1
1
1
1
1
1
1
1
1
1
1
1
1
1
1
1
1
1
1
1
1
1
1
1
1
1
1
1
1
1
1
1
1
1
1
1
1
1
1
1
1
1
1
1
1
1
1
1
1
1
1
1
1
1
1
1
1
1
1
1
1
1
1
1
1
1
1
1
1
1
1
1
1
1
1
1
1
1
1
1
1
1
1
1
1
1
1
1
1
1
1
1
1
1
1
1
1
1
1
1
1
1
1
1
1
1
1
1
1
1
1
1
1
1
1
1
1
1
1
1
1
1
1
1
1
1
1
1
1
1
1
1
1
1
1.52325
1.76921
1.98479
2.0962
2.2674
2.65081
3.57612
4.51878
5.92246
7.88101
10.4629
13.9353
16.8487
19.0915
19.6635
19.9739
19.4346
18.8029
17.5693
16.6614
15.0067
14.4859
13.1769
13.5358
12.1275
11.5594
12.2642
33.8798
46.5136
50.5582
55.9554
63.9078
70.5373
78.814
85.1535
93.9357
101.526
111.264
111.904
119.683
115.056
124.023
124.572
124.884
125.303
121.79
117.998
110.119
102.082
90.6865
88.1018
84.4406
83.0166
64.813
45.4273
30.6804
26.2331
24.4202
23.6854
23.3656
23.3159
23.7671
24.5078
27.9089
57.0495
63.8901
80.7218
101.887
127.11
159.336
189.412
194.003
207.091
191.377
188.249
184.408
180.16
180.725
184.864
188.965
191.342
200.157
215.506
217.165
220.713
204.243
198.891
192.114
195.19
197.176
198.345
201.155
206.67
206.086
205.368
200.032
190.267
176.66
165.384
154.522
154.04
155.348
88.0217
48.7109
47.9124
50.895
55.6416
60.3856
64.954
70.0457
79.6917
82.5196
84.7247
139.748
110.67
124.511
161.707
172.08
160.783
165.601
165.22
151.843
164.972
142.577
148.869
126.487
97.7685
109.526
59.6988
48.0809
35.8101
32.8091
37.8671
42.7822
42.9379
41.2126
48.0152
47.4121
39.7428
32.3518
26.2022
25.607
19.9211
8.77756
3.09256
1.04157
1.00001
1
1
1
1
1
1
1
1
1
1
1
1
1
1
1
1
1
1
1
1
1
1
1
1
1
1
1
1
1
1
1
1
1
1
1
1
1
1
1
1
1
1
1
1
1
1
1
1
1
1
1
1
1
1
1
1
1
1
1
1
1
1
1
1
1
1
1
1
1
1
1
1
1
1
1
1
1
1
1
1
1
1
1
1
1
1
1
1
1
1
1
1
1
1
1
1
1
1
1
1
1
1
1
1
1
1
1
1
1
1
1
1
1
1
1
1
1
1
1
1
1
1
1
1
1
1
1
1
1
1
1
1
1
1
1
1
1
1
1
1
1
1
1
1
1
1
1
1
1
1
1
1
1
1
1
1
1
1
1
1
1
1
1
1
1
1
1
1
1
1
1
1
1
1
1
1
1
1
1
1
1
1
1
1
1
1
1
1
1
1
1
1
1
1
1
1
1
1
1
1
1
1
1
1
1
1
1
1
1
1
1
1
1
1
1
1
1
1
1
1
1
1
1
1
1
1
1
1
1
1
1
1
1
1
1
1
1
1
1
1
1
1
1
1
1
1
1
1
1
1
1
1
1
)
;

boundaryField
{
    wand
    {
        type            zeroGradient;
    }
    frontAndBack
    {
        type            empty;
    }
}


// ************************************************************************* //
