/*--------------------------------*- C++ -*----------------------------------*\
| =========                 |                                                 |
| \\      /  F ield         | OpenFOAM: The Open Source CFD Toolbox           |
|  \\    /   O peration     | Version:  2.1.1                                 |
|   \\  /    A nd           | Web:      www.OpenFOAM.org                      |
|    \\/     M anipulation  |                                                 |
\*---------------------------------------------------------------------------*/
FoamFile
{
    version     2.0;
    format      ascii;
    class       volScalarField;
    location    "0.000250000";
    object      c;
}
// * * * * * * * * * * * * * * * * * * * * * * * * * * * * * * * * * * * * * //

dimensions      [0 0 0 0 0 0 0];

internalField   nonuniform List<scalar> 
12384
(
2.94e-05
2.04404e-05
1.2443e-06
1.41212e-08
1.67082e-10
1.60766e-12
1.07519e-14
6.49045e-17
3.10442e-19
1.25603e-21
4.49996e-24
1.43936e-26
4.4337e-29
1.38057e-31
3.99577e-48
1.18228e-49
1.06059e-51
7.85683e-54
5.13304e-56
2.99468e-58
1.55392e-60
7.04253e-63
2.80442e-65
9.99731e-68
3.20288e-70
9.47384e-73
2.62398e-75
6.80666e-78
1.65711e-80
3.79747e-83
8.23255e-86
1.69879e-88
3.35934e-91
6.40069e-94
1.1786e-96
2.09728e-99
3.60457e-102
5.98399e-105
9.59972e-108
1.49164e-110
2.25023e-113
3.30161e-116
4.71101e-119
6.12072e-122
3.31791e-134
6.82489e-135
2.35241e-137
5.39807e-140
1.01745e-142
1.70531e-145
2.64434e-148
3.86878e-151
5.41689e-154
7.31894e-157
9.55616e-160
1.2059e-162
1.46219e-165
1.88836e-169
5.03621e-173
3.03252e-176
2.58974e-179
2.20239e-182
1.70961e-185
1.13481e-188
6.22856e-192
2.77926e-195
1.02843e-198
3.2425e-202
8.85655e-206
2.19183e-209
5.05004e-213
1.10042e-216
2.26294e-220
7.94708e-225
3.91511e-247
6.75588e-245
7.80946e-248
4.94013e-251
2.36472e-254
9.58392e-258
3.47776e-261
1.12821e-264
3.32748e-268
8.99749e-272
2.21972e-275
5.04621e-279
1.06921e-282
2.1826e-286
4.35267e-290
8.32897e-294
1.51346e-297
2.66006e-301
4.59454e-305
7.7531e-309
1.27269e-312
1.97651e-316
2.86805e-320
0
0
0
0
0
0
0
0
0
0
0
0
0
0
0
0
0
0
0
0
0
0
0
0
0
0
0
0
0
0
0
0
0
0
0
0
0
0
0
0
0
0
0
0
0
0
0
0
0
0
0
0
0
0
0
0
0
0
0
0
0
0
0
0
0
0
0
0
0
0
0
0
0
0
0
0
0
0
0
0
0
0
0
0
0
0
0
0
0
0
0
0
0
0
0
0
0
0
0
0
0
0
0
0
0
0
0
0
0
0
0
0
0
0
0
0
0
0
0
0
0
0
0
0
0
0
0
0
0
0
0
0
0
0
0
0
0
0
0
0
0
0
0
0
0
0
0
0
0
0
0
0
0
0
0
0
0
0
0
0
0
0
0
0
0
0
0
0
0
0
0
0
0
0
0
0
0
0
0
0
0
0
0
0
0
0
0
0
0
0
0
0
0
0
0
0
0
0
0
0
0
0
0
0
0
0
0
0
0
0
0
0
0
0
0
0
0
0
0
0
0
0
0
0
0
0
0
0
0
0
0
0
0
0
0
0
0
0
0
0
0
0
0
0
0
0
0
0
0
0
0
0
0
0
0
0
0
0
0
0
0
0
0
0
0
0
0
0
0
0
0
0
0
0
0
0
0
0.0019562
0.00114546
5.90878e-05
6.49894e-07
5.75157e-09
4.25754e-11
2.69047e-13
1.45814e-15
6.93205e-18
2.97318e-20
1.15554e-22
4.12911e-25
1.33803e-27
3.98219e-30
1.25881e-45
2.51258e-47
1.78895e-49
1.19281e-51
7.56157e-54
4.53318e-56
2.52611e-58
1.25844e-60
5.46098e-63
2.12596e-65
7.5149e-68
2.41779e-70
7.09896e-73
1.92867e-75
4.89296e-78
1.164e-80
2.60793e-83
5.54116e-86
1.12656e-88
2.2095e-91
4.18797e-94
7.65882e-97
1.34926e-99
2.28986e-102
3.74456e-105
5.9216e-108
9.1005e-111
1.36236e-113
1.98049e-116
2.42394e-119
3.22065e-131
6.68604e-132
2.23909e-134
4.94701e-137
9.0435e-140
1.48617e-142
2.28078e-145
3.32282e-148
4.65368e-151
6.31778e-154
8.31254e-157
1.0593e-159
1.31591e-162
1.58999e-165
4.87238e-169
3.06293e-172
2.67777e-175
2.32649e-178
1.84091e-181
1.25982e-184
7.16795e-188
3.36466e-191
1.32694e-194
4.472e-198
1.30214e-201
3.38138e-205
8.09964e-209
1.82375e-212
3.87056e-216
2.31463e-220
1.98237e-242
1.2047e-240
1.3729e-243
8.59427e-247
4.05522e-250
1.61168e-253
5.67459e-257
1.78941e-260
5.14859e-264
1.37246e-267
3.38012e-271
7.70476e-275
1.65736e-278
3.42558e-282
6.88231e-286
1.3319e-289
2.45741e-293
4.36152e-297
7.56089e-301
1.28974e-304
2.14223e-308
3.40699e-312
5.14242e-316
7.3097e-320
0
0
0
0
0
0
0
0
0
0
0
0
0
0
0
0
0
0
0
0
0
0
0
0
0
0
0
0
0
0
0
0
0
0
0
0
0
0
0
0
0
0
0
0
0
0
0
0
0
0
0
0
0
0
0
0
0
0
0
0
0
0
0
0
0
0
0
0
0
0
0
0
0
0
0
0
0
0
0
0
0
0
0
0
0
0
0
0
0
0
0
0
0
0
0
0
0
0
0
0
0
0
0
0
0
0
0
0
0
0
0
0
0
0
0
0
0
0
0
0
0
0
0
0
0
0
0
0
0
0
0
0
0
0
0
0
0
0
0
0
0
0
0
0
0
0
0
0
0
0
0
0
0
0
0
0
0
0
0
0
0
0
0
0
0
0
0
0
0
0
0
0
0
0
0
0
0
0
0
0
0
0
0
0
0
0
0
0
0
0
0
0
0
0
0
0
0
0
0
0
0
0
0
0
0
0
0
0
0
0
0
0
0
0
0
0
0
0
0
0
0
0
0
0
0
0
0
0
0
0
0
0
0
0
0
0
0
0
0
0
0
0
0
0
0
0
0
0
0
0
0
0
0
0
0
0
0
0
0
0
0
0
0
0
0
0
0
0
0
0
0
0
0
0
0
0
0.0563647
0.0392757
0.00217207
3.24685e-06
4.88319e-09
1.64079e-11
4.14481e-14
9.04296e-17
1.35929e-19
1.80096e-22
2.37109e-25
8.34404e-28
6.50959e-30
2.71948e-32
3.67372e-43
4.83948e-45
1.94481e-47
9.3886e-50
4.77431e-52
2.60537e-54
1.4025e-56
7.43167e-59
3.07828e-61
1.31274e-63
6.9357e-66
3.47305e-68
1.30062e-70
3.71463e-73
9.37787e-76
2.18832e-78
4.81873e-81
1.01396e-83
2.06399e-86
4.11688e-89
7.95567e-92
1.48183e-94
2.67573e-97
4.68789e-100
7.92057e-103
1.29762e-105
2.07829e-108
3.24636e-111
4.80142e-114
9.80786e-118
3.05771e-128
6.00993e-129
1.85166e-131
3.74245e-134
6.34315e-137
9.82996e-140
1.44265e-142
2.02835e-145
2.76666e-148
3.6978e-151
4.83131e-154
6.15523e-157
7.74637e-160
9.63518e-163
1.17738e-165
1.19883e-168
1.18341e-171
1.0702e-174
8.56595e-178
5.8252e-181
3.29258e-184
1.55671e-187
6.28382e-191
2.20064e-194
6.74934e-198
1.84729e-201
4.6336e-205
1.08534e-208
2.37338e-212
1.32483e-216
8.73923e-238
1.22061e-236
1.25761e-239
7.31132e-243
3.18303e-246
1.1605e-249
3.7308e-253
1.08051e-256
2.87394e-260
7.14945e-264
1.67019e-267
3.65973e-271
7.66227e-275
1.55691e-278
3.07846e-282
5.8758e-286
1.07446e-289
1.89261e-293
3.25072e-297
5.51541e-301
9.15971e-305
1.46666e-308
2.26466e-312
3.37565e-316
4.787e-320
0
0
0
0
0
0
0
0
0
0
0
0
0
0
0
0
0
0
0
0
0
0
0
0
0
0
0
0
0
0
0
0
0
0
0
0
0
0
0
0
0
0
0
0
0
0
0
0
0
0
0
0
0
0
0
0
0
0
0
0
0
0
0
0
0
0
0
0
0
0
0
0
0
0
0
0
0
0
0
0
0
0
0
0
0
0
0
0
0
0
0
0
0
0
0
0
0
0
0
0
0
0
0
0
0
0
0
0
0
0
0
0
0
0
0
0
0
0
0
0
0
0
0
0
0
0
0
0
0
0
0
0
0
0
0
0
0
0
0
0
0
0
0
0
0
0
0
0
0
0
0
0
0
0
0
0
0
0
0
0
0
0
0
0
0
0
0
0
0
0
0
0
0
0
0
0
0
0
0
0
0
0
0
0
0
0
0
0
0
0
0
0
0
0
0
0
0
0
0
0
0
0
0
0
0
0
0
0
0
0
0
0
0
0
0
0
0
0
0
0
0
0
0
0
0
0
0
0
0
0
0
0
0
0
0
0
0
0
0
0
0
0
0
0
0
0
0
0
0
0
0
0
0
0
0
0
0
0
0
0
0
0
0
0
0
0
0
0
0
0
0
0
0
0
0
1
1
0.0933315
0.0033304
7.90854e-06
3.2014e-08
8.94597e-11
2.17618e-13
3.67442e-16
5.43423e-19
8.09059e-22
1.40273e-24
2.69365e-27
5.19095e-30
1.76514e-39
1.76105e-41
4.59477e-44
1.61512e-46
6.59552e-49
3.01284e-51
1.48412e-53
7.98621e-56
3.82278e-58
1.50277e-60
6.92671e-63
3.81728e-65
1.80055e-67
5.92068e-70
1.58751e-72
3.84284e-75
8.75262e-78
1.90741e-80
4.01615e-83
8.21395e-86
1.63135e-88
3.14254e-91
5.87813e-94
1.06823e-96
1.8849e-99
3.23718e-102
5.41843e-105
8.8126e-108
1.3587e-110
4.23227e-114
3.31389e-124
2.07344e-125
6.122e-128
1.21191e-130
2.02204e-133
3.08264e-136
4.46177e-139
6.24149e-142
8.51629e-145
1.14128e-147
1.5076e-150
1.96305e-153
2.51576e-156
3.16999e-159
3.91968e-162
4.73759e-165
4.79669e-168
4.56602e-171
3.70334e-174
2.48845e-177
1.37893e-180
6.47574e-184
2.63407e-187
9.42184e-191
3.00398e-194
8.65748e-198
2.2865e-201
5.60261e-205
1.27331e-208
1.16324e-212
4.31021e-233
9.68555e-233
9.19231e-236
4.99835e-239
2.03862e-242
6.92533e-246
2.06853e-249
5.60845e-253
1.40892e-256
3.3257e-260
7.45077e-264
1.5961e-267
3.28757e-271
6.53871e-275
1.25992e-278
2.35813e-282
4.29606e-286
7.63097e-290
1.32336e-293
2.24299e-297
3.71843e-301
6.03228e-305
9.57774e-309
1.48818e-312
2.26226e-316
3.34186e-320
0
0
0
0
0
0
0
0
0
0
0
0
0
0
0
0
0
0
0
0
0
0
0
0
0
0
0
0
0
0
0
0
0
0
0
0
0
0
0
0
0
0
0
0
0
0
0
0
0
0
0
0
0
0
0
0
0
0
0
0
0
0
0
0
0
0
0
0
0
0
0
0
0
0
0
0
0
0
0
0
0
0
0
0
0
0
0
0
0
0
0
0
0
0
0
0
0
0
0
0
0
0
0
0
0
0
0
0
0
0
0
0
0
0
0
0
0
0
0
0
0
0
0
0
0
0
0
0
0
0
0
0
0
0
0
0
0
0
0
0
0
0
0
0
0
0
0
0
0
0
0
0
0
0
0
0
0
0
0
0
0
0
0
0
0
0
0
0
0
0
0
0
0
0
0
0
0
0
0
0
0
0
0
0
0
0
0
0
0
0
0
0
0
0
0
0
0
0
0
0
0
0
0
0
0
0
0
0
0
0
0
0
0
0
0
0
0
0
0
0
0
0
0
0
0
0
0
0
0
0
0
0
0
0
0
0
0
0
0
0
0
0
0
0
0
0
0
0
0
0
0
0
0
0
0
0
0
0
0
0
0
0
0
0
0
0
0
0
0
0
0
0
0
0
1
1
1
0.101837
0.0068203
4.03075e-05
1.42551e-07
3.85502e-10
7.41557e-13
1.23627e-15
2.05171e-18
3.89158e-21
8.03555e-24
1.67096e-26
7.53487e-36
7.65631e-38
1.70843e-40
4.88624e-43
1.57969e-45
5.61348e-48
2.24966e-50
9.99826e-53
4.82294e-55
2.09321e-57
7.87305e-60
3.54097e-62
1.70688e-64
6.63213e-67
1.95453e-69
5.02294e-72
1.19398e-74
2.69087e-77
5.83739e-80
1.22663e-82
2.49742e-85
4.92147e-88
9.39922e-91
1.74127e-93
3.13089e-96
5.48719e-99
9.39007e-102
1.56129e-104
2.47801e-107
1.08732e-110
2.9763e-120
5.29899e-122
1.4204e-124
2.707e-127
4.45427e-130
6.78924e-133
9.90759e-136
1.4027e-138
1.94015e-141
2.63811e-144
3.53852e-147
4.68281e-150
6.10483e-153
7.8337e-156
9.87375e-159
1.21652e-161
1.45804e-164
1.52602e-167
1.21625e-170
7.85517e-174
4.03249e-177
1.73701e-180
6.53637e-184
2.18726e-187
6.56487e-191
1.78606e-194
4.45904e-198
1.03303e-201
2.2211e-205
2.04025e-209
2.12534e-228
5.69219e-229
4.46939e-232
2.08727e-235
7.46556e-239
2.25875e-242
6.08749e-246
1.50466e-249
3.47486e-253
7.59417e-257
1.58527e-260
3.18293e-264
6.17916e-268
1.16447e-271
2.13668e-275
3.82603e-279
6.69689e-283
1.14714e-286
1.92449e-290
3.16344e-294
5.09595e-298
8.04347e-302
1.24333e-305
1.88039e-309
2.77923e-313
4.01113e-317
5.43966e-321
0
0
0
0
0
0
0
0
0
0
0
0
0
0
0
0
0
0
0
0
0
0
0
0
0
0
0
0
0
0
0
0
0
0
0
0
0
0
0
0
0
0
0
0
0
0
0
0
0
0
0
0
0
0
0
0
0
0
0
0
0
0
0
0
0
0
0
0
0
0
0
0
0
0
0
0
0
0
0
0
0
0
0
0
0
0
0
0
0
0
0
0
0
0
0
0
0
0
0
0
0
0
0
0
0
0
0
0
0
0
0
0
0
0
0
0
0
0
0
0
0
0
0
0
0
0
0
0
0
0
0
0
0
0
0
0
0
0
0
0
0
0
0
0
0
0
0
0
0
0
0
0
0
0
0
0
0
0
0
0
0
0
0
0
0
0
0
0
0
0
0
0
0
0
0
0
0
0
0
0
0
0
0
0
0
0
0
0
0
0
0
0
0
0
0
0
0
0
0
0
0
0
0
0
0
0
0
0
0
0
0
0
0
0
0
0
0
0
0
0
0
0
0
0
0
0
0
0
0
0
0
0
0
0
0
0
0
0
0
0
0
0
0
0
0
0
0
0
0
0
0
0
0
0
0
0
0
0
0
0
0
0
0
0
0
0
0
0
0
0
0
0
0
1
1
1
1
0.1424
0.0157264
9.54696e-05
2.92902e-07
5.96084e-10
1.14315e-12
2.23888e-15
4.87748e-18
1.13569e-20
2.57244e-23
1.72487e-32
1.74894e-34
4.19072e-37
1.1338e-39
3.34291e-42
1.04511e-44
3.5185e-47
1.30852e-49
5.27976e-52
2.26145e-54
8.24178e-57
3.04797e-59
1.2985e-61
5.50715e-64
1.86137e-66
5.17906e-69
1.29888e-71
3.04028e-74
6.79422e-77
1.46539e-79
3.05915e-82
6.17996e-85
1.20939e-87
2.2935e-90
4.21651e-93
7.56633e-96
1.32937e-98
2.26743e-101
3.71461e-104
2.45303e-107
1.59581e-116
1.12231e-118
2.70878e-121
4.97613e-124
8.08611e-127
1.23363e-129
1.81712e-132
2.60171e-135
3.64167e-138
5.01427e-141
6.81807e-144
9.16215e-147
1.21488e-149
1.58869e-152
2.04382e-155
2.56945e-158
3.13653e-161
3.71435e-164
3.99311e-167
2.51849e-170
1.17664e-173
4.44054e-177
1.46634e-180
4.4084e-184
1.21057e-187
3.04722e-191
7.09237e-195
1.53705e-198
3.09771e-202
2.84986e-206
1.04068e-223
3.29745e-225
2.03764e-228
7.91532e-232
2.42095e-235
6.38934e-239
1.529e-242
3.39918e-246
7.13174e-250
1.42814e-253
2.753e-257
5.14223e-261
9.35273e-265
1.6625e-268
2.89602e-272
4.95242e-276
8.32099e-280
1.37384e-283
2.22836e-287
3.54898e-291
5.54648e-295
8.49882e-299
1.27519e-302
1.86956e-306
2.66937e-310
3.70617e-314
5.0079e-318
4.5454e-322
0
0
0
0
0
0
0
0
0
0
0
0
0
0
0
0
0
0
0
0
0
0
0
0
0
0
0
0
0
0
0
0
0
0
0
0
0
0
0
0
0
0
0
0
0
0
0
0
0
0
0
0
0
0
0
0
0
0
0
0
0
0
0
0
0
0
0
0
0
0
0
0
0
0
0
0
0
0
0
0
0
0
0
0
0
0
0
0
0
0
0
0
0
0
0
0
0
0
0
0
0
0
0
0
0
0
0
0
0
0
0
0
0
0
0
0
0
0
0
0
0
0
0
0
0
0
0
0
0
0
0
0
0
0
0
0
0
0
0
0
0
0
0
0
0
0
0
0
0
0
0
0
0
0
0
0
0
0
0
0
0
0
0
0
0
0
0
0
0
0
0
0
0
0
0
0
0
0
0
0
0
0
0
0
0
0
0
0
0
0
0
0
0
0
0
0
0
0
0
0
0
0
0
0
0
0
0
0
0
0
0
0
0
0
0
0
0
0
0
0
0
0
0
0
0
0
0
0
0
0
0
0
0
0
0
0
0
0
0
0
0
0
0
0
0
0
0
0
0
0
0
0
0
0
0
0
0
0
0
0
0
0
0
0
0
0
0
0
0
0
0
0
1
1
1
1
1
0.0960134
0.0028866
1.54728e-05
6.65636e-08
2.55204e-10
8.89355e-13
2.76225e-15
7.68836e-18
1.94106e-20
2.28128e-29
2.26724e-31
5.92081e-34
1.66001e-36
4.81287e-39
1.45692e-41
4.49932e-44
1.48443e-46
5.22705e-49
1.97172e-51
7.29639e-54
2.48295e-56
9.07597e-59
3.53445e-61
1.2892e-63
3.99231e-66
1.07189e-68
2.62375e-71
6.04859e-74
1.33844e-76
2.86632e-79
5.95167e-82
1.19937e-84
2.34488e-87
4.4426e-90
8.20412e-93
1.4821e-95
2.59788e-98
4.40494e-101
4.63848e-104
5.434e-113
1.89925e-115
4.09487e-118
7.26781e-121
1.17199e-123
1.79148e-126
2.65634e-129
3.83608e-132
5.42117e-135
7.548e-138
1.03981e-140
1.41924e-143
1.91533e-146
2.55457e-149
3.35742e-152
4.30857e-155
5.35504e-158
6.44489e-161
7.53918e-164
7.8972e-167
3.42887e-170
1.10738e-173
2.98552e-177
7.49186e-181
1.7842e-184
4.00284e-188
8.47567e-192
1.68931e-195
3.14327e-199
2.84023e-203
5.15412e-219
1.90013e-221
8.50342e-225
2.61776e-228
6.62057e-232
1.47866e-235
3.05901e-239
5.97958e-243
1.11537e-246
2.00714e-250
3.51493e-254
6.03072e-258
1.01813e-261
1.69667e-265
2.79693e-269
4.5608e-273
7.34245e-277
1.16431e-280
1.81491e-284
2.77648e-288
4.16465e-292
6.12094e-296
8.80498e-300
1.23527e-303
1.67219e-307
2.17409e-311
2.74153e-315
3.3675e-319
0
0
0
0
0
0
0
0
0
0
0
0
0
0
0
0
0
0
0
0
0
0
0
0
0
0
0
0
0
0
0
0
0
0
0
0
0
0
0
0
0
0
0
0
0
0
0
0
0
0
0
0
0
0
0
0
0
0
0
0
0
0
0
0
0
0
0
0
0
0
0
0
0
0
0
0
0
0
0
0
0
0
0
0
0
0
0
0
0
0
0
0
0
0
0
0
0
0
0
0
0
0
0
0
0
0
0
0
0
0
0
0
0
0
0
0
0
0
0
0
0
0
0
0
0
0
0
0
0
0
0
0
0
0
0
0
0
0
0
0
0
0
0
0
0
0
0
0
0
0
0
0
0
0
0
0
0
0
0
0
0
0
0
0
0
0
0
0
0
0
0
0
0
0
0
0
0
0
0
0
0
0
0
0
0
0
0
0
0
0
0
0
0
0
0
0
0
0
0
0
0
0
0
0
0
0
0
0
0
0
0
0
0
0
0
0
0
0
0
0
0
0
0
0
0
0
0
0
0
0
0
0
0
0
0
0
0
0
0
0
0
0
0
0
0
0
0
0
0
0
0
0
0
0
0
0
0
0
0
0
0
0
0
0
0
0
0
0
0
0
0
0
1
1
1
1
1
0.129453
0.00565077
4.82217e-05
3.30528e-07
2.03455e-09
1.13424e-11
5.79776e-14
2.57588e-16
1.00043e-18
1.42024e-26
1.20584e-28
3.45503e-31
1.04297e-33
3.17243e-36
9.67202e-39
2.94449e-41
9.12234e-44
2.95748e-46
1.01754e-48
3.63816e-51
1.22415e-53
4.09559e-56
1.45068e-58
5.1972e-61
1.72327e-63
5.01227e-66
1.30242e-68
3.13454e-71
7.17007e-74
1.58208e-76
3.38729e-79
7.05306e-82
1.42827e-84
2.80877e-87
5.37103e-90
9.99338e-93
1.80073e-95
3.14876e-98
4.55297e-101
9.29999e-110
2.08881e-112
3.95092e-115
6.68704e-118
1.06689e-120
1.63452e-123
2.4337e-126
3.53752e-129
5.04099e-132
7.0879e-135
9.87321e-138
1.36482e-140
1.86934e-143
2.53334e-146
3.38926e-149
4.43302e-152
5.61556e-155
6.88767e-158
8.20666e-161
9.52197e-164
9.66158e-167
2.71712e-170
5.45672e-174
1.0003e-177
1.85157e-181
3.46867e-185
6.38585e-189
1.11746e-192
1.84697e-196
1.63132e-200
2.54458e-214
1.12666e-217
3.15845e-221
7.00778e-225
1.37483e-228
2.46652e-232
4.15499e-236
6.66032e-240
1.0251e-243
1.54322e-247
2.3145e-251
3.50402e-255
5.37424e-259
8.34595e-263
1.31168e-266
2.05896e-270
3.15499e-274
4.65068e-278
6.57182e-282
8.88432e-286
1.1512e-289
1.44215e-293
1.76783e-297
2.1406e-301
2.55597e-305
3.01411e-309
3.52994e-313
4.0693e-317
4.43671e-321
0
0
0
0
0
0
0
0
0
0
0
0
0
0
0
0
0
0
0
0
0
0
0
0
0
0
0
0
0
0
0
0
0
0
0
0
0
0
0
0
0
0
0
0
0
0
0
0
0
0
0
0
0
0
0
0
0
0
0
0
0
0
0
0
0
0
0
0
0
0
0
0
0
0
0
0
0
0
0
0
0
0
0
0
0
0
0
0
0
0
0
0
0
0
0
0
0
0
0
0
0
0
0
0
0
0
0
0
0
0
0
0
0
0
0
0
0
0
0
0
0
0
0
0
0
0
0
0
0
0
0
0
0
0
0
0
0
0
0
0
0
0
0
0
0
0
0
0
0
0
0
0
0
0
0
0
0
0
0
0
0
0
0
0
0
0
0
0
0
0
0
0
0
0
0
0
0
0
0
0
0
0
0
0
0
0
0
0
0
0
0
0
0
0
0
0
0
0
0
0
0
0
0
0
0
0
0
0
0
0
0
0
0
0
0
0
0
0
0
0
0
0
0
0
0
0
0
0
0
0
0
0
0
0
0
0
0
0
0
0
0
0
0
0
0
0
0
0
0
0
0
0
0
0
0
0
0
0
0
0
0
0
0
0
0
0
0
0
0
0
0
1
1
1
1
1
0.175887
0.00988775
0.000134192
1.4585e-06
1.3741e-08
1.15785e-10
8.73832e-13
5.87767e-15
3.54044e-17
1.95525e-19
9.96513e-22
4.9653e-24
2.23847e-26
8.88246e-29
3.30922e-31
1.12141e-33
3.62351e-36
1.11787e-38
3.39373e-41
1.03537e-43
3.28377e-46
1.0841e-48
3.65411e-51
1.20544e-53
3.98228e-56
1.34402e-58
4.43871e-61
1.35977e-63
3.79934e-66
9.83013e-69
2.39425e-71
5.56159e-74
1.24299e-76
2.68653e-79
5.63005e-82
1.14532e-84
2.26265e-87
4.33907e-90
8.06568e-93
1.45239e-95
2.54214e-98
4.07684e-101
6.03765e-104
9.54464e-107
1.5855e-109
2.58943e-112
4.15993e-115
6.5572e-118
1.01146e-120
1.52586e-123
2.25351e-126
3.26462e-129
4.65237e-132
6.53956e-135
9.0871e-138
1.24979e-140
1.70062e-143
2.28703e-146
3.02521e-149
3.90971e-152
4.9262e-155
6.05093e-158
7.248e-161
8.4818e-164
8.24958e-167
1.19426e-170
1.52044e-174
2.04309e-178
2.99922e-182
4.5517e-186
6.70383e-190
9.26148e-194
1.19484e-197
8.98146e-202
2.99804e-206
3.91348e-210
6.73674e-214
1.06703e-217
1.6318e-221
2.42537e-225
3.48195e-229
4.81504e-233
6.43421e-237
8.36298e-241
1.06889e-244
1.3602e-248
1.74212e-252
2.26699e-256
3.01379e-260
4.11308e-264
5.70581e-268
7.84155e-272
1.05411e-275
1.3815e-279
1.75701e-283
2.16902e-287
2.60766e-291
3.07431e-295
3.57802e-299
4.12531e-303
4.71362e-307
5.30324e-311
5.79908e-315
6.09341e-319
0
0
0
0
0
0
0
0
0
0
0
0
0
0
0
0
0
0
0
0
0
0
0
0
0
0
0
0
0
0
0
0
0
0
0
0
0
0
0
0
0
0
0
0
0
0
0
0
0
0
0
0
0
0
0
0
0
0
0
0
0
0
0
0
0
0
0
0
0
0
0
0
0
0
0
0
0
0
0
0
0
0
0
0
0
0
0
0
0
0
0
0
0
0
0
0
0
0
0
0
0
0
0
0
0
0
0
0
0
0
0
0
0
0
0
0
0
0
0
0
0
0
0
0
0
0
0
0
0
0
0
0
0
0
0
0
0
0
0
0
0
0
0
0
0
0
0
0
0
0
0
0
0
0
0
0
0
0
0
0
0
0
0
0
0
0
0
0
0
0
0
0
0
0
0
0
0
0
0
0
0
0
0
0
0
0
0
0
0
0
0
0
0
0
0
0
0
0
0
0
0
0
0
0
0
0
0
0
0
0
0
0
0
0
0
0
0
0
0
0
0
0
0
0
0
0
0
0
0
0
0
0
0
0
0
0
0
0
0
0
0
0
0
0
0
0
0
0
0
0
0
0
0
0
0
0
0
0
0
0
0
0
0
0
0
0
0
0
0
0
0
0
0
0
0
0
0
0
0
0
0
0
0
0
0
0
0
0
0
0
0
1
1
1
1
1
0.206808
0.0130437
0.000195375
2.33127e-06
2.42636e-08
2.26397e-10
1.92003e-12
1.47128e-14
1.0269e-16
6.55593e-19
3.84259e-21
2.05712e-23
1.01312e-25
4.63704e-28
1.98263e-30
7.97091e-33
3.04666e-35
1.11625e-37
3.98687e-40
1.41548e-42
5.09215e-45
1.88292e-47
7.00737e-50
2.52311e-52
8.96345e-55
3.23095e-57
1.15078e-59
3.87589e-62
1.20475e-64
3.47481e-67
9.42281e-70
2.42871e-72
5.99737e-75
1.42599e-77
3.27547e-80
7.27961e-83
1.56634e-85
3.26426e-88
6.58938e-91
1.28942e-93
2.44129e-96
4.72044e-99
9.34519e-102
1.71935e-104
2.95102e-107
4.98061e-110
8.24017e-113
1.33602e-115
2.12099e-118
3.2962e-121
5.01376e-124
7.46937e-127
1.09184e-129
1.56862e-132
2.21903e-135
3.0952e-138
4.25801e-141
5.77849e-144
7.72784e-147
1.01536e-149
1.30729e-152
1.64679e-155
2.0276e-158
2.442e-161
2.87981e-164
1.73314e-167
1.35227e-171
1.33882e-175
1.69877e-179
2.29489e-183
2.99444e-187
3.67605e-191
4.12689e-195
6.17764e-199
1.18067e-202
1.71538e-206
1.81329e-210
2.02274e-214
2.31304e-218
2.69079e-222
3.14176e-226
3.65e-230
4.18429e-234
4.72217e-238
5.28407e-242
5.90683e-246
6.65967e-250
7.62145e-254
8.85384e-258
1.04763e-261
1.26166e-265
1.53031e-269
1.85265e-273
2.22256e-277
2.61971e-281
3.03604e-285
3.47555e-289
3.93987e-293
4.44015e-297
4.96637e-301
5.48956e-305
5.97316e-309
6.34144e-313
6.53476e-317
6.18076e-321
0
0
0
0
0
0
0
0
0
0
0
0
0
0
0
0
0
0
0
0
0
0
0
0
0
0
0
0
0
0
0
0
0
0
0
0
0
0
0
0
0
0
0
0
0
0
0
0
0
0
0
0
0
0
0
0
0
0
0
0
0
0
0
0
0
0
0
0
0
0
0
0
0
0
0
0
0
0
0
0
0
0
0
0
0
0
0
0
0
0
0
0
0
0
0
0
0
0
0
0
0
0
0
0
0
0
0
0
0
0
0
0
0
0
0
0
0
0
0
0
0
0
0
0
0
0
0
0
0
0
0
0
0
0
0
0
0
0
0
0
0
0
0
0
0
0
0
0
0
0
0
0
0
0
0
0
0
0
0
0
0
0
0
0
0
0
0
0
0
0
0
0
0
0
0
0
0
0
0
0
0
0
0
0
0
0
0
0
0
0
0
0
0
0
0
0
0
0
0
0
0
0
0
0
0
0
0
0
0
0
0
0
0
0
0
0
0
0
0
0
0
0
0
0
0
0
0
0
0
0
0
0
0
0
0
0
0
0
0
0
0
0
0
0
0
0
0
0
0
0
0
0
0
0
0
0
0
0
0
0
0
0
0
0
0
0
0
0
0
0
0
0
0
0
0
0
0
0
0
0
0
0
0
0
0
0
0
0
0
0
1
1
1
1
0.250872
0.0453143
0.00161328
1.79569e-05
1.98657e-07
1.9889e-09
1.73443e-11
1.33101e-13
9.18912e-16
5.85438e-18
3.50391e-20
1.93602e-22
9.78536e-25
4.56741e-27
2.01052e-29
8.25666e-32
3.21927e-34
1.1915e-36
4.24815e-39
1.4746e-41
5.10533e-44
1.80257e-46
6.64746e-49
2.52565e-51
9.36641e-54
3.39865e-56
1.24332e-58
4.50372e-61
1.55536e-63
5.00013e-66
1.49618e-68
4.20772e-71
1.12138e-73
2.85053e-76
6.9482e-79
1.63121e-81
3.69973e-84
8.12096e-87
1.72696e-89
3.56102e-92
7.12929e-95
1.38111e-97
2.66197e-100
5.12978e-103
9.43359e-106
1.66627e-108
2.89473e-111
4.92412e-114
8.19673e-117
1.33438e-119
2.12306e-122
3.30141e-125
5.02314e-128
7.48923e-131
1.09548e-133
1.57291e-136
2.21883e-139
3.07855e-142
4.20566e-145
5.65751e-148
7.48411e-151
9.73317e-154
1.24459e-156
1.56468e-159
1.93342e-162
2.33315e-165
3.47626e-169
4.88633e-173
6.44302e-177
7.91844e-181
9.08777e-185
9.8931e-189
1.04814e-192
1.07431e-196
1.32679e-200
2.01229e-204
2.68754e-208
3.16707e-212
3.96172e-216
5.04572e-220
6.49988e-224
8.41964e-228
1.08787e-231
1.39492e-235
1.77778e-239
2.25993e-243
2.86942e-247
3.6278e-251
4.57277e-255
5.77023e-259
7.32655e-263
9.35054e-267
1.18667e-270
1.49578e-274
1.87871e-278
2.35454e-282
2.94097e-286
3.64622e-290
4.49588e-294
5.53652e-298
6.81575e-302
8.33161e-306
1.00206e-309
1.17963e-313
1.3566e-317
1.14623e-321
0
0
0
0
0
0
0
0
0
0
0
0
0
0
0
0
0
0
0
0
0
0
0
0
0
0
0
0
0
0
0
0
0
0
0
0
0
0
0
0
0
0
0
0
0
0
0
0
0
0
0
0
0
0
0
0
0
0
0
0
0
0
0
0
0
0
0
0
0
0
0
0
0
0
0
0
0
0
0
0
0
0
0
0
0
0
0
0
0
0
0
0
0
0
0
0
0
0
0
0
0
0
0
0
0
0
0
0
0
0
0
0
0
0
0
0
0
0
0
0
0
0
0
0
0
0
0
0
0
0
0
0
0
0
0
0
0
0
0
0
0
0
0
0
0
0
0
0
0
0
0
0
0
0
0
0
0
0
0
0
0
0
0
0
0
0
0
0
0
0
0
0
0
0
0
0
0
0
0
0
0
0
0
0
0
0
0
0
0
0
0
0
0
0
0
0
0
0
0
0
0
0
0
0
0
0
0
0
0
0
0
0
0
0
0
0
0
0
0
0
0
0
0
0
0
0
0
0
0
0
0
0
0
0
0
0
0
0
0
0
0
0
0
0
0
0
0
0
0
0
0
0
0
0
0
0
0
0
0
0
0
0
0
0
0
0
0
0
0
0
0
0
0
0
0
0
0
0
0
0
0
0
0
0
0
0
0
0
0
0
1
1
1
0.198247
0.0203966
0.00150592
2.03622e-05
2.62591e-07
3.01612e-09
2.96826e-11
2.54986e-13
1.95789e-15
1.34285e-17
8.39742e-20
4.79435e-22
2.50809e-24
1.21351e-26
5.42784e-29
2.29238e-31
9.04505e-34
3.40082e-36
1.22125e-38
4.24323e-41
1.45927e-43
5.06034e-46
1.83306e-48
7.04994e-51
2.83388e-53
1.10931e-55
4.21055e-58
1.58807e-60
5.91697e-63
2.09242e-65
6.83304e-68
2.06145e-70
5.81133e-73
1.54571e-75
3.90963e-78
9.46672e-81
2.20533e-83
4.95932e-86
1.07931e-88
2.2782e-91
4.67316e-94
9.32846e-97
1.80372e-99
3.45529e-102
6.55636e-105
1.1926e-107
2.1044e-110
3.6484e-113
6.18173e-116
1.02308e-118
1.65369e-121
2.61041e-124
4.02494e-127
6.06516e-130
8.94062e-133
1.29072e-135
1.82699e-138
2.53865e-141
3.46705e-144
4.66343e-147
6.18778e-150
8.10133e-153
1.04682e-155
1.33448e-158
1.6767e-161
2.07319e-164
1.00796e-167
8.09844e-172
1.07239e-175
1.57586e-179
2.22855e-183
2.99758e-187
3.89145e-191
4.96725e-195
6.14438e-199
8.44787e-203
1.33327e-206
1.98194e-210
2.86292e-214
4.43288e-218
7.02767e-222
1.13021e-225
1.8325e-229
2.97421e-233
4.79273e-237
7.61535e-241
1.18789e-244
1.81621e-248
2.72172e-252
3.99855e-256
5.76269e-260
8.20107e-264
1.16095e-267
1.63918e-271
2.32298e-275
3.32278e-279
4.80021e-283
7.00958e-287
1.03281e-290
1.52514e-294
2.23759e-298
3.24119e-302
4.62576e-306
6.52132e-310
9.11801e-314
1.26544e-317
1.29445e-321
0
0
0
0
0
0
0
0
0
0
0
0
0
0
0
0
0
0
0
0
0
0
0
0
0
0
0
0
0
0
0
0
0
0
0
0
0
0
0
0
0
0
0
0
0
0
0
0
0
0
0
0
0
0
0
0
0
0
0
0
0
0
0
0
0
0
0
0
0
0
0
0
0
0
0
0
0
0
0
0
0
0
0
0
0
0
0
0
0
0
0
0
0
0
0
0
0
0
0
0
0
0
0
0
0
0
0
0
0
0
0
0
0
0
0
0
0
0
0
0
0
0
0
0
0
0
0
0
0
0
0
0
0
0
0
0
0
0
0
0
0
0
0
0
0
0
0
0
0
0
0
0
0
0
0
0
0
0
0
0
0
0
0
0
0
0
0
0
0
0
0
0
0
0
0
0
0
0
0
0
0
0
0
0
0
0
0
0
0
0
0
0
0
0
0
0
0
0
0
0
0
0
0
0
0
0
0
0
0
0
0
0
0
0
0
0
0
0
0
0
0
0
0
0
0
0
0
0
0
0
0
0
0
0
0
0
0
0
0
0
0
0
0
0
0
0
0
0
0
0
0
0
0
0
0
0
0
0
0
0
0
0
0
0
0
0
0
0
0
0
0
0
0
0
0
0
0
0
0
0
0
0
0
0
0
0
0
0
0
0
1
1
0.20095
0.0176074
0.000409453
1.46294e-05
2.34975e-07
3.09795e-09
3.42383e-11
3.24073e-13
2.64886e-15
1.91097e-17
1.23917e-19
7.27495e-22
3.9339e-24
1.94919e-26
8.98883e-29
3.84379e-31
1.55322e-33
5.90216e-36
2.14548e-38
7.4865e-41
2.56818e-43
8.77994e-46
3.12023e-48
1.16304e-50
4.67827e-53
1.97065e-55
8.18641e-58
3.24261e-60
1.24656e-62
4.65059e-65
1.63403e-67
5.26638e-70
1.56099e-72
4.32091e-75
1.12834e-77
2.79932e-80
6.64092e-83
1.51499e-85
3.33766e-88
7.12387e-91
1.47667e-93
2.97864e-96
5.86015e-99
1.11579e-101
2.10653e-104
3.9347e-107
7.04619e-110
1.23051e-112
2.11051e-115
3.5318e-118
5.76577e-121
9.1777e-124
1.42482e-126
2.15947e-129
3.19791e-132
4.63279e-135
6.57514e-138
9.14621e-141
1.24765e-143
1.67183e-146
2.20696e-149
2.87633e-152
3.70409e-155
4.71919e-158
5.95069e-161
7.41456e-164
7.53609e-167
9.97715e-171
1.23845e-174
1.67109e-178
2.48125e-182
3.83387e-186
5.88491e-190
8.84723e-194
1.31969e-197
1.90994e-201
2.97544e-205
5.18262e-209
8.71664e-213
1.47324e-216
2.66208e-220
4.90053e-224
9.11451e-228
1.68889e-231
3.08411e-235
5.51591e-239
9.60415e-243
1.62378e-246
2.66755e-250
4.24507e-254
6.52758e-258
9.74026e-262
1.42461e-265
2.06174e-269
2.96523e-273
4.27657e-277
6.25444e-281
9.31806e-285
1.40462e-288
2.12413e-292
3.21854e-296
4.88329e-300
7.40477e-304
1.12079e-307
1.68517e-311
2.50387e-315
3.67125e-319
0
0
0
0
0
0
0
0
0
0
0
0
0
0
0
0
0
0
0
0
0
0
0
0
0
0
0
0
0
0
0
0
0
0
0
0
0
0
0
0
0
0
0
0
0
0
0
0
0
0
0
0
0
0
0
0
0
0
0
0
0
0
0
0
0
0
0
0
0
0
0
0
0
0
0
0
0
0
0
0
0
0
0
0
0
0
0
0
0
0
0
0
0
0
0
0
0
0
0
0
0
0
0
0
0
0
0
0
0
0
0
0
0
0
0
0
0
0
0
0
0
0
0
0
0
0
0
0
0
0
0
0
0
0
0
0
0
0
0
0
0
0
0
0
0
0
0
0
0
0
0
0
0
0
0
0
0
0
0
0
0
0
0
0
0
0
0
0
0
0
0
0
0
0
0
0
0
0
0
0
0
0
0
0
0
0
0
0
0
0
0
0
0
0
0
0
0
0
0
0
0
0
0
0
0
0
0
0
0
0
0
0
0
0
0
0
0
0
0
0
0
0
0
0
0
0
0
0
0
0
0
0
0
0
0
0
0
0
0
0
0
0
0
0
0
0
0
0
0
0
0
0
0
0
0
0
0
0
0
0
0
0
0
0
0
0
0
0
0
0
0
0
0
0
0
0
0
0
0
0
0
0
0
0
0
0
0
0
0
0
0
0.11643
0.0994638
0.0208006
0.000517936
8.12346e-06
1.64754e-07
2.45518e-09
3.0459e-11
3.14603e-13
2.77106e-15
2.14216e-17
1.45945e-19
9.04413e-22
5.02895e-24
2.59278e-26
1.22374e-28
5.40883e-31
2.22214e-33
8.6539e-36
3.18297e-38
1.12783e-40
3.85917e-43
1.31763e-45
4.54569e-48
1.66011e-50
6.43447e-53
2.69705e-55
1.19294e-57
5.14383e-60
2.09742e-62
8.36679e-65
3.26432e-67
1.19224e-69
3.90193e-72
1.15637e-74
3.1972e-77
8.34454e-80
2.06531e-82
4.87464e-85
1.10358e-87
2.40708e-90
5.077e-93
1.039e-95
2.06997e-98
4.03269e-101
7.58048e-104
1.40941e-106
2.59671e-109
4.57472e-112
7.8736e-115
1.33504e-117
2.21018e-120
3.57858e-123
5.66591e-126
8.76902e-129
1.32573e-131
1.95679e-134
2.82185e-137
3.97801e-140
5.47721e-143
7.37493e-146
9.72896e-149
1.26037e-151
1.61164e-154
2.0465e-157
2.58816e-160
3.25246e-163
3.89757e-166
1.01647e-169
2.19605e-173
4.29581e-177
8.14582e-181
1.55598e-184
3.03162e-188
6.01008e-192
1.20711e-195
2.46805e-199
4.89764e-203
9.99841e-207
2.184e-210
4.47546e-214
8.94275e-218
1.83985e-221
3.72875e-225
7.53656e-229
1.52468e-232
3.0799e-236
6.16593e-240
1.21247e-243
2.33064e-247
4.35538e-251
7.81899e-255
1.34258e-258
2.2092e-262
3.49899e-266
5.43781e-270
8.53085e-274
1.37807e-277
2.29478e-281
3.9139e-285
6.74653e-289
1.15643e-292
1.96131e-296
3.28372e-300
5.39487e-304
8.66551e-308
1.36524e-311
2.13036e-315
3.3428e-319
0
0
0
0
0
0
0
0
0
0
0
0
0
0
0
0
0
0
0
0
0
0
0
0
0
0
0
0
0
0
0
0
0
0
0
0
0
0
0
0
0
0
0
0
0
0
0
0
0
0
0
0
0
0
0
0
0
0
0
0
0
0
0
0
0
0
0
0
0
0
0
0
0
0
0
0
0
0
0
0
0
0
0
0
0
0
0
0
0
0
0
0
0
0
0
0
0
0
0
0
0
0
0
0
0
0
0
0
0
0
0
0
0
0
0
0
0
0
0
0
0
0
0
0
0
0
0
0
0
0
0
0
0
0
0
0
0
0
0
0
0
0
0
0
0
0
0
0
0
0
0
0
0
0
0
0
0
0
0
0
0
0
0
0
0
0
0
0
0
0
0
0
0
0
0
0
0
0
0
0
0
0
0
0
0
0
0
0
0
0
0
0
0
0
0
0
0
0
0
0
0
0
0
0
0
0
0
0
0
0
0
0
0
0
0
0
0
0
0
0
0
0
0
0
0
0
0
0
0
0
0
0
0
0
0
0
0
0
0
0
0
0
0
0
0
0
0
0
0
0
0
0
0
0
0
0
0
0
0
0
0
0
0
0
0
0
0
0
0
0
0
0
0
0
0
0
0
0
0
0
0
0
0
0
0
0
0
0
0
0
0
0.00392141
0.00301553
0.000415459
8.23944e-06
1.24615e-07
1.8325e-09
2.3337e-11
2.60711e-13
2.47761e-15
2.06515e-17
1.50173e-19
9.77054e-22
5.76064e-24
3.07138e-26
1.51664e-28
6.89057e-31
2.93509e-33
1.16981e-35
4.41707e-38
1.58947e-40
5.53745e-43
1.88141e-45
6.46794e-48
2.27468e-50
8.57862e-53
3.45023e-55
1.50577e-57
6.89042e-60
3.02704e-62
1.28052e-64
5.33591e-67
2.16954e-69
8.09195e-72
2.64807e-74
7.78244e-77
2.11867e-79
5.42498e-82
1.31864e-84
3.06417e-87
6.84264e-90
1.47441e-92
3.0752e-95
6.22522e-98
1.22582e-100
2.35374e-103
4.38986e-106
8.03236e-109
1.43847e-111
2.50392e-114
4.27129e-117
7.12808e-120
1.16431e-122
1.86127e-125
2.91165e-128
4.45721e-131
6.67743e-134
9.79151e-137
1.40608e-139
1.97816e-142
2.72736e-145
3.68886e-148
4.89833e-151
6.39287e-154
8.21481e-157
1.0413e-159
1.3035e-162
1.5965e-165
4.88956e-169
1.33525e-172
3.25161e-176
7.32788e-180
1.59422e-183
3.45617e-187
7.57113e-191
1.67339e-194
3.70237e-198
8.14973e-202
1.76916e-205
3.81399e-209
8.171e-213
1.72848e-216
3.62751e-220
7.54681e-224
1.5568e-227
3.18587e-231
6.4686e-235
1.30238e-238
2.59672e-242
5.11783e-246
9.9537e-250
1.90715e-253
3.59432e-257
6.65995e-261
1.21335e-264
2.17533e-268
3.84414e-272
6.71014e-276
1.15928e-279
1.98514e-283
3.37269e-287
5.68667e-291
9.51395e-295
1.57889e-298
2.59799e-302
4.23627e-306
6.84282e-310
1.095e-313
1.73669e-317
2.38634e-321
0
0
0
0
0
0
0
0
0
0
0
0
0
0
0
0
0
0
0
0
0
0
0
0
0
0
0
0
0
0
0
0
0
0
0
0
0
0
0
0
0
0
0
0
0
0
0
0
0
0
0
0
0
0
0
0
0
0
0
0
0
0
0
0
0
0
0
0
0
0
0
0
0
0
0
0
0
0
0
0
0
0
0
0
0
0
0
0
0
0
0
0
0
0
0
0
0
0
0
0
0
0
0
0
0
0
0
0
0
0
0
0
0
0
0
0
0
0
0
0
0
0
0
0
0
0
0
0
0
0
0
0
0
0
0
0
0
0
0
0
0
0
0
0
0
0
0
0
0
0
0
0
0
0
0
0
0
0
0
0
0
0
0
0
0
0
0
0
0
0
0
0
0
0
0
0
0
0
0
0
0
0
0
0
0
0
0
0
0
0
0
0
0
0
0
0
0
0
0
0
0
0
0
0
0
0
0
0
0
0
0
0
0
0
0
0
0
0
0
0
0
0
0
0
0
0
0
0
0
0
0
0
0
0
0
0
0
0
0
0
0
0
0
0
0
0
0
0
0
0
0
0
0
0
0
0
0
0
0
0
0
0
0
0
0
0
0
0
0
0
0
0
0
0
0
0
0
0
0
0
0
0
0
0
0
0
0
0
0
0
0
6.25906e-05
5.29217e-05
6.73347e-06
1.16892e-07
1.59322e-09
1.91017e-11
2.08476e-13
2.04121e-15
1.78453e-17
1.37923e-19
9.50188e-22
5.86923e-24
3.31318e-26
1.69755e-28
8.08533e-31
3.55216e-33
1.47075e-35
5.70868e-38
2.11273e-40
7.48275e-43
2.58804e-45
8.81257e-48
3.07438e-50
1.10049e-52
4.26623e-55
1.73222e-57
7.53571e-60
3.30852e-62
1.3968e-64
5.7019e-67
2.26003e-69
8.50849e-72
2.88592e-74
8.73097e-77
2.42339e-79
6.29334e-82
1.54733e-84
3.63047e-87
8.17521e-90
1.77445e-92
3.72478e-95
7.58157e-98
1.49952e-100
2.887e-103
5.41994e-106
9.91309e-109
1.77317e-111
3.10403e-114
5.30404e-117
8.86948e-120
1.45203e-122
2.32723e-125
3.65121e-128
5.60777e-131
8.43328e-134
1.24215e-136
1.79245e-139
2.53507e-142
3.51576e-145
4.78361e-148
6.39026e-151
8.38711e-154
1.08239e-156
1.375e-159
1.72141e-162
2.10912e-165
2.77297e-169
6.95883e-173
1.73649e-176
4.00391e-180
8.8407e-184
1.9368e-187
4.28116e-191
9.54108e-195
2.12596e-198
4.70141e-202
1.0292e-205
2.21875e-209
4.74727e-213
1.00997e-216
2.1226e-220
4.42336e-224
9.13913e-228
1.87242e-231
3.80458e-235
7.66444e-239
1.52942e-242
3.01857e-246
5.88229e-250
1.13011e-253
2.13789e-257
3.97858e-261
7.28298e-265
1.31182e-268
2.32709e-272
4.07221e-276
7.04401e-280
1.20667e-283
2.04957e-287
3.45423e-291
5.7767e-295
9.58339e-299
1.5766e-302
2.57104e-306
4.15451e-310
6.65123e-314
1.05518e-317
1.29939e-321
0
0
0
0
0
0
0
0
0
0
0
0
0
0
0
0
0
0
0
0
0
0
0
0
0
0
0
0
0
0
0
0
0
0
0
0
0
0
0
0
0
0
0
0
0
0
0
0
0
0
0
0
0
0
0
0
0
0
0
0
0
0
0
0
0
0
0
0
0
0
0
0
0
0
0
0
0
0
0
0
0
0
0
0
0
0
0
0
0
0
0
0
0
0
0
0
0
0
0
0
0
0
0
0
0
0
0
0
0
0
0
0
0
0
0
0
0
0
0
0
0
0
0
0
0
0
0
0
0
0
0
0
0
0
0
0
0
0
0
0
0
0
0
0
0
0
0
0
0
0
0
0
0
0
0
0
0
0
0
0
0
0
0
0
0
0
0
0
0
0
0
0
0
0
0
0
0
0
0
0
0
0
0
0
0
0
0
0
0
0
0
0
0
0
0
0
0
0
0
0
0
0
0
0
0
0
0
0
0
0
0
0
0
0
0
0
0
0
0
0
0
0
0
0
0
0
0
0
0
0
0
0
0
0
0
0
0
0
0
0
0
0
0
0
0
0
0
0
0
0
0
0
0
0
0
0
0
0
0
0
0
0
0
0
0
0
0
0
0
0
0
0
0
0
0
0
0
0
0
0
0
0
0
0
0
0
0
0
0
0
0
0
2.96413e-05
2.0423e-05
1.23406e-06
1.39609e-08
1.70357e-10
1.61108e-12
1.19127e-14
6.89602e-17
3.40399e-19
1.39469e-21
4.81384e-24
1.49708e-26
4.5413e-29
1.406e-31
4.01838e-48
1.18703e-49
1.04005e-51
7.77643e-54
5.11332e-56
2.99416e-58
1.55304e-60
7.04042e-63
2.80373e-65
9.99496e-68
3.20179e-70
9.47202e-73
2.62356e-75
6.80583e-78
1.65703e-80
3.79736e-83
8.23255e-86
1.69883e-88
3.35945e-91
6.40101e-94
1.17866e-96
2.09738e-99
3.60473e-102
5.98425e-105
9.60015e-108
1.49171e-110
2.25034e-113
3.30178e-116
4.71127e-119
6.12108e-122
3.31829e-134
6.82523e-135
2.35254e-137
5.3984e-140
1.01752e-142
1.70544e-145
2.64455e-148
3.86911e-151
5.41738e-154
7.31963e-157
9.5571e-160
1.20603e-162
1.46242e-165
1.88857e-169
5.03666e-173
3.0328e-176
2.59e-179
2.20256e-182
1.70974e-185
1.13487e-188
6.22912e-192
2.77953e-195
1.02853e-198
3.24302e-202
8.85809e-206
2.19234e-209
5.05138e-213
1.10079e-216
2.26381e-220
7.95045e-225
3.91708e-247
6.75798e-245
7.81193e-248
4.94193e-251
2.36563e-254
9.5883e-258
3.47936e-261
1.12879e-264
3.32938e-268
9.00293e-272
2.22122e-275
5.04992e-279
1.07006e-282
2.18447e-286
4.35667e-290
8.33715e-294
1.51504e-297
2.66303e-301
4.59993e-305
7.76257e-309
1.27439e-312
1.97924e-316
2.87497e-320
0
0
0
0
0
0
0
0
0
0
0
0
0
0
0
0
0
0
0
0
0
0
0
0
0
0
0
0
0
0
0
0
0
0
0
0
0
0
0
0
0
0
0
0
0
0
0
0
0
0
0
0
0
0
0
0
0
0
0
0
0
0
0
0
0
0
0
0
0
0
0
0
0
0
0
0
0
0
0
0
0
0
0
0
0
0
0
0
0
0
0
0
0
0
0
0
0
0
0
0
0
0
0
0
0
0
0
0
0
0
0
0
0
0
0
0
0
0
0
0
0
0
0
0
0
0
0
0
0
0
0
0
0
0
0
0
0
0
0
0
0
0
0
0
0
0
0
0
0
0
0
0
0
0
0
0
0
0
0
0
0
0
0
0
0
0
0
0
0
0
0
0
0
0
0
0
0
0
0
0
0
0
0
0
0
0
0
0
0
0
0
0
0
0
0
0
0
0
0
0
0
0
0
0
0
0
0
0
0
0
0
0
0
0
0
0
0
0
0
0
0
0
0
0
0
0
0
0
0
0
0
0
0
0
0
0
0
0
0
0
0
0
0
0
0
0
0
0
0
0
0
0
0
0
0
0
0
0
0
0
0
0
0
0
0
0
0
0
0
0
0
0
0
0
0
0
0
0.00199235
0.00114296
5.75881e-05
6.38397e-07
5.69909e-09
4.20254e-11
2.68822e-13
1.45144e-15
6.92009e-18
2.9476e-20
1.15771e-22
4.14369e-25
1.34118e-27
3.98996e-30
1.26434e-45
2.45844e-47
1.73155e-49
1.16852e-51
7.5082e-54
4.52987e-56
2.5252e-58
1.25711e-60
5.46039e-63
2.12471e-65
7.51234e-68
2.41683e-70
7.09679e-73
1.92812e-75
4.89216e-78
1.16391e-80
2.60781e-83
5.54113e-86
1.12658e-88
2.20958e-91
4.1882e-94
7.65921e-97
1.34933e-99
2.28996e-102
3.74471e-105
5.92186e-108
9.10093e-111
1.36243e-113
1.98059e-116
2.42408e-119
3.22101e-131
6.68635e-132
2.23921e-134
4.94731e-137
9.04408e-140
1.48628e-142
2.28096e-145
3.32309e-148
4.65409e-151
6.31835e-154
8.31334e-157
1.05941e-159
1.31605e-162
1.59019e-165
4.87291e-169
3.06321e-172
2.67806e-175
2.32668e-178
1.84107e-181
1.25991e-184
7.16851e-188
3.36506e-191
1.32705e-194
4.47282e-198
1.30236e-201
3.38211e-205
8.10173e-209
1.82433e-212
3.87202e-216
2.31561e-220
1.98339e-242
1.20508e-240
1.37335e-243
8.59745e-247
4.05681e-250
1.61243e-253
5.67708e-257
1.79035e-260
5.15145e-264
1.3733e-267
3.38238e-271
7.71035e-275
1.65865e-278
3.42846e-282
6.88854e-286
1.33319e-289
2.45995e-293
4.36633e-297
7.56966e-301
1.29131e-304
2.14497e-308
3.41176e-312
5.14962e-316
7.30674e-320
0
0
0
0
0
0
0
0
0
0
0
0
0
0
0
0
0
0
0
0
0
0
0
0
0
0
0
0
0
0
0
0
0
0
0
0
0
0
0
0
0
0
0
0
0
0
0
0
0
0
0
0
0
0
0
0
0
0
0
0
0
0
0
0
0
0
0
0
0
0
0
0
0
0
0
0
0
0
0
0
0
0
0
0
0
0
0
0
0
0
0
0
0
0
0
0
0
0
0
0
0
0
0
0
0
0
0
0
0
0
0
0
0
0
0
0
0
0
0
0
0
0
0
0
0
0
0
0
0
0
0
0
0
0
0
0
0
0
0
0
0
0
0
0
0
0
0
0
0
0
0
0
0
0
0
0
0
0
0
0
0
0
0
0
0
0
0
0
0
0
0
0
0
0
0
0
0
0
0
0
0
0
0
0
0
0
0
0
0
0
0
0
0
0
0
0
0
0
0
0
0
0
0
0
0
0
0
0
0
0
0
0
0
0
0
0
0
0
0
0
0
0
0
0
0
0
0
0
0
0
0
0
0
0
0
0
0
0
0
0
0
0
0
0
0
0
0
0
0
0
0
0
0
0
0
0
0
0
0
0
0
0
0
0
0
0
0
0
0
0
0
0
0
0
0
0
0.0563459
0.0393859
0.00219942
3.25617e-06
4.89194e-09
1.65102e-11
4.26089e-14
8.86395e-17
1.37969e-19
1.80398e-22
2.38891e-25
6.27818e-28
6.22823e-30
3.13779e-32
3.71765e-43
4.76669e-45
1.80592e-47
9.05228e-50
4.87236e-52
2.58459e-54
1.4137e-56
7.41319e-59
3.11267e-61
1.30599e-63
6.93315e-66
3.47569e-68
1.29966e-70
3.71228e-73
9.37374e-76
2.18783e-78
4.81812e-81
1.01385e-83
2.06379e-86
4.11673e-89
7.95576e-92
1.48184e-94
2.67578e-97
4.68803e-100
7.92073e-103
1.29766e-105
2.07835e-108
3.24648e-111
4.80162e-114
9.80839e-118
3.05804e-128
6.0102e-129
1.85176e-131
3.74267e-134
6.34357e-137
9.8307e-140
1.44276e-142
2.02852e-145
2.7669e-148
3.69814e-151
4.83178e-154
6.15586e-157
7.7472e-160
9.63626e-163
1.17751e-165
1.19896e-168
1.18356e-171
1.07032e-174
8.56685e-178
5.82576e-181
3.2929e-184
1.55692e-187
6.28455e-191
2.20106e-194
6.7507e-198
1.8477e-201
4.63487e-205
1.0857e-208
2.3743e-212
1.32542e-216
8.74376e-238
1.22103e-236
1.25806e-239
7.31422e-243
3.18439e-246
1.16106e-249
3.73258e-253
1.0811e-256
2.87563e-260
7.15402e-264
1.67136e-267
3.66249e-271
7.66847e-275
1.55826e-278
3.08133e-282
5.88164e-286
1.0756e-289
1.89475e-293
3.25459e-297
5.52233e-301
9.17152e-305
1.46875e-308
2.26791e-312
3.38104e-316
4.79738e-320
0
0
0
0
0
0
0
0
0
0
0
0
0
0
0
0
0
0
0
0
0
0
0
0
0
0
0
0
0
0
0
0
0
0
0
0
0
0
0
0
0
0
0
0
0
0
0
0
0
0
0
0
0
0
0
0
0
0
0
0
0
0
0
0
0
0
0
0
0
0
0
0
0
0
0
0
0
0
0
0
0
0
0
0
0
0
0
0
0
0
0
0
0
0
0
0
0
0
0
0
0
0
0
0
0
0
0
0
0
0
0
0
0
0
0
0
0
0
0
0
0
0
0
0
0
0
0
0
0
0
0
0
0
0
0
0
0
0
0
0
0
0
0
0
0
0
0
0
0
0
0
0
0
0
0
0
0
0
0
0
0
0
0
0
0
0
0
0
0
0
0
0
0
0
0
0
0
0
0
0
0
0
0
0
0
0
0
0
0
0
0
0
0
0
0
0
0
0
0
0
0
0
0
0
0
0
0
0
0
0
0
0
0
0
0
0
0
0
0
0
0
0
0
0
0
0
0
0
0
0
0
0
0
0
0
0
0
0
0
0
0
0
0
0
0
0
0
0
0
0
0
0
0
0
0
0
0
0
0
0
0
0
0
0
0
0
0
0
0
0
0
0
0
0
0
1
1
0.0928635
0.00329428
7.914e-06
3.20935e-08
9.14139e-11
2.15352e-13
3.7392e-16
5.47151e-19
8.04129e-22
1.40627e-24
2.69445e-27
5.16509e-30
1.79613e-39
1.69143e-41
4.1748e-44
1.53121e-46
6.55761e-49
2.98856e-51
1.48845e-53
8.03793e-56
3.88022e-58
1.50636e-60
6.91264e-63
3.80829e-65
1.79835e-67
5.9159e-70
1.58674e-72
3.84162e-75
8.75074e-78
1.90714e-80
4.0158e-83
8.21356e-86
1.63131e-88
3.14254e-91
5.87817e-94
1.06827e-96
1.88496e-99
3.23732e-102
5.41866e-105
8.81306e-108
1.35877e-110
4.23259e-114
3.31423e-124
2.07355e-125
6.12236e-128
1.21199e-130
2.02219e-133
3.08289e-136
4.46216e-139
6.24207e-142
8.51712e-145
1.1414e-147
1.50777e-150
1.96327e-153
2.51606e-156
3.17039e-159
3.9202e-162
4.73823e-165
4.79735e-168
4.5666e-171
3.70377e-174
2.48874e-177
1.37911e-180
6.47667e-184
2.63449e-187
9.42357e-191
3.00461e-194
8.65961e-198
2.28717e-201
5.60452e-205
1.27382e-208
1.16379e-212
4.31246e-233
9.68919e-233
9.19592e-236
5.00048e-239
2.03955e-242
6.92877e-246
2.06964e-249
5.6117e-253
1.4098e-256
3.32795e-260
7.45619e-264
1.59735e-267
3.29033e-271
6.54459e-275
1.26114e-278
2.36055e-282
4.30074e-286
7.63978e-290
1.32498e-293
2.24588e-297
3.72348e-301
6.04088e-305
9.59204e-309
1.4905e-312
2.26595e-316
3.34334e-320
0
0
0
0
0
0
0
0
0
0
0
0
0
0
0
0
0
0
0
0
0
0
0
0
0
0
0
0
0
0
0
0
0
0
0
0
0
0
0
0
0
0
0
0
0
0
0
0
0
0
0
0
0
0
0
0
0
0
0
0
0
0
0
0
0
0
0
0
0
0
0
0
0
0
0
0
0
0
0
0
0
0
0
0
0
0
0
0
0
0
0
0
0
0
0
0
0
0
0
0
0
0
0
0
0
0
0
0
0
0
0
0
0
0
0
0
0
0
0
0
0
0
0
0
0
0
0
0
0
0
0
0
0
0
0
0
0
0
0
0
0
0
0
0
0
0
0
0
0
0
0
0
0
0
0
0
0
0
0
0
0
0
0
0
0
0
0
0
0
0
0
0
0
0
0
0
0
0
0
0
0
0
0
0
0
0
0
0
0
0
0
0
0
0
0
0
0
0
0
0
0
0
0
0
0
0
0
0
0
0
0
0
0
0
0
0
0
0
0
0
0
0
0
0
0
0
0
0
0
0
0
0
0
0
0
0
0
0
0
0
0
0
0
0
0
0
0
0
0
0
0
0
0
0
0
0
0
0
0
0
0
0
0
0
0
0
0
0
0
0
0
0
0
0
1
1
1
0.10204
0.00678873
4.37227e-05
1.44016e-07
3.88899e-10
7.48434e-13
1.24553e-15
2.05662e-18
3.89199e-21
8.09e-24
1.64971e-26
7.70668e-36
7.30092e-38
1.55224e-40
4.56694e-43
1.53436e-45
5.61319e-48
2.22463e-50
9.92361e-53
4.87811e-55
2.08976e-57
7.8759e-60
3.53199e-62
1.70145e-64
6.6228e-67
1.95315e-69
5.02072e-72
1.19363e-74
2.69035e-77
5.83669e-80
1.22655e-82
2.49733e-85
4.92147e-88
9.3993e-91
1.74136e-93
3.13101e-96
5.48748e-99
9.39053e-102
1.56139e-104
2.47816e-107
1.08741e-110
2.97661e-120
5.29934e-122
1.42051e-124
2.70722e-127
4.45467e-130
6.78989e-133
9.90859e-136
1.40285e-138
1.94037e-141
2.63842e-144
3.53895e-147
4.68341e-150
6.10565e-153
7.8348e-156
9.8752e-159
1.2167e-161
1.45827e-164
1.52623e-167
1.21641e-170
7.85615e-174
4.03306e-177
1.7373e-180
6.53759e-184
2.18773e-187
6.56641e-191
1.78654e-194
4.4604e-198
1.03339e-201
2.22199e-205
2.04122e-209
2.12646e-228
5.6946e-229
4.47136e-232
2.08826e-235
7.46933e-239
2.25998e-242
6.09102e-246
1.50559e-249
3.47716e-253
7.59955e-257
1.58647e-260
3.18552e-264
6.18452e-268
1.16555e-271
2.13879e-275
3.83003e-279
6.70432e-283
1.14849e-286
1.92687e-290
3.16757e-294
5.10294e-298
8.05506e-302
1.2452e-305
1.88336e-309
2.78381e-313
4.018e-317
5.43966e-321
0
0
0
0
0
0
0
0
0
0
0
0
0
0
0
0
0
0
0
0
0
0
0
0
0
0
0
0
0
0
0
0
0
0
0
0
0
0
0
0
0
0
0
0
0
0
0
0
0
0
0
0
0
0
0
0
0
0
0
0
0
0
0
0
0
0
0
0
0
0
0
0
0
0
0
0
0
0
0
0
0
0
0
0
0
0
0
0
0
0
0
0
0
0
0
0
0
0
0
0
0
0
0
0
0
0
0
0
0
0
0
0
0
0
0
0
0
0
0
0
0
0
0
0
0
0
0
0
0
0
0
0
0
0
0
0
0
0
0
0
0
0
0
0
0
0
0
0
0
0
0
0
0
0
0
0
0
0
0
0
0
0
0
0
0
0
0
0
0
0
0
0
0
0
0
0
0
0
0
0
0
0
0
0
0
0
0
0
0
0
0
0
0
0
0
0
0
0
0
0
0
0
0
0
0
0
0
0
0
0
0
0
0
0
0
0
0
0
0
0
0
0
0
0
0
0
0
0
0
0
0
0
0
0
0
0
0
0
0
0
0
0
0
0
0
0
0
0
0
0
0
0
0
0
0
0
0
0
0
0
0
0
0
0
0
0
0
0
0
0
0
0
0
1
1
1
1
0.144559
0.0160149
9.44277e-05
3.01801e-07
6.04762e-10
1.15319e-12
2.24036e-15
4.92358e-18
1.13943e-20
2.54333e-23
1.79896e-32
1.83327e-34
3.78271e-37
1.0501e-39
3.20991e-42
1.03438e-44
3.5175e-47
1.29165e-49
5.29386e-52
2.26347e-54
8.2288e-57
3.04728e-59
1.29615e-61
5.49264e-64
1.85935e-66
5.17583e-69
1.29835e-71
3.03945e-74
6.79305e-77
1.46524e-79
3.05898e-82
6.1799e-85
1.20939e-87
2.29364e-90
4.21664e-93
7.56684e-96
1.32945e-98
2.2676e-101
3.71484e-104
2.45322e-107
1.59597e-116
1.1224e-118
2.70901e-121
4.9766e-124
8.08691e-127
1.23376e-129
1.81732e-132
2.60201e-135
3.64212e-138
5.01492e-141
6.81899e-144
9.16343e-147
1.21505e-149
1.58893e-152
2.04414e-155
2.56987e-158
3.13707e-161
3.71502e-164
3.99361e-167
2.51879e-170
1.1768e-173
4.44128e-177
1.46664e-180
4.40944e-184
1.21088e-187
3.04809e-191
7.09462e-195
1.5376e-198
3.09895e-202
2.8512e-206
1.04122e-223
3.29898e-225
2.03863e-228
7.91945e-232
2.42227e-235
6.3931e-239
1.52996e-242
3.40141e-246
7.1367e-250
1.4292e-253
2.75517e-257
5.14654e-261
9.36107e-265
1.66408e-268
2.89892e-272
4.95769e-276
8.33035e-280
1.37547e-283
2.23115e-287
3.55366e-291
5.55415e-295
8.51115e-299
1.27713e-302
1.87253e-306
2.6738e-310
3.7126e-314
5.01723e-318
4.59481e-322
0
0
0
0
0
0
0
0
0
0
0
0
0
0
0
0
0
0
0
0
0
0
0
0
0
0
0
0
0
0
0
0
0
0
0
0
0
0
0
0
0
0
0
0
0
0
0
0
0
0
0
0
0
0
0
0
0
0
0
0
0
0
0
0
0
0
0
0
0
0
0
0
0
0
0
0
0
0
0
0
0
0
0
0
0
0
0
0
0
0
0
0
0
0
0
0
0
0
0
0
0
0
0
0
0
0
0
0
0
0
0
0
0
0
0
0
0
0
0
0
0
0
0
0
0
0
0
0
0
0
0
0
0
0
0
0
0
0
0
0
0
0
0
0
0
0
0
0
0
0
0
0
0
0
0
0
0
0
0
0
0
0
0
0
0
0
0
0
0
0
0
0
0
0
0
0
0
0
0
0
0
0
0
0
0
0
0
0
0
0
0
0
0
0
0
0
0
0
0
0
0
0
0
0
0
0
0
0
0
0
0
0
0
0
0
0
0
0
0
0
0
0
0
0
0
0
0
0
0
0
0
0
0
0
0
0
0
0
0
0
0
0
0
0
0
0
0
0
0
0
0
0
0
0
0
0
0
0
0
0
0
0
0
0
0
0
0
0
0
0
0
0
1
1
1
1
1
0.0954513
0.00286564
1.5462e-05
6.66123e-08
2.55669e-10
8.90219e-13
2.78742e-15
7.73649e-18
1.93007e-20
2.47733e-29
2.35923e-31
5.56036e-34
1.53797e-36
4.66065e-39
1.42557e-41
4.50772e-44
1.47275e-46
5.20198e-49
1.99922e-51
7.22771e-54
2.47911e-56
9.06836e-59
3.52835e-61
1.28718e-63
3.98874e-66
1.07127e-68
2.62272e-71
6.04711e-74
1.33824e-76
2.86608e-79
5.95145e-82
1.19937e-84
2.34497e-87
4.44272e-90
8.20461e-93
1.4822e-95
2.59808e-98
4.40524e-101
4.63882e-104
5.43452e-113
1.89941e-115
4.09526e-118
7.26855e-121
1.17212e-123
1.79168e-126
2.65666e-129
3.83656e-132
5.42187e-135
7.54902e-138
1.03996e-140
1.41945e-143
1.91563e-146
2.55497e-149
3.35798e-152
4.30931e-155
5.35601e-158
6.4461e-161
7.54065e-164
7.89804e-167
3.42925e-170
1.10754e-173
2.9861e-177
7.49369e-181
1.78468e-184
4.00401e-188
8.47845e-192
1.68991e-195
3.1445e-199
2.84147e-203
5.15677e-219
1.90106e-221
8.50788e-225
2.61923e-228
6.62444e-232
1.47959e-235
3.06105e-239
5.98371e-243
1.11617e-246
2.00868e-250
3.51778e-254
6.03591e-258
1.01906e-261
1.69831e-265
2.79977e-269
4.56569e-273
7.35076e-277
1.1657e-280
1.81719e-284
2.78015e-288
4.17042e-292
6.12983e-296
8.81835e-300
1.23726e-303
1.67496e-307
2.17786e-311
2.74656e-315
3.37343e-319
0
0
0
0
0
0
0
0
0
0
0
0
0
0
0
0
0
0
0
0
0
0
0
0
0
0
0
0
0
0
0
0
0
0
0
0
0
0
0
0
0
0
0
0
0
0
0
0
0
0
0
0
0
0
0
0
0
0
0
0
0
0
0
0
0
0
0
0
0
0
0
0
0
0
0
0
0
0
0
0
0
0
0
0
0
0
0
0
0
0
0
0
0
0
0
0
0
0
0
0
0
0
0
0
0
0
0
0
0
0
0
0
0
0
0
0
0
0
0
0
0
0
0
0
0
0
0
0
0
0
0
0
0
0
0
0
0
0
0
0
0
0
0
0
0
0
0
0
0
0
0
0
0
0
0
0
0
0
0
0
0
0
0
0
0
0
0
0
0
0
0
0
0
0
0
0
0
0
0
0
0
0
0
0
0
0
0
0
0
0
0
0
0
0
0
0
0
0
0
0
0
0
0
0
0
0
0
0
0
0
0
0
0
0
0
0
0
0
0
0
0
0
0
0
0
0
0
0
0
0
0
0
0
0
0
0
0
0
0
0
0
0
0
0
0
0
0
0
0
0
0
0
0
0
0
0
0
0
0
0
0
0
0
0
0
0
0
0
0
0
0
0
1
1
1
1
1
0.124591
0.00528854
4.64145e-05
3.24143e-07
2.00219e-09
1.1376e-11
5.73125e-14
2.6006e-16
1.01472e-18
1.69454e-26
1.11883e-28
3.23444e-31
9.87856e-34
3.09953e-36
9.57698e-39
2.93639e-41
9.11486e-44
2.94734e-46
1.03043e-48
3.63902e-51
1.21378e-53
4.0888e-56
1.44847e-58
5.19091e-61
1.72136e-63
5.00827e-66
1.3017e-68
3.13341e-71
7.16838e-74
1.58185e-76
3.38703e-79
7.05283e-82
1.42827e-84
2.8088e-87
5.37123e-90
9.99393e-93
1.80085e-95
3.14898e-98
4.55332e-101
9.30084e-110
2.089e-112
3.95131e-115
6.68775e-118
1.06701e-120
1.63471e-123
2.43399e-126
3.53796e-129
5.04165e-132
7.08887e-135
9.87462e-138
1.36502e-140
1.86963e-143
2.53375e-146
3.38983e-149
4.4338e-152
5.61659e-155
6.88898e-158
8.20829e-161
9.52393e-164
9.66237e-167
2.71738e-170
5.45752e-174
1.00051e-177
1.85202e-181
3.4696e-185
6.3877e-189
1.11782e-192
1.84762e-196
1.63198e-200
2.54585e-214
1.12724e-217
3.16019e-221
7.0119e-225
1.37568e-228
2.46812e-232
4.15781e-236
6.66504e-240
1.02586e-243
1.54441e-247
2.31638e-251
3.507e-255
5.37905e-259
8.35381e-263
1.31299e-266
2.06111e-270
3.15847e-274
4.65608e-278
6.57983e-282
8.89569e-286
1.15274e-289
1.44417e-293
1.77041e-297
2.14385e-301
2.56e-305
3.01901e-309
3.53589e-313
4.07644e-317
4.44165e-321
0
0
0
0
0
0
0
0
0
0
0
0
0
0
0
0
0
0
0
0
0
0
0
0
0
0
0
0
0
0
0
0
0
0
0
0
0
0
0
0
0
0
0
0
0
0
0
0
0
0
0
0
0
0
0
0
0
0
0
0
0
0
0
0
0
0
0
0
0
0
0
0
0
0
0
0
0
0
0
0
0
0
0
0
0
0
0
0
0
0
0
0
0
0
0
0
0
0
0
0
0
0
0
0
0
0
0
0
0
0
0
0
0
0
0
0
0
0
0
0
0
0
0
0
0
0
0
0
0
0
0
0
0
0
0
0
0
0
0
0
0
0
0
0
0
0
0
0
0
0
0
0
0
0
0
0
0
0
0
0
0
0
0
0
0
0
0
0
0
0
0
0
0
0
0
0
0
0
0
0
0
0
0
0
0
0
0
0
0
0
0
0
0
0
0
0
0
0
0
0
0
0
0
0
0
0
0
0
0
0
0
0
0
0
0
0
0
0
0
0
0
0
0
0
0
0
0
0
0
0
0
0
0
0
0
0
0
0
0
0
0
0
0
0
0
0
0
0
0
0
0
0
0
0
0
0
0
0
0
0
0
0
0
0
0
0
0
0
0
0
0
1
1
1
1
1
0.192779
0.0113715
0.000146346
1.52324e-06
1.40522e-08
1.16759e-10
8.75338e-13
5.89244e-15
3.54701e-17
1.95419e-19
9.87025e-22
5.0778e-24
2.22495e-26
9.10262e-29
3.31206e-31
1.1385e-33
3.63623e-36
1.1217e-38
3.39797e-41
1.04063e-43
3.27332e-46
1.09164e-48
3.67077e-51
1.20321e-53
3.97581e-56
1.34172e-58
4.43275e-61
1.35835e-63
3.79648e-66
9.82505e-69
2.39342e-71
5.56035e-74
1.24283e-76
2.68634e-79
5.62987e-82
1.14532e-84
2.2627e-87
4.33925e-90
8.06613e-93
1.45249e-95
2.54232e-98
4.07715e-101
6.03815e-104
9.54548e-107
1.58565e-109
2.58969e-112
4.16037e-115
6.55792e-118
1.01158e-120
1.52604e-123
2.25379e-126
3.26505e-129
4.653e-132
6.54048e-135
9.08844e-138
1.24998e-140
1.70089e-143
2.28741e-146
3.02573e-149
3.91042e-152
4.92714e-155
6.05212e-158
7.24947e-161
8.48359e-164
8.25002e-167
1.19438e-170
1.52069e-174
2.04353e-178
2.99995e-182
4.55288e-186
6.70571e-190
9.26435e-194
1.19525e-197
8.985e-202
2.99933e-206
3.91534e-210
6.74029e-214
1.06764e-217
1.63279e-221
2.42692e-225
3.48428e-229
4.81839e-233
6.43886e-237
8.36926e-241
1.06973e-244
1.3613e-248
1.7436e-252
2.269e-256
3.01657e-260
4.11706e-264
5.71161e-268
7.84993e-272
1.05529e-275
1.38313e-279
1.75919e-283
2.17182e-287
2.61118e-291
3.07864e-295
3.58326e-299
4.13158e-303
4.72104e-307
5.31188e-311
5.80884e-315
6.10665e-319
0
0
0
0
0
0
0
0
0
0
0
0
0
0
0
0
0
0
0
0
0
0
0
0
0
0
0
0
0
0
0
0
0
0
0
0
0
0
0
0
0
0
0
0
0
0
0
0
0
0
0
0
0
0
0
0
0
0
0
0
0
0
0
0
0
0
0
0
0
0
0
0
0
0
0
0
0
0
0
0
0
0
0
0
0
0
0
0
0
0
0
0
0
0
0
0
0
0
0
0
0
0
0
0
0
0
0
0
0
0
0
0
0
0
0
0
0
0
0
0
0
0
0
0
0
0
0
0
0
0
0
0
0
0
0
0
0
0
0
0
0
0
0
0
0
0
0
0
0
0
0
0
0
0
0
0
0
0
0
0
0
0
0
0
0
0
0
0
0
0
0
0
0
0
0
0
0
0
0
0
0
0
0
0
0
0
0
0
0
0
0
0
0
0
0
0
0
0
0
0
0
0
0
0
0
0
0
0
0
0
0
0
0
0
0
0
0
0
0
0
0
0
0
0
0
0
0
0
0
0
0
0
0
0
0
0
0
0
0
0
0
0
0
0
0
0
0
0
0
0
0
0
0
0
0
0
0
0
0
0
0
0
0
0
0
0
0
0
0
0
0
0
0
0
0
0
0
0
0
0
0
0
0
0
0
0
0
0
0
0
0
1
1
1
1
1
0.201961
0.0123257
0.00018525
2.2432e-06
2.3819e-08
2.26241e-10
1.92044e-12
1.47148e-14
1.02193e-16
6.5411e-19
3.84966e-21
2.04611e-23
1.00935e-25
4.62125e-28
1.97773e-30
7.96738e-33
3.04113e-35
1.11585e-37
3.98584e-40
1.4118e-42
5.07331e-45
1.87318e-47
6.94351e-50
2.50557e-52
8.93769e-55
3.22619e-57
1.14961e-59
3.87268e-62
1.204e-64
3.47318e-67
9.41953e-70
2.42812e-72
5.99641e-75
1.42586e-77
3.27533e-80
7.2796e-83
1.56639e-85
3.26441e-88
6.58978e-91
1.28951e-93
2.44148e-96
4.72083e-99
9.34603e-102
1.71951e-104
2.95132e-107
4.98114e-110
8.24107e-113
1.33617e-115
2.12123e-118
3.29659e-121
5.01439e-124
7.47035e-127
1.09198e-129
1.56885e-132
2.21936e-135
3.09567e-138
4.25869e-141
5.77945e-144
7.72917e-147
1.01554e-149
1.30753e-152
1.64711e-155
2.02801e-158
2.44251e-161
2.88042e-164
1.73325e-167
1.35247e-171
1.33911e-175
1.69914e-179
2.2954e-183
2.99514e-187
3.67699e-191
4.1281e-195
6.17972e-199
1.18115e-202
1.7162e-206
1.81425e-210
2.0239e-214
2.31447e-218
2.69255e-222
3.14391e-226
3.65259e-230
4.18738e-234
4.72578e-238
5.28824e-242
5.91167e-246
6.66533e-250
7.62817e-254
8.86198e-258
1.04863e-261
1.26293e-265
1.53192e-269
1.85471e-273
2.22514e-277
2.6229e-281
3.03991e-285
3.48018e-289
3.94534e-293
4.44656e-297
4.97382e-301
5.49811e-305
5.98279e-309
6.35201e-313
6.54606e-317
6.1857e-321
0
0
0
0
0
0
0
0
0
0
0
0
0
0
0
0
0
0
0
0
0
0
0
0
0
0
0
0
0
0
0
0
0
0
0
0
0
0
0
0
0
0
0
0
0
0
0
0
0
0
0
0
0
0
0
0
0
0
0
0
0
0
0
0
0
0
0
0
0
0
0
0
0
0
0
0
0
0
0
0
0
0
0
0
0
0
0
0
0
0
0
0
0
0
0
0
0
0
0
0
0
0
0
0
0
0
0
0
0
0
0
0
0
0
0
0
0
0
0
0
0
0
0
0
0
0
0
0
0
0
0
0
0
0
0
0
0
0
0
0
0
0
0
0
0
0
0
0
0
0
0
0
0
0
0
0
0
0
0
0
0
0
0
0
0
0
0
0
0
0
0
0
0
0
0
0
0
0
0
0
0
0
0
0
0
0
0
0
0
0
0
0
0
0
0
0
0
0
0
0
0
0
0
0
0
0
0
0
0
0
0
0
0
0
0
0
0
0
0
0
0
0
0
0
0
0
0
0
0
0
0
0
0
0
0
0
0
0
0
0
0
0
0
0
0
0
0
0
0
0
0
0
0
0
0
0
0
0
0
0
0
0
0
0
0
0
0
0
0
0
0
0
0
0
0
0
0
0
0
0
0
0
0
0
0
0
0
0
0
0
1
1
1
1
0.263882
0.0469253
0.00167203
1.80897e-05
1.96743e-07
1.97095e-09
1.7476e-11
1.3411e-13
9.25755e-16
5.90968e-18
3.52918e-20
1.94544e-22
9.71538e-25
4.57015e-27
1.99326e-29
8.22813e-32
3.19541e-34
1.18502e-36
4.2207e-39
1.47011e-41
5.08753e-44
1.80259e-46
6.67176e-49
2.55666e-51
9.49876e-54
3.41967e-56
1.24741e-58
4.51431e-61
1.5584e-63
5.00826e-66
1.49812e-68
4.21188e-71
1.1222e-73
2.85205e-76
6.95089e-79
1.63168e-81
3.70054e-84
8.12232e-87
1.72719e-89
3.56145e-92
7.1301e-95
1.38126e-97
2.66226e-100
5.13035e-103
9.43463e-106
1.66646e-108
2.89506e-111
4.9247e-114
8.19774e-117
1.33456e-119
2.12335e-122
3.30189e-125
5.0239e-128
7.49042e-131
1.09566e-133
1.57318e-136
2.21922e-139
3.07911e-142
4.20645e-145
5.65861e-148
7.48561e-151
9.73519e-154
1.24486e-156
1.56502e-159
1.93386e-162
2.3338e-165
3.47725e-169
4.88752e-173
6.44435e-177
7.91998e-181
9.08969e-185
9.89553e-189
1.04844e-192
1.07467e-196
1.32728e-200
2.01312e-204
2.68875e-208
3.1686e-212
3.96378e-216
5.04854e-220
6.50383e-224
8.42518e-228
1.08865e-231
1.396e-235
1.77928e-239
2.262e-243
2.87227e-247
3.6317e-251
4.57809e-255
5.77746e-259
7.33637e-263
9.36387e-267
1.18846e-270
1.49814e-274
1.88178e-278
2.35851e-282
2.94605e-286
3.65263e-290
4.5039e-294
5.54651e-298
6.82818e-302
8.34696e-306
1.00393e-309
1.18185e-313
1.35916e-317
1.14623e-321
0
0
0
0
0
0
0
0
0
0
0
0
0
0
0
0
0
0
0
0
0
0
0
0
0
0
0
0
0
0
0
0
0
0
0
0
0
0
0
0
0
0
0
0
0
0
0
0
0
0
0
0
0
0
0
0
0
0
0
0
0
0
0
0
0
0
0
0
0
0
0
0
0
0
0
0
0
0
0
0
0
0
0
0
0
0
0
0
0
0
0
0
0
0
0
0
0
0
0
0
0
0
0
0
0
0
0
0
0
0
0
0
0
0
0
0
0
0
0
0
0
0
0
0
0
0
0
0
0
0
0
0
0
0
0
0
0
0
0
0
0
0
0
0
0
0
0
0
0
0
0
0
0
0
0
0
0
0
0
0
0
0
0
0
0
0
0
0
0
0
0
0
0
0
0
0
0
0
0
0
0
0
0
0
0
0
0
0
0
0
0
0
0
0
0
0
0
0
0
0
0
0
0
0
0
0
0
0
0
0
0
0
0
0
0
0
0
0
0
0
0
0
0
0
0
0
0
0
0
0
0
0
0
0
0
0
0
0
0
0
0
0
0
0
0
0
0
0
0
0
0
0
0
0
0
0
0
0
0
0
0
0
0
0
0
0
0
0
0
0
0
0
0
0
0
0
0
0
0
0
0
0
0
0
0
0
0
0
0
0
1
1
1
0.191891
0.0201064
0.00166022
2.10801e-05
2.62343e-07
2.98363e-09
2.98277e-11
2.59626e-13
1.97596e-15
1.35266e-17
8.40189e-20
4.78217e-22
2.51151e-24
1.20483e-26
5.43551e-29
2.27425e-31
9.03204e-34
3.3843e-36
1.21518e-38
4.23365e-41
1.45265e-43
5.06212e-46
1.82486e-48
6.99338e-51
2.83623e-53
1.11512e-55
4.21585e-58
1.59044e-60
5.92448e-63
2.09468e-65
6.84012e-68
2.06333e-70
5.81557e-73
1.54656e-75
3.91121e-78
9.4695e-81
2.20583e-83
4.96022e-86
1.07947e-88
2.27853e-91
4.67382e-94
9.32975e-97
1.80396e-99
3.45576e-102
6.55727e-105
1.19277e-107
2.10471e-110
3.64895e-113
6.18269e-116
1.02325e-118
1.65396e-121
2.61086e-124
4.02566e-127
6.06627e-130
8.94229e-133
1.29097e-135
1.82735e-138
2.53916e-141
3.46777e-144
4.66444e-147
6.18915e-150
8.10318e-153
1.04706e-155
1.3348e-158
1.67712e-161
2.07372e-164
1.00805e-167
8.10022e-172
1.07264e-175
1.57621e-179
2.22905e-183
2.99832e-187
3.89252e-191
4.96881e-195
6.14658e-199
8.45126e-203
1.33387e-206
1.98292e-210
2.86444e-214
4.43543e-218
7.03205e-222
1.13098e-225
1.83384e-229
2.97654e-233
4.79678e-237
7.62224e-241
1.18903e-244
1.81808e-248
2.72469e-252
4.00316e-256
5.76971e-260
8.21158e-264
1.16252e-267
1.64149e-271
2.32641e-275
3.3279e-279
4.80791e-283
7.02127e-287
1.0346e-290
1.52787e-294
2.24174e-298
3.24742e-302
4.63494e-306
6.5347e-310
9.13732e-314
1.26821e-317
1.3735e-321
0
0
0
0
0
0
0
0
0
0
0
0
0
0
0
0
0
0
0
0
0
0
0
0
0
0
0
0
0
0
0
0
0
0
0
0
0
0
0
0
0
0
0
0
0
0
0
0
0
0
0
0
0
0
0
0
0
0
0
0
0
0
0
0
0
0
0
0
0
0
0
0
0
0
0
0
0
0
0
0
0
0
0
0
0
0
0
0
0
0
0
0
0
0
0
0
0
0
0
0
0
0
0
0
0
0
0
0
0
0
0
0
0
0
0
0
0
0
0
0
0
0
0
0
0
0
0
0
0
0
0
0
0
0
0
0
0
0
0
0
0
0
0
0
0
0
0
0
0
0
0
0
0
0
0
0
0
0
0
0
0
0
0
0
0
0
0
0
0
0
0
0
0
0
0
0
0
0
0
0
0
0
0
0
0
0
0
0
0
0
0
0
0
0
0
0
0
0
0
0
0
0
0
0
0
0
0
0
0
0
0
0
0
0
0
0
0
0
0
0
0
0
0
0
0
0
0
0
0
0
0
0
0
0
0
0
0
0
0
0
0
0
0
0
0
0
0
0
0
0
0
0
0
0
0
0
0
0
0
0
0
0
0
0
0
0
0
0
0
0
0
0
0
0
0
0
0
0
0
0
0
0
0
0
0
0
0
0
0
0
1
1
0.208262
0.0178504
0.000399639
1.54989e-05
2.36447e-07
3.11584e-09
3.44277e-11
3.22307e-13
2.63519e-15
1.906e-17
1.23365e-19
7.30105e-22
3.91977e-24
1.95193e-26
8.94156e-29
3.85163e-31
1.54563e-33
5.89671e-36
2.1357e-38
7.48119e-41
2.5545e-43
8.79302e-46
3.09794e-48
1.1632e-50
4.63409e-53
1.96192e-55
8.16333e-58
3.24751e-60
1.24698e-62
4.65487e-65
1.63574e-67
5.27075e-70
1.56209e-72
4.32324e-75
1.1288e-77
2.80014e-80
6.64242e-83
1.51526e-85
3.33825e-88
7.1251e-91
1.47691e-93
2.97911e-96
5.86103e-99
1.11596e-101
2.10685e-104
3.9353e-107
7.04731e-110
1.23072e-112
2.11088e-115
3.53243e-118
5.76683e-121
9.17942e-124
1.42509e-126
2.15989e-129
3.19855e-132
4.63375e-135
6.57653e-138
9.1482e-141
1.24793e-143
1.67221e-146
2.20748e-149
2.87703e-152
3.70501e-155
4.7204e-158
5.95227e-161
7.41662e-164
7.53661e-167
9.97865e-171
1.2388e-174
1.67184e-178
2.48279e-182
3.83681e-186
5.89015e-190
8.85584e-194
1.32101e-197
1.91182e-201
2.97815e-205
5.18691e-209
8.72326e-213
1.47429e-216
2.66397e-220
4.90411e-224
9.12152e-228
1.69027e-231
3.08679e-235
5.52102e-239
9.61361e-243
1.62548e-246
2.6705e-250
4.25002e-254
6.5356e-258
9.75284e-262
1.42655e-265
2.06467e-269
2.96966e-273
4.28325e-277
6.26469e-281
9.33405e-285
1.40715e-288
2.12813e-292
3.22488e-296
4.89334e-300
7.42069e-304
1.12331e-307
1.6891e-311
2.50993e-315
3.68306e-319
0
0
0
0
0
0
0
0
0
0
0
0
0
0
0
0
0
0
0
0
0
0
0
0
0
0
0
0
0
0
0
0
0
0
0
0
0
0
0
0
0
0
0
0
0
0
0
0
0
0
0
0
0
0
0
0
0
0
0
0
0
0
0
0
0
0
0
0
0
0
0
0
0
0
0
0
0
0
0
0
0
0
0
0
0
0
0
0
0
0
0
0
0
0
0
0
0
0
0
0
0
0
0
0
0
0
0
0
0
0
0
0
0
0
0
0
0
0
0
0
0
0
0
0
0
0
0
0
0
0
0
0
0
0
0
0
0
0
0
0
0
0
0
0
0
0
0
0
0
0
0
0
0
0
0
0
0
0
0
0
0
0
0
0
0
0
0
0
0
0
0
0
0
0
0
0
0
0
0
0
0
0
0
0
0
0
0
0
0
0
0
0
0
0
0
0
0
0
0
0
0
0
0
0
0
0
0
0
0
0
0
0
0
0
0
0
0
0
0
0
0
0
0
0
0
0
0
0
0
0
0
0
0
0
0
0
0
0
0
0
0
0
0
0
0
0
0
0
0
0
0
0
0
0
0
0
0
0
0
0
0
0
0
0
0
0
0
0
0
0
0
0
0
0
0
0
0
0
0
0
0
0
0
0
0
0
0
0
0
0
0
0.117409
0.0972011
0.0213247
0.000544974
8.14978e-06
1.64723e-07
2.46841e-09
3.04444e-11
3.14544e-13
2.78858e-15
2.1417e-17
1.47078e-19
8.97213e-22
5.05582e-24
2.57849e-26
1.227e-28
5.38581e-31
2.22855e-33
8.62436e-36
3.18601e-38
1.12283e-40
3.86892e-43
1.31135e-45
4.55692e-48
1.64859e-50
6.42909e-53
2.67198e-55
1.16927e-57
5.11109e-60
2.10121e-62
8.36158e-65
3.26283e-67
1.19147e-69
3.90024e-72
1.15637e-74
3.19745e-77
8.34433e-80
2.06512e-82
4.87395e-85
1.10346e-87
2.40706e-90
5.07759e-93
1.03921e-95
2.07039e-98
4.03344e-101
7.58164e-104
1.40963e-106
2.59709e-109
4.57543e-112
7.87496e-115
1.33529e-117
2.21063e-120
3.57933e-123
5.66712e-126
8.77093e-129
1.32602e-131
1.95724e-134
2.82251e-137
3.97897e-140
5.47857e-143
7.3768e-146
9.7315e-149
1.2607e-151
1.61208e-154
2.04708e-157
2.58891e-160
3.25344e-163
3.89967e-166
1.01721e-169
2.19762e-173
4.29862e-177
8.15114e-181
1.5571e-184
3.03414e-188
6.01562e-192
1.20829e-195
2.47048e-199
4.90238e-203
1.00078e-206
2.18599e-210
4.47946e-214
8.9507e-218
1.84151e-221
3.7322e-225
7.54379e-229
1.5262e-232
3.08314e-236
6.17271e-240
1.21388e-243
2.33347e-247
4.36094e-251
7.82946e-255
1.34446e-258
2.21244e-262
3.50437e-266
5.44654e-270
8.54516e-274
1.38049e-277
2.29898e-281
3.92138e-285
6.75998e-289
1.15883e-292
1.96555e-296
3.29113e-300
5.40754e-304
8.68669e-308
1.36872e-311
2.13599e-315
3.35609e-319
0
0
0
0
0
0
0
0
0
0
0
0
0
0
0
0
0
0
0
0
0
0
0
0
0
0
0
0
0
0
0
0
0
0
0
0
0
0
0
0
0
0
0
0
0
0
0
0
0
0
0
0
0
0
0
0
0
0
0
0
0
0
0
0
0
0
0
0
0
0
0
0
0
0
0
0
0
0
0
0
0
0
0
0
0
0
0
0
0
0
0
0
0
0
0
0
0
0
0
0
0
0
0
0
0
0
0
0
0
0
0
0
0
0
0
0
0
0
0
0
0
0
0
0
0
0
0
0
0
0
0
0
0
0
0
0
0
0
0
0
0
0
0
0
0
0
0
0
0
0
0
0
0
0
0
0
0
0
0
0
0
0
0
0
0
0
0
0
0
0
0
0
0
0
0
0
0
0
0
0
0
0
0
0
0
0
0
0
0
0
0
0
0
0
0
0
0
0
0
0
0
0
0
0
0
0
0
0
0
0
0
0
0
0
0
0
0
0
0
0
0
0
0
0
0
0
0
0
0
0
0
0
0
0
0
0
0
0
0
0
0
0
0
0
0
0
0
0
0
0
0
0
0
0
0
0
0
0
0
0
0
0
0
0
0
0
0
0
0
0
0
0
0
0
0
0
0
0
0
0
0
0
0
0
0
0
0
0
0
0
0
0.00401824
0.0029643
0.000419985
8.37111e-06
1.25085e-07
1.83883e-09
2.36407e-11
2.61325e-13
2.49839e-15
2.05729e-17
1.50234e-19
9.78397e-22
5.72784e-24
3.08217e-26
1.51119e-28
6.90706e-31
2.92859e-33
1.17058e-35
4.41511e-38
1.59065e-40
5.51612e-43
1.88866e-45
6.43669e-48
2.28502e-50
8.52958e-53
3.46413e-55
1.49415e-57
6.69709e-60
3.03187e-62
1.28808e-64
5.33321e-67
2.16914e-69
8.09233e-72
2.6485e-74
7.78385e-77
2.11902e-79
5.42558e-82
1.31878e-84
3.06435e-87
6.84329e-90
1.47456e-92
3.07573e-95
6.22633e-98
1.22607e-100
2.35418e-103
4.39069e-106
8.03384e-109
1.43874e-111
2.50439e-114
4.27214e-117
7.12956e-120
1.16456e-122
1.86169e-125
2.91232e-128
4.45827e-131
6.67905e-134
9.79396e-137
1.40644e-139
1.97868e-142
2.72811e-145
3.6899e-148
4.89975e-151
6.39478e-154
8.21732e-157
1.04163e-159
1.30393e-162
1.59711e-165
4.8921e-169
1.33598e-172
3.2533e-176
7.33165e-180
1.59511e-183
3.45839e-187
7.57669e-191
1.67474e-194
3.70553e-198
8.15692e-202
1.77075e-205
3.81744e-209
8.17848e-213
1.73009e-216
3.63097e-220
7.55424e-224
1.55839e-227
3.18925e-231
6.47577e-235
1.30389e-238
2.59986e-242
5.12431e-246
9.96686e-250
1.90979e-253
3.59952e-257
6.67002e-261
1.21527e-264
2.17892e-268
3.85077e-272
6.72223e-276
1.16146e-279
1.98903e-283
3.37959e-287
5.6988e-291
9.53509e-295
1.58254e-298
2.60425e-302
4.24688e-306
6.86062e-310
1.09796e-313
1.74153e-317
2.39128e-321
0
0
0
0
0
0
0
0
0
0
0
0
0
0
0
0
0
0
0
0
0
0
0
0
0
0
0
0
0
0
0
0
0
0
0
0
0
0
0
0
0
0
0
0
0
0
0
0
0
0
0
0
0
0
0
0
0
0
0
0
0
0
0
0
0
0
0
0
0
0
0
0
0
0
0
0
0
0
0
0
0
0
0
0
0
0
0
0
0
0
0
0
0
0
0
0
0
0
0
0
0
0
0
0
0
0
0
0
0
0
0
0
0
0
0
0
0
0
0
0
0
0
0
0
0
0
0
0
0
0
0
0
0
0
0
0
0
0
0
0
0
0
0
0
0
0
0
0
0
0
0
0
0
0
0
0
0
0
0
0
0
0
0
0
0
0
0
0
0
0
0
0
0
0
0
0
0
0
0
0
0
0
0
0
0
0
0
0
0
0
0
0
0
0
0
0
0
0
0
0
0
0
0
0
0
0
0
0
0
0
0
0
0
0
0
0
0
0
0
0
0
0
0
0
0
0
0
0
0
0
0
0
0
0
0
0
0
0
0
0
0
0
0
0
0
0
0
0
0
0
0
0
0
0
0
0
0
0
0
0
0
0
0
0
0
0
0
0
0
0
0
0
0
0
0
0
0
0
0
0
0
0
0
0
0
0
0
0
0
0
0
6.3314e-05
5.25932e-05
6.79493e-06
1.17718e-07
1.591e-09
1.92398e-11
2.07901e-13
2.05017e-15
1.78433e-17
1.37902e-19
9.48247e-22
5.88864e-24
3.29616e-26
1.70311e-28
8.05625e-31
3.56579e-33
1.46652e-35
5.71846e-38
2.11058e-40
7.4939e-43
2.57896e-45
8.84778e-48
3.05046e-50
1.11186e-52
4.22874e-55
1.75067e-57
7.4765e-60
3.26407e-62
1.39991e-64
5.70464e-67
2.25991e-69
8.51197e-72
2.88699e-74
8.73324e-77
2.42392e-79
6.29455e-82
1.54759e-84
3.631e-87
8.17634e-90
1.7747e-92
3.72537e-95
7.58291e-98
1.49981e-100
2.88756e-103
5.42099e-106
9.91499e-109
1.77351e-111
3.10464e-114
5.30511e-117
8.87133e-120
1.45234e-122
2.32775e-125
3.65206e-128
5.6091e-131
8.43534e-134
1.24246e-136
1.79291e-139
2.53574e-142
3.51672e-145
4.78496e-148
6.39213e-151
8.38963e-154
1.08272e-156
1.37543e-159
1.72198e-162
2.10978e-165
2.77413e-169
6.96235e-173
1.73736e-176
4.0059e-180
8.84549e-184
1.93801e-187
4.28423e-191
9.54868e-195
2.12777e-198
4.70555e-202
1.03013e-205
2.22077e-209
4.75165e-213
1.01092e-216
2.12464e-220
4.42776e-224
9.14854e-228
1.87442e-231
3.80883e-235
7.67339e-239
1.53128e-242
3.02242e-246
5.89013e-250
1.13169e-253
2.14101e-257
3.98463e-261
7.29456e-265
1.314e-268
2.33113e-272
4.0796e-276
7.05734e-280
1.20905e-283
2.05379e-287
3.46164e-291
5.78962e-295
9.60571e-299
1.58042e-302
2.57751e-306
4.16538e-310
6.66931e-314
1.05823e-317
1.29939e-321
0
0
0
0
0
0
0
0
0
0
0
0
0
0
0
0
0
0
0
0
0
0
0
0
0
0
0
0
0
0
0
0
0
0
0
0
0
0
0
0
0
0
0
0
0
0
0
0
0
0
0
0
0
0
0
0
0
0
0
0
0
0
0
0
0
0
0
0
0
0
0
0
0
0
0
0
0
0
0
0
0
0
0
0
0
0
0
0
0
0
0
0
0
0
0
0
0
0
0
0
0
0
0
0
0
0
0
0
0
0
0
0
0
0
0
0
0
0
0
0
0
0
0
0
0
0
0
0
0
0
0
0
0
0
0
0
0
0
0
0
0
0
0
0
0
0
0
0
0
0
0
0
0
0
0
0
0
0
0
0
0
0
0
0
0
0
0
0
0
0
0
0
0
0
0
0
0
0
0
0
0
0
0
0
0
0
0
0
0
0
0
0
0
0
0
0
0
0
0
0
0
0
0
0
0
0
0
0
0
0
0
0
0
0
0
0
0
0
0
0
0
0
0
0
0
0
0
0
0
0
0
0
0
0
0
0
0
0
0
0
0
0
0
0
0
0
0
0
0
0
0
0
0
0
0
0
0
0
0
0
0
0
0
0
0
0
0
0
0
0
0
0
0
0
0
0
0
0
0
0
0
0
0
0
0
0
0
0
0
0
0
0
)
;

boundaryField
{
    wand
    {
        type            zeroGradient;
    }
    frontAndBack
    {
        type            empty;
    }
}


// ************************************************************************* //
