/*--------------------------------*- C++ -*----------------------------------*\
| =========                 |                                                 |
| \\      /  F ield         | OpenFOAM: The Open Source CFD Toolbox           |
|  \\    /   O peration     | Version:  2.1.1                                 |
|   \\  /    A nd           | Web:      www.OpenFOAM.org                      |
|    \\/     M anipulation  |                                                 |
\*---------------------------------------------------------------------------*/
FoamFile
{
    version     2.0;
    format      ascii;
    class       volScalarField;
    location    "0.000250000";
    object      H2O2;
}
// * * * * * * * * * * * * * * * * * * * * * * * * * * * * * * * * * * * * * //

dimensions      [0 0 0 0 0 0 0];

internalField   nonuniform List<scalar> 
12384
(
4.99705e-12
3.47145e-12
2.11376e-13
2.39598e-15
2.83878e-17
2.72214e-19
1.83674e-21
1.11644e-23
5.3737e-26
2.18313e-28
7.80013e-31
2.47126e-33
7.5617e-36
2.33061e-38
6.65373e-55
2.02442e-56
1.81575e-58
1.34403e-60
8.78115e-63
5.12437e-65
2.65824e-67
1.20491e-69
4.7981e-72
1.71056e-74
5.48049e-77
1.6211e-79
4.48997e-82
1.1647e-84
2.83549e-87
6.49788e-90
1.40867e-92
2.90679e-95
5.74813e-98
1.09522e-100
2.0167e-103
3.58864e-106
6.16774e-109
1.02391e-111
1.64257e-114
2.55225e-117
3.85017e-120
5.649e-123
8.06027e-126
1.04704e-128
5.6758e-141
1.1677e-141
4.02493e-144
9.23617e-147
1.7409e-149
2.91788e-152
4.52467e-155
6.61984e-158
9.26883e-161
1.25234e-163
1.63515e-166
2.06341e-169
2.50194e-172
3.23118e-176
8.6175e-180
5.18897e-183
4.43131e-186
3.76851e-189
2.9253e-192
1.94176e-195
1.06577e-198
4.75559e-202
1.75973e-205
5.54817e-209
1.51541e-212
3.75031e-216
8.6407e-220
1.8828e-223
3.87177e-227
1.35947e-231
6.6974e-254
1.15589e-251
1.33618e-254
8.45263e-258
4.04613e-261
1.63986e-264
5.95071e-268
1.93047e-271
5.69364e-275
1.53956e-278
3.79815e-282
8.63453e-286
1.82952e-289
3.73466e-293
7.44788e-297
1.42517e-300
2.58968e-304
4.55161e-308
7.86167e-312
1.32663e-315
2.17769e-319
3.45846e-323
0
0
0
0
0
0
0
0
0
0
0
0
0
0
0
0
0
0
0
0
0
0
0
0
0
0
0
0
0
0
0
0
0
0
0
0
0
0
0
0
0
0
0
0
0
0
0
0
0
0
0
0
0
0
0
0
0
0
0
0
0
0
0
0
0
0
0
0
0
0
0
0
0
0
0
0
0
0
0
0
0
0
0
0
0
0
0
0
0
0
0
0
0
0
0
0
0
0
0
0
0
0
0
0
0
0
0
0
0
0
0
0
0
0
0
0
0
0
0
0
0
0
0
0
0
0
0
0
0
0
0
0
0
0
0
0
0
0
0
0
0
0
0
0
0
0
0
0
0
0
0
0
0
0
0
0
0
0
0
0
0
0
0
0
0
0
0
0
0
0
0
0
0
0
0
0
0
0
0
0
0
0
0
0
0
0
0
0
0
0
0
0
0
0
0
0
0
0
0
0
0
0
0
0
0
0
0
0
0
0
0
0
0
0
0
0
0
0
0
0
0
0
0
0
0
0
0
0
0
0
0
0
0
0
0
0
0
0
0
0
0
0
0
0
0
0
0
0
0
0
0
0
0
0
0
0
0
0
0
0
0
0
0
0
0
0
0
0
0
0
0
0
0
0
0
0
0
0
5.11524e-10
2.91759e-10
1.52422e-11
1.68243e-13
1.4914e-15
1.1036e-17
6.72731e-20
3.65287e-22
1.69649e-24
7.02849e-27
2.56653e-29
8.52211e-32
2.72866e-34
8.13945e-37
2.22713e-52
4.57599e-54
3.26586e-56
2.1778e-58
1.38156e-60
8.29812e-63
4.63891e-65
2.31342e-67
1.00498e-69
3.91547e-72
1.38459e-74
4.45441e-77
1.30814e-79
3.55504e-82
9.0217e-85
2.14628e-87
4.80803e-90
1.02151e-92
2.07688e-95
4.07381e-98
7.72109e-101
1.4115e-103
2.48462e-106
4.20987e-109
6.86918e-112
1.08388e-114
1.66164e-117
2.47967e-120
3.59185e-123
4.22378e-126
5.61205e-138
1.21259e-138
4.07544e-141
9.03266e-144
1.65531e-146
2.72629e-149
4.19318e-152
6.11887e-155
8.57665e-158
1.16477e-160
1.53264e-163
1.95288e-166
2.42584e-169
2.93131e-172
8.98439e-176
5.64787e-179
4.93675e-182
4.28883e-185
3.39382e-188
2.32283e-191
1.32151e-194
6.201e-198
2.44352e-201
8.22168e-205
2.3887e-208
6.18922e-212
1.4789e-215
3.31946e-219
7.01972e-223
4.03329e-227
3.45433e-249
2.18487e-247
2.49885e-250
1.56921e-253
7.42263e-257
2.95654e-260
1.04326e-263
3.29515e-267
9.48876e-271
2.53033e-274
6.23218e-278
1.42041e-281
3.0553e-285
6.31539e-289
1.26906e-292
2.45595e-296
4.53048e-300
8.04037e-304
1.39389e-307
2.37799e-311
3.9495e-315
6.27898e-319
9.38725e-323
0
0
0
0
0
0
0
0
0
0
0
0
0
0
0
0
0
0
0
0
0
0
0
0
0
0
0
0
0
0
0
0
0
0
0
0
0
0
0
0
0
0
0
0
0
0
0
0
0
0
0
0
0
0
0
0
0
0
0
0
0
0
0
0
0
0
0
0
0
0
0
0
0
0
0
0
0
0
0
0
0
0
0
0
0
0
0
0
0
0
0
0
0
0
0
0
0
0
0
0
0
0
0
0
0
0
0
0
0
0
0
0
0
0
0
0
0
0
0
0
0
0
0
0
0
0
0
0
0
0
0
0
0
0
0
0
0
0
0
0
0
0
0
0
0
0
0
0
0
0
0
0
0
0
0
0
0
0
0
0
0
0
0
0
0
0
0
0
0
0
0
0
0
0
0
0
0
0
0
0
0
0
0
0
0
0
0
0
0
0
0
0
0
0
0
0
0
0
0
0
0
0
0
0
0
0
0
0
0
0
0
0
0
0
0
0
0
0
0
0
0
0
0
0
0
0
0
0
0
0
0
0
0
0
0
0
0
0
0
0
0
0
0
0
0
0
0
0
0
0
0
0
0
0
0
0
0
0
0
0
0
0
0
0
0
0
0
0
0
0
0
0
0
0
0
0
0
4.56083e-11
4.66474e-11
1.67112e-12
2.46187e-15
3.26958e-18
1.05224e-20
2.62997e-23
5.83888e-26
8.52108e-29
1.11455e-31
1.34136e-34
4.57917e-37
4.15478e-39
1.98601e-41
1.35369e-52
2.23198e-54
8.8903e-57
4.46437e-59
2.27668e-61
1.2748e-63
6.88372e-66
3.69356e-68
1.52819e-70
6.53629e-73
3.45409e-75
1.72802e-77
6.47506e-80
1.85183e-82
4.6812e-85
1.09263e-87
2.40456e-90
5.05824e-93
1.02979e-95
2.05547e-98
3.97248e-101
7.39303e-104
1.33161e-106
2.31954e-109
3.88709e-112
6.31808e-115
1.00322e-117
1.54876e-120
2.25658e-123
3.59483e-127
1.12073e-137
2.82456e-138
8.83382e-141
1.80652e-143
3.08847e-146
4.82413e-149
7.13816e-152
1.00943e-154
1.38032e-157
1.84643e-160
2.4122e-163
3.07101e-166
3.86415e-169
4.80782e-172
5.8795e-175
5.98663e-178
5.90505e-181
5.33854e-184
4.27379e-187
2.90844e-190
1.64409e-193
7.76659e-197
3.1272e-200
1.08886e-203
3.31231e-207
8.99439e-211
2.2367e-214
5.1779e-218
1.11544e-221
4.85582e-226
3.20315e-247
5.73664e-246
5.99973e-249
3.52925e-252
1.54982e-255
5.69526e-259
1.84598e-262
5.37723e-266
1.43385e-269
3.56994e-273
8.339e-277
1.82594e-280
3.8222e-284
7.76875e-288
1.5373e-291
2.93422e-295
5.36142e-299
9.44099e-303
1.62188e-306
2.75376e-310
4.57375e-314
7.31729e-318
1.12647e-321
0
0
0
0
0
0
0
0
0
0
0
0
0
0
0
0
0
0
0
0
0
0
0
0
0
0
0
0
0
0
0
0
0
0
0
0
0
0
0
0
0
0
0
0
0
0
0
0
0
0
0
0
0
0
0
0
0
0
0
0
0
0
0
0
0
0
0
0
0
0
0
0
0
0
0
0
0
0
0
0
0
0
0
0
0
0
0
0
0
0
0
0
0
0
0
0
0
0
0
0
0
0
0
0
0
0
0
0
0
0
0
0
0
0
0
0
0
0
0
0
0
0
0
0
0
0
0
0
0
0
0
0
0
0
0
0
0
0
0
0
0
0
0
0
0
0
0
0
0
0
0
0
0
0
0
0
0
0
0
0
0
0
0
0
0
0
0
0
0
0
0
0
0
0
0
0
0
0
0
0
0
0
0
0
0
0
0
0
0
0
0
0
0
0
0
0
0
0
0
0
0
0
0
0
0
0
0
0
0
0
0
0
0
0
0
0
0
0
0
0
0
0
0
0
0
0
0
0
0
0
0
0
0
0
0
0
0
0
0
0
0
0
0
0
0
0
0
0
0
0
0
0
0
0
0
0
0
0
0
0
0
0
0
0
0
0
0
0
0
0
0
0
0
0
0
0
0
1.90701e-07
1.27547e-07
1.77841e-10
4.3396e-12
1.15792e-14
4.08879e-17
9.33565e-20
2.28831e-22
3.6977e-25
5.47048e-28
7.9887e-31
1.25223e-33
2.39404e-36
4.56556e-39
1.47093e-48
1.48511e-50
3.91542e-53
1.35408e-55
5.55695e-58
2.51982e-60
1.24488e-62
6.67744e-65
3.20454e-67
1.25873e-69
5.80733e-72
3.20255e-74
1.51109e-76
4.96894e-79
1.33232e-81
3.22512e-84
7.34562e-87
1.60075e-89
3.37039e-92
6.89319e-95
1.36906e-97
2.6374e-100
4.93364e-103
8.96706e-106
1.58248e-108
2.71813e-111
4.55016e-114
7.40131e-117
1.14095e-119
3.49241e-123
2.73457e-133
1.74115e-134
5.1416e-137
1.01771e-139
1.69783e-142
2.58806e-145
3.74533e-148
5.23861e-151
7.14738e-154
9.57788e-157
1.26519e-159
1.64741e-162
2.1113e-165
2.66042e-168
3.28961e-171
3.97604e-174
4.02562e-177
3.83194e-180
3.10788e-183
2.08832e-186
1.15723e-189
5.43482e-193
2.21083e-196
7.90896e-200
2.52201e-203
7.26935e-207
1.92011e-210
4.70539e-214
1.06925e-217
9.5989e-222
3.55672e-242
8.13334e-242
7.72021e-245
4.1974e-248
1.71174e-251
5.81423e-255
1.73638e-258
4.70729e-262
1.18245e-265
2.791e-269
6.25272e-273
1.33946e-276
2.75903e-280
5.48761e-284
1.0574e-287
1.97907e-291
3.60547e-295
6.40414e-299
1.11058e-302
1.88233e-306
3.12058e-310
5.06265e-314
8.03879e-318
1.24999e-321
0
0
0
0
0
0
0
0
0
0
0
0
0
0
0
0
0
0
0
0
0
0
0
0
0
0
0
0
0
0
0
0
0
0
0
0
0
0
0
0
0
0
0
0
0
0
0
0
0
0
0
0
0
0
0
0
0
0
0
0
0
0
0
0
0
0
0
0
0
0
0
0
0
0
0
0
0
0
0
0
0
0
0
0
0
0
0
0
0
0
0
0
0
0
0
0
0
0
0
0
0
0
0
0
0
0
0
0
0
0
0
0
0
0
0
0
0
0
0
0
0
0
0
0
0
0
0
0
0
0
0
0
0
0
0
0
0
0
0
0
0
0
0
0
0
0
0
0
0
0
0
0
0
0
0
0
0
0
0
0
0
0
0
0
0
0
0
0
0
0
0
0
0
0
0
0
0
0
0
0
0
0
0
0
0
0
0
0
0
0
0
0
0
0
0
0
0
0
0
0
0
0
0
0
0
0
0
0
0
0
0
0
0
0
0
0
0
0
0
0
0
0
0
0
0
0
0
0
0
0
0
0
0
0
0
0
0
0
0
0
0
0
0
0
0
0
0
0
0
0
0
0
0
0
0
0
0
0
0
0
0
0
0
0
0
0
0
0
0
0
0
0
0
0
0
0
2.28322e-07
2.17989e-07
2.4978e-07
9.75971e-10
5.51919e-11
3.52476e-13
9.18041e-16
2.41335e-18
4.54719e-21
7.51587e-24
1.23974e-26
2.34221e-29
4.72591e-32
9.72969e-35
4.26974e-44
4.3108e-46
9.46371e-49
2.74047e-51
8.74023e-54
3.12542e-56
1.24464e-58
5.54177e-61
2.66495e-63
1.15892e-65
4.3544e-68
1.95898e-70
9.44593e-73
3.67108e-75
1.08188e-77
2.78026e-80
6.60869e-83
1.48935e-85
3.23087e-88
6.78948e-91
1.38234e-93
2.7241e-96
5.20263e-99
9.63813e-102
1.7329e-104
3.03715e-107
5.19766e-110
8.64239e-113
1.3715e-115
6.01821e-119
1.64735e-128
2.93282e-130
7.86252e-133
1.4984e-135
2.46543e-138
3.75776e-141
5.48394e-144
7.76419e-147
1.0739e-149
1.46021e-152
1.95859e-155
2.59185e-158
3.37893e-161
4.33598e-164
5.46522e-167
6.73354e-170
8.07029e-173
8.44628e-176
6.73174e-179
4.34788e-182
2.23201e-185
9.61456e-189
3.61799e-192
1.21067e-195
3.63356e-199
9.88582e-203
2.46821e-206
5.71825e-210
1.22931e-213
1.12926e-217
1.17635e-236
3.15044e-237
2.47399e-240
1.15536e-243
4.13217e-247
1.25019e-250
3.36948e-254
8.32856e-258
1.92337e-261
4.20342e-265
8.77455e-269
1.76169e-272
3.42007e-276
6.44541e-280
1.18268e-283
2.11775e-287
3.70675e-291
6.34926e-295
1.06517e-298
1.75098e-302
2.82064e-306
4.45216e-310
6.88203e-314
1.04082e-317
1.53654e-321
0
0
0
0
0
0
0
0
0
0
0
0
0
0
0
0
0
0
0
0
0
0
0
0
0
0
0
0
0
0
0
0
0
0
0
0
0
0
0
0
0
0
0
0
0
0
0
0
0
0
0
0
0
0
0
0
0
0
0
0
0
0
0
0
0
0
0
0
0
0
0
0
0
0
0
0
0
0
0
0
0
0
0
0
0
0
0
0
0
0
0
0
0
0
0
0
0
0
0
0
0
0
0
0
0
0
0
0
0
0
0
0
0
0
0
0
0
0
0
0
0
0
0
0
0
0
0
0
0
0
0
0
0
0
0
0
0
0
0
0
0
0
0
0
0
0
0
0
0
0
0
0
0
0
0
0
0
0
0
0
0
0
0
0
0
0
0
0
0
0
0
0
0
0
0
0
0
0
0
0
0
0
0
0
0
0
0
0
0
0
0
0
0
0
0
0
0
0
0
0
0
0
0
0
0
0
0
0
0
0
0
0
0
0
0
0
0
0
0
0
0
0
0
0
0
0
0
0
0
0
0
0
0
0
0
0
0
0
0
0
0
0
0
0
0
0
0
0
0
0
0
0
0
0
0
0
0
0
0
0
0
0
0
0
0
0
0
0
0
0
0
0
0
0
0
1.97057e-07
1.96352e-07
2.13146e-07
2.56339e-07
4.75156e-09
5.96439e-10
2.60691e-12
7.82396e-15
1.53046e-17
2.88764e-20
5.58413e-23
1.19452e-25
2.78056e-28
6.27247e-31
3.94288e-40
3.95317e-42
9.58939e-45
2.50423e-47
7.46536e-50
2.2735e-52
7.71779e-55
2.84559e-57
1.1514e-59
4.9158e-62
1.79535e-64
6.63662e-67
2.82973e-69
1.2009e-71
4.0594e-74
1.12944e-76
2.83253e-79
6.62997e-82
1.48161e-84
3.19551e-87
6.6709e-90
1.34762e-92
2.63721e-95
5.00115e-98
9.19431e-101
1.64998e-103
2.8993e-106
4.94525e-109
8.09954e-112
5.27486e-115
3.43156e-124
2.44715e-126
5.90787e-129
1.08526e-131
1.76333e-134
2.68996e-137
3.96237e-140
5.6733e-143
7.94111e-146
1.09343e-148
1.48679e-151
1.99799e-154
2.64932e-157
3.46458e-160
4.45715e-163
5.60344e-166
6.84007e-169
8.10003e-172
8.70776e-175
5.49195e-178
2.56583e-181
9.68314e-185
3.19752e-188
9.61284e-192
2.6397e-195
6.64503e-199
1.54681e-202
3.35231e-206
6.75441e-210
6.12821e-214
2.23783e-231
7.18993e-233
4.44412e-236
1.72628e-239
5.27935e-243
1.39321e-246
3.33411e-250
7.41227e-254
1.55516e-257
3.11426e-261
6.00334e-265
1.12136e-268
2.03959e-272
3.62555e-276
6.31562e-280
1.08002e-283
1.81462e-287
2.99598e-291
4.85938e-295
7.73911e-299
1.20948e-302
1.85327e-306
2.78069e-310
4.07671e-314
5.82068e-318
8.10268e-322
0
0
0
0
0
0
0
0
0
0
0
0
0
0
0
0
0
0
0
0
0
0
0
0
0
0
0
0
0
0
0
0
0
0
0
0
0
0
0
0
0
0
0
0
0
0
0
0
0
0
0
0
0
0
0
0
0
0
0
0
0
0
0
0
0
0
0
0
0
0
0
0
0
0
0
0
0
0
0
0
0
0
0
0
0
0
0
0
0
0
0
0
0
0
0
0
0
0
0
0
0
0
0
0
0
0
0
0
0
0
0
0
0
0
0
0
0
0
0
0
0
0
0
0
0
0
0
0
0
0
0
0
0
0
0
0
0
0
0
0
0
0
0
0
0
0
0
0
0
0
0
0
0
0
0
0
0
0
0
0
0
0
0
0
0
0
0
0
0
0
0
0
0
0
0
0
0
0
0
0
0
0
0
0
0
0
0
0
0
0
0
0
0
0
0
0
0
0
0
0
0
0
0
0
0
0
0
0
0
0
0
0
0
0
0
0
0
0
0
0
0
0
0
0
0
0
0
0
0
0
0
0
0
0
0
0
0
0
0
0
0
0
0
0
0
0
0
0
0
0
0
0
0
0
0
0
0
0
0
0
0
0
0
0
0
0
0
0
0
0
0
0
0
0
1.98353e-07
1.97795e-07
1.96355e-07
2.15215e-07
2.48056e-07
1.65227e-08
3.91547e-10
2.02187e-12
8.57347e-15
3.26573e-17
1.13358e-19
3.50293e-22
9.80996e-25
2.47875e-27
2.80248e-36
2.78936e-38
7.12516e-41
2.00425e-43
5.72246e-46
1.74307e-48
5.30729e-51
1.76029e-53
6.16116e-56
2.32886e-58
8.60108e-61
2.92913e-63
1.07024e-65
4.16846e-68
1.5208e-70
4.70982e-73
1.26448e-75
3.09505e-78
7.13505e-81
1.57884e-83
3.38112e-86
7.02045e-89
1.41474e-91
2.76598e-94
5.24064e-97
9.67832e-100
1.74853e-102
3.06489e-105
5.197e-108
5.4891e-111
6.43051e-120
2.24076e-122
4.83098e-125
8.5743e-128
1.38259e-130
2.11329e-133
3.13338e-136
4.5249e-139
6.3947e-142
8.90368e-145
1.22658e-147
1.67417e-150
2.25934e-153
3.01339e-156
3.96052e-159
5.08253e-162
6.31687e-165
7.60245e-168
8.89338e-171
9.31568e-174
4.04472e-177
1.30624e-180
3.52161e-184
8.83729e-188
2.1047e-191
4.72211e-195
9.99929e-199
1.99299e-202
3.70847e-206
3.36109e-210
6.09931e-226
2.2418e-228
1.0032e-231
3.08834e-235
7.81022e-239
1.74428e-242
3.60837e-246
7.05328e-250
1.31566e-253
2.36764e-257
4.14628e-261
7.11397e-265
1.201e-268
2.00142e-272
3.29935e-276
5.38008e-280
8.66123e-284
1.37343e-287
2.14091e-291
3.27519e-295
4.91266e-299
7.22013e-303
1.0386e-306
1.45711e-310
1.97257e-314
2.56475e-318
3.21143e-322
0
0
0
0
0
0
0
0
0
0
0
0
0
0
0
0
0
0
0
0
0
0
0
0
0
0
0
0
0
0
0
0
0
0
0
0
0
0
0
0
0
0
0
0
0
0
0
0
0
0
0
0
0
0
0
0
0
0
0
0
0
0
0
0
0
0
0
0
0
0
0
0
0
0
0
0
0
0
0
0
0
0
0
0
0
0
0
0
0
0
0
0
0
0
0
0
0
0
0
0
0
0
0
0
0
0
0
0
0
0
0
0
0
0
0
0
0
0
0
0
0
0
0
0
0
0
0
0
0
0
0
0
0
0
0
0
0
0
0
0
0
0
0
0
0
0
0
0
0
0
0
0
0
0
0
0
0
0
0
0
0
0
0
0
0
0
0
0
0
0
0
0
0
0
0
0
0
0
0
0
0
0
0
0
0
0
0
0
0
0
0
0
0
0
0
0
0
0
0
0
0
0
0
0
0
0
0
0
0
0
0
0
0
0
0
0
0
0
0
0
0
0
0
0
0
0
0
0
0
0
0
0
0
0
0
0
0
0
0
0
0
0
0
0
0
0
0
0
0
0
0
0
0
0
0
0
0
0
0
0
0
0
0
0
0
0
0
0
0
0
0
0
0
2.0351e-07
1.9815e-07
1.98774e-07
2.15064e-07
2.21307e-07
3.25538e-08
1.42218e-09
1.23046e-11
8.37811e-14
5.16296e-16
2.84415e-18
1.46387e-20
6.47181e-23
2.51738e-25
3.58098e-33
2.9881e-35
8.48717e-38
2.53904e-40
7.68052e-43
2.32865e-45
7.07183e-48
2.18238e-50
7.06578e-53
2.43034e-55
8.68398e-58
2.92141e-60
9.77584e-63
3.46278e-65
1.24077e-67
4.11444e-70
1.19671e-72
3.10952e-75
7.48362e-78
1.71182e-80
3.77714e-83
8.08698e-86
1.68389e-88
3.40997e-91
6.70599e-94
1.28234e-96
2.38592e-99
4.29903e-102
7.51705e-105
1.08756e-107
2.22147e-116
4.98663e-119
9.43234e-122
1.59653e-124
2.54722e-127
3.90244e-130
5.81044e-133
8.44567e-136
1.20351e-138
1.69221e-141
2.3572e-144
3.25845e-147
4.46299e-150
6.0483e-153
8.09187e-156
1.05839e-158
1.34071e-161
1.64441e-164
1.95931e-167
2.27334e-170
2.30667e-173
6.48699e-177
1.30277e-180
2.3882e-184
4.42064e-188
8.28149e-192
1.52462e-195
2.66781e-199
4.40928e-203
3.89671e-207
6.0782e-221
2.68969e-224
7.54041e-228
1.67311e-231
3.28243e-235
5.88884e-239
9.91998e-243
1.59012e-246
2.44738e-250
3.68438e-254
5.5258e-258
8.36573e-262
1.28308e-265
1.99258e-269
3.13165e-273
4.91576e-277
7.53248e-281
1.11033e-284
1.569e-288
2.1211e-292
2.74845e-296
3.44308e-300
4.22063e-304
5.11066e-308
6.10242e-312
7.19622e-316
8.42777e-320
9.88131e-324
0
0
0
0
0
0
0
0
0
0
0
0
0
0
0
0
0
0
0
0
0
0
0
0
0
0
0
0
0
0
0
0
0
0
0
0
0
0
0
0
0
0
0
0
0
0
0
0
0
0
0
0
0
0
0
0
0
0
0
0
0
0
0
0
0
0
0
0
0
0
0
0
0
0
0
0
0
0
0
0
0
0
0
0
0
0
0
0
0
0
0
0
0
0
0
0
0
0
0
0
0
0
0
0
0
0
0
0
0
0
0
0
0
0
0
0
0
0
0
0
0
0
0
0
0
0
0
0
0
0
0
0
0
0
0
0
0
0
0
0
0
0
0
0
0
0
0
0
0
0
0
0
0
0
0
0
0
0
0
0
0
0
0
0
0
0
0
0
0
0
0
0
0
0
0
0
0
0
0
0
0
0
0
0
0
0
0
0
0
0
0
0
0
0
0
0
0
0
0
0
0
0
0
0
0
0
0
0
0
0
0
0
0
0
0
0
0
0
0
0
0
0
0
0
0
0
0
0
0
0
0
0
0
0
0
0
0
0
0
0
0
0
0
0
0
0
0
0
0
0
0
0
0
0
0
0
0
0
0
0
0
0
0
0
0
0
0
0
0
0
0
0
2.0503e-07
2.0507e-07
2.06502e-07
1.97506e-07
1.20666e-07
1.03363e-08
6.0848e-10
8.58005e-12
9.35797e-14
8.93767e-16
7.60019e-18
5.71358e-20
3.99347e-22
2.43024e-24
1.33574e-26
6.66535e-29
3.17104e-31
1.39977e-33
5.97248e-36
2.18009e-38
7.6748e-41
2.44544e-43
7.6568e-46
2.30865e-48
7.06885e-51
2.23608e-53
7.3933e-56
2.48936e-58
8.21521e-61
2.71428e-63
9.16221e-66
3.02604e-68
9.2697e-71
2.58986e-73
6.70071e-76
1.63207e-78
3.79115e-81
8.47307e-84
1.83127e-86
3.83781e-89
7.80774e-92
1.54264e-94
2.95869e-97
5.50008e-100
9.9024e-103
1.71462e-105
2.72077e-108
4.02936e-111
6.43768e-114
1.08099e-116
1.76576e-119
2.83654e-122
4.47059e-125
6.89522e-128
1.04012e-130
1.53611e-133
2.22539e-136
3.1714e-139
4.45781e-142
6.19422e-145
8.51912e-148
1.15925e-150
1.559e-153
2.0622e-156
2.66509e-159
3.35791e-162
4.12461e-165
4.94072e-168
5.78182e-171
5.62348e-174
8.14072e-178
1.03643e-181
1.39279e-185
2.04482e-189
3.10367e-193
4.57142e-197
6.31447e-201
8.05896e-205
5.99398e-209
2.00081e-213
2.63957e-217
4.59311e-221
7.27621e-225
1.11268e-228
1.65358e-232
2.37367e-236
3.28224e-240
4.3859e-244
5.70078e-248
7.28635e-252
9.27201e-256
1.18752e-259
1.54528e-263
2.05438e-267
2.80378e-271
3.8895e-275
5.34528e-279
7.18524e-283
9.417e-287
1.1977e-290
1.47856e-294
1.77756e-298
2.09561e-302
2.43901e-306
2.81225e-310
3.21367e-314
3.61613e-318
3.95253e-322
0
0
0
0
0
0
0
0
0
0
0
0
0
0
0
0
0
0
0
0
0
0
0
0
0
0
0
0
0
0
0
0
0
0
0
0
0
0
0
0
0
0
0
0
0
0
0
0
0
0
0
0
0
0
0
0
0
0
0
0
0
0
0
0
0
0
0
0
0
0
0
0
0
0
0
0
0
0
0
0
0
0
0
0
0
0
0
0
0
0
0
0
0
0
0
0
0
0
0
0
0
0
0
0
0
0
0
0
0
0
0
0
0
0
0
0
0
0
0
0
0
0
0
0
0
0
0
0
0
0
0
0
0
0
0
0
0
0
0
0
0
0
0
0
0
0
0
0
0
0
0
0
0
0
0
0
0
0
0
0
0
0
0
0
0
0
0
0
0
0
0
0
0
0
0
0
0
0
0
0
0
0
0
0
0
0
0
0
0
0
0
0
0
0
0
0
0
0
0
0
0
0
0
0
0
0
0
0
0
0
0
0
0
0
0
0
0
0
0
0
0
0
0
0
0
0
0
0
0
0
0
0
0
0
0
0
0
0
0
0
0
0
0
0
0
0
0
0
0
0
0
0
0
0
0
0
0
0
0
0
0
0
0
0
0
0
0
0
0
0
0
0
0
0
0
0
0
0
0
0
0
0
0
0
0
0
0
0
0
0
0
0
2.06273e-07
2.06936e-07
1.93779e-07
9.24032e-08
2.27418e-08
4.1265e-09
1.53352e-10
2.04659e-12
2.57866e-14
2.70741e-16
2.5136e-18
2.12596e-20
1.65898e-22
1.15748e-24
7.44856e-27
4.26127e-29
2.29117e-31
1.06947e-33
5.34031e-36
2.21379e-38
9.29616e-41
3.52918e-43
1.30478e-45
4.66675e-48
1.65602e-50
5.94877e-53
2.19909e-55
8.17795e-58
2.94414e-60
1.04577e-62
3.76929e-65
1.34246e-67
4.52136e-70
1.40536e-72
4.05339e-75
1.09917e-77
2.83306e-80
6.99585e-83
1.66339e-85
3.82087e-88
8.49226e-91
1.82742e-93
3.80862e-96
7.68881e-99
1.50451e-101
2.85123e-104
5.44788e-107
1.07853e-109
2.00806e-112
3.44325e-115
5.81163e-118
9.61433e-121
1.5587e-123
2.4743e-126
3.84505e-129
5.84843e-132
8.71292e-135
1.27361e-137
1.8298e-140
2.58851e-143
3.61058e-146
4.96712e-149
6.74089e-152
9.0149e-155
1.18445e-157
1.52496e-160
1.92098e-163
2.3652e-166
2.84856e-169
3.35926e-172
2.02167e-175
1.57743e-179
1.56184e-183
1.98191e-187
2.6776e-191
3.49406e-195
4.28921e-199
4.81988e-203
7.12961e-207
1.36261e-210
2.00342e-214
2.11575e-218
2.36023e-222
2.69877e-226
3.13929e-230
3.66512e-234
4.25776e-238
4.88087e-242
5.50835e-246
6.16379e-250
6.89032e-254
7.76854e-258
8.89048e-262
1.03283e-265
1.22211e-269
1.47178e-273
1.78516e-277
2.16114e-281
2.59263e-285
3.05589e-289
3.5415e-293
4.05418e-297
4.59576e-301
5.17948e-305
5.79367e-309
6.40455e-313
6.96927e-317
7.4011e-321
0
0
0
0
0
0
0
0
0
0
0
0
0
0
0
0
0
0
0
0
0
0
0
0
0
0
0
0
0
0
0
0
0
0
0
0
0
0
0
0
0
0
0
0
0
0
0
0
0
0
0
0
0
0
0
0
0
0
0
0
0
0
0
0
0
0
0
0
0
0
0
0
0
0
0
0
0
0
0
0
0
0
0
0
0
0
0
0
0
0
0
0
0
0
0
0
0
0
0
0
0
0
0
0
0
0
0
0
0
0
0
0
0
0
0
0
0
0
0
0
0
0
0
0
0
0
0
0
0
0
0
0
0
0
0
0
0
0
0
0
0
0
0
0
0
0
0
0
0
0
0
0
0
0
0
0
0
0
0
0
0
0
0
0
0
0
0
0
0
0
0
0
0
0
0
0
0
0
0
0
0
0
0
0
0
0
0
0
0
0
0
0
0
0
0
0
0
0
0
0
0
0
0
0
0
0
0
0
0
0
0
0
0
0
0
0
0
0
0
0
0
0
0
0
0
0
0
0
0
0
0
0
0
0
0
0
0
0
0
0
0
0
0
0
0
0
0
0
0
0
0
0
0
0
0
0
0
0
0
0
0
0
0
0
0
0
0
0
0
0
0
0
0
0
0
0
0
0
0
0
0
0
0
0
0
0
0
0
0
0
0
0
2.09249e-07
1.97856e-07
6.27357e-08
1.18401e-09
2.80779e-10
1.0321e-10
2.23308e-12
2.27177e-14
2.5504e-16
2.51343e-18
2.15734e-20
1.62853e-22
1.12674e-24
7.12794e-27
4.26819e-29
2.35078e-31
1.19019e-33
5.46786e-36
2.49538e-38
1.0135e-40
4.04943e-43
1.49471e-45
5.36976e-48
1.85323e-50
6.44821e-53
2.25995e-55
8.34824e-58
3.17166e-60
1.17537e-62
4.26694e-65
1.56114e-67
5.65546e-70
1.95318e-72
6.27913e-75
1.87891e-77
5.28399e-80
1.4082e-82
3.57959e-85
8.72531e-88
2.04844e-90
4.64575e-93
1.01965e-95
2.16814e-98
4.46991e-101
8.94701e-104
1.73234e-106
3.35393e-109
6.46323e-112
1.18326e-114
2.09111e-117
3.63355e-120
6.18206e-123
1.02916e-125
1.67559e-128
2.66609e-131
4.14581e-134
6.30785e-137
9.40477e-140
1.37568e-142
1.97527e-145
2.78637e-148
3.86584e-151
5.28102e-154
7.1041e-157
9.39806e-160
1.22228e-162
1.56297e-165
1.9649e-168
2.42794e-171
2.92988e-174
4.36538e-178
6.13614e-182
8.0905e-186
9.94221e-190
1.14094e-193
1.24181e-197
1.31538e-201
1.34752e-205
1.67168e-209
2.53538e-213
3.371e-217
3.97457e-221
4.97287e-225
6.33473e-229
8.1611e-233
1.05725e-236
1.36613e-240
1.75169e-244
2.23247e-248
2.83796e-252
3.60337e-256
4.55581e-260
5.74241e-264
7.24588e-268
9.1999e-272
1.17414e-275
1.49015e-279
1.87838e-283
2.3593e-287
2.9568e-291
3.69319e-295
4.57878e-299
5.64578e-303
6.95263e-307
8.55853e-311
1.0461e-314
1.25805e-318
1.4822e-322
0
0
0
0
0
0
0
0
0
0
0
0
0
0
0
0
0
0
0
0
0
0
0
0
0
0
0
0
0
0
0
0
0
0
0
0
0
0
0
0
0
0
0
0
0
0
0
0
0
0
0
0
0
0
0
0
0
0
0
0
0
0
0
0
0
0
0
0
0
0
0
0
0
0
0
0
0
0
0
0
0
0
0
0
0
0
0
0
0
0
0
0
0
0
0
0
0
0
0
0
0
0
0
0
0
0
0
0
0
0
0
0
0
0
0
0
0
0
0
0
0
0
0
0
0
0
0
0
0
0
0
0
0
0
0
0
0
0
0
0
0
0
0
0
0
0
0
0
0
0
0
0
0
0
0
0
0
0
0
0
0
0
0
0
0
0
0
0
0
0
0
0
0
0
0
0
0
0
0
0
0
0
0
0
0
0
0
0
0
0
0
0
0
0
0
0
0
0
0
0
0
0
0
0
0
0
0
0
0
0
0
0
0
0
0
0
0
0
0
0
0
0
0
0
0
0
0
0
0
0
0
0
0
0
0
0
0
0
0
0
0
0
0
0
0
0
0
0
0
0
0
0
0
0
0
0
0
0
0
0
0
0
0
0
0
0
0
0
0
0
0
0
0
0
0
0
0
0
0
0
0
0
0
0
0
0
0
0
0
0
0
0
1.34318e-07
6.43273e-08
2.99382e-10
5.04052e-11
8.61896e-12
6.87828e-13
7.13897e-15
8.84504e-17
9.87992e-19
9.52829e-21
8.08083e-23
6.13354e-25
4.17918e-27
2.60625e-29
1.50293e-31
7.75454e-34
3.80839e-36
1.67776e-38
7.31511e-41
2.83459e-43
1.09358e-45
3.91001e-48
1.36349e-50
4.69092e-53
1.61936e-55
5.8538e-58
2.24533e-60
9.03095e-63
3.53189e-65
1.34092e-67
5.0568e-70
1.88412e-72
6.66312e-75
2.17599e-77
6.56485e-80
1.8507e-82
4.92264e-85
1.2451e-87
3.0148e-90
7.02284e-93
1.57922e-95
3.4366e-98
7.25338e-101
1.48766e-103
2.96927e-106
5.74042e-109
1.10065e-111
2.08848e-114
3.79549e-117
6.69837e-120
1.16144e-122
1.96815e-125
3.25759e-128
5.26589e-131
8.31286e-134
1.2818e-136
1.93158e-139
2.84734e-142
4.11047e-145
5.81812e-148
8.08422e-151
1.10404e-153
1.48497e-156
1.97036e-159
2.57976e-162
3.33355e-165
4.24971e-168
5.33968e-171
6.60254e-174
3.21006e-177
2.57907e-181
3.41504e-185
5.01806e-189
7.0959e-193
9.54374e-197
1.23881e-200
1.58109e-204
1.95548e-208
2.69101e-212
4.24704e-216
6.30762e-220
9.11277e-224
1.41117e-227
2.23748e-231
3.5987e-235
5.8353e-239
9.47136e-243
1.52632e-246
2.42528e-250
3.78309e-254
5.78397e-258
8.66742e-262
1.27332e-265
1.83505e-269
2.61145e-273
3.6968e-277
5.21975e-281
7.39744e-285
1.05815e-288
1.52869e-292
2.23236e-296
3.28922e-300
4.85702e-304
7.1256e-308
1.0321e-311
1.47288e-315
2.07626e-319
2.96439e-323
0
0
0
0
0
0
0
0
0
0
0
0
0
0
0
0
0
0
0
0
0
0
0
0
0
0
0
0
0
0
0
0
0
0
0
0
0
0
0
0
0
0
0
0
0
0
0
0
0
0
0
0
0
0
0
0
0
0
0
0
0
0
0
0
0
0
0
0
0
0
0
0
0
0
0
0
0
0
0
0
0
0
0
0
0
0
0
0
0
0
0
0
0
0
0
0
0
0
0
0
0
0
0
0
0
0
0
0
0
0
0
0
0
0
0
0
0
0
0
0
0
0
0
0
0
0
0
0
0
0
0
0
0
0
0
0
0
0
0
0
0
0
0
0
0
0
0
0
0
0
0
0
0
0
0
0
0
0
0
0
0
0
0
0
0
0
0
0
0
0
0
0
0
0
0
0
0
0
0
0
0
0
0
0
0
0
0
0
0
0
0
0
0
0
0
0
0
0
0
0
0
0
0
0
0
0
0
0
0
0
0
0
0
0
0
0
0
0
0
0
0
0
0
0
0
0
0
0
0
0
0
0
0
0
0
0
0
0
0
0
0
0
0
0
0
0
0
0
0
0
0
0
0
0
0
0
0
0
0
0
0
0
0
0
0
0
0
0
0
0
0
0
0
0
0
0
0
0
0
0
0
0
0
0
0
0
0
0
0
0
0
0
4.24443e-09
9.62744e-10
1.11474e-11
1.22837e-12
3.05645e-14
1.22477e-15
1.76007e-17
2.16597e-19
2.3344e-21
2.16643e-23
1.73274e-25
1.23467e-27
7.98292e-30
4.62237e-32
2.50818e-34
1.24977e-36
5.72262e-39
2.47983e-41
9.99233e-44
3.83823e-46
1.39595e-48
4.88381e-51
1.67934e-53
5.69475e-56
2.03943e-58
7.45843e-61
3.03252e-63
1.26734e-65
5.28017e-68
2.0891e-70
8.0351e-73
2.99761e-75
1.0533e-77
3.39476e-80
1.0062e-82
2.78516e-85
7.27295e-88
1.80436e-90
4.28066e-93
9.76547e-96
2.15144e-98
4.59196e-101
9.51839e-104
1.91999e-106
3.778e-109
7.18961e-112
1.35845e-114
2.53739e-117
4.54022e-120
7.93304e-123
1.36041e-125
2.27654e-128
3.71655e-131
5.91588e-134
9.18425e-137
1.39197e-139
2.06129e-142
2.98615e-145
4.23814e-148
5.89546e-151
8.04233e-154
1.0777e-156
1.42276e-159
1.85428e-162
2.38775e-165
3.04198e-168
3.83569e-171
4.77921e-174
4.85752e-177
6.43103e-181
7.9829e-185
1.07717e-188
1.59939e-192
2.47127e-196
3.79331e-200
5.70282e-204
8.50792e-208
1.23067e-211
1.91878e-215
3.34214e-219
5.61657e-223
9.49786e-227
1.71594e-230
3.1588e-234
5.87511e-238
1.08865e-241
1.98799e-245
3.5555e-249
6.19061e-253
1.04664e-256
1.71943e-260
2.73629e-264
4.20767e-268
6.27883e-272
9.18404e-276
1.32914e-279
1.91147e-283
2.75667e-287
4.03148e-291
6.00615e-295
9.05375e-299
1.36916e-302
2.07464e-306
3.14773e-310
4.77306e-314
7.22451e-318
1.08694e-321
0
0
0
0
0
0
0
0
0
0
0
0
0
0
0
0
0
0
0
0
0
0
0
0
0
0
0
0
0
0
0
0
0
0
0
0
0
0
0
0
0
0
0
0
0
0
0
0
0
0
0
0
0
0
0
0
0
0
0
0
0
0
0
0
0
0
0
0
0
0
0
0
0
0
0
0
0
0
0
0
0
0
0
0
0
0
0
0
0
0
0
0
0
0
0
0
0
0
0
0
0
0
0
0
0
0
0
0
0
0
0
0
0
0
0
0
0
0
0
0
0
0
0
0
0
0
0
0
0
0
0
0
0
0
0
0
0
0
0
0
0
0
0
0
0
0
0
0
0
0
0
0
0
0
0
0
0
0
0
0
0
0
0
0
0
0
0
0
0
0
0
0
0
0
0
0
0
0
0
0
0
0
0
0
0
0
0
0
0
0
0
0
0
0
0
0
0
0
0
0
0
0
0
0
0
0
0
0
0
0
0
0
0
0
0
0
0
0
0
0
0
0
0
0
0
0
0
0
0
0
0
0
0
0
0
0
0
0
0
0
0
0
0
0
0
0
0
0
0
0
0
0
0
0
0
0
0
0
0
0
0
0
0
0
0
0
0
0
0
0
0
0
0
0
0
0
0
0
0
0
0
0
0
0
0
0
0
0
0
0
0
0
0
3.29491e-12
2.68958e-12
6.45029e-13
1.83097e-14
2.85698e-16
5.85532e-18
8.43153e-20
1.04235e-21
1.07089e-23
9.36484e-26
7.23341e-28
4.89229e-30
3.03602e-32
1.67933e-34
8.65172e-37
4.09837e-39
1.80922e-41
7.46913e-44
2.90264e-46
1.07547e-48
3.80002e-51
1.30337e-53
4.42732e-56
1.52767e-58
5.54743e-61
2.12661e-63
8.96423e-66
3.94012e-68
1.70362e-70
6.93641e-73
2.76856e-75
1.08015e-77
3.9453e-80
1.29125e-82
3.82676e-85
1.05804e-87
2.76139e-90
6.83456e-93
1.61312e-95
3.65202e-98
7.96566e-101
1.68016e-103
3.43848e-106
6.85071e-109
1.3347e-111
2.50873e-114
4.66498e-117
8.59477e-120
1.51398e-122
2.60593e-125
4.41838e-128
7.31444e-131
1.18428e-133
1.875e-136
2.90188e-139
4.38713e-142
6.47541e-145
9.3381e-148
1.31642e-150
1.81255e-153
2.44056e-156
3.21956e-159
4.17086e-162
5.3333e-165
6.77237e-168
8.5649e-171
1.07632e-173
1.2898e-176
3.3637e-180
7.26716e-184
1.42158e-187
2.69565e-191
5.14915e-195
1.00327e-198
1.98899e-202
3.995e-206
8.16851e-210
1.62085e-213
3.30934e-217
7.22877e-221
1.48113e-224
2.95978e-228
6.08908e-232
1.23401e-235
2.49411e-239
5.04557e-243
1.01922e-246
2.04044e-250
4.01232e-254
7.71258e-258
1.4413e-261
2.5875e-265
4.44295e-269
7.31079e-273
1.1579e-276
1.79951e-280
2.82307e-284
4.5604e-288
7.59401e-292
1.2952e-295
2.23257e-299
3.82685e-303
6.4904e-307
1.08666e-310
1.78531e-314
2.86772e-318
4.496e-322
0
0
0
0
0
0
0
0
0
0
0
0
0
0
0
0
0
0
0
0
0
0
0
0
0
0
0
0
0
0
0
0
0
0
0
0
0
0
0
0
0
0
0
0
0
0
0
0
0
0
0
0
0
0
0
0
0
0
0
0
0
0
0
0
0
0
0
0
0
0
0
0
0
0
0
0
0
0
0
0
0
0
0
0
0
0
0
0
0
0
0
0
0
0
0
0
0
0
0
0
0
0
0
0
0
0
0
0
0
0
0
0
0
0
0
0
0
0
0
0
0
0
0
0
0
0
0
0
0
0
0
0
0
0
0
0
0
0
0
0
0
0
0
0
0
0
0
0
0
0
0
0
0
0
0
0
0
0
0
0
0
0
0
0
0
0
0
0
0
0
0
0
0
0
0
0
0
0
0
0
0
0
0
0
0
0
0
0
0
0
0
0
0
0
0
0
0
0
0
0
0
0
0
0
0
0
0
0
0
0
0
0
0
0
0
0
0
0
0
0
0
0
0
0
0
0
0
0
0
0
0
0
0
0
0
0
0
0
0
0
0
0
0
0
0
0
0
0
0
0
0
0
0
0
0
0
0
0
0
0
0
0
0
0
0
0
0
0
0
0
0
0
0
0
0
0
0
0
0
0
0
0
0
0
0
0
0
0
0
0
0
0
0
1.18483e-13
9.24243e-14
1.31606e-14
2.60691e-16
3.93303e-18
5.76288e-20
7.34435e-22
8.17322e-24
7.74835e-26
6.43704e-28
4.66123e-30
3.02171e-32
1.77874e-34
9.47182e-37
4.66921e-39
2.12543e-41
9.06476e-44
3.61849e-46
1.36884e-48
4.9373e-51
1.72089e-53
5.84541e-56
2.00204e-58
7.02836e-61
2.62824e-63
1.04806e-65
4.58943e-68
2.08682e-70
9.18368e-73
3.88301e-75
1.61775e-77
6.57847e-80
2.45378e-82
8.03029e-85
2.36005e-87
6.42491e-90
1.64513e-92
3.99875e-95
9.29203e-98
2.07501e-100
4.47111e-103
9.32542e-106
1.88779e-108
3.71729e-111
7.13771e-114
1.33122e-116
2.43582e-119
4.36217e-122
7.5931e-125
1.29527e-127
2.16158e-130
3.53074e-133
5.64424e-136
8.82948e-139
1.35164e-141
2.02492e-144
2.96927e-147
4.26393e-150
5.99877e-153
8.27071e-156
1.11864e-158
1.4854e-161
1.93861e-164
2.49111e-167
3.15772e-170
3.95285e-173
4.84137e-176
1.48276e-179
4.04914e-183
9.86049e-187
2.22217e-190
4.83443e-194
1.04807e-197
2.29592e-201
5.07452e-205
1.12274e-208
2.4714e-212
5.36497e-216
1.15659e-219
2.47786e-223
5.24161e-227
1.10004e-230
2.28856e-234
4.72096e-238
9.66105e-242
1.96158e-245
3.94943e-249
7.8745e-253
1.55198e-256
3.01846e-260
5.78345e-264
1.08998e-267
2.01962e-271
3.67945e-275
6.5966e-279
1.16572e-282
2.03483e-286
3.51548e-290
6.01992e-294
1.02277e-297
1.72448e-301
2.8851e-305
4.78797e-309
7.87834e-313
1.28464e-316
2.07508e-320
4.94066e-324
0
0
0
0
0
0
0
0
0
0
0
0
0
0
0
0
0
0
0
0
0
0
0
0
0
0
0
0
0
0
0
0
0
0
0
0
0
0
0
0
0
0
0
0
0
0
0
0
0
0
0
0
0
0
0
0
0
0
0
0
0
0
0
0
0
0
0
0
0
0
0
0
0
0
0
0
0
0
0
0
0
0
0
0
0
0
0
0
0
0
0
0
0
0
0
0
0
0
0
0
0
0
0
0
0
0
0
0
0
0
0
0
0
0
0
0
0
0
0
0
0
0
0
0
0
0
0
0
0
0
0
0
0
0
0
0
0
0
0
0
0
0
0
0
0
0
0
0
0
0
0
0
0
0
0
0
0
0
0
0
0
0
0
0
0
0
0
0
0
0
0
0
0
0
0
0
0
0
0
0
0
0
0
0
0
0
0
0
0
0
0
0
0
0
0
0
0
0
0
0
0
0
0
0
0
0
0
0
0
0
0
0
0
0
0
0
0
0
0
0
0
0
0
0
0
0
0
0
0
0
0
0
0
0
0
0
0
0
0
0
0
0
0
0
0
0
0
0
0
0
0
0
0
0
0
0
0
0
0
0
0
0
0
0
0
0
0
0
0
0
0
0
0
0
0
0
0
0
0
0
0
0
0
0
0
0
0
0
0
0
0
0
0
1.97452e-15
1.66944e-15
2.12372e-16
3.68535e-18
5.0169e-20
6.02244e-22
6.54219e-24
6.41253e-26
5.54868e-28
4.3073e-30
2.93741e-32
1.81328e-34
1.02405e-36
5.22856e-39
2.49566e-41
1.09425e-43
4.54715e-46
1.76296e-48
6.55067e-51
2.32077e-53
8.04065e-56
2.73183e-58
9.54451e-61
3.38078e-63
1.3116e-65
5.24828e-68
2.2967e-70
9.99654e-73
4.23685e-75
1.725e-77
6.8445e-80
2.57577e-82
8.73777e-85
2.64361e-87
7.33772e-90
1.90554e-92
4.68508e-95
1.09925e-97
2.4753e-100
5.3727e-103
1.12779e-105
2.29555e-108
4.54021e-111
8.74121e-114
1.64103e-116
3.00147e-119
5.36876e-122
9.39833e-125
1.60595e-127
2.68548e-130
4.39642e-133
7.04635e-136
1.10551e-138
1.69792e-141
2.55344e-144
3.76103e-147
5.42724e-150
7.6758e-153
1.06452e-155
1.4484e-158
1.93486e-161
2.53946e-164
3.27726e-167
4.16322e-170
5.21211e-173
6.38604e-176
8.39609e-180
2.10703e-183
5.25783e-187
1.21232e-190
2.67681e-194
5.86427e-198
1.29625e-201
2.88884e-205
6.43696e-209
1.42348e-212
3.1162e-216
6.71789e-220
1.43737e-223
3.05797e-227
6.42678e-231
1.3393e-234
2.76713e-238
5.66927e-242
1.15195e-245
2.32064e-249
4.63079e-253
9.13971e-257
1.78107e-260
3.42181e-264
6.47321e-268
1.20465e-271
2.20516e-275
3.97196e-279
7.04598e-283
1.23299e-286
2.1328e-290
3.65357e-294
6.20576e-298
1.04589e-301
1.7491e-305
2.9017e-309
4.77367e-313
7.78462e-317
1.25789e-320
0
0
0
0
0
0
0
0
0
0
0
0
0
0
0
0
0
0
0
0
0
0
0
0
0
0
0
0
0
0
0
0
0
0
0
0
0
0
0
0
0
0
0
0
0
0
0
0
0
0
0
0
0
0
0
0
0
0
0
0
0
0
0
0
0
0
0
0
0
0
0
0
0
0
0
0
0
0
0
0
0
0
0
0
0
0
0
0
0
0
0
0
0
0
0
0
0
0
0
0
0
0
0
0
0
0
0
0
0
0
0
0
0
0
0
0
0
0
0
0
0
0
0
0
0
0
0
0
0
0
0
0
0
0
0
0
0
0
0
0
0
0
0
0
0
0
0
0
0
0
0
0
0
0
0
0
0
0
0
0
0
0
0
0
0
0
0
0
0
0
0
0
0
0
0
0
0
0
0
0
0
0
0
0
0
0
0
0
0
0
0
0
0
0
0
0
0
0
0
0
0
0
0
0
0
0
0
0
0
0
0
0
0
0
0
0
0
0
0
0
0
0
0
0
0
0
0
0
0
0
0
0
0
0
0
0
0
0
0
0
0
0
0
0
0
0
0
0
0
0
0
0
0
0
0
0
0
0
0
0
0
0
0
0
0
0
0
0
0
0
0
0
0
0
0
0
0
0
0
0
0
0
0
0
0
0
0
0
0
0
0
0
0
0
0
5.03783e-12
3.46876e-12
2.09438e-13
2.3676e-15
2.88385e-17
2.7457e-19
2.02761e-21
1.18484e-23
5.89748e-26
2.42343e-28
8.33382e-31
2.57604e-33
7.72693e-36
2.38381e-38
6.88657e-55
2.0309e-56
1.77929e-58
1.33114e-60
8.75092e-63
5.12222e-65
2.65736e-67
1.20447e-69
4.79694e-72
1.71016e-74
5.47861e-77
1.62079e-79
4.48925e-82
1.16456e-84
2.83536e-87
6.49768e-90
1.40867e-92
2.90686e-95
5.74833e-98
1.09527e-100
2.0168e-103
3.58882e-106
6.16802e-109
1.02395e-111
1.64264e-114
2.55236e-117
3.85036e-120
5.64929e-123
8.06072e-126
1.04711e-128
5.67645e-141
1.16776e-141
4.02515e-144
9.23674e-147
1.74102e-149
2.9181e-152
4.52503e-155
6.6204e-158
9.26966e-161
1.25246e-163
1.63531e-166
2.06362e-169
2.50235e-172
3.23153e-176
8.61825e-180
5.18944e-183
4.43175e-186
3.76879e-189
2.92551e-192
1.94187e-195
1.06586e-198
4.75604e-202
1.75991e-205
5.54906e-209
1.51567e-212
3.75118e-216
8.64298e-220
1.88343e-223
3.87325e-227
1.36005e-231
6.70077e-254
1.15625e-251
1.33661e-254
8.45571e-258
4.04768e-261
1.64061e-264
5.95344e-268
1.93146e-271
5.69688e-275
1.54049e-278
3.80072e-282
8.64087e-286
1.83097e-289
3.73785e-293
7.45472e-297
1.42657e-300
2.59239e-304
4.55669e-308
7.8709e-312
1.32825e-315
2.18061e-319
3.45846e-323
0
0
0
0
0
0
0
0
0
0
0
0
0
0
0
0
0
0
0
0
0
0
0
0
0
0
0
0
0
0
0
0
0
0
0
0
0
0
0
0
0
0
0
0
0
0
0
0
0
0
0
0
0
0
0
0
0
0
0
0
0
0
0
0
0
0
0
0
0
0
0
0
0
0
0
0
0
0
0
0
0
0
0
0
0
0
0
0
0
0
0
0
0
0
0
0
0
0
0
0
0
0
0
0
0
0
0
0
0
0
0
0
0
0
0
0
0
0
0
0
0
0
0
0
0
0
0
0
0
0
0
0
0
0
0
0
0
0
0
0
0
0
0
0
0
0
0
0
0
0
0
0
0
0
0
0
0
0
0
0
0
0
0
0
0
0
0
0
0
0
0
0
0
0
0
0
0
0
0
0
0
0
0
0
0
0
0
0
0
0
0
0
0
0
0
0
0
0
0
0
0
0
0
0
0
0
0
0
0
0
0
0
0
0
0
0
0
0
0
0
0
0
0
0
0
0
0
0
0
0
0
0
0
0
0
0
0
0
0
0
0
0
0
0
0
0
0
0
0
0
0
0
0
0
0
0
0
0
0
0
0
0
0
0
0
0
0
0
0
0
0
0
0
0
0
0
0
0
5.21237e-10
2.92117e-10
1.48797e-11
1.6523e-13
1.48264e-15
1.08886e-17
6.78986e-20
3.62765e-22
1.70112e-24
7.0671e-27
2.51764e-29
8.49884e-32
2.75018e-34
8.17209e-37
2.23457e-52
4.46094e-54
3.14646e-56
2.1296e-58
1.37239e-60
8.29945e-63
4.63417e-65
2.31188e-67
1.00472e-69
3.91297e-72
1.38415e-74
4.45265e-77
1.30773e-79
3.55409e-82
9.02014e-85
2.14612e-87
4.80779e-90
1.02151e-92
2.0769e-95
4.07395e-98
7.7215e-101
1.41158e-103
2.48474e-106
4.21005e-109
6.86946e-112
1.08393e-114
1.66172e-117
2.47979e-120
3.59204e-123
4.22402e-126
5.61267e-138
1.21265e-138
4.07565e-141
9.0332e-144
1.65542e-146
2.72649e-149
4.1935e-152
6.11937e-155
8.5774e-158
1.16488e-160
1.53279e-163
1.95308e-166
2.4261e-169
2.93167e-172
8.98537e-176
5.64839e-179
4.93728e-182
4.28918e-185
3.39411e-188
2.32298e-191
1.32161e-194
6.20174e-198
2.44373e-201
8.22321e-205
2.3891e-208
6.19057e-212
1.47928e-215
3.32051e-219
7.02237e-223
4.03501e-227
3.4561e-249
2.18556e-247
2.49967e-250
1.56979e-253
7.42553e-257
2.95791e-260
1.04372e-263
3.29687e-267
9.49402e-271
2.53187e-274
6.23634e-278
1.42144e-281
3.05769e-285
6.32072e-289
1.27021e-292
2.45833e-296
4.53516e-300
8.04922e-304
1.39551e-307
2.38089e-311
3.95454e-315
6.28783e-319
9.38725e-323
0
0
0
0
0
0
0
0
0
0
0
0
0
0
0
0
0
0
0
0
0
0
0
0
0
0
0
0
0
0
0
0
0
0
0
0
0
0
0
0
0
0
0
0
0
0
0
0
0
0
0
0
0
0
0
0
0
0
0
0
0
0
0
0
0
0
0
0
0
0
0
0
0
0
0
0
0
0
0
0
0
0
0
0
0
0
0
0
0
0
0
0
0
0
0
0
0
0
0
0
0
0
0
0
0
0
0
0
0
0
0
0
0
0
0
0
0
0
0
0
0
0
0
0
0
0
0
0
0
0
0
0
0
0
0
0
0
0
0
0
0
0
0
0
0
0
0
0
0
0
0
0
0
0
0
0
0
0
0
0
0
0
0
0
0
0
0
0
0
0
0
0
0
0
0
0
0
0
0
0
0
0
0
0
0
0
0
0
0
0
0
0
0
0
0
0
0
0
0
0
0
0
0
0
0
0
0
0
0
0
0
0
0
0
0
0
0
0
0
0
0
0
0
0
0
0
0
0
0
0
0
0
0
0
0
0
0
0
0
0
0
0
0
0
0
0
0
0
0
0
0
0
0
0
0
0
0
0
0
0
0
0
0
0
0
0
0
0
0
0
0
0
0
0
0
0
0
4.53446e-11
4.69852e-11
1.69339e-12
2.46662e-15
3.24528e-18
1.06451e-20
2.84062e-23
5.48177e-26
8.79024e-29
1.10003e-31
1.35419e-34
3.30664e-37
4.0873e-39
2.27229e-41
1.36855e-52
2.19247e-54
8.60595e-57
4.27885e-59
2.36196e-61
1.25325e-63
6.99306e-66
3.66867e-68
1.54814e-70
6.49913e-73
3.4531e-75
1.72939e-77
6.47012e-80
1.85066e-82
4.67919e-85
1.09239e-87
2.40426e-90
5.05772e-93
1.02969e-95
2.05541e-98
3.97252e-101
7.3931e-104
1.33163e-106
2.31961e-109
3.88716e-112
6.3183e-115
1.00325e-117
1.54882e-120
2.25667e-123
3.59502e-127
1.12085e-137
2.82468e-138
8.83427e-141
1.80663e-143
3.08867e-146
4.8245e-149
7.13869e-152
1.00951e-154
1.38044e-157
1.8466e-160
2.41243e-163
3.07133e-166
3.86457e-169
4.80836e-172
5.88019e-175
5.9873e-178
5.90578e-181
5.33911e-184
4.27424e-187
2.90872e-190
1.64425e-193
7.76767e-197
3.12755e-200
1.08907e-203
3.31296e-207
8.99645e-211
2.2373e-214
5.17961e-218
1.11588e-221
4.85801e-226
3.20481e-247
5.73863e-246
6.0019e-249
3.53066e-252
1.55047e-255
5.69802e-259
1.84685e-262
5.38019e-266
1.43469e-269
3.57223e-273
8.34482e-277
1.82732e-280
3.8253e-284
7.77551e-288
1.53873e-291
2.93714e-295
5.36711e-299
9.45165e-303
1.6238e-306
2.75722e-310
4.57963e-314
7.32776e-318
1.12647e-321
0
0
0
0
0
0
0
0
0
0
0
0
0
0
0
0
0
0
0
0
0
0
0
0
0
0
0
0
0
0
0
0
0
0
0
0
0
0
0
0
0
0
0
0
0
0
0
0
0
0
0
0
0
0
0
0
0
0
0
0
0
0
0
0
0
0
0
0
0
0
0
0
0
0
0
0
0
0
0
0
0
0
0
0
0
0
0
0
0
0
0
0
0
0
0
0
0
0
0
0
0
0
0
0
0
0
0
0
0
0
0
0
0
0
0
0
0
0
0
0
0
0
0
0
0
0
0
0
0
0
0
0
0
0
0
0
0
0
0
0
0
0
0
0
0
0
0
0
0
0
0
0
0
0
0
0
0
0
0
0
0
0
0
0
0
0
0
0
0
0
0
0
0
0
0
0
0
0
0
0
0
0
0
0
0
0
0
0
0
0
0
0
0
0
0
0
0
0
0
0
0
0
0
0
0
0
0
0
0
0
0
0
0
0
0
0
0
0
0
0
0
0
0
0
0
0
0
0
0
0
0
0
0
0
0
0
0
0
0
0
0
0
0
0
0
0
0
0
0
0
0
0
0
0
0
0
0
0
0
0
0
0
0
0
0
0
0
0
0
0
0
0
0
0
0
0
0
1.93643e-07
1.2732e-07
1.76214e-10
4.29698e-12
1.16681e-14
4.03876e-17
9.75793e-20
2.21008e-22
3.86755e-25
5.49013e-28
7.2785e-31
1.26048e-33
2.38327e-36
4.56931e-39
1.50982e-48
1.4301e-50
3.48172e-53
1.29185e-55
5.48085e-58
2.50921e-60
1.24429e-62
6.74093e-65
3.24755e-67
1.26251e-69
5.79532e-72
3.19501e-74
1.50925e-76
4.96494e-79
1.33167e-81
3.22408e-84
7.34404e-87
1.60053e-89
3.3701e-92
6.89285e-95
1.36903e-97
2.63741e-100
4.93367e-103
8.96736e-106
1.58253e-108
2.71825e-111
4.55036e-114
7.4017e-117
1.14101e-119
3.49267e-123
2.73486e-133
1.74124e-134
5.1419e-137
1.01778e-139
1.69796e-142
2.58827e-145
3.74566e-148
5.2391e-151
7.14808e-154
9.57887e-157
1.26532e-159
1.64759e-162
2.11155e-165
2.66075e-168
3.29004e-171
3.97658e-174
4.02618e-177
3.83243e-180
3.10824e-183
2.08856e-186
1.15738e-189
5.4356e-193
2.21119e-196
7.9104e-200
2.52255e-203
7.27113e-207
1.92066e-210
4.70698e-214
1.06967e-217
9.60343e-222
3.55858e-242
8.1364e-242
7.72324e-245
4.19918e-248
1.71253e-251
5.81711e-255
1.73731e-258
4.71001e-262
1.18319e-265
2.79288e-269
6.25727e-273
1.34051e-276
2.76134e-280
5.49255e-284
1.05841e-287
1.9811e-291
3.6094e-295
6.41153e-299
1.11194e-302
1.88475e-306
3.12482e-310
5.06986e-314
8.05081e-318
1.24999e-321
0
0
0
0
0
0
0
0
0
0
0
0
0
0
0
0
0
0
0
0
0
0
0
0
0
0
0
0
0
0
0
0
0
0
0
0
0
0
0
0
0
0
0
0
0
0
0
0
0
0
0
0
0
0
0
0
0
0
0
0
0
0
0
0
0
0
0
0
0
0
0
0
0
0
0
0
0
0
0
0
0
0
0
0
0
0
0
0
0
0
0
0
0
0
0
0
0
0
0
0
0
0
0
0
0
0
0
0
0
0
0
0
0
0
0
0
0
0
0
0
0
0
0
0
0
0
0
0
0
0
0
0
0
0
0
0
0
0
0
0
0
0
0
0
0
0
0
0
0
0
0
0
0
0
0
0
0
0
0
0
0
0
0
0
0
0
0
0
0
0
0
0
0
0
0
0
0
0
0
0
0
0
0
0
0
0
0
0
0
0
0
0
0
0
0
0
0
0
0
0
0
0
0
0
0
0
0
0
0
0
0
0
0
0
0
0
0
0
0
0
0
0
0
0
0
0
0
0
0
0
0
0
0
0
0
0
0
0
0
0
0
0
0
0
0
0
0
0
0
0
0
0
0
0
0
0
0
0
0
0
0
0
0
0
0
0
0
0
0
0
0
0
0
0
0
0
2.29423e-07
2.17708e-07
2.48974e-07
9.79697e-10
5.48627e-11
3.80082e-13
9.30435e-16
2.42457e-18
4.60051e-21
7.59392e-24
1.24385e-26
2.32587e-29
4.77929e-32
9.55356e-35
4.32945e-44
4.09724e-46
8.7984e-49
2.54024e-51
8.59097e-54
3.10618e-56
1.2343e-58
5.4842e-61
2.70252e-63
1.15545e-65
4.35819e-68
1.95391e-70
9.41591e-73
3.66589e-75
1.08112e-77
2.77902e-80
6.60675e-83
1.48906e-85
3.23049e-88
6.78902e-91
1.38229e-93
2.72409e-96
5.20268e-99
9.63857e-102
1.73297e-104
3.03731e-107
5.19793e-110
8.64293e-113
1.37158e-115
6.0187e-119
1.64752e-128
2.93301e-130
7.86309e-133
1.49852e-135
2.46565e-138
3.75811e-141
5.4845e-144
7.76502e-147
1.07402e-149
1.46038e-152
1.95883e-155
2.59218e-158
3.37938e-161
4.33659e-164
5.46603e-167
6.73457e-170
8.07157e-173
8.44744e-176
6.7326e-179
4.34843e-182
2.23233e-185
9.61613e-189
3.61867e-192
1.21093e-195
3.63443e-199
9.88844e-203
2.46896e-206
5.72024e-210
1.2298e-213
1.12979e-217
1.17697e-236
3.15177e-237
2.47508e-240
1.15591e-243
4.13426e-247
1.25087e-250
3.37144e-254
8.33371e-258
1.92465e-261
4.2064e-265
8.78121e-269
1.76312e-272
3.42303e-276
6.45137e-280
1.18384e-283
2.11996e-287
3.71086e-291
6.35671e-295
1.06649e-298
1.75327e-302
2.82452e-306
4.45856e-310
6.89243e-314
1.04245e-317
1.54148e-321
0
0
0
0
0
0
0
0
0
0
0
0
0
0
0
0
0
0
0
0
0
0
0
0
0
0
0
0
0
0
0
0
0
0
0
0
0
0
0
0
0
0
0
0
0
0
0
0
0
0
0
0
0
0
0
0
0
0
0
0
0
0
0
0
0
0
0
0
0
0
0
0
0
0
0
0
0
0
0
0
0
0
0
0
0
0
0
0
0
0
0
0
0
0
0
0
0
0
0
0
0
0
0
0
0
0
0
0
0
0
0
0
0
0
0
0
0
0
0
0
0
0
0
0
0
0
0
0
0
0
0
0
0
0
0
0
0
0
0
0
0
0
0
0
0
0
0
0
0
0
0
0
0
0
0
0
0
0
0
0
0
0
0
0
0
0
0
0
0
0
0
0
0
0
0
0
0
0
0
0
0
0
0
0
0
0
0
0
0
0
0
0
0
0
0
0
0
0
0
0
0
0
0
0
0
0
0
0
0
0
0
0
0
0
0
0
0
0
0
0
0
0
0
0
0
0
0
0
0
0
0
0
0
0
0
0
0
0
0
0
0
0
0
0
0
0
0
0
0
0
0
0
0
0
0
0
0
0
0
0
0
0
0
0
0
0
0
0
0
0
0
0
0
0
0
1.97501e-07
1.96296e-07
2.13457e-07
2.55104e-07
4.86134e-09
6.08281e-10
2.58477e-12
7.96955e-15
1.55899e-17
2.91227e-20
5.56706e-23
1.21546e-25
2.78544e-28
6.13347e-31
4.09772e-40
4.2001e-42
8.36355e-45
2.3575e-47
7.00856e-50
2.28882e-52
7.6523e-55
2.82029e-57
1.15034e-59
4.934e-62
1.79031e-64
6.63723e-67
2.82462e-69
1.19772e-71
4.05501e-74
1.12874e-76
2.83137e-79
6.62817e-82
1.48135e-84
3.19519e-87
6.67052e-90
1.34761e-92
2.6372e-95
5.00148e-98
9.19451e-101
1.65011e-103
2.89943e-106
4.94568e-109
8.10001e-112
5.2753e-115
3.4319e-124
2.44735e-126
5.90837e-129
1.08537e-131
1.76351e-134
2.69025e-137
3.9628e-140
5.67396e-143
7.94208e-146
1.09357e-148
1.48699e-151
1.99827e-154
2.64971e-157
3.46511e-160
4.45786e-163
5.60436e-166
6.84125e-169
8.10148e-172
8.70887e-175
5.49261e-178
2.56618e-181
9.68476e-185
3.19816e-188
9.61511e-192
2.64037e-195
6.64696e-199
1.54729e-202
3.35352e-206
6.75712e-210
6.13109e-214
2.23899e-231
7.19327e-233
4.44627e-236
1.72719e-239
5.28223e-243
1.39404e-246
3.33618e-250
7.41714e-254
1.55624e-257
3.11657e-261
6.00807e-265
1.12231e-268
2.0414e-272
3.62898e-276
6.32196e-280
1.08117e-283
1.81666e-287
2.99954e-291
4.86546e-295
7.74931e-299
1.21116e-302
1.85596e-306
2.7849e-310
4.08321e-314
5.8303e-318
8.10268e-322
0
0
0
0
0
0
0
0
0
0
0
0
0
0
0
0
0
0
0
0
0
0
0
0
0
0
0
0
0
0
0
0
0
0
0
0
0
0
0
0
0
0
0
0
0
0
0
0
0
0
0
0
0
0
0
0
0
0
0
0
0
0
0
0
0
0
0
0
0
0
0
0
0
0
0
0
0
0
0
0
0
0
0
0
0
0
0
0
0
0
0
0
0
0
0
0
0
0
0
0
0
0
0
0
0
0
0
0
0
0
0
0
0
0
0
0
0
0
0
0
0
0
0
0
0
0
0
0
0
0
0
0
0
0
0
0
0
0
0
0
0
0
0
0
0
0
0
0
0
0
0
0
0
0
0
0
0
0
0
0
0
0
0
0
0
0
0
0
0
0
0
0
0
0
0
0
0
0
0
0
0
0
0
0
0
0
0
0
0
0
0
0
0
0
0
0
0
0
0
0
0
0
0
0
0
0
0
0
0
0
0
0
0
0
0
0
0
0
0
0
0
0
0
0
0
0
0
0
0
0
0
0
0
0
0
0
0
0
0
0
0
0
0
0
0
0
0
0
0
0
0
0
0
0
0
0
0
0
0
0
0
0
0
0
0
0
0
0
0
0
0
0
0
0
1.97973e-07
1.97677e-07
1.96426e-07
2.14953e-07
2.48122e-07
1.64753e-08
3.87883e-10
2.02805e-12
8.59022e-15
3.26556e-17
1.13361e-19
3.56383e-22
9.83332e-25
2.4395e-27
3.08276e-36
2.87014e-38
6.78374e-41
1.84258e-43
5.60172e-46
1.68618e-48
5.36809e-51
1.736e-53
6.15169e-56
2.35613e-58
8.53123e-61
2.92309e-63
1.06947e-65
4.16125e-68
1.51841e-70
4.70562e-73
1.26376e-75
3.09384e-78
7.1333e-81
1.5786e-83
3.38083e-86
7.02019e-89
1.41473e-91
2.7661e-94
5.24079e-97
9.6789e-100
1.74864e-102
3.06511e-105
5.19735e-108
5.48951e-111
6.43113e-120
2.24095e-122
4.83143e-125
8.57518e-128
1.38273e-130
2.11352e-133
3.13375e-136
4.52545e-139
6.39552e-142
8.90489e-145
1.22675e-147
1.67442e-150
2.25969e-153
3.01388e-156
3.96118e-159
5.08341e-162
6.31801e-165
7.60388e-168
8.89512e-171
9.31667e-174
4.04518e-177
1.30643e-180
3.52229e-184
8.83945e-188
2.10526e-191
4.7235e-195
1.00026e-198
1.9937e-202
3.70992e-206
3.36255e-210
6.10244e-226
2.24289e-228
1.00373e-231
3.09007e-235
7.81479e-239
1.74537e-242
3.61077e-246
7.05815e-250
1.31661e-253
2.36945e-257
4.14964e-261
7.12009e-265
1.20209e-268
2.00334e-272
3.3027e-276
5.38585e-280
8.67103e-284
1.37507e-287
2.1436e-291
3.27951e-295
4.91947e-299
7.23061e-303
1.04018e-306
1.45945e-310
1.97584e-314
2.5692e-318
3.26083e-322
0
0
0
0
0
0
0
0
0
0
0
0
0
0
0
0
0
0
0
0
0
0
0
0
0
0
0
0
0
0
0
0
0
0
0
0
0
0
0
0
0
0
0
0
0
0
0
0
0
0
0
0
0
0
0
0
0
0
0
0
0
0
0
0
0
0
0
0
0
0
0
0
0
0
0
0
0
0
0
0
0
0
0
0
0
0
0
0
0
0
0
0
0
0
0
0
0
0
0
0
0
0
0
0
0
0
0
0
0
0
0
0
0
0
0
0
0
0
0
0
0
0
0
0
0
0
0
0
0
0
0
0
0
0
0
0
0
0
0
0
0
0
0
0
0
0
0
0
0
0
0
0
0
0
0
0
0
0
0
0
0
0
0
0
0
0
0
0
0
0
0
0
0
0
0
0
0
0
0
0
0
0
0
0
0
0
0
0
0
0
0
0
0
0
0
0
0
0
0
0
0
0
0
0
0
0
0
0
0
0
0
0
0
0
0
0
0
0
0
0
0
0
0
0
0
0
0
0
0
0
0
0
0
0
0
0
0
0
0
0
0
0
0
0
0
0
0
0
0
0
0
0
0
0
0
0
0
0
0
0
0
0
0
0
0
0
0
0
0
0
0
0
0
1.98809e-07
1.98215e-07
1.98611e-07
2.14534e-07
2.21973e-07
3.13386e-08
1.33215e-09
1.18249e-11
8.21383e-14
5.01503e-16
2.86759e-18
1.44097e-20
6.56956e-23
2.54112e-25
4.25218e-33
2.77296e-35
7.92585e-38
2.40617e-40
7.50149e-43
2.30797e-45
7.04125e-48
2.18278e-50
7.04497e-53
2.45966e-55
8.68654e-58
2.89732e-60
9.75846e-63
3.45753e-65
1.23927e-67
4.10988e-70
1.19575e-72
3.10781e-75
7.48092e-78
1.71142e-80
3.77661e-83
8.08637e-86
1.68383e-88
3.40997e-91
6.70603e-94
1.28239e-96
2.38604e-99
4.29931e-102
7.51758e-105
1.08764e-107
2.22168e-116
4.98709e-119
9.43327e-122
1.5967e-124
2.5475e-127
3.90289e-130
5.81113e-133
8.44673e-136
1.20367e-138
1.69244e-141
2.35753e-144
3.25894e-147
4.46368e-150
6.04928e-153
8.09323e-156
1.05857e-158
1.34095e-161
1.64472e-164
1.9597e-167
2.27381e-170
2.30686e-173
6.48762e-177
1.30296e-180
2.38869e-184
4.42173e-188
8.28372e-192
1.52506e-195
2.66866e-199
4.41085e-203
3.89829e-207
6.08123e-221
2.69107e-224
7.54458e-228
1.67409e-231
3.28446e-235
5.89267e-239
9.92671e-243
1.59125e-246
2.4492e-250
3.68723e-254
5.53028e-258
8.37284e-262
1.28423e-265
1.99446e-269
3.13476e-273
4.92091e-277
7.54079e-281
1.11162e-284
1.57091e-288
2.12382e-292
2.75212e-296
3.44788e-300
4.22677e-304
5.11841e-308
6.11203e-312
7.20792e-316
8.4421e-320
9.88131e-324
0
0
0
0
0
0
0
0
0
0
0
0
0
0
0
0
0
0
0
0
0
0
0
0
0
0
0
0
0
0
0
0
0
0
0
0
0
0
0
0
0
0
0
0
0
0
0
0
0
0
0
0
0
0
0
0
0
0
0
0
0
0
0
0
0
0
0
0
0
0
0
0
0
0
0
0
0
0
0
0
0
0
0
0
0
0
0
0
0
0
0
0
0
0
0
0
0
0
0
0
0
0
0
0
0
0
0
0
0
0
0
0
0
0
0
0
0
0
0
0
0
0
0
0
0
0
0
0
0
0
0
0
0
0
0
0
0
0
0
0
0
0
0
0
0
0
0
0
0
0
0
0
0
0
0
0
0
0
0
0
0
0
0
0
0
0
0
0
0
0
0
0
0
0
0
0
0
0
0
0
0
0
0
0
0
0
0
0
0
0
0
0
0
0
0
0
0
0
0
0
0
0
0
0
0
0
0
0
0
0
0
0
0
0
0
0
0
0
0
0
0
0
0
0
0
0
0
0
0
0
0
0
0
0
0
0
0
0
0
0
0
0
0
0
0
0
0
0
0
0
0
0
0
0
0
0
0
0
0
0
0
0
0
0
0
0
0
0
0
0
0
0
2.04279e-07
2.04748e-07
2.07328e-07
1.97953e-07
1.20682e-07
1.1479e-08
7.0308e-10
9.33001e-12
9.80874e-14
9.10126e-16
7.59511e-18
5.81454e-20
3.91582e-22
2.47253e-24
1.31447e-26
6.72254e-29
3.06178e-31
1.45946e-33
5.85954e-36
2.25262e-38
7.60936e-41
2.49286e-43
7.60929e-46
2.32264e-48
7.08506e-51
2.23387e-53
7.43489e-56
2.50196e-58
8.19918e-61
2.70987e-63
9.14655e-66
3.02198e-68
9.25999e-71
2.58791e-73
6.69725e-76
1.6315e-78
3.79032e-81
8.47195e-84
1.83115e-86
3.83767e-89
7.80773e-92
1.54267e-94
2.95881e-97
5.50039e-100
9.90304e-103
1.71475e-105
2.72098e-108
4.02969e-111
6.43825e-114
1.08109e-116
1.76594e-119
2.83684e-122
4.47108e-125
6.89601e-128
1.04025e-130
1.53631e-133
2.22568e-136
3.17183e-139
4.45844e-142
6.19513e-145
8.52043e-148
1.15943e-150
1.55927e-153
2.06256e-156
2.66558e-159
3.35855e-162
4.12542e-165
4.94173e-168
5.78304e-171
5.62378e-174
8.14152e-178
1.0366e-181
1.39309e-185
2.04532e-189
3.10448e-193
4.5727e-197
6.31643e-201
8.06176e-205
5.99634e-209
2.00167e-213
2.64082e-217
4.59552e-221
7.28036e-225
1.11335e-228
1.65463e-232
2.37526e-236
3.28452e-240
4.38907e-244
5.70506e-248
7.29204e-252
9.27955e-256
1.18852e-259
1.54664e-263
2.05628e-267
2.80649e-271
3.89345e-275
5.35099e-279
7.1933e-283
9.4281e-287
1.19918e-290
1.48047e-294
1.77996e-298
2.09856e-302
2.44258e-306
2.81653e-310
3.21872e-314
3.62202e-318
3.95253e-322
0
0
0
0
0
0
0
0
0
0
0
0
0
0
0
0
0
0
0
0
0
0
0
0
0
0
0
0
0
0
0
0
0
0
0
0
0
0
0
0
0
0
0
0
0
0
0
0
0
0
0
0
0
0
0
0
0
0
0
0
0
0
0
0
0
0
0
0
0
0
0
0
0
0
0
0
0
0
0
0
0
0
0
0
0
0
0
0
0
0
0
0
0
0
0
0
0
0
0
0
0
0
0
0
0
0
0
0
0
0
0
0
0
0
0
0
0
0
0
0
0
0
0
0
0
0
0
0
0
0
0
0
0
0
0
0
0
0
0
0
0
0
0
0
0
0
0
0
0
0
0
0
0
0
0
0
0
0
0
0
0
0
0
0
0
0
0
0
0
0
0
0
0
0
0
0
0
0
0
0
0
0
0
0
0
0
0
0
0
0
0
0
0
0
0
0
0
0
0
0
0
0
0
0
0
0
0
0
0
0
0
0
0
0
0
0
0
0
0
0
0
0
0
0
0
0
0
0
0
0
0
0
0
0
0
0
0
0
0
0
0
0
0
0
0
0
0
0
0
0
0
0
0
0
0
0
0
0
0
0
0
0
0
0
0
0
0
0
0
0
0
0
0
0
0
0
0
0
0
0
0
0
0
0
0
0
0
0
0
0
0
0
2.08812e-07
2.08306e-07
2.05261e-07
7.97186e-08
1.91819e-08
3.99298e-09
1.46095e-10
1.93358e-12
2.49181e-14
2.64841e-16
2.50981e-18
2.14489e-20
1.64391e-22
1.18156e-24
7.35527e-27
4.42754e-29
2.09369e-31
1.14726e-33
5.01669e-36
2.29277e-38
9.08115e-41
3.5549e-43
1.304e-45
4.66057e-48
1.65052e-50
5.93031e-53
2.18687e-55
8.10347e-58
2.92363e-60
1.04278e-62
3.7637e-65
1.34109e-67
4.51761e-70
1.40448e-72
4.05149e-75
1.09879e-77
2.83236e-80
6.99474e-83
1.66323e-85
3.82072e-88
8.49223e-91
1.82747e-93
3.8088e-96
7.68928e-99
1.50461e-101
2.85145e-104
5.44832e-107
1.07863e-109
2.00825e-112
3.4436e-115
5.81224e-118
9.61538e-121
1.55888e-123
2.47459e-126
3.84551e-129
5.84916e-132
8.71406e-135
1.27379e-137
1.83006e-140
2.58889e-143
3.61113e-146
4.96791e-149
6.74201e-152
9.01646e-155
1.18466e-157
1.52525e-160
1.92136e-163
2.36567e-166
2.84916e-169
3.35998e-172
2.02179e-175
1.57767e-179
1.56218e-183
1.98235e-187
2.67819e-191
3.49488e-195
4.29032e-199
4.82129e-203
7.13201e-207
1.36316e-210
2.00438e-214
2.11687e-218
2.36159e-222
2.70044e-226
3.14134e-230
3.66763e-234
4.26079e-238
4.88447e-242
5.51256e-246
6.16866e-250
6.89596e-254
7.77513e-258
8.89833e-262
1.03378e-265
1.22328e-269
1.47326e-273
1.78704e-277
2.16353e-281
2.59564e-285
3.05961e-289
3.54601e-293
4.05958e-297
4.60214e-301
5.18696e-305
5.80237e-309
6.41452e-313
6.9805e-317
7.41098e-321
0
0
0
0
0
0
0
0
0
0
0
0
0
0
0
0
0
0
0
0
0
0
0
0
0
0
0
0
0
0
0
0
0
0
0
0
0
0
0
0
0
0
0
0
0
0
0
0
0
0
0
0
0
0
0
0
0
0
0
0
0
0
0
0
0
0
0
0
0
0
0
0
0
0
0
0
0
0
0
0
0
0
0
0
0
0
0
0
0
0
0
0
0
0
0
0
0
0
0
0
0
0
0
0
0
0
0
0
0
0
0
0
0
0
0
0
0
0
0
0
0
0
0
0
0
0
0
0
0
0
0
0
0
0
0
0
0
0
0
0
0
0
0
0
0
0
0
0
0
0
0
0
0
0
0
0
0
0
0
0
0
0
0
0
0
0
0
0
0
0
0
0
0
0
0
0
0
0
0
0
0
0
0
0
0
0
0
0
0
0
0
0
0
0
0
0
0
0
0
0
0
0
0
0
0
0
0
0
0
0
0
0
0
0
0
0
0
0
0
0
0
0
0
0
0
0
0
0
0
0
0
0
0
0
0
0
0
0
0
0
0
0
0
0
0
0
0
0
0
0
0
0
0
0
0
0
0
0
0
0
0
0
0
0
0
0
0
0
0
0
0
0
0
0
0
0
0
0
0
0
0
0
0
0
0
0
0
0
0
0
0
0
2.07168e-07
1.97975e-07
4.76586e-08
1.63836e-09
2.83703e-10
1.06382e-10
2.30845e-12
2.31137e-14
2.52288e-16
2.48003e-18
2.16038e-20
1.64512e-22
1.12219e-24
7.26155e-27
4.29398e-29
2.3842e-31
1.14774e-33
5.62451e-36
2.41483e-38
1.02893e-40
3.97034e-43
1.49594e-45
5.31487e-48
1.85926e-50
6.37982e-53
2.26997e-55
8.373e-58
3.20713e-60
1.19267e-62
4.29292e-65
1.56626e-67
5.66875e-70
1.95699e-72
6.28933e-75
1.88135e-77
5.28921e-80
1.40923e-82
3.58149e-85
8.72873e-88
2.04903e-90
4.64678e-93
1.01982e-95
2.16843e-98
4.47044e-101
8.94802e-104
1.73253e-106
3.3543e-109
6.46394e-112
1.18339e-114
2.09135e-117
3.63397e-120
6.18279e-123
1.02929e-125
1.6758e-128
2.66645e-131
4.14641e-134
6.30881e-137
9.40626e-140
1.37591e-142
1.97561e-145
2.78687e-148
3.86655e-151
5.28202e-154
7.10548e-157
9.39995e-160
1.22253e-162
1.5633e-165
1.96533e-168
2.42849e-171
2.9307e-174
4.36662e-178
6.13764e-182
8.09216e-186
9.94415e-190
1.14118e-193
1.24212e-197
1.31576e-201
1.34797e-205
1.6723e-209
2.53642e-213
3.37252e-217
3.97649e-221
4.97545e-225
6.33828e-229
8.16606e-233
1.05795e-236
1.3671e-240
1.75305e-244
2.23434e-248
2.84056e-252
3.60695e-256
4.56072e-260
5.74909e-264
7.25496e-268
9.21224e-272
1.17582e-275
1.49239e-279
1.88134e-283
2.36316e-287
2.96178e-291
3.69957e-295
4.58683e-299
5.65586e-303
6.96519e-307
8.57414e-311
1.04803e-314
1.2604e-318
1.4822e-322
0
0
0
0
0
0
0
0
0
0
0
0
0
0
0
0
0
0
0
0
0
0
0
0
0
0
0
0
0
0
0
0
0
0
0
0
0
0
0
0
0
0
0
0
0
0
0
0
0
0
0
0
0
0
0
0
0
0
0
0
0
0
0
0
0
0
0
0
0
0
0
0
0
0
0
0
0
0
0
0
0
0
0
0
0
0
0
0
0
0
0
0
0
0
0
0
0
0
0
0
0
0
0
0
0
0
0
0
0
0
0
0
0
0
0
0
0
0
0
0
0
0
0
0
0
0
0
0
0
0
0
0
0
0
0
0
0
0
0
0
0
0
0
0
0
0
0
0
0
0
0
0
0
0
0
0
0
0
0
0
0
0
0
0
0
0
0
0
0
0
0
0
0
0
0
0
0
0
0
0
0
0
0
0
0
0
0
0
0
0
0
0
0
0
0
0
0
0
0
0
0
0
0
0
0
0
0
0
0
0
0
0
0
0
0
0
0
0
0
0
0
0
0
0
0
0
0
0
0
0
0
0
0
0
0
0
0
0
0
0
0
0
0
0
0
0
0
0
0
0
0
0
0
0
0
0
0
0
0
0
0
0
0
0
0
0
0
0
0
0
0
0
0
0
0
0
0
0
0
0
0
0
0
0
0
0
0
0
0
0
0
0
1.43527e-07
7.57081e-08
2.7146e-10
4.8053e-11
8.59172e-12
8.07004e-13
7.33378e-15
8.80882e-17
9.7558e-19
9.56129e-21
8.19739e-23
6.19508e-25
4.2304e-27
2.62942e-29
1.47229e-31
7.87712e-34
3.70964e-36
1.72105e-38
7.05475e-41
2.89817e-43
1.07301e-45
3.90849e-48
1.36271e-50
4.66057e-53
1.62087e-55
5.82302e-58
2.23044e-60
9.02932e-63
3.55179e-65
1.34238e-67
5.06445e-70
1.88649e-72
6.67027e-75
2.17825e-77
6.57085e-80
1.85206e-82
4.92533e-85
1.2456e-87
3.01568e-90
7.02444e-93
1.5795e-95
3.43714e-98
7.25442e-101
1.48787e-103
2.96969e-106
5.7412e-109
1.10081e-111
2.08877e-114
3.79603e-117
6.69935e-120
1.16161e-122
1.96845e-125
3.25811e-128
5.26676e-131
8.31428e-134
1.28203e-136
1.93194e-139
2.84787e-142
4.11127e-145
5.81927e-148
8.08587e-151
1.10427e-153
1.48529e-156
1.9708e-159
2.58035e-162
3.33433e-165
4.25074e-168
5.34102e-171
6.60421e-174
3.21037e-177
2.57963e-181
3.41583e-185
5.01918e-189
7.0975e-193
9.54607e-197
1.23915e-200
1.58159e-204
1.95618e-208
2.69209e-212
4.24894e-216
6.31072e-220
9.11762e-224
1.41198e-227
2.23887e-231
3.60112e-235
5.83955e-239
9.47879e-243
1.5276e-246
2.42747e-250
3.78674e-254
5.78991e-258
8.67688e-262
1.27479e-265
1.83729e-269
2.6148e-273
3.70178e-277
5.22711e-281
7.40835e-285
1.05978e-288
1.53114e-292
2.23608e-296
3.29491e-300
4.86574e-304
7.13883e-308
1.03409e-311
1.47581e-315
2.08051e-319
2.96439e-323
0
0
0
0
0
0
0
0
0
0
0
0
0
0
0
0
0
0
0
0
0
0
0
0
0
0
0
0
0
0
0
0
0
0
0
0
0
0
0
0
0
0
0
0
0
0
0
0
0
0
0
0
0
0
0
0
0
0
0
0
0
0
0
0
0
0
0
0
0
0
0
0
0
0
0
0
0
0
0
0
0
0
0
0
0
0
0
0
0
0
0
0
0
0
0
0
0
0
0
0
0
0
0
0
0
0
0
0
0
0
0
0
0
0
0
0
0
0
0
0
0
0
0
0
0
0
0
0
0
0
0
0
0
0
0
0
0
0
0
0
0
0
0
0
0
0
0
0
0
0
0
0
0
0
0
0
0
0
0
0
0
0
0
0
0
0
0
0
0
0
0
0
0
0
0
0
0
0
0
0
0
0
0
0
0
0
0
0
0
0
0
0
0
0
0
0
0
0
0
0
0
0
0
0
0
0
0
0
0
0
0
0
0
0
0
0
0
0
0
0
0
0
0
0
0
0
0
0
0
0
0
0
0
0
0
0
0
0
0
0
0
0
0
0
0
0
0
0
0
0
0
0
0
0
0
0
0
0
0
0
0
0
0
0
0
0
0
0
0
0
0
0
0
0
0
0
0
0
0
0
0
0
0
0
0
0
0
0
0
0
0
0
4.15475e-09
9.68557e-10
1.16629e-11
1.22865e-12
3.00315e-14
1.32114e-15
1.73684e-17
2.1925e-19
2.3373e-21
2.13687e-23
1.72404e-25
1.23123e-27
7.87838e-30
4.68909e-32
2.50264e-34
1.24291e-36
5.75226e-39
2.46432e-41
1.00029e-43
3.81558e-46
1.39243e-48
4.88809e-51
1.6652e-53
5.74652e-56
1.99393e-58
7.57602e-61
2.97367e-63
1.26754e-65
5.25648e-68
2.0935e-70
8.03621e-73
3.00038e-75
1.05439e-77
3.39758e-80
1.00691e-82
2.78669e-85
7.27596e-88
1.8049e-90
4.28164e-93
9.76727e-96
2.15181e-98
4.59276e-101
9.51994e-104
1.9203e-106
3.77857e-109
7.19069e-112
1.35865e-114
2.53778e-117
4.54094e-120
7.93435e-123
1.36065e-125
2.27694e-128
3.71723e-131
5.91699e-134
9.18602e-137
1.39225e-139
2.06171e-142
2.98677e-145
4.23904e-148
5.89674e-151
8.04413e-154
1.07795e-156
1.42309e-159
1.85473e-162
2.38835e-165
3.04276e-168
3.83671e-171
4.78053e-174
4.85786e-177
6.432e-181
7.98516e-185
1.07766e-188
1.60039e-192
2.47317e-196
3.79669e-200
5.70837e-204
8.51647e-208
1.23188e-211
1.92054e-215
3.34491e-219
5.62084e-223
9.50467e-227
1.71716e-230
3.1611e-234
5.87963e-238
1.08954e-241
1.98972e-245
3.5588e-249
6.1967e-253
1.04773e-256
1.72132e-260
2.73948e-264
4.21283e-268
6.28694e-272
9.1965e-276
1.33103e-279
1.91432e-283
2.76098e-287
4.03809e-291
6.01645e-295
9.07002e-299
1.37174e-302
2.07873e-306
3.1542e-310
4.78333e-314
7.24072e-318
1.08694e-321
0
0
0
0
0
0
0
0
0
0
0
0
0
0
0
0
0
0
0
0
0
0
0
0
0
0
0
0
0
0
0
0
0
0
0
0
0
0
0
0
0
0
0
0
0
0
0
0
0
0
0
0
0
0
0
0
0
0
0
0
0
0
0
0
0
0
0
0
0
0
0
0
0
0
0
0
0
0
0
0
0
0
0
0
0
0
0
0
0
0
0
0
0
0
0
0
0
0
0
0
0
0
0
0
0
0
0
0
0
0
0
0
0
0
0
0
0
0
0
0
0
0
0
0
0
0
0
0
0
0
0
0
0
0
0
0
0
0
0
0
0
0
0
0
0
0
0
0
0
0
0
0
0
0
0
0
0
0
0
0
0
0
0
0
0
0
0
0
0
0
0
0
0
0
0
0
0
0
0
0
0
0
0
0
0
0
0
0
0
0
0
0
0
0
0
0
0
0
0
0
0
0
0
0
0
0
0
0
0
0
0
0
0
0
0
0
0
0
0
0
0
0
0
0
0
0
0
0
0
0
0
0
0
0
0
0
0
0
0
0
0
0
0
0
0
0
0
0
0
0
0
0
0
0
0
0
0
0
0
0
0
0
0
0
0
0
0
0
0
0
0
0
0
0
0
0
0
0
0
0
0
0
0
0
0
0
0
0
0
0
0
0
0
3.33083e-12
2.62011e-12
6.61722e-13
1.93036e-14
2.87476e-16
5.77466e-18
8.53148e-20
1.04086e-21
1.07062e-23
9.47433e-26
7.21249e-28
4.95171e-30
2.99661e-32
1.69221e-34
8.63294e-37
4.09801e-39
1.80541e-41
7.4643e-44
2.90851e-46
1.07126e-48
3.795e-51
1.30419e-53
4.42509e-56
1.52469e-58
5.48886e-61
2.14481e-63
8.82096e-66
3.87764e-68
1.68933e-70
6.95434e-73
2.76626e-75
1.07964e-77
3.94276e-80
1.29069e-82
3.82673e-85
1.05811e-87
2.76133e-90
6.83389e-93
1.6129e-95
3.65161e-98
7.96566e-101
1.68034e-103
3.4392e-106
6.85204e-109
1.33495e-111
2.50911e-114
4.66568e-117
8.59603e-120
1.51422e-122
2.60637e-125
4.4192e-128
7.31592e-131
1.18452e-133
1.87541e-136
2.90251e-139
4.3881e-142
6.47689e-145
9.34029e-148
1.31673e-150
1.813e-153
2.44118e-156
3.2204e-159
4.17198e-162
5.33477e-165
6.77429e-168
8.5674e-171
1.07664e-173
1.29049e-176
3.36616e-180
7.27235e-184
1.42251e-187
2.69741e-191
5.15289e-195
1.0041e-198
1.99083e-202
3.99889e-206
8.17655e-210
1.62242e-213
3.31244e-217
7.23533e-221
1.48246e-224
2.96241e-228
6.09456e-232
1.23515e-235
2.4965e-239
5.05062e-243
1.02028e-246
2.04269e-250
4.01696e-254
7.72196e-258
1.44314e-261
2.59096e-265
4.44919e-269
7.32154e-273
1.15968e-276
1.8024e-280
2.82781e-284
4.56839e-288
7.60791e-292
1.29768e-295
2.23702e-299
3.8348e-303
6.50445e-307
1.08911e-310
1.7895e-314
2.87472e-318
4.5454e-322
0
0
0
0
0
0
0
0
0
0
0
0
0
0
0
0
0
0
0
0
0
0
0
0
0
0
0
0
0
0
0
0
0
0
0
0
0
0
0
0
0
0
0
0
0
0
0
0
0
0
0
0
0
0
0
0
0
0
0
0
0
0
0
0
0
0
0
0
0
0
0
0
0
0
0
0
0
0
0
0
0
0
0
0
0
0
0
0
0
0
0
0
0
0
0
0
0
0
0
0
0
0
0
0
0
0
0
0
0
0
0
0
0
0
0
0
0
0
0
0
0
0
0
0
0
0
0
0
0
0
0
0
0
0
0
0
0
0
0
0
0
0
0
0
0
0
0
0
0
0
0
0
0
0
0
0
0
0
0
0
0
0
0
0
0
0
0
0
0
0
0
0
0
0
0
0
0
0
0
0
0
0
0
0
0
0
0
0
0
0
0
0
0
0
0
0
0
0
0
0
0
0
0
0
0
0
0
0
0
0
0
0
0
0
0
0
0
0
0
0
0
0
0
0
0
0
0
0
0
0
0
0
0
0
0
0
0
0
0
0
0
0
0
0
0
0
0
0
0
0
0
0
0
0
0
0
0
0
0
0
0
0
0
0
0
0
0
0
0
0
0
0
0
0
0
0
0
0
0
0
0
0
0
0
0
0
0
0
0
0
0
0
0
1.214e-13
9.10552e-14
1.32985e-14
2.65603e-16
3.93296e-18
5.80977e-20
7.41272e-22
8.20552e-24
7.81318e-26
6.40702e-28
4.66114e-30
3.02691e-32
1.76675e-34
9.49553e-37
4.66198e-39
2.12972e-41
9.04132e-44
3.62029e-46
1.36923e-48
4.9387e-51
1.71447e-53
5.86322e-56
1.99639e-58
7.03068e-61
2.61353e-63
1.0593e-65
4.5252e-68
2.03561e-70
9.18924e-73
3.90497e-75
1.61718e-77
6.57728e-80
2.45391e-82
8.0316e-85
2.36048e-87
6.42599e-90
1.6453e-92
3.9992e-95
9.29256e-98
2.07521e-100
4.47153e-103
9.32708e-106
1.88812e-108
3.71806e-111
7.13903e-114
1.33147e-116
2.43626e-119
4.36297e-122
7.59454e-125
1.29552e-127
2.16203e-130
3.5315e-133
5.6455e-136
8.83151e-139
1.35196e-141
2.02541e-144
2.97001e-147
4.26502e-150
6.00036e-153
8.27297e-156
1.11896e-158
1.48583e-161
1.93919e-164
2.49187e-167
3.15872e-170
3.95414e-173
4.84324e-176
1.48353e-179
4.05136e-183
9.86562e-187
2.22331e-190
4.83714e-194
1.04875e-197
2.29761e-201
5.07861e-205
1.1237e-208
2.47358e-212
5.36978e-216
1.15764e-219
2.48013e-223
5.24649e-227
1.10109e-230
2.29081e-234
4.72578e-238
9.67131e-242
1.96376e-245
3.954e-249
7.88403e-253
1.55394e-256
3.02245e-260
5.79145e-264
1.09155e-267
2.02267e-271
3.68526e-275
6.60748e-279
1.16773e-282
2.03849e-286
3.52209e-290
6.03173e-294
1.02486e-297
1.72816e-301
2.89151e-305
4.79904e-309
7.8973e-313
1.28785e-316
2.08051e-320
4.94066e-324
0
0
0
0
0
0
0
0
0
0
0
0
0
0
0
0
0
0
0
0
0
0
0
0
0
0
0
0
0
0
0
0
0
0
0
0
0
0
0
0
0
0
0
0
0
0
0
0
0
0
0
0
0
0
0
0
0
0
0
0
0
0
0
0
0
0
0
0
0
0
0
0
0
0
0
0
0
0
0
0
0
0
0
0
0
0
0
0
0
0
0
0
0
0
0
0
0
0
0
0
0
0
0
0
0
0
0
0
0
0
0
0
0
0
0
0
0
0
0
0
0
0
0
0
0
0
0
0
0
0
0
0
0
0
0
0
0
0
0
0
0
0
0
0
0
0
0
0
0
0
0
0
0
0
0
0
0
0
0
0
0
0
0
0
0
0
0
0
0
0
0
0
0
0
0
0
0
0
0
0
0
0
0
0
0
0
0
0
0
0
0
0
0
0
0
0
0
0
0
0
0
0
0
0
0
0
0
0
0
0
0
0
0
0
0
0
0
0
0
0
0
0
0
0
0
0
0
0
0
0
0
0
0
0
0
0
0
0
0
0
0
0
0
0
0
0
0
0
0
0
0
0
0
0
0
0
0
0
0
0
0
0
0
0
0
0
0
0
0
0
0
0
0
0
0
0
0
0
0
0
0
0
0
0
0
0
0
0
0
0
0
0
0
1.99688e-15
1.65783e-15
2.14386e-16
3.70947e-18
5.01605e-20
6.05986e-22
6.5399e-24
6.41199e-26
5.59212e-28
4.27336e-30
2.94654e-32
1.82069e-34
1.01542e-36
5.25819e-39
2.48111e-41
1.10128e-43
4.52179e-46
1.77045e-48
6.53336e-51
2.32661e-53
8.00338e-56
2.74973e-58
9.4232e-61
3.43653e-63
1.28889e-65
5.3562e-68
2.2597e-70
9.9195e-73
4.23239e-75
1.72851e-77
6.83975e-80
2.57732e-82
8.74105e-85
2.6443e-87
7.33932e-90
1.9059e-92
4.68588e-95
1.0994e-97
2.47565e-100
5.37345e-103
1.12797e-105
2.29594e-108
4.54111e-111
8.74288e-114
1.64136e-116
3.00204e-119
5.3698e-122
9.40016e-125
1.60627e-127
2.68604e-130
4.39737e-133
7.04792e-136
1.10577e-138
1.69833e-141
2.55406e-144
3.76197e-147
5.42865e-150
7.67785e-153
1.06481e-155
1.44881e-158
1.93542e-161
2.54023e-164
3.27827e-167
4.16455e-170
5.21382e-173
6.38804e-176
8.39962e-180
2.10809e-183
5.26045e-187
1.21292e-190
2.67827e-194
5.86795e-198
1.29718e-201
2.89114e-205
6.44242e-209
1.42474e-212
3.119e-216
6.72401e-220
1.43869e-223
3.06084e-227
6.43296e-231
1.34063e-234
2.76998e-238
5.67535e-242
1.15324e-245
2.32335e-249
4.63644e-253
9.15136e-257
1.78344e-260
3.42657e-264
6.48264e-268
1.20648e-271
2.20867e-275
3.97856e-279
7.05821e-283
1.23522e-286
2.13683e-290
3.66079e-294
6.21854e-298
1.04813e-301
1.75301e-305
2.90846e-309
4.78524e-313
7.80423e-317
1.26135e-320
0
0
0
0
0
0
0
0
0
0
0
0
0
0
0
0
0
0
0
0
0
0
0
0
0
0
0
0
0
0
0
0
0
0
0
0
0
0
0
0
0
0
0
0
0
0
0
0
0
0
0
0
0
0
0
0
0
0
0
0
0
0
0
0
0
0
0
0
0
0
0
0
0
0
0
0
0
0
0
0
0
0
0
0
0
0
0
0
0
0
0
0
0
0
0
0
0
0
0
0
0
0
0
0
0
0
0
0
0
0
0
0
0
0
0
0
0
0
0
0
0
0
0
0
0
0
0
0
0
0
0
0
0
0
0
0
0
0
0
0
0
0
0
0
0
0
0
0
0
0
0
0
0
0
0
0
0
0
0
0
0
0
0
0
0
0
0
0
0
0
0
0
0
0
0
0
0
0
0
0
0
0
0
0
0
0
0
0
0
0
0
0
0
0
0
0
0
0
0
0
0
0
0
0
0
0
0
0
0
0
0
0
0
0
0
0
0
0
0
0
0
0
0
0
0
0
0
0
0
0
0
0
0
0
0
0
0
0
0
0
0
0
0
0
0
0
0
0
0
0
0
0
0
0
0
0
0
0
0
0
0
0
0
0
0
0
0
0
0
0
0
0
0
0
0
0
0
0
0
0
0
0
0
0
0
0
0
0
0
0
0
0
0
0
0
)
;

boundaryField
{
    wand
    {
        type            zeroGradient;
    }
    frontAndBack
    {
        type            empty;
    }
}


// ************************************************************************* //
