/*--------------------------------*- C++ -*----------------------------------*\
| =========                 |                                                 |
| \\      /  F ield         | OpenFOAM: The Open Source CFD Toolbox           |
|  \\    /   O peration     | Version:  2.1.1                                 |
|   \\  /    A nd           | Web:      www.OpenFOAM.org                      |
|    \\/     M anipulation  |                                                 |
\*---------------------------------------------------------------------------*/
FoamFile
{
    version     2.0;
    format      ascii;
    class       volScalarField;
    location    "0.006350000";
    object      Xi;
}
// * * * * * * * * * * * * * * * * * * * * * * * * * * * * * * * * * * * * * //

dimensions      [0 0 0 0 0 0 0];

internalField   nonuniform List<scalar> 
12384
(
7.52947
10.3914
11.7065
12.608
13.3799
13.8898
14.1817
14.012
13.6416
12.9832
12.1173
10.8604
8.78475
5.66662
22.3488
24.4786
25.4317
25.7023
25.6451
25.5682
25.9029
26.3824
27.3507
28.8187
30.7631
32.9888
35.4546
38.1082
40.7727
43.632
46.0618
48.348
49.3888
49.8748
47.9295
46.1548
43.4115
41.622
39.047
36.3046
32.2531
26.8011
20.518
17.0072
29.0932
29.9573
31.3281
32.9727
34.6786
35.374
36.5682
36.9969
38.2016
39.759
42.6427
46.049
49.4194
52.9875
56.245
59.3703
61.6389
63.3812
63.7588
63.2136
62.1955
61.2524
60.2154
58.2699
55.6786
51.3403
44.0041
33.5465
22.5877
20.8994
31.2986
36.2771
37.8765
38.1526
38.4632
39.5785
41.6899
44.2207
47.4096
50.963
55.5899
60.5633
66.2736
72.2669
78.3827
82.6936
89.0116
89.1977
91.3493
86.5444
84.0361
80.1505
75.1478
68.4241
59.6015
48.9194
39.5993
33.8694
32.5872
35.3781
31.2642
40.514
51.4074
59.9247
67.1641
73.8956
80.0884
85.6931
89.0447
92.9363
89.7381
89.5305
83.3726
77.0217
76.411
67.3847
65.4378
58.721
54.9696
50.3128
47.3715
42.9119
37.653
32.9526
29.7931
28.5536
29.637
30.0794
29.2911
26.7269
24.3125
28.8121
32.6319
33.8346
34.357
33.9413
34.7851
35.6387
37.878
41.7773
46.1149
50.8959
55.4115
59.7722
63.1011
66.0904
66.4947
66.109
65.1123
65.0363
64.5136
63.7095
62.4543
60.4909
57.5136
52.9823
46.0973
39.5019
33.0506
31.0967
27.5185
32.3636
36.3601
36.8672
39.8274
45.7183
53.2073
61.7645
69.744
78.2482
86.0181
95.1187
97.8618
104.725
103.432
105.911
104.116
102.901
99.5029
96.4128
91.8633
85.5998
76.9702
69.0567
63.589
56.6179
54.4336
51.9137
50.089
51.8552
30.1234
27.8775
32.0719
39.9924
48.6269
56.8662
64.4972
71.4557
76.9721
82.5056
85.6609
86.1767
85.5445
83.9562
82.0264
79.1809
76.1794
72.1816
68.0046
63.2704
57.5339
51.2794
44.0575
37.6228
34.4234
33.2217
32.7638
32.6444
32.7699
32.4429
29.2889
35.2597
44.3903
53.7137
62.8878
71.4699
79.4965
86.539
91.8829
96.0542
95.8688
95.6863
93.0433
89.9704
86.4199
81.8346
77.0974
70.3812
61.7622
54.2756
46.5825
39.0645
34.6672
32.6841
31.6653
31.3399
30.6058
29.1924
27.383
25.998
30.3982
33.7452
36.3545
39.7545
47.0969
56.3015
66.4235
76.6358
86.5627
96.0293
102.3
108.85
107.414
107.873
98.9314
98.3816
88.5746
85.2049
77.2501
71.9144
64.9625
56.39
43.2894
35.8571
33.6718
33.1038
32.7641
32.5991
32.5426
33.0188
30.7965
35.6923
40.0234
45.3478
53.9081
63.9481
74.8207
85.0681
95.1325
101.324
109.304
107.989
109.069
105.078
101.801
96.6716
91.6323
86.8006
81.1268
74.8233
65.4676
52.5739
43.4156
40.6547
40.0895
40.3442
40.6616
40.9342
41.1252
40.3647
35.0003
37.1982
44.1994
48.9786
51.9278
56.4293
60.2211
62.5121
63.8607
64.0452
64.1206
68.2429
72.0811
75.342
72.2552
70.578
66.0114
63.6015
62.4123
63.7654
65.6914
68.9549
69.8616
71.6686
69.987
67.8921
64.7549
60.3896
52.0422
38.0305
17.9435
22.1792
21.2882
20.608
23.8646
44.3279
65.2018
44.6557
44.4533
49.5461
54.2082
57.0069
59.3963
61.8388
63.637
65.8274
64.1794
62.1232
57.4584
52.3137
45.6829
38.3414
31.8877
26.8349
22.5623
18.2633
13.9441
9.76953
6.10385
4.09807
11.3321
8.7493
9.43477
10.5576
11.8662
13.019
13.8702
14.1517
13.9597
13.2534
12.3411
11.2592
9.72639
9.55774
23.0688
18.9527
19.0762
18.5726
18.1616
18.2495
18.7077
19.2602
20.1148
21.1684
22.48
24.3102
26.7405
30.0527
34.1746
38.9356
43.7677
48.667
52.4468
55.5865
57.1426
57.7008
56.0999
53.9533
50.3584
46.2137
40.5577
33.3882
25.7477
25.7489
30.9505
24.0257
25.8782
27.7959
29.0961
29.1989
28.8863
28.2214
29.1023
31.313
35.0208
39.4009
44.4081
49.8622
55.7146
61.3699
66.5207
70.9761
74.3332
76.8044
77.8914
78.1515
77.1901
75.0483
70.9607
64.5488
54.7024
42.5076
30.9985
30.291
33.1095
30.0051
31.547
32.2589
32.848
33.3402
33.9785
34.7926
36.2909
38.8805
43.2157
49.0651
56.4329
64.8256
74.3737
84.3339
94.1453
101.552
109.381
111.648
110.303
107.103
100.956
92.1133
80.326
66.4049
52.2856
33.7993
22.623
39.2313
30.6935
32.6526
43.2377
54.0373
64.5417
74.9039
85.6202
96.3969
106.237
115.958
122.585
128.092
130.2
129.68
124.376
117.149
107.731
95.9392
82.8466
67.3623
52.2851
38.5083
29.8663
27.5847
27.8649
27.7208
26.7133
25.7325
24.728
30.2837
28.1897
19.9342
21.2788
20.9457
20.8277
21.7512
25.287
30.2206
36.5045
42.5703
48.7547
54.7654
60.7574
66.5347
72.1777
77.3842
82.0785
85.792
88.1742
88.7087
88.1363
85.2309
80.5949
74.1714
65.807
55.701
44.2671
33.4227
24.9176
36.0016
30.6129
19.885
19.854
25.2152
35.1767
46.2893
56.3853
66.4964
77.2722
88.2255
99.5616
112.014
121.316
131.625
137.906
142.111
142.978
139.438
134.027
124.079
111.966
97.4669
80.8171
65.4435
56.8691
45.3257
35.466
33.3353
37.9002
60.9351
32.9234
20.5411
28.2822
38.9128
49.4996
59.7667
69.852
79.7884
89.7875
98.251
104.298
110.082
113.551
113.545
111.191
106.781
100.476
92.6892
83.2094
72.1493
59.5965
47.3749
37.1754
30.2101
28.4504
28.1876
27.1117
26.2898
26.5871
34.1053
34.0458
31.1003
41.8278
53.2688
64.9746
76.6226
87.5004
98.9638
109.254
117.419
122.448
124.301
123.757
119.136
112.098
102.965
92.5111
79.4537
64.5522
50.5619
39.3944
31.4729
29.5085
30.2124
29.6935
27.9483
25.7539
23.3382
21.6832
30.7443
31.9582
19.2154
19.8239
28.2683
40.6358
54.594
69.0053
84.6708
100.852
118.764
133.82
146.924
158.441
159.95
161.566
151.113
139.477
122.845
107.963
91.8682
74.7929
59.0422
44.092
30.952
23.3676
22.9125
22.732
22.6517
23.0225
33.5362
31.9196
19.7543
23.4944
34.4824
48.0334
61.9212
76.0567
89.9465
103.943
118.517
126.999
137.195
138.212
134.816
127.871
118.566
106.612
92.6088
78.5555
66.2772
55.3645
46.3872
40.5664
38.2396
36.9053
35.4107
33.4508
31.7821
30.5676
41.3725
42.6141
24.2711
29.5622
39.6997
53.6619
69.1524
82.8159
87.8855
88.5903
86.7884
84.7006
82.429
77.8556
74.1318
67.7764
62.1449
55.9231
50.5402
46.3941
44.9642
46.5538
50.7364
54.1684
56.662
58.1419
58.2744
56.5836
53.7204
47.0987
52.9952
20.7072
19.2516
18.2626
20.609
33.5889
48.234
47.1729
44.1578
53.6109
64.1789
71.2287
75.4281
77.1323
76.7146
75.1707
72.1781
67.3814
62.3534
56.4421
50.9701
44.9786
37.9605
28.8868
20.0393
15.1209
12.9243
10.6916
8.0618
5.3286
5.50402
13.306
10.0097
11.2753
13.1778
14.8008
15.7824
16.3761
16.5202
16.1116
14.9849
13.3811
11.9498
10.8082
11.2262
24.4064
19.0786
17.8574
17.0931
17.6469
19.0925
20.7154
22.0957
23.368
24.3987
25.6089
27.1013
29.4406
32.6483
36.4287
40.3292
44.0565
47.7761
50.7179
53.2775
54.4257
55.1584
53.9347
52.5705
49.6173
46.8939
43.1256
37.6559
30.4395
31.866
32.3992
24.7007
25.3701
26.0871
26.3339
26.0207
26.7024
28.3463
32.1519
36.9181
41.4224
45.0662
48.3698
51.4319
54.6191
58.1338
61.8657
65.0546
67.8877
69.6348
71.3376
71.6352
71.8303
71.4569
70.4306
67.5706
61.3009
50.7613
38.5977
38.2164
34.7135
30.9547
30.8963
31.5667
33.1574
34.998
37.1073
39.7128
42.8319
46.309
50.7559
56.1043
61.9327
68.0475
75.4536
83.2596
89.8646
97.0218
102.954
106.029
107.446
104.932
101.148
95.9922
88.2335
77.2252
63.8488
47.7422
29.2943
40.4331
35.9583
40.9373
53.987
65.4861
74.6163
81.8721
88.5002
94.5029
99.9936
104.519
108.814
114.059
116.904
116.132
116.307
109.979
106.5
97.9527
89.0134
76.5608
62.358
48.1154
36.0634
28.7857
26.0505
24.9141
25.6489
27.2837
27.0026
31.6456
31.1594
20.1623
20.5736
20.1723
21.6646
24.521
30.0802
35.3512
40.3883
44.6659
48.9544
53.1389
57.293
61.3961
65.365
69.1696
72.6725
75.741
77.9513
79.7007
80.1362
80.3616
79.3347
76.3335
70.8485
62.8265
52.1047
40.3009
29.9801
40.0146
33.9016
19.1895
21.7523
33.0525
43.9033
50.3388
56.4876
64.3497
73.5666
83.3811
92.5727
101.976
109.98
117.226
121.178
125.7
126.354
127.995
126.856
124.201
117.553
107.399
93.8164
77.7504
65.0024
56.2646
43.0977
32.5521
35.429
63.5323
33.3507
25.3566
36.3868
48.5774
59.2135
68.1536
76.4023
84.294
91.0077
96.1716
102.632
108.131
109.847
109.699
108.511
105.849
101.678
96.2291
89.613
81.0974
70.3365
57.9581
46.3682
36.7687
29.0518
24.419
23.2207
25.4227
27.5271
34.3252
39.338
42.7657
55.5502
67.306
77.5689
86.3883
95.0859
104.325
110.797
116.957
121.195
125.202
124.186
121.188
115.461
109.09
101.485
91.4977
78.0643
63.0459
50.0242
38.3581
29.9246
26.2956
25.3799
25.5627
25.8527
24.4157
22.8105
32.9852
34.5791
19.1002
23.543
37.3508
54.061
70.503
86.041
101.717
115.71
131.103
141.454
157.506
163.064
172.26
168.171
162.768
150.579
139.069
123.378
108.08
91.1142
73.964
57.8246
42.8533
28.9544
20.9111
21.083
23.3975
24.4695
34.1045
34.8164
21.6006
30.012
45.9064
62.5539
77.898
92.3133
103.337
120.36
128.577
139.04
145.715
148.008
146.546
139.229
130.658
120.89
108.826
94.4874
80.367
66.8961
54.0858
43.8766
36.423
32.9504
32.8344
34.7686
36.5781
35.2848
42.2837
46.7243
27.8616
36.7314
50.8182
66.8557
81.4072
85.1331
84.4872
82.3637
81.4106
79.934
79.6381
77.0054
74.0371
70.5559
67.0005
62.5621
58.4184
54.1582
52.6728
53.276
54.774
55.665
54.5463
53.0545
52.9978
52.2117
51.8486
49.2699
59.0159
26.9828
21.5381
18.7527
28.1723
46.7612
56.7607
47.2994
54.4968
64.2803
70.7768
74.4035
75.9255
76.4007
76.5609
74.8002
72.3941
68.1516
63.8903
58.5217
53.4305
48.197
43.2064
36.7557
25.7398
13.6491
8.18164
6.65574
5.40875
4.13202
5.41728
14.467
11.9258
14.3165
16.0302
16.6924
16.5821
16.4665
16.5065
16.6308
16.2828
14.8602
13.0527
12.0126
12.3856
26.1889
20.4179
17.7876
16.8204
18.1484
20.4709
22.6082
24.3035
25.7246
26.9235
28.3341
30.3364
33.1614
36.8877
40.2905
43.0548
44.6011
45.3836
45.8943
46.172
46.5806
46.9962
47.0903
47.2611
46.5712
45.6921
43.9429
40.3584
34.1512
35.4379
33.465
26.7845
25.5413
24.5322
23.492
23.2554
25.2988
29.5644
35.7064
41.9048
46.7858
49.9102
51.835
52.9946
54.3714
55.9635
57.7108
59.6294
61.4863
63.2727
63.8557
64.7586
65.2079
65.8743
67.0285
67.3899
64.9055
57.3393
45.4315
43.3066
36.5084
34.1286
31.7352
31.6872
33.3212
35.9191
39.3227
43.7171
48.4446
53.1514
58.092
63.4556
67.9969
72.4607
77.2046
79.0624
82.6745
88.6688
90.2426
95.235
96.1649
97.5141
97.5925
96.1794
92.2553
84.1416
72.0933
56.8567
38.1284
41.6795
44.7784
49.0934
62.2981
72.8473
79.8725
83.6489
85.6096
86.4168
87.7694
87.427
91.0879
91.9631
94.6058
97.2402
96.867
97.2618
97.0577
94.3482
90.4324
81.5262
70.0028
56.9418
44.9956
35.0703
27.5113
22.2421
23.9309
28.4228
28.6349
32.3687
33.0666
21.471
20.9874
20.844
23.4777
27.6786
34.026
38.3839
43.316
46.9396
50.5144
53.4136
55.9841
58.227
60.4376
62.4983
64.7129
66.6695
68.372
69.4966
70.7958
72.1397
73.366
73.8313
71.9145
66.5605
58.4258
47.3893
35.7005
43.4887
36.1222
19.8404
28.7519
39.6599
43.9167
49.9709
58.9757
68.4305
77.681
84.8612
90.8076
96.1434
100.706
103.947
108.466
109.44
112.032
112.276
114.437
115.819
115.983
111.479
102.442
89.2715
74.3549
63.4978
52.6739
38.0677
34.3349
63.681
33.4781
30.6612
44.3856
56.4623
65.859
73.0864
78.8079
82.5637
85.6359
90.9515
95.8028
97.5579
99.7565
101.069
100.268
98.9712
97.3825
94.7513
91.2611
86.1599
78.481
67.6668
55.7507
45.0729
35.2535
26.6014
22.7429
25.7986
28.0944
34.5143
47.0174
55.098
67.6027
77.5574
84.8731
91.298
97.2031
101.72
105.758
111.137
116.484
117.015
118.009
116.137
113.158
108.974
104.855
99.3658
89.5917
75.6393
60.9824
48.6209
36.8376
28.2733
23.1644
24.1645
26.7648
25.0425
22.3897
33.6602
36.6093
19.5648
29.3276
47.3627
66.1377
83.6185
99.8142
112.401
124.238
132.771
143.534
149.822
156.069
157.381
168.832
161.035
154.532
143.941
133.956
120.09
104.794
86.6566
70.2375
54.6652
39.688
26.307
20.7694
24.2486
25.2226
34.0255
37.5666
24.7435
38.1927
57.1698
75.756
91.8868
103.418
113.768
129.362
128.414
142.275
142.422
144.216
143.868
142.651
136.309
129.417
121.78
109.76
95.1347
80.5001
65.8743
51.9461
40.7698
33.09
31.7546
36.794
41.9606
40.2612
43.6745
50.8559
33.8392
46.2577
62.3563
78.0499
83.445
82.4018
79.7117
78.3234
76.8414
76.275
74.3216
73.8981
73.0532
72.2673
72.3211
70.1737
66.8208
63.03
61.137
62.0879
61.2231
57.8773
53.6214
48.786
47.5763
48.9371
51.0924
51.9996
62.6343
32.1653
23.4369
27.5151
43.1649
57.8576
50.3547
54.0124
62.9838
69.5396
73.259
74.0615
74.7474
74.8368
73.5265
72.2735
70.0409
67.6648
65.0083
61.5295
56.9385
51.1
44.7295
38.9521
31.4529
17.5459
7.51216
5.11577
4.43412
4.1845
5.48899
15.7321
14.362
16.5184
16.8813
15.7903
14.645
14.0442
14.0568
14.7531
15.6941
15.712
14.3324
13.3217
13.3105
28.186
22.1449
18.2144
16.9029
18.635
21.2681
23.6618
25.4349
27.0455
28.6432
30.8741
33.7365
37.4782
41.6406
44.7681
45.4423
43.2524
40.6357
38.1598
36.7379
36.0705
36.473
37.4734
39.5098
41.5398
43.2063
43.7321
42.1385
37.3544
37.6574
35.2823
29.128
26.3045
23.4724
21.3728
21.3866
25.2426
31.4344
38.8068
45.7415
50.5969
53.6077
54.5055
54.438
54.0054
53.4886
53.571
54.5004
55.7719
56.5693
58.0489
58.5782
59.6359
60.7244
62.8967
65.8291
66.7521
62.5543
51.9973
46.8254
38.6488
38.0582
33.4307
31.8882
33.0716
36.0409
40.6428
46.4165
52.5989
58.5454
64.1651
69.6947
74.4268
78.2782
78.7725
76.3304
76.3546
74.6133
74.6824
77.6152
82.0019
85.5562
89.6659
92.0658
92.5113
88.3438
78.173
63.1619
44.4509
43.1986
55.4289
55.8865
68.3708
77.7482
82.5377
82.8091
80.5443
76.6445
74.3454
71.4691
71.1669
71.5087
74.2296
75.9926
79.7928
81.8421
85.2172
87.3281
87.3763
83.8566
74.8778
63.6992
52.5008
42.4096
32.7975
23.3742
22.8395
29.1917
29.7348
33.1326
35.4316
23.0429
21.8126
22.1414
25.2264
30.3939
36.9146
41.4784
46.3912
50.7194
53.6129
55.3609
55.9542
55.6776
55.0816
54.7241
54.7732
56.1599
57.8021
59.7236
61.5639
63.4123
66.2926
68.6581
69.4858
68.0391
62.1512
51.9024
40.152
44.9224
37.4388
22.8837
34.9207
38.3442
44.6214
55.1718
67.6179
77.7965
83.6252
85.5389
84.4916
84.5834
83.5183
85.3128
86.6206
90.5799
92.83
96.1844
98.5677
102.709
108.236
111.365
107.004
96.7405
82.4177
68.9316
57.8422
42.9519
35.0945
62.8216
34.6091
35.5739
50.4404
62.3938
70.4595
75.3003
77.7527
78.8087
81.4267
82.5386
81.5855
83.0246
85.1133
87.431
89.2093
89.4913
89.8824
89.7151
89.7486
87.6348
83.2707
75.092
63.4847
51.6138
40.8026
30.9811
25.9944
27.3018
28.0365
34.8411
54.7223
65.7981
76.4655
83.7409
89.4808
92.4927
94.5679
95.5146
99.2122
101.907
101.521
103.2
103.556
105.007
105.699
106.025
104.886
102.888
97.3407
85.9646
71.2174
57.3611
44.8613
33.5947
25.7898
25.2989
28.1837
25.4901
21.689
33.2537
38.6262
20.9298
35.5787
55.1254
76.0291
95.4193
110.154
121.181
126.556
130.901
132.347
135.053
139.144
144.532
139.206
146.643
143.71
143.263
135.538
126.388
113.917
98.4075
80.0695
64.1829
48.7774
34.0844
24.2735
25.5241
25.6296
33.7294
39.6956
28.8765
45.9847
67.352
87.3904
101.904
111.169
123.41
123.73
125.623
131.468
131.969
137.195
139.362
139.159
136.692
132.379
128.173
121.351
108.464
93.0354
77.1272
61.2059
46.7488
36.3991
33.8147
40.6072
48.3147
45.5433
45.6216
54.6597
39.6578
55.0322
71.9677
81.833
82.2533
79.033
76.0586
73.0652
71.161
68.3907
66.2939
65.0184
68.2943
71.2299
75.471
76.9986
74.4595
70.7492
70.2469
69.5951
67.1517
60.024
51.6556
43.7667
41.7228
46.164
51.7989
54.7839
64.385
35.4194
26.2916
38.2069
54.5457
54.3032
52.5154
60.3169
67.7962
70.9987
72.4077
71.8519
70.9936
68.9524
67.4665
65.3374
64.1076
63.4125
63.0313
62.283
60.251
55.4098
47.721
38.913
32.2177
22.1652
8.94294
5.44768
4.80712
5.30768
6.13267
16.9944
16.2145
17.1681
15.5927
13.8213
12.7551
11.989
11.6593
12.3601
14.2845
15.8938
15.514
14.5994
14.017
30.0216
23.9765
18.9069
17.011
18.6716
21.4716
23.8796
25.7138
27.4726
29.6234
32.6647
36.4659
41.0464
45.7311
48.1319
45.9474
40.8008
35.7801
31.7462
28.6339
26.8101
26.7997
28.6493
32.0813
36.2929
40.4368
43.1215
43.4761
40.0425
38.6633
36.0627
31.5522
26.8446
22.6034
19.6803
20.558
25.6298
32.9501
40.8103
48.1065
53.3105
56.0437
56.6802
55.6184
53.6069
51.892
51.0196
50.3862
50.2593
50.8606
51.4764
52.4972
53.8969
56.0894
59.6029
64.2468
67.9857
66.8165
57.9863
49.1121
40.3983
42.1988
35.4834
32.1528
32.1972
35.3567
40.6408
47.9026
55.1915
61.9505
68.0814
74.7392
80.2345
83.8626
81.3596
77.925
69.1031
61.5004
57.5549
60.5698
67.124
74.8871
82.968
89.9971
92.8823
90.9485
81.9533
67.3161
48.5302
43.9003
63.9196
59.8727
71.7556
80.6164
83.5921
81.1496
75.9888
68.3977
62.6252
56.5852
54.1306
52.957
55.1962
59.0675
63.6356
68.8014
74.1654
79.4908
83.5561
82.9427
77.6971
67.9526
57.8455
48.3767
38.6073
28.1439
24.5192
29.7138
30.0858
34.0246
36.9413
24.9954
23.1089
23.3564
26.9094
32.9497
38.9357
44.9123
50.3343
54.5721
57.5111
57.9256
56.9292
53.9571
49.8024
45.7552
43.4639
42.7893
45.056
48.3909
52.0749
55.829
59.1636
62.7
66.6495
67.3989
63.4376
55.7617
44.6643
46.4457
39.018
27.3813
34.7512
38.7135
49.316
63.4123
77.4994
85.7176
87.9293
82.2277
77.6961
70.6917
66.7518
63.7899
64.8853
67.755
73.2386
78.4527
85.7378
91.8125
98.317
105.664
108.175
101.27
87.9315
72.9579
59.1935
44.6476
35.8872
60.3291
36.9369
39.863
54.9184
66.6782
74.0272
77.0071
78.0333
77.5095
74.9166
70.551
69.7655
69.7405
69.7802
70.582
73.4647
77.4417
81.3543
82.7673
86.3178
87.0111
85.4424
79.5238
68.826
56.103
43.864
33.7971
28.8697
28.6833
27.6004
35.2304
62.2445
72.9951
82.2978
88.8473
92.0408
91.7172
92.1251
88.743
86.4828
82.1111
81.7995
83.6214
87.9815
91.1374
94.1209
97.541
101.587
103.458
101.893
93.7059
79.2435
64.1566
51.1099
38.661
29.5271
28.2845
29.3207
25.7038
21.3103
33.0569
41.2178
24.2387
40.7494
60.9301
83.8644
104.792
119.735
126.834
127.956
124.32
119.204
113.743
108.212
107.589
120.493
123.604
130.546
131.47
133.599
129.006
118.125
104.59
89.1522
70.9834
55.0153
39.85
28.7627
26.9763
25.7026
34.2255
41.9893
32.7735
52.9413
76.2851
96.8715
109.696
119.286
125.233
115.26
118.05
110.591
108.569
110.431
116.7
125.349
133.12
133.428
130.878
127.905
119.391
104.124
87.0602
69.2604
52.3995
39.9782
37.129
45.9458
54.9446
51.5639
49.2031
57.3309
46.3361
62.7324
78.7044
83.0476
79.8367
75.9001
71.9842
67.1169
61.771
57.7056
55.6756
56.3532
60.7664
68.4149
76.5919
81.4572
80.5105
76.2746
77.6805
76.186
69.8263
62.4345
49.4021
36.9229
37.7379
46.0644
53.7892
57.7105
64.3488
36.8915
29.5828
46.9497
56.5458
52.0033
56.467
63.8285
69.3963
70.017
69.9672
66.5195
64.1722
60.1748
56.9243
55.5627
55.5017
57.554
59.2363
60.7538
61.2974
58.6907
51.8245
41.0611
31.1296
24.6466
11.66
6.51655
6.2096
6.70792
7.21303
17.9706
17.0227
16.2226
13.8998
12.7869
11.9802
10.9069
10.0489
10.5542
13.0368
15.8038
16.2387
15.5678
14.4793
31.9241
25.8405
19.6842
16.7996
17.9913
20.7289
23.1384
25.0823
27.0381
29.4107
32.5762
37.1464
43.1481
48.4414
49.8741
45.2154
38.4273
32.7743
27.7852
23.2728
19.6234
18.9707
21.8677
26.6626
32.4377
38.3867
42.7727
44.5217
42.1315
38.2321
37.6308
33.7114
28.1646
22.4147
18.7783
20.0155
25.9613
33.4268
41.8575
49.3638
54.8052
57.7124
57.8619
55.8884
53.5238
51.2574
48.7503
46.4021
44.4388
42.5136
43.0897
45.5555
48.9527
52.26
57.2478
62.6913
69.0449
69.7283
63.3832
49.4175
42.0837
45.9006
37.8086
32.2199
31.0719
33.7342
39.7729
47.6553
55.9028
63.1227
70.3442
77.493
83.666
87.8082
87.1676
79.5796
68.69
53.3547
41.5597
43.4625
54.1045
65.4703
76.1405
87.3374
92.1248
92.5741
84.9931
70.0137
50.7555
43.9717
69.5479
61.9888
73.9747
82.5471
85.2755
80.5618
73.899
63.6066
55.3386
45.2546
39.5515
37.4252
40.2997
45.7161
51.2293
59.3851
65.3426
73.32
79.03
81.4208
77.3876
70.1525
60.5174
51.9121
42.7276
32.6694
27.9664
30.5912
30.0867
34.562
39.243
26.9875
24.4298
24.5738
28.1786
34.6673
40.9515
47.5583
54.0201
58.635
61.2648
61.7331
59.0972
54.2207
47.0309
39.5314
33.5166
29.7384
32.0717
37.4479
43.5128
48.3939
53.1198
58.6047
62.9903
65.2627
64.4401
58.1181
47.3046
44.7767
41.639
31.0108
34.31
41.6172
54.1733
70.2834
85.4989
93.1875
91.281
82.7415
74.8132
63.2271
55.2465
49.2276
45.0833
46.9464
53.9195
62.5308
72.3528
82.5226
91.4514
100.709
106.494
102.901
90.7222
75.0703
59.1882
43.8686
35.5757
52.6956
41.982
44.0627
59.2003
70.4517
77.4884
80.7292
80.1859
75.5473
70.6612
65.131
59.2163
51.6895
47.7308
50.2629
57.343
64.0353
72.419
76.3437
82.3875
85.4224
86.1763
81.5396
71.8079
58.1816
44.7126
34.3549
29.4382
28.6932
27.2512
36.8742
69.7407
77.2069
87.4457
92.8858
93.5136
92.8459
90.3704
79.9344
73.0762
66.6549
61.9424
62.3263
68.6412
77.6902
85.3438
90.485
97.62
101.714
103.713
97.517
84.9552
68.9064
54.7397
41.9435
32.1703
29.7423
28.2225
24.8358
20.9927
33.8456
43.9315
29.1821
46.3419
66.8023
91.0598
113.925
127.073
132.331
127.692
121.051
106.722
95.1303
86.5055
82.8791
83.849
99.2114
111.609
120.506
124.647
129.226
118.956
109.348
92.848
76.907
59.233
42.5341
31.5586
27.968
25.9076
35.7994
44.5478
36.8771
59.0249
83.5363
104.508
116.637
124.6
121.427
112.95
105.801
92.1256
84.5104
82.8742
91.0464
102.714
117.674
131.719
133.191
131.052
126.441
112.352
94.9055
75.5244
56.7038
42.8707
40.4216
51.8149
62.208
60.0443
57.7051
59.2492
52.2677
68.4642
81.0183
82.7187
77.8501
72.4502
67.9809
61.0695
53.3155
46.7924
44.3062
46.9535
55.2828
64.5384
76.6678
84.4947
84.0374
79.4818
81.3967
79.2069
71.6167
63.2531
48.7525
36.9493
42.6851
51.3268
56.5624
58.6451
63.3314
38.153
31.1035
50.1785
52.2459
52.5127
58.7619
65.9678
68.1637
68.1597
65.4233
60.3947
54.8241
48.7905
44.5791
44.02
46.7048
51.7313
56.3151
59.3421
61.3416
60.668
54.7216
43.8521
31.1293
23.6725
16.4085
8.46966
8.36087
9.54103
10.1177
18.3372
16.8578
14.7916
13.0473
12.4848
11.9608
10.6063
9.33566
9.64439
12.2359
15.5836
16.5031
16.1581
14.8854
33.767
27.8062
20.7189
16.3622
16.1659
18.7675
21.3725
23.4151
25.0044
26.7764
29.9414
35.4805
43.4579
49.5942
49.9433
43.933
37.1275
31.5286
26.145
20.666
15.6829
14.1863
18.0173
23.9689
30.7257
37.759
42.8985
45.4781
43.609
37.182
38.4992
35.5523
29.0624
22.6651
17.9606
19.4063
25.3446
33.1298
41.4403
49.6401
55.0737
58.1516
58.4702
56.5801
54.2417
50.8686
47.9262
43.8812
39.0567
34.7922
33.0593
36.5795
43.3421
49.351
55.6226
62.486
69.0145
72.0406
66.5984
48.3269
43.6933
48.6196
41.0088
33.0238
29.3704
31.1941
37.3476
46.1243
54.972
62.8493
69.9135
77.7665
84.4544
90.6701
90.4526
85.4529
73.4766
58.8639
44.4871
41.7196
51.3083
64.0286
75.95
87.2964
93.9587
93.3801
86.5092
71.6282
51.3836
46.0366
71.9105
62.1308
74.7408
84.0597
86.6913
82.4953
74.1058
64.3185
54.1681
42.64
33.2678
28.3613
31.4012
38.1126
44.5129
53.5139
60.029
69.4688
75.287
78.5031
75.6172
69.5025
61.061
52.9518
44.39
35.4505
31.1358
32.002
30.1208
35.0454
40.882
29.0357
25.8241
25.1369
29.1332
35.6239
42.3594
49.4195
56.2793
62.2011
65.3386
65.4446
62.9787
56.9183
48.551
39.6699
30.8116
23.1092
22.4729
29.6223
37.2567
43.9147
49.5438
54.8348
60.3267
64.5023
64.4743
59.0786
49.141
43.6172
46.236
32.9732
35.3839
44.2819
57.5805
74.706
91.5694
99.4082
96.9843
87.9128
76.2972
62.5611
54.2758
43.1998
34.1351
31.5313
40.5102
53.0717
64.9551
76.9016
87.8486
97.5356
105.464
103.29
91.6253
74.8218
57.2335
42.3019
31.5591
45.1795
51.4836
48.8694
63.0859
74.7879
82.0905
84.7849
83.1736
78.495
73.3872
64.4296
55.2852
44.9978
34.4984
31.3995
43.7141
54.2142
65.1432
72.0122
79.018
84.3386
85.7263
82.2143
72.4158
58.2403
43.7191
32.8032
27.5967
31.3702
33.3413
43.8568
79.1884
79.8679
90.0641
96.7712
96.0443
95.9409
89.4827
77.9886
70.3538
57.498
44.7795
38.0625
50.6725
63.996
76.6046
85.1358
93.3155
100.934
103.198
99.4611
87.3982
71.4788
55.9999
42.6978
33.1278
28.0721
26.6317
24.8592
24.3233
40.9349
47.6092
34.6679
49.0504
69.6456
96.1645
119.448
133.269
137.062
134.859
120.814
106.853
90.5192
71.6665
56.1287
62.185
79.8418
99.9531
108.775
121.646
124.818
119.801
109.511
96.9713
78.4389
61.2621
43.2739
30.7625
26.715
27.1948
42.2353
48.6852
42.103
64.1834
89.119
110.508
122.746
126.365
124.137
113.17
97.3347
84.0033
67.5344
59.0987
68.6742
89.5871
106.154
123.346
136.442
132.195
130.305
118.672
100.456
80.205
60.4908
45.6036
43.3941
56.2292
68.3495
68.9383
71.8067
61.1445
57.4222
72.4166
82.3378
80.0986
75.393
70.2971
63.8587
55.9705
46.8958
37.6737
33.0504
38.2995
50.4293
62.5702
75.7769
86.0601
84.9896
79.8907
82.149
77.9449
70.7712
62.9868
52.2587
48.138
52.3678
57.4347
58.6051
55.9581
59.2741
38.5197
30.6204
45.497
49.6334
52.7816
59.8137
65.0658
67.0046
64.091
60.4296
54.0656
46.3008
37.3946
30.0354
32.9175
40.1431
48.4874
54.6727
59.5499
61.6653
62.0112
56.6737
45.7219
32.103
21.9351
19.5199
12.8846
13.4159
17.3886
20.324
18.2846
15.9499
13.5787
12.697
12.9467
12.962
11.2226
9.57299
9.8626
12.2576
15.2782
16.3614
16.3907
16.1849
23.8496
33.5972
35.1437
28.8823
21.7711
16.3573
14.3757
15.8677
18.1342
19.538
20.7451
22.3752
25.6202
31.8849
41.8945
49.4754
49.2061
42.9876
37.0014
31.8267
26.5624
21.1201
16.6159
15.5744
19.085
24.6816
31.353
38.2623
43.6121
46.0282
44.0703
39.0053
42.8805
44.1853
41.0901
36.4794
30.2156
23.3287
18.159
18.6308
24.4231
31.7905
40.4864
48.2183
54.4226
57.5265
58.6362
56.7922
54.8058
52.3183
49.0842
44.4335
37.8916
30.8772
27.246
31.7128
40.7026
47.9923
55.8195
62.3094
69.867
71.967
68.0606
50.7875
44.9215
46.0002
47.2679
50.7549
44.4002
34.9268
28.8709
28.8446
34.572
43.6302
52.9855
60.4811
67.2682
75.0181
83.2512
89.4973
93.9187
88.7346
82.6536
69.3958
60.7131
54.7617
60.2204
69.0586
80.5057
89.8902
95.3116
94.6026
86.6231
71.6539
52.3584
43.4397
54.6498
62.5769
52.0607
64.4029
76.0775
85.2203
88.7301
84.6308
77.6767
68.7284
59.8254
49.3848
41.032
34.8165
34.826
38.4714
44.1274
51.9679
58.4999
66.8565
71.9942
74.7142
72.1846
67.0305
59.2744
51.819
43.7075
36.1918
33.7656
34.6537
33.326
30.6293
40.493
44.0713
38.2674
31.7991
27.9275
26.8166
29.6949
35.5803
42.1961
49.7769
57.2654
64.0112
68.5594
69.3083
67.4822
61.6484
54.2156
45.6401
37.2495
30.1172
27.1708
30.9805
36.9441
42.6072
47.9941
53.9863
59.8229
63.3835
63.1052
58.113
48.7342
38.6655
46.123
60.2707
49.0687
39.1524
39.039
46.3722
58.5815
75.9012
94.5568
104.935
105.115
94.8351
82.1829
70.0717
60.6406
49.9678
42.3314
37.7968
44.4307
54.3779
66.2032
77.2045
88.9756
98.4108
105
102.411
89.9968
72.7706
53.6457
35.1991
37.8165
46.9741
58.7665
65.4177
55.9166
60.7676
70.777
80.4458
87.4968
89.9718
88.2212
84.2323
78.3296
70.9512
62.2466
52.7499
43.8609
37.617
44.4406
53.0237
64.2153
71.0421
78.0823
83.5576
85.0423
81.5052
71.6389
57.3484
42.9769
34.6226
39.7433
50.5535
56.5351
58.3552
65.1275
70.2145
66.3645
80.9663
91.7504
99.0905
99.993
98.5705
94.1105
84.57
75.6693
65.3817
52.2325
43.0722
50.7413
61.8796
73.8913
83.4651
91.7299
99.7845
102.67
98.9334
87.3232
71.4897
55.3158
41.1112
30.4501
23.4493
26.0121
29.9327
37.8679
47.7442
62.4483
63.7393
51.244
46.2355
55.562
74.532
100.238
122.075
137.149
144.409
138.797
127.956
116.022
100.34
81.9382
64.9938
62.833
74.4929
95.7125
111.401
114.452
124.94
120.896
107.606
96.6281
80.1362
59.2739
40.8403
26.8639
27.0423
34.9548
44.1258
54.4605
55.0387
41.2955
49.5767
69.7286
94.1002
114.211
126.725
131.214
128.474
118.297
105.171
92.9773
75.3581
61.6902
64.4267
87.7669
106.631
119.751
136.561
136.326
131.357
121.908
104.708
83.724
63.5388
48.3492
45.2903
56.6724
68.4197
70.8448
62.7384
58.9203
58.3428
56.7161
62.0638
74.0034
82.0692
78.9503
72.4214
67.4534
62.1218
53.0619
43.0466
33.1393
28.0844
35.5691
49.2394
61.6447
75.6595
85.736
83.6925
77.1392
79.3182
74.5669
68.2358
63.4542
58.3756
59.8496
62.6971
64.4881
63.3976
58.4026
50.0343
36.3906
35.8469
32.0318
34.5324
43.333
47.424
52.6682
58.6062
63.3502
63.672
61.2807
55.5803
49.3052
39.367
29.6238
21.8348
30.4428
40.2743
49.1269
55.6341
60.465
62.9532
62.8544
57.4742
46.5806
33.2757
21.5905
21.3369
20.3097
23.3598
25.1621
18.6302
7.48552
3.77346
17.7618
14.7035
12.8497
12.8237
14.3535
14.9835
12.5757
10.0184
9.84154
11.8655
14.4285
15.666
16.0971
15.7688
14.1653
20.3083
32.6171
28.642
22.3582
16.7111
13.1613
12.8666
14.0015
15.1811
16.5401
18.531
21.9093
27.8954
38.755
47.7485
47.5649
42.1428
37.2225
32.9626
28.4782
24.0005
20.8818
20.6206
23.219
27.7301
33.6951
39.9104
44.5999
46.6339
44.4251
38.7594
29.7196
29.8683
38.7373
35.7281
30.4339
24.4628
18.8398
18.1494
22.7312
30.1479
37.9892
46.1051
52.168
56.1595
57.6218
57.035
55.7189
54.257
51.8088
47.9518
42.2502
36.3121
33.6611
37.053
43.373
50.4833
56.5065
63.4405
68.2475
69.8216
64.1281
55.5594
36.8204
33.7462
45.8832
52.0004
48.5947
38.8924
29.9037
26.8398
31.1001
39.6437
48.9721
56.3582
62.8261
69.8399
77.8627
86.5027
92.4048
92.5223
89.2406
82.5812
76.315
73.4691
74.3939
80.1857
87.034
93.6888
95.7087
94.699
86.037
70.634
52.4097
40.1752
33.901
38.3396
51.4759
63.5915
74.424
84.6929
88.9353
87.2592
82.5257
74.5772
67.3379
60.7725
54.2964
49.3398
47.0411
48.6951
51.2308
55.7795
59.3302
66.1812
68.3538
70.73
67.96
63.14
55.9548
48.4355
40.2852
33.4401
31.4074
31.7563
29.9731
28.5803
30.8953
32.4244
37.2121
33.3631
30.3963
27.613
29.3604
34.1633
40.2044
48.045
55.951
63.9469
69.5675
72.3175
71.3286
67.4674
61.4794
54.1709
47.6998
42.399
39.3546
39.499
41.9891
46.0073
51.0596
56.0778
60.0801
62.19
61.1029
55.017
45.2001
39.5074
39.7127
51.9276
51.2689
40.0841
39.3561
45.3812
56.5787
72.763
92.8806
109.248
111.099
102.274
92.771
82.3905
72.5115
64.9369
60.2937
58.6202
60.9582
67.757
75.5723
84.8922
94.3134
102.93
105.189
100.679
88.3577
72.2163
50.917
38.4327
42.7818
50.0322
53.5172
53.3894
53.5013
61.0142
72.2356
82.9951
90.6639
94.3554
93.7659
90.4853
85.7357
80.4342
74.2123
69.0832
61.4448
59.6164
60.2565
64.6041
67.6919
74.2938
79.5003
83.756
83.705
80.2596
70.7129
57.7753
44.7328
36.0198
37.0215
43.5226
48.0993
49.363
49.3465
52.3361
67.8457
81.4512
92.6293
101.208
104.361
102.923
101.427
94.7544
87.6677
82.3699
75.5241
69.6682
69.31
74.1083
82.1733
87.3449
94.0969
99.4748
101.318
96.5447
85.0954
69.5901
53.6471
39.0202
26.4445
24.6755
31.6587
37.2106
42.8863
47.7845
50.2119
50.1265
45.0166
42.7606
54.6308
72.224
95.271
121.197
140.587
148.573
144.382
142.094
129.083
122.106
108.564
99.777
94.6737
95.5391
105.572
118.801
113.968
124.805
117.932
108.449
93.4808
78.4003
57.8916
37.5828
26.356
30.0365
34.948
37.7467
37.8169
36.2679
36.7552
48.4985
69.7318
94.3284
114.692
128.812
137.576
132.502
130.723
119.074
113.269
100.962
93.9473
94.433
102.98
118.9
126.042
135.256
138.303
132.38
121.912
105.916
85.8365
65.5004
49.6879
42.5517
49.5259
62.1652
65.6321
58.202
49.2412
48.7344
57.022
62.0643
72.707
78.2622
75.7339
70.7356
64.888
59.3421
52.9804
44.9414
37.2446
35.4077
41.6158
51.8514
63.5109
75.5328
84.0618
79.9317
72.1512
74.5284
68.8303
64.8893
65.2191
65.9575
69.7516
73.2458
72.8195
65.3356
53.2978
43.7913
37.9141
34.8808
33.9076
34.9416
39.5186
44.8628
50.238
56.4924
60.1868
60.0416
58.5831
52.1413
47.0632
38.995
33.4016
32.9096
38.8232
45.7678
52.906
58.3773
62.2395
64.3567
63.4678
56.9843
45.8291
33.1273
21.7711
20.9332
22.5418
25.3894
21.2344
10.9232
4.61936
3.25496
17.0458
13.4503
12.3885
13.4681
16.435
17.6053
14.3914
10.7896
9.92633
11.1813
13.28
14.679
15.376
14.8407
12.4423
17.036
29.3414
28.3457
23.2282
17.7619
13.3766
11.3797
11.4788
12.6161
14.2644
16.4783
19.416
24.1152
34.5646
45.1159
46.0053
41.8123
38.1772
35.1977
32.2381
29.1406
26.9341
26.7051
28.5598
32.2008
37.103
42.2341
46.0905
47.1296
43.8852
36.5381
26.557
26.6728
34.7803
34.0703
30.7952
25.6191
20.4511
18.2487
21.6804
27.7816
35.1109
42.3028
49.025
53.3963
56.335
56.7867
56.9961
56.8752
55.9012
54.1149
50.8154
47.5096
46.1123
46.9388
50.8885
54.2266
59.5396
63.0588
65.8672
63.9417
56.8886
48.9462
33.6219
32.3708
45.8827
51.7689
50.5931
42.1739
32.4626
27.2502
29.5498
36.7259
45.1497
51.7662
56.5106
62.4851
70.554
79.6281
88.7141
91.8579
95.639
90.2632
90.5977
85.9886
87.7326
89.3588
93.3518
94.9761
95.7029
91.2896
82.3891
66.9372
50.4715
38.812
31.8799
36.8343
49.6972
62.1858
71.5739
80.7472
87.7201
88.7709
86.443
80.8281
75.9049
70.6072
66.5214
62.8118
61.9335
60.6425
60.0138
61.3122
62.7951
65.7803
65.8638
66.3833
63.3146
58.2657
51.3603
43.2534
34.5734
28.1694
27.3318
27.8876
27.6317
27.794
30.0734
32.2199
37.0349
34.123
31.6699
27.7168
28.2614
31.2502
36.4608
43.7883
51.6442
60.3819
68.0867
72.6146
73.169
71.7385
67.9827
63.59
58.5244
54.068
51.4454
50.6672
51.876
54.1378
56.3927
58.798
60.6062
60.3993
56.9462
49.833
41.8648
39.9934
47.3234
54.192
49.7268
38.3079
37.1067
42.3072
51.9003
65.9895
86.8391
106.44
113.987
112.892
104.274
94.5873
87.9778
81.7848
78.6296
78.3068
80.1084
83.3973
89.9551
96.5277
103.568
107.265
106.435
98.2351
86.3091
68.224
48.0541
40.3816
42.2048
44.0418
43.261
43.1446
46.4328
56.485
69.6378
81.848
91.1326
96.931
98.5193
97.0021
94.0056
91.1751
87.8544
82.1002
80.8373
76.5899
76.0954
74.9864
78.2547
80.6197
81.824
83.4741
83.2151
77.9075
68.419
56.8909
45.1244
36.0272
33.3948
35.1038
37.0411
38.5298
42.0901
50.088
65.1278
79.3731
91.5719
100.935
106.843
108.127
108.739
108.057
101.587
98.1561
96.7199
93.8809
93.3591
93.015
93.3313
94.2678
99.2331
100.268
99.5674
92.6849
81.082
66.4676
51.5845
36.7317
26.0324
27.3074
33.058
37.2626
39.5222
40.0345
39.2445
36.7953
34.0909
35.7061
48.5048
66.7816
89.6783
115.518
135.356
148.626
151.709
150.539
145.515
144.109
137.679
131.261
126.613
126.235
121.605
131.66
118.91
125.714
112.382
107.42
90.9854
74.5939
54.9006
36.3568
27.0688
29.2395
31.1111
30.2108
28.2634
27.282
30.7357
44.798
65.6873
90.1319
112.972
129.787
137.799
139.081
143.728
137.784
136.612
134.954
132.373
126.602
129.52
135.794
136.879
136.73
137.648
131.37
120.086
104.212
84.724
65.3273
49.1618
40.5293
44.8629
56.7725
60.891
53.8914
45.3542
45.4627
52.8551
57.8551
67.3408
73.0535
71.3626
67.8201
63.8349
59.0955
53.5182
49.0831
45.9921
46.1829
50.2349
57.7187
67.0991
76.0741
80.4371
74.2205
66.5469
68.0265
61.4805
61.5974
66.2397
71.7345
76.1164
78.4594
75.3322
67.3783
58.8857
50.7644
41.612
35.3682
31.7853
31.052
34.0888
40.3473
46.318
52.1797
56.4071
56.2652
55.9846
51.2794
48.1717
44.9258
42.7547
44.0409
48.0978
53.405
58.1069
62.0676
64.1962
65.671
62.7515
54.7676
43.2895
31.3363
21.2233
20.9175
22.5104
24.1266
17.4058
8.49001
3.47454
2.85126
16.0046
12.4031
12.1325
14.2071
18.2953
19.6719
16.6378
12.1897
10.3922
10.8212
12.2463
13.5594
14.3236
13.7656
11.3819
14.3068
25.8456
27.8543
24.5978
19.7366
15.1464
12.3884
11.6382
12.3477
13.8984
15.9783
18.0783
21.0721
29.5644
41.1333
43.6854
41.2724
39.2108
37.8667
36.6412
35.1514
33.7897
33.4345
34.4952
36.8369
40.0886
43.5712
45.7789
45.1596
40.2998
32.3053
24.1937
24.3111
30.8441
32.8548
31.0153
27.1024
22.5281
20.1738
21.8294
26.413
31.4947
37.5023
44.1165
49.7646
53.8711
56.204
57.6974
59.4273
60.0237
61.0091
60.0561
59.1536
57.6011
57.674
57.921
59.9894
61.1801
62.5564
61.1636
56.6969
47.7532
38.8137
28.9082
30.0955
44.2757
50.3398
50.4751
44.5735
36.3521
30.3883
30.9435
35.937
41.6398
45.9593
49.4084
53.9046
61.1839
70.7257
80.4299
89.3432
94.653
96.3155
98.3128
97.4903
96.2003
96.4883
95.4198
95.1397
91.4692
84.8358
74.9329
60.8329
47.2934
37.1719
31.0605
34.4288
45.0722
56.0249
64.9057
74.01
82.7348
87.1721
87.9121
86.6369
84.2579
81.4974
78.941
76.6586
73.4526
70.6874
69.2679
68.5374
66.7347
66.1931
64.2452
62.625
58.6531
53.4362
45.8159
37.1825
28.6662
24.374
25.086
27.0269
28.3752
29.1204
31.522
33.0833
37.0192
34.2277
31.2718
26.6211
25.4617
26.6467
30.3025
36.715
44.3783
53.8737
62.821
69.3299
73.1649
73.408
72.6713
70.9596
68.9615
67.1047
65.3003
63.6774
62.8063
62.1333
62.1798
62.2422
60.9468
57.5817
52.154
46.2032
42.4379
46.0012
52.0362
52.749
44.6531
33.4015
31.9885
36.7819
45.1828
56.9563
74.8143
97.3112
112.025
117.079
116.049
111.102
105.135
101.689
98.637
97.8798
100.665
102.706
106.795
110.404
111.857
110.527
104.574
95.1017
79.3075
59.295
44.2182
39.7677
38.9865
36.751
32.934
31.229
36.0081
46.7013
60.7926
75.4771
87.2036
95.3735
99.8325
101.236
100.589
99.0245
96.6927
96.965
93.4691
92.5832
88.7843
88.5682
86.6008
84.9932
84.6523
83.9275
79.9287
73.6124
64.5575
53.9056
43.5239
35.4353
30.981
29.5901
28.598
28.4763
33.002
43.154
58.2266
73.782
87.5001
98.2628
106.663
110.917
112.95
117.329
118.602
114.782
112.606
111.884
109.913
106.711
105.883
104.824
103.83
100.84
96.1071
87.378
75.8674
62.5694
48.6354
33.8618
24.8416
25.4345
28.8575
30.9839
30.2883
27.6521
24.2674
21.7451
21.2947
29.3154
41.9739
56.8358
77.7735
102.74
126.386
144.567
151.214
159.519
159.319
161.741
158.398
156.345
152.728
149.252
141.835
140.549
123.717
125.623
110.441
102.673
86.0165
70.6516
49.9831
33.526
26.1507
25.5391
25.2764
23.1221
20.0863
19.5867
24.8051
38.0725
57.1832
82.0926
106.946
124.974
137.901
144.706
154.204
156.192
162.842
159.656
158.023
154.861
156.281
152.417
142.754
139.56
135.387
126.591
114.165
99.0542
81.3114
62.9867
47.4695
37.9874
41.0146
52.0614
57.4998
52.3378
43.2725
40.9534
47.1949
52.0747
60.7244
67.2141
67.4491
64.7612
61.86
59.4982
57.0178
54.3679
54.2269
55.854
58.8202
63.8516
70.3635
75.7931
75.7307
67.3222
60.924
60.9778
53.6241
56.6775
63.8342
72.137
76.3251
77.0467
72.4203
66.2196
59.2697
50.7206
41.1585
34.1721
29.2509
27.0061
27.9983
33.756
40.6673
47.0091
51.2047
53.2742
53.3247
52.8836
51.1562
51.7854
52.6906
54.7047
57.7042
60.323
62.4707
64.5648
66.266
65.1575
60.1303
50.0338
39.0203
28.1621
19.8333
20.9922
21.0452
20.6481
12.7295
6.22438
2.71647
2.67387
14.8544
11.4253
11.9451
14.5207
19.2
20.8968
18.8896
14.1823
11.5043
11.0347
11.6235
12.4613
13.0471
12.6596
10.6293
12.1703
21.5706
26.1904
25.4143
21.904
18.1484
15.8328
15.2017
15.9428
17.1561
18.3735
18.701
18.6626
24.1096
36.129
41.1943
41.288
40.6157
40.6171
40.9188
41.0635
40.7861
40.2898
40.1432
40.6832
41.7378
42.5961
42.3254
40.0473
34.8113
28.1137
22.8754
23.2533
27.9822
30.8831
31.0156
28.4914
25.6615
23.8701
24.7518
26.6241
28.732
31.7815
38.2629
44.7368
50.5977
54.6861
57.8159
60.9296
63.5287
65.7441
67.4095
67.4666
67.1339
64.9646
64.1753
62.7169
61.2334
59.2286
55.0869
49.0574
39.1423
30.4489
25.6511
27.0592
40.4527
47.431
48.6659
45.7049
41.3055
38.0445
37.8797
40.0128
41.8975
42.3529
42.2759
44.9741
51.2118
60.5462
70.6105
81.7499
89.7078
95.587
98.5334
99.0208
99.5973
96.3909
93.7117
88.6995
83.1731
75.4554
65.1984
52.5545
41.8545
34.0168
28.8595
31.5767
39.6906
49.3445
57.0464
64.3392
74.1828
82.251
86.7877
88.7525
89.5435
88.929
88.0819
85.9799
83.9714
81.9537
78.471
75.1829
70.8446
67.2803
63.3934
59.467
54.4607
48.1076
40.1893
31.5732
25.4514
23.7225
25.7238
27.7382
29.6669
30.8887
32.8313
33.7305
36.3788
32.5972
29.0694
24.2379
22.4434
22.3903
24.5212
28.6916
35.0541
44.1639
53.2886
62.5207
68.6578
72.0634
73.3327
73.9327
74.2554
74.2139
73.362
71.7685
69.578
67.7431
65.494
62.3264
58.1881
53.6199
49.0655
46.0908
46.5567
50.2235
49.8082
46.5115
37.5085
26.127
24.7295
29.3493
36.719
46.3315
60.4853
81.3242
102.322
114.621
120.487
121.734
120.665
119.357
119.872
118.822
119.106
121.671
120.671
119.522
116.259
109.008
99.078
83.9025
65.233
48.6916
39.3618
36.2854
34.3014
30.5625
24.9758
20.9036
25.059
34.6169
47.2094
63.6653
78.14
89.2986
97.3065
102.229
105.062
106.334
107.794
106.118
106.386
102.447
100.928
97.159
92.7242
89.2016
85.9167
80.5384
74.5885
67.393
58.7239
49.1454
40.1974
33.3439
29.2395
26.3833
23.5135
20.8042
23.941
33.0997
46.911
63.5481
79.3068
92.1234
102.625
110.754
115.515
119.101
125.613
129.968
128.666
126.201
124.389
121.928
117.164
111.837
106.06
99.1008
90.663
80.6594
69.8411
57.4776
43.2001
29.2558
21.8794
19.8714
20.4693
21.2683
20.6581
18.6411
16.6194
16.7832
20.1075
28.0012
34.1826
45.4059
62.7682
86.7165
111.638
131.39
146.941
159.575
164.342
172.303
174.199
173.037
167.99
164.44
150.983
146.579
128.019
123.552
104.618
96.2827
77.9219
62.5352
43.6158
29.4082
23.3174
21.7029
20.6191
19.3933
18.1127
19.3711
22.8542
30.5637
45.6489
70.0221
95.5084
117.461
134.164
145.886
159.088
167.978
176.197
185.534
183.734
181.897
171.243
156.302
147.353
139.305
127.967
117.438
105.523
90.9556
74.7175
58.5613
44.4722
35.3289
37.7722
48.0482
54.5967
51.0811
42.8377
37.5663
40.1446
45.2571
53.9276
60.8546
63.771
63.5933
62.0637
60.775
60.5152
60.947
61.4479
63.6443
66.7324
70.5546
73.9224
74.4493
68.4885
59.8119
56.0631
54.5264
46.896
49.0628
55.956
64.8657
68.3101
68.3465
62.6929
55.3222
48.6815
42.0134
33.6789
28.9239
26.6624
25.0458
24.4896
27.5848
33.9151
40.9752
45.5927
49.5644
51.063
53.9386
55.3558
56.8924
59.1141
61.4376
62.8177
64.0594
65.4891
66.5173
66.0954
62.1339
53.853
43.3061
33.1627
24.0278
18.5417
20.18
17.9174
14.8137
7.96137
3.9571
2.12014
2.52594
13.486
10.4662
11.6435
14.022
18.9523
21.7747
20.9718
16.5883
13.3811
11.9203
11.5658
11.6473
11.7725
11.5578
10.3293
11.707
17.3246
22.89
24.5216
23.6019
21.9337
21.2154
21.5483
22.5255
22.8912
22.5291
20.818
17.6401
19.0605
30.2243
38.2465
41.2192
42.256
43.1903
44.1331
45.0768
45.5784
45.1457
44.1565
42.9155
41.4479
39.7084
37.464
34.2823
29.6329
24.8884
22.2415
22.4888
25.766
28.8107
30.0638
29.9361
29.198
29.2851
29.7365
29.8612
28.2951
27.1701
31.4096
38.7748
46.0454
52.3402
56.7813
61.2631
64.7624
68.4948
70.2725
71.6288
70.674
68.8061
65.2572
62.1794
57.4454
53.5919
47.7167
41.1052
31.4772
25.9679
24.5049
25.1835
35.3454
42.6041
45.924
46.4282
46.4729
46.7611
47.3219
47.021
45.4553
41.8555
37.8068
36.9156
41.6303
49.9782
59.5308
71.1414
79.8292
88.9693
93.3109
95.8424
94.7016
91.7932
85.8316
79.6189
71.9361
63.2727
52.847
43.1565
35.2372
30.5824
28.5552
31.849
38.2856
42.8336
47.4673
53.7811
63.0682
73.2537
81.5285
87.0609
90.9455
93.6362
94.3883
94.9833
93.356
89.7612
85.056
80.5769
74.1429
68.9134
62.2293
56.3212
49.6261
42.4781
34.7948
28.0398
24.6205
24.547
25.9433
27.3336
29.1076
30.2641
31.6014
31.7981
33.1945
29.199
26.4856
23.2702
22.8887
22.9188
23.5187
25.1818
27.7447
33.1759
42.2394
51.939
60.614
67.0008
71.153
73.5864
75.0217
75.603
75.2666
74.2182
72.1117
68.7856
64.3898
59.6297
54.9516
50.7524
47.4574
45.5741
44.8684
44.7809
42.536
38.5336
31.0375
22.091
20.9521
24.5767
28.5729
34.5606
45.6746
62.4667
83.8613
102.84
114.762
122.401
126.731
128.684
130.11
131.484
130.672
127.882
125.909
118.289
109.863
97.8724
82.1835
65.4673
50.0758
39.7229
33.3641
31.0457
28.8222
26.0384
21.3182
18.7778
20.9508
25.3177
32.4341
46.9366
64.1223
78.2089
89.5524
98.3275
104.328
108.859
111.5
114.086
112.362
111.449
107.403
101.486
96.2555
90.3019
82.5476
75.3961
67.7848
59.6716
51.2005
42.9547
35.589
29.9967
26.7505
24.7494
22.3374
21.0035
22.6158
26.2281
33.6701
48.8747
66.2817
81.6583
94.3821
104.895
113.809
120.76
125.296
131.951
136.573
136.317
133.501
127.87
121.114
112.959
103.37
93.572
83.337
72.7672
61.5672
49.0113
35.5883
25.0725
19.7831
17.5059
17.1791
17.8271
18.5551
19.4699
21.5498
25.2432
29.1978
33.2674
33.0717
33.6926
46.665
67.3798
91.5152
114.352
133.424
149.873
160.245
175.407
178.354
179.723
177.586
171.132
153.396
151.104
125.127
116.267
95.6732
84.4673
66.5822
50.8745
35.576
26.0474
21.5263
20.915
21.1347
21.8981
23.5704
25.3982
26.3575
27.0035
32.7863
53.9808
79.8059
104.36
124.916
141.045
157.695
169.849
186.743
191.229
194.005
185.149
171.974
159.713
147.585
132.072
118.978
106.379
93.3019
80.1377
65.9779
52.1526
40.0702
32.7155
35.0139
43.3711
50.4218
49.9607
43.9022
36.6277
35.57
38.5706
45.6614
52.8475
57.8392
61.1594
63.3405
64.8526
66.6212
69.0522
71.6931
73.6559
75.693
76.7139
74.7485
69.1015
59.8587
52.9157
53.0236
49.1625
42.8201
43.3591
45.6864
51.365
54.1743
53.6449
49.1011
43.0805
37.9664
33.4522
27.2484
24.008
22.7892
22.0676
22.1816
23.8977
28.672
34.4624
40.3608
44.7246
49.1994
53.6612
57.3348
60.7102
63.7188
65.0653
66.2028
66.9394
67.2051
66.054
62.4476
54.6015
44.5911
34.8975
27.1269
20.0676
18.6232
17.5508
12.2755
7.76997
4.52482
2.55829
1.83844
2.42383
12.0412
9.7816
11.5389
13.2501
17.8002
22.1159
22.7168
19.7131
16.5233
14.176
12.6817
11.789
11.2735
11.161
12.0521
13.7907
15.6345
18.8637
21.8335
23.7272
25.2544
26.7725
28.1797
28.7196
28.0445
26.2557
23.126
18.0439
16.219
24.4618
34.6628
40.8154
44.1805
46.0701
47.1552
47.7584
47.8384
47.0972
45.5055
42.9027
39.6015
36.0354
32.4402
28.8843
25.4583
23.2764
22.3111
22.0665
23.8096
26.4062
28.7382
30.6409
32.5875
34.1087
34.9548
33.7942
30.6668
26.254
25.8931
32.5395
40.6198
48.4738
54.6793
60.1412
64.2644
68.0956
70.5687
70.9692
69.9623
67.5219
62.377
57.509
50.8592
45.4335
38.8674
32.7977
26.7222
25.1649
25.7508
24.9799
30.341
36.5678
41.6545
46.1521
49.9493
52.4351
53.7091
52.0561
48.5036
43.2346
36.4293
32.6011
34.8183
41.3657
49.27
59.6027
67.0816
76.8046
80.6003
84.2727
82.9198
79.5283
73.3605
65.0632
56.2756
47.3167
39.5392
34.2116
32.5052
34.2683
38.5283
43.1775
45.3267
43.5255
41.2267
43.9483
51.972
62.3792
72.0982
80.5114
87.1119
92.2742
95.7793
96.7735
96.24
93.1671
87.7072
82.8429
74.2284
67.5435
58.861
51.2635
43.5203
36.3784
30.1946
26.1
24.5766
24.2693
24.4898
24.5771
25.4336
26.1037
27.1479
27.6071
29.3444
28.847
30.254
31.3989
33.0975
32.9482
31.529
29.7352
27.4791
27.8897
32.0184
40.6671
50.0213
58.5566
65.652
70.7979
73.8675
75.4842
75.576
74.1901
71.3972
67.1836
62.2546
57.0276
51.7787
46.6868
41.9924
37.8442
34.8283
33.4966
32.9374
32.3456
30.6517
29.889
31.0194
31.5575
30.373
28.0564
32.1825
44.5668
62.3569
83.2568
99.3056
111.225
119.581
124.741
126.965
127.324
127.346
121.804
114.921
105.849
92.7022
78.8272
64.5076
51.6326
40.8682
33.3074
28.1703
25.8869
24.8397
24.5275
24.476
25.8373
27.4359
27.5113
25.4829
30.1097
45.8266
62.6633
76.2949
88.3221
98.0353
105.283
111.124
113.314
115.176
112.601
107.26
102.335
95.1517
85.979
77.219
68.2447
59.1974
50.5926
42.487
35.3497
29.4977
25.8713
24.3502
24.5547
25.3863
26.7817
27.8319
28.4873
28.2045
33.0643
48.7046
66.3694
81.5024
94.6146
105.559
115.161
122.725
127.443
132.376
133.556
130.318
124.774
117.189
107.43
96.5302
84.8894
73.197
61.5649
50.0841
38.8464
29.3409
23.1309
20.8188
21.3652
23.1979
25.5872
28.3519
31.7383
35.2607
38.3519
39.8728
39.5853
36.6282
32.4783
33.0101
47.5654
69.1084
92.1826
112.773
132.475
145.958
160.369
170.456
176.483
172.388
168.397
148.003
140.606
113.26
100.937
80.4502
67.1178
51.5007
40.1002
29.4864
25.1797
24.3833
26.0876
28.1526
29.9126
31.3772
31.7767
30.8526
28.8135
26.443
35.6217
59.5092
85.37
108.845
129.209
149.772
166.504
179.824
191.508
190.009
182.962
173.364
158.97
140.159
123.554
107.247
92.4253
78.7357
66.3268
55.0809
44.2883
36.5882
33.6676
35.2706
40.2004
47.2082
51.2275
50.7066
46.0306
40.6328
38.2417
39.6323
43.158
47.823
53.5429
59.6496
65.9135
71.4112
75.765
79.1844
81.3473
80.2005
76.8728
70.642
61.6867
51.6008
48.7085
51.9331
47.4028
42.8376
42.9086
42.2565
42.0662
40.8111
38.6074
34.7881
30.8925
27.8781
25.6008
22.3374
21.2554
21.1463
20.2692
19.5117
20.4599
23.9748
28.7761
34.6949
40.1803
46.4811
51.9879
57.7126
62.3824
65.1697
67.3495
68.0195
67.6427
65.5918
61.2422
53.8492
43.9245
34.2439
27.2883
20.9892
16.7765
14.7292
10.1888
5.84942
3.97182
2.8281
2.09397
1.8455
2.36527
10.2791
12.7388
14.8555
14.9047
17.6099
22.6189
24.5232
24.5405
23.4844
22.5878
21.841
21.3742
21.392
22.4722
24.9069
25.741
25.6043
25.9675
26.7096
27.4676
27.9166
27.958
27.2623
26.5058
25.6609
24.7009
23.3512
20.4944
19.6105
25.8032
33.2928
36.4536
37.8546
38.3452
38.8224
39.6931
41.4089
43.5541
44.5517
44.3217
43.3467
41.9392
40.3794
39.0264
37.9628
37.1053
35.6261
35.3879
35.7724
35.7278
35.5523
35.5614
34.906
33.997
33.0448
32.5505
31.474
30.2573
30.1239
33.1741
39.4036
44.9877
48.0702
51.0736
52.9723
55.8503
57.1426
60.3302
61.9829
64.0561
62.0525
61.1831
56.7676
54.1566
49.5029
46.8285
45.0906
44.9775
44.1902
42.5942
41.9634
42.1206
42.8394
43.4161
42.9942
40.6923
37.7774
35.4126
33.4724
31.7793
32.6463
37.8842
44.814
49.1052
53.7846
55.6508
58.1202
61.3982
61.54
64.8745
63.5866
64.78
62.0786
59.1271
54.9759
51.2145
48.2738
46.7313
46.0125
46.2481
46.0361
45.256
43.8782
41.34
41.1951
48.8274
56.9209
63.8064
69.1033
73.4337
77.061
79.8784
82.0427
83.7198
83.3087
83.7789
80.8084
78.3786
73.124
68.4527
62.5553
56.9627
51.5351
47.0423
43.9399
42.4045
41.6874
41.0727
40.9524
40.2386
40.5251
39.9764
40.5507
39.7328
40.4847
39.2184
39.1441
37.4242
36.1465
33.9587
31.6845
30.3181
28.4693
27.4985
30.542
38.6073
47.6937
53.5265
57.0487
59.8483
62.2136
64.1178
65.7954
67.1754
67.4729
66.0114
63.4928
60.1515
56.2937
52.2892
48.4463
45.0555
42.4397
40.8046
39.8241
39.3032
38.3791
38.1531
37.284
36.4587
34.9964
32.9169
31.3151
35.7453
46.6716
61.6788
72.2103
78.0916
82.4599
85.987
88.8406
93.0314
95.1585
95.8709
92.8766
87.4308
80.509
72.8215
64.4068
57.7158
51.1381
46.8427
42.8902
40.8276
39.6973
40.0511
39.6934
40.2908
39.6682
38.601
36.6003
34.6411
36.3404
49.6889
59.9949
66.6789
71.8946
76.1484
79.4298
82.5937
83.4482
85.1322
86.9154
86.0876
82.574
78.8699
73.8854
68.0534
61.899
55.8101
49.9805
44.7199
40.7727
38.5831
37.6725
37.7898
38.108
39.1094
39.3084
39.9601
40.1325
40.4376
41.658
53.5321
65.9853
74.3519
80.6278
84.9653
88.7891
92.3966
94.7288
97.7403
100.655
100.683
98.1697
94.1767
88.3949
81.4037
74.2276
66.6828
59.3773
52.4669
46.8834
44.2
43.558
43.9966
44.9944
46.1732
47.4555
48.6149
49.6051
49.9765
50.2895
49.4026
48.1596
46.7016
45.3535
46.8611
61.1107
78.0668
88.876
97.4769
105.242
114.788
122.155
127.067
127.975
134.539
122.934
121.238
104.71
97.6818
82.742
73.7608
61.2937
52.1159
45.4831
43.8926
42.7049
43.347
44.0413
44.8257
45.0674
44.6708
43.3105
41.1048
38.6424
36.469
42.3232
61.0467
75.5576
86.1553
96.8586
104.791
120.684
121.185
130.282
134.232
129.088
126.77
120.252
112.58
103.597
95.3195
87.1691
79.0165
69.651
61.1655
54.8416
50.6547
49.0523
49.9878
54.4696
58.1505
61.2136
61.24
61.675
60.8948
61.7222
63.1472
66.2222
70.1421
74.3048
78.4391
82.3933
85.0804
86.0715
85.9376
84.1709
80.3641
75.1069
67.22
55.8872
54.2799
57.8133
57.7909
50.2262
45.8333
43.4944
43.1743
41.9379
40.7804
38.4741
36.456
34.0936
30.312
25.7827
24.8042
25.7623
27.3824
28.7362
31.0452
34.3349
38.5561
43.9842
48.7462
54.2415
57.9833
62.2325
63.8297
65.065
64.8291
64.7963
63.7559
61.9524
58.9579
52.7461
42.6319
30.1291
16.5362
9.94082
9.42015
8.8
6.5815
4.89203
4.08848
3.54717
3.22041
2.87548
2.37623
7.57416
10.4187
11.7154
12.6599
13.3728
13.9564
14.163
14.0922
13.6316
13.026
12.1192
10.8418
8.80533
5.67387
22.3838
24.483
25.4478
25.7288
25.6223
25.6217
25.8183
26.4066
27.349
28.8432
30.7668
32.967
35.486
38.0546
40.8579
43.4945
46.2006
48.1032
49.6668
49.5539
48.1983
45.5906
43.6858
41.2216
39.1584
36.2496
32.2621
26.76
20.4953
16.7521
28.9316
29.9858
31.2902
33.162
34.3863
35.7589
36.0812
37.3507
38.0512
39.7831
42.6823
45.9508
49.5004
52.9065
56.3527
59.2189
61.771
63.2445
63.9424
62.9249
61.9087
61.1998
59.9896
58.3452
55.5819
51.3698
44.0174
33.6254
22.6313
20.9386
31.222
36.3115
37.9057
38.211
38.4777
39.6561
41.545
44.3041
47.4125
50.9475
55.5743
60.5921
66.2424
72.2635
78.0142
84.2588
86.4916
92.1651
89.1217
88.5146
83.8674
79.9602
75.1643
68.5264
59.6195
48.9421
39.5815
33.842
32.544
35.3964
31.4267
40.4734
51.4197
59.9474
67.1619
73.7891
80.3663
85.3814
89.7605
90.1927
93.5628
86.6558
82.7833
80.6548
71.8319
71.1089
63.0199
60.2591
54.0733
50.9509
46.9679
43.1205
37.5703
32.9996
29.7615
28.6803
29.543
30.0345
29.3014
26.6772
24.2748
29.0094
32.3441
33.9123
34.1251
34.5129
34.235
35.6065
38.1688
41.6024
46.153
50.8191
55.5352
59.5666
63.4177
65.5333
67.133
65.4524
64.9238
64.7219
64.6617
63.745
62.4929
60.4931
57.5818
53.0001
46.3516
39.5976
33.1445
31.254
27.5162
32.4239
36.3295
36.9346
39.8351
45.8048
53.1289
61.403
70.0404
78.3521
86.8342
92.5925
101.28
101.691
105.998
104.466
104.82
101.923
99.9736
96.5071
91.7489
85.5827
76.9492
69.1498
63.5933
56.3605
54.3863
51.7348
50.0079
51.6947
30.1865
27.8424
31.9718
40.0114
48.5654
56.8805
64.4782
71.3665
77.7611
81.4614
84.9043
87.2548
85.5581
84.1122
81.9051
79.5429
75.9543
72.1797
68.0274
63.2723
57.5231
51.2542
44.0502
37.6151
34.4017
33.2351
32.6912
32.6151
32.7553
32.4412
29.2604
35.23
44.2848
53.8592
62.8903
71.4702
79.4911
86.4609
92.1972
95.0812
97.5911
95.0931
93.2386
90.1441
85.9748
81.9782
76.9609
70.3896
61.7652
54.2765
46.5709
39.058
34.6338
32.6875
31.7447
31.3348
30.6122
29.2163
27.3853
26.0107
30.4349
33.714
36.3225
39.781
47.1234
56.3185
66.21
76.7511
86.8481
95.5249
103.828
106.239
109.603
104.066
104.234
93.9332
92.1056
83.0831
78.4462
71.4069
65.0791
56.3725
43.6636
35.5684
33.8557
33.0525
32.7717
32.5713
32.6161
33.0309
30.8087
35.6869
40.0403
45.3603
53.8525
64.0987
74.5336
85.4027
94.4215
104.076
106.335
110.936
107.511
105.624
100.9
96.9253
92.0698
86.614
81.1773
74.6908
65.5653
52.5908
43.4323
40.7145
40.1255
40.3607
40.6594
40.9383
41.1235
40.3367
35.0552
37.1777
44.1943
49.021
52.1151
56.5119
60.1477
62.5785
64.1828
63.5284
65.1064
67.261
73.6824
73.4958
73.8599
69.4223
66.7491
63.2746
62.5983
63.5244
66.1546
68.0507
71.1959
70.7446
70.8939
68.0073
64.7271
60.3059
52.0776
37.9911
18.4094
22.175
21.3024
20.6198
24.0978
44.563
65.2629
44.8134
44.3208
49.7844
53.8298
57.2571
59.6817
61.47
64.2614
65.0091
64.9162
61.5026
57.8583
52.2333
45.6467
38.3908
31.8629
26.8989
22.5587
18.2969
14.0145
9.86515
6.18266
4.08062
11.3109
8.75592
9.43077
10.5846
11.8525
13.0335
13.8438
14.1748
13.9058
13.2899
12.3131
11.2807
9.77678
9.5785
23.0411
18.9346
19.0555
18.5686
18.1584
18.2783
18.6561
19.2975
20.0934
21.1508
22.528
24.2819
26.7515
30.0464
34.2023
38.847
43.9296
48.4309
52.6939
55.5342
57.3705
57.3727
56.3388
53.6576
50.6197
46.1225
40.5952
33.3818
25.6698
25.6938
30.9762
24.0385
25.8356
27.9137
28.9329
29.4078
28.6549
28.4742
28.9403
31.2807
35.1166
39.4019
44.3447
49.9059
55.6579
61.4132
66.6537
70.9785
74.4573
76.7168
78.188
78.1464
77.2509
74.9226
70.9759
64.5579
54.6611
42.5287
31.0296
30.3339
33.1056
29.956
31.6093
32.2642
32.8488
33.4256
33.9509
34.7856
36.3001
38.8744
43.2229
49.0463
56.3474
65.0163
74.4254
84.109
93.5625
103.128
107.531
112.042
111.887
107.274
100.591
92.0045
80.3782
66.4118
52.2622
33.8458
22.639
39.2357
30.605
32.6847
43.2293
54.0421
64.5323
74.9092
85.6742
96.2766
106.638
115.135
123.386
128.573
130.607
129.1
124.978
117.516
107.569
96.2634
82.3925
67.6617
52.0945
38.6011
29.8365
27.6099
27.864
27.7017
26.7205
25.7321
24.7282
30.2661
28.3763
20.0021
21.1912
21.0497
20.668
21.9807
24.9689
30.494
36.4007
42.6515
48.706
54.7553
60.7319
66.6035
72.1243
77.4266
82.0311
85.8789
88.0764
88.9894
87.6734
85.1912
80.6597
74.1232
65.7556
55.5388
44.083
33.1411
24.6669
35.7742
30.5884
19.7572
19.8145
25.2251
35.1989
46.2687
56.3878
66.5858
76.9087
88.4361
100.471
110.87
122.688
130.367
138.609
141.938
142.119
139.906
133.277
124.748
112.191
97.2453
80.7533
65.4301
56.8802
45.2881
35.7841
33.433
37.8222
61.0808
32.9522
20.5931
28.3235
38.8897
49.4261
59.8176
70.0753
80.0045
88.9042
97.5283
105.994
110.806
112.822
113.088
110.801
106.613
100.527
92.7169
83.2247
72.1288
59.5892
47.3795
37.2184
30.2352
28.4627
28.2225
27.1194
26.2892
26.5864
34.0821
33.9966
31.0229
41.7834
53.3858
64.83
76.322
88.3335
98.8965
108.365
116.49
123.046
126.304
124.17
119.427
112.2
103.209
92.4098
79.4572
64.529
50.5739
39.3639
31.4712
29.5334
30.2132
29.6705
27.9598
25.7538
23.3317
21.6899
30.7236
31.9556
19.2688
19.8611
28.2946
40.5956
54.4872
69.2811
84.5545
101.29
117.017
134.268
148.947
156.339
164.545
159.606
151.971
137.507
123.782
107.915
91.7057
75.1115
58.488
44.1703
30.9301
23.2774
22.9286
22.7917
22.654
23.0697
33.4964
31.8977
19.7638
23.4801
34.4486
48.104
61.9584
75.5819
90.291
104.838
116.62
129.9
134.575
137.935
135.5
128.73
118.389
106.218
92.7641
78.5867
66.3043
55.2899
46.4486
40.5272
38.1556
36.8682
35.3768
33.4542
31.7764
30.5425
41.3531
42.5779
24.2427
29.5542
39.6963
53.6972
69.1246
82.8353
88.1347
88.2129
87.1603
84.7168
81.5279
79.1361
73.2739
68.2715
61.7276
56.088
50.7084
46.2197
44.8905
46.9312
50.2802
54.2733
57.1152
58.1928
57.7172
56.9174
53.6896
47.066
53.0364
20.9173
19.3364
18.3622
20.4788
33.8059
48.2425
47.1711
44.1207
53.7073
64.0692
71.3602
75.1455
76.7159
76.9065
75.1085
71.897
67.7591
62.0925
56.678
50.8395
44.9904
38.0019
28.8482
20.1132
15.1467
12.9545
10.6713
7.98341
5.19991
5.29259
13.3198
10.0105
11.2635
13.2134
14.7859
15.8253
16.3377
16.5257
16.1443
14.9759
13.342
11.9549
10.8049
11.1987
24.387
19.0874
17.8314
17.1357
17.6185
19.0878
20.7155
22.1433
23.2979
24.4487
25.5703
27.1428
29.381
32.7163
36.3799
40.3198
44.2211
47.5823
50.962
53.0774
54.7729
54.788
54.3775
52.1496
49.9258
46.792
43.1536
37.6655
30.4106
31.8428
32.1266
24.8037
25.3254
26.134
26.172
26.2961
26.3885
28.6042
32.0508
36.8996
41.4151
45.1757
48.273
51.4319
54.7963
58.2932
61.6482
64.9067
67.4825
69.9222
70.7702
71.7408
71.8654
71.5605
70.2884
67.4861
61.299
50.7401
38.5897
38.2212
34.6222
31.0173
30.8668
31.5528
33.1137
35.0093
37.1045
39.7132
42.7873
46.3663
50.8353
56.0364
61.8884
68.5534
75.0322
82.4374
91.1925
97.5465
102.305
106.453
106.247
105.256
101.566
95.9481
88.255
77.2553
63.8294
47.6732
29.2241
40.4152
36.0785
40.9731
53.9974
65.3896
74.5267
81.8496
88.4798
94.6092
99.7517
104.608
109.567
113.016
115.822
118.016
113.74
112.61
104.624
98.8313
88.9678
76.4518
62.3099
48.1272
36.0458
28.8536
25.9996
24.9284
25.6203
27.2328
26.985
31.6204
30.8856
20.279
20.406
20.4411
21.3869
24.8479
29.7296
35.5963
40.2853
44.7595
48.9521
53.1402
57.2743
61.346
65.3847
69.1999
72.6665
75.607
78.0839
79.4617
80.5746
80.4628
79.2352
76.324
70.8799
62.7556
52.5888
40.7355
30.309
40.3239
33.9642
19.23
21.7885
33.1417
43.8647
50.2995
56.5028
64.4977
73.621
82.9651
92.8922
101.825
110.19
116.535
122.448
124.096
127.278
127.661
126.857
123.602
118.299
107.771
93.7051
77.8281
64.9664
56.3644
42.8921
32.2794
35.6293
63.5862
33.0788
25.2583
36.4749
48.6342
59.1469
68.4124
76.4002
83.4018
90.5375
98.1374
102.897
106.194
109.705
110.784
109.112
105.829
101.525
96.2748
89.6448
81.0923
70.3225
57.9493
46.3191
36.7287
29.0146
24.3768
23.2429
25.4389
27.5177
34.3405
39.3368
42.8754
55.5134
67.1949
77.3385
86.8109
95.4622
102.663
111.736
118.728
123.417
123.41
124.114
120.948
115.935
109.279
101.483
91.5055
78.0668
63.0711
50.0216
38.3376
29.9433
26.3181
25.3692
25.566
25.8699
24.4268
22.8247
33.0158
34.5088
19.153
23.5197
37.3177
54.0678
70.76
86.1665
101.338
116.228
129.412
146.161
153.766
164.458
166.703
171.712
162.206
152.567
137.432
124.077
108.23
91.4271
73.8172
57.4556
43.0793
29.3186
20.8347
21.0318
23.4895
24.4489
34.0861
34.8804
21.5415
30.0336
45.9067
62.6879
77.6004
91.3751
107.32
115.53
130.105
138.841
145.225
147.24
143.633
138.898
130.873
120.348
108.646
94.7832
80.3143
66.9258
54.0808
43.8539
36.5943
33.0832
32.7905
34.7073
36.5136
35.3007
42.4366
46.8029
27.8957
36.7358
50.8009
66.8679
81.0477
85.4176
84.204
82.6696
81.0375
80.826
78.7063
77.208
74.2626
70.7323
66.5935
62.6885
58.2092
54.5555
52.2763
53.3537
55.1479
55.1714
54.341
53.9247
52.3113
52.3273
52.0492
49.197
58.9489
26.8567
21.5378
18.8125
27.9996
46.7472
56.7553
47.2867
54.6215
64.0399
70.9846
74.3065
76.0529
76.9119
76.319
75.223
71.8642
68.4996
63.564
58.7768
53.2906
48.2116
43.2573
36.7028
25.7781
13.6378
8.1958
6.57261
5.38708
4.09028
5.24523
14.4604
11.9416
14.2809
16.0356
16.6631
16.6157
16.4186
16.5196
16.6391
16.2604
14.8493
13.0322
12.0061
12.3873
26.211
20.3972
17.7617
16.825
18.1223
20.4715
22.5825
24.2887
25.6987
26.9527
28.3202
30.3312
33.155
36.8413
40.3124
42.9939
44.6108
45.4015
45.8229
46.1775
46.5491
46.9073
47.2739
47.0472
46.7143
45.6283
43.962
40.3426
34.1445
35.4651
33.804
26.7397
25.6598
24.6606
23.4753
23.4101
25.1048
29.7656
35.6
41.9667
46.6629
49.9578
51.9154
53.1341
54.179
55.5467
57.5725
59.8724
61.7746
62.9765
64.2325
64.5512
65.1163
66.0763
67.1114
67.3943
64.8309
57.3497
45.4194
43.3084
36.588
34.0677
31.7822
31.6468
33.32
35.8543
39.3955
43.6945
48.4476
53.1463
58.0394
63.3268
68.4204
72.5105
75.4661
80.7603
84.1472
85.8584
91.9588
93.5877
96.7876
96.7757
96.7233
95.6547
91.7112
84.1237
72.218
56.9447
38.1645
41.7527
44.8241
49.1229
62.3665
73.1215
79.9009
83.6786
85.4734
86.7751
86.8718
89.1582
89.4305
93.2408
95.3062
95.8733
97.9647
97.534
96.1589
94.9456
89.8455
81.6319
69.9607
56.9525
45.0003
35.009
27.4542
22.3116
23.881
28.4684
28.6726
32.378
33.4518
21.5233
20.8111
21.1104
23.1243
28.0801
33.4604
39.0327
42.8001
47.1498
50.4961
53.5026
55.9724
58.3085
60.4115
62.598
64.6172
66.7119
68.3624
69.7173
70.689
71.9036
73.2608
73.5692
71.7663
66.9922
58.2896
46.874
35.3841
43.0551
36.0853
19.8074
28.7667
39.7679
43.8443
49.8966
58.907
68.6816
77.4257
85.0677
91.074
95.8256
100.377
104.942
107.122
110.643
110.812
112.409
113.78
114.676
114.768
112.171
103.073
88.9652
74.2921
63.6426
52.6839
38.3484
34.5521
63.9677
33.7489
30.6232
44.1398
56.6274
66.0817
72.7836
77.8072
83.0612
88.054
90.7644
93.0848
97.5506
99.6343
100.049
100.565
99.6186
97.3463
94.6905
91.2635
86.1706
78.4992
67.6594
55.7512
45.0825
35.288
26.507
22.8199
25.7779
28.0788
34.5116
47.1689
55.3233
67.5373
77.3771
85.1738
91.4895
96.2267
101.856
107.964
111.391
112.402
115.92
115.365
114.399
111.776
109.515
105.373
99.3828
89.4502
75.5567
61.0178
48.706
36.8328
28.1937
23.1638
24.1267
26.6825
25.0057
22.3997
33.6645
36.7084
19.5603
29.1399
46.9194
66.1359
84.0799
99.2016
112.877
123.19
134.453
141.296
151.024
156.828
165.574
160.152
160.444
152.845
145.207
132.489
120.472
104.071
87.8365
70.1865
54.2283
39.8217
26.3598
20.6725
24.2171
25.3113
34.0563
37.5121
24.7607
38.207
57.329
75.4769
90.9026
105.125
116.53
120.899
138.409
137.597
147.558
150.875
149.734
144.465
137.659
129.864
120.727
109.34
95.394
80.4795
65.8046
51.9922
40.7189
32.9245
31.7132
36.8207
42.1715
40.3916
43.5425
50.8021
33.8617
46.1099
62.3348
77.7584
83.2908
82.2167
80.0568
78.0472
77.5159
76.3493
75.4931
73.1893
72.7092
73.0738
71.866
70.2837
66.7842
62.9299
61.6108
61.546
61.2959
58.3812
52.5278
49.3529
47.7909
48.5824
51.1219
52.1856
62.5464
32.5249
23.4885
27.7555
43.2415
57.7942
50.195
54.148
62.8123
69.8544
72.6553
74.6074
74.8415
74.6007
74.2431
72.2894
70.1664
67.7705
64.9065
61.5572
56.9736
51.1353
44.7309
38.8868
31.5195
17.4959
7.51414
5.04607
4.44651
4.28574
5.43249
15.7119
14.3532
16.4963
16.8857
15.8026
14.6499
14.0266
14.0521
14.7499
15.6612
15.7573
14.3402
13.3316
13.3201
28.1217
22.1489
18.202
16.9447
18.6133
21.3454
23.5819
25.5058
27.0038
28.709
30.8356
33.8089
37.4074
41.6987
44.7464
45.3502
43.4665
40.4791
38.2294
36.6426
36.1144
36.3373
37.6448
39.3725
41.5915
43.207
43.7305
42.1527
37.3543
37.6877
34.7774
29.2534
26.0887
23.3634
21.2963
21.5355
25.0394
31.6469
38.7496
45.7093
50.5894
53.5682
54.5965
54.392
53.8759
53.7567
54.0049
54.7037
55.7029
57.3058
57.8922
58.9205
59.1881
60.3767
63.0568
66.1281
66.7025
62.5784
51.9838
46.8374
38.5623
38.1133
33.405
31.9296
33.0016
36.0527
40.5711
46.4685
52.6876
58.3759
63.8974
69.9565
74.6535
77.086
78.7647
78.4382
74.4782
74.4196
76.231
78.8587
82.6668
86.9131
90.5126
93.6071
93.4941
88.246
77.8726
62.9994
44.5021
43.1046
55.3247
55.6189
68.2865
77.6839
82.296
82.9002
80.3082
77.3324
73.3674
71.9741
70.7504
71.6949
72.9842
76.6955
78.6783
82.6333
85.0316
87.3901
87.7572
83.4698
75.0192
63.6809
52.5137
42.5615
32.8275
23.4061
22.908
29.1983
29.6577
33.1606
35.0605
23.1843
21.8505
22.2209
25.1014
30.8061
36.2898
41.852
46.4678
50.5062
53.6217
55.2672
55.9647
55.7906
55.1016
54.5552
54.9396
55.9223
57.8366
59.6541
61.3936
63.6522
65.8562
68.638
70.0627
67.7602
61.7159
52.3899
40.601
45.6352
37.2322
22.8248
34.7209
38.2865
44.6904
55.5155
67.5032
77.6593
83.7278
85.2594
85.2672
83.5827
84.3415
84.5701
87.8575
90.0906
93.9431
96.0753
100.146
104.742
107.738
109.607
107.278
97.2828
82.5424
68.8283
57.7899
42.9331
35.0542
62.4403
34.6027
35.8202
50.5167
62.2056
70.2432
75.2982
78.6109
80.4412
79.6053
80.4887
83.9421
85.7617
86.9636
87.5056
87.817
89.3644
89.9314
90.2006
89.1508
87.8291
83.3933
75.0094
63.5415
51.6918
40.7839
31.0242
25.9802
27.292
28.0238
34.7985
54.2744
65.3547
76.3019
84.3185
89.0583
92.2958
94.6001
97.4583
97.8203
98.1633
102.155
104.516
106.755
106.24
104.706
103.642
104.094
103.748
97.666
86.1148
71.059
57.2493
44.9364
33.5913
25.7967
25.4109
28.3915
25.6637
21.7518
33.2822
38.6018
21.0073
35.8668
55.5065
75.5371
94.6388
110.876
120.412
127.519
130.108
133.076
134.025
134.53
134.8
148.764
145.392
147.183
142.013
136.295
125.997
114.141
97.0326
81.1445
64.0498
48.3233
34.0174
24.5271
25.5012
25.5237
33.8468
39.6264
28.8366
46.0813
67.2947
86.6193
102.326
114.964
117.568
125.758
130.185
127.149
130.007
130.888
134.381
137.765
137.151
134.901
129.285
120.82
108.486
93.3479
77.3575
61.0823
46.7916
36.4489
33.8163
40.5332
48.0425
45.3464
45.4446
54.7947
40.1612
55.199
71.9473
82.3896
82.0781
78.8144
75.8887
73.7243
70.3032
67.9273
65.7303
66.373
67.1525
71.8758
75.488
76.8517
74.4956
70.6176
70.1551
70.3611
66.3039
60.8178
51.4983
43.2919
42.2151
46.3098
51.3687
54.9819
64.5023
35.1747
26.1314
38.1537
54.6177
54.1163
52.8348
60.0678
67.4242
71.6369
72.1056
71.9526
70.4744
69.3017
66.7666
65.3175
63.9316
63.3962
63.0142
62.3266
60.1378
55.5262
47.6555
38.9322
32.2882
22.1576
8.95648
5.36441
4.79527
5.54823
6.14382
17.0061
16.2321
17.1767
15.5632
13.8225
12.7529
12.0076
11.6662
12.3754
14.3
15.9137
15.5026
14.5794
14.0056
30.0863
23.9818
18.865
17.0232
18.7024
21.4793
23.8225
25.7665
27.4228
29.6203
32.6712
36.4315
41.0817
45.7147
48.0647
46.0467
40.8251
35.772
31.6997
28.7167
26.7859
26.7547
28.7604
32.0002
36.311
40.4139
43.1719
43.4374
40.0461
38.6659
36.4803
31.5616
27.1729
22.7545
19.7692
20.5315
25.6777
32.9166
40.8017
48.2982
53.144
56.1955
56.3568
55.287
53.6636
51.9316
50.5592
50.0613
50.0363
50.0782
51.2588
52.8465
54.5076
56.3366
59.2536
64.349
67.9817
66.6861
58.1899
48.9011
40.4682
42.1565
35.4911
32.0197
32.3252
35.3391
40.7498
47.7269
55.0292
61.8612
68.468
74.7051
80.0694
82.6719
83.7132
76.4932
69.4065
61.357
57.7477
59.244
66.3485
74.2732
81.78
88.2602
92.8591
90.7267
82.1527
67.4463
48.4945
43.9437
63.949
60.0802
71.7893
80.5726
83.7046
81.5692
75.3566
69.2052
61.7802
57.338
53.519
53.516
55.3256
59.0126
63.6148
68.5645
74.1525
79.6637
83.2733
83.4396
77.2623
68.1574
57.698
48.3013
38.6234
28.041
24.4902
29.8172
30.1451
33.9483
37.4443
24.9122
23.0691
23.41
26.9151
32.847
39.0919
44.6903
50.3167
54.8733
57.2449
58.1797
56.8481
53.8892
49.8539
45.9911
43.1292
43.0377
45.034
48.6533
52.2822
55.3911
59.1115
63.4414
66.0817
66.9203
64.0256
55.6333
44.2193
45.6204
39.1705
27.5939
34.9684
38.7466
49.1924
63.4212
77.2369
86.1236
86.8871
84.2952
76.1035
71.1485
66.3991
64.751
64.1272
67.6701
72.3808
78.8824
83.9859
91.4291
100.142
105.762
107.173
101.27
87.9318
73.0206
59.3735
44.5017
35.7983
60.2945
36.7906
39.8647
55.2783
66.4792
73.6829
77.7896
78.2702
75.9228
73.8881
72.9394
69.5957
67.1064
67.2152
70.6148
74.0806
77.21
79.8958
84.3587
85.4438
87.0185
85.638
79.5294
68.8549
56.1175
43.8517
33.7169
28.8449
28.7363
27.6559
35.316
62.1272
72.966
82.7232
88.9082
91.6986
93.2586
90.768
88.58
84.75
84.9414
84.4654
85.5885
87.5035
92.4106
97.1491
99.0861
100.812
103.279
101.821
93.2394
79.4159
64.0867
51.0492
38.6553
29.5276
28.064
29.0069
25.4579
21.1342
32.7582
40.7883
24.2037
41.3339
61.6287
84.2889
105.567
119.285
126.927
127.566
124.414
118.273
113.587
114.3
115.777
112.82
124.271
127.804
134.91
132.628
126.722
119.421
105.485
87.6537
71.9791
55.2957
39.4784
28.7837
27.2579
25.785
33.9769
42.0038
32.8603
52.9046
76.0328
96.5671
111.674
119.207
118.274
124.849
112.433
110.103
108.412
110.267
115.001
121.784
128.628
132.424
133.82
128.519
117.984
104.086
87.1679
69.1829
52.2884
40.0108
37.2116
46.0127
55.166
51.8696
49.508
56.8043
45.9351
62.7595
77.7429
82.93
80.2092
75.6947
71.6195
67.3808
62.2583
57.4707
54.9085
56.475
61.1826
68.2163
76.3637
81.8826
80.2667
76.3422
77.1308
76.077
70.7921
61.7304
50.2859
36.6439
37.4194
46.6311
53.7925
57.2494
64.6859
37.2629
29.4363
46.8546
56.1705
52.2161
56.1495
64.3559
68.8671
70.8273
68.8673
67.4785
63.1608
60.1499
57.1915
55.4719
56.1722
57.1964
59.3203
60.9312
61.1247
58.7425
51.8488
41.0212
31.1403
24.7189
11.8093
6.43045
6.28545
6.95578
7.24132
17.9411
16.9982
16.2508
13.8989
12.7889
11.9632
10.9161
10.0378
10.5322
12.9848
15.8082
16.2419
15.5808
14.5009
31.7551
25.8168
19.6721
16.8449
17.918
20.7467
23.1555
25.139
27.0117
29.4335
32.6364
37.1708
43.1784
48.4153
49.9097
45.2017
38.4864
32.6745
27.7668
23.2697
19.5781
18.9142
21.9815
26.5771
32.4603
38.364
42.771
44.5471
42.1083
38.2126
37.183
33.5803
27.7785
22.3179
18.6709
20.0233
25.7798
33.6184
41.5908
49.6205
54.6586
57.5406
57.8697
56.4931
53.5809
50.9515
48.8563
46.5319
44.2128
43.1106
42.9415
45.0644
48.4795
52.7032
56.6069
63.2279
68.5131
70.1098
63.1304
49.7588
41.9569
45.8758
38.0392
32.3876
30.9666
33.7604
39.6165
47.6965
55.8753
63.4993
70.289
77.2846
83.8214
87.5566
87.1767
80.6851
67.7027
52.9643
42.5058
44.0395
54.6303
65.9253
78.0119
86.1012
93.3008
92.4696
84.7558
70.1689
50.4102
43.736
69.5877
61.8803
73.6105
82.7231
84.6098
81.6292
72.781
64.8079
54.0901
46.3337
39.0416
37.2649
40.2963
45.6545
52.4249
57.7977
66.2196
72.9497
79.2986
81.1407
77.8078
69.8029
60.7144
51.9976
42.7273
32.8108
28.034
30.5763
29.9424
34.5644
38.833
26.8939
24.6159
24.4012
28.3614
34.4105
41.2151
47.6967
53.6406
58.692
61.5972
61.3708
59.3092
54.0166
47.1343
39.6564
33.1277
30.1737
31.7821
37.6801
43.3563
48.8019
53.423
57.8555
62.8789
66.0623
64.383
57.9887
47.643
45.5905
41.9647
30.8623
34.1342
41.4342
53.9945
70.3472
85.1972
93.2085
91.5938
84.1005
71.9541
64.5973
55.8062
48.5127
45.1472
46.9086
53.8616
63.5655
72.4961
81.0572
92.3194
101.189
105.931
102.86
90.9231
75.0696
59.1624
44.0772
35.4978
53.219
41.9205
44.0659
58.8023
70.537
77.9515
80.1163
79.1304
76.7673
71.4304
64.8841
57.6928
53.0288
49.3344
50.9749
57.4381
65.576
70.5273
77.892
81.6345
85.3485
85.8338
81.8961
71.7277
58.1692
44.683
34.3729
29.4406
28.7455
27.2718
36.9162
70.6011
77.7138
86.5618
92.2972
95.3977
93.1446
86.458
83.0482
74.2294
65.9594
60.4079
60.274
67.5959
75.2877
83.7566
92.2518
96.3767
101.912
103.595
97.9899
84.5184
69.1756
54.7303
41.8909
32.2563
29.936
28.4351
25.0298
21.1584
34.203
43.6253
29.1011
44.9739
65.4679
91.257
113.108
126.825
132.166
129.99
119.19
109.348
96.537
85.3246
80.0975
90.8423
100.117
111.164
121.627
129.21
123.532
121.477
108.414
94.2935
75.7504
59.4754
42.9938
30.9748
27.6318
25.726
36.1213
44.5573
36.8634
58.8705
83.4759
104.424
118.405
121.557
122.392
115.491
101.424
93.6932
85.3907
84.5074
92.2928
106.68
119.134
126.012
133.5
133.909
125.005
112.72
94.8597
75.3635
56.7728
42.8418
40.3875
51.8093
62.3454
59.9925
57.6044
59.3757
52.6148
68.653
81.9085
81.9707
77.5635
73.2514
67.3237
60.8296
53.5855
47.2201
44.0052
47.4693
54.326
65.4882
76.006
84.6083
84.3852
79.3437
81.9751
78.614
71.8248
62.332
49.3047
37.3385
42.1416
51.1448
57.3247
58.3151
62.9435
37.653
31.3506
49.7432
52.4885
52.3257
59.1132
65.2177
69.0392
68.0771
64.9359
60.6596
55.1072
49.365
44.3537
43.7427
47.3107
51.6432
55.9007
59.5719
61.4143
60.4975
54.8266
43.8504
31.0706
23.5902
16.3117
8.18029
8.41886
9.92427
10.3654
18.3692
16.8639
14.7803
13.0154
12.4908
11.967
10.6148
9.34479
9.67502
12.2931
15.5967
16.5154
16.1524
14.8797
33.8581
27.8104
20.7588
16.3671
16.2138
18.8267
21.3693
23.3915
24.942
26.8203
29.8486
35.3671
43.4201
49.6508
50.1594
43.964
37.1967
31.5368
26.1935
20.7234
15.7121
14.1689
18.1097
23.824
30.8781
37.638
42.9704
45.4154
43.5697
37.2005
38.8768
35.8125
29.4825
22.6422
18.1505
19.356
25.5066
33.0891
41.6357
49.5208
55.1383
58.1633
58.6033
56.5101
53.6646
51.5354
48.1282
44.2785
39.597
34.8845
33.0497
37.0595
43.2545
49.5833
55.3478
62.2252
69.5694
71.736
66.881
47.8354
43.8443
48.592
40.6619
32.8229
29.5344
31.38
37.6635
46.3569
55.2295
62.677
70.1103
77.2229
85.2339
89.7501
91.6039
84.568
73.894
58.3984
44.5767
41.1243
50.8783
63.3834
76.3649
86.6505
93.4029
94.2848
86.4261
71.3828
51.9409
46.1609
72.0933
62.1857
74.8555
84.1854
86.6385
82.379
74.2616
64.5623
53.6286
43.2722
32.7362
28.3216
31.4448
37.3716
45.3608
51.8711
61.6723
68.1979
75.9295
78.0371
76.0145
69.3207
61.0588
52.9265
44.3628
35.3029
31.0063
31.991
30.0544
35.1023
41.7414
29.0004
25.6906
25.2709
29.3516
35.4697
42.3301
49.4505
56.4921
61.8576
65.3849
65.6567
62.8
56.9426
48.767
39.478
30.6589
23.4692
22.5809
29.736
37.2436
43.5344
49.078
55.2137
60.886
64.1062
64.0656
59.1086
49.0383
42.978
45.8144
33.0762
35.5481
44.4516
57.6903
74.7367
91.2131
100.081
97.6726
86.858
74.6891
65.5427
52.4495
43.3405
34.1397
31.1994
40.3903
53.2667
65.4629
75.9889
87.4172
98.9471
104.518
103.243
91.654
74.9077
57.4683
42.4494
31.375
44.7211
51.4511
48.8816
63.0665
74.72
82.2419
84.5736
83.2733
79.0064
71.8877
65.1342
55.5524
45.2329
34.2127
31.6724
42.6704
55.3837
63.918
73.1211
79.3343
83.4239
85.6085
82.3837
72.4741
58.1965
43.7506
32.8909
27.6427
31.3162
33.2878
44.0358
78.516
80.0476
90.536
95.2503
98.6867
93.8488
87.8632
81.6866
68.1043
57.0107
45.1094
38.9688
50.8534
64.5938
75.0415
86.5265
93.5804
99.2451
103.935
99.5255
87.4476
71.3262
55.9898
42.6437
33.071
27.9576
26.3997
24.643
24.0064
40.5634
48.0874
34.7117
49.9353
70.8844
96.2539
119.249
133.806
139.145
131.111
122.547
105.702
88.7901
70.298
54.7348
59.5405
79.2229
94.5605
114.763
120.704
122.579
119.992
111.696
95.3759
79.4144
60.6225
43.3803
31.645
27.0815
27.2744
41.7969
48.7067
42.0961
64.2854
89.1716
109.84
123.562
127.828
121.725
111.989
100.635
83.4913
69.0803
59.4115
68.7545
88.4101
110.508
125.613
129.097
136.541
129.43
118.138
100.734
80.3397
60.3186
45.6401
43.553
56.2068
67.7969
68.3414
70.677
61.3271
57.2817
71.9229
82.3216
81.2362
74.9738
69.9105
64.3213
55.9683
46.3209
37.5893
32.7601
38.9177
49.7364
63.0113
76.0288
85.3967
85.7738
79.3497
82.348
78.0914
71.0471
62.5919
52.5048
47.8941
52.8598
56.992
58.5043
56.3539
59.0368
38.8521
30.4268
45.7261
49.4645
52.8209
59.8973
65.1865
66.0576
65.241
60.1725
53.9213
46.0698
37.4223
30.1603
32.3302
40.8364
48.34
54.9286
58.9097
62.1817
61.7718
56.6736
45.754
32.2429
21.9783
19.4087
12.717
13.5557
17.8262
20.7585
18.2327
15.926
13.6068
12.7106
12.9219
12.9733
11.2312
9.56047
9.82854
12.2301
15.2921
16.3883
16.4203
16.2228
23.8606
33.772
34.9973
28.8737
21.6893
16.4063
14.3404
15.8665
18.0175
19.6382
20.6858
22.4183
25.7264
31.9088
41.9414
49.3353
48.9639
42.882
36.8788
31.734
26.4616
21.0236
16.538
15.5135
19.0225
24.5519
31.4814
38.2116
43.4429
46.0959
44.1724
38.9595
42.5206
44.3226
40.7521
36.5203
30.0947
23.4272
18.0483
18.6904
24.222
32.0186
40.226
48.5618
54.2183
57.7858
58.3991
56.9671
54.8042
52.3298
49.0471
44.0757
37.566
31.0173
27.4775
32.0049
40.3625
48.7246
54.9252
63.0897
69.3766
72.5444
67.4243
50.9294
44.6161
45.9853
47.1932
51.1935
44.8094
35.1488
28.7006
28.5064
34.1409
43.3006
52.6275
60.5376
67.4211
74.9133
82.8808
90.4371
92.1251
91.0223
80.3847
71.5385
59.3251
55.9055
59.6141
69.9207
80.2144
89.6339
95.1742
94.572
87.0231
71.3783
52.3324
43.4863
54.4247
62.3237
51.9544
64.2102
75.9236
85.3759
88.0964
85.3187
77.4965
69.0009
59.0335
50.2287
40.8473
35.0417
34.7352
39.1449
45.2771
51.203
59.4762
65.8283
72.5737
74.1786
72.7533
66.6591
59.4427
51.7654
43.7348
36.4711
33.9246
34.7939
33.402
30.7161
40.1999
44.826
37.704
32.0343
28.1534
26.3734
29.8003
35.3966
42.3402
49.5613
57.4833
64.107
68.3574
69.5369
67.0883
62.0204
54.0666
45.3551
37.056
30.2097
26.655
30.4224
36.447
42.7493
48.621
54.2926
59.5635
63.3069
63.6141
58.3416
48.7967
39.1234
46.0376
60.5947
48.6047
38.7794
38.7743
46.189
58.5721
75.5794
94.8037
105.832
103.937
94.3401
82.5416
71.0034
59.4745
51.0134
41.5931
38.734
43.818
55.1601
66.0491
77.2501
88.1272
99.704
105.106
101.912
89.8709
73.0013
53.5698
35.1751
37.7728
46.9596
58.9061
65.1176
55.8761
60.7559
70.7265
80.5693
87.2889
90.0837
88.5377
83.705
78.0041
70.9207
62.834
53.7131
42.8908
38.5323
43.9384
54.7212
62.4723
72.1752
78.5736
82.7318
84.922
81.7533
71.6614
57.3293
42.991
34.674
39.8308
50.5555
56.4023
58.244
65.1063
70.2004
66.2917
80.9477
92.0621
98.1962
101.05
98.7056
92.3961
85.891
75.6042
64.2209
53.5112
43.9956
50.2093
63.1675
73.528
84.6426
92.5197
98.3177
102.734
99.1872
87.4886
71.3112
55.3184
41.1447
30.397
23.445
25.9955
29.9275
37.9553
47.7355
62.8998
66.9893
50.1188
46.5341
55.8001
73.8626
97.877
123.027
138.505
141.624
138.717
130.619
115.659
100.581
83.8417
65.3746
60.8701
79.5868
92.66
106.124
123.003
119.164
116.826
113.085
96.5524
78.0965
60.3178
40.3698
26.2146
27.3245
35.087
44.0127
54.6365
55.0679
41.2662
49.524
69.6984
93.6792
114.237
127.862
130.971
126.589
117.619
106.676
90.126
75.5868
61.3053
66.1382
84.0487
106.194
127.79
129.922
135.496
133.37
121.854
104.085
84.0338
63.7008
48.5012
45.1232
56.3863
69.0781
71.06
62.7379
58.8583
59.1239
56.6003
62.0884
74.586
81.313
78.1737
73.1722
67.9039
61.0446
53.2426
43.3083
33.094
27.6146
35.8595
48.5223
62.5501
75.5322
85.1068
84.1064
76.8373
79.7042
73.9727
68.6288
63.0186
59.1397
59.0486
62.9493
64.7743
63.0359
58.2862
50.902
36.0933
35.7603
32.2698
34.8328
42.9429
47.8794
52.0784
59.3385
62.8831
63.7544
61.1737
56.4853
48.0716
40.0553
29.5252
21.8357
30.0189
40.5805
49.1916
55.881
60.1657
63.025
62.9255
57.471
46.5624
33.2026
21.5239
21.0421
20.0213
23.3369
24.9881
18.8532
7.71602
3.87863
17.8088
14.6991
12.832
12.8248
14.3537
15.0093
12.5451
10.0169
9.87772
11.8719
14.4519
15.677
16.1066
15.7745
14.2068
20.2167
32.6125
28.6226
22.3256
16.6947
13.1375
12.8694
13.9698
15.2609
16.5174
18.5473
21.8534
27.8398
38.7937
47.9181
47.7905
42.3037
37.4084
33.0445
28.6149
24.127
20.9422
20.6374
23.314
27.805
33.7287
39.915
44.7819
46.6712
44.3144
38.7499
29.8896
30.1051
39.0324
35.6122
30.516
24.2917
19.0538
18.0235
22.8894
29.9246
38.1247
45.8879
52.3587
56.0019
57.8255
56.8306
55.8931
54.1919
51.9205
47.8407
42.2332
36.3064
33.5956
36.8345
43.6555
50.0785
56.9036
62.8418
68.8052
69.4553
64.3983
55.4925
36.8292
33.6091
45.9612
51.8947
48.6985
38.8927
29.8969
27.1299
31.4276
39.9152
49.3758
56.8163
62.6703
69.7482
78.0104
86.6139
91.7471
93.69
88.7116
82.496
76.1561
72.1946
74.3037
79.6406
87.1336
92.9038
96.8965
93.9735
86.1827
70.9858
52.106
39.8333
33.6239
38.4633
51.2913
64.4661
74.7404
84.1995
89.3531
87.8309
81.3662
75.2584
67.7342
59.6685
53.4736
49.3798
48.0262
47.9244
50.844
54.5374
61.2489
64.3383
69.8666
69.6703
68.4205
62.7964
56.1
48.4787
40.2293
33.3473
31.2149
31.6811
29.848
28.636
30.5936
33.0957
36.1142
34.1472
29.9257
27.7876
29.4992
34.0716
40.4541
47.6146
56.1107
63.7926
69.764
72.0363
71.1937
67.409
61.4536
54.5459
47.431
42.0071
39.3593
40.1213
42.9268
46.6214
50.6844
55.3499
59.8617
62.2177
60.6802
54.7324
45.1702
39.3724
39.7169
51.7167
51.5248
40.3013
39.5319
45.4731
56.3733
72.8677
93.9889
107.401
110.346
104.845
92.5689
80.7435
72.0299
65.1637
59.5294
57.954
61.3964
66.7679
75.1829
84.332
94.9902
102.698
105.981
100.447
88.2395
72.2837
50.9795
38.4247
42.7577
50.1225
53.4961
53.384
53.4818
61.0554
72.3312
82.9292
90.7853
94.2713
93.9922
90.7387
86.0904
80.245
74.3591
67.0796
63.3086
58.5763
59.9531
62.8111
69.9412
74.5831
79.5101
82.7436
84.5331
80.191
70.581
57.5485
44.7246
35.9703
37.057
43.3864
48.1226
49.3094
49.2796
52.4089
67.8291
81.3643
92.9646
100.898
103.708
104.551
100.426
95.6523
89.2962
80.2808
73.456
69.6186
71.2055
74.8224
79.6085
88.0299
93.6884
99.3037
101.521
96.8363
85.0859
69.46
53.6876
39.0412
26.4658
24.6387
31.6612
37.1814
42.7166
47.7644
50.3762
49.9486
45.4427
42.5086
53.2494
72.3838
97.4861
121.46
138.977
147.028
148.691
138.326
132.877
118.871
110.295
98.0352
92.011
99.3501
106.577
109.335
126.199
117.628
116.615
108.767
96.6735
76.7182
57.4957
38.4292
26.4692
29.8554
35.3296
37.7338
37.5866
36.3551
36.7474
48.6889
69.6646
93.974
115.903
129.513
132.381
136.903
127.38
122.491
110.084
103.017
93.9979
93.4883
103.93
113.914
132.114
135.294
134.731
133.057
123.317
105.507
85.4847
65.5181
49.2836
42.61
50.0597
62.2618
65.3456
58.0943
49.4909
48.5664
56.9474
62.0683
72.5627
78.8312
75.5552
69.8258
65.7634
60.2349
52.4087
44.1982
37.59
35.9015
42.1865
52.1724
63.4527
75.7718
83.3546
80.0502
72.5987
74.226
68.3324
65.8805
64.3685
66.0957
70.0658
73.114
72.6906
65.4111
53.1199
43.5341
37.8915
35.1618
33.8302
34.7519
39.7638
44.5926
50.4724
56.451
59.9328
60.5894
57.346
53.9329
45.7679
39.554
33.6125
32.2623
38.3323
46.6182
53.188
58.3312
62.1449
64.445
63.3815
57.0015
45.8303
33.0741
21.7754
21.2463
22.5034
25.405
21.0079
10.6974
4.30684
3.10601
17.0088
13.4742
12.3811
13.4597
16.4165
17.5896
14.4296
10.8003
9.91694
11.183
13.3098
14.6955
15.3861
14.8309
12.4617
17.0299
29.3395
28.2878
23.2029
17.7816
13.3654
11.384
11.4576
12.6016
14.2669
16.4632
19.4679
24.1589
34.5565
44.9998
45.8001
41.5977
38.0847
35.1244
32.115
28.9807
26.8668
26.733
28.6107
32.1134
36.989
42.1924
46.1046
47.1878
43.9754
36.4576
26.7031
26.5572
34.5113
34.3042
30.7017
25.6207
20.2976
18.3105
21.5113
28.0102
34.9263
42.3995
48.7777
53.5278
56.1925
56.9064
56.9949
56.6955
56.115
54.0109
51.0124
47.4757
45.5918
47.4085
50.1238
55.1992
58.7808
63.5068
65.6172
64.1241
56.8526
48.9266
33.5508
32.6169
45.7416
51.8004
50.5161
42.4792
32.6157
27.0285
29.2632
36.5146
44.7234
51.1088
56.5815
62.6278
70.2016
80.1804
87.5807
94.5159
92.4546
93.7384
88.1984
89.1272
87.5703
90.3863
92.7921
95.815
95.1081
91.532
81.9506
66.815
50.722
38.8978
32.0793
36.955
49.2724
60.8031
70.7507
81.1865
87.7001
88.9864
85.465
81.4585
76.6309
72.0139
66.9793
63.7226
60.4552
59.6588
60.4348
61.499
63.5396
64.4453
66.9412
65.7642
63.3905
58.2394
51.3782
43.2544
34.5517
28.3122
27.4118
28.1416
27.3467
27.8697
29.8765
32.5517
36.1424
35.0011
30.8181
28.2757
27.9215
31.1778
36.525
43.3905
51.8368
60.6425
67.9921
72.4533
73.9297
71.7708
68.5845
63.8783
59.2648
55.249
52.4106
51.1243
51.3461
53.0848
56.2844
59.3821
61.1718
60.6001
57.045
49.956
42.0114
40.0175
47.2193
54.2864
49.2776
38.035
37.0774
42.0972
51.8558
66.3601
86.3378
106.062
114.699
112.024
105.474
96.9123
87.5402
82.5966
79.1938
78.0845
79.9099
84.8036
89.7816
97.0907
103.386
107.543
105.349
98.8077
86.2558
68.1008
48.0814
40.3642
42.343
43.9612
43.4911
42.9921
46.4809
56.4737
69.5111
81.89
91.2252
96.85
98.1583
96.5329
93.8736
89.9228
85.694
84.0424
78.9726
78.2903
76.0317
76.9553
76.7161
79.1137
82.835
84.2676
82.4525
77.7385
68.7981
56.8501
44.9177
36.1985
33.4659
34.9115
37.0734
38.5862
42.1249
50.0781
65.2428
79.3141
91.5343
101.222
106.15
108.631
107.942
105.722
105.373
101.135
94.9667
91.8415
90.223
90.9266
93.3881
96.5925
97.6417
100.889
99.6215
92.7618
80.9798
66.5191
51.5368
36.7639
26.0229
27.2607
33.1212
37.2084
39.6017
40.1698
39.1401
37.3873
33.6201
35.9369
49.8002
66.3691
88.9612
114.671
136.181
147.865
151.734
150.585
148.965
141.513
136.904
131.327
125.966
126.239
128.332
120.047
129.969
116.947
118.423
103.558
92.8663
74.5833
55.2156
35.8075
27.3941
29.1745
30.8601
30.2343
28.2248
27.2733
30.7875
44.7771
65.425
90.6152
113.336
128.104
137.268
143.306
139.053
140.895
136.208
130.881
127.232
129.325
131.061
132.584
138.68
140.026
135.053
131.085
120.646
103.839
84.7912
65.3456
49.3897
40.4043
44.5461
56.2617
60.8433
54.1159
45.246
45.4617
53.1138
57.7977
67.3181
73.1239
71.99
67.4954
62.9085
58.9855
54.6497
49.4011
46.009
46.5448
50.5584
57.0275
66.1846
76.3122
80.7469
74.2063
66.8594
67.3094
61.866
61.7464
66.2705
70.7678
76.751
78.6328
75.0681
67.3504
58.9772
50.4807
41.96
35.317
31.6673
30.8699
34.5754
39.8038
46.4061
52.6263
55.7303
57.2561
54.5033
52.7414
47.8505
44.1911
43.2824
45.1308
49.1246
53.576
57.838
61.2966
64.7119
65.4149
62.9349
54.6901
43.3009
31.4316
21.2433
21.0812
22.5508
23.8234
17.2117
8.26088
3.41531
2.88515
16.0316
12.396
12.133
14.2548
18.3217
19.6442
16.5818
12.171
10.4077
10.8134
12.2412
13.565
14.3263
13.7427
11.3935
14.2549
25.7999
27.8422
24.6565
19.6562
15.171
12.3427
11.6824
12.3216
13.9664
15.9627
18.0573
21.047
29.56
41.167
43.8146
41.4233
39.2792
37.8556
36.6484
35.2439
33.9171
33.4798
34.3955
36.8275
40.2045
43.6153
45.7007
45.1084
40.3758
32.2508
24.2755
24.4281
30.8934
32.6528
31.2285
27.1402
22.6946
20.0829
21.9647
26.3128
31.6559
37.4645
44.2563
49.6862
53.9848
56.0875
57.9551
59.0384
60.5594
60.4092
60.2955
58.7299
57.856
57.2724
58.5216
59.4367
61.63
62.2875
61.3224
56.6347
47.6989
38.7709
28.9035
29.9855
44.2484
50.4647
50.2479
44.2263
36.225
30.5991
31.0119
36.0693
41.8558
46.1862
49.2988
53.9282
61.1707
70.5026
81.0717
88.7525
94.4085
97.4625
96.41
96.6871
96.7428
95.7945
95.587
93.2918
90.9744
85.4583
74.9582
60.4496
47.2359
37.3755
30.781
34.3926
45.3661
57.099
65.6723
73.8073
82.9006
87.5745
88.1413
86.0337
83.416
81.2285
78.2876
75.1342
73.6968
72.1571
69.9409
67.7444
67.2023
65.6788
64.9211
62.0662
58.9213
53.3517
45.8787
37.1817
28.6285
24.3209
24.9893
27.1735
28.0322
29.5724
30.9017
33.8659
36.2567
35.0462
30.4273
27.152
25.2483
26.6481
30.4641
36.233
44.9011
53.472
62.5659
69.6594
72.724
73.5095
72.3358
70.7673
68.78
66.2931
63.9015
62.3101
61.7674
62.4221
62.7342
62.2301
60.6658
57.4568
52.2796
46.1377
42.2788
45.9869
52.0141
52.6745
44.8962
33.4158
32.0722
36.7422
45.3552
56.9386
74.7375
97.1481
112.565
117.158
115.297
110.384
105.351
100.684
99.1746
99.1512
99.0191
102.985
106.582
109.829
112.002
110.473
104.996
94.7957
79.6642
58.7457
44.5289
39.4956
39.1222
36.6502
32.9551
31.2161
35.9906
46.6885
60.9165
75.5576
87.1456
95.4988
100.005
101.141
100.913
100.174
99.1085
95.3455
95.1074
91.3228
90.0174
86.7725
86.2441
86.209
85.194
82.9083
79.8945
73.6105
64.638
54.02
43.4914
35.1671
31.1876
29.5593
28.4833
28.5166
33.0566
43.1936
58.2847
73.7489
87.2638
98.6063
106.467
111.306
114.64
113.994
114.546
117.554
117.144
113.742
111.712
110.197
106.758
104.731
103.14
101.52
95.9451
87.2715
75.7707
62.7264
48.613
33.8073
24.8532
25.3997
28.9068
30.9177
30.3718
27.6205
24.5283
21.7737
21.4303
29.3307
41.2941
57.3297
77.5028
103.677
126.303
141.808
155.028
156.184
161.077
160.475
160.036
156.706
152.475
149.351
145.089
131.459
133.545
117.381
115.892
99.6757
87.6497
68.8692
51.1436
33.3236
26.0041
25.7661
25.1481
23.0142
20.1996
19.6085
24.6516
37.9998
57.4503
82.2903
106.284
125.87
137.179
146.91
150.724
160.273
158.98
165.016
164.229
161.384
152.657
147.172
146.932
140.005
132.783
126.303
114.954
98.9698
80.8598
62.9985
47.8315
38.245
40.9449
52.3456
57.8333
52.2392
43.091
41.1572
47.0305
52.0879
60.7861
66.9227
67.5881
65.4712
62.3043
58.9567
56.191
54.8669
53.9593
54.7737
58.0235
63.751
70.9211
76.5631
75.5095
67.001
61.2918
60.294
54.7175
55.5457
64.9557
71.3072
76.4689
76.9958
72.7325
65.9434
59.2188
51.1126
41.1029
34.0841
29.4943
26.6957
28.3616
33.5301
40.4923
47.1191
51.5178
52.9812
53.4146
52.3564
52.2714
51.127
51.8761
54.1932
56.517
59.4809
62.4092
64.8587
66.0657
65.528
59.727
50.2686
38.8816
28.2448
19.8888
21.1376
21.1654
20.1191
12.4124
5.91357
2.62403
2.68523
14.8214
11.4204
11.9092
14.5063
19.1676
20.8818
18.9433
14.1821
11.5049
11.0511
11.629
12.4708
13.0313
12.6488
10.6432
12.178
21.5153
26.208
25.4155
21.902
18.199
15.8281
15.2182
15.8411
17.1951
18.3286
18.7575
18.6673
24.1219
36.1261
41.145
41.2427
40.6052
40.6147
40.9505
41.1442
40.7787
40.1883
40.125
40.7537
41.7093
42.5505
42.341
40.0277
34.8169
28.1212
22.8894
23.2476
27.9179
30.9747
30.7975
28.5625
25.5864
24.0086
24.562
26.7235
28.5833
31.874
38.1697
44.7799
50.5232
54.7794
57.8591
60.8221
63.6399
65.8504
67.055
67.7897
66.5405
65.8361
63.772
62.7272
61.3911
58.9956
55.3741
48.8609
39.1678
30.4661
25.5327
27.1086
40.5067
47.4567
48.8206
45.808
41.2687
37.976
37.9122
39.8697
41.8102
42.2872
42.3253
44.908
51.4009
60.0825
71.2743
81.0219
89.9307
95.4945
98.7122
100.446
97.7713
96.9194
92.9076
89.3607
83.6186
75.9491
64.922
52.6441
41.7922
33.9618
29.1592
31.5185
39.6722
49.319
57.1067
64.4488
74.0906
82.1726
86.8304
88.9245
89.2096
89.2837
88.2509
87.7898
85.4857
81.3409
78.3094
74.4614
71.2353
67.2219
63.4856
59.2862
54.5272
48.1207
40.1494
31.5564
25.4316
23.8526
25.5539
27.9856
29.3656
31.324
32.2248
34.5568
35.5582
33.4905
28.3004
24.8256
22.1142
22.2999
24.6725
28.6085
35.2817
43.6998
53.7774
62.3699
68.7039
71.9004
73.3462
73.8515
73.9936
73.8363
73.3995
72.193
70.7685
68.3264
65.3735
62.0883
58.2088
53.6108
49.0513
46.1402
46.5042
50.0292
49.8118
46.674
37.4923
26.0593
24.737
29.4702
36.6733
46.344
60.4399
81.3311
102.021
114.268
119.499
121.401
120.775
119.727
118.161
119.381
120.434
119.822
121.15
120.084
115.775
108.953
98.8799
84.3639
65.0039
48.708
39.4132
36.1531
34.4576
30.4098
25.1246
20.812
25.0116
34.5624
47.274
63.6557
78.1287
89.2919
97.352
102.235
104.609
106.11
105.983
107.469
104.915
104.022
99.3628
96.8307
93.9133
89.6525
84.8335
80.7723
74.9794
67.4166
58.5133
49.1294
40.3337
33.3624
29.0513
26.5115
23.4882
20.7484
23.9859
33.0842
46.9086
63.697
79.2182
92.1436
102.6
110.097
116.554
122.171
123.777
125.183
128.651
129.248
126.19
121.112
116.513
111.591
105.794
99.1853
90.4555
80.7786
69.764
57.4611
43.2598
29.226
21.8723
19.8874
20.4411
21.2778
20.6769
18.5951
16.606
16.8411
19.9335
27.9627
34.3635
45.0285
62.9672
86.7195
110.882
132.375
147.938
156.814
167.448
170.875
174.174
172.781
169.324
159.265
159.096
140.331
135.304
116.503
110.528
92.1295
80.5037
61.3717
43.6331
29.4484
23.3944
21.5511
20.8156
19.2496
18.1408
19.4958
22.8208
30.4791
45.7445
70.1054
95.4119
117.657
133.46
147.189
157.231
169.063
177.798
181.302
182.107
173.559
166.784
161.197
148.441
136.647
128.861
118.268
105.176
90.9442
74.8314
58.552
44.3256
35.0949
37.6178
47.9748
54.2075
51.3321
42.5878
37.81
40.0325
45.3635
53.8447
60.9839
63.6044
63.2148
62.2536
61.2814
60.3984
60.1746
61.8915
63.9832
67.0001
71.0371
74.2422
74.0554
68.5269
59.4042
56.5441
53.781
47.7848
48.3051
56.8037
64.1211
69.0592
67.9199
62.7199
55.4545
48.6014
41.917
33.6388
29.0285
26.6726
24.9829
24.4445
27.7124
33.9179
40.6556
46.1289
48.7885
52.1089
53.0743
55.2924
57.621
59.5586
61.2934
63.0837
64.5682
65.7962
66.579
66.0001
62.3204
53.6917
43.3472
33.1082
24.085
18.5042
20.2958
17.8996
14.363
7.9083
3.78125
2.10734
2.55334
13.542
10.49
11.6572
14.074
18.9672
21.7382
20.9657
16.5735
13.3849
11.9156
11.5683
11.6436
11.7545
11.5486
10.3409
11.6581
17.2326
22.8742
24.5434
23.5509
21.9983
21.1247
21.6536
22.4104
22.9591
22.533
20.8007
17.6305
19.0585
30.2273
38.2521
41.237
42.2811
43.2165
44.1254
45.0095
45.4573
45.1291
44.2403
42.904
41.4169
39.7133
37.4776
34.2766
29.6069
24.9238
22.2213
22.5428
25.8145
28.7863
30.1623
29.8271
29.2469
29.1633
29.829
29.7471
28.3774
27.1177
31.4199
38.7546
46.0891
52.216
57.0027
60.9016
65.2292
68.0187
70.6877
71.2339
70.9023
68.52
65.8139
61.5399
58.1179
52.9782
48.1463
40.7458
31.7074
25.774
24.4839
25.1476
35.3284
42.5853
45.8544
46.5716
46.4551
46.6729
47.2817
47.103
45.4164
41.9503
37.7924
36.9494
41.6211
49.6834
60.3667
70.0651
81.0946
87.5324
93.7121
95.916
95.4511
91.2692
86.5899
79.7116
72.0561
62.9102
53.0191
43.071
35.3136
30.536
28.2871
32.0633
38.3301
42.8034
47.4439
53.7962
63.0883
73.2244
81.5266
87.3118
91.0859
93.2495
94.5915
94.0195
92.203
89.327
85.6097
80.0129
74.9479
68.1658
62.6681
56.1552
49.6295
42.4828
34.7837
28.0044
24.6253
24.5955
25.7896
27.5727
28.8688
30.712
31.063
32.6247
32.4438
30.0078
25.7961
23.7435
22.5445
22.7457
23.8134
25.0193
27.6889
33.2002
42.2695
51.8882
60.6582
67.0292
71.2381
73.6671
75.0763
75.974
75.978
74.8954
72.1458
68.4286
64.2333
59.6594
55.0194
50.7419
47.4269
45.4826
44.9403
44.8418
42.3777
38.5419
31.1655
22.0772
21.0482
24.5384
28.603
34.5363
45.7636
62.4006
84.0501
103.101
115.437
122.551
126.8
129.248
130.409
130.576
130.667
129.86
124.03
119.141
109.839
97.7998
82.3655
65.2599
50.4526
39.3415
33.71
30.7223
29.1644
25.6534
21.566
18.656
20.8488
25.357
32.4298
46.987
64.1407
78.1722
89.5568
98.3266
104.549
108.646
112.385
112.881
113.79
110.207
106.826
102.964
96.4057
89.3155
83.0359
75.498
67.7555
59.6465
51.2779
42.8876
35.603
30.0427
26.8026
24.5349
22.4703
20.885
22.6802
26.1944
33.7805
48.7845
66.2783
81.6671
94.4701
104.839
113.04
121.165
128.546
131.623
132.834
133.418
131.241
127.27
120.838
112.952
103.655
93.5715
83.2643
72.8588
61.5901
48.9858
35.593
25.0887
19.7928
17.5002
17.1969
17.8198
18.5566
19.5208
21.5147
25.2561
29.2952
33.2471
33.0125
33.8984
46.7186
67.1722
91.6435
114.479
133.914
148.138
163.119
170.785
179.153
179.76
177.117
166.003
163.497
140.222
132.929
110.054
100.51
81.5792
67.7512
50.3233
36.1372
25.5795
21.8501
20.7086
21.1511
21.9258
23.5335
25.439
26.3251
26.9598
32.8056
53.9978
79.7758
104.256
124.856
141.917
155.654
173.942
182.084
194.647
189.684
185.4
176.213
161.254
144.942
132.844
119.781
106.271
93.4039
79.8919
66.0411
52.3119
39.8797
32.8526
35.0782
43.483
50.3106
50.1233
43.5698
36.9558
35.3376
38.7991
45.7036
52.711
57.8913
61.1557
63.0486
64.9777
67.2287
69.1642
71.1245
74.2457
75.9483
76.3717
74.3878
69.0695
59.9744
52.836
53.0165
48.8684
43.3553
42.78
46.3465
50.7308
54.5348
53.6617
49.077
43.0431
38.0964
33.4088
27.3272
24.0692
22.7183
22.2401
21.9711
24.2148
28.3376
34.876
39.8653
45.0151
49.3654
53.2334
57.335
60.8509
63.2657
65.4117
66.2707
67.0153
67.1298
66.0095
62.4264
54.6473
44.4592
35.0476
27.0383
20.2858
18.7311
17.6791
12.1149
7.46797
4.51794
2.50857
1.84686
2.44162
12.0206
9.63805
11.4409
13.2142
17.7394
22.1644
22.7121
19.7602
16.531
14.1814
12.6744
11.7941
11.2569
11.1503
12.0343
13.7464
15.6272
18.9156
21.78
23.7442
25.2322
26.7431
28.1792
28.7086
28.0289
26.2616
23.0983
18.0356
16.2227
24.4593
34.6706
40.8127
44.1701
46.0504
47.1606
47.6767
47.8291
47.1805
45.4915
42.8578
39.6196
36.0354
32.4303
28.8859
25.4242
23.343
22.2712
22.0446
23.7499
26.4378
28.7283
30.6919
32.5148
34.2084
34.8869
33.8575
30.6212
26.2958
25.8666
32.5584
40.6819
48.3479
54.9498
59.8612
64.6196
67.8535
70.2589
71.6114
70.2841
66.8577
63.0032
56.8271
51.5103
44.8637
39.312
32.4724
26.9596
25.0192
25.7364
24.8903
30.439
36.4371
41.694
46.0755
50.0029
52.5587
53.567
52.0145
48.6279
43.0573
36.5031
32.6027
34.8247
41.1848
49.8743
58.32
69.1316
74.7104
82.1471
83.296
83.6657
79.6484
73.0931
65.1131
56.1125
47.3934
39.4075
34.3326
32.5097
34.3378
38.4428
43.1466
45.2799
43.6421
41.1337
43.9559
51.9672
62.3632
72.1183
80.4735
87.3322
92.4346
95.4034
97.3032
96.0571
92.9172
88.758
81.3117
75.4911
66.6381
59.3975
51.055
43.5424
36.3871
30.1826
26.0894
24.5592
24.3554
24.2711
24.8103
25.1759
26.5077
26.7339
28.2307
28.7775
29.4924
29.7113
31.8251
32.7142
32.8315
31.8026
29.3386
27.8209
27.7516
31.9748
40.7648
50.0007
58.5823
65.6277
70.7511
73.9709
75.4167
75.3014
73.7994
70.9719
67.1105
62.3245
57.073
51.7677
46.6777
42.024
37.8719
34.7634
33.5844
32.9828
32.3482
30.6965
29.8948
31.068
31.6803
30.3754
28.103
32.159
44.6054
62.2906
83.3116
99.3093
111.35
119.353
124.465
127.49
128.473
125.443
122.904
115.642
105.076
92.9224
78.6996
64.6605
51.4031
41.1359
33.1251
28.3798
25.7166
25.028
24.3628
24.5114
25.9277
27.3711
27.5013
25.4881
30.1218
45.8137
62.6957
76.218
88.3611
97.9787
105.531
110.47
114.582
113.892
112.095
109.214
102.068
94.2016
86.4067
77.3158
68.0996
59.1471
50.5851
42.5151
35.3859
29.456
25.8176
24.4873
24.4974
25.4076
26.6443
28.0199
28.3017
28.3172
33.0018
48.7398
66.3709
81.4943
94.7196
105.58
114.265
122.482
130.112
133.026
132.978
130.923
124.994
117.188
107.627
96.4557
84.9125
73.1848
61.5802
50.0854
38.8497
29.3425
23.1096
20.8662
21.3344
23.1617
25.6158
28.3408
31.7739
35.3264
38.2575
39.8676
39.6458
36.6239
32.4017
32.978
47.6301
69.1043
92.1093
113.102
130.741
148.41
160.259
170.271
174.562
174.437
162.726
158.591
130.531
120.504
96.5567
83.0277
65.3924
52.6595
39.2349
30.0886
24.7265
24.6226
25.946
27.8628
30.0197
31.3951
31.7466
30.853
28.8736
26.4352
35.5934
59.4909
85.325
109.001
129.901
148.249
167.032
181.951
190.429
194.123
186.464
172.199
156.529
141.401
123.64
106.96
92.2147
78.7676
66.4601
54.8565
44.4967
36.5696
33.6265
35.2502
40.2129
47.1194
51.2152
50.4753
46.3348
40.3434
38.5333
39.5583
43.0225
47.9572
53.5042
59.681
65.6245
71.2366
76.1734
79.4996
80.6194
80.2369
76.9099
70.6464
61.7233
51.6006
48.686
51.9585
47.0653
43.3614
42.3283
42.7241
41.7327
40.9603
38.5414
34.8828
30.8158
27.967
25.6148
22.2893
21.3018
21.1547
20.3611
19.3977
20.617
23.6734
29.14
34.3626
40.4655
46.1302
52.4556
57.6421
61.9046
65.4569
67.0648
67.9908
67.6553
65.4962
61.2304
53.8383
43.9236
34.199
27.3745
20.9157
17.0366
14.914
10.4513
5.77146
3.87579
2.83706
2.08629
1.85494
2.35315
10.3364
12.7694
14.9207
14.9227
17.6351
22.6055
24.6026
24.6
23.533
22.557
21.8353
21.3581
21.3906
22.4471
24.9579
25.6516
25.6798
25.9152
26.7128
27.4573
27.9856
27.9194
27.3426
26.5753
25.6796
24.697
23.3285
20.4808
19.6084
25.808
33.2813
36.4549
37.8693
38.3717
38.8092
39.8604
41.4345
43.5328
44.5648
44.3198
43.3725
41.9189
40.3853
39.025
37.9628
37.0703
35.7335
35.2126
35.8802
35.5585
35.6773
35.3966
35.07
33.8189
33.2091
32.4859
31.5225
30.2135
30.1735
33.0908
39.5569
44.7703
48.4518
50.6295
53.5558
55.0262
58.1351
59.626
62.6401
62.8348
63.3576
59.8676
57.9617
53.1425
50.1492
46.4261
45.4773
44.9178
44.108
42.6082
41.931
42.0828
42.874
43.3671
43.0908
40.4873
37.6603
35.3419
33.4123
31.9332
32.479
38.151
44.3027
50.1195
52.4342
56.2123
58.7799
59.8868
63.6144
62.7339
65.2239
63.7553
62.6004
58.9124
55.0919
51.1498
48.3981
46.5652
46.1318
46.1704
46.2802
45.3757
43.5345
41.5368
41.1923
48.7809
56.913
63.8776
69.0922
73.3791
76.9795
79.8961
81.9943
82.9444
84.0968
82.72
81.9578
77.5767
73.7847
68.0446
62.6737
56.9586
51.5535
47.0426
43.9446
42.4068
41.6152
41.2367
40.6398
40.6757
40.0029
40.5629
39.9034
40.7071
39.6413
39.993
38.5348
37.9039
35.7108
33.6588
32.0165
29.9372
28.508
27.7527
30.172
38.92
47.69
53.4687
56.9584
59.8367
62.1056
64.1444
65.7919
67.2958
67.4957
66.1702
63.5308
60.1166
56.2708
52.278
48.4449
45.066
42.4742
40.7359
39.9404
39.1407
38.7123
37.8101
37.7641
36.4053
34.8172
32.8977
31.3013
35.7691
46.5846
61.7618
72.0217
78.1755
82.3724
85.5355
88.7675
91.8643
96.0011
95.3774
92.765
87.693
80.5221
72.3613
64.9214
57.1642
51.6265
46.3949
43.1583
40.5748
40.0614
39.5392
40.2354
39.863
39.675
38.4203
36.6852
34.6405
36.3358
49.6118
60.0658
66.5998
71.8953
76.0795
79.791
81.6894
84.2961
86.1475
86.501
85.345
83.3006
78.78
73.6914
68.0473
61.9617
55.7696
49.9621
44.744
40.8138
38.5453
37.6935
37.6583
38.4778
38.7795
39.6067
39.738
40.2984
40.3535
41.7195
53.5594
65.9807
74.3417
80.5862
85.0664
88.3479
91.5607
95.7791
98.2943
100.666
100.515
98.4155
94.0929
88.3079
81.5309
74.1373
66.7494
59.3427
52.4607
46.9267
44.1675
43.515
44.0157
44.9736
46.1736
47.3887
48.673
49.5618
50.2092
50.1541
49.5446
48.1462
46.7927
45.3429
46.933
60.9995
78.3603
88.3958
97.5466
106.553
113.424
121.75
127.772
133.469
127.877
130.186
114.751
110.005
93.8864
85.3208
71.832
62.3836
51.4026
46.3783
43.0484
43.3565
43.3191
43.8947
44.7059
45.2645
44.615
43.3142
41.0645
38.6668
36.4711
42.3282
61.0452
75.6295
86.3018
95.216
109.426
113.327
127.621
127.805
129.427
132.604
126.515
120.359
112.05
103.772
95.3193
87.1571
78.9972
69.8657
60.9864
54.7231
50.9599
49.1776
49.8518
54.4322
58.4097
60.6062
61.9776
61.1298
61.2683
61.4734
63.2958
66.2043
70.1027
74.352
78.585
82.1045
84.8751
86.2998
86.1763
83.9478
80.3961
75.2386
67.1784
55.9656
54.2352
57.8361
57.6441
50.6329
45.2344
44.0554
42.7577
42.2748
40.4938
38.6398
36.4231
34.0614
30.2872
25.7429
24.8339
25.7529
27.1582
28.917
31.041
34.2421
38.6902
43.7357
49.2049
53.5783
58.7197
61.5833
64.518
64.5638
65.0692
64.593
63.7584
61.9579
58.9384
52.6789
42.6774
30.0891
16.6881
10.1191
9.72818
8.90441
6.81238
4.93705
4.10513
3.61055
3.26045
2.89418
2.37109
)
;

boundaryField
{
    wand
    {
        type            zeroGradient;
    }
    frontAndBack
    {
        type            empty;
    }
}


// ************************************************************************* //
