/*--------------------------------*- C++ -*----------------------------------*\
| =========                 |                                                 |
| \\      /  F ield         | OpenFOAM: The Open Source CFD Toolbox           |
|  \\    /   O peration     | Version:  2.1.1                                 |
|   \\  /    A nd           | Web:      www.OpenFOAM.org                      |
|    \\/     M anipulation  |                                                 |
\*---------------------------------------------------------------------------*/
FoamFile
{
    version     2.0;
    format      ascii;
    class       volScalarField;
    location    "0.007700000";
    object      p;
}
// * * * * * * * * * * * * * * * * * * * * * * * * * * * * * * * * * * * * * //

dimensions      [1 -1 -2 0 0 0 0];

internalField   nonuniform List<scalar> 
12384
(
832068
832204
832589
832943
833417
833823
834088
834699
835206
835533
836550
836317
836924
837405
840668
840895
842458
841735
844275
844138
844130
848117
849316
849363
854126
855982
857416
859671
861024
861794
861756
861437
860548
859757
859097
859121
859356
859829
860421
860316
860491
860308
861267
861231
859229
859066
859357
859390
859283
858488
859940
859647
860863
860844
861834
862343
863199
863444
863576
862962
863116
861933
863386
865332
865050
867792
873280
872820
876868
879393
880493
881618
881697
881907
880909
880220
879377
879398
876583
872980
875263
874180
873361
873439
872792
870183
868390
866647
863205
858921
857675
850148
851955
845765
847814
843927
845314
846164
846478
846382
846705
846290
846477
846165
855610
854853
855217
856085
856132
856013
855327
853624
851155
848278
844522
840677
840497
838504
840540
840069
845231
849753
852532
854877
856273
856625
856638
855979
855567
855154
855430
855485
855403
854902
836070
836153
836749
837496
837862
837627
840386
840160
841967
844876
846262
847919
849690
850550
850750
849753
846518
845115
842424
836653
834140
835471
833357
834452
834983
834573
833925
833234
832803
833350
866590
865229
864396
863072
861482
861580
861411
861629
862727
863547
863641
863106
860533
857737
852663
850537
838907
842717
832857
837474
834810
842675
846001
850364
852527
854987
855095
854957
855098
855109
868514
867575
867646
868063
868046
868412
868233
867049
864422
860628
856385
849709
847318
845025
847153
850148
852472
855795
857697
857277
856549
854649
852327
850129
850349
847533
848471
845839
846353
845061
856337
856241
856101
856374
856100
856214
853532
851689
844405
845977
837560
841128
840348
845936
849212
852499
854114
853868
853162
851148
847611
845698
842241
840225
836500
838275
833952
832286
832850
831682
825009
826150
825672
825661
826150
826433
826422
823800
823928
815945
817164
808102
812056
812070
812473
813663
819171
821619
821030
822304
825061
823128
826602
829785
828601
831746
834369
832682
834439
837930
889172
886882
891339
892346
894327
894094
889660
883737
878677
871722
858609
861847
858960
848367
845102
847205
835446
834518
835922
833071
832115
832599
829606
831032
829870
830277
830070
831063
831423
832419
820530
821274
822179
822170
824909
824330
827161
826419
830235
827993
833683
836314
833569
847579
845284
849439
862018
868230
864142
881454
878827
885776
889693
896085
894252
897842
899646
900001
900304
900736
904917
904749
903759
902533
901471
898970
896364
895714
890166
891051
882432
884017
874764
877030
870578
872387
870531
871418
871179
870936
869563
868319
866552
864161
864404
862097
860650
861818
861235
861900
832462
832732
833223
833125
833741
833658
834538
834641
834996
836508
836056
836883
837034
836864
842293
841735
843124
842353
844387
843743
846437
845870
849968
849385
854240
855023
857846
859123
860712
861181
861107
860357
859648
858577
858112
857145
858193
858788
859733
859965
860878
860907
861098
861424
859949
859518
859511
859341
858942
858598
859279
859613
860207
860838
861350
862092
862381
862776
862461
862156
860940
861755
861397
861439
866102
865088
870579
872248
875615
878981
880367
881726
881598
882391
881800
880664
878821
876719
875107
874423
873599
872510
872985
872734
870938
870102
868332
864394
863312
859329
855650
848861
850939
845656
841826
844365
844167
844406
845681
846985
846856
846676
846794
846418
855052
854902
854815
855008
854667
854602
853734
851959
849477
845568
841577
838630
834821
833066
833067
838111
841865
846109
850504
854182
856545
857372
857086
856290
855501
854897
854964
855125
854968
854668
836880
836703
836732
836625
836963
837156
837916
840172
842043
842548
845651
847294
848569
849578
849355
847299
846714
842415
837983
836693
834893
830634
831870
832133
833925
834962
834767
834393
834049
833440
866113
864554
863016
861832
860190
860400
860642
860505
860997
862075
862204
860952
859027
856472
850059
846568
838758
838161
833429
831164
834704
839960
842087
847977
851834
854918
855594
855856
856444
856324
867223
866956
866450
866992
866755
866828
866248
864630
861932
857656
851853
847453
844557
842966
840486
846189
850293
852310
855334
857454
856771
855236
853530
850735
850166
847450
848339
846127
846360
845545
857596
856411
856164
855893
856014
855078
850429
849395
843920
839830
838123
836048
838283
840264
845253
849690
852674
854392
853938
852045
848115
845773
841912
840009
837868
837661
834539
833499
833357
833528
826725
825010
826054
825477
825658
825882
824880
823516
820625
815500
809911
810739
804759
804758
809513
812724
817234
818861
822371
825963
824956
826047
830682
827909
832682
837283
834769
838884
838166
833790
888691
887501
889464
890055
891450
889089
885278
881960
870583
859949
862339
857997
850154
849880
849188
841430
840726
837071
832569
833422
831504
830848
830599
830179
829412
829883
830317
830913
831656
832577
822956
821891
822545
822545
824206
825509
826390
826453
828816
827882
832759
831077
839499
839893
845342
857826
853400
868273
868704
873272
879933
889194
886927
891626
896493
895748
897279
899981
900658
901593
904134
904509
903622
902766
901407
900087
897216
896549
890287
890758
882126
880074
875279
872241
871575
868470
869775
869977
870426
869596
868993
867661
865893
864368
863138
861813
861906
861078
861447
861920
832266
832621
832776
833471
833524
834443
834292
835123
836112
835937
837649
837658
838087
839131
841474
841928
842599
842394
844928
843857
846729
846564
850078
850236
854526
854622
857704
858997
860059
860514
860199
859462
858151
857136
856353
855930
856424
857030
858410
859382
860368
860847
861133
861305
859544
859176
859199
859172
859170
858324
859756
859665
860529
860612
861477
861636
862063
861858
861108
859910
860059
858033
859874
860041
862848
863760
868552
869754
874744
876053
879529
879954
881109
881347
880729
878821
877203
875676
873676
871314
871689
871987
871939
870942
870666
869226
866374
864669
862429
857471
853642
849552
845525
842388
843001
841282
840939
842859
843757
845368
846532
847078
846894
847189
854758
853352
853955
854128
853885
853425
852208
850058
846948
841728
837597
832812
829659
830526
828755
830017
835036
841239
846497
850503
853564
855383
856149
855887
855210
855002
854895
855127
855006
854914
836337
836168
836145
835702
835846
835868
838213
838016
841944
842256
844530
846410
848103
848125
847289
847120
843665
839522
836586
834318
829822
830798
830525
830855
830821
833092
834286
834844
834731
834783
864101
862509
861500
859979
859578
859106
859186
860429
860147
860166
860353
859616
857381
853086
847381
845675
836184
833689
828508
831987
828968
837687
837749
847514
848758
853061
854902
856339
856485
856225
866778
865330
865644
866108
866338
865692
864207
862080
858544
853144
847761
843388
838709
835045
837525
838032
844480
849473
851084
852805
854658
854563
853400
850987
850526
848555
848373
846267
846141
845420
857223
856803
857164
855856
855716
852537
848440
848930
837532
837565
832109
832260
831919
836767
840171
844884
848823
850986
851847
850100
848257
845500
840709
842042
839185
836609
836907
835105
832842
833436
825356
825838
825408
826537
826081
825240
824270
820946
817659
810961
809050
802110
805734
803153
803332
806213
812179
818397
822581
823203
826193
831161
828175
830634
835381
832048
835335
835324
836757
843523
887394
886285
889314
888756
887499
885045
882398
871328
860334
862330
853749
843067
843562
847099
841363
841713
840508
835012
835008
834698
832885
831495
831690
830210
830679
830368
830364
831288
831253
832153
822048
823059
824317
824287
824996
824177
826524
825278
827936
826193
833433
827353
841894
836246
844041
857823
852314
862794
873687
871321
877218
887842
888758
888787
894760
896045
895968
898314
899818
900714
904261
904056
904295
902852
901390
899850
897732
894514
890838
886598
883129
874419
875556
868139
868906
868779
866263
866305
867781
869182
868242
867031
865703
864607
863111
862013
862042
860822
861203
861474
833626
833853
834049
834016
834421
834214
834939
835883
835661
837464
836926
838187
838172
837879
844045
843605
843848
845272
845429
844906
848568
846487
851611
850445
855458
854486
857649
858095
859612
859371
858942
857868
856993
855958
855534
854880
854996
855630
857434
858308
859596
860472
860784
861067
859634
859096
859035
858759
858478
858959
859150
859745
860851
860621
861052
861438
861080
860378
858895
859046
855937
857465
856324
858559
857339
862206
863784
868232
871536
874838
876610
879508
879847
880944
879437
876613
875568
872404
871088
870253
869952
869729
869101
869773
869269
866523
865725
863278
859446
853671
852112
845116
840208
839344
834576
834122
837226
840825
842317
843492
846364
846922
846960
847558
853331
853547
853142
853122
852286
851584
849987
846677
842607
835634
832469
827504
827574
827700
828896
829111
829281
833286
840712
846099
850243
853079
854536
855052
854742
854508
854636
854876
854629
854891
836592
835745
835330
835421
835258
835701
836951
838758
839488
842526
843804
845282
846408
846867
846522
844041
838983
838059
832115
829164
828671
826024
825126
828929
830017
831042
834018
834671
835002
835699
861306
860466
859058
858306
856639
856685
856553
857313
859141
858421
857765
857324
853835
850270
846046
841199
830994
828553
829273
825098
828093
833511
833263
844411
845287
852182
854335
856007
856706
857485
864459
864434
863893
863921
863085
863168
861864
858126
853296
847414
842903
838402
835018
835677
834044
834752
835318
842816
848355
849930
851474
852957
852793
851345
851598
849568
848615
847876
848059
847143
858426
858172
857247
857394
853658
850823
849019
842062
832917
831761
828260
823136
825916
827620
833949
839311
844287
847312
848323
848899
847715
844876
842129
841875
841284
838243
836624
837766
835049
834209
827978
826973
827470
826139
826476
824830
821516
818529
811535
810428
800809
800269
796288
799588
803092
802303
808606
816813
818278
823584
831357
830001
833493
840150
836617
843351
845268
845552
844413
840419
887328
886618
887963
886461
884792
880607
871247
858176
859873
848766
833282
832351
839441
833395
836472
839679
836864
836953
836467
834525
833911
832527
831286
831279
830341
830485
830793
831582
831717
831877
825195
824114
823326
823871
824274
824703
824466
826045
824297
825148
831758
827360
834608
838878
842388
850712
858432
857754
874556
870277
881072
881090
890179
888529
890813
895533
895612
896577
899315
900342
905204
905381
903978
903253
902015
899404
897569
893207
890937
880783
882672
871305
870866
865714
865281
863037
866680
866148
864714
865592
866989
866378
865750
863702
864094
862051
861904
861396
861373
861398
833582
833710
833620
834042
834162
835008
835719
835414
837551
837136
839404
839109
839860
841693
843015
842835
844865
844031
845211
845565
848219
848001
852837
851118
855328
855692
857412
858106
858408
858213
856765
856001
853876
851728
850346
850401
851907
852786
855438
856991
858637
859728
860247
860668
859410
859637
859858
859438
860392
860484
860450
860619
861298
861792
861235
860916
860576
859445
857316
854709
853988
850741
852598
853816
857998
857198
862387
863767
869421
871538
875328
876373
878354
878762
876431
874017
871788
871389
870282
870066
869456
868220
869223
868261
866016
865845
863911
860479
855365
851435
847468
835360
838296
830353
829437
833436
835565
837353
841235
841378
844596
846579
846801
847461
853381
851805
851699
851778
851607
849770
847370
842294
837891
829761
827579
822041
817746
812947
814374
821803
827903
828838
834067
840632
846666
850609
853016
854269
854277
854568
854437
854986
855357
855199
835268
836623
836146
834953
835649
835139
836820
837960
840131
840945
843551
844465
844936
845698
844037
840071
837552
834994
827079
824944
820526
818787
820239
823171
826562
828524
832345
834586
835182
835752
859363
857762
857275
855948
856411
856325
855654
854478
854834
857343
856811
853634
851499
848975
841215
836137
829450
828066
822317
824903
822395
831227
829879
841926
842405
852225
853061
855839
857173
857396
863841
862564
863529
863227
862506
860447
858065
853633
848835
840998
837782
829693
825464
820922
822868
827623
829770
832499
841159
847813
849946
851527
852611
851640
851043
850371
850077
847490
847510
846694
859981
859195
858586
856952
852278
851562
844839
835775
828699
831345
817397
822684
820561
821821
825224
831224
838989
843902
847065
847756
847717
846117
845462
841318
840716
841187
838453
836756
837324
837216
827625
827539
827523
827457
825390
824395
820176
813334
808903
801246
796265
792697
790766
788481
793851
800019
807887
807506
817762
828864
828609
832958
840417
836405
840445
842238
841025
842735
846399
847402
886456
886803
885612
883409
880298
870368
861798
855013
846414
824062
825512
833814
824235
825201
832129
831084
836142
837432
836997
835706
835089
832667
833079
831412
831393
831006
831566
831454
832524
832170
824008
825720
826077
825457
825885
824660
824357
822931
825185
824078
823675
830231
827130
835657
845528
841449
862216
855992
871642
869769
882461
879072
887325
889628
889532
893068
896074
895983
898417
900449
906060
905382
905132
902951
902253
899061
897218
891045
889786
880167
876596
869220
862572
860517
855611
858233
857549
862752
865185
863911
864472
865992
864869
864551
863474
862205
862461
861287
861751
861662
834666
834757
835042
834959
835331
835670
835414
837343
837037
839163
838812
840041
841235
840608
847080
847303
846586
847186
849264
847561
850769
849638
851842
852940
855958
855775
856890
857671
857956
857312
855980
853687
851584
851427
851442
850756
850570
851334
853631
855430
857750
858899
859799
860384
860295
859816
859332
860145
859601
859778
861086
861210
861136
861586
861808
860923
859134
858700
854687
853523
850214
851357
846671
848258
848835
855293
856023
864108
864186
869853
871876
875452
876426
878209
871917
872135
872140
869469
866935
865811
867171
868738
868389
866619
865634
864359
861152
858294
851992
849247
835359
836331
825046
823835
828450
826550
826694
831434
839795
840035
842620
845224
846296
847043
850858
851995
851940
851501
849526
847706
844727
837608
833955
825083
822187
811162
807052
806846
805607
806195
815592
824263
829825
835865
842996
847800
851645
853349
854264
854623
854545
854783
855034
855108
838345
836121
835560
835357
835106
836703
836528
838692
839305
841937
842323
844020
844732
843547
840896
839335
834211
829933
822978
824465
818871
821060
820660
820900
826986
826012
830146
834142
834525
835970
856344
855493
854130
853562
852701
853283
854670
855079
853614
853194
853401
851936
850548
843972
838378
835273
826036
822781
819374
819005
819954
827187
826321
840333
839616
851302
852140
856042
856700
857339
859130
859939
859721
859672
859552
857950
854648
850166
843520
836484
832644
822065
820080
823608
821547
823654
830376
832375
835493
842343
849210
850443
852432
854073
853060
850430
851330
850785
849354
850167
860670
860487
859212
856701
851877
852182
837109
837602
828723
821082
816112
812214
817026
818708
824928
827305
835285
838276
845829
846838
845496
844166
844861
845499
841749
841334
841651
839573
837530
838338
830095
828976
828440
827337
826659
822665
817446
811743
804862
797924
787831
784743
786320
784898
788314
791501
798229
809274
823285
822146
831073
841108
839233
845425
850748
849747
852640
852338
854126
855244
886503
885349
883854
879906
874091
862986
859762
839457
829845
820918
825506
811736
814437
822687
824415
829029
833271
836060
837718
837251
835542
834463
832828
832360
831984
831471
831416
832163
832546
832443
828399
826969
826568
826176
825352
825533
823787
822725
820856
823748
820167
827732
825899
828962
846705
837945
857689
858269
869372
869232
880436
880880
884311
890551
890254
891062
896982
896449
899621
900699
906432
905551
905121
903490
901888
899296
897269
890367
885558
878899
870134
866931
858927
857012
858342
852809
852745
853986
859271
864370
864775
864229
865151
864117
863444
862875
861972
861825
861812
861582
834299
834625
834709
835069
835604
835387
837421
836847
839314
838895
841117
842712
842389
843980
845533
845652
846233
848023
847253
849438
849794
851931
854945
855563
856292
857628
858798
858771
857308
856927
853594
853897
849860
849709
847189
846409
848123
849947
852002
853860
857148
858121
859626
860118
860781
860282
861630
861481
861841
862999
862965
863263
863292
862709
862432
861482
858666
857561
852663
850494
845136
844177
847267
846288
850057
848045
854445
857968
865229
865010
870889
872256
874098
874075
873144
871486
867997
865466
865918
866344
865317
865145
865107
865292
865113
861996
859310
857002
848859
842728
832144
829639
817724
816908
813575
819252
825087
826471
835536
839177
840966
843881
845344
846723
851643
850405
850210
849849
848731
845321
842524
832862
832751
816717
815837
807199
809638
808166
809999
809145
807051
819808
823877
833113
839884
846387
850214
853505
854328
854617
854765
854805
854988
855335
838113
838104
837677
837357
836742
835898
837982
838757
840330
841801
842975
843400
843708
842239
840966
836374
833045
828848
820869
818324
814320
812944
814017
816446
824124
826605
828572
833402
834504
836994
853243
850571
850387
849407
849228
848438
849052
851625
853466
850909
850327
851202
846003
840794
840432
831064
822473
824320
819232
819558
817402
826837
823744
838868
839131
848803
852992
855702
856550
856522
861108
858863
860586
860451
857802
855342
852587
844984
840650
835048
823762
819307
820772
812378
812911
813197
822983
833032
831344
842049
847016
850931
853450
853046
854249
852638
850752
850706
851443
850357
861331
860834
859754
857034
852730
849306
835828
838585
821199
818894
811595
813998
811469
810214
819092
825259
831709
841576
844016
847422
851683
851036
846726
846343
846830
842483
841279
841516
839733
839172
829523
830508
829088
827838
825436
824131
814366
809460
803803
791623
784830
781179
780123
781906
790153
784613
798654
812922
813562
824691
839428
838191
844578
849993
847382
850475
854212
857333
857499
860895
882368
883287
880749
874762
870618
858701
852876
825639
832685
812649
803380
795729
802792
808192
816850
825943
832333
835091
837291
837576
835993
834591
833288
832969
831983
831536
831411
832180
832770
832682
828113
828704
828222
828224
826844
824542
824477
821366
820816
819902
820397
822243
827885
824013
842896
840242
851002
861117
866392
872017
877190
883548
883575
890981
890657
892914
896369
898117
899233
902041
907097
905913
905429
903276
901823
898608
895487
889877
879016
881946
862695
868731
850461
856979
847788
852815
855302
856119
855897
858473
863368
864908
864169
864207
863189
862134
862577
861686
861529
861684
835533
835640
835882
836056
835768
837172
836975
838926
838912
840786
842394
842409
843971
844918
850616
849930
851835
850854
853083
852811
854417
853694
854801
855189
856464
857443
857586
858303
857219
856548
853177
852457
848301
848490
846707
847766
846816
849419
851262
853012
857052
857723
859526
859963
861662
862371
862144
861946
863240
862833
863165
864119
863978
863501
862951
862015
858446
856267
850235
849766
843585
844893
840137
843270
845442
848268
851314
857089
861554
864781
868695
871641
873620
874753
871669
868760
868138
867645
866052
865852
866009
865486
865243
865643
863192
861608
859382
853080
845586
841025
824927
828372
813079
815525
811718
816973
823181
823009
832738
838420
839709
843132
844993
845845
850477
851183
850728
849577
847686
843770
840075
831536
828357
814639
817223
803982
801233
795320
798036
807829
806881
819290
820895
830754
839038
845899
850806
853860
855066
855810
855341
855313
855678
855994
840094
839561
839043
838029
837918
838692
838418
840007
841015
842407
843260
843633
843261
842832
839327
836402
829782
828988
816941
820487
811954
815250
816352
814335
823089
826677
828029
832598
835277
836287
849539
851924
850428
849030
848500
849579
849041
847602
848830
851431
850126
847704
843842
842271
837771
828871
826441
823575
817556
819499
816554
826219
824359
839445
839319
848174
852480
854999
855381
855783
857988
858614
857397
855739
854856
854610
847590
843304
840160
828574
822302
820108
815807
813474
816772
812967
822989
828076
834757
839470
848089
851826
855356
855333
854116
855030
853880
852068
850998
852229
864214
863112
861102
858172
852284
847889
840049
833623
820510
821032
812058
811421
812726
809915
820518
821857
836698
837603
845446
850191
849823
851572
851726
847111
846462
847297
842972
842497
842667
842114
831552
830215
830342
828450
824783
822775
814944
808950
797572
794335
779498
782714
778052
775457
783131
787171
803466
801476
818344
833304
833401
843739
852160
851109
856972
858644
861223
861722
863794
862244
877785
880050
876920
871898
866856
853164
851071
822826
828269
797178
803711
800789
801199
809293
813602
821203
829874
834677
836853
837252
835342
834810
832658
832528
831006
831427
830923
829829
830116
827597
830957
830581
829897
828832
828035
826641
823075
822738
818185
819327
818676
822636
821766
827070
835180
844425
847233
860327
864195
876660
875115
883232
886793
888943
893379
894884
897479
900014
901938
903284
906821
906318
905759
904326
902837
898900
895155
890453
877829
880996
861726
865361
849146
852299
845488
846019
847974
851007
856530
859424
860308
863193
864344
863524
862387
862537
861082
860656
860818
860474
835415
835530
835829
835873
837224
836614
838793
838382
840560
842315
843100
845157
847547
847962
849478
851046
850450
850750
849783
851399
851412
853645
853539
857118
858242
859677
860237
861103
861288
860182
858649
856606
853425
852590
848451
848379
845250
846254
846378
849052
851231
852697
855800
857829
859510
860720
859751
854407
862284
861446
862555
864545
864205
864845
865669
865178
864939
864527
863401
862300
858664
856197
848739
849800
841303
843916
840824
839930
846212
843613
854061
852654
860178
862215
867023
868175
869115
868565
868435
861186
868811
867916
867977
865946
865126
864655
865146
866101
865838
864601
863393
862439
858138
852674
848002
836356
825629
827301
810054
813970
810666
818127
820916
821952
832102
836694
839174
842474
844342
846768
842461
841182
848102
848306
847895
847048
845162
842219
838266
831625
827669
813172
814350
801307
802883
799864
796621
806561
805196
818288
820359
831371
837783
845161
851755
854224
856182
855389
854721
853845
853322
852804
849787
845343
846272
842441
841302
840187
839379
839038
840647
841056
842101
843228
843729
844157
843489
842786
838736
838194
828241
829635
817884
820302
814171
813056
816039
815232
822912
826694
828753
834645
834857
839914
837868
841308
848262
845200
845844
847186
847245
847411
848482
849137
847719
848403
848676
846181
845298
844415
836311
829463
829522
825973
824090
820543
819557
828832
828335
838797
841726
848452
852026
854899
855514
855240
852817
848432
853278
852919
853901
854570
854535
848950
847979
843429
837315
826571
825101
817213
815604
812831
814099
813258
822269
830563
834872
841945
848852
853911
856501
858467
857362
855737
856380
855067
855462
855094
856535
857339
859228
859502
858956
857425
851908
849519
843601
833393
822599
825650
814599
816376
817049
816694
818802
829605
834763
842285
849392
855677
855642
854595
856107
854024
847451
846999
846585
842127
840636
839172
834579
835205
833449
832192
829093
829929
824640
822542
814196
813543
794588
795594
782442
780593
779185
774658
786911
791222
791186
811266
824105
825443
839553
850485
849997
856565
858506
861859
862518
866915
869420
870654
875865
879111
878474
878775
877589
870773
864781
854340
849269
818644
828017
796002
806633
793637
798900
805498
817587
818263
828861
833600
836634
835940
835377
833809
832704
831660
831961
831164
830681
831714
831280
832299
833214
833124
830669
831032
830566
828993
827975
826658
823675
821991
819189
818259
819277
821270
821055
831209
829531
849619
844652
862988
864142
877234
874759
887172
886576
890706
895182
897058
899563
901390
903501
907066
903816
906207
906262
904462
903742
902563
900183
899289
893704
891526
877262
880917
859417
866317
847834
852956
844795
846458
849635
852817
852670
857902
861675
861804
862807
862812
862902
861349
861083
861448
860607
860664
856337
859194
836259
836438
836355
837210
836748
838329
838102
839732
842257
841920
845092
846989
847323
850363
850720
851120
853265
853448
855513
856490
857921
857210
859089
858221
858577
859234
860222
860303
860612
860569
859679
857386
854309
852825
850566
850470
848902
846587
847453
849493
852435
852266
856550
858153
860164
860838
860332
858201
862736
862775
864834
864191
865093
866026
866257
866353
866215
865985
864642
862458
859014
857136
849151
850406
841185
844592
841954
842844
842555
845896
852782
853711
858625
863137
866556
868721
869469
870627
866889
861991
870606
867834
867190
867019
865558
865509
865441
865341
865661
864883
864347
861757
858675
854335
847016
836023
831270
823125
817990
818028
815180
819863
819200
822667
833308
837209
840002
843686
845819
847687
844454
843729
846113
846165
845889
845153
843812
841215
838050
831513
828711
814054
813000
802154
804948
804519
800539
808178
808803
817339
822802
834090
839561
848595
852780
856151
857330
857646
856265
854783
854606
853039
850866
844805
847070
843946
843055
842386
841480
841525
840735
842178
843104
843752
844397
844617
843880
843009
839354
838519
829776
831237
820140
821730
816305
819425
818858
820143
825357
826736
832172
833535
836542
839130
838816
843446
846446
846003
845393
843351
843151
843260
844278
846871
848278
846867
847029
846922
845513
842992
839870
835037
828190
822184
821456
826198
829765
830479
829626
841852
842862
850319
852419
854409
854916
854025
852575
850203
853547
850837
850096
850684
849278
849449
848170
842388
836184
831989
829017
819659
815454
814117
821798
822058
827426
833351
837998
845623
852391
858064
859663
859922
860434
858520
855876
857148
855504
856549
856422
857559
859421
859538
859273
857829
854004
850864
845147
837527
828961
824659
815421
811463
812911
815582
824486
831382
839837
847097
854721
855442
860229
858418
855404
856263
853134
847995
845713
846559
840658
841791
836196
836741
832207
833469
829484
829836
825825
824202
813728
815623
797529
796429
782297
787390
778504
784450
787024
786182
799108
820425
814800
834588
844036
847727
855550
860004
862732
862932
867420
869279
870174
871949
874986
878400
878187
877673
875336
872103
864431
857288
848194
822166
828207
801253
803490
801759
801387
806938
818233
822056
829291
834346
836009
835378
833668
832857
830909
831048
828753
827887
828067
828150
830263
830922
833655
833138
832973
831999
831211
830471
828186
827462
824372
824538
820258
821962
818142
826142
819353
834991
831512
847933
846206
864203
863942
877495
876666
888904
886103
894133
895746
899727
900843
904477
905610
907287
904585
906754
906523
904778
904311
902913
900839
898868
895201
890714
879440
879937
861416
866495
848359
854839
844946
848196
847752
852228
855864
855725
859229
862611
861841
862639
861191
860738
860688
858829
858384
858669
858972
857809
836459
836611
837224
836850
838047
837975
839196
841366
841749
843759
846987
846543
850331
849884
851766
853029
855417
855816
856222
857131
856964
859397
859324
860857
862307
863712
863501
863987
863834
862612
860929
859316
856387
853629
851178
849028
848335
850653
851236
849789
853023
853424
857133
857920
859830
860162
860655
858679
863489
864813
864711
865822
866923
867079
867242
867550
867219
866577
865911
863697
859942
858299
851066
851482
843480
843925
841366
840956
842797
848326
853944
852495
860332
863380
865721
868437
868776
868359
866895
861629
869557
868309
868146
867059
867018
865893
866036
865792
865644
865653
864265
862659
859397
854681
848590
840557
832971
824818
818415
816231
819290
819245
822348
827383
834896
838922
842674
844597
846837
847529
843656
843757
844916
843690
843118
842955
841940
840918
837827
832772
829123
820284
819527
808033
801853
802214
807513
813427
810559
823387
827970
837009
843849
850942
855012
858274
858140
857722
857690
854892
855438
852777
851721
845991
847493
845044
845488
843251
842931
841976
842707
843089
843586
844288
844791
844870
844066
843593
839852
839258
831858
831782
824229
822840
819182
817864
821194
821368
827207
829823
833890
835987
837799
839877
837074
843394
845414
845769
844053
844754
844561
844984
844270
844463
846244
847896
847232
847339
846431
843913
840907
838515
837760
835081
830405
827724
827627
831599
838712
844769
845613
851357
853648
854048
853798
852753
851063
851280
851965
850910
851316
849626
849411
849189
847223
844248
839613
833471
829720
826082
827965
827183
820537
820847
830761
836497
842838
850697
858071
860981
862041
861399
860681
860255
858875
856738
857962
856621
857618
857533
859525
860007
859232
860561
858519
854422
848645
843655
838244
833681
831171
830281
828579
828589
834252
839843
846496
852693
858102
861854
863151
863824
859372
855369
854002
853083
845340
847086
843263
841535
835532
837767
832756
832591
830893
830074
828185
825621
817694
815085
804977
800224
789193
784564
788186
783824
785615
799346
808958
813536
822253
844206
840587
854183
856692
862721
861907
867240
869513
869651
872441
873654
874579
877085
876234
875797
876129
871687
868753
856053
855262
827654
833048
813782
811846
806933
813282
814234
822412
829154
832874
833851
836070
836038
833330
832989
831810
829059
827952
828186
827501
828446
828614
830901
832815
832844
833340
832658
831386
830799
828702
827956
825276
824772
824756
821305
825006
824965
823852
838772
832266
851947
847637
867184
862918
879085
877825
888719
886794
897146
895618
901431
901708
905856
905947
907215
904400
906304
905854
904995
903179
903339
899291
899981
892825
893681
879173
882482
863316
867526
854212
853561
851859
849996
853397
853914
856210
858175
858622
860018
861840
860184
859858
860195
858968
859336
859265
858817
856923
857831
836950
837225
836985
837682
838604
837930
841165
841192
842779
845937
845990
849602
849584
852518
852941
854758
857070
858028
859531
859713
861912
861929
862276
862521
863375
863215
864159
864320
864112
863383
862304
860331
858546
856234
855001
853458
851571
849700
850102
851926
854308
854484
857601
857778
859524
859656
860024
859997
864936
864292
865987
866928
867567
867828
868380
868507
868178
867647
866554
865093
862233
859232
853916
853277
847427
845773
846397
846207
846751
851816
851124
856026
859904
863842
865584
867245
868370
867885
864742
863085
870003
869748
868968
868154
866963
867173
865474
866438
865961
865612
864917
863264
859955
855711
850594
843828
836506
832526
827318
820767
820765
824614
826236
832198
838748
841548
843992
846450
848358
847853
844222
845103
843511
842242
841674
841643
841556
839898
839144
835125
831211
821796
820787
818616
817923
811369
807709
816699
816420
830229
832898
842314
848806
854432
857431
858916
859694
858100
857617
855546
855388
852713
852912
847282
848913
846549
846087
844780
843846
843883
843082
843796
844146
844559
844856
844788
844066
843860
840941
840423
835020
834172
828998
828691
824749
824978
824727
829059
830744
834300
836403
839033
840624
840779
839179
841232
845812
844745
844730
843649
843438
843489
844138
845419
845675
847163
847668
848028
848175
846972
844682
841431
837885
836377
836674
837065
837299
842879
844463
846307
850799
854061
854410
854946
853268
851354
851852
849482
851976
848545
848232
849525
849963
849519
848268
846632
845328
841197
835866
830499
825825
823484
828809
837229
840639
842447
849323
857536
861809
864259
865634
865231
863019
861347
860484
859896
857732
858617
857355
859128
859954
859260
861081
860071
859329
857773
854089
848263
842611
838257
834358
831838
833737
837723
842592
845465
851230
856900
862039
865473
863965
863323
862846
858465
852633
854423
847446
846786
842339
844146
834711
837499
834200
833100
831276
831701
829233
828045
823014
818638
809910
806429
796617
798381
787834
789382
792866
811588
804512
826253
829753
843570
844999
858238
857496
863599
863942
869404
869042
871305
873238
874171
873813
876388
876046
876373
875784
874078
870605
861603
857643
841033
834223
825237
818670
817571
814180
819467
826477
829762
834108
838130
836454
836630
836082
832592
831226
830114
827744
826157
826234
826562
828561
829161
832537
831688
833048
831812
831445
829893
829258
828216
826655
826853
824437
827286
824207
831583
827383
840545
836211
854796
849721
868672
863814
880924
877193
889744
888255
897324
896350
902756
903463
905741
907327
907737
905560
906462
905946
904717
902599
902316
898854
898691
892844
893709
880882
883346
866932
870372
855882
861210
851838
856147
853212
855607
856325
858621
860024
859450
859495
860712
860303
858308
858263
857467
856540
856914
857349
856420
837177
837127
837882
837699
838807
839514
840679
842590
843656
846793
847294
850243
851340
853562
853677
856293
858463
859623
859725
861974
862059
862880
863922
864733
864815
865642
865732
865983
865705
864955
863246
862678
860681
858778
855894
854628
853120
853320
854878
854642
855654
856401
858001
857835
859754
858709
861189
861380
865058
864457
867000
867037
867651
868571
868936
868950
869084
868875
867553
865862
864494
861193
857062
854819
850985
850020
846251
847921
850855
851094
853466
857835
861562
862118
865524
866187
865850
866269
865105
865311
871171
870480
870363
868859
868443
867217
865881
865977
865833
865778
864951
863546
860464
856765
852331
846210
841816
833462
832874
832242
829726
829563
832215
838516
841050
843260
847334
849139
848333
848003
845889
843917
842785
840702
839852
840355
840484
840484
839620
837793
835544
830571
824507
817760
817152
818256
820422
823878
824696
837367
838857
847865
853921
857658
860267
860013
859685
858933
857806
855141
856295
852720
853464
848331
850634
846549
847803
845053
845655
843978
844378
843944
844441
844798
844771
844766
843830
843639
841472
841605
837365
836733
832550
830993
829396
828405
830339
830392
834469
836318
839762
841911
842792
842814
839081
841955
843861
844669
844288
844027
842937
843400
842911
845526
845460
847246
848229
848886
849134
849008
848033
846450
844100
841691
840570
840539
843824
844704
846361
851108
854166
855017
855802
855136
854211
851063
850754
849978
850493
849208
849629
849197
849649
850103
850189
849209
847188
844813
842311
839537
837799
839361
837186
839096
843183
849838
857874
862828
866452
869168
869221
867926
866080
863421
861888
861067
860583
858831
859405
859890
859405
861693
863054
863668
863417
862313
859738
855526
851093
847352
844531
842667
842995
845254
847738
852421
859204
864764
866553
867752
867648
863856
861136
861326
854698
851662
848787
849393
841273
844006
835908
837848
833665
835309
831712
832094
831331
829839
827196
822854
816951
810993
805617
797948
802229
799892
808370
807878
817075
832850
834548
846115
852365
859296
859020
864240
866563
869159
869765
872921
873306
874363
873813
875582
875809
876112
876558
874836
873246
867457
861666
850445
845506
832234
835328
825889
829830
832085
835302
836678
839304
841479
840486
836705
836659
835852
831241
829374
829888
826297
826226
827947
827424
830290
830879
831459
831699
831253
830039
829805
828536
828558
827926
826636
828544
826802
831005
831631
833449
842768
839899
857489
851416
870563
864037
881710
876505
891190
887729
898349
897086
903329
904172
906517
907458
908295
906357
906607
905176
904524
901279
901573
897489
898224
892326
893700
882279
884606
870699
872898
862278
861674
860289
855513
858017
857594
859186
858852
859146
859094
858069
858047
857116
857189
856787
856676
857107
855606
855859
856752
837551
837592
837597
839183
837881
841735
839859
844371
843658
847973
847621
851900
851318
855072
854673
857031
859788
860204
862274
863247
863614
865079
865514
865531
865968
865932
866172
866239
866184
865790
865106
864125
862641
860556
858733
856641
855965
855940
854842
855767
857155
858052
858679
858369
859353
859084
861142
861535
865336
864645
866402
867466
867885
868623
869144
869558
869795
869420
868644
866965
865400
863406
860671
856380
854503
852074
851524
850234
852103
852653
856247
859440
860160
863485
863332
865841
866476
865863
867133
867923
872388
871680
871195
870152
868080
868143
865397
866366
865172
865680
864801
863177
860704
857026
853480
848507
844957
838518
835867
831596
834237
833343
839170
840408
842780
847181
849831
850021
849651
848653
847034
845722
842862
840367
839485
840301
840954
841610
841350
840038
838170
835413
833022
828996
823799
823268
826501
825706
836202
839119
846452
853060
857859
860885
862086
862310
860061
858544
858429
855494
855676
852979
853147
849505
850723
848161
847327
846713
845510
845345
844223
844815
844529
844849
844699
844695
843511
843689
842340
842206
839911
838860
836574
834163
832856
833072
832785
835524
836490
840221
842527
844066
844751
845412
841574
842237
844543
844682
844395
843722
843635
843749
842770
845122
845475
847470
848635
849361
850113
850271
850034
849255
848416
847312
846428
847162
848056
847146
851774
854883
855855
857037
857085
855496
854103
851689
850904
848533
850789
847793
848739
849209
849923
850975
851515
851682
850996
849358
846880
844391
843201
840358
844622
846083
850677
858380
862946
867719
871671
873276
872700
870784
868435
866219
863555
862493
861131
860957
860131
859769
861876
862671
864034
865091
865513
864792
863476
861289
857720
853697
851330
849674
851698
851967
855237
860604
865024
867858
869522
868960
867971
866036
861514
858610
856849
853248
847993
849450
841926
843869
835575
839048
833734
835063
834297
833550
833162
831624
829894
826397
822317
817163
811748
809944
804640
811087
805205
821983
822371
838476
836918
855091
853089
860220
861448
866330
867358
868944
872153
872740
873235
874323
873408
875164
875625
876240
877223
876176
874367
870985
866916
854374
856864
841930
834803
838298
835840
836846
838530
842507
843082
841528
841825
840899
837202
836183
835354
829741
829432
828826
827277
827106
828900
828894
831601
830230
830891
829825
829650
828722
828612
828779
827739
829716
827996
831960
829768
838435
832996
847439
841947
858880
853947
870320
864633
881323
877012
890795
889415
897476
898923
903765
904891
906998
907937
908361
906553
906203
904691
904152
900771
900718
897261
897270
892551
893263
884093
886637
872626
877167
864496
866169
859665
862175
859195
860303
859618
859965
859101
859236
858610
858071
857585
857549
856972
856431
855387
856216
855320
854571
837103
838180
837356
839330
838432
841697
839850
845576
843581
848620
848048
851928
853029
854995
857427
856697
860385
860895
863335
863421
865354
865646
866212
866577
866818
866763
866715
866750
866821
866516
866283
865313
864074
861969
860198
858771
856907
856144
857274
857910
858683
858703
859002
858676
859081
857981
860894
861891
865212
864538
866360
867775
868171
868530
869551
870155
870293
870061
869122
868272
866586
864323
863584
859078
856506
853757
851542
853162
853662
854340
858083
859966
860715
863008
863743
864816
865687
866709
868356
870177
873702
872167
871499
870296
868281
867379
865759
865868
865283
864701
864334
863226
860132
857546
854919
849269
849463
839690
840424
838418
836444
839272
841094
841366
845909
849519
849849
850379
850537
849637
847423
846671
843866
841036
840583
840654
841502
842428
842976
842764
841566
839309
836088
833071
832503
829421
828084
831191
842546
840310
852123
855903
860583
862740
863507
862512
861495
858614
857422
856008
855901
854089
854362
850395
851620
848048
849110
846153
846988
844676
845062
844398
844449
844325
844580
844004
843490
843484
842787
842964
841929
840814
839243
837712
834782
835129
835754
836953
838567
842347
844084
845898
846415
846916
844280
842742
843610
844000
844242
843841
843555
843252
842710
844658
845138
847659
848923
850277
850966
851503
851780
851581
850840
849993
850102
849508
850515
852976
855052
855873
857749
858363
857504
855915
854260
851826
851322
848267
849769
848679
848221
849023
850171
851392
852699
853660
854076
853060
851400
849475
847680
848434
847145
851919
856909
861952
867050
872402
875007
875856
875120
873117
870248
867682
865432
863447
861575
861707
860510
860801
862796
863356
864943
866388
867365
867920
867308
865770
863679
860579
857420
855968
856077
857260
861544
865649
868232
870782
871866
870929
867720
865705
863233
857159
854441
855612
848778
848737
843435
843018
837419
837735
835356
835807
833723
834797
833486
833534
831590
830286
825268
822435
816883
812020
812954
811420
814299
826916
825432
840937
844354
855323
855483
863233
862593
867884
867502
870445
872502
872705
872943
874244
873835
874919
875616
876717
877052
877039
875612
871566
872620
863101
855087
852494
843494
844415
840317
842355
844795
845400
845722
844960
842288
841802
840711
836174
835392
833363
829170
828105
828793
828909
829432
830143
831019
831068
830484
829676
828682
828574
828180
828448
828471
830034
828661
833369
830995
839161
835147
848659
843696
860099
854446
871369
865368
880929
878129
887860
893136
895498
900166
902864
905883
906643
907683
908526
906712
906407
904496
904509
899755
900997
896379
897564
892078
893765
885025
887110
875467
877770
867177
868995
861996
863448
862250
861373
861241
860164
858818
857878
856520
856674
856417
855346
855095
854855
855163
854138
854178
855069
837153
838039
837239
839705
838403
842000
840479
843962
846961
845871
851447
850759
855167
855057
857975
856714
861628
861024
863776
864605
865643
866433
867034
867074
867071
866713
866754
866527
866475
866350
866386
865760
865155
862656
862324
858902
858681
858285
858230
859129
859398
859799
859599
859029
859377
857626
861875
861696
864957
865571
867411
867647
868762
869173
869315
869927
870132
869630
868813
867590
866290
864963
864497
860690
858849
854320
855377
853155
854701
856883
858460
860356
861801
862241
862900
864523
865067
866633
869353
871894
874740
872885
871903
870466
868563
868637
865503
866562
864666
865162
863465
862180
858102
857817
851296
852438
846944
842261
843788
837830
840490
840374
840179
845168
847907
849077
850733
851677
851301
850824
849391
847474
846194
842486
840021
841310
841261
841805
841783
841423
840961
840034
838505
836755
833254
831789
834774
838760
840752
844320
855018
858616
862303
864821
865191
863584
861814
859529
859337
855545
856585
853266
854273
849834
851745
847843
849269
845828
847171
844422
845550
844155
844618
844616
844867
844586
843488
843147
842727
842043
841897
840218
840663
838334
838755
836886
835871
839734
840484
843955
845664
847449
847640
848140
844706
842875
843694
844259
844499
844785
844046
843790
843262
845262
845223
848110
849060
850102
850642
850707
850889
851073
851341
851882
851593
851251
854157
854555
855692
857992
859092
859067
858210
856174
854203
852388
851418
848082
850019
847978
848757
848265
850272
850757
852054
852888
853569
854244
854100
853096
852099
849241
854590
853296
860042
864998
871377
875067
877704
878327
877062
874893
872156
869205
866394
865358
863209
861850
861404
863470
862304
863558
866545
866303
867457
867513
867503
866665
865182
864303
862183
859860
859490
862409
864998
868033
871317
873309
873235
871777
869167
865406
861579
859595
853705
855421
848714
850529
842649
845256
836745
840015
834858
836512
833925
834550
832952
832712
830416
830316
825747
826523
817974
819842
812728
819868
813659
832302
825733
847492
844439
858195
857179
864438
863991
868977
868022
872283
872118
873044
873473
874733
873966
875419
875858
876316
876403
876043
874361
871366
869671
868234
856087
855892
854880
841721
848384
846701
847022
847353
847419
846636
845288
841855
840916
840433
834760
832625
833436
829609
829175
829964
830898
831281
831318
830617
829920
828755
828794
827639
827960
828967
828534
830813
829066
834553
831014
840691
835630
850192
844582
861118
855223
871021
865631
878356
884044
884231
895323
894870
900959
902568
906153
906295
907140
908238
906524
906291
904542
903472
900056
900257
896958
897616
892205
894202
885481
888614
875895
880345
866862
872031
862135
865861
861436
862691
859812
860458
858110
858557
856412
857015
855542
855885
854987
855385
854840
855162
854082
853918
831875
832437
832776
833203
833421
833691
834107
834590
835174
836066
836003
836900
836763
836649
841635
841798
841400
843574
842766
844482
846654
844852
848578
852730
852540
855287
858159
859611
860994
861622
861844
861314
860683
859673
859293
858688
859427
860008
860210
860634
860484
860879
859984
861542
859275
859109
859326
859174
859368
858916
860061
860117
860021
861229
861600
862551
863036
863552
863419
863354
862504
863121
862789
863416
866934
869205
869531
875577
876679
878651
880843
881326
881872
882225
880321
879862
880152
877907
877507
875290
875453
873614
873905
873145
872014
871316
868572
865482
863157
860615
854496
855042
847493
849512
844090
846716
845675
845805
846413
846755
846062
845678
845803
845467
855316
855020
855029
856363
855720
855903
855337
853768
851264
847714
844622
842163
837385
837679
836287
842399
844944
848883
853031
854967
856079
856643
856433
856273
855238
855567
855370
855468
855264
854878
836117
836431
836872
837138
837615
838947
836782
841560
842350
843651
846339
848405
849596
850586
850516
849326
848465
844021
839802
838993
836269
832417
834686
834507
834761
834560
833649
832948
832855
831681
866440
865287
864127
863256
861508
861576
861664
862104
862522
863305
863666
862862
861182
857275
853391
845635
847058
833920
838697
832831
840160
839815
845980
850003
853717
854174
855185
855680
855988
856055
868418
867936
866893
868436
868059
868371
868232
867058
864756
860600
854751
851814
846710
845535
845051
848397
853721
856508
857397
857576
856211
854477
852781
851018
848838
849446
846647
847437
845003
845536
856381
856128
856176
856276
856511
855115
854365
849849
849153
840202
842967
838605
842740
844379
849503
852868
854064
854040
852637
850947
849295
844745
841368
839787
839570
834634
835738
834362
831580
832263
826525
824518
825698
825508
826061
826503
825946
825671
820284
820982
811435
814009
807218
807679
811651
817214
818204
819876
822761
823014
822276
826253
826114
827038
832520
832362
832674
836918
835472
833903
889320
887370
891725
892169
894128
893527
891113
885158
874736
867861
869665
857421
852100
854532
848940
838635
842805
835365
834170
834243
833191
830598
831920
829495
830306
829387
830678
830890
831636
832150
822174
821503
822087
823440
822772
825876
825534
828525
827090
832134
829998
833058
842948
837466
849539
856879
856111
861779
877869
870943
883642
886149
891035
890996
897971
896767
898863
900364
900247
900553
904168
904751
904162
902820
900644
899319
897493
893522
893594
886303
887760
878349
880329
871938
874367
869935
871475
870893
871319
870680
869869
868078
866399
865480
862413
862914
862071
860754
861553
861479
831847
832366
832509
833254
833380
834133
834071
834851
835732
835486
837076
836948
837371
838119
841474
842299
841815
843544
842974
845186
844735
847776
847489
852412
851953
855782
857332
859584
860657
861222
860946
860498
859503
858658
857586
857900
857922
858740
859429
860516
860520
861106
861067
861162
859966
859508
859458
859057
859002
858808
859223
859540
860232
860776
861460
861923
862628
862590
862470
861598
861715
860331
861808
863983
862519
868379
868461
873141
876161
878207
880773
881201
881955
881820
882032
879745
879217
877413
875348
872447
872866
872972
872319
872080
872084
869627
867290
866656
861844
858660
854587
854453
845837
845410
845507
842100
843062
845091
846276
846506
846916
846723
846289
846757
855364
854421
854725
854834
854847
854643
853908
852096
848932
845629
841886
837761
836552
836526
836439
836772
840695
845703
850600
854202
856623
857387
857033
856352
855544
855194
855017
855131
855064
854658
836951
836837
836849
836812
836570
837066
837927
839041
840601
844221
845103
847195
848850
849373
849265
848873
844847
842741
839981
835282
831898
833731
832022
833355
833942
834452
834879
834499
833950
833931
866198
864385
863256
861663
860848
860122
859940
860929
861774
861894
861835
861385
859064
854863
852242
844816
841679
833715
834748
834204
835093
836820
844077
848058
852252
854363
855861
855941
855295
854515
867656
866638
866868
866779
866852
866982
866420
864888
861635
857248
852860
847466
842992
841639
843839
844306
847627
853219
856313
857231
857127
855303
852954
851543
848883
849196
846841
847055
845219
845084
857586
856514
856696
856215
855655
853731
853379
847122
844193
840513
836449
837147
835976
841452
844907
849298
852983
854558
853919
851450
849307
844790
842507
839917
838622
835708
835903
834297
832343
831486
825927
825954
825184
825547
825897
825858
825635
823201
819875
815954
813048
805860
809131
808915
807949
811323
814989
821456
823769
823720
826591
827648
825787
831403
830991
830333
835076
833904
834836
840502
888302
886794
889433
890411
891129
890607
886219
877006
873061
869098
854453
851136
854632
850533
845536
845746
838371
834477
835997
832602
832217
831249
830151
829615
830077
829737
830262
831012
831674
832500
819963
822126
822567
823911
824372
825274
826042
827366
826812
830492
829272
836179
834836
843227
848450
847588
863654
859771
870070
876885
881478
881987
891781
892741
892667
897150
898999
899414
900462
901721
904467
904143
904071
902639
901518
899575
898452
894134
894212
886039
885826
878666
875434
872403
869529
870647
869362
869610
869499
869825
868841
867489
866130
864437
862937
862458
860907
861364
861404
861908
833053
833276
833595
833414
834067
833830
834834
834922
835313
836905
836314
837061
837328
837051
843037
842748
843030
844322
843166
845962
845341
848195
848325
852260
852360
856500
857108
858973
860279
860553
860231
859390
858598
857572
857044
855881
856597
857621
858478
859573
860243
860894
860843
861337
859517
859144
859128
858786
858516
858904
858843
859533
860080
861106
861090
861829
861871
861769
861318
860741
858963
859829
859042
861515
861343
865766
866529
871458
873191
877729
878425
880809
880964
881980
880118
878604
877289
874872
873420
872880
872396
871345
871381
871807
870053
868397
867588
864833
860990
858375
853686
849268
845668
843120
839175
839817
841647
842619
844852
845773
846252
846551
847067
847204
854269
854271
853902
854273
853741
853483
852276
849877
846152
842726
837714
834513
832391
830668
831287
835214
837825
841167
845765
850389
853602
855397
856050
855911
855192
854897
854792
855071
855100
854839
836323
835931
835760
836079
836173
836894
836293
840097
839483
843113
844766
846527
847583
848689
848526
845440
843517
840855
836510
832568
832724
828187
827995
829646
832866
833394
834209
834626
834669
834634
863793
862740
861386
860432
858825
859208
859045
858590
859836
860879
860669
859200
856767
853699
849775
840518
838780
831996
832469
828270
834922
832893
842421
842796
850439
852722
855179
855759
856675
857160
865999
865883
865576
865713
865099
865216
864481
861923
858041
853766
848504
843004
840170
839732
838253
842790
843476
846292
851534
854011
854487
854136
852866
852352
849956
849304
847779
847883
846601
846444
856727
857054
855865
856662
854573
853280
850857
842253
844011
835005
833881
830955
833173
834695
839801
844514
848552
851075
851336
850746
847722
844689
844233
839177
839034
838597
835578
834692
835062
833786
827045
825648
826826
825649
825900
825868
823807
821342
816512
813601
806629
807003
801505
802350
806543
810200
813136
816437
820416
826135
827857
826931
833042
834033
833363
840530
839671
842131
841319
835616
887859
886895
888670
888652
889166
885703
877453
873528
868682
851861
846610
850653
846936
841255
844638
840645
837444
838165
835348
832561
833748
832156
830510
830961
830188
830341
830911
830870
831719
831701
823829
823290
822287
823215
823701
825900
824835
827141
825750
829913
825843
837871
831212
844636
847231
845428
862491
863877
865107
878013
882334
881397
887988
893777
891778
894234
898095
898702
899299
900894
904327
904545
903748
902616
901759
899828
897461
894782
891135
886485
880532
879990
870110
871605
868140
866045
868507
869418
868833
867821
867907
867275
865910
864236
863280
862680
860860
861646
861105
861365
832944
833084
833121
833550
833796
834659
834813
835049
836881
836448
838366
838105
838899
840270
842003
842668
843235
843102
844126
846459
845022
850024
848588
853664
852402
856692
856531
858868
859010
859416
858813
857795
855999
854565
853164
853325
854105
855378
856508
858652
859593
860396
860641
861054
859358
859210
859292
859361
859647
859149
860083
860136
860243
861318
861399
861262
861118
860594
859808
857000
857615
854509
856542
856381
860829
860644
865199
867621
871442
874579
877708
878330
879908
880489
878092
877014
874835
873856
871941
870611
870793
870697
871397
869832
868220
867952
865187
862750
859739
856357
847526
844745
841920
837510
837833
839523
838668
839393
842453
845156
845225
846553
847334
847499
854144
852717
852904
852992
852732
851806
849706
846684
842000
838537
831098
827698
822029
819919
819245
823481
831063
837004
840733
845899
850254
853310
854824
855103
854689
854717
854442
855005
854742
854864
835615
835639
835805
835331
835513
835779
836427
838070
840747
841546
843861
845632
846745
846745
845245
843368
842141
835370
833222
830008
825973
824928
826646
825740
828635
832056
832914
834779
835300
835247
861949
860322
859514
858056
858321
858183
858265
858122
857228
858536
858826
856679
854987
850739
844790
838056
836505
829526
824298
827120
828339
829814
839590
839553
849341
850632
854310
856002
857099
856929
865186
864020
864625
864805
865073
863344
860937
858054
853584
848420
841632
836098
831920
827670
829541
833436
840151
841577
844638
849817
852745
853186
852884
852548
850007
849685
848710
847448
846226
846008
858689
858193
857496
855794
855559
851942
845107
840985
839017
829685
825466
827747
826916
831126
833293
838308
843374
847312
849874
848974
846995
845333
843767
840554
838962
839217
838447
834870
835291
835779
826696
826600
826427
827124
825699
824638
822508
817343
814128
803981
803526
797362
798899
795378
796410
805321
809541
812728
821934
826086
826345
832920
833868
832029
838586
836276
837218
838144
840805
846454
886869
887031
888041
886729
883481
877631
872203
867700
847916
842319
846336
840855
832887
839425
838049
836094
839102
836872
835281
834905
833616
832387
831827
830510
830976
830614
830857
831071
832058
832408
822522
824235
824997
825041
825122
825041
825654
824305
826460
827567
823649
833249
834323
837962
845086
848890
854502
868543
863413
877508
876382
886039
884299
891262
893144
892100
895886
898602
898446
900076
905599
904948
904861
903029
901576
900303
896908
894306
887544
887575
875297
875974
867918
866781
863561
864108
861102
863211
866941
867580
866763
866407
865083
864994
862440
862915
861343
861420
861366
861661
834170
834302
834543
834477
834920
834730
835207
836477
836099
838254
837705
839237
839559
839113
845359
845674
844386
846535
846553
847334
847232
850698
849243
854198
853396
856208
856815
858104
858718
858246
857771
855727
854725
854172
853932
853136
852583
854014
854887
857186
858727
859844
860218
860660
859956
859078
859020
859310
858703
859003
860016
860645
860880
860742
861378
861306
860207
858722
857407
856361
853220
854194
851721
852964
852762
858548
860122
865996
867816
872666
874442
877697
878253
879724
876393
874929
874034
870308
868601
867306
867952
869113
868088
867987
868163
865158
863338
860899
857229
850036
842561
844107
831097
832176
830901
829772
832121
836358
838596
843863
844864
845744
846853
847561
852075
852862
852773
852261
850808
849825
846733
843219
836606
832687
823354
819269
817374
820237
818931
816180
818469
828424
835406
841446
846203
850299
853036
854052
854443
854365
854635
854828
855422
855318
837373
835050
835011
835476
834827
836142
836101
838286
839465
842181
842595
844433
845641
844597
843509
842251
837272
831084
830670
825586
825096
823897
824081
825194
826676
830370
831982
833905
835105
836125
858662
857729
856190
855585
854205
854229
854969
856984
857348
855277
854870
855259
851889
846143
843296
836184
830888
823006
823565
819986
826387
824838
835811
835670
847755
848278
854494
855966
856947
857466
861912
862189
862296
861824
861560
861003
858214
854140
847805
843292
834451
832149
828736
829924
827937
826958
832533
840109
842023
844432
849357
851991
852632
853107
851908
850441
849081
849878
848592
848849
859680
859362
858351
856356
855487
847780
843526
839467
833480
820338
825748
816382
819427
823904
829385
834587
838306
842691
845774
847265
846239
844872
842380
843539
841803
838975
839514
838861
836175
835879
829091
828237
827803
826685
826682
823240
819801
815998
807640
802344
795703
791764
791030
793840
793357
796823
802249
816152
818955
821544
832581
835794
834995
843644
843313
845895
849875
849308
848337
849445
887007
886501
886675
883545
877661
873478
864010
850174
838345
843255
829274
816989
826149
828982
828873
836092
835972
836409
836742
836402
834325
833973
831774
832047
831179
831077
830926
831893
831971
831904
826843
825501
824691
825351
824623
825089
824313
824924
822596
824486
827021
824640
834426
834802
836878
854795
848463
867622
864091
876929
873978
885901
884741
888176
892454
892559
893880
898003
898737
899666
905927
905544
904433
903870
901359
900286
896034
893841
885129
883294
874179
869706
866849
861348
862936
858921
861356
859339
860680
865054
866647
865406
865580
864079
863163
863053
861399
862004
861352
861403
834007
834238
834184
834606
834682
835082
836527
836186
838335
838089
840326
840855
840937
843066
844283
844211
845835
846089
845506
848464
847742
851384
852575
854334
854408
857046
857823
858306
857964
856936
855449
854038
852583
849722
848219
848104
849573
851760
853206
855653
857281
859161
859809
860293
859865
859871
860734
860028
861139
861780
861373
862048
862711
862088
861680
861199
860380
856837
855820
851423
850047
846261
850233
850549
854340
852630
859219
859260
867110
868659
872715
874185
876469
876742
875949
871926
868965
867922
868188
868521
867276
865934
866075
866651
865392
863296
862383
858079
853334
843277
843719
829592
829520
824264
818423
824261
831452
834807
834373
841042
844041
845147
845917
847130
852530
851224
850740
850449
850297
847922
843395
839798
830700
826399
816929
817533
813620
811079
813585
818380
817301
820588
828710
836917
842645
848126
851353
853634
854137
854273
854491
854784
855056
855335
836439
837609
836626
836113
836205
835343
837029
838049
840526
840932
843040
843601
843748
843756
842872
838075
834390
829187
827060
818081
818403
814682
816801
821411
821582
829261
831226
832660
834995
836328
856442
854667
854429
853121
853182
852576
851741
852253
854136
854746
853404
852010
847762
845756
840486
831292
828783
822501
820126
820395
822779
822716
833926
832055
846311
847024
854524
855445
856892
857119
862720
860985
862312
861617
859890
858074
855101
849572
843761
837436
828671
828567
822230
815694
817649
819104
820774
830150
839367
843707
846616
851535
852839
851900
851574
852349
849820
849051
849232
848269
861060
860129
859083
856860
854502
844419
847115
831453
825394
820852
817488
817065
812135
815475
818954
828533
833507
841843
843812
847072
849224
849320
845912
842646
844270
842364
839429
839157
839309
837979
828524
828985
828597
827788
825327
823203
818526
811397
803684
795861
793310
787815
782597
785888
788934
795656
803231
809057
812557
829408
833746
834677
843819
842742
842720
846626
846800
850279
852230
852761
884690
885549
882811
879583
873820
867720
849204
846505
832798
823101
806683
815033
813891
813304
822193
829058
834417
836856
837349
837130
835675
833945
833390
832301
831676
831502
831805
831865
832838
832339
825914
827443
827114
826923
826543
824653
824159
822693
823019
820176
825383
821834
829774
835843
831144
853694
848318
862277
865090
876551
874275
882524
887172
886986
891385
894530
893320
897872
899478
900982
906509
905843
904746
903664
902059
900004
895229
892226
884978
878216
872743
863567
861135
854974
850840
854468
857227
860778
860554
860209
863420
865696
864539
864348
863361
862446
862123
861916
861651
861780
835118
835241
835492
835556
835455
836646
835969
838272
837778
840338
840509
841142
842942
843040
849101
848915
849445
848636
851069
850323
852255
852549
852266
853857
855973
856645
856928
857650
858003
855765
855525
851120
851141
847783
848647
848854
848369
849870
852181
854820
855959
858659
859497
860222
860628
860944
860132
860743
861025
860841
861853
862261
862432
862546
862004
861156
860237
856001
853759
848896
848614
846608
842513
844662
845826
853171
853774
859118
861032
868949
869138
873111
874874
876495
870574
868514
869326
868666
866297
865425
866855
867387
867308
865821
863521
863015
860995
854606
850144
841367
835764
823285
823978
817887
820659
820195
823368
832191
832995
837618
842409
844093
845265
846489
849575
850962
850929
850413
848621
846246
839724
837658
824570
826505
813745
810745
800589
798611
798591
804754
816386
815701
826449
832397
839997
845856
850848
852982
854400
854850
854694
854684
854973
855233
839195
837349
837152
836218
836188
837718
837137
839237
840462
841763
842630
843742
843552
843212
840165
837746
831780
825758
823773
817812
816190
817325
818025
820455
820165
825676
831129
832439
834679
836245
853413
854008
852566
851895
851302
852435
852824
851075
850065
852754
852164
848322
847400
844572
834447
831641
829467
818842
818096
816544
821907
819610
832842
830583
844361
847473
852944
855792
856396
856563
856636
857645
856986
856440
856739
855367
851236
848082
839394
830711
828684
822331
813015
818766
818010
821989
821253
823937
838460
840713
846826
851095
853266
855007
852842
852605
852934
851490
850209
851441
861075
860664
859707
857329
853278
845542
844871
826956
828779
817372
815871
808442
811421
816901
817828
825053
832957
837676
846734
848281
846900
846867
848934
846335
843129
844636
842740
840158
839950
840135
831010
829501
829558
828146
826410
820398
819143
809065
798791
794851
787422
781308
779127
780373
779560
795939
797423
802236
821260
828809
830562
843598
845605
847384
854729
854749
855406
856953
860263
858646
884974
883331
879719
877415
868380
861295
843057
845362
814194
813040
809010
811438
807612
812301
818270
824770
830417
835605
837603
837652
836092
834805
833656
832179
832080
831949
832082
831978
832781
832435
829433
828615
828071
826867
826284
826174
823233
822397
819917
819847
820561
822502
823143
836390
829664
846637
851948
857795
867007
873078
877490
880263
888347
887171
892093
894188
895315
898147
899883
901585
906675
906048
904690
903926
901654
899280
894233
888870
886989
870542
875598
855648
861994
847752
853208
846948
847616
851990
858604
862035
862011
863294
864740
863935
863263
862970
861596
861846
861636
861295
834884
835116
835151
835512
836466
836179
837930
837877
839971
840517
841699
843949
844138
844600
847629
848295
847967
850202
849510
851208
851532
854476
855946
857784
858587
859060
859905
859243
857928
855620
854631
850832
850640
847060
846913
845419
847561
848153
851138
854559
855690
858128
859508
860061
862132
861772
862586
863408
862808
864070
864829
864013
864029
863806
862911
861167
860016
855108
852724
845398
845898
841159
844542
842144
844295
848311
852999
855998
860473
865562
868956
871491
872935
872634
869343
870801
867636
865450
865213
864934
865150
865952
865966
864399
864175
862009
858409
853402
846441
835854
836126
817385
819813
810252
813778
814621
818885
830515
831260
835210
841146
843379
844830
845885
850461
851219
850676
849666
847467
844655
838407
834482
823671
822542
805869
807751
802132
804004
804388
800370
811370
811150
824399
830732
838309
846329
850438
853974
855583
855534
855646
855485
855628
855900
840627
839433
838894
838511
837674
837201
838908
839893
841337
842291
843137
843804
843659
841781
840834
835578
832272
822610
824977
813270
816870
812100
813535
821059
819475
824009
830922
832540
833750
837780
851395
848643
848508
847934
847593
847126
848593
851277
850911
848539
848739
848219
846961
840069
835348
833141
824955
819385
820398
816964
822426
819894
832992
830573
843671
847362
852240
854788
855658
855132
859507
857977
859075
858545
855963
851457
851135
843816
834699
832036
825001
816389
813520
813330
810949
820050
818519
826153
833513
842631
847159
852099
854007
855299
855658
852818
851899
851472
852433
851194
864171
863316
860855
857433
854352
846053
839911
830196
828551
815588
814927
809693
807755
815824
815083
827612
828573
842164
846151
849788
853995
852040
850156
851350
847881
844039
845033
843223
841242
841521
830839
831245
829294
827929
826909
820827
816127
806947
801279
787782
788899
775797
776364
780827
781247
790181
792062
813618
817204
824132
841210
844197
846572
855181
853560
856417
858919
862376
862427
864646
878787
878993
877192
874272
864383
857672
837297
838906
806235
817501
797732
795728
798656
802489
814852
824632
828900
833937
837025
836940
835887
833892
833404
831663
832014
830793
830769
831477
830738
829637
830340
830525
830014
829304
827301
825768
825098
820872
821312
818119
819246
818136
824633
828801
833950
840454
853781
856648
867915
869043
880888
881693
886121
890888
891930
895403
897558
899794
901362
903588
906945
906143
905521
904422
902091
900002
894561
887423
887163
869803
873369
854243
858709
847635
849860
849190
850683
852852
854235
857212
862498
863071
863290
863257
863075
861607
861924
861695
861299
861480
835905
836058
836093
836720
836144
837914
837450
839826
840049
841470
844061
845346
846206
848539
850016
849624
851306
851228
853739
853503
855395
854997
856848
855194
856742
857019
858278
858570
859049
859344
858904
856239
854518
850652
850567
847013
847956
846660
847880
848502
850657
854201
854997
857735
859713
860681
859853
854904
861225
862549
863406
862734
864284
864599
864689
865408
865141
864598
863967
861623
859539
854506
852968
844280
846717
839980
841374
843269
840995
850329
847701
857165
858188
863396
865816
869796
870056
871475
863532
860371
870941
866199
866255
866211
865786
865815
865551
865011
865069
865189
863845
861207
859324
854135
844598
838229
832076
815363
820658
810183
813022
810831
817898
828854
829879
834732
839997
842688
844286
846726
842471
840868
848270
848226
847952
846994
845665
842807
837839
832693
822685
822052
805965
807278
798094
798606
803733
801183
811703
810839
824107
829593
838706
845195
850887
855103
855647
856235
855369
854086
852920
852641
848461
848155
845090
843239
841380
840269
839756
839812
839580
841218
842177
842940
843864
844134
843744
841729
840927
834744
834226
822800
824951
814339
815460
815531
814670
820896
820472
825173
831190
832643
836405
839257
840350
841534
846420
848228
847454
845261
844996
845385
845380
846300
848804
848629
847781
848260
844869
840431
838197
835209
825400
820555
817433
819243
824122
821770
832642
834152
843541
847568
853074
854645
855358
855183
852888
846837
853150
852956
852303
850931
849901
852337
846913
842682
835513
833179
822329
819639
814410
814013
815988
821550
821323
826016
835944
843480
848885
854298
857320
857149
858055
857958
855272
855105
854567
855900
855678
857242
859477
859113
858529
856623
855093
847795
839574
834588
830967
814872
815617
809365
808750
814551
822268
825015
835650
843987
849253
852043
855506
856623
852914
850681
851928
847550
843009
843475
841517
840536
835372
835981
833347
831302
831300
826985
827164
821041
818360
803997
805420
787944
787015
778476
775255
782692
778375
787229
805353
805284
815221
835112
839235
843754
855325
855872
858757
861042
865985
866462
868692
870467
875837
879156
879460
879173
875756
874122
865036
855311
835185
839966
804785
816144
792259
800360
799808
805802
809739
824187
828143
833991
835862
836434
834691
834115
832850
832271
830953
830899
831071
831328
832032
832250
834060
832614
831385
830648
829751
829582
827999
825339
824558
822263
820831
819437
818546
819338
825084
824733
840347
835811
857237
854504
868489
869994
884080
880438
888892
892369
893284
897413
899085
901997
903975
906847
903985
906043
906198
904573
903753
902021
901685
897937
895377
886166
887236
868419
873688
852109
859212
845451
849100
847376
847862
849696
856229
858404
859332
863105
863577
863331
862197
862215
861431
859800
859204
859423
859997
857919
835868
835991
836490
836336
837534
837209
839193
839873
840386
844145
844340
846054
849118
848440
850408
851863
853047
853578
852860
853746
854135
856738
856273
858624
860883
861711
861951
862699
862631
861329
859456
857446
855477
852058
850126
846759
846066
848153
848655
849596
850614
854662
855315
858315
860106
860967
860231
857161
863000
863592
863345
865215
865734
865723
866314
866455
866074
865346
864668
862667
859581
854425
853979
844517
847437
839659
840412
840404
843845
847097
848469
856072
859240
863028
866282
868673
869717
869828
866526
862531
869383
868298
867755
866110
866439
865569
865607
866035
865501
865294
863585
862362
859082
852742
846059
840803
828937
821962
815414
809277
812019
812211
821640
829255
829948
835788
841098
843693
845626
847614
844495
843855
845930
846099
845808
845127
843791
841772
837396
833112
822843
823011
809756
809350
799803
797113
803739
803073
811557
815754
825960
831505
842077
846813
853515
856371
857413
856846
856531
855610
853424
853843
849171
849208
845241
845012
843272
841812
841308
840643
841918
842195
842847
843742
844405
844639
844106
842195
840938
834340
835115
824235
826243
816751
817491
814169
816576
820145
822109
828873
830387
834434
836322
839556
839818
842569
846927
845332
844912
846288
846097
846558
846639
845773
846043
848358
848037
846841
845558
842594
838175
833850
832100
831108
826928
821940
822553
827970
838044
836299
846140
848189
853211
854584
854673
854179
852195
850308
853451
852122
852642
851731
852212
849101
845447
843561
838890
830730
822571
822881
821143
819670
814031
818993
823014
829746
839701
847004
852780
856374
859190
859801
858001
857611
857971
855401
856374
855370
856670
856984
859717
859301
859188
857968
856114
850558
844205
838337
832847
824298
824107
824452
823431
825712
826619
832861
839615
847717
852390
860036
858606
859783
859574
853535
850718
850795
847408
842343
844355
841047
837382
835774
835233
830732
831712
827913
827189
821441
821125
805372
806426
790955
791839
778109
782325
778398
783296
797462
802386
802977
830229
829811
840361
852183
855119
858578
861424
865919
865695
868036
871937
871961
875212
878114
877086
876750
875628
872091
866766
855443
839344
838787
809360
816710
801717
798333
803172
810302
814043
824827
830066
834055
835765
835009
834543
832940
832274
829618
829648
829258
828802
829546
829721
831702
833507
832959
832788
832154
831173
829807
829308
826601
825607
821872
823027
819028
822820
817781
830517
824550
840479
838389
856366
855175
871016
871555
883848
881001
892065
891953
896294
898279
902790
903314
905835
907372
904605
906760
906339
905150
903780
902876
901544
898582
894792
888422
886213
870444
873035
853505
860209
845784
851297
848004
851406
850830
853084
858999
860217
860316
862279
861413
861472
860910
859925
860550
859967
859864
856879
858377
836594
836921
836769
837640
837210
838573
839419
840010
842840
844359
844871
848730
848283
851741
851644
852717
855199
855956
857174
858398
860273
859487
860858
860651
861188
861226
862271
862349
862438
861983
860889
858513
856658
854474
852685
851709
850103
847755
848086
851507
851731
855253
855516
858374
859559
860297
860328
859913
864114
863402
865494
865851
866316
866998
867506
867389
867233
866904
865412
863543
861227
855655
855083
846681
847901
843080
844023
845050
845939
846629
849038
858524
858278
862667
866569
867944
868899
869249
864910
863028
869602
868925
868109
867377
866390
866354
865710
865871
865930
865229
864687
862524
859521
854613
847874
841097
833275
827582
823522
818981
815745
820104
824719
829733
832865
838230
842237
845742
846593
847750
843694
843897
845308
843655
843547
843072
842407
840366
837825
834163
826389
821902
810392
811841
811286
807588
805444
805454
818447
818429
829346
836297
844826
850244
855446
857155
858735
858184
856397
856626
853483
854424
849497
848976
846957
846606
843934
844087
842881
842862
841788
842972
843806
844294
844794
844865
844519
842624
841779
836175
836049
828064
827735
822442
821867
822418
821271
826124
826722
831120
833440
836773
838927
839884
840878
840458
846521
844709
845076
843482
842890
842860
844631
846433
846654
846464
847673
847258
846767
845340
842697
837897
831234
827604
828407
831701
834866
836776
837708
841043
848983
850474
853139
854273
853657
852380
851548
849583
852840
849257
848654
850108
849945
848516
847094
844503
840820
836937
830314
825503
818441
817188
824575
831698
830821
837316
845213
851520
855802
860504
862538
862875
861630
859137
857914
858787
856768
857392
856875
858209
859068
858987
860198
857667
855991
853431
849533
842452
835199
828379
822892
819351
821784
827007
830959
837566
844944
852643
858068
861341
862545
860125
860258
858589
853421
848606
851097
843956
842971
841678
838936
834752
835488
831848
831258
829896
828159
824354
821315
812024
807069
796317
793926
789699
781562
787216
793761
794246
802092
817665
830648
830059
850468
850410
858121
860128
866343
865415
867858
871677
871449
873425
874493
877585
876845
876819
874956
874085
865888
861814
841288
845995
817581
817454
806969
808147
804913
814722
818774
824685
831207
836974
836123
834124
834918
832647
830655
829861
828100
826534
826882
826966
829338
830352
833259
832511
833536
832373
831797
830134
829513
827213
826612
824220
822234
824386
821347
824147
831181
826718
845425
839662
859518
855315
873894
870899
883653
882990
893828
891044
899093
899693
904201
904156
906759
906969
904482
906209
906305
904299
904347
901564
901954
896645
897328
886796
888530
870659
875552
857723
859503
852262
849825
851110
849767
852750
854541
856903
860253
861286
860284
861806
860823
859234
859477
857978
857189
857532
858113
857393
836821
836866
837511
837498
837560
839924
839062
842071
843641
844172
847923
848055
851481
852021
853063
853928
857398
857501
858277
860276
859701
861169
862180
862967
863669
864855
864743
865012
864869
863946
862470
860990
858484
856242
853222
851556
851177
852656
852758
852518
853275
856151
856069
858642
859199
859861
860290
861177
864032
865410
866173
866714
867539
868199
868284
868311
868280
867914
866878
864671
862306
858568
856492
849685
849144
846398
843677
844187
846561
847065
854400
856613
859954
862601
865954
867703
867386
867102
865509
863469
869858
869353
869367
867973
867440
865915
866799
865482
865864
865778
864986
862890
860276
855982
850066
843815
837359
829318
825213
826347
825426
824358
829470
832601
835802
841616
845865
847590
847507
847606
844587
845014
844143
841283
841516
841273
840795
840857
838052
835562
830320
829024
819604
812776
807116
811124
816553
813231
824475
823829
835977
841771
848913
853845
857734
859321
858840
858945
857170
856355
853976
854726
850128
850591
848527
847495
845764
844907
844138
843128
843639
843625
844106
844588
844952
844762
844318
842866
842487
837938
837468
831677
830013
824587
824669
823696
826226
826173
830173
832960
836714
838812
840137
840975
838539
842556
844555
845218
844002
843887
843233
843122
843533
844234
846403
846988
847880
848032
847597
846631
845227
843270
841284
837470
834627
834214
836549
836571
842116
847900
850368
852359
854726
854133
853658
852583
849774
850952
851198
850045
850219
849146
849053
849082
848586
846755
842314
838645
835340
833468
833212
834208
829794
828261
834456
844748
851294
856078
861819
865330
865555
864368
863586
861797
859756
858571
859466
857667
858744
857928
859185
861219
860996
862102
861054
858127
854174
850157
844826
839513
836364
834339
833863
835057
838645
846850
853377
859471
863032
864540
866508
864229
859789
858026
857385
849420
850248
845641
845401
839785
840854
835195
834835
832289
832290
830530
830339
826842
824203
817683
812658
801977
799008
789670
795931
794131
799227
795395
820449
817163
833191
838570
852634
851666
861124
861591
866333
866080
870827
871769
872689
874172
873827
876151
875685
875629
876291
874414
869588
864941
850438
846745
834018
826064
820655
816747
822456
824312
827011
833689
836893
836766
838470
835696
833906
834397
831488
828480
827639
827204
826349
827132
827917
830141
831859
832056
832743
832243
830956
830508
828922
827768
827113
825182
826753
824214
829007
824660
835341
831431
847398
842435
861680
856934
875124
870532
885722
883501
893462
892357
900666
899826
904003
905964
907123
907987
905077
906415
906250
904202
903773
900797
900514
896325
896553
887539
889109
873604
876654
860821
865289
852672
857987
851935
855342
855782
857732
858001
858707
860179
860145
858717
858187
858759
857961
857998
858138
857230
856315
857288
837253
837578
837371
838259
838434
839611
840929
842234
844571
845237
848632
849546
851941
853525
854696
855189
858810
858847
861553
861374
862869
863780
863996
864015
865041
864842
865495
865568
865374
864745
863785
862289
860630
858312
857011
854805
854006
852934
852119
853959
855315
856806
857156
859019
858539
860224
859223
862805
864475
865905
866019
867102
868119
868405
868815
869222
869057
868538
867886
866409
863413
861016
858493
853880
851565
848093
849319
847881
847660
852090
855455
858132
859416
863959
864475
866497
867568
866658
865359
865352
870998
870634
870055
869303
868178
866665
866490
865779
865713
865577
865405
863143
860577
856892
851985
847057
839751
837502
830004
826511
827759
830283
833438
834998
840833
845907
846995
847791
848991
847636
845009
844063
843643
839223
840018
840276
841348
840833
840022
837825
833549
829941
827279
826508
820725
817520
816363
819920
829536
830080
842902
847662
853191
857771
859629
860959
859964
858444
857101
857235
853876
855095
850699
851659
848937
849311
846229
846595
844241
844850
843748
844405
844322
844595
844934
844477
844128
843069
843101
839754
839592
835155
833946
830881
828875
828915
828927
832408
833657
837609
839598
841538
842516
842782
839930
841195
845060
844699
844442
843490
843678
842982
844460
843652
846258
847122
848219
848822
849207
848612
847668
846001
844550
843511
842744
842678
841816
844862
849673
851042
853217
855856
856168
855231
853076
852323
849823
849509
851345
848501
848071
849231
849810
850156
849975
849511
848241
845171
840921
837522
835250
832066
836321
840642
846516
851556
855881
862489
867330
869035
869211
867809
865603
863989
862256
860722
859378
860037
858524
859050
861227
861011
862318
862931
862862
861503
858809
855205
851153
846778
843587
841885
842865
844848
849833
854822
858377
862067
866192
867361
865912
865758
863158
856826
856403
852372
850712
844727
847247
839681
840147
835173
836651
831747
833904
832577
831591
829936
827031
822601
817252
810591
804765
804256
795951
799398
799683
813162
820116
823361
840745
845848
852844
855647
862945
863113
865831
868464
871759
871816
873300
874412
873376
875490
875507
876292
876391
876122
872370
868012
858684
853230
840906
839203
825748
829056
825853
828189
832054
837511
839666
838749
838283
839498
836324
833467
833398
830563
826613
827929
826765
826277
828999
829243
831613
830917
831903
830923
830652
829255
829058
827813
827457
828277
826342
829241
828386
831713
836310
835886
850168
845091
864400
857919
876258
870175
886829
882640
895055
892732
901259
900655
904813
906266
907625
908173
907055
905773
905986
903001
903037
899184
900007
895278
896270
888042
889935
876498
878835
865354
867278
859646
856789
859721
856524
858251
858007
859364
859402
858996
859422
859046
859542
858061
857618
856802
855873
856691
856161
855218
837261
837488
838171
837655
840433
838652
843097
841769
845995
845676
850077
849637
853768
853787
855895
857033
859018
861242
861497
862769
864200
864520
865224
865807
866014
866261
866351
866478
866313
865795
865271
864171
862571
860771
858513
857074
855109
854910
856114
856853
857220
857918
858262
859081
858445
860098
859555
862866
864378
865705
866678
866766
868039
868736
869259
869617
869702
869459
868402
867321
865218
862933
860094
857974
853863
851751
848976
851378
851152
854762
856287
858042
861646
861914
864773
864376
864295
865868
866029
867757
872605
871525
871177
869579
869637
865973
866894
865149
866120
865391
864938
863188
860247
857576
853380
849220
843080
840260
835707
835727
834332
835601
834849
840668
845322
847055
848136
849857
849789
848931
846542
845521
844052
838998
839406
839844
841112
841413
841302
840475
838185
834849
830008
826903
826709
824166
823405
832067
831079
840954
846952
852486
857509
860908
862388
861261
860781
859290
856790
856984
854316
854216
851631
852013
850422
848798
847791
846418
845798
844720
844967
844241
844546
844845
844812
844404
844226
843137
843039
841219
840631
838130
836327
835016
832352
832585
833418
833862
837826
839455
842236
844419
845190
845400
841237
843394
844010
844433
844375
844042
843250
842588
844255
843557
846152
847252
848677
849487
850125
850344
849975
849162
847775
846566
846321
845102
849400
849761
851524
853560
856554
857293
856912
855857
853526
852060
849379
850366
850019
849429
848463
849063
850051
850868
851523
851585
851063
849588
847335
844879
842770
843817
842882
847572
852356
856141
863170
868507
871517
872972
872651
871016
868469
865553
864288
862513
861310
860001
860326
861275
860701
862400
864272
865350
865733
865543
863756
860606
857810
855045
852321
850283
851685
853409
856783
859962
863970
868008
869754
870117
867659
864498
863109
859457
854642
852219
852261
845350
846666
839252
841051
834496
837557
833376
833258
833581
832717
831921
829680
826822
821881
816860
812473
806404
807948
804281
817804
812252
827983
830103
849249
845283
857834
858229
863794
864261
867733
870731
870990
872607
873436
874360
873833
874999
875622
876556
876703
876699
874759
870792
863762
863046
845555
846491
843329
836457
836733
838372
841214
841482
842940
844220
841260
839012
839636
836166
832151
832982
829003
827124
827363
828324
828328
829760
831028
831001
830514
830267
829227
828999
828357
827862
829079
827705
830488
828660
834443
830672
842771
836561
852921
847940
864747
859417
875854
870505
886472
883349
894347
894596
900826
902204
905728
907048
907691
908350
906621
905250
905540
902344
902512
898476
898960
894825
895403
889055
890305
878435
882256
867638
871246
862181
863395
859157
861039
859606
860032
859341
859091
857705
857411
857089
856755
855761
855440
855716
856138
854841
855244
856102
837815
837207
838726
837840
840258
839184
843537
841906
847050
845886
850407
850466
853243
855558
854735
858925
859550
862032
862323
864570
864453
865890
866400
866685
866710
866606
866682
866757
866765
866602
866083
865465
863891
862304
860249
858132
857477
857441
856824
857712
858184
858941
858766
858636
857824
859682
859410
863049
864309
865723
866662
866972
868069
869285
869514
869898
870362
870040
869172
867754
866940
865633
861305
859793
856182
854300
853125
851721
853128
856146
856935
859309
861947
862327
863784
864348
866259
865811
868839
870038
873552
872175
871732
869817
868964
866471
866244
865215
865428
865200
864545
862516
860580
857679
853923
851969
843804
845521
837929
835395
837285
836338
839219
844917
845942
847839
850393
850932
850222
848970
847992
846259
844181
839307
838334
839599
841353
842524
842981
842816
841786
839455
836122
832692
828140
827753
831608
835959
834297
848567
848653
856188
860270
863126
863661
862739
860346
859619
857765
856560
854690
855609
852511
852366
850739
850398
847181
848020
845222
846008
844326
844322
843914
844090
844055
844336
843644
842973
843307
842515
842141
840859
839135
837167
836743
834766
835058
836558
839805
841381
844425
845908
846324
847115
843823
842885
844071
844339
844261
844081
843385
842807
843711
843332
846103
847153
849153
850092
851002
851556
851744
851520
850970
850130
849160
849817
851904
851703
853714
856822
857880
858036
857643
856039
853913
852597
849153
850200
850113
848566
848913
848883
849922
851495
852680
853742
853973
853252
851617
849477
848220
845763
851051
851455
855594
861714
867848
871690
874896
875996
875119
873022
870539
867422
865113
863685
862745
860769
861175
861904
861461
863355
865100
866428
867311
867820
867611
865583
862949
860088
857959
855906
856347
858576
860764
864413
868804
871227
871653
870595
868959
864922
860802
860092
856764
850566
852454
846631
845953
840486
839793
836174
836549
833886
835217
833911
834253
832748
832378
829375
827123
820727
816817
814323
809788
813097
817831
816957
834568
835916
848318
850411
860213
859447
865654
864968
869359
870425
871426
873199
873300
874097
873703
875017
875735
876455
877202
876345
875307
875180
866722
864887
858920
847750
846619
841290
843444
842892
843208
844911
845231
844516
844315
841068
838764
839014
834476
831382
831237
829625
827881
828160
829288
830089
831365
830965
830547
829457
828906
828130
828351
828380
829074
828476
831479
829406
835834
832764
843505
838824
854309
848977
865965
860065
876328
871029
884849
886314
890442
897397
900139
903259
905063
907310
907694
908139
907200
905527
905781
902259
902657
897511
899218
893960
895889
889191
890852
880396
882644
870883
873027
863929
865838
861444
861438
861882
860992
860244
859224
858068
858002
856840
856112
856492
856275
855889
855112
855521
854841
853797
837572
837036
838820
837756
840759
839362
843315
843286
844171
849605
848404
853275
852721
856767
854839
859833
859265
862867
862825
864571
865670
866648
866879
867091
867052
866836
866511
866697
866588
866391
866260
866116
864583
863669
860454
860619
858114
857648
858263
858883
859651
859755
859643
859129
857916
860229
858583
863310
864900
865681
866909
868317
868341
868982
869735
869857
870007
869811
868626
867366
866606
865636
862834
861889
857801
857038
852693
854763
854751
856091
858699
860397
861545
862626
863092
863169
865614
866392
869548
871643
874762
872704
871996
870070
869780
866417
867462
865183
865812
863840
863773
861415
860019
854736
855394
848550
847349
846139
839291
841419
838585
839925
844321
843811
845876
849795
851061
851557
851546
850632
849138
848271
845561
842903
841288
839951
841244
841658
841847
841497
840814
840053
838796
836633
835462
834140
831949
834411
841964
849794
851236
858582
862934
864947
865041
863834
861781
860256
857252
857849
855042
855475
852001
853023
850407
850468
846785
848216
844932
846264
844084
844987
844408
844636
844818
844419
843634
843183
842648
842336
841203
841360
839302
839742
837082
837540
838210
837245
841542
843387
846088
847208
847679
848159
844767
843033
843837
844167
844617
844819
844186
843099
844464
843506
846840
847218
849168
850124
850550
850751
850755
851165
851687
851541
852009
852795
852099
854188
857142
857849
858865
859070
858022
856411
854142
852529
850260
850352
849366
849302
848589
849416
849211
851163
851998
852840
853524
854138
854185
853240
851693
852506
849870
856934
859254
865805
870443
875305
877842
878306
877188
874844
872032
869145
867083
864376
863322
862592
862183
861536
863824
864599
864563
867141
867271
867745
867287
866627
865790
863567
861746
860715
860942
860830
864354
868721
871600
873172
873361
871823
868753
865527
862048
857402
857742
851098
852922
845859
848081
839764
842567
835067
838294
834162
835227
833841
833847
831731
831403
828381
828760
822025
823313
814408
817316
811305
824675
818205
840456
835185
853298
851811
862052
860987
866379
866263
871167
870025
872669
873369
873405
874691
874296
875232
875828
876585
876523
875449
874112
872801
868969
862977
865563
853906
844243
851851
842660
845905
847119
847885
847534
846120
844330
844000
841013
837021
837575
834592
829588
831133
830203
830188
830738
831329
831411
830741
829766
829119
827797
828495
828451
828251
829734
828758
832426
829752
837279
832972
845014
839548
855736
850119
866202
860316
875208
872912
879705
891603
890166
898281
899422
903976
904565
907073
907447
907881
907491
905390
904996
902143
902159
897101
899279
893923
896002
889359
891793
880890
884695
871001
876002
863799
868544
861911
863987
860756
861522
858785
859473
857275
858103
856174
856546
855469
855585
854757
854809
854017
854135
854101
)
;

boundaryField
{
    wand
    {
        type            zeroGradient;
    }
    frontAndBack
    {
        type            empty;
    }
}


// ************************************************************************* //
