/*--------------------------------*- C++ -*----------------------------------*\
| =========                 |                                                 |
| \\      /  F ield         | OpenFOAM: The Open Source CFD Toolbox           |
|  \\    /   O peration     | Version:  2.1.1                                 |
|   \\  /    A nd           | Web:      www.OpenFOAM.org                      |
|    \\/     M anipulation  |                                                 |
\*---------------------------------------------------------------------------*/
FoamFile
{
    version     2.0;
    format      ascii;
    class       volScalarField;
    location    "0.006450000";
    object      Xi;
}
// * * * * * * * * * * * * * * * * * * * * * * * * * * * * * * * * * * * * * //

dimensions      [0 0 0 0 0 0 0];

internalField   nonuniform List<scalar> 
12384
(
7.3685
10.0066
11.2355
12.1201
12.8946
13.468
13.7621
13.6876
13.2853
12.7491
11.8954
10.7404
8.77519
5.76605
21.7389
23.461
24.227
24.4345
24.468
24.6203
24.9273
25.4083
26.2987
27.6733
29.3646
31.4155
33.7492
36.2268
39.0748
41.7248
44.7772
46.7678
48.9713
49.1084
48.8811
46.9307
45.2685
43.078
40.7211
37.7312
33.532
27.7373
21.6086
17.6528
27.1818
28.2009
30.0574
32.1094
33.8269
34.8105
35.6311
36.0276
37
38.1389
40.8379
43.9859
47.2982
50.8895
54.2877
57.5731
60.6215
62.1807
63.4569
62.506
61.8657
60.7226
59.7222
58.1771
55.7744
52.363
46.0538
35.0448
23.132
20.5635
33.7904
38.3714
39.4584
39.7438
40.5764
42.4269
44.3076
47.0551
49.577
52.2806
56.478
60.7906
65.5642
70.8874
76.5227
81.9884
86.8423
89.3655
89.4139
84.8423
81.9793
77.0354
72.7531
66.9383
59.6644
48.6303
37.0441
30.3291
29.1666
31.2961
32.5317
41.3233
51.1816
59.9266
67.5026
74.7259
81.1012
88.3128
92.3317
99.1318
98.4723
102.103
94.8137
92.5754
87.6395
80.4916
76.9191
69.633
63.8659
56.4383
52.2689
49.2213
42.0167
37.6006
33.7369
32.3474
33.5729
33.7765
32.923
30.2998
21.5724
25.564
28.4365
29.4567
30.1254
30.1993
30.9912
32.2492
34.8936
38.8034
43.0442
47.8833
52.6365
57.1537
61.8516
63.2002
66.1809
63.4521
64.1194
61.6376
61.9354
60.8529
60.4175
58.6545
56.0107
50.9914
44.9436
37.6432
31.992
30.3957
28.5084
33.2723
36.8323
37.5812
41.6519
48.4729
56.3383
64.5602
72.93
80.8771
88.2262
94.5227
98.3821
100.514
100.182
94.4742
96.9638
89.551
89.8001
82.3213
79.6175
72.1268
65.1122
55.521
50.7284
44.6591
43.0883
40.7823
39.8045
41.4834
28.1409
26.1818
30.9599
39.1066
48.0624
55.7893
65.1885
70.5341
80.3057
82.0781
89.6382
87.9322
90.0323
86.7445
85.0404
81.3381
77.4205
73.5838
68.0196
63.4297
57.2615
51.2768
43.7516
37.7407
34.76
33.5851
33.2826
33.1289
33.0843
32.6365
30.5729
37.6129
47.5324
57.4159
66.2355
75.1546
81.129
89.6686
91.7355
96.1331
93.7534
92.872
91.6246
86.2636
83.4638
78.1876
74.1576
68.2002
59.9227
50.9408
43.1815
36.4159
32.8951
31.0665
30.5758
30.2572
29.3706
27.9596
26.2022
24.9275
32.1323
35.0385
37.4737
41.2491
49.1233
59.3994
70.1875
81.0644
91.5255
100.524
109.329
115.056
116.164
111.708
108.719
104.732
94.4512
89.4296
82.8132
73.5027
66.8598
56.4977
43.4149
36.5012
34.8943
34.6003
34.1662
33.9643
33.8988
34.4063
32.373
36.8746
40.9264
46.5457
55.8656
66.8379
77.8298
88.0496
95.6807
104.863
105.75
107.82
103.517
102.834
95.0915
91.2219
84.9749
80.3965
74.1023
67.2516
57.5587
46.2496
38.6974
36.7757
36.6919
37.0025
37.0069
36.8329
36.751
35.9882
35.0906
36.956
43.6793
47.9841
48.4605
54.306
56.5891
57.4951
58.5168
60.2105
64.0106
69.624
74.5756
75.5602
74.0526
71.2012
67.9091
65.0325
64.0605
65.8401
68.9307
72.5146
75.4862
77.2803
77.9406
76.6853
74.0788
69.2943
60.8649
45.1742
18.1874
21.9712
20.9571
19.8116
21.7221
39.6083
63.8246
50.5471
45.2941
51.1331
54.9832
57.6328
59.5552
61.5507
64.3031
65.7954
64.4514
61.8788
57.8808
53.026
47.3607
40.6685
34.0744
29.1417
24.8139
20.0185
15.4599
11.0258
6.98118
4.4932
10.8221
8.25811
9.01664
10.2048
11.5292
12.6539
13.4243
13.751
13.463
12.8016
11.8466
10.7801
9.36795
9.50578
22.4089
18.0928
18.0853
17.814
17.8991
18.1997
18.5571
19.0288
19.6201
20.2928
21.2183
22.3691
24.5588
27.6431
31.9045
36.5327
41.7004
46.3701
50.7428
54.052
56.4685
57.3917
56.704
54.7644
51.3998
46.9878
41.1412
34.1959
27.2327
27.3026
28.9137
22.8561
25.4155
27.8805
29.1566
29.1849
28.2697
27.4272
27.7503
29.344
32.325
36.1861
40.7481
45.9075
51.563
57.3218
62.572
67.0519
70.6409
73.1983
74.0392
74.0953
72.9105
70.7199
67.2348
61.9805
54.2626
43.0476
30.954
30.6342
35.9472
32.938
34.9766
36.2617
37.0063
37.3387
36.8689
36.7806
37.0923
38.3269
41.7879
47.1544
54.2446
62.9193
73.0211
83.7833
94.4454
103.958
111.165
115.136
115.598
111.474
105.792
97.2073
86.1977
71.6824
55.179
38.3359
22.8172
34.4321
31.366
29.4666
38.3231
48.0904
57.4697
66.8345
75.5454
86.3058
93.5608
104.733
110.104
118.385
120.578
123.323
121.767
116.872
111.089
102.491
92.6809
78.8897
65.7364
50.81
35.9731
29.9408
29.573
29.2715
28.2371
27.1476
26.0525
33.3285
24.6969
17.3814
18.3293
18.3653
18.7333
19.9359
22.9364
27.1107
31.9579
37.2485
42.9414
49.343
56.0308
61.9263
69.5277
74.255
79.5469
82.0286
84.9911
84.7467
83.3818
81.6715
77.6251
72.5379
64.5315
54.8189
43.1625
32.2651
23.478
34.7176
31.3983
19.8858
20.2662
26.7938
36.3768
45.5816
54.5592
64.2666
74.9959
86.4284
98.0443
109.107
118.932
126.671
130.175
132.949
132.93
125.609
121.989
112.689
103.121
89.949
74.4477
57.2565
45.3652
35.2723
27.2772
25.9196
29.6142
47.3913
30.3441
20.4184
28.5853
38.7631
48.9954
59.0101
69.5092
79.2596
90.1211
97.5934
107.007
110.844
114.516
113.982
110.337
105.834
98.0171
90.3842
78.7747
67.8625
55.4164
44.5786
35.5277
30.6025
29.6388
29.137
27.5867
26.4836
26.1846
33.8992
35.4409
35.4373
47.8346
60.0639
72.053
84.5242
95.3446
108.135
115.886
123.633
128.373
128.832
124.587
119.533
110.693
100.66
89.2579
75.1723
60.3345
46.0031
35.0529
29.2369
28.884
29.3525
28.4663
26.4096
24.1549
21.6425
20.1077
29.1138
33.1603
20.1863
20.3287
28.4685
41.5526
55.1142
69.0932
84.0817
99.501
114.738
130.707
143.836
151.323
158.551
154.331
142.808
129.7
118.32
100.055
81.9413
67.5535
53.8726
41.1312
31.3088
27.191
26.9069
26.0635
25.0381
24.6905
34.8208
33.2817
20.3037
25.4201
38.6048
53.9814
69.4309
84.4351
101.005
114.552
129.555
139.319
143.563
146.139
138.781
129.902
117.336
100.991
84.3943
67.3568
54.0564
44.8051
39.0829
36.4905
35.4841
34.0572
32.3354
30.6193
28.6927
26.2823
37.2264
40.7868
24.1147
30.583
42.1526
58.0306
73.0583
81.0746
84.9896
87.3376
87.6019
87.3167
85.904
81.9841
76.8836
70.4373
63.4921
56.7143
50.6842
46.07
45.3891
48.3286
53.951
59.6442
64.1587
66.3867
66.1415
64.4722
60.3855
53.2945
60.1885
22.2081
19.9841
18.761
19.7266
29.8159
45.0643
50.699
46.1276
54.7611
64.0481
69.3197
71.515
71.9334
70.9317
68.8844
65.7514
61.5953
56.7422
51.7009
46.8586
42.004
36.8743
30.0828
21.3926
16.0174
13.6785
11.3839
8.79157
5.92289
5.68602
12.6972
9.60581
11.1518
12.9496
14.2387
15.0279
15.4315
15.6746
15.4805
14.6248
13.0486
11.5501
10.3479
11.1129
23.6082
18.1216
17.0474
16.9365
17.9442
19.3059
20.5776
21.7318
22.6729
23.5433
24.4227
25.832
28.326
31.776
35.8271
39.2948
43.1427
45.9091
49.1432
51.3647
53.6615
54.5334
55.0105
54.0847
52.0177
48.7451
44.2942
38.4484
31.8297
33.6167
30.1436
23.5254
24.7767
25.6772
25.6558
25.1713
25.5979
27.3205
30.6234
34.5817
38.5703
42.1415
45.6845
49.0141
52.8175
56.2523
59.9541
63.2727
66.1608
67.6814
69.1096
69.1231
68.4139
67.3972
66.0793
63.6955
59.0508
50.5839
38.5821
38.6515
37.5824
34.6194
34.82
35.655
36.6616
37.7495
38.9953
40.5298
42.7152
45.3666
49.0951
54.1736
60.1361
67.0621
74.6854
82.7788
91.3611
98.7028
104.828
108.369
109.445
107.555
104.134
98.235
90.9825
80.3052
65.9879
49.7383
32.4039
36.0132
36.4276
35.6185
46.2791
57.4042
66.7124
74.8418
80.539
87.2675
91.3592
98.7995
100.525
107.391
108.017
111.296
111.025
108.596
107.055
102.4
98.7377
90.271
77.5078
63.6527
48.6111
34.4062
28.4983
27.0484
27.066
28.0278
27.9715
34.7442
27.03
17.3894
17.6616
17.9576
19.5512
22.3372
26.7482
30.9745
35.5341
40.22
45.2215
50.1902
54.9179
59.6702
65.044
67.6294
72.7098
74.8042
77.0104
76.753
77.1166
75.7122
75.0335
72.6954
69.2728
61.9741
51.9292
40.1437
29.2675
38.9282
34.751
19.0839
23.1079
33.6928
40.7235
47.4342
56.4997
66.8025
77.5632
88.1034
98.0436
107.093
114.432
119.879
124.531
124.774
123.354
117.731
115.02
109.252
104.449
95.548
85.1315
69.2634
54.5405
44.4745
33.6973
25.1313
27.7445
48.732
30.2996
25.8069
36.782
48.0725
57.9447
66.3297
74.7921
82.5359
89.9737
96.9814
103.926
107.205
111.607
110.735
109.245
106.178
99.7399
95.1238
87.0992
77.6329
66.3244
54.3766
43.768
35.1302
28.2376
24.4794
24.1059
26.1873
27.1985
34.3573
41.8966
49.152
62.4993
73.8404
83.307
93.0978
101.418
111.185
117.073
125.475
127.495
128.794
127.178
123.593
115.512
108.861
98.6312
87.7034
73.2856
57.8684
44.5872
33.5091
27.5521
25.2697
24.6275
24.8624
24.4812
22.294
20.7344
30.8827
34.5202
19.4859
23.4057
37.2638
53.5457
70.3357
85.1761
98.7119
112.537
126.843
137.243
147.521
158.108
161.565
159.599
151.524
145.372
130.49
114.24
99.6599
82.2305
66.2192
52.6945
39.4851
28.5938
23.8999
24.5026
26.177
26.3926
35.0627
36.1606
22.9341
33.9182
51.984
70.1175
87.249
101.404
117.654
129.609
144.555
149.327
156.847
154.159
150.697
142.357
131.128
117.923
100.887
82.7264
66.1248
53.1582
42.5979
35.9626
32.4163
31.3079
32.6797
34.7278
34.5123
30.2109
38.2067
43.337
27.3336
38.3525
54.2725
69.5362
77.7052
80.5277
81.6084
83.0092
84.3514
84.299
83.133
81.6123
79.0572
75.6971
71.24
66.0989
60.7368
56.2933
54.8892
56.3771
58.5243
60.2245
61.329
61.6531
60.7895
59.7327
58.4488
55.7348
66.4601
29.4836
22.7169
18.9204
26.4991
44.4043
56.2621
49.1271
55.868
64.6616
69.3631
70.9571
71.3593
71.2138
70.3205
68.5846
65.9366
62.7244
59.0767
54.9517
50.0883
45.0002
40.2833
35.4441
26.7164
14.7238
8.60548
7.11179
5.8828
4.51064
5.39329
13.9118
11.7788
14.016
15.2416
15.3465
15.0501
14.928
15.1068
15.539
15.4601
14.4606
12.6907
11.492
12.2412
25.1837
19.3474
17.2084
17.0872
18.6485
20.5473
22.1441
23.4913
24.7024
25.8374
27.3725
29.656
33.0543
37.2319
40.7059
42.5981
42.9441
42.9686
43.1893
44.1222
45.0421
46.7669
47.9837
49.3106
49.3793
48.6292
45.9913
41.5891
35.7022
37.1418
31.3845
25.2775
24.6943
23.7173
22.4045
22.2785
24.3189
28.7082
33.7586
39.3514
43.8228
47.4934
50.1346
52.2394
53.7695
55.483
57.3922
59.4234
60.917
62.6889
63.0971
63.2329
63.0978
62.7528
62.776
62.892
61.3926
55.9456
45.52
44.1282
39.6226
38.3596
36.1314
35.58
36.1489
37.423
39.9025
43.1399
46.796
50.7774
55.2767
60.4753
66.2026
72.0626
77.4246
82.4324
86.7119
90.49
93.5845
96.0672
97.6174
97.7387
97.0105
94.8725
91.6934
84.8531
73.157
57.5888
40.3143
38.2566
44.5209
41.4769
53.0305
64.6469
73.1056
78.3221
81.2301
83.7418
83.5676
86.5513
86.4988
89.6207
89.5937
91.0551
91.8818
93.6399
95.2779
96.1178
97.6136
93.5723
85.3274
74.0868
59.0916
44.5332
33.0585
25.0699
25.0245
28.839
28.9478
34.7037
29.02
18.3985
18.0445
18.6606
20.8895
24.9685
29.804
34.5601
39.3775
44.493
49.0136
52.2436
55.6051
57.6301
59.4006
61.1595
64.2161
65.0857
66.7969
68.5906
68.5663
69.4019
69.2413
70.4116
69.304
66.1381
58.4148
47.2375
35.3924
42.4125
36.6862
20.0894
29.3099
35.391
41.4854
51.9104
64.0966
75.9645
85.7299
92.7296
97.7138
101.519
104.334
106.873
108.253
111.345
110.179
109.625
105.754
101.85
100.641
97.0612
90.107
79.1476
63.8431
51.8367
41.4939
30.4012
27.6488
48.6914
30.6927
31.7249
44.392
55.4009
63.823
71.178
74.7248
81.8087
83.8698
90.7278
92.4693
97.9931
99.5005
101.492
100.963
99.8974
97.2602
94.2442
90.0102
84.2288
75.0966
64.0073
52.6263
43.0636
33.2903
25.2583
23.4688
26.7685
27.7206
34.7854
50.2865
61.891
73.7286
82.354
89.3731
95.8307
100.355
106.346
112.639
116.275
121.184
122.605
121.227
118.954
114.607
110.898
103.215
96.1118
83.9445
69.9207
54.7578
42.574
31.937
25.0317
22.3571
24.3672
25.5723
22.9561
20.0961
30.6922
36.7817
20.0327
28.2504
45.5262
64.4865
81.8662
98.3188
109.723
118.46
126.698
134.897
139.846
146.433
148.599
147.64
150.588
143.404
131.312
125.364
113.115
94.6146
78.7937
64.1881
49.5039
36.2791
26.6163
23.9564
27.3694
27.4387
34.8606
38.7763
27.462
43.9349
65.3547
85.2237
102.47
115.746
129.381
138.98
146.175
156.472
158.131
162.078
154.425
148.645
139.738
129.183
115.195
98.179
80.238
64.8914
51.1612
40.0924
33.2961
31.1737
34.5228
39.8752
40.6337
34.0682
39.6906
45.5641
33.3083
47.9865
64.2381
74.5714
77.5977
77.8957
78.1914
78.3467
78.1805
77.2445
76.6954
76.6726
77.6099
78.678
78.2513
75.2968
71.0826
67.1963
66.488
65.8984
63.7656
61.4162
58.1753
56.0646
55.063
55.7144
57.8228
59.2445
70.4623
34.2191
24.4972
26.6738
41.3021
57.089
51.4764
55.1086
63.3932
68.7981
70.0677
70.0434
69.4266
68.3936
66.8452
65.4806
63.8467
62.3535
60.7434
58.3568
54.737
49.466
42.4861
36.6466
31.0574
18.7559
7.90715
5.36632
4.69306
4.42528
5.25706
15.3376
14.1547
15.6396
15.3149
14.0161
13.1129
12.6379
12.7329
13.4518
14.612
14.994
13.9119
12.7036
13.1362
27.295
21.1936
17.9619
17.4863
19.2047
21.1644
22.8759
24.3234
25.5639
27.2455
29.4579
32.5974
37.355
42.0504
44.6575
43.4246
41.0613
38.0904
36.606
35.4234
35.7673
36.6047
38.8843
41.5654
44.7279
46.7517
46.7246
44.1407
39.2485
39.2425
32.6824
27.4502
25.0959
22.3187
20.0801
20.3551
24.2815
29.9693
36.5258
42.8878
48.0112
51.4697
53.8215
54.413
54.4527
54.4513
54.8457
54.8835
56.1027
56.2671
57.3977
57.9906
58.1301
58.3922
59.388
61.1203
62.5985
60.2042
51.9029
48.1442
41.3838
42.8986
38.0691
35.6695
35.1009
36.5777
39.6545
44.3285
49.6333
54.5042
59.9135
65.7892
71.5986
77.2866
81.5194
82.6323
81.7945
80.4181
78.3381
78.4143
80.9012
83.8858
86.9078
88.6022
89.9316
86.8505
78.0187
63.1311
46.0478
40.2251
53.6698
46.5308
58.0035
69.1574
76.2504
79.1767
78.6686
76.6606
74.3706
72.9545
71.6397
71.5592
71.3778
73.028
74.3597
76.7488
81.4846
86.9122
91.4818
92.4744
90.6864
79.6947
66.4851
54.4996
41.0462
27.9517
23.9965
28.6313
29.7506
35.5206
30.9099
19.7692
18.8691
19.5283
22.362
27.2822
32.4783
38.1484
43.7817
49.1999
53.0724
55.653
56.7504
54.7057
53.8858
53.1042
52.3133
52.6616
55.4071
57.0864
59.7816
61.0406
63.6035
65.2807
67.4911
67.1269
62.2477
52.7061
40.6708
44.9672
38.429
23.2821
32.2681
35.1714
45.7068
59.9125
74.8289
85.9345
91.8648
92.8882
90.4389
87.7651
85.4331
85.2166
86.87
88.6202
91.3869
92.4653
94.4306
93.2035
93.2832
94.4383
92.5502
84.3329
71.911
57.5305
46.0424
34.5143
28.7608
47.6237
32.1756
36.8427
50.383
61.0907
67.3996
72.87
73.9135
77.0628
75.6854
80.4579
79.2719
83.8902
85.6118
87.6783
88.766
90.5609
90.9247
90.7614
89.3712
87.3609
80.9585
71.6059
60.0425
49.3802
38.7103
29.3354
26.3207
27.9586
27.4322
35.1946
57.842
71.0574
80.8434
87.7358
92.4175
94.7119
95.4658
100.034
100.002
102.663
104.547
106.971
109.56
110.966
108.049
107.697
103.779
100.633
91.8783
79.7649
64.035
50.4846
38.4787
28.3495
23.4402
25.4025
26.8195
23.5951
19.7113
29.9528
36.9035
20.9497
33.8884
52.2071
73.7374
93.5008
106.285
116.609
121.937
119.028
123.226
121.661
123.279
126.426
130.181
131.103
129.017
131.64
128.289
117.252
104.907
89.6792
72.7497
58.0076
44.2695
32.1915
26.4527
28.715
28.072
34.8056
40.6629
32.7556
53.7664
77.9792
99.0713
114.22
125.34
134.096
136.872
144.954
144.549
148.716
145.38
148.722
145.984
142.424
135.501
126.06
111.276
93.7201
76.2322
60.8758
46.575
36.7239
33.1995
38.2148
45.7278
46.9399
38.1168
41.3991
48.3187
39.9978
56.0847
70.2886
75.7133
75.9181
74.6684
73.3846
71.1367
68.5482
66.3282
66.3654
68.8849
73.6914
78.9725
82.6577
82.9169
79.5049
77.12
76.1709
72.7443
67.5857
61.3573
53.4028
47.9871
48.3117
52.8869
58.6859
62.7545
72.3686
36.5881
27.5043
37.1346
52.7482
55.3873
53.5718
60.4766
67.0652
69.3694
68.4305
67.0147
64.6714
62.3997
60.7031
59.3442
58.9174
58.9932
59.324
59.4383
58.5175
53.9598
46.5452
37.498
30.5687
23.1257
9.50101
5.665
4.93301
5.59645
5.84254
16.6754
15.6575
15.7396
13.9517
12.7467
12.054
11.3288
10.869
11.4068
13.2404
15.0404
14.9434
13.9232
13.8433
28.7811
23.0365
18.8836
17.6992
19.1404
21.0863
22.7697
24.1234
25.5908
27.2679
29.38
33.4495
39.8211
45.5985
46.5384
43.1674
38.5083
34.626
31.2885
28.7936
27.409
27.8979
30.0658
34.1162
39.0147
43.9758
46.5365
45.9069
42.1696
40.1434
34.1044
29.2982
25.6365
21.4942
18.3904
19.2911
24.1679
31.0266
38.282
45.5237
50.8416
54.7912
56.4531
56.0442
55.0833
53.9349
51.8833
51.1528
50.056
50.4876
50.915
51.4575
53.0619
54.5245
56.4284
59.4086
63.0081
63.6142
57.6171
50.7397
43.4196
47.6424
40.8864
36.1444
34.1109
34.8876
38.663
44.4441
50.9082
57.3048
62.9823
69.492
75.7777
82.027
85.088
83.6812
78.787
69.6486
61.7792
60.1513
63.3498
69.3533
76.8647
82.0734
87.3648
87.8071
80.9213
67.1529
49.7286
41.1488
61.1255
49.837
61.5673
71.4642
77.5481
78.2569
76.4909
69.8222
67.0215
60.7375
56.5604
54.955
53.6457
55.0323
58.0023
62.4874
69.2158
75.9194
83.6666
91.1631
90.5062
82.271
72.6714
60.4213
47.5834
34.4785
25.6774
28.5343
29.6089
35.6659
32.7952
21.1829
19.8019
20.3249
23.7556
28.9956
34.8942
41.0808
47.8185
53.4278
57.9196
59.5745
57.8621
54.2666
50.0559
44.5649
40.5263
40.1421
41.2689
44.858
49.1876
53.8967
57.0746
60.9453
64.5187
66.3254
64.328
56.4245
45.234
46.4864
39.9112
26.9777
30.9718
38.0688
50.8449
67.4654
84.2444
94.009
95.7448
91.0934
83.3674
75.2291
69.8053
66.509
65.5318
66.7947
71.7136
75.0053
80.6002
83.6307
86.3112
89.4208
92.3826
87.8771
75.5582
62.0703
48.5904
37.014
30.0514
45.4994
34.9646
41.344
54.6054
65.3273
70.9787
74.1482
72.5395
73.0968
68.6788
68.9915
65.9339
67.8288
67.5814
71.5331
75.5031
78.4192
82.4722
86.1316
86.0461
88.1094
84.3415
76.5796
65.4748
53.4932
41.6892
32.1248
28.7573
28.8569
26.8078
35.6837
64.8446
76.5034
85.5027
91.4488
93.3469
92.9865
91.0644
88.7465
84.0365
85.3944
85.5639
88.5038
91.299
96.7486
98.6597
102.504
101.168
102.369
96.2325
87.0006
71.5418
56.448
43.6412
32.3313
25.9833
27.0599
27.1512
23.9542
19.7323
29.3498
38.2881
24.0073
38.1778
58.0766
81.7829
101.842
113.84
118.38
119.794
112.8
110.24
100.817
100.244
99.1904
102.391
106.975
117.13
124.018
121.331
120.025
113.121
95.9736
79.5002
64.4127
49.5249
36.3667
29.6027
29.7858
28.7309
35.7023
42.8803
37.8573
63.0582
89.7338
110.063
121.843
129.552
131.628
129.507
124.83
120.804
120.533
129.997
133.044
137.555
141.751
137.54
131.966
122.209
104.652
86.5555
68.6101
52.9436
40.1863
35.5403
41.6278
50.806
52.3526
42.6658
44.3034
50.9835
46.4449
62.5455
73.2356
75.1809
73.5819
70.8466
67.6334
62.8495
58.2397
55.2061
55.3625
59.5042
67.5571
77.6203
85.5729
87.7628
85.7748
84.1131
81.8413
77.0711
69.71
60.5213
48.5277
39.5462
44.1554
53.2012
61.0378
65.5389
72.4522
38.2278
31.0162
45.3275
54.9853
52.596
56.9029
63.9231
67.8587
67.9296
64.9813
61.6153
57.539
54.5949
52.2105
51.5363
52.7879
55.3811
57.6707
59.7085
59.6337
57.595
50.6741
39.8235
29.747
24.7988
12.4909
7.00708
6.46058
6.66954
6.88878
17.4731
16.1956
14.6407
12.9851
12.4567
11.8773
10.6815
9.58766
9.86359
12.1771
14.957
15.557
14.6914
14.235
31.1008
25.1441
19.9589
17.8497
18.7012
20.3615
21.9526
23.2726
24.0664
24.8486
27.1041
32.3042
41.1077
47.4751
47.0942
42.0843
37.2427
32.1889
27.7662
23.3175
20.3196
19.9247
23.2983
28.3154
34.8716
41.582
46.3557
47.2389
44.299
39.489
35.018
31.2128
26.6882
21.458
17.4731
18.4677
24.0469
31.3067
39.2661
46.7736
52.8678
56.5021
57.9532
57.3565
56.1105
53.1645
50.364
46.9832
44.3033
42.2634
42.6153
45.1632
47.6392
50.67
54.2998
58.8949
64.0866
66.4989
62.3595
51.831
43.7832
51.2077
43.2773
36.6162
32.6422
32.5475
36.4882
43.6115
51.11
58.4513
64.9937
71.1449
77.7198
84.5789
87.5903
86.1661
76.9576
62.5604
48.9757
41.7125
47.4283
57.4774
68.3561
77.5127
85.2592
88.1514
82.4254
69.4297
52.0404
40.5647
65.266
51.5157
63.2043
73.208
78.4297
77.6147
74.8036
67.0778
61.1617
51.547
44.8317
38.9023
37.9279
40.3971
44.9607
52.1646
59.0392
67.5481
78.9728
86.2729
87.9279
85.1674
74.8824
63.3316
53.1067
39.6864
30.0282
29.5849
29.3791
36.2609
34.5899
22.8295
20.9971
21.193
24.6144
30.2138
36.3018
43.3522
50.5073
57.6326
62.3749
62.8374
61.0796
56.5086
48.4071
40.1549
32.615
28.1747
28.3379
34.3477
40.9929
46.7247
51.8997
56.9362
61.677
65.5353
65.2894
59.2416
48.8011
46.4407
42.8975
29.2502
31.5098
41.0396
55.0414
72.9612
91.2072
100.841
100.744
91.9751
80.566
68.04
58.5297
50.2557
45.2395
46.6273
52.6683
60.2582
68.1642
73.4543
80.5421
86.0691
89.136
89.2306
78.337
62.9876
49.1138
36.8636
29.5982
41.9085
40.6648
45.6501
58.6714
68.759
74.0141
76.0446
73.6137
70.9757
65.0004
61.5558
53.9034
50.4583
47.7485
52.1887
60.702
68.3877
73.2754
81.017
84.358
86.2352
86.7328
79.3579
68.4995
55.5929
42.2366
32.6375
29.0231
28.6298
26.4736
37.482
72.1814
79.2274
88.7979
93.9818
94.3658
92.4117
86.1662
79.2482
71.0187
65.7085
61.0126
64.6882
71.5586
81.7425
86.9294
95.825
97.2161
101.965
98.6138
90.8149
76.9435
60.1955
46.4948
34.7991
28.1927
27.0943
26.6407
23.8784
20.1503
30.6579
40.1688
27.9412
42.7374
64.0717
87.8678
108.109
118.192
122.515
117.179
110.117
99.9213
85.5021
75.6388
69.7224
76.3341
88.4913
101.185
109.597
118.405
123.078
113.385
99.9271
84.7749
68.1513
52.3404
38.8434
31.3531
30.029
29.9075
38.7741
45.4542
44.0714
72.2467
99.8762
117.803
127.587
130.003
127.288
116.116
108.828
98.7508
93.9053
93.9561
108.114
115.998
135.423
137.419
136.706
128.33
113.89
93.8086
75.8095
58.1242
43.5592
37.5062
44.8188
55.7385
58.6184
49.9078
51.6945
53.6691
52.4584
67.4475
74.5237
73.9167
71.1919
67.0699
61.8592
54.8944
48.2986
43.4246
44.2029
51.0352
61.4246
74.9698
86.3277
90.56
87.713
87.5287
84.4067
78.4922
70.9911
61.1046
48.6493
43.1314
50.1786
58.0415
63.58
66.7671
71.0532
38.9288
32.8283
49.7776
51.4523
52.473
58.8079
65.2866
66.8966
64.9522
60.7652
55.8282
50.0204
44.3558
40.6099
42.0299
46.7588
52.5282
56.8104
59.8743
61.179
59.7463
53.1949
42.5771
30.2726
23.4596
16.2487
9.17937
8.32967
9.39717
10.0969
17.7233
15.7658
13.5918
12.7927
12.9928
12.6241
10.7113
9.03288
9.24717
11.7706
15.0809
15.9325
15.1952
14.6674
32.4428
27.0873
20.9258
17.3662
16.8989
18.3901
19.9208
20.6801
20.7306
21.5549
24.4216
30.6846
41.1468
48.3756
46.2479
41.5497
36.4504
30.9841
25.393
19.8717
15.3335
14.2825
18.8139
25.2765
32.8141
40.6498
46.0609
48.0067
45.9204
38.0795
36.4096
32.5602
27.6823
21.8567
17.0465
17.6463
23.3946
31.0176
39.1345
47.0654
53.2333
57.3807
58.8284
58.6182
56.6115
53.5734
49.0499
43.9247
37.4443
33.4957
33.284
37.385
43.0854
47.9037
52.4571
58.4132
65.6602
69.1829
65.491
50.8169
46.1429
54.1466
47.2501
38.9453
32.679
30.6943
34.146
41.5294
50.0976
58.3328
65.1138
71.2648
77.1604
84.845
89.0531
87.2762
77.475
63.6506
47.8006
36.595
40.7929
52.0986
64.4574
76.1656
84.4764
88.3178
82.3204
69.5586
52.4175
41.8251
67.0542
52.634
64.3339
73.9455
79.824
78.0588
74.6018
67.3395
60.1941
50.1262
41.6326
32.1243
29.897
31.6719
37.967
45.0927
53.248
64.3641
73.7874
81.8461
87.6441
83.5929
74.0075
65.2077
53.9923
42.57
33.8219
31.0248
29.6865
37.5443
36.8261
24.3951
21.9238
21.7086
25.0673
30.4688
36.818
43.9285
52.1359
60.1305
65.1259
66.6021
65.1892
59.2877
51.0911
41.8531
31.7672
23.4242
19.9801
27.5985
35.2972
42.4781
48.67
54.2633
60.0554
64.5808
65.5968
60.8894
51.0885
45.0494
47.1094
31.1238
33.2721
42.7409
57.0782
76.5164
96.2707
106.403
106.625
96.184
82.491
68.9159
56.3133
44.2039
33.6388
29.6941
39.5213
49.5703
59.6708
68.8859
74.8227
84.8733
88.7154
87.9493
78.8393
63.1093
47.2662
36.404
28.7181
39.1441
51.4868
50.6657
63.1951
72.816
77.2486
79.5873
77.5605
73.0351
66.2313
61.6293
50.0669
42.4822
31.6093
35.8507
47.5582
60.4981
68.3557
76.6193
84.023
85.1117
87.2527
81.2155
69.5985
55.6414
41.1186
30.99
28.5211
31.8154
33.2065
45.6894
80.2635
80.0123
90.8728
96.2944
96.2767
93.3431
86.0467
76.1632
64.917
54.0447
41.4997
40.5239
53.3707
68.1505
77.997
89.5171
93.5593
100.316
98.3834
93.3541
78.9811
62.1101
47.3185
35.0642
28.2695
25.199
26.0553
25.7497
25.1438
36.5219
43.617
32.9293
47.2739
69.0122
92.534
112.287
121.786
125.761
121.435
112.737
98.8573
83.9182
64.2598
47.0928
56.3967
73.502
89.472
104.979
118.412
118.864
113.718
103.016
87.0475
69.6358
53.4924
38.6765
29.9151
30.9323
35.3995
47.3859
50.8497
52.2774
80.9263
107.958
123.888
132.067
131.049
123.759
111.003
96.3147
78.713
65.6447
68.8879
87.519
104.344
119.709
139.242
137.965
131.459
119.053
100.537
80.1844
62.3059
46.1811
39.0846
45.8765
57.3427
61.7775
55.8154
63.3796
55.741
57.1664
69.9561
74.7958
72.4051
68.7087
64.0319
57.0906
48.7844
40.3385
32.6025
33.4291
43.4375
57.0376
71.2418
83.9165
89.5447
88.473
86.6052
83.5656
77.0055
71.1021
62.7276
56.6857
56.9331
60.4259
63.7354
64.9944
64.5752
67.5639
38.5892
31.9714
46.9117
48.8627
52.8169
59.7337
64.3959
65.148
61.8782
56.7197
49.9387
41.6818
33.2087
28.313
34.1922
42.759
51.6869
57.4699
60.986
62.7932
61.0481
55.0319
44.074
31.1859
22.2435
18.9666
12.6907
13.2662
17.1269
20.5268
17.4915
14.734
13.0273
13.231
14.6795
14.1222
11.2266
9.29811
9.64851
12.1866
15.0559
15.7316
15.4051
15.879
25.8037
34.7994
35.3631
28.6487
22.0035
17.3528
15.351
15.9255
16.7543
16.859
17.2139
18.9068
22.531
28.8279
40.542
47.8719
45.6447
40.9975
36.4057
30.74
25.1797
19.7323
15.7166
15.0363
19.2702
25.6418
33.3888
40.8206
46.1305
48.0706
46.31
39.9857
41.8966
43.714
37.9371
34.4777
29.3944
23.4583
17.9512
17.2376
22.4472
30.0175
38.2056
45.9749
52.621
56.9788
58.8924
59.3699
57.236
55.018
49.4797
43.2241
34.5821
27.5179
25.6464
31.9077
39.9467
46.9729
52.4763
59.2422
66.9739
71.0286
67.2989
53.7461
45.654
50.628
49.4721
53.4353
48.7222
41.2518
33.5855
29.6624
31.6455
38.7747
47.598
56.5751
63.8644
68.9207
74.4061
82.1434
88.0644
87.0115
79.909
69.4174
56.2995
47.3742
47.9208
56.496
66.4445
77.6233
84.8463
86.8289
81.076
68.0974
53.5649
43.901
51.093
56.7895
44.1715
53.726
64.6793
74.0022
79.3288
80.5143
75.5882
70.2792
64.1778
55.4889
49.3874
41.2138
37.2213
36.4726
39.5668
45.4503
53.9313
62.3885
70.694
81.283
83.8006
79.8493
73.3523
62.803
53.2919
43.9112
37.2891
36.2773
36.7405
35.1703
40.8269
41.7855
35.7338
30.0157
25.9198
23.7884
25.5882
29.8434
35.6897
42.6282
51.3937
59.7455
66.8853
69.403
67.6472
63.2028
56.1245
46.9187
38.2404
31.0453
26.5892
29.6149
35.6588
41.6555
47.6119
53.4752
59.3763
64.0632
65.4061
60.9422
51.7176
42.0875
49.7046
63.413
46.7215
35.3684
35.9761
43.6447
56.4472
74.9555
96.2589
110.618
112.152
102.662
89.9354
76.1954
62.3083
50.9406
39.9519
34.6704
39.5042
50.506
57.1734
69.2933
74.4016
85.1067
88.5713
87.6709
75.8252
59.7335
43.1816
30.1672
35.5439
43.1715
53.4125
59.6542
49.3821
56.8366
67.6298
76.9788
81.5719
83.5814
81.8354
77.6736
72.2413
67.6522
58.4791
51.6466
41.657
41.4379
49.0012
60.666
68.5039
76.7395
83.9841
86.1747
86.9439
81.2897
69.6828
54.6187
40.3475
34.4939
41.8632
50.1685
54.9809
59.5418
65.3665
71.0636
66.6054
81.1426
92.1526
98.6892
98.917
96.0472
89.9076
81.0545
69.6556
60.6364
47.8838
41.6306
50.6234
64.4058
75.0531
85.4505
91.4341
97.704
97.8866
92.6972
78.2535
62.1072
46.0884
33.6014
24.7453
23.367
28.874
34.0089
39.4435
44.7912
55.035
58.8569
51.2457
47.141
55.692
73.7866
96.0512
114.911
125.243
130.278
127.219
123.04
109.028
98.6586
80.9573
65.091
64.4396
75.5425
93.4868
108.123
116.477
117.383
115.302
102.792
86.8225
70.1636
53.1828
36.4063
29.6492
38.1591
47.9926
50.1392
55.7919
59.9273
52.5541
66.8727
91.8026
115.649
129.949
137.797
134.531
129.286
113.717
100.582
82.054
65.2855
60.2193
77.157
100.335
116.881
133.874
140.271
132.495
121.826
103.821
84.2488
65.3765
49.043
40.4845
45.7287
57.0618
63.1071
58.1919
50.3968
53.5044
54.3537
54.592
61.0313
71.4518
73.9951
70.9027
66.7991
61.8729
54.4379
45.809
36.35
28.0206
29.0636
41.1673
54.6853
69.5242
83.4273
87.6672
83.3139
82.8035
78.9492
74.9341
70.5743
67.8922
67.0711
69.0212
69.6191
68.6113
65.0852
59.6077
53.5261
40.1312
37.3599
29.4102
33.6873
44.7472
47.4021
52.2168
59.1874
62.6156
62.8079
59.0852
53.2617
45.2665
36.4661
26.7012
23.7941
34.1299
44.2767
53.2196
59.5945
62.7278
64.2702
62.1396
55.2888
44.1748
31.7457
21.6995
20.8857
19.5788
22.5752
25.1951
19.7815
7.82169
3.91427
17.0023
13.6863
12.8565
14.4483
16.9479
15.8376
11.9758
9.68364
9.98033
12.2919
14.6465
15.4035
15.4574
15.4868
15.7084
22.4596
32.93
27.9763
22.0701
17.1678
13.7417
12.8173
13.0006
13.5209
14.8823
17.5914
21.4646
27.1772
38.631
46.6637
44.452
40.9136
36.727
31.995
27.1002
22.9432
20.4447
20.5388
23.6208
28.8479
35.3556
41.7297
45.8543
47.2019
44.5331
38.3659
28.1066
28.056
35.7049
34.9276
30.3761
24.6517
19.1539
17.2796
21.382
28.6023
36.457
43.8655
50.4841
55.4505
57.9163
59.29
57.9654
56.8429
51.9251
47.0495
39.2989
33.0996
31.4552
35.675
41.8344
48.2498
53.8731
60.7527
67.8095
71.16
67.0228
55.7731
34.6832
33.8765
45.7518
50.9237
50.9396
45.7928
38.3945
32.1375
31.6531
37.2499
45.6683
53.958
60.0402
64.729
69.9848
77.0216
84.0856
86.0224
82.6168
75.2676
67.4621
61.6396
60.949
65.3403
71.9321
79.9211
85.2877
84.4155
77.9501
65.562
51.1373
40.3329
32.7979
35.7364
43.1553
53.1987
63.0836
72.2256
78.5674
81.336
78.6191
73.8074
71.1313
64.048
60.1992
55.8914
51.4889
49.3978
50.5792
53.4192
58.3232
64.0979
73.0601
78.0543
78.697
76.8496
67.8891
58.1984
49.5043
41.1507
36.4102
35.7456
35.4413
35.3838
35.8306
36.2026
35.5077
32.4055
28.7519
25.8672
25.6627
28.542
33.1477
39.5215
47.6148
57.255
65.8922
69.4643
69.6691
66.9864
60.9545
54.2462
47.1167
41.8455
38.3248
38.7435
41.0534
45.1392
49.4294
54.5623
59.6116
63.7763
63.8581
59.442
50.369
41.85
37.1468
47.3014
46.5418
35.9237
35.4596
42.1089
53.6028
70.0903
92.1971
110.182
115.622
110.328
100.164
88.0945
75.6964
65.6863
58.657
53.5626
55.2692
59.7744
65.1125
72.3408
80.0869
87.1629
88.574
86.1958
73.7765
58.1531
40.4007
33.9685
40.0085
45.813
46.8701
46.3083
47.8849
56.7825
68.2559
78.907
84.7516
87.3515
85.6808
84.6358
80.7446
77.2453
72.271
69.2425
62.7215
62.8344
64.9948
71.4802
74.3258
81.8489
84.5065
88.5595
86.4595
80.6765
69.474
55.3793
42.8168
37.1324
40.3907
45.1577
47.8679
47.8685
47.8187
51.7141
67.5597
80.8524
92.534
100.257
101.84
100.642
95.5981
90.3217
81.7341
73.4297
66.9171
63.7343
65.4572
71.7781
77.7045
86.8969
91.9501
96.4629
95.6441
90.2353
76.5851
59.8934
44.7891
31.6252
22.1881
25.0896
32.2495
38.7528
45.2277
50.0613
53.2179
54.6778
50.3118
45.3444
54.8748
73.0126
94.7026
114.946
127.756
134.835
133.584
132.827
127.397
115.944
106.305
96.3288
94.9159
98.1038
109.986
113.7
119.234
120.583
113.703
100.866
86.3424
69.8485
52.1027
35.2352
30.5285
36.412
42.2006
47.0516
48.3558
47.6427
50.9123
69.9646
95.8607
119.57
134.101
143.137
141.005
140.585
126.322
117.236
102.204
91.6816
89.0529
94.4952
107.643
124.561
133.87
135.071
133.791
121.409
104.55
85.8816
67.4362
50.1791
40.2453
42.0894
52.2856
59.5613
55.9805
47.8869
41.5947
42.6234
53.9724
60.7462
70.0829
71.8843
68.4848
64.2383
59.7707
53.5998
45.9613
38.5136
33.4471
35.7082
43.8988
54.8501
67.1001
79.0579
81.3679
78.1774
76.3366
73.5464
70.7442
71.9894
73.5734
77.3308
78.2793
75.9627
70.0044
61.3521
51.7547
41.7921
33.8153
31.484
30.8807
34.6363
42.5267
46.1659
50.8828
57.2414
60.3707
60.4188
56.3206
51.4287
44.7253
36.991
32.5114
34.2027
41.5566
49.7992
56.8154
62.0759
64.8151
65.2186
62.2985
54.0755
42.9159
31.0233
21.6656
21.4586
22.5005
25.0719
21.6168
12.202
4.76868
3.35969
16.1819
12.8151
12.9285
15.9013
18.8102
17.4134
12.8006
10.1822
10.1828
11.9094
13.7762
14.6986
14.9355
14.4984
13.6583
19.2791
30.2508
27.2572
22.3634
17.573
13.6362
11.4351
11.035
11.9795
13.8614
17.0373
20.9096
25.1376
35.7598
44.3159
43.3741
40.8115
38.0083
34.6171
31.1362
28.1678
26.7103
27.0157
29.3719
33.4018
38.2585
42.6717
45.6299
45.5588
42.0606
34.9513
25.1257
24.956
32.3513
33.3428
30.2169
25.6653
20.9775
18.4265
20.8267
27.1106
34.0352
40.494
46.9995
52.348
56.0514
58.2426
58.9538
58.7706
56.7903
53.6895
48.9567
45.335
43.6418
45.2392
48.0717
52.0551
56.6675
62.1886
67.0913
68.8146
64.2188
54.8558
33.1894
30.1413
39.5383
46.7707
50.9528
49.734
44.3402
37.3888
34.0325
36.909
43.3444
50.2627
55.8446
59.3166
63.0646
69.7776
78.2305
83.123
83.004
79.6668
75.3454
72.0446
71.0238
73.422
77.2935
81.9893
83.8098
80.8143
73.7106
61.2928
46.5609
35.5567
29.4471
32.5877
40.7035
50.8054
59.3988
68.1371
75.6335
80.446
81.1179
78.2914
77.7268
74.6252
71.0773
70.4696
66.9945
65.7088
64.2205
64.3705
65.5562
70.2266
73.2637
74.2764
75.3861
69.5836
61.3523
52.4531
43.3998
35.9078
32.4591
32.1325
31.972
31.8
32.2379
32.948
34.1494
32.6407
30.0585
27.2455
25.6723
26.7579
29.7661
34.475
41.499
51.3482
61.1712
67.7208
69.8999
68.603
65.3218
61.6198
56.4852
52.505
49.4928
48.8729
49.2819
51.192
54.22
57.7538
60.5739
62.2823
61.0466
55.7069
47.314
40.5742
38.6213
47.9848
46.4905
34.9189
33.0205
38.309
48.4838
62.0562
81.4861
103.329
116.042
116.05
109.226
100.615
92.0114
84.3234
77.0198
74.9481
73.7596
75.0543
78.6911
82.8237
86.8038
91.4913
89.0155
83.2235
71.767
54.4823
38.6814
35.3025
38.495
40.0366
39.4559
38.6824
42.5528
52.4903
65.5229
77.5072
85.3124
89.8472
91.2747
90.2525
88.835
89.632
85.2684
85.9803
84.5744
82.8763
82.5645
84.4628
84.1393
88.93
88.0693
90.0448
86.2457
79.6451
68.2615
55.6835
43.9686
36.661
35.1421
36.3516
36.8732
37.9406
40.9616
48.9804
64.0558
77.9865
90.2025
99.0127
103.504
104.287
101.967
99.2708
97.4579
93.4617
86.9195
85.1743
84.9083
86.2315
88.2254
92.1663
93.0417
95.5207
93.3816
85.406
72.9467
56.9798
43.0022
30.0948
22.9152
26.0663
31.2236
35.0765
38.8777
41.411
42.7927
42.1603
38.892
38.2594
50.309
67.6816
89.6562
110.917
126.15
137.42
141.004
141.62
146.054
141.887
138.407
133.094
127.143
128.881
128.092
124.221
125.205
121.39
110.752
98.3988
84.61
68.1832
50.0303
34.7586
30.5421
32.5553
34.3882
35.9055
36.3908
38.2453
46.9506
68.4718
94.8797
119.848
135.697
147.851
150.308
154.987
145.137
140.605
132.439
126.99
126.109
118.754
127.834
134.427
133.418
133.652
129.53
119.115
102.663
85.4854
67.5538
50.8226
39.6385
38.9155
47.9288
56.2714
54.1506
46.0066
40.0615
41.449
50.9987
57.0282
64.9915
68.1706
66.214
62.3678
58.5723
53.7883
48.5264
43.9729
42.326
44.3587
49.6371
57.6155
68.0948
76.2319
75.9063
70.7263
69.2135
65.3509
66.9032
71.5115
77.0231
79.9515
79.8666
74.7542
67.0981
58.3337
49.9787
42.4482
36.287
31.8129
29.9024
32.0529
37.5156
42.739
48.2417
54.1022
57.136
57.8985
55.0321
51.0402
47.6439
43.63
42.8809
46.4662
51.3621
56.7082
61.2036
64.4097
66.2126
65.3612
60.4575
51.0688
39.7534
29.0273
21.2013
22.0236
23.1515
23.9028
17.8184
8.88608
3.58911
2.93722
15.3
12.016
13.0354
16.8121
19.7109
18.6407
13.8452
10.9675
10.5647
11.4717
12.9314
13.8277
14.0888
13.2516
11.6987
15.9129
26.8255
26.5355
22.9637
18.9125
15.1688
12.4877
11.6166
12.4094
14.6836
18.0638
21.1223
22.966
31.6099
41.2145
41.968
40.9241
39.6833
38.2327
36.2405
34.5983
33.6891
33.9987
35.4036
38.0184
41.1973
43.9472
45.33
44.349
39.6253
31.6814
22.8602
23.064
28.9322
31.2622
30.136
27.222
23.6934
21.2943
22.1171
26.2013
31.3825
36.2533
42.139
48.0523
53.1302
56.4678
59.2028
60.7347
61.6019
60.8405
59.7137
57.5121
56.0598
55.7266
56.0924
57.7257
59.987
62.6769
64.3739
63.4536
57.8883
49.8771
31.4962
28.8203
37.2124
43.7777
49.3362
51.668
49.2651
43.781
39.7654
40.6635
44.6063
48.9145
51.2493
51.8473
54.6125
61.0769
70.1165
77.6668
81.5309
81.2842
80.0746
78.8123
78.279
78.9856
79.8691
81.0753
79.5688
75.3842
67.6166
55.0414
41.4568
32.5443
27.2927
28.6138
36.2095
46.2921
54.2878
61.5856
70.3839
76.9246
81.6591
82.2677
82.8825
83.9312
82.9974
81.3618
82.1259
80.2702
78.1281
74.9158
75.822
73.3487
73.0881
72.145
68.3646
61.8979
54.1737
44.6672
36.0405
30.1298
28.0947
28.3629
28.7714
29.1306
29.5975
30.7216
32.5557
32.0055
30.1797
27.6188
25.2108
24.7845
26.1978
29.1454
34.4667
42.5235
53.6022
62.9107
67.1639
68.1467
67.8088
67.125
64.3287
62.8695
61.0794
59.3376
59.2208
59.2616
60.0945
60.6198
61.0567
59.6643
55.9396
50.0051
43.3374
39.8472
42.2591
48.6727
45.3057
32.9308
29.2147
33.2833
42.1698
53.0184
68.0432
89.58
108.741
117.224
117.013
112.037
106.679
101.237
98.817
94.7009
94.0156
92.6732
94.3585
94.066
94.2932
92.1969
87.7504
79.2181
66.529
49.9239
37.519
34.1877
34.071
32.1518
29.3641
28.8534
34.1405
44.4937
58.0711
71.8148
82.8005
90.0533
93.4326
97.1973
95.2831
99.5406
100.058
98.4029
100.273
98.7408
97.9611
97.4855
95.0685
94.6603
92.7946
90.0766
84.0729
76.7469
65.593
53.7533
42.8797
34.8829
30.8674
28.9717
27.447
27.607
32.1224
41.3618
56.0861
71.1805
84.5004
94.9316
102.214
106.206
108.267
107.395
105.576
107.116
107.065
102.804
101.07
100.17
97.9297
97.3648
95.4128
94.4124
89.0738
79.6573
67.3851
53.6578
40.6308
28.3505
22.6048
24.2519
26.8545
27.3041
27.4237
27.3694
27.1332
25.8748
24.9454
30.6899
41.9605
58.2224
79.7782
102.081
120.521
134.88
143.94
147.119
149.9
153.562
153.159
151.233
151.583
146.677
140.324
134.854
128.197
117.575
107.413
94.8417
80.5794
64.4517
46.6984
33.3711
28.7046
27.9821
27.4275
26.644
25.9681
29.0011
39.8878
61.2674
88.1392
114.456
133.978
149.413
156.212
164.513
164.42
168.217
160.699
159.174
157.162
145.252
151.157
139.73
133.976
131.108
123.108
112.479
98.2202
82.1907
65.1587
49.0994
38.4422
35.6496
43.0773
51.8605
52.2285
44.5956
37.7714
39.4615
46.9043
51.1515
58.3768
62.432
61.9466
59.5835
56.9409
54.0752
51.365
49.5874
49.3958
50.9747
54.7523
61.1809
68.0646
72.3341
67.8467
63.3962
61.4722
57.6771
59.7432
68.4168
73.9006
77.2832
76.8391
73.803
68.5244
62.2696
53.6458
44.1489
35.8595
30.1367
27.0381
27.0636
31.2686
37.4966
43.8441
49.7864
53.1321
54.7794
54.5452
52.5865
52.1644
51.9925
53.4763
55.6509
59.0563
61.9233
64.3242
65.8945
65.9993
63.4305
56.3103
45.8586
35.323
26.0489
20.7646
22.4332
22.191
20.6462
12.9715
6.61409
2.79724
2.75469
14.2377
11.1761
12.7786
16.8841
20.1752
19.7156
15.2214
12.1746
11.2701
11.422
12.1401
12.7766
12.9153
12.0106
10.357
12.668
23.106
25.8117
24.4918
21.5067
18.4183
16.1046
15.3606
16.1657
18.2538
20.5158
21.5924
20.6405
26.46
37.143
40.4674
41.0039
41.5797
41.8443
41.5089
40.969
40.4618
40.5731
41.1276
42.057
43.3914
44.3624
44.1853
41.7722
35.7402
27.4988
21.8759
22.2025
26.3904
29.5773
30.2943
29.0877
27.063
25.4727
25.6255
27.403
29.5348
31.5914
36.0788
42.6229
48.7924
53.7309
58.3703
61.8513
64.9911
66.8321
68.0086
67.7655
66.9104
65.3659
64.4155
63.1647
62.4078
61.2287
59.3689
55.1121
48.5875
41.177
28.2686
27.2291
34.9339
41.094
46.5348
50.1274
50.6011
48.7732
47.0627
47.3459
48.8583
49.4097
47.6693
45.2917
46.0328
51.6953
60.2172
69.4074
76.3226
80.3682
81.4382
81.4332
81.2264
79.7096
77.6873
76.2591
72.4765
67.4708
59.194
47.8606
37.2546
30.2183
25.6171
25.7712
31.3848
39.5313
46.9739
53.1909
62.5164
71.6842
78.7179
84.4201
87.9995
89.0103
93.4796
92.3733
91.7286
90.5596
87.5522
85.3118
81.2356
75.3166
73.2965
66.6318
61.4192
54.4274
45.8924
36.8511
29.6938
25.9469
25.4613
26.2101
27.1016
27.7795
28.4126
29.3155
31.0885
30.6831
29.3608
26.9111
24.7424
23.7026
24.1641
25.8233
29.0406
34.1471
43.1895
54.4429
61.9345
65.5967
67.2878
68.9497
69.3235
69.8765
69.4093
69.1119
67.7337
66.6229
64.5414
62.5876
59.2361
55.3879
50.3313
44.8249
40.4766
40.5572
45.5503
46.7855
41.6872
29.5196
24.371
27.4801
34.3777
43.3023
54.2782
71.7103
93.6474
108.378
116.818
119.999
119.116
118.774
116.306
115.295
112.942
108.502
105.886
101.705
96.8705
90.2349
82.5293
71.3162
56.9768
43.2004
34.6551
31.688
29.5385
26.0568
21.3827
19.2283
24.5081
34.0242
46.5138
61.8883
75.4666
86.2074
93.356
98.7601
103.552
104.88
110.675
113.015
111.164
113.11
110.496
106.616
103.625
98.7137
93.4208
88.2553
79.6322
71.1226
60.5665
49.5977
39.8281
32.8507
28.3344
25.6677
22.6103
20.3635
23.3857
31.4664
44.1418
60.0044
74.9037
87.272
97.0375
103.935
108.823
113.357
115.036
115.208
117.385
117.633
114.49
110.456
106.044
101.536
96.6258
90.6432
82.4348
72.4591
61.1277
49.0671
36.5771
25.1396
19.8289
19.0422
19.8129
19.7267
18.5512
17.3007
16.235
16.4631
19.2473
26.5717
32.8562
45.9293
65.7697
88.7068
109.795
127.138
141.438
150.456
157.514
161.718
166.714
167.707
161.225
155.761
147.317
137.436
126.662
113.386
101.767
89.0384
74.0706
57.1907
41.3011
30.157
25.0834
23.1847
22.1154
21.2017
21.3263
24.3276
31.7754
49.2943
75.263
102.91
127.296
145.366
156.002
169.517
175.658
181.583
188.999
185.356
174.69
169.505
161.754
143.216
134.242
124.883
114.721
103.158
90.2121
76.0823
60.7508
46.9168
36.9784
32.9718
38.2356
46.9276
49.3989
43.5206
36.4512
35.5995
40.9818
44.8729
51.2619
55.6926
56.8475
56.5093
55.6875
54.8015
54.3314
54.5939
55.6764
57.8968
61.2933
65.7223
68.9551
67.1732
60.1473
56.4262
55.1403
49.4703
51.2246
59.5086
66.6595
69.1894
68.3616
64.7511
59.4564
53.1678
45.5133
36.6229
29.5551
26.6454
24.8152
23.6462
25.3028
30.9907
37.765
44.0581
48.4609
51.4762
53.5707
55.3524
56.5405
59.5481
61.6623
63.9904
64.7752
65.7609
66.1178
65.5973
63.6553
58.3863
49.0195
39.0725
30.1419
23.3525
21.5805
22.4486
19.4151
15.3016
8.55781
4.29391
2.1755
2.60204
13.0796
10.2751
12.2204
16.1325
20.3555
20.6794
16.9574
13.8914
12.5286
11.9346
11.8324
11.8143
11.6587
11.0402
10.0927
11.8012
17.9798
22.9795
24.3823
23.7196
22.2709
21.1931
21.2181
22.2175
23.3891
23.6329
22.3749
18.9499
21.0773
32.268
38.5959
41.1497
43.0765
44.7503
45.7577
46.0428
46.0402
45.3258
44.7058
44.0165
43.0774
41.8381
39.703
35.9909
29.8351
24.0178
21.7983
21.8715
24.5439
27.9487
29.8941
30.4236
30.246
30.1724
30.5858
30.9507
30.2673
28.3299
29.682
36.3246
43.5168
50.0937
56.1307
61.1275
66.0305
69.2989
72.1937
73.2658
72.9931
71.5052
68.8064
64.997
61.2241
56.7643
51.3559
45.1385
37.5079
31.2183
25.1998
25.9354
31.9034
37.5643
43.2159
47.8752
50.8984
52.6288
53.8057
54.8112
54.7164
52.3805
47.0587
40.7021
38.5358
42.557
50.1444
59.0519
67.549
73.6288
77.3712
78.5381
77.4188
74.9317
72.2719
67.8544
62.8757
56.9225
48.8532
40.021
33.3452
28.5756
25.937
27.2806
31.646
35.3107
38.75
44.333
52.6556
63.6914
73.6673
81.7244
90.1319
93.4841
98.4348
101.355
100.663
98.706
96.4233
89.9114
83.83
77.0143
70.1505
62.3246
54.551
46.6267
37.9723
30.3799
25.5529
23.9682
24.1056
24.8078
25.5625
26.3958
27.0288
27.9023
29.2664
28.9888
28.4021
27.609
27.3854
27.5007
27.6745
27.7217
27.8539
29.0236
33.3211
43.4592
53.7217
60.3763
64.9451
67.7965
70.0849
71.5906
72.8967
72.5949
71.468
69.1439
65.8389
61.3268
56.6798
51.5111
46.736
42.6548
40.8191
42.8914
43.2523
42.355
37.6062
28.9008
25.0782
27.3269
30.3618
34.3811
41.8178
54.0514
74.4804
93.6794
106.336
115.018
121.05
123.742
125.959
123.903
122.111
113.65
110.997
100.097
92.6369
81.8779
70.0284
56.7247
44.4588
35.2705
30.0021
27.6837
25.6592
22.448
18.836
17.2275
19.6479
24.329
32.786
47.764
63.5081
77.2344
88.5276
96.4418
104.786
111.221
114.198
121.341
122.44
119.871
118.465
113.658
107.089
99.7035
90.3306
82.876
72.5886
63.0503
53.114
43.8537
35.9306
30.6309
27.3365
25.4038
23.4492
22.316
23.3216
25.4157
31.1208
44.8405
61.1936
75.4692
87.649
97.8288
105.42
112.276
119.263
122.622
122.939
122.405
120.281
115.471
109.972
102.315
93.288
83.9496
74.1262
64.0698
53.5863
42.4792
30.8902
21.8335
17.5357
15.7579
15.6387
15.9678
16.1954
16.6132
18.0687
20.7339
24.2628
27.997
28.1396
32.7842
49.2498
70.9441
93.5543
113.691
129.891
143.656
153.622
161.466
165.358
166.924
164.997
155.8
148.07
132.822
121.255
106.729
92.9553
78.6843
63.2967
47.7927
34.7783
26.2068
22.0357
20.7972
20.809
21.8467
23.9113
26.1324
28.0127
35.7579
57.241
85.6015
112.121
134.413
150.698
166.132
177.309
189.996
192.123
193.673
189.273
179.497
161.008
143.512
130.39
116.154
102.93
90.9799
79.3827
67.115
55.111
44.3638
35.9799
32.0006
34.7963
40.9685
45.6894
43.3132
37.2534
32.9172
34.7939
38.0407
43.4464
48.4167
51.617
53.5514
55.1711
56.7925
58.6137
60.4984
63.0384
65.3238
67.8705
68.594
66.3819
60.3571
52.0969
51.43
49.938
44.1614
43.2006
48.5622
54.081
57.0728
56.1298
52.3246
46.5374
40.8934
35.3654
28.7987
23.9394
22.4089
21.9499
21.5136
21.6894
25.1131
31.015
37.3477
42.7826
47.5722
52.082
56.2826
60.499
63.8538
66.3483
67.5111
67.9521
67.3076
65.8875
63.047
58.0303
49.7313
39.8798
32.031
26.5508
22.9064
23.3241
19.8316
13.7141
8.96076
5.04019
2.73121
1.88031
2.49664
11.767
9.6771
11.7601
15.0544
20.2267
22.0448
19.7517
16.883
14.842
13.3376
12.3544
11.4989
10.9071
10.847
12.0167
13.571
15.2068
18.7351
21.7823
23.8519
25.176
26.2668
27.4521
28.1133
27.9167
26.3665
23.5549
18.6714
17.1671
27.0506
36.0628
40.8947
44.2077
46.6312
48.3115
49.1806
49.2602
48.1121
45.9979
43.2343
40.0062
36.5089
32.8752
29.0106
24.8909
22.9767
22.7072
22.3394
23.188
25.9451
28.628
30.8815
32.8724
34.4089
35.3528
34.8729
32.6733
28.4302
25.5172
30.0806
37.7236
45.3309
52.3899
58.5834
64.2825
68.2799
71.7166
72.7095
72.5505
70.0524
66.2825
61.0254
54.9659
48.3847
41.7113
34.8753
28.2102
25.4068
25.7099
26.6359
29.4897
33.6985
39.2728
45.2706
50.6503
55.0447
58.2369
59.6244
58.4626
54.1991
47.1037
39.1127
34.9305
36.1362
41.574
48.7635
56.5388
63.4886
68.0426
70.1039
69.878
67.0358
62.6367
56.5614
50.3522
43.7297
37.2431
32.4839
30.4008
30.9561
33.1825
36.2146
38.1236
37.5113
35.089
36.3514
43.4621
53.8618
65.564
75.7246
85.2981
94.2988
99.5361
103.533
106.656
104.375
101.659
92.7053
87.5634
76.4421
67.0058
57.8186
47.3343
38.7327
31.1448
25.8192
23.5661
22.982
23.0147
23.102
23.164
23.751
24.4904
25.613
27.5829
29.34
32.0899
35.4458
38.263
39.3335
38.7834
36.5492
33.2496
29.5466
28.3382
33.4005
43.8189
52.5784
59.9114
64.5223
68.6681
70.3068
72.4988
71.7745
71.2855
68.0279
64.2139
59.4389
53.8873
48.7041
43.5219
39.6351
37.3093
37.8745
37.1905
37.3716
37.4975
37.2473
37.941
38.1246
36.8883
33.7952
32.8863
39.6532
54.7155
75.465
90.4562
101.856
109.797
115.635
117.655
116.843
113.967
106.108
99.1095
86.3272
76.0578
63.5748
52.1623
41.9501
33.7654
27.9955
24.5463
23.2424
22.7881
22.4097
22.5038
23.6236
24.8185
24.8321
23.8093
31.5425
47.2717
63.3509
77.0101
89.7298
99.3053
109.295
116.164
120.403
125.682
123.03
120.289
113.449
106.074
96.0857
84.1806
74.306
62.9448
52.9767
44.1111
36.6197
31.1377
28.2628
27.1779
27.498
28.263
29.2297
29.6886
29.2689
27.962
30.4252
44.1738
60.316
74.2789
86.4485
97.22
105.743
113.264
120.556
123.467
122.694
119.684
114.738
106.162
96.4709
85.6493
74.5731
63.9408
53.6715
43.6699
34.0173
25.6269
20.2262
18.143
18.26
19.5671
21.278
23.219
25.3254
27.9489
30.3456
31.901
32.1146
29.7826
27.2407
32.6886
50.552
72.4009
94.386
113.841
129.68
142.935
152.627
158.218
160.404
156.169
149.915
137.971
123.824
109.493
93.7739
78.7132
63.881
50.1412
38.0718
28.6501
23.5825
22.7464
23.8421
25.6505
27.804
29.6023
30.1955
29.4982
28.9891
36.8985
61.4262
88.954
114.76
137.502
156.05
170.935
183.253
194.678
193.925
193.504
172.779
156.772
139.015
121.788
103.601
88.8752
76.817
66.3771
57.0185
49.4848
42.7867
37.9291
35.4714
34.9533
37.1082
42.5307
45.0437
42.946
38.9955
35.3398
34.2624
36.0403
39.499
43.6197
48.4562
53.5013
58.4961
63.1358
66.9348
69.6398
71.3014
70.3133
67.4447
61.2385
53.1154
46.6521
49.1028
48.191
42.9393
41.3414
42.782
43.9311
44.2296
42.4397
38.7641
34.0726
29.9823
26.819
23.3145
21.1798
21.2831
21.1639
20.2599
19.4315
20.715
24.7417
30.4866
36.6188
42.9432
49.761
55.748
61.6131
65.7632
68.4402
69.5974
68.8483
67.0104
63.1478
57.4093
49.3668
39.5219
31.138
27.1294
23.7264
20.9441
18.7379
12.8488
6.98083
4.48052
3.07338
2.17262
1.89146
2.43677
10.2238
12.6399
14.3313
15.5434
20.344
23.0318
23.5361
22.0664
21.1343
20.1563
19.8513
19.6152
20.2534
22.1224
24.9221
25.6222
25.3952
26.0402
27.0006
27.9047
28.3969
28.3636
27.753
27.0342
26.3011
25.3842
24.2094
21.6738
20.3121
26.9198
33.5938
36.3329
37.5417
38.3632
39.3539
41.1677
43.3475
45.5129
46.7145
46.2846
45.0295
43.2571
41.2418
39.3339
38.3583
37.944
36.7435
35.9162
36.0237
35.7162
35.836
35.8248
35.4124
34.5109
33.3815
32.755
32.0668
30.8033
29.8673
32.2557
38.7197
43.7139
46.7174
49.5406
52.1544
54.5858
56.6701
59.4472
61.1397
62.6132
61.4124
59.8509
56.2444
53.069
49.0125
45.689
43.6201
43.5544
43.7044
43.4546
42.9994
43.383
45.113
47.1963
48.4054
47.6089
44.2878
40.1415
37.2862
34.6736
33.5477
36.9934
42.8633
47.3769
50.3381
52.4436
54.4918
56.2486
57.617
58.6629
59.6392
60.4288
58.8797
55.6899
51.4959
46.7751
43.145
40.9241
39.7812
39.4514
39.3955
38.9537
38.0237
36.6165
36.3909
42.7907
50.7371
57.5915
63.3003
68.4149
72.3153
77.8642
78.5776
82.9043
81.9734
81.2477
81.3502
77.8762
72.4031
69.8051
61.5956
57.4025
50.4585
46.1305
42.1661
40.1957
39.2483
38.9794
38.5866
38.2368
37.779
37.5928
37.4029
37.3762
37.317
37.2004
36.9979
36.4912
35.1728
33.1638
31.3026
29.6201
28.0557
26.7509
27.4904
32.8197
42.7689
50.2021
54.2138
56.9713
60.2575
61.7302
64.5925
65.2297
67.232
65.9168
64.7398
61.5854
58.3594
54.6454
51.1269
47.898
45.4452
44.458
42.926
42.1533
41.4071
40.3512
38.904
37.6966
35.8291
33.9612
32.5586
35.7867
46.6314
64.6194
75.4439
80.5083
84.1625
86.4836
89.1343
89.0463
90.0045
86.4443
82.6242
75.9396
68.7096
61.288
54.2617
48.0304
42.8017
38.7829
36.0826
34.4951
34.141
34.1267
34.8352
34.9445
35.4508
34.7622
33.4488
31.6788
34.452
47.201
56.5327
65.0822
70.6523
75.4394
82.5659
83.8187
91.6314
93.3846
97.5119
96.3133
92.9052
87.2004
82.2875
75.2733
68.1048
61.2839
54.5978
48.7537
44.3522
41.7773
39.9828
39.6989
39.4127
39.5373
39.2715
39.4737
38.9917
38.5992
39.7224
51.1718
63.4324
70.0429
74.8967
79.461
83.1295
86.428
90.3413
93.6305
95.5788
94.8639
92.413
88.0293
81.9094
75.0473
67.7866
60.3934
53.2654
46.4585
41.4266
38.8471
37.7922
38.1673
38.5547
39.5434
40.9256
41.5969
42.316
43.0743
43.2266
42.7467
41.6529
40.3379
39.2171
42.3606
56.8526
70.0229
79.3915
87.3819
93.5765
99.0166
102.688
104.593
108.667
106.089
106.207
98.1248
91.4021
82.5126
73.7452
64.2473
55.1725
47.0385
42.0923
40.6279
41.0418
42.0693
43.4492
44.8014
45.6148
45.4021
44.2485
42.3426
40.3898
40.6096
54.8012
75.0218
90.6071
103.378
113.945
128.15
132.101
139.913
148.627
141.549
143.107
132.432
121.957
111.45
101.838
92.6965
83.4292
75.2748
67.5384
60.0334
53.1727
48.095
44.576
44.3001
49.0936
52.3688
53.5986
53.7013
53.0819
52.9405
53.8466
55.6
58.6097
62.3741
66.4523
70.41
73.8428
76.2373
77.5122
77.7051
77.1527
73.9595
69.9635
62.3889
57.7236
57.3014
54.2925
48.9917
44.9759
44.6747
44.709
45.2131
44.614
42.9628
40.7173
38.2722
35.04
29.2085
26.0683
25.8304
26.7101
27.5164
28.7155
30.263
32.9065
36.852
41.5101
45.9268
50.8666
53.9684
58.2173
58.7825
60.4703
60.3243
60.6283
59.8581
58.429
56.4173
50.9981
41.209
28.9029
16.0426
10.1897
10.1745
9.59828
7.2323
5.25615
4.3405
3.70072
3.34369
2.99465
2.45581
7.39833
10.0303
11.2375
12.1541
12.9004
13.4964
13.7879
13.7003
13.3385
12.7285
11.934
10.7
8.79013
5.75494
21.7878
23.4805
24.2627
24.4479
24.4632
24.6161
24.9153
25.4166
26.3019
27.6529
29.4122
31.3638
33.7367
36.3317
38.9204
41.964
44.4311
47.2219
48.3855
49.71
48.3444
47.1822
45.0412
43.0825
40.7017
37.7324
33.517
27.6748
21.5715
17.4333
27.1394
28.2102
30.0098
32.211
33.6972
35.023
35.394
36.3048
36.754
38.3141
40.7301
43.9877
47.3781
50.7816
54.3988
57.6703
60.1889
62.5986
63.0809
62.7661
61.3433
60.6419
59.6266
58.0507
55.7546
52.3432
46.0466
35.0767
23.1518
20.5848
33.7651
38.3303
39.4655
39.8742
40.6775
42.1544
44.463
46.9381
49.5651
52.372
56.439
60.7403
65.6189
70.8805
76.6111
81.9847
86.4325
89.6505
88.9436
86.2104
81.0091
77.7172
72.6295
67.0261
59.6126
48.7005
36.9808
30.3612
29.0527
31.4563
32.5989
41.2839
51.1746
59.9214
67.5049
74.4494
81.9591
87.14
94.2513
96.3954
101.985
98.0191
98.5476
90.7477
85.7236
82.5751
75.3337
70.7682
63.1119
56.7578
52.6447
48.4074
42.8365
36.9492
33.8137
32.7375
33.25
33.8655
32.898
29.981
21.6042
25.5959
28.3691
29.5323
29.9202
30.4398
30.7568
32.2773
34.9879
38.5896
43.1728
47.8504
52.7698
57.4559
60.5693
64.8513
64.3137
65.3153
61.9023
62.5569
61.1444
61.204
60.2127
58.8879
55.5889
51.6461
44.3344
38.0916
31.8215
30.4707
28.4496
33.6566
36.5316
37.7459
41.6795
48.4857
56.2943
64.5817
72.8813
80.9447
88.265
94.2558
98.8889
99.9849
97.622
98.8897
92.223
93.9479
86.21
84.9354
77.5811
73.2864
64.4166
55.8611
50.1492
44.9634
42.7741
40.8965
39.6982
41.4588
28.1658
26.2095
30.9409
39.2481
47.6207
56.7635
63.4345
73.2221
76.7686
85.9438
86.0214
91.1141
87.666
87.4683
84.3026
81.7072
77.7989
72.6393
68.7321
63.1308
57.4215
51.1389
43.7529
37.6518
34.73
33.6029
33.2444
33.0923
33.0744
32.6223
30.5932
37.5684
47.5004
57.3233
66.5964
74.1249
83.0669
87.1502
94.2246
94.177
95.4309
94.2492
89.8937
87.9056
82.3424
78.9366
73.6288
68.2757
59.9392
50.9733
43.0541
36.58
32.7377
31.2637
30.5031
30.2548
29.463
27.9211
26.1795
24.9162
32.4696
35.1694
37.7645
41.1492
49.1242
59.543
70.205
80.7561
91.3519
101.703
108.926
113.81
115.634
114.501
108.225
100.701
98.1698
89.0582
80.894
74.8073
66.5236
56.7811
43.1534
36.5828
35.1121
34.3913
34.2639
34.0182
33.9422
34.3864
32.4066
36.882
40.9109
46.5292
55.9798
66.7476
77.5929
87.7925
97.7761
101.939
108.118
105.735
106.818
99.9775
97.3337
89.9496
85.8623
79.8593
74.3091
67.1214
57.7228
46.0681
38.9117
36.7028
36.7638
37.012
36.9909
36.8407
36.7146
36.2442
35.099
36.9638
43.7207
47.9994
48.4012
54.291
56.7294
57.3883
58.5417
60.6389
63.4277
69.8661
74.3794
75.592
74.1002
71.1721
67.9222
65.0549
63.9381
65.7366
69.4865
72.4986
75.4736
77.3722
77.9016
76.9397
73.6146
69.2006
60.9407
45.1945
18.5337
22.0388
21.0461
19.7956
21.8931
39.7156
63.7732
50.6217
45.2811
51.094
54.9331
57.5881
59.7107
61.7307
64.757
65.454
64.6047
61.8004
57.9566
53.1315
47.2141
40.5234
34.3955
29.201
24.5478
20.2022
15.5533
11.0773
7.1084
4.48201
10.8064
8.27673
8.98333
10.2486
11.5106
12.6447
13.4458
13.7153
13.4893
12.7897
11.8525
10.7868
9.40728
9.52431
22.3748
18.0683
18.0631
17.8117
17.9154
18.1959
18.5658
19.0166
19.6218
20.3363
21.1486
22.456
24.4778
27.7245
31.7554
36.6937
41.5426
46.4966
50.6568
54.1767
56.3717
57.4755
56.7336
54.6404
51.4136
46.9969
41.1372
34.1872
27.1946
27.2463
28.8998
22.8669
25.4385
27.8639
29.1603
29.2311
28.2097
27.5431
27.6941
29.2944
32.3797
36.1621
40.6718
45.9733
51.6255
57.2263
62.5503
67.1496
70.7092
72.9123
74.5184
74.1508
72.9759
70.6422
67.1776
62.0324
54.2727
43.0335
30.964
30.6562
35.9237
32.9296
34.9558
36.2919
37.0721
37.1432
37.0375
36.777
36.9693
38.3586
41.8439
47.1178
54.2188
62.9568
72.915
83.7636
94.6325
104.032
110.791
114.765
115.035
112.106
105.498
97.2349
86.2074
71.6321
55.1623
38.3424
22.876
34.382
31.1294
29.5175
38.3565
48.0674
57.5192
66.5389
76.4222
84.492
96.0069
102.187
112.273
116.459
122.532
123.124
121.281
117.472
110.392
102.676
92.1553
79.6009
65.1515
51.0632
36
29.6587
29.705
29.3685
28.1968
27.0304
26.1723
33.7425
24.692
17.3542
18.343
18.3911
18.6348
20.0361
22.8704
27.1092
31.9654
37.2577
43.0942
49.1977
55.6627
63.0319
68.2261
75.0347
79.0612
83.126
83.9016
84.731
84.0701
81.1253
77.872
72.2059
64.7999
54.5911
43.3719
31.9818
23.4808
34.5789
31.4106
19.875
20.1615
26.8623
36.4364
45.5895
54.522
64.3051
74.9771
86.372
98.0727
109.309
118.877
126.124
132.09
132.672
129.813
128.814
119.682
113.52
102.872
90.2323
73.9528
57.6107
45.1028
35.471
27.6148
25.8756
29.592
47.4416
30.3242
20.3994
28.5369
38.7934
48.9059
59.2302
69.2282
79.8765
88.8199
99.4989
105.19
112.235
113.889
113.471
111.155
105.255
98.9327
88.9364
79.783
67.3253
55.7103
44.3952
35.7044
30.5553
29.7277
29.095
27.6371
26.4659
26.1686
33.9074
35.4733
35.4115
47.7137
60.1196
72.2829
83.8383
96.6124
106.185
117.479
123.173
126.55
127.872
125.709
118.879
111.02
100.916
88.6314
75.476
60.1555
46.1067
34.9818
29.265
28.8132
29.4603
28.3375
26.5078
24.0933
21.6602
20.2106
29.1501
32.7553
20.1634
20.3677
28.5299
41.3227
55.1239
69.4507
83.7972
99.3679
115.575
129.71
143.384
154.229
154.89
152.781
145.957
132.851
114.042
99.6773
83.7318
66.834
53.8828
41.3077
31.1254
27.2502
26.9459
26.0642
25.0153
24.784
34.7881
33.2726
20.3017
25.4218
38.6581
53.9394
69.3232
84.9814
99.4628
116.159
128.285
138.441
145.176
143.495
139.327
129.611
116.816
101.735
84.0194
67.466
54.0714
44.7772
39.1396
36.4994
35.4405
34.0286
32.3445
30.635
28.6946
26.3067
37.0181
40.9423
24.0726
30.493
42.1734
58.0776
73.0187
81.067
85.0878
86.9816
87.9057
87.3245
85.339
82.1
76.7258
70.4128
63.5294
56.6555
50.7078
46.2097
45.0897
48.5194
53.7
59.5915
64.3942
66.9731
66.4491
63.9579
60.4043
53.3839
60.1658
22.3805
20.148
18.8534
19.8679
30.0981
45.0379
50.7402
46.1637
54.7082
64.0479
69.3691
71.6253
71.917
70.923
68.9284
65.7499
61.5603
56.819
51.7664
46.7011
42.1257
37
29.7474
21.6439
16.0569
13.6343
11.3989
8.73053
5.79544
5.42274
12.7008
9.63078
11.0868
12.99
14.2501
15.0152
15.4685
15.6457
15.5391
14.5626
13.0459
11.5241
10.3508
11.0784
23.5584
18.0911
17.0268
16.9336
17.9364
19.3189
20.5814
21.6906
22.7059
23.5057
24.4424
25.8652
28.2393
31.851
35.6393
39.606
42.759
46.3383
48.8593
51.6255
53.3604
54.8829
54.839
54.222
51.9555
48.7416
44.2856
38.4657
31.7976
33.5827
30.0722
23.5583
24.7619
25.6989
25.5846
25.3003
25.4379
27.5077
30.5343
34.5918
38.5197
42.2519
45.6556
49.1731
52.5061
56.4429
60.0171
63.3013
65.8924
68.1387
68.7
68.9149
68.3382
67.346
65.9334
63.6159
59.0933
50.5967
38.5654
38.6582
37.579
34.6213
34.8297
35.6727
36.745
37.7837
38.915
40.6719
42.6639
45.265
49.1936
54.1729
60.1239
66.9267
74.6308
83.0412
91.3095
99.0084
104.568
108.38
109.269
107.962
103.925
98.4307
90.8703
80.3744
65.968
49.7674
32.3554
36.0763
36.7672
35.6364
46.1584
57.3451
67.0684
74.2002
81.3348
86.1662
93.1505
96.2218
103.713
104.519
109.685
109.99
110.135
109.213
105.981
104.061
98.0046
89.49
78.1353
64.0968
47.8992
34.6925
28.7264
26.6871
27.0558
28.2298
27.8007
34.288
27.0179
17.3901
17.6613
18.021
19.4576
22.4414
26.6093
31.1251
35.4431
40.2777
45.1505
50.0578
55.1367
59.9824
63.7133
69.4304
71.5391
75.2202
76.3603
77.4792
76.5066
76.2607
74.6625
73.1941
68.8942
62.2565
51.8631
40.1035
29.494
38.8833
34.5321
19.225
23.1596
33.6954
40.6626
47.4981
56.536
66.809
77.4604
88.1313
98.2382
106.9
114.299
120.148
122.494
124.534
122.58
120.441
113.673
109.389
103.584
97.109
84.1846
69.4216
54.4407
44.6104
33.4135
25.1802
27.8894
48.7652
30.2577
25.8564
36.8422
47.9865
57.763
66.7909
74.5206
82.4714
90.2042
97.2733
102.733
109.021
110.04
111.199
108.92
104.919
101.482
94.0209
87.1289
77.8237
66.335
54.2671
43.8661
35.0477
28.2492
24.4717
24.0964
26.2106
27.2128
34.3569
41.8934
49.1832
62.4504
73.7661
83.824
92.2742
102.092
110.126
119.448
123.107
129.121
129.946
127.169
122.769
117.067
107.836
99.3599
87.3325
73.3006
57.8704
44.5131
33.6008
27.4949
25.2626
24.668
24.8504
24.4293
22.4072
20.6748
30.7543
35.5064
19.4807
23.0624
37.174
53.8721
69.7105
84.9283
99.6618
113.101
124.356
138.252
149.86
155.834
160.317
159.587
155.117
141.032
130.351
116.621
98.3469
81.7889
66.9911
52.738
39.2484
28.8196
23.7398
24.5164
26.2249
26.3812
35.1194
36.173
22.8821
33.9133
52.064
70.2339
86.2278
103.117
116.184
131.362
140.767
152.854
155.355
158.352
150.495
142.268
131.64
117.145
101.157
82.8087
66.0322
53.2813
42.4814
36.0072
32.406
31.387
32.5547
34.7222
34.501
30.1694
38.4889
43.167
27.3544
38.364
54.2575
69.4978
77.8383
80.3084
81.8421
82.9641
83.8618
84.5457
83.964
81.7211
79.026
75.39
71.1136
66.1415
60.8063
56.3395
54.7576
56.2705
58.3907
60.2726
61.4785
61.8867
60.7947
59.4728
58.6483
55.6644
66.5369
29.3256
22.6001
18.9887
26.279
44.4935
56.2615
49.1174
55.8681
64.5922
69.4591
71.0654
71.3016
71.0986
70.1453
68.5232
66.0213
62.7936
59.0071
54.7633
50.1928
45.0799
40.1608
35.4943
26.8977
14.578
8.64257
6.99028
5.87244
4.42596
5.15945
13.9007
11.8169
13.9554
15.2302
15.3551
15.0502
14.893
15.1412
15.4957
15.4669
14.4504
12.6768
11.4696
12.2381
25.3367
19.3946
17.2183
17.0857
18.6486
20.5315
22.1436
23.5484
24.6559
25.8425
27.3673
29.6393
33.05
37.1718
40.8189
42.4798
42.9893
42.8916
43.2738
43.8827
45.3044
46.4957
48.2001
49.1284
49.4099
48.6842
46.0729
41.6229
35.743
37.1549
31.3903
25.3397
24.7384
23.7156
22.4728
22.2126
24.3573
28.6086
33.8546
39.2679
43.8353
47.4516
50.1718
52.0071
53.8456
55.706
57.464
59.117
61.2163
62.0963
63.3522
63.758
63.3691
63.0039
62.8427
62.7528
61.326
56.0063
45.5607
44.1067
39.4445
38.3952
36.0451
35.5914
36.0292
37.5578
39.7889
43.1023
46.8957
50.7399
55.1874
60.6231
66.163
71.9934
77.6023
82.4012
86.8695
90.3551
93.4043
95.6505
96.9623
97.3809
96.5986
95.0552
91.4913
84.8211
73.3019
57.4914
40.375
38.1951
44.2723
41.5167
52.9993
64.5322
73.045
78.456
81.6164
82.5259
85.201
85.0101
87.9803
87.9634
90.8351
91.7725
93.3679
93.5991
94.6785
97.1052
96.288
94.5131
86.2146
72.7026
59.2857
45.1269
32.6209
25.2475
25.2752
28.5706
29.1535
35.1051
29.0368
18.4296
18.0617
18.6211
20.8944
25.0314
29.7489
34.525
39.5403
44.3772
48.8366
52.7956
55.1049
57.561
59.7267
61.795
62.6852
65.8226
67.4559
67.8998
69.1454
68.7377
69.7702
69.6311
69.6425
65.921
58.3453
47.3354
35.3332
42.4154
36.8911
20.04
29.3691
35.5151
41.3725
51.8642
64.1256
75.9009
85.6683
93.0318
97.6911
100.984
104.069
106.748
110.299
110.712
111.402
107.582
105.387
103.348
99.29
97.122
91.1239
78.4126
64.0191
51.831
41.4418
30.0845
27.6324
48.5202
30.7616
31.648
44.3372
55.5428
64.1769
69.8197
76.9266
79.2808
86.3535
88.2002
94.7618
96.6546
100.701
101.199
101.21
99.5581
97.5396
94.3193
90.2829
84.0422
75.2398
63.8885
52.7079
43.0212
33.37
25.1766
23.4952
26.6881
27.6824
34.7538
50.2503
61.9511
73.6699
82.4626
89.3215
94.9973
101.644
106.615
111.048
116.774
118.731
120.38
121.031
118.863
115.536
109.582
104.468
95.1704
84.6976
69.5359
54.834
42.7217
31.6879
25.2388
22.2178
24.3924
25.6188
22.9282
20.0964
30.8659
35.9187
19.9648
28.6394
45.467
64.1879
82.9483
96.8634
109.977
119.818
126.621
132.476
141.024
145.315
150.314
152.519
144.853
141.042
137.711
124.212
110.333
96.3649
78.9993
63.547
49.8481
36.6549
26.5122
23.977
27.3646
27.4178
34.8439
38.7479
27.4905
43.901
65.5892
85.0866
102.049
116.926
127.666
139.504
150
152.152
158.667
155.529
155.287
149.112
139.724
128.65
115.459
98.0687
80.4036
64.7542
51.3747
40.0553
33.4248
31.1135
34.5893
39.8436
40.6932
34.2332
39.5408
45.6898
33.3525
47.9671
64.3227
74.558
77.5142
77.8754
78.2219
78.5092
77.8381
77.1055
76.2924
76.9039
78.1767
78.9815
78.1384
75.3301
70.9153
67.4368
66.2785
65.6113
64.4147
61.5018
58.4268
55.5644
54.7911
55.7928
57.9222
59.2291
70.3341
34.1466
24.5884
26.8187
41.3171
57.0714
51.6971
54.9401
63.456
68.8069
70.2009
69.825
69.1416
68.4363
67.3226
65.4321
63.8259
62.2019
60.5133
58.428
54.8678
49.1893
42.7839
36.3191
31.4445
18.5168
7.93565
5.2614
4.72247
4.49916
5.18704
15.333
14.1681
15.6582
15.262
14.0527
13.0847
12.6688
12.7123
13.4736
14.6238
15.0338
13.927
12.7517
13.165
26.9712
21.0805
17.9294
17.4415
19.1306
21.1484
22.849
24.2255
25.6298
27.3007
29.4718
32.6289
37.2845
42.3081
44.4008
43.7171
40.7263
38.4345
36.2806
35.7273
35.5321
36.8449
38.6363
41.7043
44.6286
46.7337
46.6401
44.0603
39.1748
39.2896
32.7246
27.3691
25.0084
22.2974
20.085
20.3951
24.1782
30.039
36.4555
43.003
47.8927
51.7676
53.596
54.5963
54.6482
54.4208
54.3521
55.3165
55.686
56.9766
57.2094
57.4024
57.8469
58.4381
59.6092
61.2593
62.4109
60.057
51.9075
48.1403
41.7662
43.0034
38.2874
35.7751
35.2839
36.4717
39.8482
44.447
49.4184
54.705
59.79
65.748
71.7629
77.4624
81.3028
83.1799
81.7716
79.246
78.9064
79.6432
81.5838
84.3786
86.6668
89.281
89.5022
87.0033
77.8558
63.2688
45.914
40.2911
53.8597
46.4127
58.1745
69.1545
76.1513
78.9339
78.9674
76.8858
74.4568
72.5059
71.7984
71.2287
72.0791
72.1423
74.1037
77.4574
81.1542
86.4006
91.4052
94.3083
88.6827
79.9542
67.5544
53.5222
40.809
28.082
23.7091
28.8445
29.5573
35.0891
30.882
19.69
18.8228
19.4326
22.4815
27.1813
32.6063
38.0168
43.7584
48.9977
53.4627
55.6474
55.7321
55.999
53.7111
52.1508
52.5448
53.713
54.4039
57.4743
59.2379
61.8222
63.1054
65.8981
67.4093
66.9636
62.3211
52.5756
40.754
44.9896
38.0558
23.2456
32.1853
35.3612
45.8934
59.7476
74.7117
86.2287
91.8684
92.6839
90.4257
87.792
86.6797
86.1794
86.7317
89.5693
91.6533
94.0478
92.975
93.6453
93.6163
93.9289
92.4128
85.2811
70.8489
57.79
46.4186
34.8549
28.8894
47.6715
32.1202
36.9839
50.2891
60.7494
68.5443
71.329
75.1616
74.9567
78.7263
76.8336
81.9519
82.1776
85.8108
87.9494
89.7387
90.0114
90.539
90.4345
90.0082
86.7321
81.3821
71.3777
60.1703
49.2286
38.7086
29.3039
26.3503
27.9599
27.4569
35.1964
57.7784
71.1072
80.9585
87.6862
91.8706
94.5651
97.5781
96.9046
101.946
104.206
106.99
108.811
110.144
108.839
109.522
106.278
105.344
99.5565
92.5102
79.4083
64.2325
50.4917
38.3879
28.466
23.352
25.527
26.7284
23.6678
19.7174
29.887
37.3608
21.141
33.7368
52.2681
73.6162
92.7533
108.594
115.397
118.179
123.894
120.87
124.485
125.257
126.25
127.937
131.357
134.956
129.572
124.837
120.37
105.687
88.2072
73.1151
58.2878
43.8415
31.9786
26.4275
28.7212
28.0487
34.8831
40.6661
32.7312
53.7791
78.2076
98.447
114.568
125.785
132.46
139.777
138.822
146.384
147.51
154.185
149.541
147.655
142.869
136.282
125.401
111.415
93.5906
76.2955
60.4306
46.6386
36.4737
33.2975
38.0497
45.4902
46.4905
37.8346
41.3983
48.2409
39.9627
56.1263
70.2766
75.7753
75.7151
74.9224
73.4663
71.186
68.2819
66.5554
66.1755
68.4316
73.2289
79.4273
83.3038
82.5114
79.7081
76.9989
75.8814
73.0047
67.6617
61.0214
53.7233
47.8728
48.1468
53.3207
58.533
62.7821
72.4282
36.822
27.3647
37.0255
52.7476
55.0267
53.6367
60.5771
67.3248
69.0519
68.4847
66.6101
64.9058
62.8581
60.5814
59.3572
58.7997
59.0714
59.6284
59.7268
58.1017
54.2517
46.4997
37.2005
31.2558
22.6883
9.65084
5.52411
5.01402
5.73887
5.83876
16.6516
15.6471
15.7766
13.91
12.7666
12.0631
11.3257
10.8735
11.3916
13.2361
14.9656
14.8938
13.8525
13.793
29.2459
23.1724
18.9221
17.8345
19.29
21.1645
22.8289
24.225
25.5625
27.1484
29.3721
33.3422
39.9662
45.4726
46.6367
43.0243
38.6677
34.5839
31.3049
28.8028
27.4706
27.7943
30.2259
33.9879
39.155
43.9499
46.6539
46.0399
42.2028
40.1464
33.8128
29.5277
25.7545
21.5615
18.4503
19.2682
24.2723
30.9895
38.3383
45.4296
51.0365
54.4785
56.2122
56.3758
55.0405
53.437
52.4991
50.8518
50.5643
49.9062
50.7109
52.0678
52.8896
54.1434
56.3047
59.8381
63.3906
63.5857
57.5643
50.8705
42.8182
47.2689
40.5443
35.8875
33.845
34.7085
38.4336
44.5656
51.0157
57.0329
63.2068
69.3244
75.7987
81.6582
85.5094
84.4781
77.011
69.5894
63.0556
59.2531
63.1265
69.6847
75.856
83.1465
86.9738
87.7705
80.9333
67.1166
49.9291
41.0753
60.9745
49.9343
61.2789
71.9289
77.3134
78.5868
75.0647
72.5223
64.7276
61.1534
57.3576
54.1187
54.0952
54.9129
58.0581
62.8969
68.3729
76.7758
84.897
89.1813
90.2307
84.1336
71.4755
60.38
48.6176
34.0239
25.9437
28.7755
29.7032
35.9757
32.7326
21.2709
19.9129
20.4115
23.7124
29.0355
34.8236
41.2762
47.5606
53.8896
57.6832
59.0277
58.5193
54.832
48.8885
44.537
41.4882
39.2897
41.3986
45.2131
49.6695
53.2508
57.3234
60.8427
64.4524
66.5761
64.3443
56.5648
45.2022
46.3932
40.3691
27.1213
30.7736
37.8058
50.8756
67.6511
83.9684
93.9419
95.951
91.0349
83.0811
75.5373
69.0055
65.3653
64.642
67.2863
70.2752
76.4823
79.5666
83.2492
86.4443
90.4833
91.2898
87.7117
76.9038
61.367
48.4637
36.6629
29.7113
45.476
34.9434
41.1921
55.0183
64.7614
71.3412
73.1037
74.4914
70.5751
70.8026
67.252
68.0322
65.8817
68.572
70.8508
74.7337
79.6527
82.4941
84.3349
88.2755
86.9197
84.46
76.7397
65.4445
53.4327
41.7748
32.0603
28.7719
28.8506
26.782
35.7402
64.778
76.5369
85.5465
91.2919
93.4714
92.817
91.01
87.4983
87.1655
83.5979
84.6692
87.5792
93.0067
95.7374
100.575
100.058
103.169
100.74
97.4679
86.2393
71.8009
56.5144
43.5134
32.2333
26.1241
27.0202
27.1288
23.9908
19.68
29.4471
38.3046
23.7915
38.2002
58.1868
81.863
101.6
114.072
120.12
117.069
116.071
106.368
104.046
97.2978
97.9834
102.73
110.731
114.514
119.522
126.211
121.647
109.899
96.4158
80.1675
64.1073
49.4263
36.5716
29.6644
29.7559
28.689
35.8818
42.91
37.8356
63.0901
89.8103
109.304
123.613
128.707
130.559
130.087
127.057
124.932
123.714
121.236
130.245
135.933
138.271
139.307
133.291
120.949
105.115
86.2113
69.1001
52.9589
40.386
35.4858
41.8426
51.2928
52.8698
43.0652
44.518
51.0108
46.4955
62.5665
73.2801
75.0514
73.4412
71.3452
67.3683
62.6369
57.9012
55.0975
55.4851
59.8572
67.5995
77.2769
85.423
88.0119
85.4618
83.9961
82.3193
76.7478
70.0242
60.6423
48.7001
39.5531
43.8255
53.7383
60.702
65.667
72.3827
38.1415
31.0528
45.4116
55.0185
52.7896
56.6154
63.9843
68.1561
67.2754
65.3515
61.9368
58.2348
54.0592
51.4726
51.3622
52.9924
55.281
57.7445
59.2112
60.1682
57.5073
50.5478
39.8867
29.9229
24.3083
12.8112
6.78303
6.58583
6.90094
6.91455
17.4889
16.1986
14.6792
12.9643
12.4746
11.8694
10.6752
9.60012
9.87748
12.1644
15.0216
15.6352
14.7672
14.2942
30.4902
24.9749
19.8761
17.7228
18.4863
20.2423
21.8404
23.1935
24.0841
24.956
27.143
32.4055
40.9469
47.7099
46.8167
42.401
36.9519
32.4508
27.5427
23.4847
20.1942
20.0344
23.2279
28.4332
34.8071
41.6457
46.1638
47.2451
44.4178
39.4918
35.201
31.0559
26.5594
21.28
17.438
18.4108
24.0036
31.3322
39.207
46.9005
52.5814
56.5562
58.3443
57.4311
55.4456
53.5263
50.1908
46.9982
43.8103
42.6629
43.0911
44.8045
48.0906
50.9327
53.8794
58.2739
64.1199
66.7691
62.2119
51.6818
44.5271
51.5872
43.8556
36.9328
33.0139
32.7628
36.749
43.4318
51.3031
58.5318
64.8949
71.2968
77.5233
84.5314
88.6003
85.0978
76.0643
64.0143
48.9066
41.3553
47.177
57.8615
67.8634
78.0129
85.1241
88.131
82.5045
69.349
51.9153
40.8457
65.1795
51.6008
63.2051
73.1563
78.0793
78.6824
73.4557
68.6338
59.3735
52.809
43.9919
39.2765
37.9115
40.1559
45.5307
50.9941
59.5678
68.9373
76.8419
85.9732
90.2998
83.6537
74.6384
64.556
52.1669
39.9099
30.0468
29.1744
29.1288
36.0024
34.7997
22.7919
20.9225
21.142
24.6598
30.0786
36.4194
43.1941
50.8393
57.4782
61.7118
63.6158
61.4432
55.5611
48.5788
40.3632
32.9265
27.6038
28.8817
34.135
40.4632
46.8347
51.9714
56.7456
61.86
65.3104
65.3427
59.1405
48.7072
46.4486
42.7325
29.3713
31.7105
40.9454
54.8498
73.3974
91.5851
100.851
100.593
91.9366
80.0333
69.2047
58.3565
50.6235
45.8975
46.4132
52.9205
60.3823
67.3111
75.1573
79.758
85.4214
90.9909
87.705
78.5166
63.7273
48.6528
37.4258
30.1123
42.2214
40.8138
45.3463
58.8825
68.8306
74.3325
75.0381
74.2619
69.9229
66.8824
59.6136
55.5858
49.013
47.73
52.7574
59.7374
67.3433
75.5953
79.1065
84.5631
87.7952
85.0739
79.9
68.7247
55.3328
42.3583
32.605
29.0476
28.6696
26.4709
37.5674
72.1316
79.2091
88.5905
94.0953
95.1495
91.432
86.8068
78.8827
71.8383
64.2124
61.578
63.7047
72.6191
79.3704
89.7387
93.16
99.7883
99.7736
99.5978
91.089
76.3234
60.5296
46.5109
34.7096
28.3312
27.014
26.6258
23.8957
20.174
30.6284
40.1075
28.1005
42.6793
63.9987
88.1867
108.042
118.362
120.85
119.631
110.846
97.9725
87.1784
74.7444
70.4405
76.419
87.7258
99.402
113.742
120.412
117.509
114.566
101.267
84.1645
67.9333
52.6203
38.8002
31.1701
30.0548
30.023
38.5367
45.4819
44.0445
72.2595
99.8575
117.756
128.377
129.292
125.74
119.268
104.872
96.5288
90.875
99.3847
106.848
124.423
127.627
138.102
137.79
128.887
112.687
94.782
75.1693
58.113
43.3679
37.4453
44.4057
55.1467
57.8592
49.4172
51.3654
53.6195
52.4731
67.1549
74.6091
74.0039
71.0059
67.4777
61.5159
54.8329
48.1917
43.6809
44.2174
50.8999
61.9169
74.1802
85.6423
90.121
88.9539
86.9999
84.5781
78.1905
71.4576
60.7192
48.6479
43.0579
50.1429
58.1195
63.7312
66.5933
71.0848
38.9288
32.8182
50.3733
51.3019
52.5714
59.0327
64.8003
66.9594
65.1209
61.2625
55.4236
49.385
43.9758
41.0279
42.5052
46.9552
52.182
57.0136
59.8449
61.105
59.5398
53.5193
42.4079
30.3325
23.1438
16.0436
8.89631
8.40263
9.78325
10.3957
17.697
15.7061
13.5913
12.8097
12.9409
12.6701
10.6942
9.0484
9.21951
11.8158
15.0163
15.8465
15.1077
14.6316
33.1237
27.2911
21.062
17.4885
17.1086
18.57
20.052
20.7003
20.7261
21.5172
24.4267
30.559
41.2912
48.226
46.4179
41.4863
36.3603
31.0822
25.3062
19.9376
15.289
14.2977
18.7833
25.1575
32.8258
40.5823
46.2326
47.8911
45.9351
38.0459
36.3395
32.5666
27.7533
22.0027
17.1984
17.6269
23.4228
30.9913
39.1506
46.9629
53.3591
57.3237
59.1752
58.1266
56.6813
53.6656
49.4268
43.2326
37.8858
33.2439
32.9208
37.3674
42.7585
48.0842
53.1209
58.4677
65.1625
69.2179
65.9229
50.657
45.4292
53.684
46.6521
38.61
32.2717
30.3939
33.8303
41.3308
50.1
58.2854
65.2611
70.9202
77.2855
84.7893
89.1835
86.6672
77.8735
63.8628
47.5327
36.5063
40.6735
52.3098
64.632
75.8631
84.9058
87.7809
82.7445
69.4564
52.7052
41.4287
67.222
52.6378
64.3924
74.4182
78.4462
79.3511
74.067
68.0255
59.004
51.3502
40.4523
33.094
29.3221
31.9114
37.6452
45.1026
54.3255
62.8379
73.8718
83.5282
86.0344
83.4083
75.5763
64.2143
54.4873
42.9665
33.583
31.3459
30.155
37.6799
36.6523
24.4695
22.0616
21.7076
25.1863
30.4872
36.7372
44.0267
52.0979
59.8599
65.4643
66.9973
64.4521
59.5768
51.3185
41.3628
32.2305
23.0919
20.4041
27.3184
35.4839
42.5367
48.6139
54.2778
60.0036
64.5779
65.6879
60.7205
51.1262
44.9526
46.7553
30.8914
33.2561
43.0191
56.9285
75.7025
95.9768
106.653
106.19
96.1813
82.7979
68.9435
55.8681
44.0676
33.2779
30.2659
38.812
50.0116
59.5255
67.8021
77.2785
82.3387
89.6526
88.8411
77.9496
62.2407
47.7958
35.7662
28.4392
38.6636
51.7669
50.4994
62.9937
72.7293
78.5298
78.4634
76.82
73.1244
68.486
58.652
52.9
40.5362
32.5568
35.2477
48.7139
58.6222
69.7341
76.9252
81.5964
87.9495
85.8658
80.9116
70.2104
55.361
41.2507
31.0891
28.4905
32.0687
32.8496
46.8261
80.2271
79.9943
90.6272
96.4794
97.1808
92.3585
85.6638
76.0626
65.3791
52.9082
42.6249
40.785
54.8275
67.1114
79.8038
87.271
95.9129
97.7256
100.327
92.0961
79.1196
62.2918
47.2559
35.1011
28.1299
25.1741
26.1054
25.7308
24.9883
37.1746
43.6362
32.8824
47.3334
68.7598
92.8612
112.057
122.169
124.789
121.696
112.79
100.975
83.1593
63.5319
47.8306
55.028
73.9052
91.8048
105.295
113.868
120.083
115.474
102.271
86.5151
70.0052
53.4764
38.6602
30.1046
31.1233
35.5747
47.4085
50.8659
52.3004
80.8804
108.041
124.137
131.551
131.884
123.359
110.857
96.0393
82.0879
67.4498
68.1103
83.7613
106.957
126.717
131.753
138.629
133.061
119.001
99.8279
80.9272
62.2143
46.4266
39.2403
46.3144
57.9852
62.6243
56.5482
63.9873
55.8021
57.133
70.2295
74.4842
72.5407
68.6519
64.044
57.2245
48.9831
39.8478
32.9048
33.2857
43.7303
56.9046
71.895
85.7899
90.3863
86.7901
86.8969
83.1668
77.7053
70.7357
63.1126
56.7008
56.7415
60.8215
63.638
65.1191
64.4026
67.7082
38.4679
32.1054
46.5068
48.9239
52.6221
59.7803
64.6699
64.7111
62.1439
56.7121
49.5893
41.88
33.6514
28.6094
33.8843
43.2857
50.9854
57.6341
61.359
62.4467
61.2729
54.8487
44.0026
31.2998
21.927
18.8405
12.5574
13.4566
17.5947
21.1016
17.5259
14.7453
13.0405
13.2187
14.6235
14.1815
11.2181
9.27979
9.65433
12.1887
15.1246
15.8331
15.4702
15.9026
25.6119
35.583
34.546
28.2155
21.82
17.254
15.1788
15.7577
16.6174
16.8625
17.1997
18.9617
22.5664
28.9452
40.4056
48.035
45.419
41.2447
36.1713
30.9604
24.9765
19.8904
15.6013
15.102
19.1865
25.7172
33.2958
40.9035
46.0965
48.0146
46.315
39.9926
42.0941
43.3346
37.7974
34.6101
29.5003
23.3249
17.8274
17.2026
22.4768
30.0594
38.1727
46.0288
52.5469
56.9874
59.1956
58.7468
57.8992
54.2503
50.1722
42.5653
35.0078
27.5086
26.0397
32.0784
40.0744
46.4497
52.7971
59.1506
67.0231
70.866
67.5625
53.5596
45.7943
50.9884
49.7484
53.9476
49.2542
41.6024
34.0974
30.0668
32.0051
39.0822
48.1705
56.6517
63.4019
69.0692
74.6882
82.3146
87.5378
87.3054
80.3394
68.3536
56.6938
47.3689
47.646
55.4935
67.2969
77.2044
85.0081
86.8182
80.8228
68.3117
53.3925
44.4572
50.5529
56.8572
44.1101
53.9996
64.3317
74.2132
79.8443
79.1906
76.6231
70.408
62.9504
57.1987
48.1903
41.9353
36.646
35.9844
39.9861
45.8142
52.7823
62.3874
72.9957
78.7834
83.8933
81.5579
71.9343
62.9471
53.2607
43.5677
37.5508
36.3822
36.3454
35.0931
40.7387
41.6445
35.7997
29.9806
25.8719
23.7374
25.431
29.9015
35.6147
42.8202
50.9653
60.3111
66.7535
69.0713
67.9817
63.261
55.6424
47.1502
38.5288
30.7294
26.8118
29.7678
35.4128
41.8228
47.7301
53.45
59.3893
64.1298
65.2991
61.0447
51.6787
42.0808
49.7138
63.0428
46.843
35.5078
35.8106
43.6881
56.8888
75.4384
97.2403
109.863
112.095
104.098
89.3635
75.1966
63.4707
51.3153
40.8914
34.4063
40.4508
48.0743
60.3779
65.9648
77.3673
82.8256
89.7192
86.8581
76.447
60.116
43.3105
30.6294
35.6082
43.5328
53.1793
59.6608
49.3826
56.8569
67.5309
76.7035
82.4624
83.0134
81.1113
77.9161
73.4376
65.876
60.5229
50.0848
42.628
40.8309
50.2394
59.0128
69.7685
77.2771
82.1586
87.5279
86.6308
81.1265
69.6897
54.7408
40.3556
34.6251
41.9992
50.1302
55.4794
58.6463
65.3726
71.0295
66.609
81.1219
92.2878
98.3071
99.7473
95.7455
89.6726
80.3535
71.1738
58.5455
47.2538
40.5025
50.4151
62.5519
75.2051
84.6311
93.0787
96.7973
98.7932
91.6061
79.2099
61.6336
46.2862
33.4613
24.7748
23.3977
28.696
33.8532
39.5965
44.6178
55.1651
59.4037
51.2293
47.233
55.5531
73.8448
96.1152
114.574
125.727
129.416
128.511
120.409
113.103
95.0585
78.8115
62.7665
63.1806
78.9802
91.7695
105.139
116.981
121.137
113.148
102.344
87.4075
70.2133
53.0176
36.2555
29.5147
38.2163
48.0098
50.0748
55.8073
59.9342
52.5733
66.8752
91.8771
115.647
130.336
136.087
137.504
126.025
115.723
98.8153
82.9605
64.1366
60.1639
76.3942
98.612
120.886
133.505
136.049
134.926
122.068
103.607
83.7225
65.5437
48.636
40.3591
45.2886
56.5191
62.3813
57.6625
50.0179
53.6654
53.9302
54.209
61.0567
71.3537
74.0679
70.9764
66.3377
61.522
54.8172
45.7508
36.2415
28.1121
29.2655
40.6448
54.5878
68.6432
81.7644
86.3378
84.5498
82.7431
79.5887
74.1838
70.8553
67.2613
67.3839
68.5825
69.8549
68.5943
64.9271
59.6926
53.563
40.3539
37.3226
29.5243
33.763
44.9086
47.4898
52.2882
58.9021
62.9862
62.5187
59.3179
53.1122
45.4952
36.2737
26.9295
23.7842
33.89
44.7792
53.0817
59.182
63.2378
64.1196
62.1671
55.2841
44.2919
31.6514
21.822
20.6014
19.2752
22.4766
25.2808
20.2001
8.05429
4.02773
16.9478
13.6892
12.833
14.479
16.8852
15.9379
11.9057
9.71281
9.99288
12.2776
14.6039
15.3845
15.427
15.4336
15.7707
21.9495
33.3973
28.1683
22.2204
17.2675
13.8016
12.8968
13.08
13.5497
14.8677
17.5026
21.3997
27.0726
38.7444
46.5187
44.6044
40.8397
36.7525
32.0288
27.0434
23.039
20.3729
20.5479
23.6116
28.9201
35.4998
41.5798
45.9601
47.0839
44.6362
38.2945
28.0535
28.2576
35.7139
34.9376
30.4137
24.7001
19.2535
17.2832
21.3499
28.5868
36.4168
43.8194
50.5876
55.2366
58.2804
58.787
58.6987
55.8183
53.1017
46.2453
39.825
33.0918
31.3877
35.6069
42.1335
47.8992
54.0423
60.684
67.9435
71.1161
67.0432
55.7606
34.6031
33.5556
45.8514
50.6961
50.354
45.3805
37.9818
31.7718
31.2892
36.7681
44.9913
53.5116
60.5963
65.1143
69.4107
76.9375
84.2737
86.1642
82.4251
74.7428
66.5366
60.4455
59.5584
64.6905
73.2501
80.2819
84.4654
84.6513
77.8507
65.6034
51.1731
40.3747
32.7306
35.9629
43.1171
53.4002
62.8463
72.1545
79.3665
80.2143
78.5839
75.5213
68.6211
65.8144
60.0528
55.2714
52.119
49.8081
49.9245
53.0577
58.3033
65.7803
71.2545
77.8755
80.7266
75.1662
68.2827
58.8717
49.4171
41.096
36.2261
35.5018
35.7001
35.3742
35.7824
36.1109
35.5155
32.3726
28.7863
25.9125
25.7481
28.5132
33.1801
39.4551
47.9304
57.2267
65.4016
70.1587
69.7123
66.26
61.3799
54.0697
47.3239
41.5131
38.7742
38.3867
41.0416
44.784
49.6393
54.7288
59.9677
63.4328
64.0737
59.3006
50.4364
41.7604
37.1646
47.0598
46.515
35.865
35.4354
41.7857
53.3811
69.9589
91.4771
109.873
115.943
112.043
99.3421
86.0194
75.1929
65.5847
57.4113
54.4288
54.7086
59.0729
66.1526
72.7051
79.5804
86.165
90.5964
84.8658
74.1061
57.9148
39.9895
33.7766
40.1759
45.3247
47.3123
46.2435
47.9073
56.542
68.7142
78.4552
84.8578
87.2749
87.0092
83.1277
80.9687
77.2024
73.562
66.8822
64.7165
63.146
66.1938
68.8542
76.809
80.0474
86.2317
87.0113
87.0451
80.7886
69.3286
55.3671
42.9168
37.0513
40.3376
45.3778
47.43
47.8058
47.7249
51.8509
67.5644
81.1004
92.3229
99.8283
102.374
99.8811
96.2315
89.1486
82.7133
76.2556
69.0165
65.0024
67.4132
71.9377
80.6151
86.0387
91.9693
95.36
96.7559
89.2783
76.6567
60.2774
44.403
31.7223
22.2439
25.066
32.134
38.9609
45.1032
50.0174
53.3249
54.8014
50.3357
45.1981
54.9865
72.7643
95.262
114.402
127.766
133.5
136.712
133.495
126.516
120.742
109.035
100.416
95.5266
100.597
104.039
117.03
122.146
119.039
112.691
101.427
86.3113
69.9302
52.0816
35.231
30.6175
36.5066
42.1375
46.9623
48.1792
47.5929
50.9063
70.0243
95.9646
119.302
134.354
141.34
145.372
135.826
130.28
115.234
104.592
91.4531
87.4894
95.9544
109.12
120.828
133.999
138.557
130.831
122.211
104.902
85.824
67.3414
50.6599
40.3981
42.3405
52.7528
60.0994
56.3049
48.0322
41.48
42.4254
54.52
60.6647
69.4077
72.0761
69.049
64.7209
60.0153
53.7027
46.1001
38.4787
33.6848
35.826
44.395
55.1033
68.2655
80.1774
82.6777
77.8322
76.6899
72.8027
71.4553
71.5168
74.1822
76.7903
78.629
76.0158
69.7389
61.4102
51.7472
41.8808
33.892
31.4427
30.8773
34.6219
42.4345
45.8464
51.068
57.1515
60.4053
59.8175
57.4068
51.1307
44.0557
37.6514
32.2515
34.5826
42.1484
50.1574
56.9214
61.7801
64.7656
65.4725
62.0998
54.1818
42.8559
31.0502
21.8043
21.4286
22.4468
25.0701
21.2711
12.0404
4.44729
3.21004
16.2201
12.8284
12.9398
15.897
18.801
17.4259
12.7645
10.2252
10.1564
11.9248
13.8402
14.7365
14.9808
14.5335
13.6126
19.4347
29.9695
27.0576
22.1777
17.4638
13.5511
11.3571
10.9828
11.9585
13.8922
17.1472
20.9818
25.2145
35.7245
44.3713
43.314
40.8311
37.9722
34.7034
31.0684
28.239
26.6533
27.103
29.3176
33.2552
38.1837
42.8192
45.4411
45.7305
41.9686
34.9616
25.1612
25.059
32.2891
33.3245
30.2552
25.6456
20.944
18.4085
20.8558
27.1461
34.081
40.5462
47.0243
52.3103
56.1375
58.1884
59.0787
58.5063
57.0237
53.3751
49.3528
45.0352
43.7016
44.9784
48.251
51.9879
56.6058
62.1299
67.3363
68.7961
64.1112
54.7872
33.1561
30.0579
39.7696
46.8725
51.2165
50.2924
44.7619
37.6156
34.2812
37.2885
43.9824
50.8894
55.7495
58.6789
63.0753
69.8949
78.155
83.0744
83.4047
80.1482
75.8726
72.7133
72.1128
74.057
78.3711
81.605
82.9644
81.2338
73.5851
61.3572
46.6402
35.5295
29.6491
32.5035
40.7141
51.0568
59.6692
67.8351
76.2878
80.1047
80.0628
80.3334
76.2693
74.2617
72.9311
69.0252
67.9855
65.5282
64.642
64.4477
66.8262
68.7768
72.9211
76.3477
73.5235
70.0496
61.9149
51.9357
43.2979
36.1303
32.5487
32.2153
31.8913
31.7133
32.1041
33.0076
34.0929
32.6462
29.996
27.2917
25.5863
26.8271
29.7517
34.393
41.5914
51.0667
61.4301
67.9462
69.2711
68.4854
66.0894
61.1722
56.6287
52.2552
49.9607
48.6562
49.3524
51.2607
53.9141
57.1459
60.7337
62.3573
60.7938
55.5608
47.1851
40.7277
38.6317
47.7719
46.5562
34.9475
33.2763
38.5708
48.6807
62.1962
81.5548
103.428
114.824
117.119
111.987
101.07
90.5969
82.446
78.3587
73.8462
73.5727
75.3935
78.2844
82.8259
88.1821
89.449
90.0932
83.3179
71.3939
54.813
38.8597
35.2749
38.5378
40.2834
39.1526
38.6468
42.3968
52.7319
65.6432
76.9635
85.7095
90.0366
90.6691
90.5967
89.929
86.7865
88.4879
84.6414
82.638
82.5186
82.8616
82.7602
86.6539
86.1785
90.3813
88.6865
86.7246
79.3541
68.6759
55.3889
43.9729
36.7047
35.2616
36.108
37.0324
37.6859
41.0363
48.951
64.205
77.9839
90.1038
99.0791
103.885
104.131
103.021
100.004
94.1986
89.5999
88.369
85.2974
84.6408
85.3223
88.3843
89.7608
94.4585
95.0498
93.6651
85.8772
72.2797
57.4351
42.8068
30.2324
22.8152
26.1942
31.0907
35.2353
38.6026
41.5657
42.6005
42.2264
38.9323
38.3997
50.1191
67.7219
89.7567
110.628
126.985
135.578
140.991
143.999
139.506
138.07
132.734
127.69
127.393
123.517
125.773
129.935
124.784
118.557
111.779
98.9278
84.0879
68.2116
50.1369
34.8032
30.567
32.5034
34.3079
35.8599
36.319
38.2187
46.9812
68.5547
94.8227
119.245
137.466
146.16
152.117
150.235
149.347
138.577
132.392
125.202
119.174
126.952
125.316
129.605
137.004
136.177
128.028
117.9
103.464
85.6274
67.4037
50.3158
39.5469
38.881
47.5946
55.9998
54.0693
45.8713
39.9996
41.8322
50.9656
56.8065
65.363
68.0129
65.72
62.1667
58.2635
53.6004
48.3823
43.9773
41.8101
43.7904
49.0331
57.2352
67.2203
76.0955
75.0544
70.8035
68.8858
66.003
66.3347
72.1907
76.5747
80.3632
79.5762
74.9634
66.9857
58.3253
49.9443
42.3887
36.371
31.7049
29.9635
31.9732
37.7591
42.7491
48.311
54.1786
57.377
57.0712
55.497
51.7898
46.6464
43.9943
43.2143
45.6077
50.8137
56.0979
60.8898
64.4088
66.0559
65.4617
60.5631
50.9255
39.8757
29.0117
21.3126
21.9577
23.1438
23.7756
17.5235
8.62813
3.51983
2.97751
15.2711
12.0173
13.0055
16.9038
19.6136
18.6786
13.8239
10.9713
10.5267
11.5152
12.9009
13.8277
14.0575
13.2053
11.6943
15.7363
27.0131
26.6307
23.1409
19.0027
15.228
12.543
11.661
12.4134
14.656
17.9979
21.0389
22.9165
31.6188
41.1822
42.0258
40.853
39.7955
38.1529
36.3039
34.4965
33.7041
33.9545
35.5133
38.0537
41.1716
43.9384
45.343
44.2844
39.7218
31.5928
23.0254
23.0049
28.9775
31.276
30.103
27.2287
23.7155
21.3131
22.0813
26.1913
31.3219
36.217
42.119
48.1052
53.0405
56.5428
59.15
60.8684
61.3837
61.2682
59.366
57.8078
56.2383
55.694
56.2978
57.5888
60.0117
62.7546
64.5122
63.1788
58.0002
49.8098
31.5544
28.7424
37.2191
43.7336
49.3013
51.375
49.0672
43.7786
39.8126
40.4415
44.401
48.388
50.9132
52.2395
54.9946
61.0938
70.0038
77.5678
81.306
82.3226
81.2111
80.058
79.3422
79.0892
80.2626
80.1861
79.5729
75.76
67.4641
54.9831
41.6311
32.5715
27.1349
28.7481
36.169
45.9863
53.9564
61.4513
70.3438
77.742
80.5089
82.9231
83.6129
82.7928
82.5916
83.044
80.3892
79.6576
77.7406
76.7481
73.3177
74.5726
73.6068
71.3938
68.2482
62.5976
53.7115
44.6931
36.2314
30.0463
28.1698
28.3461
28.7136
29.1054
29.6969
30.7456
32.5495
31.9537
30.1791
27.6424
25.205
24.7816
26.1286
29.1641
34.3601
42.5876
53.7313
62.715
66.9528
68.2691
68.1067
66.3401
65.2963
62.5018
60.6743
59.9161
59.0635
59.5152
60.0185
60.9977
60.8252
59.5053
56.0722
50.0903
43.4493
39.7099
42.473
48.5475
45.3481
32.7559
29.0862
33.1558
42.115
52.8155
68.0824
90.1035
108.202
114.922
116.629
114.686
108.974
103.6
97.6612
96.1436
93.1447
93.6007
93.3426
94.6424
94.1695
92.4386
87.3178
79.5724
66.3963
49.5773
37.4334
34.2979
33.89
32.2507
29.1902
28.6866
34.2035
44.5059
58.0759
71.901
82.4894
90.0582
94.644
94.5131
98.9194
97.0438
98.9928
101.754
99.1352
98.9962
97.855
96.1463
96.3252
94.1638
92.7178
89.4582
85.0167
76.1802
65.7507
53.7496
42.7517
34.8268
30.8747
28.9902
27.4146
27.6047
32.0413
41.5378
55.9842
71.1647
84.5734
95.0768
102.571
105.931
106.46
108.071
109.007
105.705
102.763
102.852
101.052
98.5194
97.896
96.6281
96.8559
93.8088
88.7899
79.9404
67.2896
53.6287
40.6193
28.3809
22.5826
24.3548
26.6482
27.5559
27.2543
27.3965
26.9282
25.881
24.9899
30.7195
41.923
58.2054
79.6766
102.111
121.064
135.081
142.767
150.34
155.281
156.421
158.498
157.125
150.469
147.806
142.478
134.682
126.108
118.949
107.276
94.8018
80.7902
64.1921
46.7384
33.4582
28.6084
27.8693
27.4795
26.5859
25.9912
28.9968
39.9204
61.2553
87.8774
114.572
135.611
146.528
157.731
160.841
169.12
162.55
164.728
160.23
153.59
155.355
140.582
141.305
138.466
129.881
122.663
112.009
98.4501
82.5741
65.3216
49.4597
38.3281
35.7706
43.0482
52.0831
51.9943
44.539
37.9601
39.3132
46.5862
51.4221
58.5202
62.3672
61.8909
59.5764
56.9635
54.1737
51.4121
49.6277
49.6862
51.4614
55.3041
61.314
68.7282
72.2422
68.2913
63.1381
61.7385
57.2234
60.2728
67.845
74.2475
76.8322
77.0946
73.7124
68.8198
62.0096
53.7205
44.077
35.8047
30.1609
27.0752
27.0284
31.2878
37.4838
43.8339
49.6258
53.4765
54.5391
54.0413
53.5179
51.7485
51.8644
53.4251
56.5653
59.2286
62.1336
64.5358
65.8403
65.9778
63.4477
56.2007
45.8429
35.366
25.9667
20.9928
22.6036
22.1754
20.2588
12.9411
6.27154
2.70984
2.76603
14.2524
11.1553
12.7741
16.8932
20.1386
19.7656
15.1543
12.1982
11.2885
11.433
12.1427
12.803
12.9159
12.0258
10.3612
12.7679
22.9308
25.6767
24.3509
21.377
18.3108
16.0329
15.2507
16.1668
18.2574
20.6083
21.6013
20.6722
26.482
37.151
40.425
41.0335
41.6359
41.7997
41.5194
40.8503
40.6345
40.4955
41.0333
42.1449
43.4207
44.4089
44.2003
41.7445
35.8881
27.4124
21.9804
22.1499
26.4283
29.5759
30.2652
29.1109
27.0332
25.4749
25.567
27.4084
29.556
31.6067
36.0743
42.6529
48.7505
53.8195
58.1711
62.0701
64.7051
67.0242
67.8231
67.9175
66.7766
65.6192
64.0411
63.2799
62.3742
61.4214
59.1049
55.2481
48.5669
41.1456
28.334
27.2036
34.9497
41.1664
46.6364
50.1735
50.6209
48.7007
46.9885
47.2737
48.734
49.4916
47.9485
45.3033
45.8751
51.6993
60.2886
69.4415
76.2533
79.476
80.701
80.676
79.7928
78.909
78.1028
75.5783
72.9151
67.4746
59.1835
47.7194
37.3208
30.3904
25.3251
25.8203
31.6528
39.7327
46.8072
53.3315
62.2109
71.825
79.3731
83.6516
87.2804
91.6741
90.4799
93.2524
93.1142
91.1983
88.6824
84.1729
80.5299
77.8122
70.851
67.9466
61.3188
54.2493
45.8421
37.0208
29.6076
25.8919
25.4209
26.2542
27.0986
27.8131
28.2716
29.3641
31.0845
30.7175
29.2622
27.0039
24.7191
23.7319
24.1041
25.8185
29.0712
34.1331
43.1316
54.6323
61.7288
65.4749
67.8834
68.4181
69.4872
69.6698
69.8554
68.729
67.9518
66.4632
65.0405
62.4195
59.5948
55.3804
50.3966
44.8137
40.4642
40.6888
45.3903
46.778
41.8872
29.3568
24.4249
27.4459
34.4706
43.4013
54.1775
71.7609
94.3908
108.356
114.62
117.699
119.226
118.036
117.639
114.899
111.473
109.744
105.495
101.658
96.6652
90.7601
82.1286
71.366
56.9824
43.1802
34.7427
31.5743
29.5918
25.9566
21.5324
19.0344
24.6864
33.8275
46.4859
61.9298
75.3168
85.831
94.1
98.7459
101.788
107.781
108.736
111.231
114.509
110.976
109.922
107.69
103.011
99.0552
94.3076
86.9463
80.492
70.8911
60.5154
49.7371
40.0559
32.6722
28.4976
25.5168
22.7239
20.2709
23.4339
31.4109
44.1426
60.0312
74.914
87.1119
97.0352
104.594
109.258
111.711
115.569
119.129
117.93
114.639
112.871
110.274
106.621
101.992
96.8961
90.3074
82.4598
72.5227
61.0719
49.137
36.4589
25.2517
19.7321
19.1084
19.8126
19.7672
18.5528
17.2693
16.1706
16.388
19.2021
26.6388
32.8952
45.8788
65.8039
88.4494
109.851
127.543
140.001
148.394
155.443
161.695
163.266
163.142
162.718
156.685
147.54
136.853
125.455
114.807
101.928
88.5578
74.2475
57.347
41.1992
30.1063
25.1374
23.2813
22.1142
21.173
21.372
24.3454
31.814
49.1333
75.3026
103.484
127.091
143.661
158.389
167.37
177.379
183.274
182.066
184.439
184.356
169.085
153.535
148.477
135.03
123.945
114.084
103.145
90.4664
75.958
60.7405
46.9245
36.7977
33.0031
38.4396
46.5911
49.3535
43.7669
36.4077
35.3218
41.2367
44.8803
51.0846
55.7998
56.9722
56.5005
55.5724
54.7627
54.33
54.5759
55.768
57.658
61.2755
65.4658
68.3708
67.1857
59.9323
56.5951
54.9173
49.6107
51.1472
59.7985
66.3495
69.4665
68.1796
64.9872
59.6337
53.0856
45.5603
36.5302
29.6955
26.5425
24.8937
23.6084
25.3365
30.9414
37.8406
43.9817
48.5108
51.4913
53.5308
55.0373
57.4146
58.7991
61.5856
63.185
64.9731
65.7641
66.19
65.7241
63.5851
58.348
49.12
39.0022
30.1701
23.325
21.8894
22.7023
19.3137
14.9972
8.49884
4.07056
2.17064
2.62785
13.1058
10.3136
12.2036
16.2405
20.2688
20.767
16.8205
13.9282
12.4822
11.976
11.8129
11.8125
11.6399
11.0162
10.1242
11.6814
17.9191
23.1036
24.5213
23.8619
22.3538
21.3157
21.2779
22.2166
23.3513
23.6191
22.3801
18.9406
21.0517
32.3032
38.5772
41.1254
43.1568
44.643
45.7409
46.1689
45.8206
45.4039
44.7599
43.8888
43.05
41.7977
39.6968
35.9024
29.9337
24.0035
21.8991
21.784
24.6133
27.9386
29.9075
30.4444
30.2521
30.1936
30.568
30.9437
30.2546
28.3332
29.6645
36.3333
43.508
50.1909
55.8975
61.4807
65.6123
69.7454
71.9076
73.3751
73.1377
71.2158
68.5219
65.3799
61.1713
56.6185
51.448
45.1185
37.5363
31.1548
25.2194
25.8725
31.9523
37.5691
43.1518
47.8863
50.9224
52.582
53.8067
54.7862
54.8107
52.5029
47.0141
40.6288
38.5098
42.5448
50.1692
59.0632
67.5852
73.7942
76.966
78.0734
77.7544
75.6721
71.7464
67.9625
63.1061
56.7877
48.9314
40.0437
33.2212
28.6431
25.9379
27.164
31.6477
35.3111
38.8116
44.3785
52.6938
63.4221
73.8655
82.679
87.7515
95.4746
98.4542
99.9264
101.111
99.3183
94.4657
90.6849
84.2216
77.0794
69.4337
62.4455
54.7623
46.4685
38.1397
30.2679
25.5636
23.9779
24.0964
24.7981
25.5924
26.4227
27.0433
27.8961
29.2361
29.0558
28.4067
27.5824
27.4072
27.4671
27.6467
27.7775
27.9119
28.9354
33.3574
43.4974
53.6504
60.4801
64.8501
67.8713
69.9052
71.7867
72.5657
72.8065
71.4659
69.0944
65.495
61.4235
56.478
51.5996
46.7301
42.5787
40.9555
42.8505
43.3682
42.3069
37.7346
28.8321
25.0091
27.2787
30.4368
34.3394
41.806
54.079
74.4357
94.213
106.953
115.157
119.744
123.853
124.382
125.004
119.531
117.996
107.176
102.245
91.7176
82.0881
69.8594
56.7751
44.4481
35.2623
29.9989
27.7083
25.5662
22.487
18.849
17.1146
19.7017
24.2584
32.8674
47.7115
63.6103
77.0283
88.1288
97.6823
103.634
109.98
117.88
118.399
120.651
122.169
118.145
113.091
106.776
99.2152
91.9812
81.5563
73.0411
62.9884
53.1253
43.7427
36.0252
30.483
27.4468
25.3088
23.5222
22.2607
23.3014
25.4209
31.1528
44.8656
61.1354
75.5263
87.5311
97.5627
105.99
112.499
116.978
122.149
125.966
125.197
121.58
117.021
110.095
102.138
93.1831
83.877
74.196
64.1203
53.545
42.46
30.8113
21.9084
17.4982
15.777
15.6431
15.9922
16.1676
16.6808
18.0336
20.8762
24.2294
28.0212
28.128
32.8054
49.2401
70.9177
93.2818
113.936
131.309
143.262
153.657
161.706
167.395
168.781
163.351
158.194
145.091
135.078
120.09
107.07
92.9233
78.7964
63.1607
47.8287
34.7733
26.1193
22.0378
20.6997
20.7693
21.8301
24.0162
26.1042
27.95
35.7547
57.4647
85.4948
112.052
134.045
151.943
164.648
179.167
186.988
197.991
196.848
189.437
174.654
161.506
146.777
128.955
115.317
103.081
91.3763
79.3224
67.1391
55.0101
44.3359
36.1952
32.1053
34.6987
40.9262
45.8304
43.2426
37.0534
33.0626
34.8109
37.9488
43.5017
48.3981
51.58
53.6183
55.256
56.8014
58.5956
60.5689
62.932
65.3868
67.5902
68.7047
66.663
60.2647
52.2862
51.0254
50.5196
43.7216
43.6412
48.2242
54.5444
56.6406
56.3423
52.2532
46.507
40.9407
35.2931
28.7928
23.9337
22.4167
21.9885
21.4949
21.7061
25.1125
31.0479
37.3493
42.7929
47.5828
52.0091
56.388
60.2966
63.9057
66.5715
68.0641
67.8216
67.3568
65.8946
62.9954
58.0488
49.6428
39.9229
32.0363
26.6343
22.783
23.3101
20.1514
13.4754
8.805
5.00729
2.65769
1.8968
2.51194
11.7716
9.54847
11.6601
15.0514
20.215
22.0148
19.7722
16.9089
14.8017
13.3715
12.3232
11.5154
10.894
10.8517
11.9922
13.5681
15.1434
18.7738
21.6614
23.7562
25.0835
26.2341
27.3786
28.1738
27.85
26.3744
23.5867
18.6608
17.1722
27.0548
36.0965
40.9119
44.1303
46.6264
48.3756
49.2841
49.0851
48.0117
46.0893
43.3046
40.0116
36.5227
32.8806
28.9988
24.9108
22.9613
22.8128
22.2637
23.2363
25.9239
28.6197
30.9073
32.8382
34.4493
35.3461
34.8776
32.6626
28.4297
25.5138
30.0858
37.7269
45.3751
52.3169
58.7794
63.9452
68.7349
71.2447
73.1187
72.3308
70.4185
66.3352
61.0158
54.8754
48.414
41.7248
34.8772
28.1836
25.3929
25.6355
26.6859
29.5083
33.6161
39.2876
45.2672
50.6171
55.0069
58.2343
59.7099
58.5459
54.147
47.0442
39.1126
34.9395
36.1067
41.5556
48.8349
56.4611
63.5168
68.377
70.5132
69.8365
67.1348
62.2603
56.7935
50.2812
43.7094
37.1671
32.577
30.4193
30.7704
33.3651
36.4126
38.1388
37.5292
35.0408
36.4156
43.443
53.9413
65.0022
76.4472
85.6791
92.7407
100.455
104.985
104.842
104.828
99.8697
96.1817
84.9255
77.5291
67.4165
56.7385
48.0031
38.7424
31.0067
25.8401
23.5873
22.9985
23.0111
23.0457
23.211
23.7508
24.4914
25.6817
27.487
29.3802
32.0714
35.5053
38.1473
39.3339
38.7496
36.5986
33.1914
29.6182
28.3293
33.4279
43.6028
52.9539
59.4336
65.1562
68.0243
71.0675
71.5799
72.5899
70.6171
68.4512
64.2623
59.2407
54.0708
48.4976
43.7048
39.5799
37.3415
37.9311
37.2045
37.3736
37.4741
37.2124
37.987
38.2376
36.8601
33.7346
32.9272
39.6436
54.7246
75.4367
90.646
102.028
110.27
115.103
118.163
117.598
112.826
107.743
96.6405
88.1886
75.1825
63.7365
52.1602
41.9093
33.8347
27.9213
24.5918
23.2452
22.776
22.3916
22.5928
23.6849
24.8697
24.8107
23.8439
31.4962
47.4263
63.2848
77.1773
89.0763
100.242
108.411
116.327
122.345
122.467
123.764
119.608
114.688
105.365
95.5914
85.634
73.2585
63.1837
53.1025
44.0431
36.5869
31.1827
28.2106
27.2073
27.403
28.3542
29.2266
29.6893
29.1822
28.0072
30.4025
44.1961
60.3281
74.1865
86.5167
96.9421
106.421
113.906
118.284
122.063
123.028
120.141
113.504
106.316
96.3553
85.6163
74.6089
63.9306
53.6644
43.6822
34.01
25.6016
20.2299
18.1352
18.2836
19.5429
21.2918
23.1874
25.5054
27.8948
30.3306
31.9618
32.0444
29.7937
27.2509
32.7122
50.5329
72.4713
94.0177
113.847
130.127
142.239
151.915
158.118
159.248
157.163
148.787
138.242
124.64
108.88
93.9375
78.7358
63.8762
50.1174
38.0167
28.7356
23.6317
22.7259
23.7571
25.7331
27.7612
29.5713
30.1761
29.5237
29.0597
36.8826
61.1798
89.5033
115.16
136.42
155.189
171.895
185.22
191.575
193.981
183.266
177.028
158.776
139.47
119.987
103.939
89.3098
76.7365
66.3852
56.9451
49.3615
42.9401
38.1977
35.3332
35.0631
37.0434
42.6924
44.7191
43.2053
38.9799
35.2173
34.3126
36.0818
39.3908
43.6614
48.4172
53.5024
58.5083
63.1266
66.819
69.8105
71.0097
70.7756
67.0967
61.4014
53.1321
46.7201
48.8768
48.5983
42.6418
41.6324
42.548
44.1304
44.1561
42.4176
38.7641
33.9257
30.0535
26.8662
23.2761
21.1838
21.2965
21.1471
20.2554
19.4582
20.6565
24.7441
30.452
36.622
43.1497
49.4266
56.1016
61.4318
65.6494
68.3444
69.326
69.0275
66.9673
63.0867
57.4052
49.3725
39.5582
31.1338
27.126
23.7656
21.1078
18.9807
12.8499
6.85963
4.38907
3.07127
2.16154
1.90368
2.42373
10.279
12.6395
14.3797
15.6505
20.2025
23.152
23.3236
22.3345
21.0296
20.3157
19.6889
19.7344
20.1801
22.1472
24.872
25.5303
25.4681
25.9893
27.0505
27.9569
28.4203
28.3988
27.7569
27.1445
26.3241
25.366
24.2478
21.6699
20.3121
26.9109
33.6187
36.2972
37.5498
38.3436
39.6029
41.0336
43.1798
45.7998
46.4634
46.2978
45.0605
43.2338
41.2548
39.3449
38.3557
37.9327
36.906
35.8262
36.0435
35.6897
35.8212
35.7822
35.4584
34.4245
33.419
32.779
32.0438
30.7713
29.8672
32.2453
38.7331
43.6834
46.8274
49.509
52.0638
54.4722
57.1689
59.0184
61.2913
62.1085
61.8992
59.3009
56.8407
52.7326
49.1108
45.6365
43.6446
43.487
43.7663
43.441
42.991
43.3301
45.0936
47.1381
48.4301
47.6468
44.1907
40.089
37.2009
34.6457
33.5632
36.9963
42.8692
47.3686
50.3215
52.5023
54.371
56.3499
57.7173
58.4395
59.6209
60.4488
58.9479
55.655
51.452
46.822
43.1468
40.8631
39.8131
39.5858
39.2382
38.943
37.9646
36.6292
36.3928
42.7263
50.9875
57.3915
63.0918
68.4461
73.6787
75.5797
80.7486
80.5694
82.6804
82.6106
80.026
77.893
74.9179
67.0478
63.7601
55.9853
51.368
45.7567
42.2636
40.0842
39.3102
38.9125
38.6661
38.146
37.8819
37.5464
37.4941
37.345
37.3362
37.2109
37.0418
36.492
35.3229
33.1672
31.497
29.6052
28.0509
26.7283
27.4626
32.8314
42.481
50.3756
54.0906
57.3715
59.5887
62.6818
63.6024
66.1916
66.4457
66.7366
64.2376
61.832
58.2747
54.6799
51.0659
47.9415
45.5254
44.4588
43.0166
42.175
41.4281
40.3806
38.8883
37.6441
35.8887
33.8788
32.5758
35.8017
46.6026
64.7232
75.2337
80.5774
83.9202
86.8592
88.0054
89.995
88.8851
87.6579
82.0186
75.9429
68.689
61.3236
54.3436
47.9778
42.7933
38.8041
36.0653
34.5685
33.9825
34.3713
34.4859
35.474
35.2052
34.9422
33.4838
31.5333
34.6555
46.8024
57.1454
64.0504
70.9966
77.2408
79.6392
87.3966
88.58
95.468
95.8072
95.7696
92.7234
88.6774
81.4401
75.0691
68.4064
61.2302
54.6756
48.6307
44.5355
41.5081
40.3082
39.412
39.4692
39.5474
39.6178
39.0622
39.0179
38.7735
39.5962
51.1857
63.5354
69.9253
74.7741
79.1292
83.4492
87.1946
89.5959
92.275
94.9969
95.0904
92.6294
87.8093
81.9337
75.1286
67.7284
60.416
53.247
46.4732
41.3613
38.7986
38.0017
37.8656
38.7863
39.7124
40.5048
41.6436
42.534
42.9437
43.2716
42.7202
41.6372
40.3789
39.1439
42.4027
56.8807
69.9875
79.0767
87.413
94.3326
98.9664
102.609
105.856
106.048
109.356
103.106
99.5918
90.9889
82.9031
73.5255
64.2424
55.1863
47.0332
42.0945
40.5349
41.0223
42.1635
43.4188
44.7817
45.6294
45.4391
44.3378
42.3291
40.2133
40.8023
54.9447
74.4834
90.5851
103.692
115.257
122.158
135.324
139.943
142.358
150.133
137.651
132.132
122.449
112.024
101.578
92.613
83.4133
75.4111
67.5415
60.0729
53.6393
47.6754
44.7339
44.4398
48.9121
52.4458
53.6316
53.6361
53.0842
53.0021
53.8055
55.5864
58.6335
62.352
66.4264
70.4467
73.9014
76.1533
77.3365
78.01
76.6912
74.5237
69.4356
62.6812
57.8795
56.6432
55.1061
48.458
45.3444
44.343
45.0274
45.022
44.7136
42.9936
40.5585
38.391
34.9545
29.2731
25.9955
25.8769
26.6128
27.5362
28.6939
30.2542
32.9263
36.8748
41.3942
46.1808
50.1587
55.0597
57.0003
59.8897
59.6335
60.821
60.4545
59.8446
58.4278
56.3659
50.9999
41.239
28.9638
16.0729
10.4056
10.4715
9.66574
7.42007
5.31601
4.32297
3.7731
3.39757
3.00324
2.45087
)
;

boundaryField
{
    wand
    {
        type            zeroGradient;
    }
    frontAndBack
    {
        type            empty;
    }
}


// ************************************************************************* //
