/*--------------------------------*- C++ -*----------------------------------*\
| =========                 |                                                 |
| \\      /  F ield         | OpenFOAM: The Open Source CFD Toolbox           |
|  \\    /   O peration     | Version:  2.1.1                                 |
|   \\  /    A nd           | Web:      www.OpenFOAM.org                      |
|    \\/     M anipulation  |                                                 |
\*---------------------------------------------------------------------------*/
FoamFile
{
    version     2.0;
    format      ascii;
    class       volScalarField;
    location    "0.002250000";
    object      H2O2;
}
// * * * * * * * * * * * * * * * * * * * * * * * * * * * * * * * * * * * * * //

dimensions      [0 0 0 0 0 0 0];

internalField   nonuniform List<scalar> 
12384
(
3.49167e-07
3.59183e-07
3.48059e-07
3.61056e-07
3.60404e-07
3.55422e-07
3.43203e-07
4.80799e-08
2.24468e-09
1.30238e-10
1.34607e-11
4.06441e-13
1.23001e-14
3.95839e-16
6.15663e-12
8.60422e-11
4.6878e-10
2.94955e-09
1.31589e-08
2.41135e-08
3.32755e-08
4.12176e-08
4.2052e-08
4.18445e-08
4.23987e-08
4.19165e-08
3.78644e-08
3.74093e-08
3.24451e-08
3.14308e-08
2.36074e-08
2.10018e-08
1.50232e-08
6.64127e-09
2.1924e-09
7.44964e-10
6.4587e-11
2.61618e-11
1.29557e-11
7.68417e-13
3.6521e-15
1.32062e-17
6.95575e-20
4.13506e-22
2.53343e-16
5.19211e-14
1.92544e-11
3.87354e-09
1.93454e-08
4.25872e-08
6.28862e-08
8.13178e-08
8.64122e-08
8.31021e-08
6.82002e-08
5.54118e-08
4.64939e-08
3.45572e-08
2.5141e-08
1.91839e-08
4.15419e-09
1.80724e-09
8.62546e-10
2.34293e-10
2.46899e-11
5.82221e-13
1.17236e-14
2.56932e-17
5.63492e-20
1.04753e-22
1.59186e-25
2.15366e-28
6.81376e-31
1.40873e-30
3.32844e-37
2.97183e-35
6.39322e-33
2.43426e-32
3.41145e-32
3.91856e-32
7.71897e-32
5.05865e-31
5.48267e-30
7.90394e-29
2.53364e-26
6.91988e-24
1.08139e-20
9.87268e-20
2.61199e-19
1.1455e-19
1.61104e-20
1.9119e-22
6.94304e-25
6.4959e-28
2.59789e-31
7.31082e-35
2.41004e-38
8.57985e-42
3.14441e-45
1.00358e-48
3.55805e-52
1.21963e-55
4.46028e-59
1.61779e-62
1.036e-82
1.48757e-83
2.15268e-86
2.18109e-89
1.408e-92
8.48085e-96
3.81057e-99
1.6287e-102
6.58419e-106
2.94489e-109
1.34791e-112
4.13655e-116
1.21433e-119
3.67159e-123
1.13124e-126
3.55482e-130
1.05725e-133
3.26911e-137
1.03858e-140
3.05484e-144
9.8315e-148
2.91527e-151
8.89722e-155
3.11464e-158
1.39488e-161
5.81318e-165
2.20571e-168
7.66241e-172
1.63088e-177
2.89405e-183
8.73301e-197
2.62116e-199
3.19966e-204
2.1098e-209
1.15017e-214
5.50294e-220
2.3777e-225
9.1484e-231
3.19623e-236
9.99041e-242
2.95631e-247
8.24869e-253
2.19243e-258
5.59809e-264
1.32116e-269
2.99377e-275
6.65737e-281
1.44592e-286
3.05846e-292
6.35451e-298
1.27174e-303
2.49918e-309
4.78671e-315
9.0167e-321
0
0
0
0
0
0
0
0
0
0
0
0
0
0
0
0
0
0
0
0
0
0
0
0
0
0
0
0
0
0
0
0
0
0
0
0
0
0
0
0
0
0
0
0
0
0
0
0
0
0
0
0
0
0
0
0
0
0
0
0
0
0
0
0
0
0
0
0
0
0
0
0
0
0
0
0
0
0
0
0
0
0
0
0
0
0
0
0
0
0
0
0
0
0
0
0
0
0
0
0
0
0
0
0
0
0
0
0
0
0
0
0
0
0
0
0
0
0
0
0
0
0
0
0
0
0
0
0
0
0
0
0
0
0
0
0
0
0
0
0
0
0
0
0
0
0
0
0
0
0
0
0
0
0
0
0
0
0
0
0
0
0
0
0
0
0
0
0
0
0
0
0
0
0
0
0
0
0
0
0
0
0
0
0
0
0
0
0
0
0
0
0
0
0
0
0
0
0
0
0
0
0
0
0
0
0
0
0
0
0
0
0
0
0
0
0
3.54769e-07
3.63217e-07
3.40405e-07
3.19199e-07
3.03768e-07
3.02837e-07
2.60609e-07
2.00658e-08
2.77444e-09
7.23992e-10
2.23076e-10
8.4181e-12
5.24683e-13
1.44416e-14
1.76978e-10
2.4811e-09
1.39974e-08
4.40015e-08
1.7238e-07
1.70738e-07
1.7565e-07
1.98088e-07
1.89212e-07
1.89202e-07
1.86357e-07
1.83236e-07
1.75351e-07
1.67171e-07
1.60379e-07
1.46425e-07
1.36249e-07
1.25957e-07
1.10912e-07
4.49929e-08
2.14701e-08
1.03547e-08
3.96108e-09
1.15164e-09
2.86104e-10
8.91797e-12
1.7444e-13
1.14077e-15
3.22448e-18
1.50512e-20
2.95647e-15
1.12425e-12
6.44425e-10
2.66484e-08
9.18956e-08
2.83168e-07
3.46957e-07
3.65168e-07
3.84586e-07
4.03633e-07
4.19694e-07
4.10538e-07
4.18891e-07
4.06454e-07
3.70959e-07
2.61387e-07
5.28973e-08
1.00074e-08
3.42229e-09
2.29557e-09
1.8706e-09
6.55777e-10
1.58167e-11
8.25315e-15
4.88278e-18
4.77931e-21
1.52341e-23
7.02253e-26
3.87117e-28
5.55127e-28
1.66145e-34
2.28856e-33
5.28068e-31
2.38223e-30
5.57843e-30
9.9581e-30
4.71011e-29
2.19827e-28
1.79555e-27
1.98702e-26
6.68799e-24
2.62423e-21
2.27064e-18
2.91474e-17
7.84415e-17
4.10424e-17
8.3386e-18
7.01748e-19
9.43554e-21
4.84315e-24
2.83565e-28
3.70679e-33
4.52402e-37
1.06467e-41
3.73504e-44
1.74781e-47
1.2012e-50
4.92916e-54
1.40851e-57
4.6333e-61
1.04825e-79
6.16552e-81
6.55729e-84
5.87636e-87
3.71182e-90
2.71393e-93
9.82534e-97
4.09456e-100
1.29658e-103
4.79192e-107
1.76781e-110
3.5329e-114
2.28704e-118
6.12156e-122
2.47403e-125
1.20457e-128
5.48296e-132
2.45407e-135
6.31168e-139
1.61008e-142
4.3081e-146
1.23452e-149
3.46562e-153
4.74882e-155
3.98618e-158
1.56661e-161
5.45338e-165
1.64916e-168
4.88092e-172
9.23492e-178
6.20303e-191
1.58415e-193
2.85002e-198
1.72788e-203
8.89962e-209
4.37048e-214
1.92714e-219
8.16082e-225
2.93457e-230
1.00063e-235
3.04553e-241
9.1313e-247
2.49328e-252
6.21564e-258
1.48627e-263
3.39949e-269
7.57705e-275
1.61642e-280
3.41947e-286
6.72151e-292
1.33278e-297
2.45039e-303
4.56581e-309
8.03455e-315
1.43921e-320
0
0
0
0
0
0
0
0
0
0
0
0
0
0
0
0
0
0
0
0
0
0
0
0
0
0
0
0
0
0
0
0
0
0
0
0
0
0
0
0
0
0
0
0
0
0
0
0
0
0
0
0
0
0
0
0
0
0
0
0
0
0
0
0
0
0
0
0
0
0
0
0
0
0
0
0
0
0
0
0
0
0
0
0
0
0
0
0
0
0
0
0
0
0
0
0
0
0
0
0
0
0
0
0
0
0
0
0
0
0
0
0
0
0
0
0
0
0
0
0
0
0
0
0
0
0
0
0
0
0
0
0
0
0
0
0
0
0
0
0
0
0
0
0
0
0
0
0
0
0
0
0
0
0
0
0
0
0
0
0
0
0
0
0
0
0
0
0
0
0
0
0
0
0
0
0
0
0
0
0
0
0
0
0
0
0
0
0
0
0
0
0
0
0
0
0
0
0
0
0
0
0
0
0
0
0
0
0
0
0
0
0
0
0
0
3.42921e-07
2.46939e-07
1.42624e-07
7.15384e-08
7.2198e-08
1.03054e-07
3.38132e-08
7.86117e-09
3.09484e-09
1.48675e-09
6.30748e-10
4.33814e-11
6.44844e-12
3.8889e-13
9.8277e-10
1.60008e-08
8.78323e-08
1.39132e-07
1.41247e-07
1.46544e-07
2.50611e-07
3.3558e-07
3.80357e-07
3.8575e-07
3.38244e-07
2.84145e-07
2.74043e-07
2.69155e-07
2.67292e-07
2.83179e-07
2.60634e-07
1.47995e-07
1.20151e-07
1.06091e-07
9.42921e-08
7.5133e-08
2.46133e-08
1.12018e-08
3.07642e-09
6.56118e-10
2.56038e-11
1.41087e-13
1.02121e-15
1.37826e-18
4.61797e-15
2.07502e-12
8.95809e-10
2.43892e-08
4.82483e-08
1.57929e-07
2.14621e-07
2.26268e-07
2.24987e-07
2.5817e-07
2.98563e-07
3.29058e-07
3.43563e-07
3.82144e-07
4.08159e-07
4.1892e-07
2.9148e-07
1.10609e-07
2.80699e-08
2.19851e-08
9.50091e-09
8.00933e-10
4.22126e-10
7.55064e-11
7.50049e-14
7.59401e-19
1.98088e-22
9.79219e-24
2.59536e-25
2.24865e-25
5.97061e-32
1.19702e-31
7.09831e-29
1.02406e-27
4.28223e-27
3.77301e-27
4.1839e-27
1.58492e-26
3.40889e-25
2.28438e-23
1.25267e-20
6.91936e-18
5.07311e-15
1.37762e-13
1.56519e-13
2.8928e-14
1.65997e-15
3.88877e-17
2.04012e-19
6.26282e-22
7.2493e-24
1.64158e-26
4.86855e-31
1.11544e-36
3.46635e-41
3.63608e-46
1.16607e-49
2.72027e-52
8.14497e-55
5.71982e-58
2.78991e-77
1.2253e-77
4.98075e-80
1.99442e-82
3.67732e-85
4.94522e-88
2.32197e-91
8.18547e-95
1.55878e-98
1.99428e-102
3.07875e-106
3.6839e-110
3.14654e-115
5.18626e-119
1.16805e-122
2.82723e-126
6.54911e-130
1.91849e-133
2.13127e-138
5.4587e-142
1.66623e-145
5.18536e-149
1.64492e-152
5.09597e-154
1.18416e-156
5.28015e-160
3.62634e-163
1.34548e-166
5.078e-170
6.10102e-174
2.16403e-187
6.03457e-190
1.69874e-194
6.71247e-200
3.12798e-205
8.64359e-211
4.291e-216
1.2241e-221
5.77441e-227
1.53375e-232
6.34685e-238
1.76688e-243
6.15049e-249
1.60745e-254
4.29859e-260
1.07128e-265
2.55889e-271
5.84231e-277
1.24461e-282
2.58941e-288
5.08532e-294
9.43372e-300
1.67337e-305
2.937e-311
4.71266e-317
7.90505e-323
0
0
0
0
0
0
0
0
0
0
0
0
0
0
0
0
0
0
0
0
0
0
0
0
0
0
0
0
0
0
0
0
0
0
0
0
0
0
0
0
0
0
0
0
0
0
0
0
0
0
0
0
0
0
0
0
0
0
0
0
0
0
0
0
0
0
0
0
0
0
0
0
0
0
0
0
0
0
0
0
0
0
0
0
0
0
0
0
0
0
0
0
0
0
0
0
0
0
0
0
0
0
0
0
0
0
0
0
0
0
0
0
0
0
0
0
0
0
0
0
0
0
0
0
0
0
0
0
0
0
0
0
0
0
0
0
0
0
0
0
0
0
0
0
0
0
0
0
0
0
0
0
0
0
0
0
0
0
0
0
0
0
0
0
0
0
0
0
0
0
0
0
0
0
0
0
0
0
0
0
0
0
0
0
0
0
0
0
0
0
0
0
0
0
0
0
0
0
0
0
0
0
0
0
0
0
0
0
0
0
0
0
0
0
2.77796e-07
8.99873e-08
3.14543e-08
1.37484e-08
1.26862e-08
1.97402e-08
6.70962e-09
9.44538e-10
7.25299e-10
7.58901e-10
6.8344e-10
2.19586e-10
3.9053e-11
3.33027e-12
2.34772e-09
5.31495e-08
2.06577e-07
3.13362e-07
3.07218e-07
5.06707e-07
5.26031e-07
5.06807e-07
5.03161e-07
5.49339e-07
5.62202e-07
5.42949e-07
4.71249e-07
3.68279e-07
3.16989e-07
3.31194e-07
5.26108e-07
5.05709e-07
4.17596e-07
4.30816e-07
4.38025e-07
3.21902e-07
2.20829e-07
1.2707e-07
2.63054e-08
2.34536e-09
1.6259e-10
1.62419e-13
3.30511e-15
1.4236e-17
4.20236e-15
1.90223e-12
6.51176e-10
2.28293e-08
9.04877e-08
2.39874e-07
2.2285e-07
2.0572e-07
1.88493e-07
1.91142e-07
2.16161e-07
2.32016e-07
2.45106e-07
2.63985e-07
2.95399e-07
3.69947e-07
3.97813e-07
3.93885e-07
4.12212e-07
1.89405e-07
1.13107e-08
2.39066e-09
6.83556e-10
3.81626e-10
9.15012e-11
3.48604e-13
2.11293e-18
2.30626e-21
9.79957e-23
1.17812e-22
2.5381e-29
1.02693e-28
2.71498e-26
4.43777e-25
4.63949e-25
3.51059e-25
2.0255e-24
1.71446e-23
1.26546e-22
2.1309e-21
2.73002e-18
1.43325e-15
3.59738e-12
3.06021e-10
5.04365e-10
1.08565e-10
2.91543e-12
7.68824e-14
1.98772e-16
1.82817e-19
1.77216e-22
5.59705e-25
9.05081e-27
8.45332e-30
2.34094e-34
5.92076e-40
3.64372e-45
7.46011e-50
2.9391e-52
6.88215e-55
3.6374e-72
5.40055e-72
2.88813e-74
1.54136e-77
2.56004e-81
5.74058e-85
1.92003e-88
6.06037e-92
4.91297e-95
1.33775e-97
1.26894e-100
2.71532e-104
3.88777e-108
5.58813e-112
8.9275e-116
1.43205e-119
2.46556e-123
5.36326e-127
3.62575e-132
9.11563e-136
1.85029e-139
5.68914e-143
1.37945e-146
7.34144e-150
1.9589e-152
5.07326e-156
1.14762e-159
2.40503e-163
3.99759e-167
2.95234e-171
1.08829e-180
2.21195e-183
2.6027e-188
1.06665e-193
1.90422e-199
5.10829e-205
1.094e-210
3.72445e-216
1.08265e-221
4.10548e-227
1.25569e-232
4.96139e-238
1.49502e-243
5.03893e-249
1.36846e-254
4.2114e-260
1.07759e-265
2.86646e-271
6.61417e-277
1.49359e-282
3.03907e-288
5.82178e-294
1.02193e-299
1.71429e-305
2.60838e-311
3.86862e-317
5.43472e-323
0
0
0
0
0
0
0
0
0
0
0
0
0
0
0
0
0
0
0
0
0
0
0
0
0
0
0
0
0
0
0
0
0
0
0
0
0
0
0
0
0
0
0
0
0
0
0
0
0
0
0
0
0
0
0
0
0
0
0
0
0
0
0
0
0
0
0
0
0
0
0
0
0
0
0
0
0
0
0
0
0
0
0
0
0
0
0
0
0
0
0
0
0
0
0
0
0
0
0
0
0
0
0
0
0
0
0
0
0
0
0
0
0
0
0
0
0
0
0
0
0
0
0
0
0
0
0
0
0
0
0
0
0
0
0
0
0
0
0
0
0
0
0
0
0
0
0
0
0
0
0
0
0
0
0
0
0
0
0
0
0
0
0
0
0
0
0
0
0
0
0
0
0
0
0
0
0
0
0
0
0
0
0
0
0
0
0
0
0
0
0
0
0
0
0
0
0
0
0
0
0
0
0
0
0
0
0
0
0
0
0
0
0
1.36562e-07
4.12372e-08
1.96315e-08
1.47537e-08
1.30761e-08
1.0795e-08
7.58199e-09
9.42629e-09
5.4699e-09
1.47105e-09
4.48875e-10
4.29508e-10
1.63983e-10
1.12847e-11
5.41755e-09
1.3212e-07
3.66057e-07
4.38016e-07
4.06358e-07
2.42508e-07
1.61779e-07
1.44093e-07
1.42308e-07
1.41417e-07
9.16177e-08
5.59289e-08
3.36566e-08
2.37708e-08
2.16384e-08
3.70353e-08
1.01405e-07
3.00665e-07
4.1892e-07
4.22937e-07
4.6479e-07
4.53543e-07
3.99703e-07
3.03323e-07
1.27393e-07
1.15833e-08
6.24325e-10
4.19255e-14
3.93053e-16
9.80746e-17
3.03558e-15
1.27713e-12
2.58652e-10
1.74443e-08
1.08176e-07
2.69229e-07
2.14744e-07
1.65232e-07
1.50223e-07
2.09141e-07
2.97491e-07
3.32288e-07
3.31453e-07
3.15629e-07
2.91837e-07
3.17649e-07
3.09305e-07
3.16621e-07
3.2007e-07
3.9539e-07
1.87014e-07
2.70112e-08
1.07653e-09
5.45013e-10
3.96135e-10
1.81287e-10
1.16092e-12
6.84646e-18
3.68294e-20
6.37997e-20
1.31112e-26
3.37457e-25
2.93074e-23
4.22841e-23
4.03815e-23
2.15744e-22
1.06017e-21
1.86904e-21
3.10245e-20
2.90412e-18
6.20052e-15
3.95759e-12
8.87282e-10
9.354e-10
7.76805e-10
5.28877e-10
2.35245e-10
3.27551e-11
1.56207e-13
2.3733e-16
1.54723e-19
8.55139e-23
1.44301e-25
1.49801e-27
1.24634e-29
7.25601e-34
1.42224e-38
2.26648e-44
5.89663e-49
3.4883e-52
6.42058e-67
2.62558e-67
4.66326e-71
1.17414e-74
5.66265e-78
1.91644e-81
3.26855e-85
4.48622e-89
9.20935e-93
5.43025e-96
1.12416e-98
6.3192e-101
1.38809e-103
4.01026e-107
8.47605e-111
1.8132e-114
4.0055e-118
9.14339e-122
2.06945e-125
5.42494e-129
1.1826e-132
3.28494e-136
6.90084e-140
1.93404e-143
3.86148e-147
8.94481e-151
1.7069e-154
2.59985e-158
3.45972e-162
2.63091e-166
8.94384e-174
2.8735e-176
2.89115e-181
6.93209e-187
1.21206e-192
1.48654e-198
2.4064e-204
4.27265e-210
1.18834e-215
3.14488e-221
1.0326e-226
2.96551e-232
1.09791e-237
3.45091e-243
1.50752e-248
4.87388e-254
1.79467e-259
5.28769e-265
1.58536e-270
3.85682e-276
9.36286e-282
1.8641e-287
3.65318e-293
5.96398e-299
9.22746e-305
1.17235e-310
1.48144e-316
1.82804e-322
0
0
0
0
0
0
0
0
0
0
0
0
0
0
0
0
0
0
0
0
0
0
0
0
0
0
0
0
0
0
0
0
0
0
0
0
0
0
0
0
0
0
0
0
0
0
0
0
0
0
0
0
0
0
0
0
0
0
0
0
0
0
0
0
0
0
0
0
0
0
0
0
0
0
0
0
0
0
0
0
0
0
0
0
0
0
0
0
0
0
0
0
0
0
0
0
0
0
0
0
0
0
0
0
0
0
0
0
0
0
0
0
0
0
0
0
0
0
0
0
0
0
0
0
0
0
0
0
0
0
0
0
0
0
0
0
0
0
0
0
0
0
0
0
0
0
0
0
0
0
0
0
0
0
0
0
0
0
0
0
0
0
0
0
0
0
0
0
0
0
0
0
0
0
0
0
0
0
0
0
0
0
0
0
0
0
0
0
0
0
0
0
0
0
0
0
0
0
0
0
0
0
0
0
0
0
0
0
0
0
0
0
4.47675e-08
5.28971e-08
7.77216e-08
1.08078e-07
9.07787e-08
2.34476e-08
4.29481e-08
1.09065e-07
6.22852e-08
4.09684e-08
1.35795e-08
1.4976e-09
7.7308e-10
4.20797e-11
1.12227e-08
2.05626e-07
3.84505e-07
2.40183e-07
1.41479e-07
1.26089e-07
1.19153e-07
1.00534e-07
6.58727e-08
3.73442e-08
1.82799e-08
9.54504e-09
5.40699e-09
3.9528e-09
4.26514e-09
8.24713e-09
2.30854e-08
5.66786e-08
1.06802e-07
1.55078e-07
2.63347e-07
3.29549e-07
4.02843e-07
3.87892e-07
2.61745e-07
1.17517e-07
5.02329e-09
9.73917e-11
1.17062e-13
7.64583e-15
1.71941e-15
7.56552e-13
1.04381e-10
7.27453e-09
7.28697e-08
2.67167e-07
2.31203e-07
1.27317e-07
1.34111e-07
3.39395e-07
5.10302e-07
2.35237e-07
1.49068e-07
2.36011e-07
4.07755e-07
4.00473e-07
3.78686e-07
3.29028e-07
3.03506e-07
3.2735e-07
3.99958e-07
1.53185e-07
1.16188e-08
3.29255e-10
2.89375e-10
5.4363e-10
9.5947e-10
1.84876e-12
1.89862e-17
2.54817e-17
5.50406e-23
1.99116e-21
2.55378e-20
6.37552e-21
1.12295e-20
1.20953e-19
2.15231e-19
5.7633e-19
5.0818e-17
5.69607e-15
2.96795e-12
1.65688e-10
3.4615e-10
1.66274e-10
8.69065e-11
9.18049e-11
9.7805e-11
6.25726e-11
1.57591e-11
8.34363e-14
1.20793e-16
7.25839e-20
3.2257e-23
4.31556e-26
3.7637e-28
6.22979e-30
7.66426e-34
1.27932e-38
2.12008e-44
1.17396e-48
2.17464e-62
4.74115e-64
1.63756e-67
1.34429e-70
2.3249e-74
5.47562e-78
1.7006e-81
1.82538e-85
2.18137e-89
4.54579e-93
2.10461e-96
3.44852e-99
1.40388e-101
5.08636e-104
8.43703e-107
3.64854e-110
1.18904e-113
3.73374e-117
1.05372e-120
3.11366e-124
8.30517e-128
2.52311e-131
6.24796e-135
1.63035e-138
4.02254e-142
8.91164e-146
1.74001e-149
3.10364e-153
3.75332e-157
2.74383e-161
6.97982e-169
5.38386e-171
1.5497e-174
3.65732e-180
4.87837e-186
5.27582e-192
5.11061e-198
6.86381e-204
1.17578e-209
2.96561e-215
6.99899e-221
2.12007e-226
5.84158e-232
1.99816e-237
6.34847e-243
2.51436e-248
9.51116e-254
4.17855e-259
1.46926e-264
4.80872e-270
1.34051e-275
3.28241e-281
6.93457e-287
1.2679e-292
1.88587e-298
2.28739e-304
2.47679e-310
2.72476e-316
3.26083e-322
0
0
0
0
0
0
0
0
0
0
0
0
0
0
0
0
0
0
0
0
0
0
0
0
0
0
0
0
0
0
0
0
0
0
0
0
0
0
0
0
0
0
0
0
0
0
0
0
0
0
0
0
0
0
0
0
0
0
0
0
0
0
0
0
0
0
0
0
0
0
0
0
0
0
0
0
0
0
0
0
0
0
0
0
0
0
0
0
0
0
0
0
0
0
0
0
0
0
0
0
0
0
0
0
0
0
0
0
0
0
0
0
0
0
0
0
0
0
0
0
0
0
0
0
0
0
0
0
0
0
0
0
0
0
0
0
0
0
0
0
0
0
0
0
0
0
0
0
0
0
0
0
0
0
0
0
0
0
0
0
0
0
0
0
0
0
0
0
0
0
0
0
0
0
0
0
0
0
0
0
0
0
0
0
0
0
0
0
0
0
0
0
0
0
0
0
0
0
0
0
0
0
0
0
0
0
0
0
0
0
0
8.89008e-08
2.39319e-07
4.52479e-07
5.63746e-07
5.1057e-07
2.34778e-07
3.2333e-07
3.86229e-07
2.76682e-07
2.3322e-07
1.1465e-07
2.78274e-08
3.46338e-09
2.69316e-10
2.7129e-08
2.52213e-07
3.82353e-07
2.02543e-07
1.40795e-07
1.57146e-07
2.37943e-07
1.70562e-07
7.56786e-08
2.94632e-08
1.16896e-08
5.51921e-09
2.96186e-09
1.8692e-09
1.70078e-09
2.40489e-09
5.72537e-09
1.37687e-08
2.84066e-08
5.79781e-08
1.1845e-07
2.14415e-07
3.24949e-07
4.06066e-07
3.49572e-07
2.07144e-07
1.70225e-08
2.78974e-09
7.84893e-11
1.05138e-12
5.59758e-16
3.42609e-13
3.96853e-11
1.76409e-09
5.15195e-08
4.09718e-07
3.29438e-07
1.26004e-07
1.13507e-07
3.20857e-07
2.01434e-07
2.30874e-08
8.663e-09
6.9264e-09
1.41015e-08
5.28913e-08
2.06512e-07
3.96449e-07
3.4849e-07
3.16584e-07
3.35648e-07
4.14557e-07
2.48311e-08
1.77338e-09
6.45007e-11
2.37253e-10
1.25034e-09
7.7121e-09
5.66119e-13
9.0833e-15
3.72805e-19
3.22051e-18
1.51038e-17
3.12984e-18
3.49211e-18
3.29394e-17
7.10916e-17
8.51116e-16
2.57665e-14
1.38406e-12
5.49823e-11
3.64945e-10
1.8406e-10
6.53761e-11
1.6464e-11
2.40021e-11
4.04133e-11
5.89823e-11
1.25479e-11
4.31641e-12
2.24916e-14
3.46945e-17
1.88666e-20
9.32467e-24
9.18744e-27
6.29438e-29
1.0194e-30
5.29691e-34
1.04004e-38
5.07706e-44
2.10164e-58
1.49204e-60
8.45303e-64
1.26671e-67
2.94837e-72
7.56606e-77
6.86697e-80
6.03006e-82
1.12365e-85
1.49244e-89
2.50153e-93
1.06756e-96
1.5052e-99
4.02478e-102
1.14395e-104
2.07597e-107
2.56718e-110
1.84448e-113
9.88441e-117
4.25031e-120
1.63395e-123
5.92425e-127
1.95366e-130
6.30739e-134
1.96345e-137
5.0065e-141
1.2252e-144
2.24497e-148
2.93436e-152
2.02471e-156
6.38648e-165
1.90937e-167
8.35748e-171
3.9648e-174
8.70705e-180
9.94849e-186
9.11254e-192
8.97815e-198
1.29002e-203
2.43939e-209
5.64227e-215
1.34294e-220
3.62493e-226
1.00287e-231
3.14236e-237
1.02742e-242
3.74139e-248
1.5093e-253
6.8532e-259
3.01072e-264
1.1277e-269
3.50896e-275
9.07996e-281
1.87698e-286
2.93478e-292
3.44042e-298
3.48977e-304
3.44003e-310
3.61941e-316
4.00193e-322
0
0
0
0
0
0
0
0
0
0
0
0
0
0
0
0
0
0
0
0
0
0
0
0
0
0
0
0
0
0
0
0
0
0
0
0
0
0
0
0
0
0
0
0
0
0
0
0
0
0
0
0
0
0
0
0
0
0
0
0
0
0
0
0
0
0
0
0
0
0
0
0
0
0
0
0
0
0
0
0
0
0
0
0
0
0
0
0
0
0
0
0
0
0
0
0
0
0
0
0
0
0
0
0
0
0
0
0
0
0
0
0
0
0
0
0
0
0
0
0
0
0
0
0
0
0
0
0
0
0
0
0
0
0
0
0
0
0
0
0
0
0
0
0
0
0
0
0
0
0
0
0
0
0
0
0
0
0
0
0
0
0
0
0
0
0
0
0
0
0
0
0
0
0
0
0
0
0
0
0
0
0
0
0
0
0
0
0
0
0
0
0
0
0
0
0
0
0
0
0
0
0
0
0
0
0
0
0
0
0
4.08736e-07
6.99035e-07
6.90643e-07
5.94531e-07
5.28867e-07
5.15971e-07
4.03307e-07
3.46884e-07
3.63723e-07
3.51092e-07
2.60965e-07
1.14364e-07
1.69963e-08
7.16301e-10
2.62367e-07
2.21484e-07
3.42417e-07
4.38095e-07
3.35066e-07
3.19023e-07
4.74252e-07
5.22399e-07
3.15281e-07
7.9586e-08
2.72165e-08
1.07638e-08
4.58379e-09
1.99315e-09
1.02607e-09
1.01006e-09
1.53365e-09
3.30421e-09
8.12165e-09
1.91255e-08
5.36533e-08
1.34964e-07
3.59909e-07
3.52135e-07
2.64174e-07
1.64983e-07
3.34805e-08
8.16321e-09
4.27831e-10
2.16509e-11
5.54698e-15
9.9099e-14
8.98914e-12
4.73394e-10
2.46904e-08
5.56509e-08
4.07599e-07
1.59405e-07
1.03298e-07
2.25722e-07
2.45276e-07
1.35971e-08
2.5549e-09
1.05424e-09
1.06866e-09
3.27186e-09
2.02897e-08
1.62969e-07
4.10508e-07
3.65506e-07
3.45198e-07
4.01663e-07
1.78806e-07
3.91454e-09
3.32039e-10
1.29962e-10
3.07455e-10
4.21786e-09
2.61292e-09
5.87824e-12
4.22474e-15
5.86438e-15
6.27066e-15
1.6039e-15
1.05059e-15
2.97872e-15
1.26429e-14
2.3058e-13
3.6657e-12
5.68629e-11
3.73717e-10
3.30149e-10
1.23336e-10
1.56445e-11
1.09481e-11
1.12055e-11
1.65946e-11
2.04945e-11
1.2454e-11
3.68179e-12
1.38806e-12
3.87458e-15
3.12954e-18
1.34159e-21
5.19006e-25
5.33138e-28
2.829e-30
4.5559e-32
3.54183e-35
8.53508e-41
1.11018e-54
9.13052e-57
1.21239e-60
8.17136e-66
8.36773e-71
9.59495e-75
2.10188e-76
9.83333e-79
1.55234e-82
2.42582e-86
4.05311e-90
8.2585e-94
4.44011e-97
5.91479e-100
1.23885e-102
2.27049e-105
2.97711e-108
3.09981e-111
2.99606e-114
2.36884e-117
2.16535e-120
1.32665e-123
7.79965e-127
3.81162e-130
1.60371e-133
5.6533e-137
1.79217e-140
4.24792e-144
6.53217e-148
4.97714e-152
1.26561e-161
1.33243e-164
2.3088e-168
1.11979e-171
6.96647e-175
1.70332e-180
2.73782e-186
3.2748e-192
5.21595e-198
9.39883e-204
1.94841e-209
4.09174e-215
9.3718e-221
2.31411e-226
6.26518e-232
1.82885e-237
5.88678e-243
2.09654e-248
8.2192e-254
3.6268e-259
1.68548e-264
7.13878e-270
2.36223e-275
5.71909e-281
9.30811e-287
1.1468e-292
1.16567e-298
1.13335e-304
1.11665e-310
1.11449e-316
0
0
0
0
0
0
0
0
0
0
0
0
0
0
0
0
0
0
0
0
0
0
0
0
0
0
0
0
0
0
0
0
0
0
0
0
0
0
0
0
0
0
0
0
0
0
0
0
0
0
0
0
0
0
0
0
0
0
0
0
0
0
0
0
0
0
0
0
0
0
0
0
0
0
0
0
0
0
0
0
0
0
0
0
0
0
0
0
0
0
0
0
0
0
0
0
0
0
0
0
0
0
0
0
0
0
0
0
0
0
0
0
0
0
0
0
0
0
0
0
0
0
0
0
0
0
0
0
0
0
0
0
0
0
0
0
0
0
0
0
0
0
0
0
0
0
0
0
0
0
0
0
0
0
0
0
0
0
0
0
0
0
0
0
0
0
0
0
0
0
0
0
0
0
0
0
0
0
0
0
0
0
0
0
0
0
0
0
0
0
0
0
0
0
0
0
0
0
0
0
0
0
0
0
0
0
0
0
0
0
6.89032e-07
5.28691e-07
4.09212e-07
3.37406e-07
3.22172e-07
2.72967e-07
2.00809e-07
1.8723e-07
3.09796e-07
3.76557e-07
3.03209e-07
1.1632e-07
1.29792e-08
4.11611e-09
2.15585e-08
7.2418e-08
1.56125e-07
1.89316e-07
2.66839e-07
4.34784e-07
4.82478e-07
4.85857e-07
5.13991e-07
4.74325e-07
5.36661e-07
4.43073e-07
1.4767e-07
4.13572e-08
1.29556e-08
3.08233e-09
9.79054e-10
5.19981e-10
5.56351e-10
1.03883e-09
2.8937e-09
8.49683e-09
2.34665e-08
6.85805e-08
3.6833e-07
2.27622e-07
1.25985e-07
1.02577e-07
6.31074e-08
4.28433e-08
1.2531e-09
1.08506e-10
3.41762e-11
3.19238e-12
2.07111e-12
1.28443e-11
2.19518e-11
1.53524e-10
6.03802e-09
2.12823e-08
3.74124e-07
2.30407e-07
1.10522e-07
1.65862e-07
4.10805e-07
3.68308e-08
4.23753e-09
8.81984e-10
3.87507e-10
5.14061e-10
2.60811e-09
2.90586e-08
2.44641e-07
4.15876e-07
4.05979e-07
4.08305e-07
3.91364e-07
2.0278e-08
1.16677e-09
1.33299e-10
1.47817e-10
1.70387e-09
6.10521e-08
2.94877e-09
6.0591e-11
6.8476e-12
2.32314e-12
1.80742e-12
2.14617e-12
1.92609e-12
1.12271e-12
9.41218e-13
1.60578e-12
1.65942e-11
2.78676e-10
7.75631e-10
3.42424e-10
1.57165e-10
4.24956e-11
1.93059e-11
1.11724e-11
1.13885e-11
1.62761e-11
1.82043e-11
1.67005e-11
3.84287e-12
2.23779e-12
7.25385e-14
4.35092e-17
2.85069e-20
1.78379e-23
1.17174e-26
1.27591e-29
6.57091e-32
1.24763e-33
5.13573e-38
1.72556e-43
4.69666e-48
4.13691e-52
3.34514e-56
1.18748e-59
2.51458e-63
1.31041e-66
6.66479e-70
1.7122e-72
4.19997e-76
7.97852e-80
1.59339e-83
3.35687e-87
8.39137e-91
2.6775e-94
1.8264e-97
2.07946e-100
2.8493e-103
3.62728e-106
3.77235e-109
3.4603e-112
2.73529e-115
2.28631e-118
1.58469e-121
1.19965e-124
7.71931e-128
5.64481e-131
3.46034e-134
2.7064e-137
1.62146e-140
6.68081e-144
1.1106e-147
3.30469e-151
1.43312e-154
5.51105e-158
5.16638e-162
7.13774e-166
2.33655e-169
1.83643e-172
7.91723e-176
8.86891e-182
1.20419e-187
1.95774e-193
3.60106e-199
6.26714e-205
1.33291e-210
2.56346e-216
5.53467e-222
1.26925e-227
3.35057e-233
9.45029e-239
2.95109e-244
1.01582e-249
3.84974e-255
1.64117e-260
7.57737e-266
3.19137e-271
9.59886e-277
1.97536e-282
2.90127e-288
3.39398e-294
3.94541e-300
3.89923e-306
3.62293e-312
2.20435e-318
0
0
0
0
0
0
0
0
0
0
0
0
0
0
0
0
0
0
0
0
0
0
0
0
0
0
0
0
0
0
0
0
0
0
0
0
0
0
0
0
0
0
0
0
0
0
0
0
0
0
0
0
0
0
0
0
0
0
0
0
0
0
0
0
0
0
0
0
0
0
0
0
0
0
0
0
0
0
0
0
0
0
0
0
0
0
0
0
0
0
0
0
0
0
0
0
0
0
0
0
0
0
0
0
0
0
0
0
0
0
0
0
0
0
0
0
0
0
0
0
0
0
0
0
0
0
0
0
0
0
0
0
0
0
0
0
0
0
0
0
0
0
0
0
0
0
0
0
0
0
0
0
0
0
0
0
0
0
0
0
0
0
0
0
0
0
0
0
0
0
0
0
0
0
0
0
0
0
0
0
0
0
0
0
0
0
0
0
0
0
0
0
0
0
0
0
0
0
0
0
0
0
0
0
0
0
0
0
0
0
0
0
0
0
0
0
0
0
0
0
0
0
0
0
0
2.93797e-07
2.21969e-07
1.81073e-07
1.68335e-07
1.47311e-07
8.64608e-08
4.26561e-08
2.56923e-08
5.43574e-08
1.94337e-07
3.40152e-07
1.63872e-07
4.03229e-08
1.13096e-08
7.63077e-09
1.88771e-08
6.9119e-08
1.68757e-07
3.71568e-07
4.57029e-07
4.83781e-07
4.92971e-07
4.48078e-07
4.44989e-07
4.74265e-07
5.4732e-07
4.99054e-07
2.08658e-07
3.1822e-08
4.28206e-09
8.80033e-10
3.72517e-10
3.27784e-10
4.91793e-10
1.03474e-09
2.74082e-09
6.84959e-09
2.02598e-08
1.7745e-07
1.89394e-07
6.24959e-08
5.29237e-08
6.74937e-08
4.62811e-08
3.44886e-09
2.13172e-09
1.65318e-09
1.30901e-09
1.74838e-09
2.88547e-09
2.8909e-09
2.64597e-09
4.66527e-09
2.48091e-08
2.72576e-07
4.0556e-07
2.56684e-07
1.72543e-07
2.13065e-07
4.04703e-07
3.40601e-08
3.50367e-09
5.53886e-10
3.07387e-10
5.76763e-10
4.37401e-09
4.73747e-08
2.65638e-07
3.91786e-07
4.23596e-07
4.08651e-07
1.33636e-07
5.83783e-09
4.21134e-10
9.33511e-11
2.55028e-10
4.78613e-09
8.77024e-08
2.20295e-08
1.08838e-08
4.45006e-09
7.02604e-10
1.43265e-10
9.84858e-11
7.14135e-11
5.05014e-11
3.86836e-11
6.9271e-10
2.34443e-09
4.2013e-10
1.23517e-10
6.19269e-11
2.75445e-11
1.73264e-11
1.14444e-11
1.55191e-11
1.83165e-11
2.08242e-11
2.05018e-11
1.08296e-11
2.18798e-12
7.35075e-13
1.22904e-15
7.30043e-19
3.2717e-22
1.32325e-25
6.58654e-29
5.51442e-32
2.06089e-34
2.67757e-36
2.43179e-39
2.51523e-43
1.84749e-47
2.51849e-51
7.55242e-55
2.06558e-58
5.82902e-62
4.79926e-66
6.45669e-70
1.12991e-73
2.59738e-77
6.12748e-81
1.78704e-84
6.2104e-88
2.06724e-91
9.63733e-95
5.57084e-98
5.09884e-101
4.88677e-104
4.50605e-107
3.90554e-110
3.14836e-113
2.35319e-116
1.74142e-119
1.24376e-122
8.28821e-126
5.97552e-129
3.50606e-132
2.66555e-135
1.67315e-138
1.1482e-141
1.02953e-144
7.34328e-148
1.32201e-151
2.06931e-155
2.4114e-159
3.76977e-163
1.27449e-166
7.09979e-170
4.05026e-173
6.13629e-177
6.23192e-183
1.08564e-188
1.85542e-194
2.83518e-200
4.08767e-206
5.81138e-212
8.90708e-218
1.5021e-223
3.22958e-229
7.52997e-235
2.00223e-240
5.78875e-246
1.90753e-251
6.81602e-257
2.77616e-262
1.07338e-267
3.43756e-273
8.34424e-279
1.47454e-284
1.98361e-290
2.19783e-296
2.19758e-302
2.08342e-308
1.72104e-314
1.48417e-320
0
0
0
0
0
0
0
0
0
0
0
0
0
0
0
0
0
0
0
0
0
0
0
0
0
0
0
0
0
0
0
0
0
0
0
0
0
0
0
0
0
0
0
0
0
0
0
0
0
0
0
0
0
0
0
0
0
0
0
0
0
0
0
0
0
0
0
0
0
0
0
0
0
0
0
0
0
0
0
0
0
0
0
0
0
0
0
0
0
0
0
0
0
0
0
0
0
0
0
0
0
0
0
0
0
0
0
0
0
0
0
0
0
0
0
0
0
0
0
0
0
0
0
0
0
0
0
0
0
0
0
0
0
0
0
0
0
0
0
0
0
0
0
0
0
0
0
0
0
0
0
0
0
0
0
0
0
0
0
0
0
0
0
0
0
0
0
0
0
0
0
0
0
0
0
0
0
0
0
0
0
0
0
0
0
0
0
0
0
0
0
0
0
0
0
0
0
0
0
0
0
0
0
0
0
0
0
0
0
0
0
0
0
0
0
0
0
0
0
0
0
0
0
0
5.84041e-08
4.82623e-08
4.57874e-08
4.75991e-08
5.09265e-08
2.85634e-08
9.51262e-09
3.29032e-09
2.91269e-09
5.86672e-09
6.44426e-08
3.46908e-07
1.95947e-07
5.01729e-08
1.16143e-08
1.9148e-08
9.89562e-08
3.99723e-07
4.19963e-07
4.75198e-07
4.53895e-07
4.52385e-07
4.93465e-07
4.9903e-07
5.00009e-07
5.26591e-07
5.37297e-07
3.14435e-07
3.03838e-08
3.22601e-09
5.81845e-10
2.54794e-10
2.22716e-10
2.48668e-10
4.25567e-10
7.76901e-10
1.31668e-09
3.83905e-09
2.44731e-08
3.06782e-07
5.03204e-08
3.09409e-08
3.33648e-08
3.70813e-08
4.06506e-08
4.78668e-08
6.91087e-08
9.33254e-08
1.38873e-07
4.25025e-07
2.82182e-08
1.12585e-08
7.64542e-09
9.28009e-09
1.5334e-08
2.59741e-08
6.12384e-08
2.86383e-07
3.63326e-07
3.20565e-07
4.01365e-07
1.86831e-08
1.70351e-09
3.49504e-10
2.40049e-10
6.51282e-10
5.36954e-09
3.7407e-08
1.38203e-07
2.31619e-07
3.08874e-07
2.11507e-07
3.96104e-08
2.70205e-09
2.54308e-10
8.85717e-11
2.98872e-10
2.67969e-09
2.57759e-08
1.97426e-07
1.65144e-07
5.7872e-08
1.74856e-08
7.61961e-09
5.94785e-09
5.81089e-09
2.40398e-09
7.3933e-10
8.28513e-10
1.48804e-10
2.85863e-11
2.09416e-11
1.58502e-11
1.1403e-11
1.15738e-11
1.61919e-11
1.85919e-11
2.13464e-11
2.25912e-11
2.31605e-11
6.6746e-12
1.76759e-12
3.09442e-14
7.7848e-18
2.87875e-21
1.37427e-24
6.71989e-28
3.26215e-31
1.98142e-34
2.64539e-37
2.4018e-40
1.72362e-43
6.51131e-47
1.45264e-50
2.36082e-54
2.90942e-58
3.26671e-62
3.72057e-66
6.30887e-70
1.40587e-73
4.02116e-77
1.25138e-80
4.09012e-84
1.72442e-87
7.24528e-91
2.99977e-94
1.58747e-97
9.92006e-101
6.95708e-104
5.65892e-107
4.40931e-110
3.35705e-113
2.52939e-116
1.69736e-119
1.23816e-122
8.23499e-126
5.65656e-129
3.87181e-132
2.67996e-135
1.65535e-138
1.11739e-141
7.93284e-145
4.87051e-148
1.76363e-151
4.65125e-155
9.53796e-159
2.13852e-162
7.30511e-166
3.15108e-169
1.4537e-172
7.32004e-176
1.4315e-181
2.47726e-187
3.79073e-193
5.33405e-199
7.00864e-205
8.89406e-211
1.24831e-216
1.69202e-222
2.55333e-228
4.47263e-234
9.55771e-240
2.4161e-245
7.20782e-251
2.41221e-256
9.13948e-262
3.53583e-267
1.21887e-272
3.37135e-278
7.75472e-284
1.42351e-289
2.07146e-295
2.55777e-301
2.92513e-307
2.97255e-313
3.05733e-319
0
0
0
0
0
0
0
0
0
0
0
0
0
0
0
0
0
0
0
0
0
0
0
0
0
0
0
0
0
0
0
0
0
0
0
0
0
0
0
0
0
0
0
0
0
0
0
0
0
0
0
0
0
0
0
0
0
0
0
0
0
0
0
0
0
0
0
0
0
0
0
0
0
0
0
0
0
0
0
0
0
0
0
0
0
0
0
0
0
0
0
0
0
0
0
0
0
0
0
0
0
0
0
0
0
0
0
0
0
0
0
0
0
0
0
0
0
0
0
0
0
0
0
0
0
0
0
0
0
0
0
0
0
0
0
0
0
0
0
0
0
0
0
0
0
0
0
0
0
0
0
0
0
0
0
0
0
0
0
0
0
0
0
0
0
0
0
0
0
0
0
0
0
0
0
0
0
0
0
0
0
0
0
0
0
0
0
0
0
0
0
0
0
0
0
0
0
0
0
0
0
0
0
0
0
0
0
0
0
0
0
0
0
0
0
0
0
0
0
0
0
0
0
0
4.81997e-09
6.6108e-09
8.00093e-09
8.1693e-09
8.55586e-09
4.74199e-09
1.4804e-09
4.16966e-10
2.87137e-10
3.26572e-10
1.18272e-09
2.90638e-09
3.95112e-08
3.53106e-07
1.52469e-07
2.81822e-07
2.81191e-07
6.69482e-08
3.29983e-07
4.41252e-07
4.34674e-07
4.58314e-07
1.06808e-07
3.02328e-08
5.47437e-08
1.40151e-07
2.40721e-07
6.99071e-08
8.73697e-09
1.25041e-09
3.36858e-10
2.12958e-10
1.72224e-10
1.62592e-10
1.73377e-10
2.18048e-10
3.33088e-10
9.46218e-10
6.67229e-09
3.00944e-07
1.04603e-07
2.98933e-08
2.24032e-08
2.77533e-08
3.5816e-08
5.41749e-08
8.56475e-08
1.62062e-07
3.3991e-07
3.23507e-07
3.91701e-07
2.96542e-07
2.53637e-07
4.43033e-08
2.18513e-08
2.31801e-08
4.44324e-08
3.58084e-07
3.67782e-07
4.20163e-07
3.85639e-08
4.19429e-09
7.26182e-10
2.87668e-10
1.88906e-10
2.22908e-10
7.33011e-10
5.05737e-09
2.23615e-08
3.44385e-08
6.3365e-08
1.07745e-07
6.29761e-08
1.79415e-08
2.19972e-09
2.55574e-10
1.07957e-10
2.23242e-10
1.13864e-09
3.50331e-09
4.30702e-09
4.36393e-09
2.65629e-09
1.88105e-09
2.24428e-09
4.23546e-09
1.15014e-09
1.54316e-10
1.24268e-09
4.48338e-11
2.03563e-11
1.59034e-11
1.52006e-11
1.51806e-11
1.59111e-11
1.695e-11
1.87046e-11
2.09232e-11
2.28922e-11
2.43456e-11
2.36671e-11
4.08777e-12
7.5576e-13
6.61005e-16
2.02526e-19
5.90477e-23
1.72483e-26
4.13731e-30
8.62442e-34
1.60753e-37
3.67667e-41
1.00592e-44
1.77155e-48
4.00003e-52
5.56865e-56
1.02583e-59
1.16445e-63
2.22472e-67
3.38388e-71
1.03606e-74
3.055e-78
1.59962e-81
8.4638e-85
4.78448e-88
2.26798e-91
1.38268e-94
7.89964e-98
4.90511e-101
3.15781e-104
2.31056e-107
1.57693e-110
1.08875e-113
7.1103e-117
5.15703e-120
3.4947e-123
2.21407e-126
1.38332e-129
9.826e-133
5.87428e-136
3.626e-139
1.92523e-142
1.12824e-145
5.41268e-149
2.4889e-152
9.17071e-156
2.5205e-159
8.14828e-163
2.6931e-166
1.18079e-169
5.10887e-173
2.11211e-176
4.11294e-182
7.26507e-188
1.1429e-193
1.66383e-199
2.24197e-205
3.39263e-211
4.4443e-217
6.1191e-223
9.01835e-229
1.55965e-234
3.17444e-240
7.7376e-246
2.17233e-251
6.88585e-257
2.43053e-262
8.75434e-268
2.77805e-273
7.28142e-279
1.6179e-284
3.13644e-290
5.46337e-296
8.384e-302
1.16321e-307
1.46206e-313
1.80621e-319
0
0
0
0
0
0
0
0
0
0
0
0
0
0
0
0
0
0
0
0
0
0
0
0
0
0
0
0
0
0
0
0
0
0
0
0
0
0
0
0
0
0
0
0
0
0
0
0
0
0
0
0
0
0
0
0
0
0
0
0
0
0
0
0
0
0
0
0
0
0
0
0
0
0
0
0
0
0
0
0
0
0
0
0
0
0
0
0
0
0
0
0
0
0
0
0
0
0
0
0
0
0
0
0
0
0
0
0
0
0
0
0
0
0
0
0
0
0
0
0
0
0
0
0
0
0
0
0
0
0
0
0
0
0
0
0
0
0
0
0
0
0
0
0
0
0
0
0
0
0
0
0
0
0
0
0
0
0
0
0
0
0
0
0
0
0
0
0
0
0
0
0
0
0
0
0
0
0
0
0
0
0
0
0
0
0
0
0
0
0
0
0
0
0
0
0
0
0
0
0
0
0
0
0
0
0
0
0
0
0
0
0
0
0
0
0
0
0
0
0
0
0
0
0
1.76639e-10
3.93917e-10
6.76889e-10
7.34268e-10
6.70703e-10
3.94823e-10
1.65102e-10
7.95328e-11
6.45976e-11
5.78292e-11
7.63654e-11
9.98482e-11
3.34184e-10
1.19308e-09
3.23289e-09
3.44483e-09
9.07134e-09
7.60786e-08
4.34567e-07
4.27461e-07
4.27511e-07
3.26405e-08
3.67246e-09
1.96009e-09
5.53918e-09
1.27815e-08
1.79154e-08
7.51151e-09
1.82456e-09
5.0719e-10
2.36794e-10
1.83615e-10
1.55398e-10
1.2379e-10
1.17345e-10
1.19383e-10
1.69449e-10
3.85607e-10
2.63004e-09
6.30559e-08
2.20314e-07
4.91128e-08
2.64589e-08
2.73958e-08
4.2784e-08
8.80113e-08
1.69014e-07
3.08884e-07
4.21286e-07
3.85162e-07
4.18366e-07
4.18048e-07
4.18618e-07
3.79076e-07
2.27856e-07
2.25468e-07
4.1483e-07
3.4835e-07
4.0935e-07
6.72587e-08
4.27955e-09
6.04929e-10
2.4058e-10
1.50788e-10
1.36288e-10
1.30384e-10
2.03462e-10
6.42e-10
2.877e-09
8.86763e-09
1.16471e-08
1.2586e-08
2.08578e-08
1.69598e-08
7.9384e-09
2.05031e-09
4.86999e-10
2.16324e-10
1.54406e-10
1.93386e-10
2.3696e-10
2.77225e-10
2.8532e-10
2.79787e-10
4.21524e-10
4.0573e-10
1.41082e-10
5.80149e-11
2.91656e-11
2.24399e-11
1.82921e-11
1.79701e-11
1.75335e-11
1.77992e-11
1.83011e-11
1.91918e-11
1.94016e-11
2.13308e-11
2.31119e-11
2.45891e-11
2.53096e-11
7.93575e-12
2.57814e-12
1.05241e-14
1.59836e-18
4.59851e-22
1.27874e-25
3.4692e-29
6.55465e-33
9.78386e-37
1.24442e-40
1.1809e-44
1.84898e-48
1.73143e-52
3.22765e-56
3.69388e-60
4.5341e-64
4.21557e-68
5.80424e-72
8.23042e-76
2.35144e-79
7.73022e-83
3.33379e-86
1.629e-89
8.87958e-93
4.64076e-96
2.56616e-99
1.4421e-102
8.09423e-106
4.84343e-109
2.83141e-112
1.73366e-115
1.05735e-118
6.9133e-122
4.31406e-125
2.73683e-128
1.76527e-131
1.1142e-134
6.36423e-138
4.08864e-141
2.18046e-144
1.2997e-147
6.08147e-151
3.00436e-154
1.25857e-157
5.04437e-161
1.94425e-164
7.58192e-168
3.57894e-171
1.52622e-174
2.55647e-178
1.75257e-184
1.1071e-190
9.5209e-197
1.3296e-202
2.67621e-208
5.80547e-214
1.31462e-219
2.91067e-225
6.68619e-231
1.52321e-236
3.66189e-242
8.94913e-248
2.36382e-253
6.54042e-259
1.9987e-264
5.9245e-270
1.54523e-275
3.43645e-281
6.87228e-287
1.25006e-292
2.1458e-298
3.4952e-304
5.53288e-310
8.37391e-316
1.24505e-321
0
0
0
0
0
0
0
0
0
0
0
0
0
0
0
0
0
0
0
0
0
0
0
0
0
0
0
0
0
0
0
0
0
0
0
0
0
0
0
0
0
0
0
0
0
0
0
0
0
0
0
0
0
0
0
0
0
0
0
0
0
0
0
0
0
0
0
0
0
0
0
0
0
0
0
0
0
0
0
0
0
0
0
0
0
0
0
0
0
0
0
0
0
0
0
0
0
0
0
0
0
0
0
0
0
0
0
0
0
0
0
0
0
0
0
0
0
0
0
0
0
0
0
0
0
0
0
0
0
0
0
0
0
0
0
0
0
0
0
0
0
0
0
0
0
0
0
0
0
0
0
0
0
0
0
0
0
0
0
0
0
0
0
0
0
0
0
0
0
0
0
0
0
0
0
0
0
0
0
0
0
0
0
0
0
0
0
0
0
0
0
0
0
0
0
0
0
0
0
0
0
0
0
0
0
0
0
0
0
0
0
0
0
0
0
0
0
0
0
0
0
0
0
0
2.01861e-11
2.67358e-11
4.30872e-11
4.46013e-11
4.94066e-11
3.29228e-11
3.11021e-11
2.86777e-11
3.11828e-11
3.13771e-11
3.41194e-11
3.98733e-11
4.29762e-11
5.7453e-11
8.36253e-11
1.7762e-10
1.11067e-09
1.75948e-08
3.21102e-07
3.8621e-07
7.10489e-08
2.85034e-09
5.15802e-10
2.37081e-10
4.43649e-10
9.0739e-10
1.74413e-09
1.34655e-09
6.75241e-10
3.5071e-10
2.24462e-10
1.58766e-10
1.32017e-10
1.22924e-10
1.13286e-10
1.03461e-10
1.09039e-10
1.74055e-10
7.8458e-10
5.76548e-09
2.87325e-07
1.95643e-07
6.99358e-08
4.7821e-08
6.27868e-08
1.15738e-07
2.21267e-07
3.37661e-07
4.07446e-07
4.07619e-07
3.91485e-07
3.52171e-07
2.5043e-07
2.13002e-07
2.19229e-07
2.27312e-07
2.64048e-07
4.11548e-07
4.32679e-08
2.05937e-09
2.74744e-10
1.1184e-10
9.92956e-11
1.02649e-10
1.06492e-10
1.17651e-10
1.12805e-10
1.39688e-10
3.15198e-10
9.55584e-10
2.06207e-09
2.78378e-09
2.06484e-09
2.49957e-09
2.77506e-09
2.14438e-09
1.27137e-09
6.35788e-10
3.29299e-10
2.12429e-10
1.4546e-10
1.17938e-10
1.02139e-10
9.05226e-11
8.52177e-11
6.52525e-11
5.18618e-11
2.74585e-11
2.09349e-11
2.0477e-11
2.02416e-11
2.0377e-11
2.05602e-11
2.13379e-11
2.2154e-11
2.24316e-11
2.23329e-11
2.22921e-11
2.32776e-11
2.44653e-11
2.5002e-11
1.12114e-11
3.96887e-12
2.10961e-13
4.02955e-17
5.46362e-21
7.95841e-25
1.21488e-28
2.1764e-32
3.37347e-36
4.37525e-40
5.7336e-44
6.51668e-48
6.9413e-52
8.21456e-56
9.01073e-60
8.94207e-64
9.44464e-68
9.69431e-72
3.79041e-75
1.26868e-78
1.28141e-81
7.81717e-85
5.46594e-88
2.98443e-91
1.59048e-94
7.42949e-98
3.53888e-101
1.51944e-104
6.81913e-108
2.83221e-111
1.24958e-114
5.10831e-118
2.22498e-121
8.6224e-125
3.78677e-128
1.47298e-131
6.56324e-135
2.52514e-138
1.17209e-141
4.69363e-145
2.22274e-148
9.18683e-152
4.35612e-155
1.8001e-158
8.45714e-162
3.4345e-165
1.56408e-168
6.44115e-172
2.79224e-175
6.42644e-181
1.52949e-186
3.42634e-192
7.74744e-198
1.65384e-203
3.53365e-209
7.16477e-215
1.4705e-220
2.9052e-226
5.92909e-232
1.19215e-237
2.53983e-243
5.50327e-249
1.31025e-254
3.29332e-260
8.39386e-266
1.85816e-271
3.76489e-277
6.89317e-283
1.20734e-288
1.98658e-294
3.18325e-300
4.86283e-306
7.29161e-312
1.05109e-317
1.4822e-323
0
0
0
0
0
0
0
0
0
0
0
0
0
0
0
0
0
0
0
0
0
0
0
0
0
0
0
0
0
0
0
0
0
0
0
0
0
0
0
0
0
0
0
0
0
0
0
0
0
0
0
0
0
0
0
0
0
0
0
0
0
0
0
0
0
0
0
0
0
0
0
0
0
0
0
0
0
0
0
0
0
0
0
0
0
0
0
0
0
0
0
0
0
0
0
0
0
0
0
0
0
0
0
0
0
0
0
0
0
0
0
0
0
0
0
0
0
0
0
0
0
0
0
0
0
0
0
0
0
0
0
0
0
0
0
0
0
0
0
0
0
0
0
0
0
0
0
0
0
0
0
0
0
0
0
0
0
0
0
0
0
0
0
0
0
0
0
0
0
0
0
0
0
0
0
0
0
0
0
0
0
0
0
0
0
0
0
0
0
0
0
0
0
0
0
0
0
0
0
0
0
0
0
0
0
0
0
0
0
0
0
0
0
0
0
0
0
0
0
0
0
0
0
0
2.22759e-11
2.19626e-11
2.23197e-11
2.26698e-11
2.28548e-11
2.30798e-11
2.3382e-11
2.59624e-11
2.84952e-11
3.31635e-11
3.58526e-11
4.11535e-11
4.23644e-11
4.87425e-11
4.68998e-11
5.67455e-11
1.03225e-10
4.6366e-10
3.07614e-09
9.82766e-09
7.18047e-09
1.11909e-09
2.42745e-10
9.40291e-11
8.49317e-11
1.14414e-10
1.86846e-10
2.39927e-10
2.52984e-10
2.37242e-10
1.91269e-10
1.42611e-10
1.31286e-10
1.21151e-10
1.1452e-10
1.07317e-10
1.0552e-10
1.12063e-10
2.12199e-10
7.75648e-10
3.96218e-09
6.38989e-08
3.61601e-07
1.8769e-07
1.39204e-07
1.38385e-07
1.81788e-07
2.26952e-07
2.47452e-07
2.39101e-07
2.36961e-07
2.2388e-07
2.24481e-07
2.36612e-07
2.4634e-07
3.10119e-07
4.74336e-07
2.97964e-08
1.53576e-09
1.98998e-10
1.06551e-10
9.39839e-11
9.1912e-11
9.59095e-11
1.05021e-10
1.06649e-10
1.07046e-10
9.5997e-11
1.00083e-10
1.20007e-10
1.99696e-10
2.97224e-10
3.5227e-10
3.31136e-10
2.03849e-10
2.05575e-10
2.4191e-10
2.43044e-10
2.05471e-10
1.5523e-10
1.32157e-10
1.07398e-10
8.93059e-11
6.40891e-11
5.77465e-11
4.89429e-11
4.07971e-11
2.87137e-11
2.67668e-11
2.53213e-11
2.39718e-11
2.31528e-11
2.3134e-11
2.36984e-11
2.417e-11
2.42004e-11
2.37039e-11
2.32658e-11
2.35683e-11
2.43195e-11
2.46201e-11
1.01132e-11
3.5651e-12
1.98588e-13
3.48333e-17
4.89609e-21
6.12572e-25
9.33286e-29
1.47128e-32
2.13675e-36
2.99821e-40
3.54618e-44
4.51295e-48
1.84905e-51
2.34958e-55
5.2121e-58
6.42422e-62
1.09006e-64
1.53704e-68
1.90897e-71
4.45796e-75
3.51272e-78
1.52829e-81
8.93664e-85
4.22773e-88
2.03984e-91
8.67983e-95
3.84129e-98
1.51323e-101
6.47881e-105
2.52238e-108
1.04534e-111
3.95868e-115
1.63092e-118
5.81188e-122
2.37355e-125
8.33349e-129
3.3278e-132
1.08418e-135
4.23143e-139
1.32077e-142
5.13129e-146
1.58183e-149
6.10906e-153
1.91495e-156
7.15681e-160
2.2724e-163
8.28956e-167
2.73364e-170
9.5369e-174
2.78701e-177
4.74799e-183
6.74e-189
9.34368e-195
1.12524e-200
1.40302e-206
1.62185e-212
2.06628e-218
2.64527e-224
3.94379e-230
6.30373e-236
1.18924e-241
2.42854e-247
5.1657e-253
9.61049e-259
1.65281e-264
2.52852e-270
3.65862e-276
4.88172e-282
6.28939e-288
7.72027e-294
9.33328e-300
1.10312e-305
1.30863e-311
1.54642e-317
1.97626e-323
0
0
0
0
0
0
0
0
0
0
0
0
0
0
0
0
0
0
0
0
0
0
0
0
0
0
0
0
0
0
0
0
0
0
0
0
0
0
0
0
0
0
0
0
0
0
0
0
0
0
0
0
0
0
0
0
0
0
0
0
0
0
0
0
0
0
0
0
0
0
0
0
0
0
0
0
0
0
0
0
0
0
0
0
0
0
0
0
0
0
0
0
0
0
0
0
0
0
0
0
0
0
0
0
0
0
0
0
0
0
0
0
0
0
0
0
0
0
0
0
0
0
0
0
0
0
0
0
0
0
0
0
0
0
0
0
0
0
0
0
0
0
0
0
0
0
0
0
0
0
0
0
0
0
0
0
0
0
0
0
0
0
0
0
0
0
0
0
0
0
0
0
0
0
0
0
0
0
0
0
0
0
0
0
0
0
0
0
0
0
0
0
0
0
0
0
0
0
0
0
0
0
0
0
0
0
0
0
0
0
0
0
0
0
0
0
0
0
0
0
0
0
0
0
2.4063e-11
2.40938e-11
2.4336e-11
2.43366e-11
2.44987e-11
2.45356e-11
2.67609e-11
2.76046e-11
3.42422e-11
3.5028e-11
3.99193e-11
4.46516e-11
4.49344e-11
5.1448e-11
5.05636e-11
5.76994e-11
5.74129e-11
6.72782e-11
1.06461e-10
1.34172e-10
1.54773e-10
1.01612e-10
7.52502e-11
7.00112e-11
6.89231e-11
9.15085e-11
8.94315e-11
1.04521e-10
1.24875e-10
1.24373e-10
1.28819e-10
1.32117e-10
1.2483e-10
1.17883e-10
1.16844e-10
1.11146e-10
1.04869e-10
1.00717e-10
1.06131e-10
1.344e-10
2.50399e-10
7.12962e-10
2.32287e-09
8.25853e-09
2.79688e-08
1.31801e-07
2.09978e-07
2.86317e-07
2.67932e-07
1.93417e-07
1.49427e-07
7.04707e-08
3.33253e-08
2.17451e-08
1.74559e-08
1.17005e-08
4.19578e-09
8.81352e-10
2.27668e-10
1.24903e-10
1.05429e-10
1.04446e-10
9.37756e-11
9.75599e-11
9.62576e-11
1.01213e-10
9.74301e-11
9.22707e-11
8.71185e-11
8.549e-11
8.2695e-11
7.8798e-11
7.78367e-11
6.74962e-11
6.2084e-11
4.99638e-11
4.86817e-11
3.74551e-11
3.05759e-11
2.6985e-11
2.85937e-11
2.77946e-11
2.78017e-11
2.79556e-11
2.62976e-11
2.60839e-11
2.57003e-11
2.50446e-11
2.47143e-11
2.39231e-11
2.30852e-11
2.31817e-11
2.39097e-11
2.43567e-11
2.4263e-11
2.42111e-11
2.41033e-11
2.41216e-11
2.42364e-11
2.45007e-11
1.7857e-11
4.2121e-12
7.1977e-13
5.91758e-16
3.32528e-19
1.53494e-22
6.63793e-26
2.80124e-29
1.39177e-32
7.12387e-36
3.367e-39
1.67478e-42
7.37696e-46
3.52207e-49
1.4087e-52
7.27226e-56
2.80519e-59
1.3464e-62
5.33159e-66
2.34841e-69
9.03796e-73
3.97956e-76
1.48926e-79
6.37522e-83
2.49253e-86
1.03777e-89
3.99388e-93
1.63854e-96
6.1784e-100
2.49519e-103
9.46655e-107
3.72759e-110
1.41791e-113
5.47407e-117
2.01924e-120
7.70363e-124
2.80941e-127
1.05615e-130
3.55411e-134
1.31344e-137
4.26209e-141
1.54303e-144
4.92317e-148
1.75405e-151
5.57013e-155
1.9305e-158
6.06742e-162
2.06911e-165
6.6985e-169
2.14649e-172
6.85221e-176
1.17457e-181
1.88899e-187
3.03076e-193
4.44706e-199
6.37642e-205
8.32536e-211
1.05845e-216
1.23606e-222
1.41412e-228
1.50698e-234
1.59154e-240
1.59627e-246
1.61791e-252
1.602e-258
1.64773e-264
1.71316e-270
1.88676e-276
2.12781e-282
2.51692e-288
3.00292e-294
3.67035e-300
4.44782e-306
5.44158e-312
6.56095e-318
9.88131e-324
0
0
0
0
0
0
0
0
0
0
0
0
0
0
0
0
0
0
0
0
0
0
0
0
0
0
0
0
0
0
0
0
0
0
0
0
0
0
0
0
0
0
0
0
0
0
0
0
0
0
0
0
0
0
0
0
0
0
0
0
0
0
0
0
0
0
0
0
0
0
0
0
0
0
0
0
0
0
0
0
0
0
0
0
0
0
0
0
0
0
0
0
0
0
0
0
0
0
0
0
0
0
0
0
0
0
0
0
0
0
0
0
0
0
0
0
0
0
0
0
0
0
0
0
0
0
0
0
0
0
0
0
0
0
0
0
0
0
0
0
0
0
0
0
0
0
0
0
0
0
0
0
0
0
0
0
0
0
0
0
0
0
0
0
0
0
0
0
0
0
0
0
0
0
0
0
0
0
0
0
0
0
0
0
0
0
0
0
0
0
0
0
0
0
0
0
0
0
0
0
0
0
0
0
0
0
0
0
0
0
0
0
0
0
0
0
0
0
0
0
0
0
0
0
3.55814e-07
3.48361e-07
3.58978e-07
3.60628e-07
3.63119e-07
3.63242e-07
3.51021e-07
5.33741e-08
3.05159e-09
1.37167e-10
1.77009e-11
7.65158e-13
2.11205e-14
4.34149e-16
2.44385e-11
1.46006e-10
7.08437e-10
3.29611e-09
1.41449e-08
2.56589e-08
3.71438e-08
4.45901e-08
4.52195e-08
4.44233e-08
4.51124e-08
4.18597e-08
3.98292e-08
3.66114e-08
3.59269e-08
2.78178e-08
2.44452e-08
1.80681e-08
1.54621e-08
5.61216e-09
2.73642e-09
9.07869e-10
7.64772e-11
2.75067e-11
9.81802e-12
2.5093e-13
1.36772e-15
5.14728e-18
2.70348e-20
1.58923e-22
2.50647e-16
4.8531e-14
1.80331e-11
3.60454e-09
1.81396e-08
4.10579e-08
5.56504e-08
7.1353e-08
8.59688e-08
6.80743e-08
5.51881e-08
4.84524e-08
3.79162e-08
3.18576e-08
2.584e-08
1.8301e-08
3.91748e-09
1.60104e-09
9.81945e-10
3.24575e-10
2.48713e-11
3.99866e-13
1.42946e-14
4.6258e-17
7.55207e-20
1.2955e-22
1.78816e-25
2.30492e-28
7.32136e-31
1.21476e-30
3.24056e-37
3.31017e-35
7.16646e-33
2.86667e-32
4.1223e-32
4.23706e-32
6.04262e-32
3.74842e-31
2.80047e-30
2.27476e-28
1.11831e-26
1.34352e-23
1.03406e-20
1.20804e-19
2.73119e-19
1.28533e-19
1.7316e-20
1.98485e-22
6.42353e-25
5.86367e-28
2.27776e-31
6.44957e-35
2.25171e-38
8.19884e-42
2.88948e-45
9.22074e-49
3.19638e-52
1.10256e-55
4.07929e-59
1.45693e-62
9.19618e-83
8.75673e-84
1.43133e-86
1.19703e-89
8.98283e-93
4.31821e-96
2.10651e-99
8.31273e-103
3.90253e-106
2.32058e-109
1.21463e-112
4.90117e-116
1.34899e-119
3.69998e-123
1.04476e-126
2.97446e-130
8.81239e-134
2.64477e-137
7.7513e-141
2.45843e-144
7.05375e-148
2.19209e-151
6.38823e-155
1.88614e-158
8.60342e-162
3.90852e-165
1.57081e-168
5.719e-172
1.26886e-177
2.28129e-183
6.69254e-197
2.40257e-199
5.12554e-204
3.48772e-209
1.7529e-214
7.95607e-220
3.30257e-225
1.25524e-230
4.25996e-236
1.33239e-241
3.80516e-247
1.0503e-252
2.6753e-258
6.37696e-264
1.47658e-269
3.16381e-275
6.5361e-281
1.32443e-286
2.6526e-292
5.19771e-298
1.01644e-303
1.9448e-309
3.6956e-315
6.99103e-321
0
0
0
0
0
0
0
0
0
0
0
0
0
0
0
0
0
0
0
0
0
0
0
0
0
0
0
0
0
0
0
0
0
0
0
0
0
0
0
0
0
0
0
0
0
0
0
0
0
0
0
0
0
0
0
0
0
0
0
0
0
0
0
0
0
0
0
0
0
0
0
0
0
0
0
0
0
0
0
0
0
0
0
0
0
0
0
0
0
0
0
0
0
0
0
0
0
0
0
0
0
0
0
0
0
0
0
0
0
0
0
0
0
0
0
0
0
0
0
0
0
0
0
0
0
0
0
0
0
0
0
0
0
0
0
0
0
0
0
0
0
0
0
0
0
0
0
0
0
0
0
0
0
0
0
0
0
0
0
0
0
0
0
0
0
0
0
0
0
0
0
0
0
0
0
0
0
0
0
0
0
0
0
0
0
0
0
0
0
0
0
0
0
0
0
0
0
0
0
0
0
0
0
0
0
0
0
0
0
0
0
0
0
0
0
0
3.53571e-07
3.48583e-07
3.71125e-07
3.28046e-07
3.24615e-07
3.08565e-07
2.76543e-07
2.16305e-08
2.63219e-09
1.046e-09
2.26058e-10
1.48334e-11
7.73762e-13
1.72472e-14
6.92393e-10
5.98316e-09
1.72259e-08
4.7267e-08
1.80537e-07
1.79717e-07
1.82591e-07
1.82124e-07
1.80867e-07
1.83075e-07
1.82758e-07
1.78665e-07
1.7563e-07
1.66951e-07
1.58884e-07
1.47625e-07
1.37571e-07
1.25833e-07
1.20737e-07
4.20673e-08
1.93883e-08
1.04567e-08
4.02238e-09
1.24867e-09
3.66132e-10
2.9216e-11
2.67479e-13
1.0992e-15
2.77378e-18
8.86581e-21
2.81538e-15
1.09138e-12
6.78018e-10
2.76639e-08
1.00964e-07
3.06452e-07
3.63542e-07
3.62531e-07
3.76932e-07
4.08739e-07
4.19404e-07
4.18098e-07
4.10455e-07
4.00993e-07
3.71267e-07
2.73435e-07
4.85769e-08
9.31229e-09
3.88685e-09
2.79097e-09
1.9005e-09
4.04758e-10
2.12026e-11
2.09222e-14
3.48177e-18
4.17652e-21
1.3115e-23
7.4448e-26
4.11573e-28
4.6582e-28
1.51327e-34
2.34382e-33
4.38574e-31
2.57863e-30
6.64252e-30
1.18641e-29
4.26068e-29
2.06015e-28
6.91951e-28
6.9869e-26
5.48445e-24
4.1049e-21
1.88823e-18
3.30923e-17
8.84448e-17
4.29402e-17
1.03621e-17
7.55457e-19
8.8818e-21
4.08318e-24
2.63981e-28
3.64966e-33
2.89326e-37
1.55363e-41
2.57741e-44
1.30935e-47
9.6433e-51
4.04905e-54
1.19498e-57
4.60499e-61
1.0295e-79
4.07924e-81
4.23127e-84
3.27394e-87
2.69249e-90
1.24139e-93
6.81006e-97
1.94111e-100
8.03078e-104
3.71363e-107
1.71413e-110
6.13914e-114
5.73515e-118
7.27457e-122
2.63575e-125
1.09501e-128
4.98762e-132
2.25489e-135
1.03066e-138
2.59967e-142
6.92353e-146
1.8408e-149
5.20845e-153
5.84119e-156
2.91509e-158
1.21413e-161
4.11457e-165
1.31765e-168
3.89252e-172
7.61049e-178
4.38499e-191
1.82217e-193
5.25719e-198
3.51423e-203
1.58145e-208
6.64537e-214
2.83758e-219
1.09269e-224
4.02185e-230
1.29228e-235
3.94051e-241
1.12864e-246
3.00261e-252
7.27669e-258
1.64554e-263
3.55744e-269
7.35881e-275
1.48451e-280
2.85385e-286
5.54741e-292
1.01607e-297
1.90198e-303
3.36434e-309
6.13193e-315
1.07607e-320
0
0
0
0
0
0
0
0
0
0
0
0
0
0
0
0
0
0
0
0
0
0
0
0
0
0
0
0
0
0
0
0
0
0
0
0
0
0
0
0
0
0
0
0
0
0
0
0
0
0
0
0
0
0
0
0
0
0
0
0
0
0
0
0
0
0
0
0
0
0
0
0
0
0
0
0
0
0
0
0
0
0
0
0
0
0
0
0
0
0
0
0
0
0
0
0
0
0
0
0
0
0
0
0
0
0
0
0
0
0
0
0
0
0
0
0
0
0
0
0
0
0
0
0
0
0
0
0
0
0
0
0
0
0
0
0
0
0
0
0
0
0
0
0
0
0
0
0
0
0
0
0
0
0
0
0
0
0
0
0
0
0
0
0
0
0
0
0
0
0
0
0
0
0
0
0
0
0
0
0
0
0
0
0
0
0
0
0
0
0
0
0
0
0
0
0
0
0
0
0
0
0
0
0
0
0
0
0
0
0
0
0
0
0
0
3.45259e-07
2.47608e-07
1.36018e-07
9.0673e-08
1.0219e-07
1.39797e-07
3.72769e-08
6.79754e-09
3.28781e-09
1.75627e-09
5.1052e-10
9.94147e-11
7.55065e-12
2.57051e-13
2.32341e-09
2.47006e-08
1.28831e-07
1.54584e-07
1.52953e-07
1.7703e-07
2.59608e-07
3.70992e-07
4.42687e-07
4.42012e-07
3.99293e-07
3.32093e-07
2.92041e-07
2.743e-07
2.67434e-07
2.66308e-07
2.31487e-07
1.51683e-07
1.08632e-07
1.09602e-07
9.71254e-08
7.40956e-08
2.40035e-08
1.0592e-08
3.30705e-09
6.4643e-10
3.01454e-11
1.33424e-13
7.79719e-16
9.54225e-19
3.84018e-15
1.74549e-12
7.87976e-10
2.42567e-08
5.35098e-08
1.63715e-07
2.13724e-07
2.08556e-07
2.28904e-07
2.64012e-07
2.92963e-07
3.33887e-07
3.706e-07
3.81957e-07
4.16152e-07
4.04215e-07
2.56373e-07
1.04572e-07
4.23195e-08
2.18113e-08
4.4278e-09
8.76095e-10
4.3553e-10
1.20974e-10
1.45522e-13
7.56256e-19
3.22254e-22
9.32856e-24
2.88999e-25
1.89179e-25
6.08835e-32
2.01066e-31
6.94872e-29
1.26726e-27
5.93991e-27
5.56215e-27
3.59071e-27
1.23357e-26
1.20337e-25
4.35036e-23
1.14298e-20
8.73428e-18
4.08344e-15
1.15132e-13
1.63571e-13
3.01744e-14
1.72839e-15
4.26698e-17
1.93404e-19
6.23365e-22
6.53265e-24
1.52749e-26
3.24353e-31
7.6738e-37
3.18152e-41
3.30416e-46
8.17248e-50
4.12256e-52
8.85501e-55
5.37032e-58
2.62504e-77
6.12412e-78
4.52532e-80
9.96922e-83
3.00881e-85
2.27421e-88
1.52865e-91
4.32877e-95
8.18953e-99
1.638e-102
2.67491e-106
4.84313e-110
3.16689e-115
5.25508e-119
1.12699e-122
2.50941e-126
6.75416e-130
1.63754e-133
4.89943e-137
5.99941e-142
1.52572e-145
4.55851e-149
1.46064e-152
1.1329e-154
8.22419e-157
5.09205e-160
2.45359e-163
1.41257e-166
3.69747e-170
5.37517e-174
1.7084e-187
1.17306e-189
2.68184e-194
2.01251e-199
5.40566e-205
2.14437e-210
5.2363e-216
2.30548e-221
5.92107e-227
2.51012e-232
6.50995e-238
2.50873e-243
6.60899e-249
1.92484e-254
4.55454e-260
1.10214e-265
2.4642e-271
5.16233e-277
1.05879e-282
2.05518e-288
3.87219e-294
7.03545e-300
1.23992e-305
2.08475e-311
3.6306e-317
5.43472e-323
0
0
0
0
0
0
0
0
0
0
0
0
0
0
0
0
0
0
0
0
0
0
0
0
0
0
0
0
0
0
0
0
0
0
0
0
0
0
0
0
0
0
0
0
0
0
0
0
0
0
0
0
0
0
0
0
0
0
0
0
0
0
0
0
0
0
0
0
0
0
0
0
0
0
0
0
0
0
0
0
0
0
0
0
0
0
0
0
0
0
0
0
0
0
0
0
0
0
0
0
0
0
0
0
0
0
0
0
0
0
0
0
0
0
0
0
0
0
0
0
0
0
0
0
0
0
0
0
0
0
0
0
0
0
0
0
0
0
0
0
0
0
0
0
0
0
0
0
0
0
0
0
0
0
0
0
0
0
0
0
0
0
0
0
0
0
0
0
0
0
0
0
0
0
0
0
0
0
0
0
0
0
0
0
0
0
0
0
0
0
0
0
0
0
0
0
0
0
0
0
0
0
0
0
0
0
0
0
0
0
0
0
0
0
2.82953e-07
1.013e-07
2.43246e-08
1.2048e-08
1.85565e-08
2.64042e-08
9.83759e-09
8.96086e-10
7.58058e-10
9.24212e-10
8.07732e-10
3.63218e-10
3.55605e-11
7.08139e-13
5.0823e-09
9.09264e-08
2.29842e-07
3.04436e-07
2.91655e-07
4.47689e-07
5.42422e-07
5.27763e-07
5.24138e-07
5.38536e-07
5.67214e-07
5.41695e-07
4.77566e-07
3.84374e-07
3.25428e-07
3.67551e-07
5.3405e-07
5.1065e-07
4.07482e-07
4.35446e-07
4.18739e-07
3.4398e-07
2.24162e-07
1.09028e-07
2.64512e-08
2.62079e-09
1.73189e-10
1.22099e-13
1.80811e-15
9.35298e-18
3.46304e-15
1.496e-12
4.74867e-10
2.04369e-08
6.46691e-08
2.26555e-07
2.04784e-07
1.8836e-07
1.86611e-07
1.95776e-07
2.19297e-07
2.37174e-07
2.57159e-07
2.73344e-07
3.14516e-07
3.82105e-07
3.88446e-07
4.01932e-07
4.04339e-07
1.85146e-07
6.02169e-09
2.26742e-09
1.43101e-09
3.74353e-10
1.5324e-10
5.87378e-13
2.36025e-18
1.8681e-21
1.24514e-22
9.96516e-23
1.06576e-29
1.34885e-28
3.27317e-26
4.87119e-25
5.6107e-25
3.78352e-25
1.52964e-24
1.26389e-23
5.49182e-23
7.00893e-21
1.16333e-18
3.4468e-15
2.4331e-12
2.78462e-10
5.40868e-10
1.14742e-10
2.88039e-12
8.44331e-14
1.92265e-16
1.64298e-19
1.65892e-22
5.13688e-25
8.22665e-27
6.8141e-30
2.12933e-34
5.28329e-40
3.06533e-45
2.23502e-49
2.29921e-52
5.56254e-55
2.85802e-72
3.62406e-72
2.00944e-74
8.85564e-78
1.47718e-81
3.43226e-85
1.01957e-88
3.48329e-92
2.85861e-95
1.05611e-97
1.16817e-100
2.61892e-104
3.94659e-108
5.55357e-112
8.53852e-116
1.40614e-119
2.42619e-123
4.58187e-127
1.03199e-130
8.08214e-136
1.92776e-139
4.5709e-143
1.37962e-146
3.31514e-150
1.82974e-152
4.34182e-156
1.01447e-159
2.00179e-163
3.43194e-167
2.68807e-171
9.4421e-181
5.51495e-183
7.42454e-188
2.26686e-193
6.26822e-199
9.89088e-205
2.30794e-210
5.07368e-216
1.6383e-221
4.59858e-227
1.70887e-232
5.24997e-238
1.89513e-243
4.96884e-249
1.5983e-254
3.94974e-260
1.0676e-265
2.44366e-271
5.66122e-277
1.16934e-282
2.32277e-288
4.24915e-294
7.44104e-300
1.20653e-305
1.90459e-311
2.73706e-317
3.95253e-323
0
0
0
0
0
0
0
0
0
0
0
0
0
0
0
0
0
0
0
0
0
0
0
0
0
0
0
0
0
0
0
0
0
0
0
0
0
0
0
0
0
0
0
0
0
0
0
0
0
0
0
0
0
0
0
0
0
0
0
0
0
0
0
0
0
0
0
0
0
0
0
0
0
0
0
0
0
0
0
0
0
0
0
0
0
0
0
0
0
0
0
0
0
0
0
0
0
0
0
0
0
0
0
0
0
0
0
0
0
0
0
0
0
0
0
0
0
0
0
0
0
0
0
0
0
0
0
0
0
0
0
0
0
0
0
0
0
0
0
0
0
0
0
0
0
0
0
0
0
0
0
0
0
0
0
0
0
0
0
0
0
0
0
0
0
0
0
0
0
0
0
0
0
0
0
0
0
0
0
0
0
0
0
0
0
0
0
0
0
0
0
0
0
0
0
0
0
0
0
0
0
0
0
0
0
0
0
0
0
0
0
0
0
1.42744e-07
4.46555e-08
2.10268e-08
1.57812e-08
1.18679e-08
1.22001e-08
9.86611e-09
1.32969e-08
5.76257e-09
1.49386e-09
1.36387e-09
7.94109e-10
1.96721e-10
7.54175e-12
6.56418e-09
1.29927e-07
3.69047e-07
4.14064e-07
3.9968e-07
2.78131e-07
1.7593e-07
1.64024e-07
1.67418e-07
1.61837e-07
1.23075e-07
6.60889e-08
3.77699e-08
2.36637e-08
2.23576e-08
3.52321e-08
8.9292e-08
2.85292e-07
4.15068e-07
4.35653e-07
4.57632e-07
4.6704e-07
3.9938e-07
3.08367e-07
1.24119e-07
1.1674e-08
5.52652e-10
4.93351e-14
5.86196e-16
1.02895e-16
2.55247e-15
1.06137e-12
1.98015e-10
1.2986e-08
7.56036e-08
2.59775e-07
2.18959e-07
1.64297e-07
1.51489e-07
2.10925e-07
3.01479e-07
3.33556e-07
3.3448e-07
3.15243e-07
2.98728e-07
3.11158e-07
3.20938e-07
2.98294e-07
3.17449e-07
4.10617e-07
1.93218e-07
9.66606e-09
1.10238e-09
5.85816e-10
3.40444e-10
2.14101e-10
1.36373e-12
9.06012e-18
3.41321e-20
5.48139e-20
1.79541e-26
5.40113e-25
3.25443e-23
4.54985e-23
4.5363e-23
2.10924e-22
9.91405e-22
1.63649e-21
1.63511e-20
1.09867e-17
2.73039e-15
4.84345e-12
7.0263e-10
9.30953e-10
8.4313e-10
5.35553e-10
2.49352e-10
3.58165e-11
1.6369e-13
2.33684e-16
1.42946e-19
7.82778e-23
1.27747e-25
1.38205e-27
1.09075e-29
6.07938e-34
1.25841e-38
1.46541e-44
4.26861e-49
3.79282e-52
5.49134e-67
1.68063e-67
2.67114e-71
7.00699e-75
3.14313e-78
1.08014e-81
1.9098e-85
2.41414e-89
5.89086e-93
4.39642e-96
1.04952e-98
6.37793e-101
1.37579e-103
3.92278e-107
8.67605e-111
1.76457e-114
3.92132e-118
8.75068e-122
2.0304e-125
4.7576e-129
1.20231e-132
2.48643e-136
7.14725e-140
1.5377e-143
3.60844e-147
7.81487e-151
1.50537e-154
2.29897e-158
2.9947e-162
2.35521e-166
7.34457e-174
6.94338e-176
5.45983e-181
1.61947e-186
2.68476e-192
4.21563e-198
5.243e-204
8.73144e-210
1.56817e-215
4.19042e-221
1.07582e-226
3.56903e-232
1.03533e-237
4.00923e-243
1.27948e-248
4.98635e-254
1.53911e-259
4.87244e-265
1.24108e-270
3.19654e-276
6.74392e-282
1.42043e-287
2.50346e-293
4.33929e-299
6.26978e-305
8.51286e-311
1.03301e-316
1.38338e-322
0
0
0
0
0
0
0
0
0
0
0
0
0
0
0
0
0
0
0
0
0
0
0
0
0
0
0
0
0
0
0
0
0
0
0
0
0
0
0
0
0
0
0
0
0
0
0
0
0
0
0
0
0
0
0
0
0
0
0
0
0
0
0
0
0
0
0
0
0
0
0
0
0
0
0
0
0
0
0
0
0
0
0
0
0
0
0
0
0
0
0
0
0
0
0
0
0
0
0
0
0
0
0
0
0
0
0
0
0
0
0
0
0
0
0
0
0
0
0
0
0
0
0
0
0
0
0
0
0
0
0
0
0
0
0
0
0
0
0
0
0
0
0
0
0
0
0
0
0
0
0
0
0
0
0
0
0
0
0
0
0
0
0
0
0
0
0
0
0
0
0
0
0
0
0
0
0
0
0
0
0
0
0
0
0
0
0
0
0
0
0
0
0
0
0
0
0
0
0
0
0
0
0
0
0
0
0
0
0
0
0
0
5.41859e-08
4.98283e-08
8.90624e-08
1.31359e-07
7.33279e-08
2.69367e-08
5.46277e-08
1.21633e-07
7.0406e-08
3.93406e-08
1.8578e-08
2.79917e-09
9.57385e-10
8.20164e-11
1.1537e-08
1.93909e-07
3.87073e-07
2.08645e-07
1.37482e-07
1.20233e-07
1.20276e-07
9.46974e-08
6.81553e-08
3.87469e-08
2.06759e-08
1.02615e-08
5.73013e-09
4.15688e-09
4.11433e-09
7.44379e-09
1.92521e-08
5.45665e-08
9.99457e-08
1.5989e-07
2.73201e-07
3.2826e-07
3.93494e-07
3.91393e-07
2.80477e-07
9.99114e-08
6.99964e-09
6.19257e-11
1.08219e-13
1.00513e-14
1.29671e-15
5.93553e-13
8.44714e-11
4.75065e-09
6.01097e-08
2.78818e-07
2.3351e-07
1.29319e-07
1.33615e-07
3.47112e-07
5.01792e-07
2.31152e-07
1.50009e-07
2.49097e-07
3.86134e-07
4.13872e-07
3.69721e-07
3.29546e-07
3.03917e-07
3.27111e-07
4.04342e-07
7.54096e-08
3.96055e-09
4.4966e-10
4.54698e-10
4.18567e-10
7.90004e-10
2.53003e-12
2.04266e-17
2.04168e-17
5.94974e-23
1.98914e-21
2.7956e-20
6.66522e-21
1.13928e-20
1.2252e-19
2.10651e-19
7.27926e-19
3.28627e-17
1.17806e-14
2.98346e-12
2.33859e-10
4.50226e-10
1.73776e-10
8.27629e-11
8.91298e-11
9.88399e-11
5.68012e-11
1.62628e-11
7.02468e-14
1.18466e-16
6.88676e-20
2.9047e-23
3.81786e-26
3.21941e-28
5.31027e-30
7.54931e-34
1.39323e-38
1.85292e-44
1.17347e-48
2.20504e-62
3.41179e-64
8.483e-68
7.88906e-71
1.62813e-74
2.72897e-78
9.43489e-82
1.62842e-85
1.93719e-89
3.95676e-93
2.03e-96
3.3904e-99
1.43722e-101
5.23477e-104
8.48628e-107
3.66416e-110
1.19376e-113
3.62452e-117
1.03485e-120
2.8644e-124
8.69874e-128
2.18942e-131
6.07015e-135
1.4648e-138
3.65128e-142
8.06202e-146
1.54247e-149
2.63166e-153
3.20389e-157
2.50965e-161
5.80144e-169
8.35876e-171
2.78983e-174
6.8973e-180
1.10225e-185
1.23954e-191
1.32058e-197
1.35635e-203
1.9912e-209
3.37888e-215
8.39939e-221
2.00948e-226
6.22261e-232
1.78573e-237
6.365e-243
2.15985e-248
9.02288e-254
3.31215e-259
1.21159e-264
3.72102e-270
1.01256e-275
2.37591e-281
4.92995e-287
8.79093e-293
1.30325e-298
1.58404e-304
1.7248e-310
1.93278e-316
2.37152e-322
0
0
0
0
0
0
0
0
0
0
0
0
0
0
0
0
0
0
0
0
0
0
0
0
0
0
0
0
0
0
0
0
0
0
0
0
0
0
0
0
0
0
0
0
0
0
0
0
0
0
0
0
0
0
0
0
0
0
0
0
0
0
0
0
0
0
0
0
0
0
0
0
0
0
0
0
0
0
0
0
0
0
0
0
0
0
0
0
0
0
0
0
0
0
0
0
0
0
0
0
0
0
0
0
0
0
0
0
0
0
0
0
0
0
0
0
0
0
0
0
0
0
0
0
0
0
0
0
0
0
0
0
0
0
0
0
0
0
0
0
0
0
0
0
0
0
0
0
0
0
0
0
0
0
0
0
0
0
0
0
0
0
0
0
0
0
0
0
0
0
0
0
0
0
0
0
0
0
0
0
0
0
0
0
0
0
0
0
0
0
0
0
0
0
0
0
0
0
0
0
0
0
0
0
0
0
0
0
0
0
0
7.32262e-08
2.02913e-07
4.79678e-07
6.18808e-07
4.83596e-07
2.75141e-07
3.94746e-07
3.85889e-07
2.85026e-07
2.06108e-07
1.21927e-07
3.16339e-08
6.5363e-09
4.8648e-10
2.41726e-08
2.3031e-07
3.73676e-07
2.08298e-07
1.40057e-07
1.54317e-07
2.20061e-07
1.61085e-07
7.22992e-08
2.87638e-08
1.15388e-08
5.8196e-09
2.90921e-09
1.85149e-09
1.46712e-09
2.17527e-09
4.6417e-09
1.20077e-08
2.68156e-08
5.36131e-08
1.13198e-07
2.07638e-07
3.05924e-07
3.99617e-07
3.48295e-07
1.82851e-07
1.45172e-08
2.67034e-09
7.96795e-11
1.237e-12
4.04477e-16
2.50205e-13
2.7514e-11
1.21609e-09
5.51994e-08
4.0693e-07
3.27732e-07
1.25511e-07
1.20969e-07
3.32358e-07
1.96246e-07
2.19655e-08
8.50797e-09
7.10617e-09
1.59388e-08
4.53226e-08
1.99039e-07
4.04132e-07
3.52251e-07
3.14739e-07
3.40121e-07
3.91537e-07
1.86619e-08
9.35469e-10
6.64997e-11
2.87996e-10
1.22322e-09
7.29465e-09
5.69792e-13
7.46928e-15
2.82503e-19
4.52506e-18
1.4946e-17
3.23486e-18
3.30427e-18
3.31566e-17
7.58234e-17
8.4506e-16
2.29546e-14
1.56368e-12
5.34544e-11
3.101e-10
1.80221e-10
6.4116e-11
1.6995e-11
2.44343e-11
4.15476e-11
5.79296e-11
1.17759e-11
4.20605e-12
2.31265e-14
3.36339e-17
1.90691e-20
8.27983e-24
9.09872e-27
6.10617e-29
9.89006e-31
4.46067e-34
8.85587e-39
4.32014e-44
2.39602e-58
1.11572e-60
6.76916e-64
9.73746e-68
1.97213e-72
3.88516e-77
1.93046e-80
5.28667e-82
1.20242e-85
1.44646e-89
2.16438e-93
1.03487e-96
1.48797e-99
4.24529e-102
1.16192e-104
2.14617e-107
2.58044e-110
1.84685e-113
9.73029e-117
4.13532e-120
1.58054e-123
5.476e-127
1.84028e-130
6.00326e-134
1.68269e-137
4.78603e-141
1.07987e-144
2.06773e-148
2.63966e-152
1.80802e-156
5.68203e-165
2.64686e-167
1.33289e-170
6.31968e-174
1.56495e-179
1.99892e-185
1.94206e-191
1.89707e-197
2.08922e-203
3.15514e-209
5.85312e-215
1.35725e-220
3.34397e-226
9.4399e-232
2.75142e-237
9.20044e-243
3.15701e-248
1.2575e-253
5.49494e-259
2.32736e-264
8.48005e-270
2.54949e-275
6.4247e-281
1.30461e-286
2.00188e-292
2.35341e-298
2.37052e-304
2.38487e-310
2.52313e-316
2.91499e-322
0
0
0
0
0
0
0
0
0
0
0
0
0
0
0
0
0
0
0
0
0
0
0
0
0
0
0
0
0
0
0
0
0
0
0
0
0
0
0
0
0
0
0
0
0
0
0
0
0
0
0
0
0
0
0
0
0
0
0
0
0
0
0
0
0
0
0
0
0
0
0
0
0
0
0
0
0
0
0
0
0
0
0
0
0
0
0
0
0
0
0
0
0
0
0
0
0
0
0
0
0
0
0
0
0
0
0
0
0
0
0
0
0
0
0
0
0
0
0
0
0
0
0
0
0
0
0
0
0
0
0
0
0
0
0
0
0
0
0
0
0
0
0
0
0
0
0
0
0
0
0
0
0
0
0
0
0
0
0
0
0
0
0
0
0
0
0
0
0
0
0
0
0
0
0
0
0
0
0
0
0
0
0
0
0
0
0
0
0
0
0
0
0
0
0
0
0
0
0
0
0
0
0
0
0
0
0
0
0
0
3.35046e-07
6.37858e-07
6.94113e-07
5.70718e-07
5.3581e-07
5.14096e-07
3.99572e-07
3.39747e-07
3.59967e-07
3.52007e-07
2.67979e-07
1.08089e-07
1.68777e-08
7.67831e-10
2.45698e-07
2.04433e-07
3.28161e-07
4.42907e-07
3.56954e-07
3.03299e-07
4.64442e-07
5.0105e-07
3.10454e-07
7.52932e-08
2.68855e-08
1.0501e-08
4.54364e-09
1.94259e-09
1.06132e-09
8.99136e-10
1.28791e-09
2.84079e-09
6.96262e-09
1.80945e-08
4.69086e-08
1.29125e-07
3.60941e-07
3.59111e-07
2.71496e-07
1.70363e-07
4.21393e-08
9.11784e-09
4.47366e-10
1.91549e-11
4.91962e-15
8.58609e-14
6.1154e-12
4.59655e-10
2.46343e-08
5.20714e-08
4.02862e-07
1.57866e-07
1.03431e-07
2.27178e-07
2.33121e-07
1.31899e-08
2.41123e-09
1.00067e-09
1.06888e-09
3.41461e-09
2.14623e-08
1.75709e-07
4.02623e-07
3.61196e-07
3.42427e-07
4.06272e-07
1.36949e-07
2.96922e-09
3.00461e-10
1.06654e-10
3.35212e-10
4.41314e-09
2.37044e-09
5.21315e-12
4.92607e-15
5.82162e-15
6.51677e-15
1.63922e-15
1.02596e-15
2.99688e-15
1.32317e-14
2.26548e-13
3.60842e-12
5.91358e-11
4.02274e-10
3.15406e-10
1.18585e-10
1.51553e-11
1.08537e-11
1.13636e-11
1.68562e-11
2.02377e-11
1.19403e-11
3.87653e-12
1.401e-12
3.79405e-15
2.93379e-18
1.29444e-21
4.75763e-25
4.94179e-28
2.61889e-30
4.26655e-32
3.55688e-35
8.47198e-41
1.2901e-54
6.59159e-57
1.31067e-60
4.56646e-66
6.6957e-71
7.24753e-75
9.26714e-77
1.17952e-78
1.93301e-82
2.50457e-86
3.77841e-90
7.76076e-94
4.58303e-97
6.01425e-100
1.30947e-102
2.36675e-105
3.0471e-108
3.22566e-111
2.93606e-114
2.40058e-117
2.0708e-120
1.28638e-123
7.41342e-127
3.58126e-130
1.45369e-133
5.31847e-137
1.59772e-140
3.78217e-144
5.73748e-148
4.47747e-152
1.09748e-161
2.93633e-164
3.74261e-168
1.72021e-171
1.02488e-174
2.68603e-180
4.12204e-186
5.32105e-192
6.93748e-198
1.10132e-203
1.97906e-209
3.97504e-215
8.6845e-221
2.11284e-226
5.58318e-232
1.59999e-237
5.01334e-243
1.7297e-248
6.63782e-254
2.81133e-259
1.27877e-264
5.20087e-270
1.69011e-275
3.92353e-281
6.39334e-287
7.6982e-293
7.8451e-299
7.6039e-305
7.61366e-311
7.76428e-317
0
0
0
0
0
0
0
0
0
0
0
0
0
0
0
0
0
0
0
0
0
0
0
0
0
0
0
0
0
0
0
0
0
0
0
0
0
0
0
0
0
0
0
0
0
0
0
0
0
0
0
0
0
0
0
0
0
0
0
0
0
0
0
0
0
0
0
0
0
0
0
0
0
0
0
0
0
0
0
0
0
0
0
0
0
0
0
0
0
0
0
0
0
0
0
0
0
0
0
0
0
0
0
0
0
0
0
0
0
0
0
0
0
0
0
0
0
0
0
0
0
0
0
0
0
0
0
0
0
0
0
0
0
0
0
0
0
0
0
0
0
0
0
0
0
0
0
0
0
0
0
0
0
0
0
0
0
0
0
0
0
0
0
0
0
0
0
0
0
0
0
0
0
0
0
0
0
0
0
0
0
0
0
0
0
0
0
0
0
0
0
0
0
0
0
0
0
0
0
0
0
0
0
0
0
0
0
0
0
0
7.28525e-07
5.93126e-07
3.88874e-07
3.46005e-07
3.00903e-07
2.59491e-07
1.79038e-07
1.85224e-07
2.85323e-07
3.71166e-07
2.93684e-07
1.25535e-07
1.22281e-08
4.18619e-09
2.2416e-08
7.20927e-08
1.50011e-07
1.77845e-07
2.54561e-07
4.16869e-07
4.8124e-07
4.79884e-07
5.12918e-07
4.96476e-07
5.35748e-07
4.46044e-07
1.41224e-07
4.09136e-08
1.14812e-08
2.95081e-09
9.49191e-10
5.32576e-10
5.36593e-10
9.80265e-10
2.21911e-09
7.06213e-09
1.96723e-08
6.85453e-08
3.74808e-07
2.26187e-07
1.34265e-07
1.34453e-07
1.19853e-07
3.60749e-08
9.43515e-10
9.38659e-11
3.27874e-11
2.87583e-12
1.88853e-12
1.29871e-11
2.12551e-11
1.72167e-10
6.18851e-09
2.19254e-08
3.62928e-07
2.36668e-07
1.1228e-07
1.64563e-07
4.1128e-07
3.90509e-08
4.03937e-09
8.78974e-10
4.12548e-10
5.82923e-10
2.75051e-09
2.754e-08
2.55106e-07
4.19125e-07
4.06252e-07
4.06053e-07
3.70435e-07
1.67577e-08
1.16089e-09
1.35269e-10
1.36437e-10
2.23223e-09
6.16747e-08
2.77281e-09
4.92956e-11
6.87084e-12
1.82264e-12
1.70876e-12
2.20195e-12
1.99591e-12
1.15252e-12
9.6318e-13
1.5947e-12
1.62687e-11
2.70859e-10
7.83267e-10
3.44481e-10
1.48972e-10
4.05794e-11
1.95275e-11
1.11345e-11
1.14291e-11
1.6484e-11
1.82587e-11
1.73423e-11
3.84652e-12
2.0076e-12
6.70094e-14
4.38351e-17
2.99704e-20
1.79354e-23
1.14799e-26
1.38031e-29
6.92236e-32
1.26558e-33
5.63201e-38
2.01939e-43
9.7664e-48
2.62043e-52
5.59928e-56
6.93038e-60
2.70676e-63
8.28544e-67
6.02186e-70
1.45471e-72
6.44864e-76
9.3829e-80
1.75278e-83
3.30693e-87
8.24192e-91
2.61279e-94
1.91282e-97
2.10586e-100
3.07463e-103
3.76513e-106
3.98194e-109
3.50611e-112
2.81856e-115
2.25326e-118
1.56932e-121
1.16082e-124
7.45972e-128
5.31672e-131
3.34746e-134
2.43048e-137
1.50706e-140
6.19333e-144
1.03378e-147
2.80582e-151
1.45852e-154
5.71756e-158
5.30188e-162
6.95886e-166
2.14774e-169
1.68147e-172
5.82625e-176
6.15741e-182
9.00923e-188
1.77324e-193
3.34089e-199
6.5752e-205
1.2308e-210
2.46167e-216
5.00787e-222
1.15924e-227
2.8929e-233
8.16532e-239
2.47986e-244
8.2716e-250
3.06576e-255
1.25325e-260
5.67486e-266
2.29211e-271
6.78649e-277
1.35028e-282
1.96471e-288
2.25809e-294
2.62409e-300
2.63116e-306
2.35257e-312
1.52786e-318
0
0
0
0
0
0
0
0
0
0
0
0
0
0
0
0
0
0
0
0
0
0
0
0
0
0
0
0
0
0
0
0
0
0
0
0
0
0
0
0
0
0
0
0
0
0
0
0
0
0
0
0
0
0
0
0
0
0
0
0
0
0
0
0
0
0
0
0
0
0
0
0
0
0
0
0
0
0
0
0
0
0
0
0
0
0
0
0
0
0
0
0
0
0
0
0
0
0
0
0
0
0
0
0
0
0
0
0
0
0
0
0
0
0
0
0
0
0
0
0
0
0
0
0
0
0
0
0
0
0
0
0
0
0
0
0
0
0
0
0
0
0
0
0
0
0
0
0
0
0
0
0
0
0
0
0
0
0
0
0
0
0
0
0
0
0
0
0
0
0
0
0
0
0
0
0
0
0
0
0
0
0
0
0
0
0
0
0
0
0
0
0
0
0
0
0
0
0
0
0
0
0
0
0
0
0
0
0
0
0
0
0
0
0
0
0
0
0
0
0
0
0
0
0
0
3.21829e-07
2.21622e-07
1.54593e-07
1.537e-07
1.44819e-07
9.48319e-08
3.7547e-08
2.72229e-08
4.57049e-08
2.81588e-07
3.41388e-07
1.39246e-07
3.30506e-08
8.98709e-09
8.03607e-09
1.92551e-08
6.98293e-08
1.83651e-07
3.65572e-07
4.63803e-07
4.86233e-07
4.88846e-07
4.51086e-07
4.33633e-07
4.79603e-07
5.41813e-07
4.97036e-07
1.70326e-07
2.93366e-08
4.24697e-09
8.61846e-10
3.34785e-10
3.18985e-10
4.5462e-10
1.02949e-09
2.8194e-09
6.74399e-09
2.01469e-08
1.92754e-07
1.84472e-07
6.30755e-08
5.3213e-08
5.88305e-08
4.65059e-08
3.11007e-09
2.31434e-09
1.6061e-09
1.2456e-09
1.74931e-09
2.85479e-09
2.84557e-09
2.70329e-09
4.6411e-09
2.45528e-08
2.84448e-07
4.05061e-07
2.57578e-07
1.72575e-07
2.1535e-07
4.01748e-07
3.58748e-08
3.72614e-09
5.8496e-10
2.78346e-10
5.44655e-10
4.40332e-09
4.58314e-08
2.56723e-07
4.00027e-07
4.25974e-07
4.07185e-07
1.10722e-07
5.71601e-09
4.5268e-10
1.0237e-10
2.4004e-10
5.26678e-09
8.53377e-08
2.11263e-08
1.01412e-08
4.36346e-09
6.76363e-10
1.47346e-10
1.01202e-10
7.35196e-11
5.17063e-11
3.83705e-11
7.02842e-10
2.31167e-09
4.23698e-10
1.23146e-10
6.15023e-11
2.75304e-11
1.76305e-11
1.13014e-11
1.53943e-11
1.86047e-11
2.04558e-11
2.06813e-11
1.05686e-11
2.25693e-12
7.00513e-13
1.22229e-15
7.70367e-19
3.75917e-22
1.55892e-25
6.70223e-29
6.46016e-32
2.29064e-34
2.66909e-36
2.6802e-39
2.04914e-43
1.94179e-47
3.28841e-51
6.98805e-55
2.06709e-58
4.54114e-62
6.81861e-66
6.4934e-70
1.31904e-73
2.94917e-77
7.31046e-81
1.82469e-84
6.05368e-88
2.11251e-91
9.45194e-95
5.99963e-98
5.27187e-101
5.29049e-104
4.77916e-107
4.08316e-110
3.31649e-113
2.39396e-116
1.78884e-119
1.2218e-122
8.51181e-126
5.70515e-129
3.9741e-132
2.37298e-135
1.77751e-138
9.88986e-142
1.37894e-144
4.69291e-148
1.39566e-151
1.79055e-155
2.26023e-159
3.62178e-163
1.20414e-166
6.43548e-170
3.74476e-173
6.16613e-177
6.26248e-183
1.08592e-188
1.84555e-194
2.81181e-200
3.98448e-206
5.67934e-212
8.42288e-218
1.41647e-223
2.95487e-229
6.65943e-235
1.70119e-240
4.90649e-246
1.52913e-251
5.42407e-257
2.09854e-262
7.99359e-268
2.46171e-273
5.84781e-279
1.01079e-284
1.32645e-290
1.45781e-296
1.44488e-302
1.37413e-308
1.10007e-314
1.02222e-320
0
0
0
0
0
0
0
0
0
0
0
0
0
0
0
0
0
0
0
0
0
0
0
0
0
0
0
0
0
0
0
0
0
0
0
0
0
0
0
0
0
0
0
0
0
0
0
0
0
0
0
0
0
0
0
0
0
0
0
0
0
0
0
0
0
0
0
0
0
0
0
0
0
0
0
0
0
0
0
0
0
0
0
0
0
0
0
0
0
0
0
0
0
0
0
0
0
0
0
0
0
0
0
0
0
0
0
0
0
0
0
0
0
0
0
0
0
0
0
0
0
0
0
0
0
0
0
0
0
0
0
0
0
0
0
0
0
0
0
0
0
0
0
0
0
0
0
0
0
0
0
0
0
0
0
0
0
0
0
0
0
0
0
0
0
0
0
0
0
0
0
0
0
0
0
0
0
0
0
0
0
0
0
0
0
0
0
0
0
0
0
0
0
0
0
0
0
0
0
0
0
0
0
0
0
0
0
0
0
0
0
0
0
0
0
0
0
0
0
0
0
0
0
0
6.51274e-08
6.41857e-08
4.3978e-08
5.13126e-08
4.69494e-08
2.59509e-08
8.61787e-09
3.45928e-09
2.99991e-09
8.06421e-09
2.96715e-08
3.65995e-07
2.37966e-07
4.16599e-08
1.24855e-08
2.46189e-08
1.2115e-07
3.93177e-07
3.9411e-07
4.59174e-07
4.54133e-07
4.46182e-07
4.73219e-07
5.07354e-07
5.03737e-07
5.36083e-07
5.36633e-07
3.0087e-07
2.99907e-08
2.99147e-09
5.31225e-10
2.54722e-10
2.15243e-10
2.47091e-10
3.99588e-10
7.62794e-10
1.26567e-09
3.99813e-09
2.43564e-08
3.03778e-07
4.96919e-08
3.05606e-08
3.36684e-08
4.03903e-08
4.00584e-08
4.85505e-08
6.59879e-08
9.21603e-08
1.38406e-07
4.27996e-07
2.57305e-08
1.15592e-08
8.07881e-09
9.38935e-09
1.343e-08
2.54383e-08
5.99071e-08
2.8885e-07
3.64008e-07
3.25004e-07
3.98238e-07
1.68096e-08
1.55479e-09
3.48047e-10
2.53094e-10
6.65651e-10
5.62509e-09
4.41351e-08
1.39207e-07
2.33115e-07
3.16304e-07
2.03613e-07
3.76547e-08
3.01839e-09
2.72518e-10
8.95874e-11
3.11019e-10
2.80852e-09
2.81208e-08
2.30739e-07
1.69635e-07
5.91986e-08
1.76474e-08
7.54045e-09
6.03896e-09
5.85309e-09
2.43194e-09
7.39865e-10
8.32491e-10
1.49984e-10
3.56778e-11
2.04511e-11
1.55691e-11
1.13771e-11
1.16245e-11
1.59526e-11
1.88421e-11
2.11581e-11
2.28451e-11
2.27641e-11
6.69482e-12
1.95491e-12
3.84764e-14
9.99528e-18
3.0607e-21
1.30867e-24
7.12038e-28
3.35355e-31
2.17765e-34
2.47763e-37
2.61931e-40
1.6535e-43
6.47977e-47
1.43987e-50
1.94018e-54
2.58612e-58
3.10547e-62
4.19295e-66
6.78704e-70
1.55734e-73
4.26693e-77
1.33074e-80
4.22046e-84
1.8132e-87
7.28685e-91
3.32683e-94
1.69714e-97
1.0813e-100
7.59775e-104
6.28743e-107
4.77771e-110
3.69745e-113
2.69245e-116
1.84954e-119
1.26546e-122
9.17498e-126
5.83994e-129
4.31267e-132
2.70733e-135
1.78563e-138
1.18516e-141
8.44074e-145
4.99309e-148
1.95512e-151
4.88579e-155
1.02478e-158
2.21853e-162
7.58653e-166
3.17706e-169
1.48954e-172
7.39219e-176
1.46525e-181
2.50526e-187
3.8618e-193
5.39705e-199
7.08967e-205
8.98289e-211
1.25035e-216
1.69784e-222
2.51563e-228
4.32629e-234
8.92354e-240
2.22798e-245
6.41349e-251
2.12542e-256
7.81544e-262
3.0123e-267
1.01262e-272
2.79018e-278
6.32675e-284
1.15301e-289
1.66656e-295
2.07235e-301
2.35013e-307
2.38699e-313
2.53357e-319
0
0
0
0
0
0
0
0
0
0
0
0
0
0
0
0
0
0
0
0
0
0
0
0
0
0
0
0
0
0
0
0
0
0
0
0
0
0
0
0
0
0
0
0
0
0
0
0
0
0
0
0
0
0
0
0
0
0
0
0
0
0
0
0
0
0
0
0
0
0
0
0
0
0
0
0
0
0
0
0
0
0
0
0
0
0
0
0
0
0
0
0
0
0
0
0
0
0
0
0
0
0
0
0
0
0
0
0
0
0
0
0
0
0
0
0
0
0
0
0
0
0
0
0
0
0
0
0
0
0
0
0
0
0
0
0
0
0
0
0
0
0
0
0
0
0
0
0
0
0
0
0
0
0
0
0
0
0
0
0
0
0
0
0
0
0
0
0
0
0
0
0
0
0
0
0
0
0
0
0
0
0
0
0
0
0
0
0
0
0
0
0
0
0
0
0
0
0
0
0
0
0
0
0
0
0
0
0
0
0
0
0
0
0
0
0
0
0
0
0
0
0
0
0
5.40543e-09
8.19194e-09
7.07347e-09
8.87307e-09
8.39014e-09
5.46311e-09
1.46086e-09
5.36712e-10
2.63561e-10
3.9629e-10
7.78507e-10
3.19383e-09
2.19305e-08
3.37474e-07
2.11507e-07
3.36118e-07
1.69652e-07
8.05981e-08
3.4994e-07
4.41521e-07
4.25135e-07
4.7727e-07
1.1205e-07
4.19323e-08
5.4048e-08
1.84615e-07
2.44408e-07
6.92826e-08
8.91307e-09
1.13781e-09
3.65044e-10
2.09308e-10
1.74342e-10
1.57182e-10
1.74792e-10
2.16361e-10
3.35276e-10
9.54019e-10
6.67242e-09
3.00821e-07
1.04969e-07
2.99051e-08
2.29822e-08
2.78943e-08
3.60323e-08
5.39755e-08
8.93673e-08
1.64147e-07
3.31981e-07
3.19742e-07
3.95598e-07
2.60834e-07
2.26734e-07
4.62881e-08
2.25326e-08
2.27703e-08
4.34221e-08
3.29924e-07
3.64258e-07
4.14468e-07
4.37782e-08
4.59962e-09
7.95087e-10
2.94352e-10
1.87614e-10
2.31924e-10
7.27705e-10
5.21064e-09
2.60506e-08
3.72447e-08
6.44825e-08
1.03895e-07
6.31802e-08
2.01298e-08
2.34815e-09
2.77031e-10
1.17894e-10
2.24755e-10
1.09924e-09
3.85065e-09
4.92003e-09
4.25516e-09
2.55374e-09
1.78694e-09
2.22156e-09
4.23188e-09
1.12219e-09
1.53729e-10
1.26491e-09
4.46508e-11
2.04135e-11
1.60693e-11
1.17718e-11
1.53645e-11
1.58094e-11
1.68126e-11
1.86227e-11
2.10875e-11
2.27593e-11
2.43897e-11
2.36568e-11
4.02774e-12
7.22982e-13
5.41803e-16
1.94076e-19
5.71278e-23
1.48124e-26
3.72974e-30
7.44022e-34
1.4163e-37
3.46227e-41
6.23462e-45
1.77964e-48
3.6707e-52
7.76469e-56
9.83421e-60
1.81426e-63
2.30457e-67
4.48041e-71
1.15381e-74
4.49337e-78
1.85307e-81
1.00692e-84
5.19986e-88
2.71418e-91
1.53305e-94
9.37008e-98
5.41427e-101
3.74816e-104
2.51083e-107
1.79738e-110
1.19907e-113
7.87179e-117
5.73411e-120
3.77776e-123
2.44533e-126
1.51876e-129
1.05324e-132
6.63865e-136
3.82484e-139
2.23419e-142
1.15611e-145
6.28422e-149
2.75626e-152
1.01457e-155
2.9436e-159
8.86429e-163
3.20676e-166
1.26561e-169
5.44412e-173
2.24996e-176
4.42925e-182
7.70881e-188
1.22323e-193
1.75771e-199
2.67682e-205
3.54775e-211
4.72821e-217
6.36192e-223
9.51353e-229
1.60638e-234
3.29445e-240
7.95546e-246
2.23422e-251
7.07249e-257
2.48946e-262
8.96486e-268
2.84298e-273
7.43887e-279
1.65252e-284
3.20297e-290
5.54471e-296
8.58522e-302
1.1768e-307
1.47989e-313
1.84064e-319
0
0
0
0
0
0
0
0
0
0
0
0
0
0
0
0
0
0
0
0
0
0
0
0
0
0
0
0
0
0
0
0
0
0
0
0
0
0
0
0
0
0
0
0
0
0
0
0
0
0
0
0
0
0
0
0
0
0
0
0
0
0
0
0
0
0
0
0
0
0
0
0
0
0
0
0
0
0
0
0
0
0
0
0
0
0
0
0
0
0
0
0
0
0
0
0
0
0
0
0
0
0
0
0
0
0
0
0
0
0
0
0
0
0
0
0
0
0
0
0
0
0
0
0
0
0
0
0
0
0
0
0
0
0
0
0
0
0
0
0
0
0
0
0
0
0
0
0
0
0
0
0
0
0
0
0
0
0
0
0
0
0
0
0
0
0
0
0
0
0
0
0
0
0
0
0
0
0
0
0
0
0
0
0
0
0
0
0
0
0
0
0
0
0
0
0
0
0
0
0
0
0
0
0
0
0
0
0
0
0
0
0
0
0
0
0
0
0
0
0
0
0
0
0
2.11799e-10
4.74492e-10
6.93032e-10
8.76819e-10
7.00512e-10
4.06547e-10
1.84303e-10
8.4002e-11
6.4834e-11
6.11175e-11
7.33789e-11
1.04944e-10
2.25921e-10
9.45601e-10
1.98847e-09
3.05849e-09
7.83421e-09
8.76271e-08
4.31911e-07
4.3642e-07
4.13826e-07
2.88665e-08
3.46695e-09
2.50311e-09
4.92382e-09
1.57091e-08
1.62269e-08
8.01557e-09
1.91011e-09
4.96332e-10
2.38767e-10
1.82261e-10
1.33864e-10
1.24844e-10
1.17763e-10
1.19187e-10
1.70231e-10
3.83538e-10
2.62098e-09
6.26478e-08
2.21361e-07
5.03414e-08
2.69447e-08
2.73659e-08
4.25178e-08
8.96919e-08
1.73434e-07
3.12023e-07
4.21636e-07
3.86944e-07
4.19191e-07
4.06628e-07
4.16439e-07
3.76034e-07
2.29172e-07
2.23392e-07
4.14879e-07
3.63616e-07
4.10651e-07
5.12408e-08
3.90761e-09
5.87727e-10
2.27326e-10
1.51863e-10
1.32291e-10
1.30869e-10
1.93302e-10
6.05865e-10
2.72598e-09
8.34818e-09
1.0737e-08
1.26587e-08
2.13713e-08
1.79286e-08
8.48545e-09
2.09981e-09
5.27697e-10
2.28938e-10
1.84699e-10
1.96728e-10
2.54314e-10
2.78203e-10
2.74234e-10
2.902e-10
3.31607e-10
3.16484e-10
1.38813e-10
5.87934e-11
2.92589e-11
2.24132e-11
1.8859e-11
1.76263e-11
1.74993e-11
1.78002e-11
1.8387e-11
1.90562e-11
1.97269e-11
2.12511e-11
2.28409e-11
2.44617e-11
2.56877e-11
8.37259e-12
2.44379e-12
7.31716e-15
1.49897e-18
4.27757e-22
1.33783e-25
3.27357e-29
6.77915e-33
9.9761e-37
1.13474e-40
1.43167e-44
1.39302e-48
2.39855e-52
2.91108e-56
4.27062e-60
4.25238e-64
5.15267e-68
5.1454e-72
9.83118e-76
2.17998e-79
8.60542e-83
3.23101e-86
1.72602e-89
8.92572e-93
4.91447e-96
2.67068e-99
1.49372e-102
8.67999e-106
4.94866e-109
3.01612e-112
1.81371e-115
1.1124e-118
7.42378e-122
4.66775e-125
2.80886e-128
1.81325e-131
1.14856e-134
7.35349e-138
4.14331e-141
2.57489e-144
1.3125e-147
7.27754e-151
3.20673e-154
1.40438e-157
5.54577e-161
2.10074e-164
8.12025e-168
3.88827e-171
1.62113e-174
2.61777e-178
1.74451e-184
1.15106e-190
9.72043e-197
1.43031e-202
2.84784e-208
6.40225e-214
1.43018e-219
3.29838e-225
7.47484e-231
1.76882e-236
4.20881e-242
1.06798e-247
2.79178e-253
7.95912e-259
2.41415e-264
7.27957e-270
1.87485e-275
4.18998e-281
8.2072e-287
1.47766e-292
2.474e-298
3.96156e-304
6.11701e-310
9.13484e-316
1.33398e-321
0
0
0
0
0
0
0
0
0
0
0
0
0
0
0
0
0
0
0
0
0
0
0
0
0
0
0
0
0
0
0
0
0
0
0
0
0
0
0
0
0
0
0
0
0
0
0
0
0
0
0
0
0
0
0
0
0
0
0
0
0
0
0
0
0
0
0
0
0
0
0
0
0
0
0
0
0
0
0
0
0
0
0
0
0
0
0
0
0
0
0
0
0
0
0
0
0
0
0
0
0
0
0
0
0
0
0
0
0
0
0
0
0
0
0
0
0
0
0
0
0
0
0
0
0
0
0
0
0
0
0
0
0
0
0
0
0
0
0
0
0
0
0
0
0
0
0
0
0
0
0
0
0
0
0
0
0
0
0
0
0
0
0
0
0
0
0
0
0
0
0
0
0
0
0
0
0
0
0
0
0
0
0
0
0
0
0
0
0
0
0
0
0
0
0
0
0
0
0
0
0
0
0
0
0
0
0
0
0
0
0
0
0
0
0
0
0
0
0
0
0
0
0
0
2.00413e-11
3.28367e-11
4.47097e-11
5.98852e-11
4.19156e-11
4.41248e-11
2.83865e-11
3.07626e-11
3.05053e-11
3.29276e-11
3.39555e-11
3.5839e-11
4.57249e-11
4.67395e-11
8.22065e-11
1.62439e-10
1.16956e-09
2.23708e-08
2.91365e-07
4.31425e-07
4.01114e-08
2.82453e-09
3.82041e-10
2.94271e-10
4.16408e-10
1.06576e-09
1.6147e-09
1.33209e-09
7.52513e-10
3.48259e-10
2.09157e-10
1.57122e-10
1.33851e-10
1.22612e-10
1.11476e-10
1.02757e-10
1.09194e-10
1.53776e-10
7.75021e-10
5.81464e-09
2.88877e-07
1.97606e-07
6.88457e-08
4.91871e-08
6.08983e-08
1.18076e-07
2.21058e-07
3.39574e-07
4.06907e-07
4.0681e-07
3.89433e-07
3.55674e-07
2.61925e-07
2.14873e-07
2.2061e-07
2.26335e-07
2.63621e-07
4.09007e-07
4.55108e-08
2.11022e-09
2.77364e-10
1.14699e-10
9.88012e-11
9.8403e-11
1.13379e-10
1.11479e-10
1.18602e-10
1.41605e-10
3.23411e-10
8.95603e-10
1.97369e-09
2.80451e-09
1.96588e-09
2.54249e-09
2.69119e-09
2.23593e-09
1.25962e-09
6.58768e-10
3.28161e-10
2.21142e-10
1.39846e-10
1.22774e-10
9.94537e-11
9.35491e-11
8.77205e-11
6.59156e-11
5.08113e-11
2.72232e-11
2.10491e-11
2.04706e-11
2.00086e-11
2.02758e-11
2.05748e-11
2.13432e-11
2.20685e-11
2.2527e-11
2.21244e-11
2.23013e-11
2.32982e-11
2.44725e-11
2.50868e-11
1.18238e-11
4.16281e-12
2.8154e-13
6.2034e-17
1.0229e-20
1.32522e-24
1.88433e-28
2.59551e-32
3.6305e-36
4.89381e-40
5.6252e-44
6.83118e-48
7.94341e-52
8.21029e-56
9.35429e-60
9.32481e-64
8.23997e-68
1.27322e-71
2.20457e-75
1.9861e-78
9.75436e-82
8.12737e-85
4.80528e-88
2.82964e-91
1.40944e-94
7.03998e-98
3.13267e-101
1.45013e-104
6.13178e-108
2.73541e-111
1.14237e-114
5.05746e-118
2.03119e-121
8.89746e-125
3.51092e-128
1.53089e-131
5.9917e-135
2.73978e-138
1.0802e-141
5.09764e-145
2.09366e-148
9.97778e-152
4.1289e-155
1.94654e-158
7.9849e-162
3.68947e-165
1.52567e-168
6.60948e-172
2.68588e-175
6.49986e-181
1.47823e-186
3.43506e-192
7.52183e-198
1.65149e-203
3.42958e-209
7.15661e-215
1.42557e-220
2.90228e-226
5.74825e-232
1.1907e-237
2.46512e-243
5.48648e-249
1.26893e-254
3.27184e-260
8.14504e-266
1.84315e-271
3.66428e-277
6.8433e-283
1.18232e-288
1.97583e-294
3.12964e-300
4.84523e-306
7.18601e-312
1.04784e-317
1.4822e-323
0
0
0
0
0
0
0
0
0
0
0
0
0
0
0
0
0
0
0
0
0
0
0
0
0
0
0
0
0
0
0
0
0
0
0
0
0
0
0
0
0
0
0
0
0
0
0
0
0
0
0
0
0
0
0
0
0
0
0
0
0
0
0
0
0
0
0
0
0
0
0
0
0
0
0
0
0
0
0
0
0
0
0
0
0
0
0
0
0
0
0
0
0
0
0
0
0
0
0
0
0
0
0
0
0
0
0
0
0
0
0
0
0
0
0
0
0
0
0
0
0
0
0
0
0
0
0
0
0
0
0
0
0
0
0
0
0
0
0
0
0
0
0
0
0
0
0
0
0
0
0
0
0
0
0
0
0
0
0
0
0
0
0
0
0
0
0
0
0
0
0
0
0
0
0
0
0
0
0
0
0
0
0
0
0
0
0
0
0
0
0
0
0
0
0
0
0
0
0
0
0
0
0
0
0
0
0
0
0
0
0
0
0
0
0
0
0
0
0
0
0
0
0
0
2.19272e-11
2.18431e-11
2.20656e-11
2.24721e-11
2.28123e-11
2.30295e-11
2.32547e-11
2.62733e-11
2.87911e-11
3.30024e-11
3.54261e-11
3.90903e-11
4.62827e-11
4.51407e-11
5.08797e-11
5.31733e-11
1.10975e-10
4.46425e-10
2.86768e-09
1.04817e-08
5.47642e-09
1.17449e-09
1.96706e-10
9.89529e-11
8.12329e-11
1.2031e-10
1.88661e-10
2.40228e-10
2.60037e-10
2.30331e-10
1.89306e-10
1.48134e-10
1.30321e-10
1.22274e-10
1.15063e-10
1.07137e-10
1.05393e-10
1.11986e-10
2.097e-10
7.75308e-10
3.84025e-09
6.00757e-08
3.59602e-07
2.00665e-07
1.33524e-07
1.42412e-07
1.80088e-07
2.28907e-07
2.46286e-07
2.39459e-07
2.3773e-07
2.21217e-07
2.23963e-07
2.36458e-07
2.46033e-07
3.16525e-07
4.75976e-07
2.88198e-08
1.53086e-09
2.18374e-10
1.03956e-10
9.55717e-11
9.39871e-11
9.4509e-11
1.02003e-10
1.10444e-10
1.02261e-10
9.68461e-11
9.83992e-11
1.21896e-10
1.90288e-10
2.78256e-10
3.45504e-10
3.20439e-10
2.11784e-10
2.08019e-10
2.41043e-10
2.36353e-10
2.17617e-10
1.51639e-10
1.31937e-10
1.09404e-10
8.86846e-11
6.38535e-11
5.79561e-11
4.88863e-11
4.21352e-11
2.86218e-11
2.6752e-11
2.5277e-11
2.38082e-11
2.29949e-11
2.31774e-11
2.3739e-11
2.41955e-11
2.42317e-11
2.37918e-11
2.32108e-11
2.36022e-11
2.43072e-11
2.45759e-11
1.06373e-11
3.89512e-12
2.45344e-13
5.17241e-17
7.6922e-21
1.10603e-24
1.48135e-28
2.15601e-32
3.08449e-36
3.85036e-40
4.91551e-44
6.80052e-48
8.41551e-52
1.03609e-54
1.3218e-58
2.68446e-61
3.1576e-65
4.81544e-68
7.82772e-72
7.90724e-75
2.57346e-78
1.6582e-81
7.85978e-85
4.08286e-88
1.81908e-91
8.27887e-95
3.35119e-98
1.46339e-101
5.73673e-105
2.4279e-108
9.43189e-112
3.92383e-115
1.45831e-118
6.01451e-122
2.18108e-125
8.55501e-129
2.9436e-132
1.1676e-135
3.74383e-139
1.45624e-142
4.51029e-146
1.75736e-149
5.44046e-153
2.06978e-156
6.51483e-160
2.40268e-163
7.95017e-167
2.72396e-170
8.87333e-174
2.87233e-177
4.61328e-183
7.08371e-189
9.19549e-195
1.19685e-200
1.39407e-206
1.73071e-212
2.06531e-218
2.77972e-224
3.86926e-230
6.2997e-236
1.10515e-241
2.25767e-247
4.50766e-253
8.39699e-259
1.37426e-264
2.11341e-270
2.95508e-276
3.96695e-282
5.01415e-288
6.20768e-294
7.45508e-300
8.94436e-306
1.06479e-311
1.28743e-317
1.4822e-323
0
0
0
0
0
0
0
0
0
0
0
0
0
0
0
0
0
0
0
0
0
0
0
0
0
0
0
0
0
0
0
0
0
0
0
0
0
0
0
0
0
0
0
0
0
0
0
0
0
0
0
0
0
0
0
0
0
0
0
0
0
0
0
0
0
0
0
0
0
0
0
0
0
0
0
0
0
0
0
0
0
0
0
0
0
0
0
0
0
0
0
0
0
0
0
0
0
0
0
0
0
0
0
0
0
0
0
0
0
0
0
0
0
0
0
0
0
0
0
0
0
0
0
0
0
0
0
0
0
0
0
0
0
0
0
0
0
0
0
0
0
0
0
0
0
0
0
0
0
0
0
0
0
0
0
0
0
0
0
0
0
0
0
0
0
0
0
0
0
0
0
0
0
0
0
0
0
0
0
0
0
0
0
0
0
0
0
0
0
0
0
0
0
0
0
0
0
0
0
0
0
0
0
0
0
0
0
0
0
0
0
0
0
0
0
0
0
0
0
0
0
0
0
0
2.39939e-11
2.41477e-11
2.41117e-11
2.43393e-11
2.43863e-11
2.4477e-11
2.4635e-11
2.94114e-11
3.04359e-11
3.78248e-11
3.85034e-11
4.19491e-11
4.79508e-11
4.84303e-11
5.49959e-11
5.36267e-11
6.07438e-11
7.73368e-11
1.02463e-10
1.46454e-10
1.34762e-10
1.17254e-10
6.72048e-11
6.75934e-11
8.15293e-11
7.74555e-11
1.01408e-10
1.09455e-10
1.14697e-10
1.32395e-10
1.34283e-10
1.26883e-10
1.24774e-10
1.19445e-10
1.16531e-10
1.11119e-10
1.04897e-10
1.02258e-10
1.06222e-10
1.27125e-10
2.41448e-10
7.8203e-10
2.26018e-09
7.26027e-09
2.94361e-08
1.0964e-07
2.22052e-07
2.83448e-07
2.71672e-07
1.92318e-07
1.49966e-07
7.12135e-08
3.35487e-08
2.20278e-08
1.79167e-08
1.12433e-08
4.33974e-09
8.99777e-10
2.28841e-10
1.20956e-10
1.10776e-10
9.73895e-11
9.75416e-11
9.3236e-11
9.84084e-11
9.72184e-11
9.77489e-11
9.23552e-11
8.73706e-11
8.08051e-11
8.19012e-11
8.4789e-11
7.92102e-11
7.18295e-11
5.94939e-11
5.6708e-11
4.43388e-11
3.88101e-11
2.6752e-11
2.92812e-11
2.67696e-11
2.8439e-11
2.7518e-11
2.74943e-11
2.71333e-11
2.62969e-11
2.60688e-11
2.5647e-11
2.4744e-11
2.38714e-11
2.30681e-11
2.3147e-11
2.38661e-11
2.43781e-11
2.42588e-11
2.42212e-11
2.41306e-11
2.41032e-11
2.42604e-11
2.45232e-11
1.76765e-11
4.28626e-12
7.6814e-13
6.77018e-16
4.01614e-19
1.86725e-22
7.92377e-26
3.65317e-29
1.7075e-32
8.42148e-36
4.11921e-39
1.8547e-42
8.68922e-46
3.59147e-49
1.80599e-52
6.85854e-56
3.39917e-59
1.2988e-62
5.85303e-66
2.26698e-69
9.62388e-73
3.62433e-76
1.54681e-79
5.83932e-83
2.4272e-86
9.35767e-90
3.83601e-93
1.45047e-96
5.91385e-100
2.23716e-103
8.98243e-107
3.44743e-110
1.35164e-113
5.11348e-117
1.97849e-120
7.42916e-124
2.73444e-127
9.80497e-131
3.67322e-134
1.21548e-137
4.45917e-141
1.43368e-144
5.18105e-148
1.65286e-151
5.80568e-155
1.8363e-158
6.30886e-162
2.04792e-165
6.63784e-169
2.13148e-172
6.97877e-176
1.14719e-181
1.91406e-187
2.95403e-193
4.49419e-199
6.22846e-205
8.40963e-211
1.03761e-216
1.24933e-222
1.3903e-228
1.52291e-234
1.56629e-240
1.60847e-246
1.58609e-252
1.59832e-258
1.5976e-264
1.67655e-270
1.79595e-276
2.03639e-282
2.35495e-288
2.82829e-294
3.39926e-300
4.15535e-306
5.01931e-312
6.10475e-318
4.94066e-324
0
0
0
0
0
0
0
0
0
0
0
0
0
0
0
0
0
0
0
0
0
0
0
0
0
0
0
0
0
0
0
0
0
0
0
0
0
0
0
0
0
0
0
0
0
0
0
0
0
0
0
0
0
0
0
0
0
0
0
0
0
0
0
0
0
0
0
0
0
0
0
0
0
0
0
0
0
0
0
0
0
0
0
0
0
0
0
0
0
0
0
0
0
0
0
0
0
0
0
0
0
0
0
0
0
0
0
0
0
0
0
0
0
0
0
0
0
0
0
0
0
0
0
0
0
0
0
0
0
0
0
0
0
0
0
0
0
0
0
0
0
0
0
0
0
0
0
0
0
0
0
0
0
0
0
0
0
0
0
0
0
0
0
0
0
0
0
0
0
0
0
0
0
0
0
0
0
0
0
0
0
0
0
0
0
0
0
0
0
0
0
0
0
0
0
0
0
0
0
0
0
0
0
0
0
0
0
0
0
0
0
0
0
0
0
0
0
0
0
0
0
0
0
0
)
;

boundaryField
{
    wand
    {
        type            zeroGradient;
    }
    frontAndBack
    {
        type            empty;
    }
}


// ************************************************************************* //
