/*--------------------------------*- C++ -*----------------------------------*\
| =========                 |                                                 |
| \\      /  F ield         | OpenFOAM: The Open Source CFD Toolbox           |
|  \\    /   O peration     | Version:  2.1.1                                 |
|   \\  /    A nd           | Web:      www.OpenFOAM.org                      |
|    \\/     M anipulation  |                                                 |
\*---------------------------------------------------------------------------*/
FoamFile
{
    version     2.0;
    format      ascii;
    class       volScalarField;
    location    "0.004800000";
    object      sL;
}
// * * * * * * * * * * * * * * * * * * * * * * * * * * * * * * * * * * * * * //

dimensions      [0 1 -1 0 0 0 0];

internalField   nonuniform List<scalar> 
12384
(
14.3523
13.039
11.8292
10.7458
10.1927
9.97598
10.2229
10.7481
11.8611
13.4885
14.8951
15.9305
14.3804
3.88754
2.5063
2.62258
2.42551
2.15008
2.07737
2.02121
2.09008
2.15635
2.23978
2.31205
2.37866
2.41669
2.43232
2.41522
2.37439
2.30784
2.25527
2.18735
2.09354
2.02739
2.01924
1.96441
1.96458
1.9891
1.99421
2.19097
2.42655
2.14731
2.2423
2.26333
1.6907
1.45773
1.42546
1.46585
1.54901
1.65881
1.72304
1.76733
1.71549
1.72415
1.78848
1.79571
1.84377
1.82226
1.8431
1.80887
1.8225
1.81027
1.77039
1.86524
1.79627
1.92722
2.11296
2.25189
2.28317
2.57415
2.60438
3.04922
2.72399
1.97727
2.01737
2.63113
2.64644
2.45372
2.1774
1.95388
1.82027
1.68824
1.62855
1.56512
1.50994
1.4549
1.34648
1.31138
1.24533
1.16018
1.16877
1.18254
1.18181
1.1973
1.18791
1.19713
1.19513
1.19182
1.1872
1.18838
1.20121
1.32379
1.24529
1.24894
1.3097
1.46596
1.61274
1.64967
1.95819
1.99755
2.34639
2.56205
2.51954
3.16088
2.96273
3.44119
3.43435
3.72695
3.87455
4.11197
4.1612
4.17744
4.02741
3.92031
3.68882
3.68008
3.61373
3.54439
3.48389
3.31614
3.41431
3.8329
3.99274
4.08995
1.23964
2.15415
2.39194
2.57513
2.88101
3.13929
3.36687
3.45661
3.37168
3.49334
3.30167
3.46891
3.31271
3.45619
3.30221
3.46736
3.21221
3.26895
3.35673
3.13812
3.62742
3.40189
4.07395
4.30862
4.44949
4.44156
4.1065
3.52279
3.12124
3.02221
2.29598
2.57863
2.83246
2.38198
2.06574
1.9165
1.6888
1.31896
1.11343
1.07977
1.04556
1.03952
1.01033
1.02918
1.00897
1.04053
1.03114
1.06664
1.0713
1.08299
1.09842
1.10924
1.12244
1.12786
1.13656
1.1369
1.13377
1.12157
1.13678
1.10871
2.50195
2.87331
4.029
3.94977
3.61725
3.43277
3.42836
3.17039
3.14129
2.8667
2.89376
2.51025
2.56807
2.05432
2.20975
1.63128
1.84147
1.4474
1.61428
1.58689
1.59037
1.77223
1.78539
1.99588
2.08549
2.25647
2.50715
2.86936
3.32773
3.65075
1.82849
1.74502
2.51163
3.14128
3.25801
3.01443
2.955
2.59866
2.58676
2.49713
2.16985
2.31614
1.92164
2.09694
1.81928
1.96464
1.91465
1.87984
2.07737
2.1758
2.13009
2.36801
2.37901
2.49884
2.72224
2.81431
2.90785
2.84168
2.67239
2.10744
3.12375
3.51184
4.05125
4.11081
3.86014
3.44133
3.22334
2.83349
2.81386
2.42646
2.53553
2.18724
2.32641
2.12695
2.20279
2.08284
2.19077
2.09312
2.33938
2.42502
2.54823
2.67056
2.78652
2.80267
2.81166
2.92032
3.54288
4.09654
4.28216
4.21959
1.87592
2.96076
3.39785
3.35294
3.22929
3.15155
2.95722
2.96086
2.69315
2.63534
2.54039
2.33588
2.07443
2.13193
1.80847
1.86797
1.70805
1.85677
1.92985
2.34288
2.38573
2.70314
2.83663
3.04264
3.12967
3.21056
2.99484
2.93651
3.00163
3.12156
0.904854
1.30149
2.69602
2.91914
2.58414
2.19739
1.89877
1.61439
1.45988
1.36121
1.3387
1.32743
1.32086
1.31668
1.31709
1.31669
1.32126
1.37158
1.37951
1.59047
1.61082
1.9368
2.02385
2.34386
2.51164
2.67282
2.9035
3.01308
1.36974
1.01944
0.451027
0.588106
0.830839
0.948965
1.13435
2.27431
3.8284
4.20105
4.26948
4.18104
4.14106
4.01951
4.03768
3.99528
3.99614
3.9505
3.87551
3.74593
3.57304
3.33704
3.17817
2.94489
2.61342
2.35939
1.85493
1.34573
1.03527
0.742505
0.656746
0.64588
7.59042
6.15793
5.41023
5.02119
4.84554
4.90688
4.94983
5.29492
6.38906
8.79758
12.003
14.7621
15.1633
5.73168
2.37894
2.22941
1.89667
1.82738
2.02047
2.19751
2.37438
2.43839
2.51889
2.57199
2.60617
2.64352
2.69562
2.7672
2.84717
2.91509
2.94754
2.91706
2.88724
2.70703
2.4825
2.34243
2.23236
2.13201
2.05752
2.11943
2.35266
2.42868
2.3593
2.27026
1.69198
1.43307
1.4384
1.55422
1.59767
1.64429
1.65723
1.69942
1.84115
1.95636
1.99724
1.91983
1.89308
1.82145
1.79719
1.72828
1.66381
1.61126
1.56034
1.55592
1.52034
1.67748
1.74623
1.85972
2.13902
2.43929
2.4792
2.84002
3.26269
2.85357
2.13406
2.65743
2.48845
2.02413
1.68558
1.44589
1.33958
1.29088
1.30254
1.31133
1.36381
1.38823
1.40912
1.39416
1.40151
1.27032
1.2234
1.23671
1.23439
1.24523
1.25206
1.24437
1.2418
1.22988
1.21466
1.20068
1.20041
1.19988
1.32494
1.31381
1.32075
1.50294
1.67036
1.86969
2.10672
2.25153
2.53941
2.58888
2.98786
2.96845
3.30349
3.46637
3.69492
3.97303
4.15767
4.4092
4.643
4.68082
4.66412
4.48203
4.35886
4.17984
3.99953
3.83326
3.63799
3.43221
3.40051
3.48808
3.81094
4.29497
1.38475
2.36049
2.63389
3.01254
3.37882
3.67768
3.66178
3.60411
3.45337
3.55894
3.41463
3.60153
3.49995
3.60257
3.57597
3.63138
3.49992
3.66155
3.58404
3.69503
3.80062
4.05016
4.22798
4.39195
4.45107
4.47961
4.3145
3.88123
3.40878
3.27295
2.41169
2.66883
2.5394
2.22974
1.97595
1.45775
1.10092
1.03489
0.988865
0.957065
0.92678
0.904555
0.891942
0.88765
0.898859
0.930213
0.964529
1.00827
1.04642
1.08144
1.10718
1.13106
1.15239
1.165
1.17047
1.17201
1.16193
1.14007
1.11438
1.10687
3.07605
3.76957
4.07508
3.86469
3.87757
3.66128
3.58463
3.18224
3.27469
2.92008
3.04181
2.83036
2.74687
2.37736
2.47661
1.97526
2.06631
1.74587
1.79215
1.80751
1.73911
1.90955
1.91109
2.06083
2.20867
2.34751
2.52294
2.81234
3.17471
3.59284
2.35961
2.97803
3.22542
3.08498
2.85554
2.77788
2.69573
2.83093
2.77579
2.82051
2.62723
2.56838
2.41089
2.33369
2.30178
2.23199
2.31456
2.32173
2.48895
2.4773
2.50193
2.6423
2.52548
2.61568
2.72972
2.86204
2.8964
2.92688
2.84006
2.44039
3.79282
4.03153
3.84407
3.37706
2.98259
2.73609
2.79471
2.78665
2.86968
2.77008
2.77168
2.62674
2.58076
2.4948
2.39967
2.40323
2.29601
2.43771
2.42479
2.56971
2.68649
2.7723
2.82301
2.7943
2.80002
2.80521
2.88646
3.16709
3.597
3.72547
2.33312
3.18042
3.28007
3.1883
3.07471
2.93539
2.94958
2.81822
2.71858
2.61406
2.33414
2.27788
1.96447
1.86861
1.66163
1.58085
1.58554
1.54232
1.75035
1.78876
2.1294
2.19643
2.39804
2.63238
2.87073
3.07303
3.1837
3.11917
3.15198
3.22308
1.34266
2.16604
2.82534
2.58138
2.0317
1.50357
1.25305
1.17892
1.1627
1.17373
1.19955
1.21787
1.23032
1.23841
1.24838
1.26197
1.28373
1.31031
1.42799
1.6035
1.78482
1.96179
2.20215
2.3288
2.57847
2.70836
2.84699
2.99744
2.09561
1.29924
0.621367
0.875377
1.09143
1.69192
2.96879
3.77149
4.21021
4.3387
4.31222
4.33407
4.32165
4.37581
4.34606
4.41849
4.40573
4.40556
4.35793
4.23938
4.01827
3.76597
3.35522
3.08347
2.92877
3.08664
3.07708
2.85715
1.90167
1.13169
0.740399
0.661017
5.44164
4.75922
4.45983
4.56458
4.91909
5.08799
4.97962
4.68741
4.64243
5.55079
8.50318
13.0177
15.3179
7.42144
2.18414
1.8585
1.86824
2.23775
2.50731
2.51779
2.63712
2.79067
2.92904
2.89191
2.84767
2.86809
3.03277
3.30755
3.6339
3.91121
4.12659
4.20863
4.19628
4.03043
3.75264
3.26718
2.7662
2.41804
2.17541
2.09775
2.23088
2.5151
2.66433
2.50162
1.71085
1.45519
1.4998
1.5208
1.59738
1.62646
1.70994
1.9053
2.00665
1.98937
1.88358
1.76419
1.72617
1.67526
1.64106
1.56416
1.48286
1.46295
1.45242
1.53417
1.50317
1.5922
1.55154
1.71508
1.95512
2.09341
2.37392
2.69305
3.26674
3.48486
2.22196
2.64846
2.24946
1.78889
1.53862
1.42448
1.39249
1.38768
1.47001
1.55578
1.66251
1.75398
1.86672
1.74424
1.76473
1.51706
1.28891
1.22031
1.21953
1.21435
1.22527
1.22854
1.24727
1.25514
1.24727
1.22481
1.20861
1.20449
1.27598
1.34955
1.29754
1.43142
1.73946
1.89909
2.21646
2.25524
2.53877
2.55378
2.73026
2.98701
3.11248
3.4828
3.69676
3.99907
4.2633
4.47451
4.68298
4.91067
4.8311
4.80567
4.7299
4.61084
4.44071
4.17924
3.92662
3.62149
3.45088
3.44911
3.63156
4.18097
1.5085
2.41711
2.80182
3.31429
3.69462
3.61562
3.58364
3.48122
3.53725
3.51316
3.50285
3.54625
3.52689
3.59156
3.54487
3.71677
3.68316
3.89157
3.86302
3.98756
4.22115
4.23492
4.56
4.53133
4.54572
4.48232
4.41763
4.12989
3.63123
3.34671
2.45892
2.58629
2.38052
2.12699
1.72578
1.27405
1.1428
1.15747
1.10873
1.07067
0.990078
0.927034
0.882777
0.869803
0.87729
0.926359
0.968103
1.04744
1.06952
1.11306
1.11987
1.12679
1.13308
1.13879
1.1533
1.17187
1.17939
1.16164
1.12441
1.10623
3.54091
4.13046
4.18135
4.16973
4.11932
3.75414
3.43293
3.17714
3.33539
3.14785
3.35033
2.97542
3.06555
2.59709
2.61373
2.25387
2.26347
2.00636
2.10967
2.05079
1.95585
2.05387
2.0474
2.16641
2.2536
2.47028
2.59849
2.82677
3.12069
3.50443
2.68574
3.00977
2.98076
2.7757
2.79575
3.00809
3.30219
3.45939
3.17856
3.10716
2.75666
2.5689
2.41617
2.28948
2.20756
2.2447
2.2758
2.30807
2.51787
2.56757
2.75208
2.86468
2.85456
2.81338
2.89053
2.90362
2.9293
2.9258
2.87877
2.54929
3.84971
3.60513
2.94679
2.63182
2.74679
3.104
3.37068
3.36034
3.21712
2.83216
2.71173
2.29803
2.3043
2.0488
2.07059
1.93238
2.01989
2.00048
2.12471
2.20076
2.38451
2.47305
2.62314
2.70197
2.71161
2.70826
2.70522
2.71548
2.94742
3.33139
2.55562
3.14733
3.05579
2.96234
2.93579
3.05392
3.01659
2.90423
2.77992
2.54879
2.19186
2.01606
1.68729
1.51307
1.44608
1.42894
1.41941
1.40598
1.39629
1.39225
1.42244
1.74254
1.85263
2.09074
2.37109
2.71658
2.97383
3.19093
3.24475
3.29519
2.11271
2.71234
2.45665
1.75464
1.24184
1.12578
1.11019
1.18662
1.40984
1.54299
1.61603
1.5954
1.52387
1.50151
1.47633
1.5741
1.6781
1.91279
2.12525
2.35898
2.52323
2.68832
2.79563
2.92639
2.90939
2.90981
2.9188
2.9854
2.64178
1.44939
0.720641
1.08233
1.80755
3.21215
3.92383
4.22059
4.37955
4.38485
4.44501
4.4311
4.47821
4.45195
4.54728
4.48572
4.50257
4.50835
4.4891
4.45025
4.38717
4.1594
3.7288
3.03906
2.27582
2.16276
2.43793
2.7795
2.38687
1.3584
0.776236
0.667545
5.0388
4.48096
4.78917
6.08856
7.53623
8.29684
7.74842
6.35162
5.06098
4.80698
6.31017
10.7043
14.796
8.84066
1.99855
1.92385
2.25742
2.51647
2.51786
2.70128
3.2256
3.55789
3.50529
3.22233
2.97802
3.03259
3.40924
3.95257
4.44369
4.73689
4.85837
4.92403
4.9323
5.03336
4.94609
4.42919
3.65164
2.87266
2.37105
2.11511
2.17542
2.47509
2.88204
2.6418
1.66626
1.45565
1.49706
1.53223
1.59832
1.70469
1.92675
2.01213
1.98005
1.82514
1.7006
1.63749
1.63002
1.62267
1.5672
1.4948
1.48247
1.53452
1.58778
1.63556
1.64282
1.65498
1.63711
1.74341
1.73899
1.93467
2.29803
2.50438
3.21307
3.84982
2.26617
2.61148
2.12901
1.79706
1.69324
1.71161
1.76739
1.82429
1.92831
2.01442
2.14512
2.21451
2.15417
2.05162
1.81033
1.46027
1.24848
1.26918
1.16078
1.14771
1.14893
1.16615
1.19884
1.23849
1.26042
1.25049
1.22435
1.21092
1.20808
1.3681
1.27991
1.40165
1.6925
1.99821
2.08747
2.26376
2.27066
2.4821
2.583
2.77778
3.16113
3.37547
3.82141
3.97348
4.28716
4.4949
4.66676
4.74148
4.953
4.93963
4.94431
4.96666
4.82878
4.62338
4.29758
3.92462
3.61819
3.46156
3.5916
4.10319
1.70843
2.69705
3.24392
3.73021
3.70045
3.65562
3.60793
3.64942
3.56454
3.53446
3.44541
3.46213
3.41062
3.46116
3.46778
3.68703
3.83423
4.05686
4.17787
4.42937
4.45842
4.67011
4.64922
4.80021
4.64015
4.55594
4.51907
4.28596
3.762
3.38864
2.47573
2.49967
2.34447
2.20236
2.03061
2.15026
2.41855
2.46616
2.14491
1.56023
1.16538
0.920122
0.847165
0.820103
0.830169
0.860943
0.905467
0.957349
0.993007
1.0175
1.02358
1.02415
1.02509
1.04159
1.07687
1.13115
1.16896
1.17171
1.13118
1.1073
3.86709
4.30297
4.43858
4.36566
4.02344
3.54925
3.46673
3.39045
3.47446
3.33493
3.30011
3.04347
2.89805
2.59109
2.47228
2.20506
2.14506
2.17715
2.08366
2.18687
2.10537
2.22946
2.09709
2.32374
2.26021
2.56861
2.7325
2.90238
3.14055
3.48549
2.89623
2.97169
2.73696
2.7845
3.28171
3.70752
3.6872
3.34707
3.03011
2.59034
2.33415
2.04034
2.04606
1.75839
1.84523
1.79515
1.8971
2.05635
2.28115
2.35515
2.76255
2.80654
3.05111
3.0783
3.06855
3.03907
2.95691
2.95662
2.90453
2.62473
3.59888
2.97525
2.55714
2.85366
3.55213
3.73706
3.33996
2.82106
2.44639
2.03566
1.85798
1.7074
1.59801
1.60264
1.49462
1.54341
1.40986
1.51811
1.61833
1.74285
1.87375
2.05325
2.31278
2.44219
2.50984
2.59373
2.61051
2.56959
2.65895
3.06462
2.54391
2.82347
2.77867
2.89918
3.20461
3.20635
3.04994
2.84408
2.46786
2.14168
1.8386
1.65945
1.42588
1.40505
1.39353
1.3835
1.36516
1.35398
1.33646
1.31983
1.30812
1.31185
1.39148
1.54223
1.86999
2.22041
2.64506
2.93845
3.14847
3.24196
2.43398
2.45671
1.70545
1.20147
1.11511
1.16143
1.55529
2.10695
2.34157
2.41641
2.33612
2.2033
2.02592
1.83624
1.7853
1.85907
2.09056
2.37146
2.6183
2.71535
2.79626
2.83753
2.99026
3.01015
3.12884
3.06838
2.98153
2.97707
2.81774
1.58604
0.784702
1.24518
2.98216
3.92995
4.23398
4.40506
4.41788
4.4818
4.4549
4.5101
4.5789
4.63913
4.51665
4.57542
4.58745
4.55968
4.50808
4.49428
4.43103
4.41427
4.25598
3.77258
2.81646
1.91673
1.96096
2.47546
2.43701
1.61463
0.84501
0.722866
4.86232
4.71476
6.05336
8.99627
10.7151
10.7502
9.81062
7.85367
5.70724
4.70112
5.43351
8.94804
14.1426
9.94842
1.93201
2.07354
2.44282
2.5198
2.68508
3.36868
3.97029
3.97317
3.70788
3.25861
2.94252
3.13031
3.7939
4.5009
4.90448
5.00393
5.00575
4.91042
4.94145
4.99556
5.1698
5.22392
4.49829
3.39861
2.57701
2.16038
2.16208
2.47321
3.07701
2.82389
1.66713
1.44343
1.49431
1.52632
1.6377
1.88258
2.02012
1.99397
1.84275
1.67459
1.565
1.55456
1.57716
1.60016
1.52622
1.51685
1.60678
1.71626
1.79148
1.79386
1.78849
1.73433
1.83199
1.70626
1.71795
1.95174
2.11945
2.42445
3.19911
4.09534
2.28609
2.57057
2.14551
1.98858
2.07734
2.18218
2.322
2.41439
2.49048
2.56372
2.64331
2.51361
2.45117
2.16326
1.65096
1.51739
1.25972
1.18191
1.13238
1.1358
1.09656
1.10682
1.14261
1.20053
1.25226
1.26343
1.24148
1.21664
1.20568
1.30887
1.2575
1.37449
1.672
1.90747
2.02076
1.89648
2.08084
2.13161
2.4781
2.68354
3.08619
3.47466
3.5084
3.90812
4.07203
4.48371
4.75383
4.94586
4.85263
4.99782
5.10357
5.15289
5.1235
4.97586
4.65678
4.26461
3.82223
3.52536
3.54212
4.06646
1.92768
2.91242
3.38705
3.6957
3.85198
3.73206
3.86897
3.73894
3.66237
3.41654
3.43821
3.27633
3.38198
3.23037
3.48264
3.56329
3.81043
4.22526
4.37184
4.53726
4.75085
4.80546
4.75255
4.94677
4.70068
4.63394
4.56772
4.36289
3.80937
3.3916
2.4515
2.44815
2.46811
2.58055
2.81507
3.25116
3.4324
3.15875
2.47508
1.56314
1.13489
0.844324
0.800814
0.812282
0.85118
0.906825
0.944905
0.974614
0.987082
0.986199
0.995077
1.0031
1.01417
1.01349
1.02695
1.06989
1.13867
1.16093
1.13214
1.09955
4.0421
4.52577
4.66436
4.36626
3.94358
3.51443
3.68058
3.38881
3.49622
3.36201
3.25688
3.04548
2.89732
2.58446
2.35433
2.11046
2.12182
1.9844
2.06317
2.20854
2.14055
2.32711
2.17214
2.38482
2.36372
2.55686
2.88922
3.01556
3.20844
3.47121
2.70422
2.6697
2.71129
3.32417
3.84704
3.7005
3.18799
2.73476
2.3547
2.2046
2.01548
1.92985
1.85516
1.69453
1.69492
1.58378
1.5964
1.6774
1.96931
2.09214
2.60342
2.74309
3.14922
3.2457
3.26413
3.1373
3.01327
2.95155
2.89263
2.62117
3.22139
2.63685
2.82413
3.87078
3.79428
3.04483
2.40767
1.92611
1.73742
1.56529
1.6105
1.49059
1.55869
1.41425
1.42882
1.32593
1.48709
1.37155
1.40017
1.57104
1.67339
1.75376
2.0216
2.12889
2.23427
2.40807
2.49695
2.48321
2.54339
2.89328
2.57331
2.74983
2.87472
3.34831
3.35973
3.10871
2.84945
2.4206
2.08569
1.83183
1.57825
1.37229
1.34349
1.31037
1.29975
1.28674
1.29513
1.29307
1.2979
1.2984
1.29123
1.27572
1.26988
1.2808
1.42715
1.81867
2.25987
2.71533
2.98264
3.14129
2.43996
1.98648
1.23724
1.12103
1.17869
1.83583
2.59553
2.97772
3.08483
3.05214
2.97433
2.76198
2.46647
2.18727
1.97151
2.05372
2.27023
2.59375
2.67765
2.58744
2.345
2.2414
2.32487
2.65839
2.85336
2.99544
3.01108
2.93056
2.80229
1.68335
0.857269
1.85513
3.65994
4.21361
4.42013
4.42762
4.47504
4.4459
4.52569
4.65814
4.62517
4.5006
4.68642
4.73395
4.73984
4.68513
4.60224
4.48044
4.41345
4.35602
4.35097
4.23807
3.649
2.33336
1.68242
2.25776
2.33703
1.60881
0.915456
0.734075
4.83346
5.13834
7.95819
11.3735
11.6044
10.5688
8.86015
7.19373
5.58831
4.72953
4.98164
7.74366
13.4794
10.4096
1.87523
2.18445
2.46833
2.60206
3.04141
3.79793
4.03592
4.03337
3.67492
3.1759
2.879
3.30642
4.20392
4.86496
5.04399
5.11609
5.17103
5.01474
4.85502
4.83656
5.09033
5.23245
4.86233
3.77942
2.80264
2.26664
2.16476
2.43093
3.07451
2.77463
1.59752
1.44828
1.48781
1.58013
1.77579
2.01157
2.0257
1.92343
1.72024
1.51635
1.50528
1.50638
1.56884
1.59832
1.55078
1.62181
1.80953
1.93551
1.93828
1.85939
1.83654
1.77407
1.7878
1.66391
1.81959
1.82274
2.06789
2.42495
3.25461
4.25973
2.28639
2.57151
2.24122
2.20785
2.4254
2.63218
2.6654
2.71699
2.83462
2.87643
2.80685
2.76998
2.55683
1.96972
1.60421
1.43534
1.16441
1.30678
1.09227
1.08734
1.07796
1.07593
1.10257
1.164
1.23584
1.27116
1.2531
1.22553
1.21342
1.30813
1.22575
1.34917
1.59129
1.83963
1.70556
1.65573
1.68955
2.04046
2.25318
2.71209
2.99361
3.18636
3.35009
3.37366
3.86396
4.27902
4.95692
5.29374
5.49712
5.21706
5.04781
5.05293
5.08681
5.07737
4.84675
4.43176
3.96778
3.60721
3.49183
3.9669
2.06866
3.11437
3.68516
3.94929
3.9882
4.14129
4.11796
3.95054
3.82185
3.51117
3.34212
3.28273
3.22916
3.14253
3.28752
3.43953
3.59545
4.07219
4.2619
4.62759
4.59601
4.91982
4.64998
4.99765
4.66067
4.68104
4.60347
4.39258
3.82077
3.40888
2.42553
2.46917
2.72872
3.09586
3.48395
3.76123
3.70948
3.15804
2.05631
1.31348
1.09726
0.905649
0.923117
1.04312
1.14434
1.19355
1.27512
1.23301
1.2075
1.17736
1.13007
1.09982
1.07922
1.06043
1.0333
1.03783
1.09663
1.14484
1.12635
1.10717
4.17824
4.71642
4.76946
4.34211
3.89932
3.62855
3.57442
3.37646
3.53811
3.32833
3.17138
3.08548
2.73792
2.55407
2.22988
2.24233
1.9748
2.04575
1.95985
2.21857
2.14489
2.41022
2.26366
2.40119
2.47081
2.69154
2.95889
3.16166
3.28385
3.48704
2.71755
2.68118
3.21471
3.89385
3.6716
3.02952
2.54346
2.22169
2.15834
2.06629
2.07197
1.91958
1.82381
1.66429
1.64933
1.57119
1.58156
1.52935
1.79845
1.84774
2.4485
2.72201
3.14139
3.38099
3.41415
3.18635
3.03101
2.9336
2.84161
2.61067
2.90738
2.82381
3.89991
3.89966
2.94303
2.10409
1.769
1.56038
1.53032
1.54314
1.5893
1.59364
1.44777
1.42506
1.29602
1.28333
1.23643
1.38045
1.49224
1.50823
1.686
1.68095
1.84489
1.92493
2.06075
2.1823
2.3312
2.39288
2.44036
2.80954
2.46834
2.67148
3.25836
3.44261
3.1861
2.84837
2.47354
2.07475
1.837
1.5744
1.27007
1.19244
1.14953
1.10324
1.09049
1.07453
1.09471
1.12937
1.1719
1.21459
1.25208
1.26073
1.25102
1.24199
1.26451
1.49941
1.95262
2.43739
2.80983
3.02952
2.31191
1.48402
1.16082
1.1613
1.7675
2.78566
3.33088
3.41667
3.3762
3.40467
3.30561
3.16606
2.91502
2.53229
2.18341
2.14272
2.37322
2.61859
2.58859
2.10468
1.64001
1.49358
1.50519
1.8958
2.43926
2.75931
2.89024
2.87627
2.74865
1.67584
0.8991
2.44411
3.95328
4.40049
4.41679
4.48424
4.44017
4.53337
4.65875
4.54642
4.52653
4.77178
4.83825
4.86479
4.82705
4.83152
4.74077
4.54722
4.47648
4.31528
4.2971
4.31759
4.12342
3.12989
1.69524
1.85514
2.01217
1.36694
0.918822
0.771508
4.89866
5.68678
9.79357
12.0367
10.9202
8.81313
7.04813
5.81764
4.99804
4.62247
4.89771
7.07717
12.4285
10.9391
1.90183
2.23827
2.49711
2.69638
3.1884
3.62607
3.91203
3.93775
3.65684
3.08441
2.84712
3.48188
4.4793
4.96621
5.13463
5.4047
5.77949
5.56044
5.22245
4.81671
5.09517
5.33189
4.99238
3.858
2.82261
2.22032
2.16155
2.55701
3.28232
2.87101
1.60556
1.446
1.51686
1.65735
1.87871
2.05237
1.94293
1.83169
1.60497
1.44991
1.45808
1.49092
1.59058
1.60248
1.60318
1.78559
2.0323
2.06086
1.94722
1.79591
1.79466
1.68503
1.67338
1.80004
1.74212
1.80519
2.12539
2.52533
3.34741
4.49287
2.27453
2.56846
2.32268
2.41816
2.60207
2.68653
2.76361
2.7644
2.81577
2.83626
2.98574
2.82912
2.41653
1.92106
1.55231
1.26902
1.25353
1.25293
1.10326
1.19494
1.08372
1.08669
1.09949
1.15118
1.22788
1.27308
1.26372
1.23212
1.22062
1.22714
1.1925
1.33343
1.5515
1.63982
1.46268
1.30685
1.51444
1.78799
2.24451
2.52629
2.92187
2.79092
2.87895
3.00126
3.31
4.38507
5.0513
5.63013
5.51939
5.4385
5.08764
5.19135
5.39342
5.35617
5.17537
4.50775
4.06942
3.58318
3.41578
3.88647
2.27416
3.27763
3.79129
4.07703
4.26958
4.42645
4.63503
4.23291
3.87537
3.62405
3.43458
3.14374
3.19961
3.10469
3.06238
3.28445
3.30998
3.69637
4.07063
4.34694
4.43402
4.73984
4.57396
4.84366
4.66292
4.74827
4.60991
4.38784
3.83092
3.40398
2.41733
2.56756
3.06434
3.51766
3.80739
3.84802
3.72934
2.935
1.69287
1.30546
1.19352
1.27411
1.62895
2.18037
2.20449
2.12251
2.06532
1.87051
1.93002
1.76674
1.52964
1.28536
1.22717
1.16808
1.09449
1.03072
1.06041
1.1109
1.10226
1.29061
4.3099
4.88536
4.80159
4.23685
3.88601
3.51174
3.47024
3.35494
3.46776
3.09431
3.16865
2.7149
2.55762
2.35192
2.3482
2.08347
2.14096
1.9595
2.00015
2.09489
2.31744
2.43496
2.41708
2.44538
2.63042
2.79822
3.07858
3.26414
3.35878
3.45556
2.57103
2.95339
3.85104
3.76346
3.04289
2.52511
2.1248
2.07795
2.0609
2.18606
2.04441
1.89706
1.76078
1.55865
1.55533
1.54344
1.59982
1.61068
1.75092
1.79237
2.32352
2.88108
3.24343
3.53715
3.42356
3.19425
2.95417
2.8258
2.73843
2.55905
2.84961
3.45344
4.09478
3.12342
2.19869
1.69459
1.54295
1.40249
1.53875
1.49692
1.51593
1.31338
1.23838
1.25132
1.23664
1.2399
1.24945
1.26507
1.27326
1.4667
1.64671
1.66907
1.77243
1.81675
1.8906
1.96966
2.16609
2.28848
2.34484
2.74486
2.53911
3.04209
3.58372
3.32816
2.97515
2.52658
2.26456
1.83075
1.71004
1.21139
1.17154
1.04537
1.0034
0.973206
0.957757
0.945448
0.944697
0.960622
1.0109
1.08705
1.17033
1.2206
1.23881
1.22503
1.23095
1.29853
1.73169
2.25748
2.72344
2.9483
2.02598
1.26944
1.14812
1.44344
2.55194
3.34107
3.51452
3.51849
3.59989
3.60785
3.50734
3.34726
3.21527
2.90277
2.39534
2.24844
2.39488
2.62441
2.50316
1.69614
1.42553
1.4486
1.42191
1.53615
2.10299
2.49834
2.74106
2.80362
2.59749
1.58794
0.940316
2.77716
4.16988
4.42799
4.49703
4.43549
4.45353
4.64623
4.52525
4.6709
4.79211
4.82343
4.6814
4.642
4.59528
4.73567
4.81369
4.64466
4.49722
4.33599
4.27891
4.25435
4.29664
3.82769
1.97597
1.35156
1.42633
1.09436
0.930712
0.773344
4.92247
6.08758
10.6069
11.7098
9.94468
8.28267
6.96085
5.88475
5.21225
4.90432
5.14268
6.49574
11.5007
11.4292
2.05686
2.34682
2.46319
2.59746
2.88303
3.28387
3.88642
4.04349
3.58748
3.03615
2.85586
3.67933
4.5654
4.97606
5.33926
5.84654
6.50169
6.37792
5.90443
5.28669
5.40738
5.58678
4.93381
3.76809
2.82893
2.3506
2.27104
2.69882
3.20596
2.61045
1.47824
1.44831
1.53077
1.74884
1.97583
2.01249
1.91134
1.75105
1.46867
1.40687
1.44398
1.49178
1.6373
1.6365
1.68484
1.97177
2.20292
2.0514
1.86965
1.80242
1.83649
1.76823
1.9131
1.74548
1.82183
1.87208
2.30357
2.56284
3.65944
4.61612
2.27369
2.65331
2.45075
2.5753
2.67043
2.66246
2.65213
2.7281
2.79121
3.00579
3.09778
2.76607
2.4083
1.83598
1.4112
1.30811
1.24923
1.18531
1.1278
1.27909
1.11098
1.13315
1.11003
1.16028
1.23172
1.28457
1.26641
1.2347
1.22103
1.24382
1.16106
1.32798
1.50108
1.42964
1.25618
1.24366
1.28325
1.73015
2.11386
2.53357
2.58694
2.63793
2.31624
2.57996
3.20669
3.96611
5.16114
5.69883
6.0707
5.91917
5.5689
5.26852
5.23515
5.44283
5.10794
4.65641
3.96059
3.60692
3.40004
3.73013
2.43096
3.37602
3.9003
4.27567
4.6852
4.87903
5.00396
4.73182
4.1547
3.58805
3.59899
3.26078
3.05632
3.13599
3.00151
2.98918
3.1005
3.32245
3.66401
4.21142
4.43371
4.61854
4.48707
4.62252
4.80872
4.78492
4.64588
4.3805
3.76444
3.49973
2.40063
2.69594
3.34477
3.72065
3.84931
3.83616
3.73476
2.81485
1.71437
1.41591
1.47351
1.91386
2.67207
2.65524
2.30346
1.92217
1.92908
1.79461
2.12116
1.98033
2.07245
1.9501
1.79026
1.57437
1.28158
1.05859
1.03288
1.08344
1.11962
1.44507
4.45329
5.04353
4.7925
4.28007
3.81171
3.41419
3.40379
3.29719
3.13598
3.05894
2.67388
2.59372
2.41776
2.47976
2.34728
2.46161
2.30195
2.40794
2.264
2.36697
2.34196
2.6074
2.47153
2.59762
2.68223
2.98399
3.17668
3.30233
3.37694
3.38598
2.69068
3.38624
3.90721
3.36756
2.67518
2.19653
1.99546
2.00233
2.0757
2.18335
2.13627
1.94008
1.83304
1.60939
1.59007
1.57485
1.5563
1.50417
1.745
1.99443
2.55547
3.07563
3.48573
3.46843
3.36267
3.00892
2.82201
2.62884
2.61625
2.50293
2.90343
3.86631
3.80478
2.61826
1.8863
1.50485
1.40713
1.37911
1.41965
1.27867
1.20416
1.21919
1.22013
1.20417
1.17769
1.16433
1.1792
1.22366
1.24157
1.43166
1.69056
1.7071
1.75279
1.67066
1.70904
1.7878
2.04544
2.18778
2.24144
2.74104
2.67199
3.51406
3.60047
3.19399
2.77512
2.38913
2.06963
1.75072
1.40442
1.20406
1.04859
1.00583
0.971643
0.954538
0.931232
0.912159
0.903192
0.896593
0.915261
0.989988
1.08606
1.16886
1.20919
1.21033
1.21081
1.25421
1.6114
2.16278
2.5586
2.82901
1.90251
1.2286
1.18634
2.00822
3.06854
3.58975
3.71268
3.75672
3.55161
3.5021
3.49921
3.36979
3.46225
3.16052
2.71951
2.34589
2.50833
2.69925
2.37465
1.64856
1.48303
1.46765
1.4864
1.54389
1.93031
2.46135
2.57142
2.71077
2.40636
1.42398
0.934296
2.84835
4.20271
4.50096
4.45903
4.46533
4.51035
4.63191
4.53232
4.83839
4.57731
4.5221
4.35572
4.50158
4.62142
4.69612
4.8319
4.61768
4.53508
4.35179
4.23588
4.27871
4.32491
4.18535
2.82314
1.22333
1.14403
1.05659
0.912758
0.846327
4.93839
6.10682
10.6484
11.3723
9.81833
8.85133
8.34281
7.90222
6.9877
6.44952
6.03406
6.80961
10.9757
11.8255
10.5801
5.39785
3.33041
4.13509
3.84953
2.95032
2.58791
3.01485
4.15718
4.20913
3.57223
2.96898
2.8544
3.71934
4.54497
4.96373
5.43435
6.09033
6.86977
6.89104
6.66602
6.13378
5.95395
5.48374
4.56312
3.36319
2.59296
2.25006
2.37021
2.895
3.17782
2.81308
2.09723
2.00581
1.76088
1.57934
1.62053
1.82351
1.99438
1.94716
1.79473
1.6481
1.41704
1.41042
1.47203
1.50992
1.6736
1.67309
1.77258
2.14376
2.23189
2.01794
1.85201
1.89078
1.98708
2.08383
1.99309
1.85519
1.87109
2.14214
2.3514
2.91169
4.02119
4.79329
3.7153
2.67444
2.2833
2.6499
2.55411
2.63566
2.67901
2.67894
2.67228
2.64069
2.8646
3.10645
3.12789
2.83841
2.32973
1.63683
1.44871
1.32796
1.21765
1.22588
1.15485
1.24745
1.13872
1.12466
1.14027
1.18841
1.25162
1.28646
1.26957
1.23682
1.22086
1.25723
1.28298
1.26191
1.20309
1.38028
1.37056
1.25039
1.21537
1.21534
1.25804
1.57729
2.11537
2.38964
2.52177
2.19921
2.12707
2.26567
2.89622
3.8455
4.76887
5.47578
5.64566
5.47464
5.41917
5.36272
5.50801
5.26514
5.06084
4.40076
3.92936
3.43474
3.30236
3.6841
3.83476
3.87572
2.74819
3.44924
3.94722
4.33047
4.95628
5.31215
5.54678
5.08198
4.4247
3.63494
3.5431
3.44608
3.125
2.94288
3.05108
2.84021
2.70888
2.95253
3.17943
3.79127
4.07803
4.3799
4.61492
4.44863
5.0158
4.72304
4.62378
4.25047
3.74599
3.58543
3.32395
2.50439
2.52681
2.86149
3.5121
3.8168
3.77852
3.84351
3.70378
3.06368
1.94645
1.57895
1.76765
2.57152
2.88041
2.47672
2.02875
1.6632
1.75399
1.74381
2.10777
2.15683
2.23547
2.47187
2.36713
2.26151
1.88741
1.24628
1.02438
1.18236
1.51989
1.82041
2.63285
4.03291
4.45407
4.95113
4.75656
4.28534
3.69695
3.38143
3.32274
3.06554
3.1116
2.79625
2.60464
2.33777
2.43036
2.42234
2.53769
2.44928
2.3245
2.22345
2.28723
2.34433
2.55409
2.50433
2.69687
2.62213
2.90883
3.04582
3.28673
3.29429
3.30689
3.13034
2.58076
2.23408
2.93292
3.7154
3.55589
3.06904
2.52917
2.11379
1.93326
1.91938
1.99206
2.09482
2.28447
2.2437
2.03871
1.82446
1.69652
1.70918
1.7902
1.91121
2.05743
2.59672
3.06097
3.41883
3.56506
3.46432
3.02278
2.71512
2.40213
2.38441
2.49978
2.53481
2.63709
2.6979
3.32434
3.91124
3.18852
2.39202
1.72686
1.44537
1.3399
1.26314
1.20148
1.15963
1.18071
1.2035
1.19104
1.18495
1.15672
1.14408
1.15177
1.17746
1.20528
1.36858
1.60835
1.58694
1.60031
1.51853
1.53166
1.69052
1.98903
2.10366
2.20848
2.79392
2.71276
2.66923
3.25996
3.76712
3.5037
3.1032
2.67714
2.32015
2.00901
1.685
1.27539
1.19937
1.036
1.00274
0.978065
0.95682
0.935823
0.904328
0.880438
0.867753
0.874602
0.952589
1.04575
1.14021
1.18484
1.19539
1.20032
1.25818
1.60967
2.14535
2.61407
2.71827
2.42298
2.07584
1.57616
1.21356
1.31991
2.43081
3.47127
3.64849
3.71456
3.48974
3.50203
3.67499
3.6729
3.42816
3.49273
3.35164
3.06468
2.44967
2.54105
2.74871
2.56142
1.8545
1.46435
1.49065
1.56952
1.69773
1.98417
2.42023
2.54475
2.55356
2.15181
1.26258
0.941572
0.818985
0.961539
2.86308
4.23696
4.49072
4.49574
4.46889
4.53548
4.62551
4.57258
4.75553
4.45552
4.5974
4.33003
4.5186
4.47565
4.74212
4.64466
4.62208
4.53297
4.31675
4.21434
4.21712
4.30155
4.31252
3.57376
1.37372
1.17278
1.14697
1.42246
2.28241
4.46637
4.53459
4.92995
5.66148
10.1423
11.2726
9.95902
9.381
9.06719
8.28657
7.70035
7.15972
7.22693
7.64794
10.1394
11.8859
12.1478
11.4643
9.46897
10.5734
9.25071
5.61981
3.23622
3.28732
4.70911
4.39904
3.48238
2.97561
2.84123
3.64828
4.40561
4.90727
5.26943
5.85305
6.67765
6.83878
7.02056
6.44221
5.86223
4.89047
3.82338
3.02498
2.61723
2.53481
2.7271
2.9145
2.72483
2.41134
2.0885
1.76801
1.66868
1.55136
1.65748
1.79834
1.92278
1.84215
1.76587
1.45549
1.42519
1.44987
1.49701
1.54312
1.69905
1.69295
1.87657
2.20584
2.25896
2.01721
1.89645
1.98097
2.20521
2.10886
2.16552
1.99082
2.17717
2.2331
2.66309
3.28767
4.46315
4.71362
3.52208
2.68257
2.39089
2.77273
2.7119
2.71834
2.7958
2.69864
2.70549
2.75831
2.98361
3.13247
3.2418
2.83653
2.13081
1.59533
1.45751
1.34933
1.21355
1.27203
1.17862
1.26083
1.17887
1.16907
1.18594
1.22814
1.27082
1.2905
1.26496
1.23681
1.21868
1.26556
1.3106
1.29253
1.27693
1.35341
1.24314
1.21728
1.21406
1.20542
1.23506
1.52841
2.04134
2.39839
2.33072
2.11803
1.89415
2.07587
2.49403
3.4431
4.39438
5.10659
5.34166
5.49641
5.29067
5.48532
5.18558
5.04766
4.58546
4.10028
3.6305
3.45522
3.47746
3.80331
3.86014
3.84448
3.01209
3.4674
3.992
4.41825
5.07026
5.45415
5.74644
5.38515
4.4892
3.7025
3.61088
3.46614
3.28459
2.9945
2.83609
2.8321
2.50299
2.47732
2.69969
3.08544
3.82976
4.26124
4.50312
4.51647
4.91635
4.6292
4.49176
4.1054
3.77396
3.77332
3.21463
2.61558
2.71295
3.21411
3.64611
3.80125
3.7594
3.75764
3.76668
3.424
2.40691
1.77652
1.95817
2.71093
2.95024
2.53458
2.14203
1.96144
1.97778
1.92551
2.26071
2.45498
2.71599
2.80295
2.87197
2.89895
2.51513
1.5172
1.28487
1.45829
1.76436
2.15208
3.74956
4.60279
4.83525
5.10166
4.84517
4.37061
3.79673
3.41089
3.03797
3.17867
2.86115
2.85332
2.43611
2.45171
2.26682
2.23666
2.20379
2.44109
2.51838
2.63939
2.49421
2.64509
2.58125
2.76692
2.60341
2.82667
2.98127
3.26016
3.33818
3.34237
3.19126
2.81711
2.54072
2.72497
3.41482
3.61218
3.40959
3.05773
2.58354
2.17519
1.94989
1.91225
1.99432
2.04983
2.20068
2.36109
2.48515
2.46446
2.3728
2.27229
2.38299
2.58334
2.95164
3.14909
3.53664
3.55002
3.32272
2.91968
2.45921
2.17911
2.30405
2.49359
2.67984
2.85116
3.14085
3.40635
3.99341
3.95052
3.39605
2.55791
1.84581
1.44312
1.26252
1.1651
1.12982
1.15532
1.17976
1.18782
1.20026
1.19101
1.17188
1.14919
1.12774
1.12759
1.12682
1.1189
1.29137
1.27024
1.38171
1.35942
1.49894
1.73638
1.96595
1.9688
2.26571
2.7983
2.77094
3.0463
3.70537
3.91137
3.60087
3.14716
2.70885
2.38732
2.05022
1.72223
1.33758
1.20172
1.05734
1.02176
1.00064
0.973652
0.956512
0.916185
0.895794
0.890048
0.915665
0.984105
1.06361
1.14251
1.16646
1.18293
1.21403
1.27592
1.71155
2.31513
2.61817
2.43786
2.14773
1.76375
1.37569
1.22466
1.5745
2.79999
3.51836
3.71649
3.67092
3.78109
3.77885
3.83562
3.81816
3.6245
3.54925
3.4275
3.34228
2.70618
2.63732
2.86525
2.88646
2.19626
1.75916
1.71075
1.72796
1.90947
2.15734
2.42462
2.49213
2.14178
1.39302
1.09992
0.96515
0.891498
1.09928
2.97404
4.2581
4.5005
4.52491
4.50971
4.53809
4.65965
4.51413
4.73691
4.43162
4.56827
4.32294
4.41341
4.50674
4.66066
4.56435
4.61617
4.43375
4.2708
4.17685
4.24844
4.3476
4.36869
4.02656
2.16618
1.76278
2.58574
3.80881
4.42077
4.52185
4.5474
4.93291
5.06218
9.0149
10.8788
9.88438
9.02943
8.07127
6.2876
4.83894
4.37555
5.20355
6.16978
8.13167
10.5459
11.6658
12.124
12.3386
11.5726
9.20268
5.00269
3.27114
4.47871
5.51226
4.28851
3.35813
2.96084
2.81179
3.46839
4.18521
4.73516
4.95788
5.31602
5.84506
6.05906
6.1587
5.54165
4.86783
3.95155
3.251
2.83071
2.70722
2.79593
2.98504
2.74845
2.37264
2.13008
1.73188
1.64793
1.53356
1.53563
1.65732
1.76068
1.81781
1.73847
1.57306
1.40467
1.48317
1.53124
1.5517
1.50544
1.68854
1.7156
1.8994
2.22571
2.27878
2.07407
1.96274
2.06575
2.11391
2.25347
2.18135
2.36512
2.2264
2.5254
2.86893
3.80095
4.66396
4.69637
3.42833
2.77321
2.49099
2.86261
2.8578
2.84272
2.85663
2.79659
2.776
2.89816
3.02778
3.2315
3.26648
2.71108
2.02062
1.5683
1.44273
1.44603
1.19522
1.24804
1.19515
1.21832
1.22439
1.22488
1.24226
1.2658
1.28779
1.28266
1.25734
1.23235
1.21595
1.24115
1.31801
1.32637
1.29842
1.28563
1.22512
1.28273
1.22382
1.21303
1.2278
1.45229
2.03644
2.39172
2.34351
2.04014
1.85542
1.85346
2.18799
2.95266
3.98447
4.69046
4.98944
5.28776
4.91082
4.99406
4.49472
4.12158
4.05712
3.53303
3.49832
3.49143
3.63091
3.89578
3.66418
3.52729
3.13753
3.65279
4.02758
4.3419
4.87779
5.13752
5.40051
5.11212
4.42996
3.56638
3.62282
3.6356
3.26726
3.1121
2.76132
2.69455
2.35464
2.21616
2.1404
2.52676
2.97823
3.72634
4.15203
4.49719
4.5808
4.49328
4.28765
3.96713
3.77487
3.82702
3.32007
2.74421
2.93456
3.42599
3.77468
3.71568
3.74346
3.72916
3.76718
3.66404
3.02369
2.11686
2.03901
2.737
3.1279
2.9915
2.8337
2.76867
2.56082
2.26581
2.30765
2.49998
2.92516
3.095
3.26739
3.33093
2.69752
1.61789
1.44374
1.71579
1.93378
2.39656
4.32713
4.85096
5.15834
5.26832
5.07334
4.75633
4.16273
3.34919
3.05794
2.97538
2.97966
2.74178
2.58736
2.46369
2.48503
2.43964
2.47611
2.37339
2.48324
2.44219
2.66014
2.66811
2.80176
2.73684
2.9305
3.03765
3.29301
3.3386
3.39559
3.16402
2.84511
2.49319
2.60065
2.97144
3.36137
3.40539
3.42208
3.17701
2.81178
2.40034
2.10243
1.93889
1.90124
1.96943
2.02461
2.13055
2.31841
2.44122
2.57902
2.78331
2.8855
3.14912
3.29076
3.44675
3.29476
3.02857
2.53964
2.16008
2.12115
2.27798
2.47431
2.69299
2.79628
3.09751
3.59826
4.19484
4.79007
4.64461
3.96798
2.97423
2.13235
1.56708
1.29842
1.20538
1.16773
1.17884
1.18643
1.19292
1.20531
1.20603
1.20467
1.18417
1.16633
1.14135
1.11753
1.11103
1.10287
1.12025
1.20963
1.38137
1.58686
1.79328
1.87318
1.93419
2.39295
2.79045
2.92404
3.48305
4.12237
4.15206
3.80351
3.3143
2.8808
2.51514
2.19584
1.87678
1.48464
1.24583
1.09245
1.05589
1.04201
1.01272
1.01012
0.986253
0.982009
0.988494
1.01019
1.06715
1.11158
1.14935
1.17284
1.19159
1.24503
1.34679
2.00596
2.41238
2.63736
2.31802
1.88094
1.54414
1.32901
1.24394
1.85767
2.92725
3.59854
3.78423
3.66474
3.8716
3.67491
3.8701
3.81194
3.82633
3.62072
3.47783
3.54075
2.88932
2.73558
2.9362
3.00127
2.55744
2.13494
2.019
2.01242
2.14479
2.23977
2.30003
1.94676
1.43924
1.28043
1.22447
1.11717
1.04781
1.37292
3.18603
4.18732
4.53161
4.55424
4.55306
4.54276
4.6205
4.47068
4.64086
4.4075
4.43376
4.35064
4.52557
4.37656
4.58377
4.47926
4.55543
4.31119
4.20037
4.12727
4.22659
4.35331
4.3554
4.11693
2.92839
2.71973
3.76045
4.36041
4.52873
4.39204
4.5336
5.06775
4.41786
7.1202
9.57237
9.36118
8.31922
7.46614
5.83002
4.09373
3.02582
2.59937
3.25289
4.25239
6.75462
9.0048
10.0128
10.7644
10.1227
6.68009
3.7201
4.15814
6.11175
5.70533
3.93706
3.26177
3.0342
2.76874
3.22852
3.88946
4.44306
4.65467
4.75495
4.95517
4.87012
4.86757
4.35179
3.94438
3.40566
3.13054
2.96423
3.05133
3.08872
2.86263
2.45634
2.22327
1.92749
1.74156
1.51372
1.55986
1.57486
1.68413
1.65212
1.68569
1.5192
1.48203
1.51326
1.59754
1.59636
1.63356
1.51351
1.66299
1.72365
1.86966
2.19995
2.31413
2.20141
2.11182
2.02243
2.13882
2.17723
2.36906
2.32513
2.45753
2.72308
3.35849
4.21725
4.99108
4.41684
3.35796
2.90416
2.63873
2.91646
2.94912
2.92086
2.92887
2.90849
2.91236
2.91482
3.03979
3.18874
3.22191
2.60213
1.96216
1.55953
1.44921
1.45564
1.22906
1.22565
1.20562
1.21717
1.25119
1.25825
1.27315
1.28104
1.28233
1.26553
1.24276
1.22473
1.21633
1.23778
1.29747
1.30743
1.29217
1.23778
1.2355
1.4259
1.23306
1.26884
1.2215
1.46102
2.03011
2.40076
2.39697
2.10611
1.8383
1.77192
1.94797
2.50416
3.24927
3.99672
4.45578
4.44559
4.31397
4.03858
3.78557
3.45488
3.64716
3.45735
3.66342
3.53855
3.55432
3.6446
3.51922
3.35996
3.37397
3.73153
3.91107
4.01557
4.29646
4.45486
4.57357
4.41865
4.13223
3.53966
3.44216
3.80963
3.31293
3.16926
2.80514
2.58917
2.26392
2.01966
1.84693
1.86494
2.2377
2.85922
3.32237
4.10855
4.09051
4.26769
4.14815
3.92972
3.86061
3.90143
3.5478
2.9405
2.91463
3.44728
3.75516
3.75714
3.70533
3.59741
3.57554
3.69413
3.5992
2.57508
2.08377
2.66578
3.343
3.50856
3.56474
3.71265
3.50521
2.90896
2.48034
2.25826
2.38015
2.96216
3.16642
3.07515
2.30808
1.56971
1.57044
1.82987
2.02794
2.70269
4.66348
5.14659
5.36732
5.51384
5.45398
5.30102
4.5204
3.74447
2.95178
2.99054
2.97203
2.95328
2.65449
2.55109
2.48973
2.55439
2.50669
2.67302
2.63032
2.76331
2.81087
2.98668
3.00568
3.15737
3.22931
3.45227
3.42579
3.43808
3.15592
2.85924
2.51163
2.54928
2.61378
2.85133
2.99107
3.13946
3.38746
3.40032
3.13721
2.76204
2.41319
2.21239
2.067
1.98378
1.99542
2.01718
2.0276
2.18843
2.34727
2.44435
2.66646
2.7257
2.79566
2.68961
2.42045
2.12115
2.01864
2.07962
2.29251
2.62906
2.75744
2.83407
3.1287
3.65839
4.40857
5.08814
5.57933
5.57211
5.2015
4.10922
2.75791
1.87611
1.54424
1.41223
1.25168
1.23225
1.2362
1.22023
1.22182
1.22479
1.22602
1.23324
1.22788
1.22238
1.21318
1.20508
1.21124
1.23538
1.31206
1.53059
1.66712
1.79281
1.90195
2.12322
2.62264
2.92287
3.21433
3.94608
4.51511
4.44546
4.07112
3.64266
3.16122
2.75082
2.44548
2.12162
1.74127
1.44483
1.15262
1.1025
1.08712
1.08106
1.0879
1.07987
1.08559
1.10411
1.10291
1.13946
1.14735
1.17195
1.19519
1.23465
1.30677
1.6368
2.14811
2.52841
2.48803
2.28377
1.88827
1.43989
1.30486
1.32741
2.00269
2.96936
3.58924
3.82563
3.69202
3.86449
3.7605
3.85452
3.78551
3.88586
3.63926
3.52898
3.62405
3.07479
2.91818
2.92653
3.18398
3.01856
2.52404
2.25689
2.20471
2.16233
2.01801
1.66669
1.37709
1.34852
1.45437
1.66169
1.31763
1.14299
1.48449
3.21069
4.08615
4.50564
4.57246
4.59253
4.51149
4.57449
4.39533
4.46285
4.2718
4.3399
4.16175
4.27094
4.24499
4.4682
4.31604
4.35228
4.16468
4.07813
4.12806
4.28895
4.39528
4.37887
4.20594
3.43173
3.21348
4.05868
4.43702
4.31961
4.22431
4.40394
5.43989
3.98889
5.03379
7.16762
7.98379
7.32307
6.9321
6.33615
5.19864
3.81425
2.90383
2.6254
2.58437
3.77518
5.47337
6.94018
7.72
6.28214
4.10858
4.3058
6.38835
6.93697
5.30953
3.54225
3.10167
3.04937
2.79968
2.97231
3.5439
4.05091
4.36697
4.45009
4.29889
4.237
4.03374
3.75279
3.57824
3.31837
3.24794
3.16987
3.14471
2.87226
2.58084
2.23799
2.20792
1.89844
1.70916
1.51283
1.52109
1.49481
1.55756
1.54016
1.50508
1.42982
1.58471
1.67084
1.70336
1.65635
1.64436
1.50581
1.69258
1.68771
1.78185
2.11139
2.33649
2.36933
2.24926
2.12087
2.18958
2.31817
2.34288
2.50658
2.78271
3.26394
3.87167
4.71716
4.95578
4.21391
3.45984
3.0719
2.84913
3.02059
3.07209
3.07647
3.02684
2.98646
2.86447
2.85926
2.96699
3.18073
3.06387
2.5232
1.8864
1.55047
1.48979
1.48453
1.2368
1.22714
1.19283
1.21242
1.23973
1.25572
1.26624
1.26598
1.257
1.24154
1.22547
1.21462
1.21789
1.24468
1.25345
1.25575
1.24916
1.37446
1.23095
1.43428
1.30426
1.23958
1.2247
1.48915
2.0408
2.42252
2.48339
2.26678
1.97925
1.81948
1.81081
2.10852
2.68291
3.32085
3.52379
3.66379
3.62122
3.30597
3.4144
3.27714
3.67106
3.81343
3.97607
4.04236
3.9016
3.855
3.72382
3.67616
3.74402
3.81146
3.86081
3.8177
3.88262
3.91857
4.01013
3.95921
3.85535
3.4897
3.42571
3.78526
3.47103
3.15442
2.89154
2.65631
2.22183
2.02438
1.73866
1.66656
1.73926
2.0791
2.48919
3.16423
3.54499
3.73611
3.927
3.94075
3.89285
3.81269
3.42804
3.00732
2.79272
3.26971
3.67588
3.81207
3.68248
3.6142
3.57532
3.71506
3.82479
3.24063
2.31708
2.43912
3.38896
3.94441
4.06726
4.13736
4.2257
3.99344
3.34677
2.80663
2.44671
2.42655
2.4889
2.23518
1.72995
1.49674
1.58597
1.78962
2.05071
2.9649
4.8394
5.30481
5.50879
5.68233
5.65483
5.37611
5.10137
4.15568
3.16311
2.77195
3.08029
3.0434
2.88047
2.78794
2.78411
2.77656
2.86834
2.84047
3.01725
3.09071
3.35609
3.43627
3.63111
3.64701
3.67789
3.52367
3.43595
3.09031
2.84933
2.49413
2.52331
2.45525
2.55597
2.6187
2.64328
2.79027
3.09606
3.50802
3.53726
3.22377
2.87344
2.60998
2.43758
2.27704
2.11994
2.01927
1.97683
1.8695
1.86022
1.98292
1.97129
2.08161
2.09324
2.07634
2.05249
2.04801
2.15379
2.47208
2.70166
2.85218
3.0655
3.25154
3.68713
4.47448
5.34822
6.01847
6.59354
6.7111
6.19636
5.00752
3.60689
2.47088
1.89406
1.64147
1.44345
1.3305
1.32786
1.30761
1.28878
1.26708
1.26114
1.25751
1.26133
1.26556
1.26399
1.27267
1.28117
1.33989
1.5448
1.66024
1.80104
1.99889
2.20739
2.51406
2.83485
3.09638
3.60316
4.4386
4.91871
4.84877
4.35252
3.99829
3.56389
3.06839
2.72825
2.4295
2.08221
1.79313
1.40732
1.19372
1.14911
1.1187
1.14751
1.14112
1.16259
1.16362
1.16648
1.18307
1.18701
1.22347
1.25452
1.32108
1.51925
1.88708
2.27895
2.36366
2.46878
2.42879
2.13847
1.54186
1.33968
1.49027
2.05677
2.83965
3.4332
3.76383
3.73833
3.7754
3.64958
3.73183
3.87252
3.8018
3.56338
3.50889
3.63599
3.17147
3.08677
2.95901
3.22242
3.26678
2.8678
2.46153
2.18742
1.86757
1.52378
1.29184
1.29448
1.32012
1.50764
2.08197
1.92619
1.30434
1.26812
2.34842
3.58338
4.28201
4.52092
4.52801
4.53645
4.46325
4.35201
4.28199
4.14045
4.2035
4.0331
4.12849
4.02653
4.24334
4.12017
4.11131
3.93703
4.00533
4.19291
4.38607
4.40836
4.33542
4.18885
3.70032
3.39076
3.96242
4.18732
4.10269
4.14223
4.42189
6.12181
4.00999
3.76758
4.59153
5.43679
5.52809
5.38749
5.53716
5.65854
5.41339
4.50054
3.82614
3.26881
3.2173
3.8928
4.71744
4.7119
4.23759
4.54756
6.29715
7.50183
6.72316
4.73662
3.30659
2.94914
3.03327
2.89091
2.78413
3.1774
3.61228
3.95716
4.19896
4.05753
4.02273
3.81123
3.67405
3.49697
3.4054
3.25685
3.18512
2.97153
2.74349
2.59676
2.48606
2.34013
2.02699
1.78578
1.51677
1.54014
1.46156
1.51161
1.4293
1.54366
1.58661
1.78879
1.794
1.79642
1.70293
1.65676
1.43596
1.62912
1.72317
1.66109
1.92225
2.2633
2.38785
2.4383
2.39035
2.56741
2.47393
2.80064
2.91096
3.46029
3.7598
4.44354
4.7344
4.66724
4.08087
3.53269
3.12487
3.06361
2.99608
2.98975
2.91026
2.80685
2.66637
2.72966
2.72337
2.99701
3.05974
2.84944
2.40035
1.93849
1.49373
1.54086
1.41774
1.36529
1.23245
1.18175
1.18486
1.21348
1.21874
1.23149
1.23056
1.22559
1.21737
1.21051
1.20869
1.257
1.31841
1.27414
1.363
1.28391
1.43421
1.22294
1.4307
1.30711
1.24478
1.2294
1.53755
2.07768
2.40266
2.60187
2.45979
2.2455
2.04608
1.89529
1.87914
2.08306
2.3735
2.7768
2.88727
3.09548
2.90647
3.22793
3.28772
3.61822
3.8082
3.91279
4.16293
4.42913
4.56439
4.63612
4.59259
4.64485
4.56728
4.43166
4.20314
4.11327
4.03265
4.07275
3.87401
3.86359
3.52884
3.41133
3.83067
3.47376
3.31087
2.94805
2.86027
2.37152
2.11004
1.84575
1.73319
1.62855
1.89086
2.0315
2.3741
2.93183
3.15797
3.49901
3.604
3.57928
3.34608
3.10569
2.96169
2.88418
3.22243
3.64835
3.78752
3.68552
3.59205
3.52741
3.56509
3.78904
3.87456
2.92551
2.27683
3.01457
4.05221
4.38768
4.44497
4.41461
4.37818
3.96308
3.12295
2.5184
2.10819
1.9123
1.66424
1.52885
1.49556
1.65494
1.8451
2.22612
3.43437
4.94677
5.35747
5.58149
5.76223
5.65295
5.60077
5.25579
4.71361
3.4198
2.77475
2.86567
3.21107
3.1983
3.12257
3.10275
3.12747
3.048
3.11149
3.12474
3.31505
3.43625
3.64357
3.70481
3.69948
3.49499
3.37582
2.93486
2.83488
2.49546
2.55311
2.47184
2.61828
2.58916
2.63897
2.65728
2.68514
2.81739
3.24145
3.8321
3.75998
3.46318
3.15455
2.95391
2.79828
2.64363
2.46894
2.28936
2.15867
2.07162
1.99585
2.04882
2.0893
2.17804
2.26443
2.34869
2.51797
2.6895
2.80594
3.02755
3.15033
3.48281
3.8686
4.54587
5.20463
6.26923
6.79178
7.47458
7.45851
6.89855
6.09159
4.78024
3.25164
2.2798
1.94134
1.648
1.52902
1.41339
1.40569
1.40167
1.38587
1.36564
1.35153
1.34032
1.32658
1.32511
1.41652
1.59721
1.70494
1.92619
2.05046
2.26139
2.45576
2.66829
2.89268
3.11833
3.46476
4.10174
4.85455
5.24348
5.1636
4.50454
4.13125
4.02099
3.50728
3.09142
2.78775
2.48187
2.1988
1.85496
1.57978
1.26564
1.23378
1.22027
1.22252
1.23162
1.24263
1.24286
1.26429
1.27452
1.31925
1.34864
1.40889
1.78864
2.00612
2.26399
2.24879
2.38556
2.40746
2.40987
1.83608
1.55154
1.62157
1.96702
2.50153
2.99468
3.36894
3.47404
3.54751
3.59324
3.65872
3.57152
3.54595
3.35228
3.48234
3.64019
3.05019
3.30306
3.08917
3.09354
3.31532
3.34191
3.02534
2.56467
2.13631
1.65825
1.38044
1.35511
1.40635
1.91754
2.14999
1.6695
1.29432
1.20482
1.22302
1.80258
3.12787
3.88137
4.24066
4.29205
4.33844
4.146
4.13617
3.87645
4.00317
3.7713
3.8714
3.846
3.76542
3.7694
3.76927
3.81521
4.05324
4.35404
4.43336
4.32591
4.28329
4.21288
3.93529
3.64834
3.76071
3.85465
3.91304
4.10052
4.36721
7.34208
4.87553
3.55038
3.24408
3.33237
3.51077
3.58467
3.64546
3.79171
4.54618
5.0885
5.4998
5.25622
4.68595
4.36277
4.62079
4.87571
5.47507
6.71746
7.83982
7.42493
5.87256
4.11315
3.09894
2.82518
2.92823
3.01227
2.75794
2.84876
3.18907
3.40284
3.75865
3.75514
3.87354
3.75164
3.71144
3.55224
3.46296
3.30244
3.17723
3.00193
2.9051
2.70848
2.6714
2.41221
2.22157
2.01263
1.68191
1.61504
1.50285
1.55263
1.59085
1.69789
1.79444
1.88564
1.83501
1.82934
1.74747
1.67697
1.44696
1.56191
1.70902
1.60795
1.71354
1.93616
2.2022
2.37916
2.5881
2.68615
2.76507
3.17243
3.253
3.71503
3.90631
4.25209
4.17255
3.9059
3.58091
3.21335
2.92891
2.8418
2.74853
2.69294
2.59431
2.55752
2.50189
2.65429
2.70887
2.9136
2.82122
2.60004
2.3245
2.07408
1.53682
1.45707
1.4302
1.48319
1.19408
1.18518
1.18274
1.19348
1.19315
1.19844
1.19944
1.19809
1.19616
1.21913
1.29106
1.32593
1.32752
1.29495
1.27531
1.27594
1.30407
1.23375
1.35697
1.24028
1.23817
1.24448
1.64486
2.12976
2.34541
2.63067
2.70959
2.54819
2.37913
2.22881
2.09382
1.97099
2.0469
2.08839
2.31772
2.44187
2.5401
2.7962
2.88524
3.11942
3.25034
3.4207
3.83184
4.15834
4.48629
4.65249
4.68287
4.66817
4.4763
4.39662
4.31421
4.24019
4.13051
4.05308
3.92302
3.66627
3.51979
3.47896
4.00102
3.49882
3.36439
3.03149
3.02849
2.62957
2.49485
2.23664
2.09626
1.94296
1.9344
2.15837
2.18716
2.43176
2.7338
2.93269
3.04143
3.07969
3.02955
3.00319
3.05527
3.13204
3.29503
3.46262
3.4934
3.4286
3.37063
3.37369
3.53437
3.80545
3.94159
3.76034
2.68471
2.50153
3.60368
4.56701
4.67522
4.72847
4.5696
4.38535
3.87045
3.01949
2.46948
2.17507
1.93016
1.91187
1.95428
2.14913
2.57464
3.40766
4.43137
5.17259
5.42972
5.54711
5.70871
5.72477
5.5868
5.38423
4.89627
3.84224
2.74934
2.55892
3.1128
3.43514
3.38944
3.26035
3.0944
2.9842
2.87536
2.94574
3.01114
3.25839
3.39404
3.45832
3.37433
3.19825
2.98287
2.7019
2.67216
2.55614
2.56521
2.63466
2.65346
2.68636
2.6618
2.69521
2.69539
2.80138
2.98154
3.57102
4.21888
4.0808
3.8151
3.52108
3.32698
3.17748
3.05214
2.91037
2.72692
2.60182
2.56383
2.59958
2.65779
2.81351
2.95883
3.08472
3.1665
3.25834
3.27954
3.41709
3.70084
4.08975
4.49686
5.17725
5.71641
6.43741
6.84082
7.29502
7.24529
6.84531
6.21011
5.59177
4.35797
2.90361
2.26575
1.86464
1.79328
1.45186
1.46457
1.48025
1.47784
1.47466
1.47922
1.46072
1.46158
1.74683
1.89174
2.04657
2.1941
2.35505
2.52262
2.70893
2.87151
3.06563
3.26809
3.54264
3.93924
4.45599
4.95936
5.10257
4.92496
4.41843
4.04379
4.18902
3.97356
3.5055
3.19663
2.93318
2.65361
2.37382
2.06684
1.72451
1.40507
1.40368
1.38365
1.38548
1.38319
1.38074
1.39929
1.40627
1.43482
1.53459
1.63327
1.98927
2.07423
2.22596
2.21616
2.28599
2.27946
2.28444
2.10853
1.8959
1.84505
1.95983
2.15953
2.39328
2.61143
2.75073
2.84941
2.95703
2.92173
3.06154
3.10904
3.16942
3.56071
3.44761
2.80253
3.44251
3.30864
3.06257
3.08454
3.16208
3.12013
2.99677
2.77987
2.54567
2.3378
2.30145
2.40083
2.54188
2.4762
1.89003
1.30786
1.15513
1.07998
1.10714
1.16325
1.65623
2.40605
2.89885
3.23106
3.27631
3.43169
3.19
3.28947
3.16327
3.15133
3.21716
3.19079
3.33844
3.53435
3.84345
4.23952
4.45673
4.31592
4.26234
4.24888
4.25616
4.14969
4.01294
3.93604
3.963
4.06634
4.10073
4.38537
8.40025
6.69604
4.63894
3.48964
2.9553
2.77489
2.70725
2.73447
2.79045
2.8856
3.11332
3.86787
4.16745
4.79922
5.04926
5.39915
5.62802
6.05832
6.2942
6.03744
5.35727
4.3018
3.36156
2.8515
2.79073
2.86326
3.02531
2.82403
2.71422
2.85709
2.9642
3.15716
3.11268
3.29839
3.15442
3.27747
3.13516
3.14985
2.97872
2.92764
2.72693
2.68079
2.42365
2.42342
2.16732
2.20864
2.05121
1.97601
1.93717
1.83984
1.85924
1.8406
1.90292
1.87231
1.92748
1.85427
1.83913
1.72667
1.65009
1.4156
1.50328
1.7355
1.60304
1.59552
1.66354
1.75851
2.0488
2.0031
2.36418
2.29064
2.74092
2.63104
3.07425
3.00523
3.16354
3.08439
2.95563
2.8814
2.79899
2.72072
2.7319
2.68386
2.65633
2.58873
2.61455
2.61665
2.70161
2.62199
2.65622
2.46252
2.39144
2.29651
2.23214
1.74326
1.37057
1.38371
1.51101
1.25578
1.21347
1.2285
1.22024
1.21871
1.21899
1.2118
1.20859
1.22374
1.30917
1.34534
1.33553
1.28678
1.22025
1.22397
1.23265
1.23237
1.2402
1.24397
1.24002
1.22741
1.27043
1.77399
2.15772
2.21817
2.54951
2.85184
2.8345
2.75514
2.68668
2.56345
2.50917
2.39715
2.58217
2.5088
2.80907
2.79737
3.08777
3.15441
3.21637
3.5237
3.60327
3.86511
4.06802
4.08848
4.14496
4.13512
4.1241
3.99266
4.0324
3.97707
3.99372
3.95456
3.9273
3.82635
3.73785
3.74432
3.75996
4.07507
3.58767
3.35733
2.9971
3.19561
2.80977
2.86278
2.67086
2.64952
2.76276
2.74368
2.64234
2.9422
2.84795
2.99873
3.15849
3.21085
3.24144
3.28711
3.27779
3.33449
3.36207
3.35818
3.37251
3.34916
3.37723
3.41083
3.54384
3.7368
3.83876
3.89681
3.91566
3.74741
2.50071
2.55603
4.42881
4.70243
4.8116
4.93888
4.77824
4.5949
4.38916
4.09536
4.1058
4.14564
4.34501
4.53481
4.81962
5.14533
5.44248
5.64386
5.73971
5.80633
5.71827
5.76298
5.5307
5.70213
5.41857
4.93738
3.96671
2.96176
2.27525
2.60258
3.535
3.53402
3.22807
3.11802
3.00568
3.02178
2.97925
3.16201
3.26367
3.39654
3.37969
3.35522
3.03566
3.18668
2.70224
2.90642
2.63237
2.72953
2.58928
2.65054
2.50581
2.53965
2.5622
2.64027
2.7537
2.95067
3.13771
3.66608
4.49558
4.47658
4.17341
4.02071
3.85192
3.72639
3.63664
3.56422
3.55096
3.58474
3.70389
3.81792
4.03522
4.24351
4.38245
4.43364
4.44379
4.46313
4.59108
4.59114
4.90245
5.03819
5.36209
5.54603
5.86055
5.75186
6.05028
5.92837
6.09563
5.96
5.64565
5.24603
3.92598
2.55117
2.18538
2.10065
1.64324
1.58084
1.49516
1.51049
1.5161
1.51858
1.52634
1.72527
2.14073
2.07998
2.41568
2.49017
2.62208
2.78013
2.97392
3.14011
3.34394
3.56105
3.78212
3.99202
4.18652
4.29066
4.23368
4.06069
3.98413
3.87081
3.94745
4.11303
3.77881
3.44927
3.3763
3.19985
2.99966
2.51437
2.44987
1.56558
1.7242
1.54836
1.54228
1.55789
1.53375
1.5544
1.62737
1.5464
1.92725
1.87675
2.11803
2.06165
2.11306
2.02463
2.15161
2.08916
2.23128
2.24895
2.23896
2.20484
2.21598
2.22665
2.23762
2.23377
2.23071
2.282
2.2552
2.53885
2.58062
2.81632
3.19648
3.62199
2.94753
2.48708
3.43069
3.65947
3.38864
3.26342
3.23223
3.26251
3.25067
3.28012
3.29297
3.36226
3.45307
3.60247
3.71565
3.72431
3.30305
2.61604
2.0425
1.62
1.48857
1.47964
1.52637
1.63035
1.74629
1.94037
1.9273
2.16552
1.9806
2.19835
2.14147
2.2557
2.6507
2.78205
3.08028
3.52417
3.98938
4.41188
4.31891
4.26401
4.27371
4.26477
4.26143
4.23711
4.20769
4.20488
4.15897
4.11707
4.15946
4.38701
14.4562
13.136
11.6989
10.7676
10.0772
10.0616
10.1644
10.7362
11.8453
13.4631
14.7622
16.1856
14.2106
3.9624
2.47189
2.65619
2.38244
2.19101
2.04303
2.05195
2.06615
2.15862
2.24012
2.31864
2.3751
2.41849
2.42954
2.41464
2.37434
2.32148
2.23806
2.16736
2.133
2.05524
1.96355
1.97222
1.97673
1.99049
1.99038
2.19957
2.42426
2.12396
2.24783
2.23712
1.66466
1.4681
1.42065
1.47269
1.55847
1.63942
1.74526
1.73888
1.74603
1.7215
1.76807
1.82976
1.80992
1.84721
1.81593
1.83593
1.80168
1.78738
1.82961
1.76339
1.90865
1.94366
2.00367
2.1824
2.49253
2.44406
2.55637
3.13284
2.69478
1.97436
2.02012
2.62558
2.64712
2.43354
2.2021
1.97835
1.79967
1.70306
1.6188
1.57013
1.50691
1.43769
1.40793
1.27403
1.17307
1.18493
1.17166
1.17634
1.19088
1.18568
1.19829
1.19043
1.19355
1.1904
1.18746
1.18901
1.20119
1.31804
1.25128
1.24627
1.37256
1.47629
1.55625
1.75479
1.79661
2.16373
2.25378
2.46596
2.93541
2.6923
3.28117
3.20909
3.59113
3.66841
3.91603
4.03567
4.19793
4.16035
4.07015
3.8566
3.76858
3.64229
3.58307
3.55349
3.47115
3.31231
3.39475
3.8356
4.01076
4.12259
1.24091
2.21244
2.44266
2.6297
2.87012
3.151
3.33448
3.41902
3.50193
3.33073
3.4754
3.29922
3.46464
3.32698
3.4638
3.25319
3.41088
3.25739
3.16443
3.44399
3.16895
3.86394
3.86951
4.22291
4.46795
4.446
4.11431
3.52089
3.12104
3.02154
2.2958
2.57967
2.83197
2.35963
2.07078
1.95165
1.65368
1.31041
1.1147
1.07628
1.05486
1.0238
1.03111
1.00575
1.03265
1.01877
1.05309
1.05072
1.07792
1.08396
1.09469
1.10975
1.12227
1.13221
1.13233
1.13805
1.13461
1.12087
1.14164
1.10877
2.50631
2.88773
4.01429
3.87368
3.63884
3.53388
3.29641
3.28022
3.02945
3.01563
2.6914
2.74221
2.30376
2.40123
1.81603
2.02046
1.49662
1.69729
1.45337
1.54325
1.68169
1.67528
1.88011
1.94105
2.11224
2.25415
2.49652
2.88614
3.31556
3.65954
1.84003
1.94894
2.67738
3.22927
3.17771
3.11446
2.8004
2.80232
2.49998
2.32805
2.42493
2.03923
2.20001
1.85104
2.02404
1.82086
1.90632
2.04278
1.99938
2.07901
2.29603
2.23669
2.42175
2.55197
2.65544
2.85213
2.87442
2.86473
2.69349
2.13582
3.12632
3.50372
4.05275
4.10946
3.84774
3.5194
3.10301
2.99586
2.59768
2.67227
2.28802
2.41389
2.13603
2.25674
2.12179
2.17478
2.04615
2.24392
2.2173
2.39976
2.5502
2.71814
2.75516
2.79891
2.81986
2.91398
3.55994
4.11787
4.23676
4.24331
1.85406
2.9079
3.38638
3.35728
3.245
3.07937
3.05513
2.82521
2.84299
2.62542
2.42422
2.32766
2.26876
1.9086
1.98641
1.74888
1.83568
1.80089
2.06823
2.11262
2.53718
2.63982
2.88069
2.98179
3.1741
3.18009
2.99762
2.89601
3.0226
3.11908
0.899882
1.31121
2.71187
2.92556
2.5693
2.20306
1.89159
1.66467
1.39151
1.35785
1.34019
1.32674
1.31999
1.31787
1.31605
1.31755
1.3207
1.32903
1.46631
1.45626
1.76272
1.79187
2.12541
2.2824
2.48072
2.71406
2.89772
2.97945
1.43637
1.02833
0.453439
0.625126
0.849124
0.999875
1.14475
2.42892
3.82842
4.23224
4.2397
4.21588
4.09761
4.09064
3.99499
4.02284
3.99506
3.95731
3.86548
3.72756
3.53619
3.34531
3.05078
2.84797
2.7312
2.38935
2.02184
1.33375
0.961608
0.741168
0.655614
0.664204
7.46406
6.43351
5.40432
4.99308
4.91493
4.84135
4.97858
5.27134
6.39323
8.73733
11.9898
15.0478
15.0633
5.6344
2.37543
2.24858
1.86749
1.86085
1.98489
2.24571
2.33337
2.45317
2.51697
2.56981
2.60925
2.6458
2.69559
2.7703
2.84487
2.91387
2.9547
2.94641
2.80628
2.68955
2.56167
2.35498
2.20543
2.13525
2.05353
2.12083
2.33436
2.46803
2.34163
2.29072
1.71319
1.42697
1.43612
1.50912
1.6149
1.63056
1.65394
1.69661
1.83468
1.97936
1.96703
1.94807
1.86522
1.84507
1.78
1.73405
1.67515
1.6064
1.55677
1.51245
1.61399
1.58981
1.7273
1.95132
2.1572
2.31851
2.57596
2.84338
3.21542
2.85194
2.13269
2.65818
2.48321
2.02964
1.68183
1.46151
1.33547
1.29715
1.28961
1.33224
1.34458
1.39684
1.40891
1.41479
1.34639
1.31665
1.22597
1.229
1.24428
1.24397
1.24436
1.25008
1.24171
1.23029
1.21555
1.20068
1.20063
1.20035
1.32273
1.31019
1.30842
1.45198
1.70391
1.8823
2.0581
2.32233
2.43072
2.77385
2.75604
3.14118
3.21588
3.48579
3.71411
3.90545
4.20644
4.43599
4.58893
4.71922
4.61393
4.53521
4.34116
4.21832
4.05123
3.82501
3.64755
3.41914
3.39329
3.48305
3.78632
4.29662
1.37457
2.27724
2.54762
2.934
3.41038
3.64414
3.70744
3.53784
3.56326
3.41625
3.57862
3.44488
3.61162
3.55283
3.60054
3.54934
3.67835
3.52318
3.6384
3.65695
3.83658
4.01328
4.27073
4.37478
4.49172
4.44675
4.32253
3.87786
3.4127
3.27774
2.40927
2.67653
2.53937
2.21942
1.97745
1.48983
1.10072
1.03357
0.991693
0.953588
0.927443
0.907073
0.888939
0.887272
0.902425
0.927522
0.96602
1.0069
1.04777
1.07877
1.10959
1.13321
1.15111
1.16366
1.17243
1.17162
1.16145
1.13943
1.11439
1.10677
3.01806
3.71574
4.06977
3.91307
3.77391
3.74606
3.44027
3.42374
3.00881
3.14958
2.89584
2.90013
2.65228
2.64661
2.15544
2.26205
1.8378
1.90659
1.72185
1.70299
1.85156
1.80992
1.97844
2.07206
2.19399
2.33634
2.54219
2.80191
3.18288
3.58174
2.18408
2.74959
3.2015
3.05267
2.90156
2.71705
2.77003
2.74227
2.86816
2.71788
2.70368
2.52125
2.44503
2.32578
2.247
2.28791
2.25632
2.38418
2.38819
2.53767
2.59425
2.47233
2.61642
2.64347
2.73051
2.81632
2.92846
2.90706
2.82281
2.41092
3.79811
4.03162
3.85103
3.39661
2.98456
2.77779
2.73695
2.83542
2.78549
2.84947
2.70772
2.67708
2.55405
2.4938
2.44925
2.32682
2.39883
2.35059
2.50695
2.56871
2.67638
2.78759
2.79509
2.80799
2.80364
2.80448
2.90499
3.16479
3.577
3.73313
2.33997
3.2699
3.34888
3.20212
3.05527
3.00417
2.86933
2.86028
2.73816
2.54538
2.46404
2.13974
2.06331
1.78951
1.70306
1.59523
1.51846
1.60763
1.64273
1.96656
1.99051
2.26064
2.41957
2.61402
2.84708
3.10692
3.1647
3.18084
3.1504
3.25948
1.34369
2.10977
2.85069
2.55348
2.03482
1.5286
1.25371
1.17753
1.16399
1.17422
1.1989
1.21897
1.23057
1.23907
1.24661
1.26312
1.28229
1.3129
1.4373
1.58982
1.78641
1.97675
2.13352
2.42414
2.52513
2.68444
2.85059
3.00148
2.14065
1.32022
0.647532
0.871644
1.10712
1.69244
2.93099
3.80253
4.22899
4.31646
4.33658
4.29782
4.3686
4.34626
4.39626
4.36841
4.40146
4.3917
4.34713
4.23535
4.04945
3.72619
3.39626
3.01418
2.95841
2.98508
3.08652
2.81313
1.931
1.0124
0.697041
0.658914
5.38414
4.68969
4.40112
4.58746
4.90992
5.12064
5.01072
4.75784
4.71724
5.56564
8.52783
12.787
15.1538
7.61811
2.1762
1.87276
1.85373
2.26487
2.47294
2.55622
2.60992
2.82677
2.90041
2.90279
2.83414
2.8684
3.0315
3.31051
3.62353
3.92392
4.10567
4.21489
4.21424
4.07273
3.68432
3.21724
2.77857
2.41086
2.17712
2.09338
2.245
2.50474
2.6568
2.44922
1.68905
1.46295
1.51023
1.55195
1.5841
1.65076
1.71219
1.88644
2.04065
1.97986
1.86761
1.78672
1.70782
1.69027
1.63189
1.56835
1.4828
1.45654
1.499
1.46909
1.55242
1.52901
1.66588
1.71519
1.82713
2.1821
2.39475
2.62092
3.30193
3.47111
2.22353
2.64825
2.24732
1.79538
1.53016
1.42269
1.38987
1.4065
1.45185
1.56258
1.66492
1.75926
1.78872
1.9044
1.62678
1.50426
1.37801
1.2251
1.21872
1.21953
1.21449
1.23659
1.24734
1.25487
1.24724
1.22593
1.20902
1.2051
1.29524
1.35946
1.29496
1.46376
1.69206
1.97937
2.11536
2.39277
2.38737
2.64399
2.7646
2.87117
3.20955
3.40692
3.75824
3.98383
4.2172
4.49354
4.73505
4.81284
4.91641
4.80122
4.7392
4.65575
4.45894
4.22587
3.9324
3.65447
3.43017
3.43011
3.64052
4.16751
1.57925
2.53108
2.93398
3.44997
3.67439
3.6712
3.51464
3.55506
3.48866
3.50855
3.52833
3.5113
3.56834
3.52603
3.64459
3.61366
3.81385
3.75108
3.92754
4.0362
4.09095
4.40671
4.41426
4.60373
4.52913
4.50869
4.41684
4.12933
3.631
3.34108
2.45933
2.58276
2.37708
2.1377
1.71149
1.27659
1.14883
1.13671
1.11618
1.05556
0.998452
0.924652
0.884239
0.865868
0.88581
0.914471
0.984632
1.02458
1.08888
1.10245
1.12689
1.12892
1.13042
1.13886
1.15438
1.17225
1.17998
1.16104
1.1241
1.10678
3.57883
4.11119
4.21306
4.22184
4.0619
3.72805
3.42132
3.30284
3.11482
3.39807
3.11304
3.22611
2.76826
2.84611
2.43097
2.40983
2.09727
2.17633
1.97092
1.95921
2.06472
1.97659
2.07186
2.14386
2.31457
2.41192
2.62687
2.82287
3.10571
3.51455
2.82732
3.11512
2.96755
2.79337
2.75657
3.07774
3.31752
3.32853
3.36819
2.94628
2.82305
2.5755
2.37941
2.30233
2.25951
2.1967
2.22442
2.37869
2.42778
2.67361
2.74258
2.78241
2.84903
2.88877
2.85723
2.89848
2.92094
2.94679
2.89076
2.57684
3.84754
3.61678
2.94088
2.61222
2.79238
3.12057
3.34969
3.395
3.1255
2.96255
2.52553
2.48731
2.15798
2.17143
1.98229
2.00355
1.89512
2.01895
2.07011
2.23796
2.32603
2.52746
2.62781
2.67759
2.71623
2.71002
2.69589
2.71529
2.97288
3.32047
2.52559
3.06417
3.00289
2.93117
2.98034
2.98577
3.02976
2.96426
2.72451
2.482
2.28985
1.92122
1.74832
1.46549
1.44326
1.43314
1.4145
1.40594
1.39812
1.39469
1.55854
1.60756
1.89531
2.11305
2.37595
2.6759
3.01552
3.13871
3.22437
3.27472
2.1235
2.68919
2.45187
1.77122
1.24103
1.12659
1.11095
1.18525
1.334
1.57219
1.60002
1.58684
1.5493
1.47703
1.49748
1.55027
1.70728
1.8859
2.14431
2.34397
2.53271
2.66847
2.83781
2.88383
2.94638
2.91551
2.89667
2.96955
2.65711
1.47305
0.723817
1.09245
1.78549
3.23305
3.89382
4.25105
4.35483
4.42182
4.40853
4.47241
4.46101
4.4737
4.41933
4.52829
4.52061
4.5173
4.50261
4.47909
4.35294
4.1882
3.74813
3.01164
2.3497
2.08717
2.53488
2.74332
2.55936
1.29444
0.778174
0.680015
4.99919
4.55441
4.88845
6.06709
7.62248
8.31435
7.69585
6.23228
4.97639
4.76915
6.27408
10.739
14.8914
8.96201
2.00809
1.91589
2.26613
2.51876
2.50592
2.69226
3.22855
3.56068
3.50859
3.22126
2.99421
3.03521
3.40772
3.93956
4.45754
4.73519
4.86289
4.89407
4.97646
4.97271
4.93021
4.5369
3.68254
2.88877
2.35472
2.11553
2.17403
2.50404
2.9064
2.70328
1.69559
1.45108
1.48876
1.5094
1.6021
1.71093
1.89159
2.04494
1.95771
1.81829
1.70514
1.63447
1.6312
1.6203
1.56995
1.48926
1.48698
1.53904
1.59463
1.62563
1.65038
1.64145
1.66833
1.64046
1.81891
1.99184
2.17625
2.56039
3.22531
3.84754
2.26892
2.60661
2.13268
1.80266
1.70955
1.70318
1.7521
1.83143
1.9225
2.05659
2.12279
2.17909
2.22158
2.04275
1.73423
1.50998
1.32957
1.17898
1.2273
1.14898
1.14479
1.16455
1.2021
1.2397
1.26021
1.24841
1.2239
1.21013
1.20737
1.3485
1.27922
1.3933
1.74431
1.94061
2.17076
2.17328
2.35697
2.40662
2.61848
2.85146
3.03655
3.53195
3.69796
4.07543
4.24616
4.48703
4.673
4.8351
4.79434
4.91913
4.97872
4.88073
4.77151
4.5683
4.29146
3.95071
3.60984
3.47089
3.57915
4.11164
1.72735
2.64544
3.10096
3.54746
3.74812
3.60583
3.62221
3.61809
3.60206
3.49564
3.49341
3.41914
3.44995
3.40056
3.54421
3.62801
3.8692
4.01377
4.25423
4.34112
4.56624
4.61884
4.77603
4.64228
4.66654
4.58942
4.50932
4.28317
3.7579
3.38644
2.4742
2.49687
2.35366
2.20323
2.01591
2.13295
2.46812
2.44964
2.10757
1.60352
1.12904
0.917605
0.848448
0.82333
0.828828
0.859569
0.909023
0.954047
0.995115
1.01588
1.02534
1.02309
1.0269
1.04048
1.07872
1.12911
1.17072
1.16959
1.13348
1.10389
3.85592
4.33409
4.42435
4.39965
3.95792
3.64899
3.33271
3.43952
3.44044
3.44001
3.20069
3.09982
2.8307
2.67862
2.37411
2.30253
2.16401
2.07781
2.17956
2.10325
2.20091
2.09728
2.26238
2.1455
2.41934
2.4798
2.72366
2.92572
3.13479
3.47072
2.75786
2.85473
2.74776
2.73747
3.33295
3.66093
3.64165
3.41206
2.97958
2.6327
2.29173
2.16728
1.85629
1.93647
1.75049
1.81073
1.8809
2.04207
2.18888
2.51598
2.57696
2.94408
2.99647
3.10367
3.08387
3.01864
2.97795
2.93978
2.90192
2.61204
3.60567
2.96084
2.54341
2.83027
3.56759
3.71483
3.36172
2.8812
2.37171
2.08433
1.82669
1.70719
1.64252
1.5208
1.54975
1.43942
1.57842
1.51962
1.57127
1.72544
1.9011
2.12251
2.23497
2.39486
2.54756
2.59909
2.59435
2.57108
2.65805
3.06212
2.60362
2.93669
2.8357
2.99653
3.15058
3.23222
3.0941
2.77277
2.50174
2.16892
1.87519
1.51695
1.42745
1.40918
1.39552
1.37901
1.37058
1.34982
1.33283
1.31887
1.31023
1.30876
1.32985
1.57149
1.86759
2.25403
2.62863
2.99813
3.15224
3.23312
2.44991
2.45488
1.72143
1.20146
1.11496
1.16205
1.60343
2.07058
2.33615
2.39156
2.35053
2.2094
2.00302
1.85031
1.76705
1.879
2.07377
2.393
2.60588
2.74592
2.76536
2.85419
2.9161
3.09254
3.07249
3.07295
3.01873
2.97343
2.80983
1.60167
0.796991
1.24694
3.02556
3.9018
4.26649
4.37459
4.44922
4.42681
4.50717
4.5156
4.50072
4.48675
4.68254
4.6322
4.60399
4.57161
4.52394
4.44357
4.45576
4.4086
4.2408
3.8092
2.80562
1.98057
1.96863
2.52137
2.48663
1.39928
0.800379
0.672573
4.85235
4.65498
6.09094
8.93855
10.7189
10.6806
9.84268
7.9369
5.80532
4.76288
5.34433
8.91386
14.1175
9.83147
1.91191
2.07961
2.43088
2.52177
2.66455
3.38872
3.93998
3.99608
3.69628
3.25555
2.92905
3.141
3.7948
4.5134
4.8979
5.0029
4.9916
4.96578
4.88514
5.04893
5.24903
5.09783
4.42801
3.39387
2.60406
2.17771
2.14862
2.43112
2.99749
2.74896
1.63486
1.44386
1.4888
1.54775
1.65013
1.85953
2.05375
2.00262
1.83638
1.66623
1.57098
1.5493
1.57974
1.5982
1.5259
1.51691
1.60494
1.71888
1.7803
1.81056
1.79258
1.81901
1.67783
1.75769
1.79555
1.81961
2.14894
2.47215
3.18031
4.0858
2.28193
2.5811
2.14402
1.97913
2.06529
2.2246
2.30555
2.40349
2.51011
2.57861
2.56821
2.6387
2.39415
2.06447
1.83242
1.34716
1.3151
1.21369
1.12163
1.09707
1.09079
1.10239
1.13709
1.19885
1.25072
1.26546
1.24128
1.21741
1.20788
1.35045
1.2545
1.37515
1.65388
1.92319
1.93658
2.00925
1.95654
2.2596
2.36273
2.74736
3.08291
3.33738
3.6881
3.78829
4.16269
4.42718
4.75062
4.90393
5.05818
4.92806
4.94223
5.03738
5.01679
4.89583
4.62092
4.22048
3.81947
3.55003
3.5615
4.03981
1.88229
2.88338
3.49336
3.85695
3.76952
3.86354
3.78065
3.80382
3.5725
3.53371
3.33034
3.3809
3.23994
3.40855
3.32882
3.60462
3.88539
4.07363
4.43722
4.62185
4.66801
4.80082
4.96892
4.71708
4.77329
4.64926
4.58014
4.34175
3.82068
3.39709
2.4494
2.4574
2.4634
2.56726
2.82778
3.24102
3.42079
3.19562
2.41951
1.57597
1.10759
0.848505
0.805815
0.811634
0.851106
0.901443
0.950179
0.972504
0.984457
0.991161
0.99294
1.00436
1.01243
1.01783
1.02475
1.06989
1.13743
1.16505
1.1348
1.10954
4.03552
4.52743
4.6456
4.37283
3.84167
3.70778
3.41171
3.66872
3.40177
3.34149
3.22252
3.1207
2.84203
2.60008
2.35756
2.2269
2.00939
2.09968
2.10101
2.09932
2.29622
2.16983
2.36054
2.21501
2.43468
2.64164
2.79686
3.05188
3.2033
3.47843
2.82054
2.77745
2.68208
3.39164
3.83526
3.67556
3.26647
2.67891
2.38202
2.16701
2.05949
1.91257
1.79511
1.76222
1.61281
1.64115
1.66367
1.75366
1.81738
2.27247
2.39528
2.94244
3.01661
3.22386
3.28259
3.15601
3.0056
2.95539
2.89513
2.63201
3.20777
2.62753
2.82302
3.87629
3.75906
3.08895
2.3814
1.94676
1.67685
1.66394
1.52184
1.58464
1.45886
1.53375
1.42287
1.46957
1.31336
1.43786
1.50766
1.51556
1.63547
1.84534
1.9273
2.14884
2.29574
2.39521
2.4853
2.48902
2.52726
2.90723
2.49743
2.66341
2.8302
3.24502
3.36141
3.18173
2.75962
2.45684
2.12348
1.80147
1.52578
1.3734
1.33903
1.31868
1.29298
1.29075
1.28853
1.29654
1.29981
1.29707
1.28877
1.27708
1.26549
1.28363
1.45508
1.80978
2.2788
2.67185
2.99359
3.15357
2.41841
1.95508
1.23541
1.12282
1.1779
1.88727
2.56652
2.94405
3.09232
3.12002
2.96406
2.77703
2.49416
2.16044
2.00251
2.03326
2.28152
2.5718
2.71559
2.5567
2.35694
2.23033
2.37546
2.58427
2.89455
3.01542
2.97608
2.95631
2.80944
1.72038
0.85696
1.89873
3.62083
4.24965
4.3674
4.46071
4.44094
4.52202
4.52243
4.50497
4.61821
4.83315
4.71475
4.70605
4.69191
4.67198
4.60251
4.52508
4.38943
4.34668
4.35427
4.23251
3.66122
2.34554
1.68953
2.34877
2.29293
1.40569
0.8159
0.721683
4.86245
5.13685
8.1051
11.3827
11.6594
10.523
8.91762
7.1814
5.54938
4.64568
5.07403
7.86535
13.2754
10.6319
1.90126
2.1865
2.4921
2.58431
3.08228
3.77697
4.07043
4.00099
3.70276
3.17396
2.88207
3.28737
4.20468
4.85648
5.04777
5.12656
5.12342
5.04154
4.8291
4.80387
5.02794
5.30782
4.88959
3.74676
2.7612
2.20909
2.16241
2.4973
3.1901
2.8647
1.6311
1.43601
1.50124
1.56386
1.77325
1.98073
2.04298
1.88558
1.72884
1.52731
1.4993
1.50956
1.56868
1.59792
1.54655
1.62952
1.80738
1.92184
1.94314
1.90748
1.79057
1.77599
1.73748
1.82495
1.65358
1.86114
2.11214
2.42406
3.21203
4.30388
2.27486
2.56156
2.2315
2.21811
2.4352
2.55839
2.69462
2.77576
2.76632
2.79658
2.90764
2.74378
2.43394
2.12509
1.60443
1.29787
1.37978
1.10833
1.18368
1.08868
1.07623
1.08566
1.10723
1.16605
1.23536
1.26867
1.25562
1.22474
1.2137
1.26289
1.22546
1.35208
1.6199
1.79955
1.7701
1.59595
1.76154
1.95112
2.34239
2.60863
3.09381
3.14726
3.23265
3.53524
3.70159
4.40644
4.88175
5.28651
5.21857
5.22335
5.16466
5.24579
5.33154
5.27085
4.96885
4.45403
3.96125
3.54586
3.4868
3.98458
2.1152
3.10839
3.61094
3.89358
4.02019
4.05619
4.15055
4.01571
3.67158
3.5326
3.40365
3.23643
3.17303
3.25734
3.2423
3.38114
3.72451
3.91705
4.42419
4.52678
4.78584
4.64012
5.024
4.6671
4.84531
4.66811
4.62114
4.36057
3.84176
3.37986
2.41896
2.46645
2.72162
3.10913
3.49819
3.74727
3.7256
3.15474
2.01844
1.37223
1.03012
0.936371
0.906432
1.01556
1.15363
1.25584
1.22682
1.22012
1.21477
1.16954
1.13122
1.09889
1.0805
1.05911
1.03636
1.03222
1.09467
1.13966
1.12167
1.17205
4.18627
4.73546
4.76242
4.3321
3.89004
3.65648
3.51987
3.55591
3.27427
3.40209
3.2724
2.96243
2.79396
2.44223
2.38306
2.02926
2.07873
1.89032
2.04126
2.00329
2.33343
2.23304
2.40375
2.31164
2.47234
2.71773
2.96729
3.13426
3.29465
3.48444
2.6318
2.63071
3.2729
3.87577
3.65256
3.10704
2.48622
2.24013
2.11182
2.1407
2.00714
1.94545
1.78601
1.72611
1.61018
1.62399
1.59363
1.69008
1.63071
2.06956
2.25612
2.83498
3.13905
3.3609
3.39846
3.22694
3.00371
2.926
2.83964
2.59557
2.92795
2.84807
3.89039
3.89351
2.91502
2.17162
1.71603
1.57783
1.53377
1.56992
1.57196
1.5495
1.54268
1.34417
1.23176
1.24393
1.28764
1.30625
1.42768
1.60836
1.57037
1.73102
1.79823
1.97395
2.04873
2.1879
2.3312
2.38369
2.44653
2.80852
2.52828
2.76022
3.28542
3.48809
3.24058
2.80891
2.42005
2.15627
1.81625
1.50893
1.34214
1.20526
1.13819
1.10954
1.0804
1.08815
1.09709
1.12216
1.16929
1.21987
1.25209
1.26317
1.25095
1.24256
1.26469
1.49486
1.94748
2.45179
2.83102
3.04109
2.25821
1.51338
1.1586
1.16148
1.82088
2.71171
3.27012
3.46725
3.50747
3.41753
3.35614
3.19466
2.89968
2.51208
2.1888
2.15088
2.35643
2.62183
2.59962
2.10105
1.62066
1.46422
1.56648
1.88674
2.39172
2.79385
2.88889
2.86683
2.74204
1.69094
0.909647
2.43654
3.99044
4.36208
4.48338
4.42596
4.49533
4.48723
4.50914
4.74744
4.84184
4.65554
4.62255
4.64412
4.73287
4.69955
4.66487
4.6338
4.41694
4.34627
4.28936
4.28943
4.1322
3.05103
1.5924
1.84715
1.97938
1.32599
0.862912
0.742083
4.87704
5.68714
9.78705
11.9886
10.9146
8.92769
6.99535
5.78973
5.00577
4.69174
4.93642
6.86691
12.4733
11.165
1.86086
2.21098
2.49814
2.67897
3.16504
3.65287
3.88682
3.96537
3.63182
3.09237
2.85597
3.51409
4.48294
4.94961
5.13861
5.4543
5.64748
5.70705
5.08966
4.94535
5.01825
5.34853
5.0266
3.91533
2.88427
2.33751
2.20155
2.48799
3.12224
2.71442
1.56633
1.46077
1.51566
1.64721
1.9095
2.02404
1.99822
1.798
1.636
1.44495
1.4621
1.4847
1.59582
1.6022
1.60674
1.78354
2.03412
2.06827
1.94793
1.83744
1.70493
1.74982
1.78455
1.67677
1.72876
1.89799
2.13205
2.43588
3.41472
4.44249
2.29237
2.58062
2.35941
2.41622
2.62046
2.73045
2.73437
2.7718
2.82102
2.98249
2.8924
2.77897
2.51094
1.92116
1.42605
1.39307
1.24235
1.10712
1.25385
1.0968
1.08794
1.08398
1.09794
1.15305
1.22702
1.27855
1.26107
1.23269
1.2176
1.25921
1.18817
1.33157
1.53085
1.68462
1.40873
1.37938
1.43583
1.86847
2.16624
2.63802
2.80725
2.96455
2.79459
2.88184
3.56032
4.1051
5.20038
5.69069
6.05151
5.67942
5.43602
5.14209
5.1022
5.25623
5.026
4.63324
3.99043
3.62932
3.43352
3.88393
2.28583
3.28011
3.80467
4.1022
4.29269
4.57896
4.45113
4.33774
3.96079
3.57843
3.38309
3.31798
3.04889
3.10547
3.19541
3.11922
3.42516
3.66201
4.0865
4.42723
4.61851
4.46805
4.81868
4.67168
4.8271
4.65358
4.66423
4.3768
3.8027
3.45048
2.42129
2.56991
3.07749
3.53246
3.7716
3.87678
3.70387
2.93148
1.74429
1.28614
1.16369
1.31648
1.62524
2.10096
2.31418
2.14248
1.94909
2.00102
1.81225
1.80678
1.53673
1.28896
1.22397
1.17002
1.09339
1.03472
1.05947
1.11431
1.10989
1.10362
4.31195
4.85721
4.76461
4.33182
3.80083
3.61837
3.42595
3.38489
3.27337
3.42757
2.90798
2.88589
2.58407
2.46981
2.27875
2.3008
2.05625
2.13498
2.05997
2.17007
2.31203
2.43594
2.45544
2.44495
2.56058
2.88222
3.0865
3.23596
3.35824
3.4723
2.66872
2.93483
3.72105
3.74628
3.13196
2.42982
2.18251
2.03806
2.13486
2.11405
2.12487
1.92271
1.69231
1.64242
1.53196
1.5812
1.54486
1.55428
1.52766
1.9295
2.3026
2.81599
3.30482
3.46672
3.46384
3.139
2.98059
2.83989
2.73518
2.56723
2.8596
3.41569
4.06569
3.14543
2.19515
1.72088
1.4732
1.49491
1.45536
1.5498
1.43618
1.40952
1.24941
1.2431
1.2401
1.231
1.24944
1.26732
1.25586
1.51337
1.61163
1.73741
1.74089
1.83216
1.85008
1.99306
2.17158
2.28756
2.34409
2.74188
2.462
2.96699
3.53169
3.37389
2.91671
2.57475
2.16736
2.01176
1.48895
1.40242
1.10779
1.04134
1.00398
0.975736
0.954004
0.945169
0.943685
0.965775
1.0102
1.08847
1.16706
1.22543
1.23464
1.22644
1.22932
1.27802
1.72754
2.26035
2.65967
2.91447
2.10646
1.2735
1.14985
1.46837
2.51679
3.34462
3.6533
3.60008
3.43014
3.39379
3.38951
3.40398
3.22798
2.85928
2.45086
2.20526
2.44891
2.64593
2.41616
1.74307
1.42963
1.41317
1.47111
1.57979
1.98103
2.58331
2.74745
2.75299
2.65929
1.56384
0.94663
2.78719
4.12732
4.46428
4.43184
4.47302
4.5091
4.46491
4.74646
4.68712
4.56958
4.48635
4.58587
4.69128
4.86994
4.80428
4.70204
4.67984
4.50483
4.35161
4.24979
4.31228
4.28292
3.80974
1.97201
1.36652
1.49075
1.05571
0.863296
0.790398
4.92618
6.10721
10.6503
11.6931
9.95035
8.16311
6.96322
5.92337
5.19026
4.9278
5.00078
6.63469
11.6285
11.2723
2.0668
2.32794
2.4755
2.61881
2.8848
3.28404
3.91176
4.00695
3.61465
3.01163
2.85214
3.66551
4.58762
4.96871
5.28568
5.95934
6.39772
6.49498
5.77063
5.38395
5.43025
5.48981
4.93212
3.70671
2.75013
2.22939
2.22813
2.75363
3.33483
2.77458
1.60765
1.44474
1.54717
1.7512
1.95232
2.02153
1.87587
1.75264
1.44882
1.40262
1.44981
1.50026
1.62789
1.64198
1.6774
1.97301
2.18282
2.0744
1.84746
1.76119
1.80234
1.9198
1.75482
1.8518
1.74402
1.98473
2.1584
2.66878
3.59872
4.70473
2.27132
2.64128
2.4668
2.52323
2.65583
2.70901
2.68884
2.66112
2.81449
2.97643
3.01418
2.90991
2.35554
1.73985
1.47538
1.34627
1.22568
1.16813
1.23131
1.12615
1.2085
1.09927
1.10893
1.15731
1.23473
1.27767
1.27016
1.23606
1.22122
1.22293
1.16401
1.33008
1.52617
1.36751
1.26184
1.24321
1.34672
1.6708
2.17261
2.45402
2.70657
2.47169
2.42919
2.55498
3.12374
4.30181
5.00883
5.66558
5.68311
5.52252
5.1835
5.18144
5.4183
5.36907
5.19505
4.528
4.06229
3.58758
3.31625
3.89127
2.42152
3.42583
3.90421
4.23601
4.54758
5.03985
5.05098
4.663
4.05768
3.75444
3.40052
3.2904
3.16424
2.99851
3.06905
3.03951
3.01401
3.2813
3.76885
4.04688
4.33433
4.31697
4.64809
4.71564
4.69515
4.75082
4.7301
4.33798
3.7991
3.47792
2.41837
2.67163
3.35683
3.76428
3.81789
3.85172
3.69188
2.89194
1.69141
1.39573
1.48239
1.96058
2.66059
2.6579
2.32457
1.99295
1.74594
1.98743
1.90093
2.17614
2.1227
1.9822
1.7284
1.58632
1.31249
1.05634
1.03221
1.08111
1.21867
1.51739
4.42714
5.06012
4.83645
4.24808
3.7524
3.5615
3.28339
3.27604
3.29114
2.88995
2.76511
2.48419
2.43749
2.2944
2.43562
2.23232
2.28151
2.06985
2.13164
2.17335
2.50472
2.42381
2.55728
2.53438
2.79012
2.92375
3.1817
3.30169
3.34857
3.34446
2.66933
3.38686
3.89252
3.39429
2.67173
2.18402
2.01123
1.98723
2.08427
2.1438
2.1583
2.04377
1.7164
1.5672
1.40814
1.45448
1.55804
1.68291
1.66573
2.02458
2.52681
3.11016
3.43554
3.609
3.28687
3.05357
2.80186
2.61406
2.6139
2.49338
2.86907
3.89482
3.78251
2.62815
1.85342
1.54944
1.39145
1.38391
1.35139
1.39051
1.20049
1.22017
1.22058
1.20145
1.1797
1.16924
1.17941
1.21743
1.25357
1.49983
1.63914
1.75773
1.67266
1.70257
1.67956
1.81922
2.03778
2.19429
2.23814
2.7512
2.68995
3.50402
3.61385
3.19471
2.75102
2.40741
2.09338
1.72417
1.40133
1.19543
1.08037
0.997634
0.976848
0.951619
0.933507
0.915101
0.895943
0.893142
0.919295
0.988031
1.08857
1.17031
1.21014
1.20948
1.20922
1.25653
1.63411
2.15568
2.63354
2.86649
1.84298
1.22691
1.18742
1.96707
3.12313
3.61533
3.60582
3.43978
3.57248
3.64782
3.55849
3.55045
3.29433
3.19286
2.71703
2.32237
2.44851
2.66814
2.46213
1.65839
1.41056
1.45048
1.48593
1.62841
1.89099
2.37166
2.70703
2.63566
2.3934
1.43862
0.929566
2.84636
4.24184
4.44646
4.49351
4.47325
4.51107
4.52245
4.77296
4.53414
4.69338
4.57997
4.63499
4.57729
4.66951
4.74891
4.65794
4.7347
4.50962
4.34188
4.24705
4.23659
4.29088
4.17316
2.77077
1.24522
1.17968
1.05317
0.913687
0.870721
4.93946
6.08305
10.596
11.4226
9.78169
8.89356
8.48227
7.80267
7.10511
6.32582
6.13713
6.88058
10.8045
11.9694
10.4958
5.44715
3.29238
4.26882
3.74937
2.9876
2.6008
3.03825
4.14568
4.23965
3.54154
2.99208
2.85769
3.73038
4.54003
4.96572
5.39429
6.18632
6.73793
6.98386
6.60256
6.22374
5.91983
5.5722
4.48244
3.42354
2.68406
2.36956
2.41798
2.86487
3.03646
2.58858
2.32361
1.96486
1.75139
1.58927
1.63678
1.80758
1.97557
1.98514
1.81572
1.64601
1.42113
1.40793
1.45683
1.51573
1.67728
1.66624
1.7889
2.13506
2.24719
1.99406
1.84636
1.87876
2.08799
2.03534
1.92562
1.91512
1.95369
2.01751
2.42404
2.87028
4.08916
4.72374
3.73398
2.63609
2.25247
2.67034
2.54769
2.62963
2.70079
2.652
2.61703
2.7046
2.85276
3.05933
3.18758
2.86078
2.22375
1.71173
1.40744
1.33757
1.25666
1.1454
1.24424
1.15463
1.21363
1.12501
1.13814
1.18619
1.25194
1.28813
1.2673
1.23699
1.22029
1.25146
1.28559
1.27072
1.20153
1.36523
1.37481
1.24947
1.21977
1.21412
1.25216
1.61866
2.07582
2.44038
2.44073
2.29228
2.05494
2.3275
2.82796
3.80276
4.84591
5.36781
5.62623
5.76013
5.43075
5.36162
5.35437
5.4526
4.92642
4.49393
3.85387
3.49266
3.24156
3.60885
3.83288
3.86769
2.7561
3.40328
3.93034
4.45059
4.84166
5.39397
5.46462
5.23973
4.2051
3.72379
3.63366
3.33139
3.11806
3.10897
2.86676
2.87927
2.84739
2.80452
3.29074
3.719
4.29415
4.41608
4.46477
4.90798
4.57163
4.84175
4.66146
4.272
3.72743
3.58343
3.33053
2.50263
2.48895
2.90118
3.5424
3.76673
3.82169
3.79234
3.76198
3.07315
1.94536
1.58193
1.77693
2.53956
2.84346
2.56153
1.94811
1.7563
1.61224
1.8899
1.9841
2.25827
2.39711
2.3463
2.39721
2.29358
1.89763
1.27649
1.07531
1.14778
1.46945
1.83779
2.70582
3.88565
4.49174
4.9961
4.71084
4.24622
3.79859
3.40195
3.12925
3.29358
3.01472
2.81097
2.49471
2.48433
2.26815
2.3094
2.29896
2.4589
2.51974
2.58759
2.4924
2.57963
2.51472
2.70332
2.51188
2.7211
2.76576
3.11318
3.24657
3.34866
3.28164
3.14725
2.58375
2.23402
2.93809
3.71496
3.57937
3.06029
2.51869
2.12708
1.94734
1.92726
2.03343
2.17111
2.21286
2.2407
2.16024
1.95942
1.81739
1.74142
1.75524
1.8647
2.20288
2.52707
3.06758
3.48441
3.56285
3.37271
3.05804
2.65992
2.41789
2.38872
2.51752
2.53001
2.61228
2.63525
3.30211
3.93403
3.22151
2.3699
1.76616
1.4412
1.31541
1.2784
1.20081
1.15729
1.18993
1.19082
1.20064
1.1795
1.1612
1.14142
1.14756
1.18361
1.20503
1.4506
1.51612
1.60409
1.54069
1.55395
1.53114
1.70051
1.98363
2.09945
2.2064
2.80147
2.70929
2.68126
3.23672
3.78321
3.50073
3.08323
2.68158
2.34547
2.0136
1.61053
1.38451
1.11647
1.04123
1.00069
0.977498
0.960877
0.930998
0.905407
0.879187
0.863347
0.886587
0.941354
1.05208
1.13647
1.18784
1.19055
1.20469
1.2564
1.60141
2.14089
2.51572
2.63324
2.42127
1.95264
1.58443
1.21629
1.30174
2.48377
3.34655
3.76871
3.65842
3.79294
3.80838
3.71901
3.62868
3.70336
3.39105
3.36662
3.03926
2.52424
2.55512
2.79361
2.59995
1.81602
1.57396
1.56984
1.57763
1.65886
1.99704
2.35907
2.60217
2.55038
2.14284
1.27565
0.900034
0.827702
0.976538
2.88408
4.24777
4.47857
4.48649
4.51558
4.52047
4.55046
4.71086
4.54499
4.69698
4.34922
4.47383
4.35153
4.64706
4.5675
4.73884
4.65015
4.4774
4.34815
4.20796
4.26213
4.34425
4.32346
3.43456
1.39524
1.24168
1.181
1.49373
2.8548
4.46999
4.49578
4.91797
5.67686
10.0782
11.3031
9.97579
9.36409
9.05571
8.38651
7.5097
7.24203
7.22354
7.6158
10.1883
11.8851
12.1984
11.3689
9.55308
10.6318
9.25411
5.57269
3.23759
3.30584
4.72281
4.37952
3.50059
2.94861
2.85167
3.63911
4.43944
4.84357
5.29688
5.94326
6.50176
7.06125
6.80086
6.58063
5.74232
4.89618
3.85237
2.9707
2.54385
2.45042
2.70679
2.9458
2.75961
2.52258
1.97282
1.8402
1.63129
1.55529
1.61529
1.82174
1.90584
1.86875
1.71082
1.4779
1.42647
1.46804
1.51148
1.52296
1.68636
1.70361
1.86237
2.21864
2.22184
2.00906
1.91891
2.02414
2.10701
2.22698
2.02474
2.13207
2.05256
2.33384
2.58479
3.35507
4.40193
4.76682
3.52928
2.68518
2.42294
2.77217
2.6816
2.75203
2.73824
2.75265
2.66854
2.77455
2.94151
3.20559
3.19868
2.81341
2.16523
1.60344
1.41747
1.35589
1.29002
1.1567
1.27301
1.18683
1.19922
1.17085
1.18507
1.22366
1.27678
1.28928
1.2653
1.23623
1.21871
1.28442
1.30909
1.29557
1.27145
1.36094
1.25948
1.21825
1.20886
1.20908
1.23669
1.49854
2.08959
2.33567
2.39457
2.05021
1.96342
2.02727
2.55517
3.3819
4.45547
5.0784
5.41954
5.45131
5.53826
5.2543
5.37169
4.94982
4.55067
4.10078
3.70496
3.41983
3.48187
3.78425
3.92908
3.8891
3.01272
3.50467
3.9455
4.49335
4.97357
5.55756
5.62336
5.46503
4.48172
3.64165
3.57634
3.62095
3.10659
3.03876
2.9392
2.6546
2.61023
2.48228
2.64889
3.24856
3.6879
4.17742
4.45765
4.79254
4.56523
4.78921
4.51134
4.0812
3.75161
3.78868
3.2022
2.60841
2.74436
3.1819
3.70154
3.77584
3.72601
3.79564
3.7435
3.40484
2.42163
1.76325
1.93146
2.74078
2.88233
2.54201
2.15649
2.00823
1.87086
2.0307
2.1875
2.74736
2.74066
2.84866
2.91726
2.85753
2.45686
1.50007
1.24986
1.47489
1.76952
2.12252
3.74007
4.52239
4.87348
5.09437
4.80892
4.43102
3.8181
3.27105
3.21179
2.95381
3.10666
2.63248
2.60456
2.3449
2.3847
2.38504
2.47026
2.39236
2.41775
2.37192
2.57588
2.49119
2.6359
2.53005
2.75759
2.77761
3.06516
3.21559
3.3407
3.33275
3.22
2.79892
2.54099
2.72451
3.41385
3.62403
3.3991
3.05089
2.58227
2.18081
1.96083
1.87663
1.87204
2.03966
2.2025
2.32119
2.33649
2.30824
2.24896
2.31822
2.40375
2.61659
2.87267
3.35512
3.47731
3.53195
3.35101
2.89786
2.48822
2.24482
2.26834
2.48913
2.68332
2.85778
3.1048
3.25855
4.03167
4.00648
3.30372
2.52649
1.82538
1.43022
1.27354
1.18783
1.12952
1.15741
1.17522
1.1944
1.19463
1.19474
1.17177
1.14345
1.12947
1.12411
1.13029
1.15827
1.25457
1.38946
1.32196
1.36575
1.46307
1.77423
1.96121
1.94813
2.28283
2.7781
2.77277
3.05005
3.72495
3.90767
3.58093
3.14905
2.73276
2.36486
2.06945
1.67251
1.41238
1.11971
1.08944
1.02662
0.994366
0.98238
0.947036
0.92089
0.892615
0.8898
0.917885
0.977796
1.07172
1.12989
1.17777
1.1815
1.21166
1.27807
1.73356
2.29132
2.66353
2.49065
2.13746
1.78116
1.37514
1.22481
1.59711
2.74052
3.56496
3.75676
3.76913
3.58066
3.61443
3.60528
3.73056
3.81378
3.49621
3.40466
3.34944
2.65639
2.62272
2.84888
2.75703
2.17872
1.72579
1.62928
1.68395
1.89733
2.2137
2.4124
2.46203
2.14806
1.39638
1.08582
0.963876
0.89523
1.0849
3.01716
4.22312
4.50509
4.53148
4.53676
4.54802
4.51358
4.73587
4.49129
4.65511
4.35261
4.47155
4.4478
4.51363
4.54648
4.70532
4.53287
4.45591
4.28368
4.16621
4.20671
4.31402
4.33338
3.99915
2.21045
1.77112
2.80012
3.80841
4.34366
4.49185
4.58847
4.94474
5.00536
8.89427
10.9553
9.81856
9.07811
8.01148
6.26449
4.80843
4.55019
5.00717
6.27748
8.08399
10.5031
11.7555
12.2286
12.2827
11.6205
9.14411
5.00625
3.25676
4.51213
5.52185
4.29315
3.36646
2.98792
2.79629
3.46594
4.24367
4.63773
5.01425
5.36981
5.75277
6.20928
6.02272
5.6661
4.7662
3.98846
3.26318
2.8707
2.72684
2.86599
2.97075
2.75882
2.33798
2.06197
1.79634
1.63112
1.5547
1.56384
1.66519
1.79874
1.79095
1.73363
1.55051
1.46278
1.47839
1.52882
1.57106
1.54317
1.68738
1.71693
1.90547
2.23668
2.27016
2.10449
1.99046
1.99101
2.19971
2.20169
2.30735
2.16009
2.41473
2.44558
2.92838
3.69783
4.75671
4.66566
3.40035
2.76763
2.48016
2.86975
2.86132
2.84475
2.83647
2.81716
2.80709
2.87113
3.04228
3.20842
3.23957
2.76019
2.01315
1.55802
1.48846
1.32345
1.33903
1.16743
1.21993
1.21538
1.21862
1.22853
1.24071
1.26739
1.28721
1.28341
1.25664
1.23176
1.21589
1.26312
1.32146
1.32062
1.30234
1.28577
1.22541
1.22596
1.333
1.21489
1.22202
1.45144
2.06252
2.36155
2.34741
2.03673
1.84122
1.87672
2.21707
2.99084
3.89442
4.73553
5.20536
5.00785
5.21308
4.73863
4.63441
4.32934
3.74532
3.72395
3.46954
3.5067
3.61401
3.8865
3.66972
3.59143
3.15609
3.67763
3.96395
4.41698
4.77025
5.24999
5.32392
5.17187
4.39225
3.70286
3.45849
3.73746
3.30054
2.97799
2.93104
2.5619
2.42251
2.14084
2.19622
2.39939
3.08194
3.6604
4.22324
4.40586
4.57335
4.57829
4.28582
3.91053
3.79611
3.83661
3.32532
2.74051
2.88981
3.45537
3.73296
3.80904
3.64168
3.65379
3.69545
3.6799
3.02772
2.04072
2.01995
2.77243
3.11986
2.99132
2.82941
2.76854
2.59633
2.28642
2.07204
2.4309
2.86257
3.1428
3.28213
3.31234
2.7293
1.60502
1.45307
1.69834
1.94938
2.41473
4.31063
4.85042
5.11351
5.30569
5.1745
4.76541
4.02529
3.46514
2.98896
3.01889
2.96236
2.74978
2.51721
2.45252
2.31842
2.28225
2.25328
2.44072
2.45041
2.59774
2.55074
2.69678
2.69165
2.85907
2.8575
3.09539
3.23508
3.40075
3.31961
3.21459
2.81233
2.5148
2.60104
2.96948
3.35982
3.39415
3.42164
3.1884
2.81386
2.38675
2.09883
1.99331
1.94145
1.93765
2.06456
2.25802
2.38699
2.57843
2.69177
2.73969
2.95089
3.07009
3.31587
3.3624
3.33123
2.97527
2.56498
2.21337
2.04797
2.26635
2.52228
2.66244
2.79643
3.08147
3.66157
4.21367
4.62596
4.48722
4.11282
3.15621
2.13786
1.56828
1.33277
1.16969
1.17159
1.17461
1.18574
1.19813
1.20058
1.20633
1.19902
1.18955
1.16268
1.1423
1.12099
1.10422
1.10276
1.11371
1.17527
1.34989
1.60715
1.80973
1.87779
1.93551
2.41851
2.83506
2.9386
3.48461
4.11534
4.12409
3.8
3.34496
2.85742
2.50715
2.21715
1.85953
1.5155
1.18687
1.11743
1.06195
1.03175
1.02594
0.997682
0.993042
0.97707
0.982469
1.02002
1.05982
1.11591
1.1479
1.16599
1.1978
1.24158
1.395
1.91392
2.48202
2.5503
2.26527
1.89052
1.48506
1.32761
1.24264
1.83328
2.94264
3.59725
3.74746
3.8388
3.56537
3.69451
3.58135
3.88823
3.86332
3.60559
3.46888
3.5372
2.90709
2.7529
2.89849
3.08203
2.63695
2.13324
2.00298
2.05476
2.16644
2.2997
2.25186
1.94764
1.43069
1.28153
1.21993
1.10898
1.05998
1.37396
3.19831
4.23197
4.50112
4.56374
4.55645
4.56428
4.50589
4.66231
4.44033
4.55447
4.37868
4.41657
4.2897
4.54217
4.44132
4.58673
4.42555
4.40075
4.16487
4.13857
4.23851
4.35801
4.3845
4.18532
3.06339
2.5838
3.77483
4.406
4.40397
4.27861
4.44008
5.08662
4.3818
6.95938
9.71761
9.26628
8.35916
7.42345
5.9379
4.06679
2.90891
2.73746
3.14128
4.272
6.86754
8.9051
10.0352
10.7809
10.1438
6.60876
3.72417
4.16931
6.09395
5.71861
3.92592
3.23409
3.00845
2.7814
3.21176
3.9334
4.38436
4.67968
4.80267
4.83441
5.01287
4.71018
4.4778
3.86747
3.43415
3.09492
3.00896
2.99481
3.06225
2.85978
2.49687
2.16683
2.01321
1.63888
1.60493
1.4806
1.57755
1.60801
1.70324
1.6314
1.59707
1.3847
1.53493
1.56399
1.59188
1.59476
1.50451
1.70066
1.70586
1.86316
2.21718
2.33294
2.21648
2.02981
2.08048
2.10217
2.27692
2.23448
2.39781
2.48062
2.74312
3.26681
4.29776
4.95925
4.41162
3.37534
2.9117
2.62881
2.91172
2.94399
2.92798
2.91161
2.9084
2.90411
2.92256
3.01777
3.21412
3.19482
2.6696
1.91044
1.54245
1.5254
1.36627
1.30963
1.17209
1.208
1.23302
1.24034
1.26162
1.27452
1.28312
1.28045
1.26655
1.24219
1.22287
1.21651
1.23766
1.29643
1.30876
1.29291
1.23993
1.35826
1.23633
1.39729
1.22124
1.21873
1.38434
2.05842
2.39345
2.39248
2.10594
1.84588
1.74651
1.95066
2.53072
3.3975
4.09166
4.32277
4.43618
4.32309
4.04863
3.70359
3.65582
3.38767
3.66478
3.51926
3.5814
3.56111
3.64101
3.48373
3.40325
3.37704
3.72779
3.82756
4.08999
4.26049
4.47798
4.5449
4.45263
4.0473
3.59059
3.45718
3.73968
3.44866
3.02977
2.89391
2.55647
2.28414
1.97491
1.84264
1.92633
2.1754
2.7481
3.59801
3.81125
4.35786
4.25602
4.10023
3.93377
3.86165
3.89087
3.54612
2.94441
2.92176
3.42035
3.77028
3.79353
3.63882
3.66172
3.71018
3.7585
3.53755
2.60587
2.15335
2.6502
3.36177
3.56406
3.59512
3.54931
3.44292
3.16488
2.52469
2.19611
2.45047
2.88938
3.14338
3.08651
2.29166
1.58918
1.55681
1.83612
2.03657
2.70789
4.67383
5.16186
5.37166
5.51255
5.4641
5.13433
4.67384
3.61543
3.06454
2.83849
3.10448
2.80269
2.70363
2.61803
2.63564
2.59305
2.67547
2.53911
2.64161
2.62667
2.8541
2.92627
3.11472
3.11584
3.31969
3.39877
3.49815
3.36768
3.21118
2.81579
2.58833
2.42773
2.66031
2.85314
2.98845
3.1288
3.38732
3.40364
3.14214
2.75915
2.403
2.18177
2.06279
1.98776
1.92194
1.92906
2.03021
2.09089
2.25281
2.49576
2.58869
2.77754
2.77353
2.67099
2.44007
2.16826
1.95653
2.08909
2.34381
2.57077
2.74782
2.88368
3.07349
3.66606
4.38571
5.19798
5.70119
5.68368
5.02714
3.84577
2.68649
1.90988
1.54547
1.33135
1.2683
1.24369
1.223
1.2286
1.21904
1.22053
1.23234
1.22855
1.2324
1.22246
1.21005
1.20877
1.2137
1.23056
1.32599
1.48673
1.7001
1.80824
1.89137
2.1169
2.61524
2.9015
3.2038
3.9669
4.52454
4.46398
4.12414
3.64184
3.13793
2.72876
2.43622
2.13296
1.76836
1.37737
1.20032
1.10562
1.08271
1.08663
1.08029
1.08714
1.08241
1.08955
1.12154
1.12107
1.15708
1.16996
1.19372
1.23911
1.30551
1.67667
2.19199
2.45137
2.52018
2.37788
1.88379
1.44501
1.30529
1.34286
2.01005
2.96279
3.60029
3.74723
3.90559
3.66901
3.68105
3.72878
4.0006
3.83435
3.66545
3.50644
3.62101
3.08775
2.89816
2.96393
3.19129
2.95309
2.4862
2.2974
2.21919
2.14722
2.02052
1.6872
1.37675
1.35419
1.45785
1.66177
1.32881
1.14234
1.47525
3.20219
4.06932
4.51276
4.58629
4.5532
4.57187
4.44894
4.54147
4.3474
4.38354
4.20598
4.33604
4.25038
4.39038
4.28061
4.46482
4.31513
4.19844
4.05402
4.13304
4.2927
4.39741
4.36048
4.1846
3.48374
3.02603
3.93853
4.35587
4.34974
4.19651
4.45438
5.44592
3.96204
4.98459
7.27006
7.864
7.40764
6.87794
6.43163
5.08917
3.90727
2.9697
2.48832
2.66577
3.73918
5.48132
6.91464
7.71948
6.25338
4.10885
4.31941
6.41227
6.95008
5.29604
3.55076
3.12331
3.06403
2.79865
2.96991
3.53095
4.079
4.36754
4.39539
4.38734
4.17127
4.00127
3.83181
3.51685
3.37092
3.1994
3.19725
3.11092
2.921
2.51724
2.31447
2.09914
1.98382
1.63273
1.55346
1.49162
1.57228
1.55843
1.53757
1.48947
1.46418
1.5605
1.69066
1.6944
1.67459
1.64609
1.46187
1.64844
1.71498
1.78717
2.11353
2.3395
2.31594
2.23391
2.21817
2.17633
2.20965
2.40592
2.54865
2.77794
3.17478
3.95079
4.68399
4.97785
4.21282
3.45652
3.05825
2.86675
2.99523
3.08412
3.07293
3.05022
2.95216
2.88071
2.85003
2.99478
3.17689
3.06762
2.51886
1.90597
1.53551
1.50327
1.40956
1.37042
1.16626
1.18049
1.21829
1.23897
1.25261
1.26499
1.26449
1.25613
1.24156
1.22516
1.21543
1.21839
1.26265
1.25463
1.25654
1.24915
1.23088
1.44879
1.23968
1.32535
1.2348
1.22488
1.40659
2.06862
2.42148
2.49262
2.25414
1.98164
1.83233
1.79047
2.07893
2.57766
3.15332
3.64846
3.67628
3.51554
3.48083
3.19484
3.47578
3.53224
3.88033
4.00228
3.9728
3.95813
3.88223
3.74255
3.67118
3.76213
3.87343
3.79058
3.85284
3.85361
3.93112
3.97897
4.0256
3.7893
3.5293
3.38957
3.83872
3.43969
3.15689
2.93839
2.57194
2.33746
1.91643
1.77465
1.67158
1.74999
2.05131
2.62108
3.00775
3.50845
3.87392
3.90139
3.91093
3.90715
3.80234
3.43453
2.99129
2.8283
3.21321
3.73706
3.80241
3.74079
3.64343
3.54177
3.5958
3.84584
3.33022
2.27852
2.41651
3.40272
3.96331
4.12235
4.24803
4.13185
3.88212
3.52214
2.8045
2.38345
2.42553
2.49773
2.22647
1.7298
1.49867
1.58403
1.79698
2.04783
2.97215
4.83762
5.27089
5.53251
5.65617
5.61528
5.55982
4.98205
4.24732
3.11221
2.81603
2.99538
3.11248
2.85287
2.74411
2.75656
2.8419
2.80185
2.98974
2.99543
3.18151
3.25856
3.49087
3.57412
3.6672
3.60291
3.60172
3.32295
3.16229
2.78793
2.61318
2.41078
2.51531
2.59252
2.61935
2.64663
2.77244
3.09141
3.51531
3.53114
3.23644
2.87236
2.6116
2.43263
2.28688
2.17058
2.0374
1.91008
1.91648
1.93661
1.90084
2.04297
2.05426
2.09604
2.09373
2.02312
2.04909
2.20576
2.40888
2.71857
2.92164
2.97603
3.25724
3.76239
4.39504
5.28078
6.24452
6.72699
6.78195
6.32355
5.27255
3.70764
2.42308
1.86659
1.6851
1.46256
1.33627
1.32299
1.31074
1.28799
1.27228
1.25877
1.25803
1.26198
1.26161
1.26824
1.27147
1.2808
1.36719
1.48776
1.68046
1.83991
1.97339
2.21248
2.53267
2.8415
3.10777
3.62751
4.44791
4.89399
4.76213
4.3634
3.981
3.56565
3.07493
2.73375
2.42206
2.11819
1.72823
1.48369
1.18915
1.13828
1.1395
1.12356
1.15399
1.15803
1.16109
1.17013
1.17255
1.19955
1.21386
1.26237
1.31371
1.40936
1.9257
2.24174
2.43243
2.38901
2.46224
2.09878
1.54479
1.35471
1.48504
2.05051
2.83681
3.45936
3.68234
3.84425
3.78226
3.9162
3.91751
3.83696
3.76058
3.56284
3.50513
3.66303
3.14024
3.10738
2.96107
3.19067
3.28502
2.92135
2.45949
2.15762
1.87741
1.49313
1.30301
1.28992
1.3196
1.4864
2.05196
1.96361
1.26315
1.26265
2.25647
3.5914
4.28845
4.50511
4.5761
4.49446
4.44063
4.38526
4.26508
4.22648
4.01191
4.1032
4.01962
4.21183
4.07281
4.20093
4.02168
3.98102
4.00658
4.19356
4.38627
4.40246
4.34139
4.20385
3.75472
3.3551
3.82679
4.15608
4.04692
4.12346
4.38613
6.15552
4.06144
3.70778
4.5073
5.37379
5.55324
5.38185
5.46039
5.79355
5.2853
4.57081
3.85167
3.28554
3.15769
3.96222
4.65819
4.71881
4.19592
4.58287
6.31636
7.52241
6.7253
4.73269
3.30179
2.94841
3.02053
2.89713
2.80375
3.13034
3.61216
4.02177
4.1039
4.17045
3.93699
3.83828
3.65582
3.52939
3.36877
3.31022
3.12988
2.98857
2.77355
2.58002
2.48781
2.3294
2.07317
1.66334
1.59995
1.47367
1.51576
1.45271
1.50779
1.45475
1.65617
1.72709
1.84493
1.75414
1.74677
1.67088
1.46286
1.65315
1.65934
1.70446
1.90777
2.22452
2.41116
2.41749
2.48754
2.37941
2.67355
2.6487
3.06053
3.25304
3.94033
4.35444
4.75668
4.68292
4.09783
3.50998
3.14205
3.06271
3.01794
2.97214
2.91595
2.8043
2.70317
2.64501
2.81335
2.93037
3.10568
2.81494
2.44059
1.8872
1.57109
1.42137
1.52393
1.3305
1.17144
1.16597
1.19757
1.20356
1.22399
1.23138
1.23126
1.22537
1.21713
1.21036
1.20875
1.2567
1.30725
1.30128
1.29083
1.39453
1.21903
1.44697
1.25732
1.33491
1.23095
1.2626
1.47457
2.0727
2.41645
2.59718
2.46968
2.23707
2.03886
1.91021
1.87368
2.07448
2.4723
2.72414
2.98492
2.87856
3.13758
3.03815
3.39932
3.57386
3.76422
3.98543
4.15209
4.36419
4.59084
4.6304
4.64579
4.64274
4.59156
4.40676
4.23134
4.09811
4.06043
4.01103
3.99121
3.75075
3.57275
3.41282
3.82863
3.56982
3.17011
3.13268
2.66586
2.49481
2.1074
1.86068
1.68055
1.75187
1.73894
2.07736
2.47095
2.74005
3.26003
3.45791
3.62096
3.57386
3.35671
3.09598
2.96682
2.88076
3.21901
3.67176
3.72899
3.70189
3.54257
3.45484
3.60067
3.84809
3.81742
2.89801
2.31579
3.00982
4.04043
4.37038
4.45663
4.51986
4.26796
3.86234
3.33652
2.56533
2.14434
1.88645
1.67998
1.51925
1.50041
1.65152
1.85093
2.22065
3.4339
4.93409
5.35788
5.59668
5.71072
5.75312
5.55091
5.3126
4.63403
3.52968
2.66429
2.93892
3.20249
3.20008
3.1196
3.09304
3.07195
3.10472
3.04714
3.15933
3.264
3.53882
3.63808
3.75958
3.67158
3.56367
3.23783
3.11113
2.67289
2.65307
2.43935
2.54709
2.53493
2.67095
2.61617
2.65655
2.70638
2.80235
3.24646
3.84009
3.75222
3.46942
3.16032
2.95655
2.78493
2.62736
2.49151
2.33994
2.12644
2.02112
2.03584
2.01896
2.10053
2.17946
2.24921
2.36112
2.48167
2.68403
2.87729
2.94049
3.2046
3.44809
3.92735
4.45275
5.36622
6.03638
7.01726
7.26486
7.48705
6.94904
5.95199
4.76287
3.25987
2.28917
1.91068
1.73229
1.40273
1.40459
1.41285
1.39838
1.38224
1.36831
1.35201
1.33608
1.33055
1.32349
1.43793
1.56103
1.75834
1.86872
2.08499
2.23762
2.46489
2.66663
2.8866
3.11238
3.45002
4.08606
4.86376
5.26896
5.20493
4.4687
4.17066
4.01175
3.49849
3.09581
2.78309
2.48734
2.17996
1.89663
1.50293
1.2909
1.23269
1.22158
1.22345
1.23378
1.2325
1.25291
1.25607
1.28743
1.30564
1.36021
1.47272
1.68979
2.09105
2.18055
2.31842
2.34465
2.47629
2.34704
1.86967
1.54589
1.61338
1.9707
2.50601
3.00815
3.32407
3.51758
3.55183
3.55609
3.54049
3.63518
3.47336
3.3772
3.50468
3.61279
3.06911
3.29407
3.0651
3.09439
3.31866
3.3111
2.99606
2.58354
2.1238
1.66542
1.38474
1.35758
1.41389
1.94168
2.12376
1.6992
1.29511
1.19763
1.21837
1.85072
3.08167
3.88058
4.22728
4.3639
4.23045
4.23995
4.02038
4.07825
3.79918
3.87507
3.72193
3.79447
3.8752
3.78588
3.71667
3.82163
4.06443
4.34474
4.42934
4.33489
4.2719
4.20978
3.96154
3.6183
3.72252
3.80185
3.85478
4.07756
4.40819
7.30256
4.87894
3.53833
3.24469
3.33938
3.51908
3.60359
3.57469
3.89443
4.42495
5.22118
5.39068
5.42727
4.57344
4.4893
4.59565
4.8463
5.49355
6.77978
7.79511
7.43139
5.8785
4.12538
3.10045
2.82128
2.92577
3.01829
2.75566
2.8671
3.12568
3.51284
3.62213
3.87112
3.79628
3.80547
3.67171
3.58203
3.43568
3.33078
3.16079
3.02289
2.84407
2.81411
2.56218
2.44714
2.23465
1.9489
1.77244
1.54989
1.56338
1.53714
1.59709
1.69004
1.82074
1.84676
1.86844
1.80681
1.76214
1.65446
1.42416
1.60824
1.69305
1.64818
1.65643
1.95886
2.21887
2.41962
2.49224
2.67746
2.94047
2.94622
3.41293
3.59702
4.03633
4.11883
4.22104
3.90792
3.59015
3.20845
2.93881
2.82964
2.76568
2.68544
2.60681
2.51952
2.58263
2.57171
2.77045
2.86591
2.87753
2.53857
2.38182
2.0172
1.60561
1.39206
1.53192
1.313
1.30003
1.18416
1.18922
1.1874
1.19583
1.19731
1.19959
1.19789
1.1962
1.21939
1.29016
1.32696
1.33282
1.286
1.30586
1.30209
1.23485
1.34718
1.24121
1.28517
1.22956
1.31846
1.61801
2.09106
2.36733
2.63732
2.70001
2.55109
2.38316
2.21971
2.07387
2.02498
1.97229
2.16251
2.20739
2.42154
2.61969
2.71109
2.9813
3.05394
3.2125
3.49381
3.79056
4.18861
4.45776
4.62271
4.71851
4.63429
4.49995
4.39515
4.31244
4.22904
4.15511
4.03679
3.88004
3.74519
3.4047
3.63934
3.82207
3.69349
3.16528
3.22803
2.85611
2.74652
2.3962
2.22544
2.03968
2.00387
2.03209
1.96845
2.27713
2.47013
2.68054
2.91414
3.0642
3.07718
3.02287
3.00035
3.05839
3.12879
3.29599
3.48253
3.47051
3.38695
3.32266
3.42417
3.59133
3.75752
3.91873
3.77144
2.65421
2.50945
3.59837
4.55936
4.65122
4.73142
4.68562
4.25327
3.69015
3.11472
2.49225
2.1276
1.97694
1.88656
1.96471
2.14621
2.57416
3.40677
4.43139
5.16705
5.42265
5.5789
5.65544
5.7294
5.67031
5.3665
4.91536
3.86335
2.71718
2.64599
3.05752
3.44148
3.39476
3.2527
3.11178
2.92632
2.913
2.88332
3.07871
3.19541
3.38929
3.44646
3.40718
3.20329
2.96698
2.83362
2.59015
2.58042
2.58114
2.60799
2.67687
2.66578
2.63364
2.64163
2.74534
2.78697
2.98925
3.56241
4.2243
4.08373
3.8137
3.52129
3.33502
3.17549
3.04525
2.90723
2.75195
2.61708
2.56735
2.57784
2.68181
2.80269
2.95804
3.0951
3.18954
3.20409
3.31588
3.45224
3.6645
4.03016
4.61307
5.06396
5.81729
6.33107
6.97967
7.1737
7.19719
6.82815
6.21523
5.58559
4.36819
2.8999
2.21447
2.03787
1.62085
1.52428
1.46943
1.47641
1.47928
1.4826
1.46785
1.47021
1.58959
1.64754
1.87669
2.04914
2.20762
2.36304
2.53166
2.68713
2.88193
3.0607
3.26559
3.54287
3.934
4.4558
4.9362
5.15248
4.85781
4.42602
4.00347
4.19905
3.97535
3.49844
3.2054
2.93309
2.63978
2.36764
2.08268
1.72011
1.41014
1.38981
1.39245
1.37919
1.37933
1.38983
1.38987
1.4139
1.42728
1.45973
1.76097
1.89542
2.1513
2.17426
2.26191
2.24999
2.3008
2.27102
2.12635
1.8848
1.84475
1.95929
2.1558
2.40963
2.59565
2.75038
2.83323
2.85446
3.04979
3.04251
3.05615
3.18212
3.54456
3.46839
2.79231
3.44001
3.32923
3.07819
3.08067
3.15576
3.15278
2.98194
2.77422
2.53679
2.33929
2.28789
2.39222
2.55649
2.42075
1.87661
1.31101
1.14826
1.0782
1.11554
1.14433
1.65844
2.38674
2.93564
3.18699
3.38753
3.24025
3.3859
3.19858
3.19525
3.16206
3.15911
3.28898
3.33807
3.51351
3.82958
4.25477
4.44245
4.33379
4.25235
4.24099
4.23493
4.15719
3.99396
3.91769
3.94054
3.99107
4.08979
4.37263
8.40906
6.71546
4.67855
3.47194
2.98023
2.75046
2.73039
2.72299
2.73044
2.86798
3.31847
3.61679
4.36406
4.70649
5.12332
5.28906
5.69928
6.0328
6.26046
5.99958
5.37495
4.33845
3.38367
2.86203
2.79152
2.87114
3.02632
2.78974
2.73458
2.85037
3.0123
3.05335
3.25798
3.13898
3.29814
3.16214
3.22675
3.07108
3.04578
2.86212
2.80357
2.57
2.54399
2.27382
2.31373
2.10466
2.08378
2.00265
1.89553
1.88095
1.82363
1.87289
1.88059
1.92841
1.87444
1.91514
1.79024
1.76598
1.62067
1.41491
1.51069
1.68153
1.67374
1.53607
1.67472
1.87351
1.8608
2.20035
2.14905
2.54488
2.44398
2.92091
2.83392
3.16039
3.12181
3.06582
2.96767
2.88378
2.79101
2.73082
2.72718
2.69699
2.63535
2.62465
2.57234
2.65944
2.63149
2.70283
2.57516
2.55207
2.33195
2.31267
2.23794
1.76455
1.31387
1.46983
1.43365
1.3788
1.22833
1.21534
1.2247
1.21825
1.21558
1.21223
1.20854
1.22287
1.30972
1.34513
1.33599
1.2865
1.21946
1.22733
1.22771
1.23636
1.23943
1.24414
1.23874
1.23011
1.37921
1.76643
2.08328
2.2622
2.54152
2.85122
2.83687
2.75552
2.67281
2.59005
2.45635
2.51609
2.41916
2.6771
2.63898
2.96045
2.9627
3.15089
3.34631
3.38324
3.71225
3.86095
3.9919
4.12834
4.13317
4.15075
4.07953
4.02684
3.96153
4.0087
3.97731
3.98599
3.89984
3.83506
3.76606
3.68058
3.87289
3.87571
3.84112
3.12887
3.24783
2.93872
3.02969
2.70564
2.74989
2.71627
2.61042
2.69056
2.87805
2.71391
2.97273
3.03669
3.09538
3.20579
3.26201
3.25532
3.30673
3.32459
3.35616
3.37418
3.35401
3.36175
3.39948
3.44921
3.57033
3.67685
3.82765
3.92197
3.91663
3.75861
2.49625
2.5577
4.42915
4.70304
4.78951
4.91152
4.95492
4.54972
4.16795
4.15443
4.04697
4.20347
4.31572
4.54775
4.81113
5.14905
5.44446
5.64112
5.74222
5.80297
5.74817
5.62862
5.75015
5.5622
5.49048
4.88454
4.03973
2.84691
2.42715
2.61466
3.53305
3.54027
3.24242
3.10821
3.04829
2.95905
3.04794
3.0676
3.30915
3.40018
3.39365
3.24826
3.27815
2.84241
3.04575
2.63638
2.79376
2.62703
2.69463
2.54696
2.60183
2.553
2.49455
2.64147
2.7853
2.93249
3.13702
3.67197
4.50257
4.48037
4.16402
4.00456
3.85374
3.7291
3.64345
3.57445
3.55526
3.61135
3.64982
3.83834
4.03396
4.2479
4.37436
4.4312
4.46459
4.47453
4.46444
4.72893
4.79635
5.12391
5.29447
5.61312
5.67961
6.02718
5.82783
6.07506
6.06168
5.9362
5.61027
5.29355
3.82768
2.63326
2.24176
1.91645
1.84497
1.47767
1.49194
1.5034
1.51561
1.52566
1.68109
1.80079
1.84767
2.31264
2.2774
2.49344
2.65517
2.80393
2.94505
3.14649
3.34441
3.56476
3.77795
3.99564
4.17713
4.31128
4.21741
4.10191
3.96618
3.88828
3.93162
4.14762
3.74166
3.49008
3.3422
3.23186
2.92587
2.746
2.04681
2.09159
1.54061
1.53558
1.55448
1.54145
1.55825
1.52595
1.54997
1.77726
1.7026
2.04544
2.00808
2.1291
2.05401
2.11993
2.03809
2.17634
2.18272
2.25472
2.24345
2.20878
2.21534
2.22753
2.23508
2.24026
2.24591
2.25441
2.41292
2.38276
2.68553
2.85639
3.11532
3.66559
2.94344
2.47769
3.43637
3.65883
3.38577
3.25741
3.25771
3.24433
3.26712
3.26568
3.30771
3.35355
3.45693
3.59266
3.73261
3.69151
3.32915
2.63089
2.01207
1.63502
1.49643
1.46583
1.54105
1.60579
1.775
1.86832
2.08669
1.95956
2.19645
2.04425
2.23525
2.4126
2.43356
2.82178
3.17755
3.49975
3.95568
4.41886
4.32309
4.25978
4.27495
4.24813
4.24409
4.22383
4.19148
4.14355
4.12967
4.14495
4.11262
4.3698
)
;

boundaryField
{
    wand
    {
        type            zeroGradient;
    }
    frontAndBack
    {
        type            empty;
    }
}


// ************************************************************************* //
