/*--------------------------------*- C++ -*----------------------------------*\
| =========                 |                                                 |
| \\      /  F ield         | OpenFOAM: The Open Source CFD Toolbox           |
|  \\    /   O peration     | Version:  2.1.1                                 |
|   \\  /    A nd           | Web:      www.OpenFOAM.org                      |
|    \\/     M anipulation  |                                                 |
\*---------------------------------------------------------------------------*/
FoamFile
{
    version     2.0;
    format      ascii;
    class       volScalarField;
    location    "0.007200000";
    object      sL;
}
// * * * * * * * * * * * * * * * * * * * * * * * * * * * * * * * * * * * * * //

dimensions      [0 1 -1 0 0 0 0];

internalField   nonuniform List<scalar> 
12384
(
7.93193
7.65347
7.42816
7.21606
7.06092
6.98195
7.02221
7.14679
7.35138
7.62218
7.96443
8.29211
8.53017
9.31845
3.18652
3.66247
3.75413
3.72332
3.61293
3.50799
3.46902
3.56449
3.73957
4.01176
4.15698
4.21141
4.19966
4.15688
4.08721
4.02661
3.95891
3.90705
3.84702
3.80841
3.76636
3.71535
3.67948
3.62257
3.56812
3.48011
3.4344
3.45084
3.36685
2.68192
3.14699
2.99132
2.98338
3.01142
2.99244
2.99648
2.95377
2.98047
2.94556
2.9721
2.96175
2.98602
2.99183
3.01523
3.03037
3.0495
3.04617
3.04569
3.02173
3.01969
3.03426
2.99872
3.07689
3.07099
3.11764
3.13669
3.11728
3.06129
3.07093
3.19871
2.93192
3.04775
3.1175
3.11197
3.06903
3.03708
2.97087
2.97702
2.95731
2.95021
2.95845
2.97845
2.99319
3.00453
3.00712
2.99888
2.9793
2.95615
2.9217
2.87731
2.79426
2.79568
2.69214
2.7055
2.69395
2.72235
2.74198
2.77259
2.74261
2.5589
3.42614
3.34863
3.26585
3.28447
3.28746
3.32346
3.37049
3.42407
3.47645
3.50768
3.52216
3.51115
3.50628
3.47111
3.47135
3.46993
3.46025
3.64211
3.62838
3.71324
3.76452
3.80409
3.74087
3.31795
3.27758
3.34106
3.36741
3.35977
3.33051
3.25111
3.38123
3.3535
3.37053
3.4038
3.34807
3.29461
3.30818
3.25673
3.31259
3.30473
3.32066
3.32625
3.32703
3.32567
3.32189
3.30463
3.27347
3.23323
3.22847
3.15721
3.18437
3.15466
3.23324
3.24561
3.30262
3.37228
3.4618
3.53951
3.5905
3.62045
1.90789
2.22981
2.26886
2.2045
2.17372
2.19739
2.25704
2.28943
2.3137
2.32563
2.31138
2.27911
2.22925
2.17705
2.1298
2.06759
2.02175
2.0332
2.0205
2.03484
2.05894
2.10934
2.14795
2.22146
2.24981
1.63169
1.51533
1.54359
1.57475
1.58874
2.64039
3.08238
3.2321
3.35111
3.45645
3.51637
3.53419
3.45954
3.46396
3.2938
3.31907
3.15788
3.19149
3.12231
3.13058
3.21834
3.22672
3.30827
3.33342
3.34852
3.25002
3.02228
3.02158
3.0519
3.07537
3.10163
3.12023
3.12797
3.12141
3.11376
3.01113
3.10429
3.17827
3.21244
3.19801
3.14157
3.06299
2.99454
2.94958
2.90626
2.84676
2.95387
2.95788
3.05729
3.10888
3.19891
3.29922
3.31435
3.2602
3.30019
3.3434
3.37641
3.40424
3.43937
3.45645
3.47854
3.48759
3.43231
3.29477
3.16751
2.29157
2.31954
2.32499
2.31355
2.30727
2.28551
2.24582
2.2022
2.15725
2.14084
2.09974
2.22008
2.18481
2.40527
2.46542
2.6853
2.91599
2.9805
2.83397
2.78584
2.84403
2.86063
2.91163
2.95114
3.01828
3.06685
3.10453
3.14626
3.17115
3.15989
2.52943
2.62367
2.75898
2.81921
2.84979
2.82252
2.75603
2.701
2.66897
2.68281
2.70885
2.73157
2.76587
2.76791
2.68655
2.66887
2.47088
2.23495
2.19988
2.00132
1.77787
1.80794
1.71623
1.58862
1.64355
1.61038
1.5724
1.66495
1.71427
1.74903
1.44584
1.43112
1.44985
1.73576
1.6795
1.62945
1.5862
1.5537
1.51311
1.49022
1.51934
1.47045
1.50526
1.52068
1.52002
1.5303
1.55032
1.5609
1.56841
1.57251
1.57009
1.56745
1.57922
1.57375
1.62735
1.65195
1.72546
1.77261
1.65307
1.44922
1.59738
1.59288
1.6182
1.64099
1.61972
1.53113
2.34705
2.98565
2.9905
2.96918
2.90851
2.90436
2.8367
2.82255
2.78546
2.75838
2.72047
2.68731
2.63449
2.59874
2.53618
2.53071
2.45869
2.45737
2.38823
2.34438
2.1924
1.95498
1.86287
2.15581
7.01255
6.69397
6.24458
5.83861
5.72896
5.74948
5.83848
5.93372
6.0714
6.36988
6.92155
7.70072
8.36963
9.25455
3.25024
3.72092
3.74599
3.64431
3.50565
3.466
3.64084
4.22512
4.88312
5.25377
5.20469
4.98861
4.71993
4.43216
4.19666
4.04226
3.96562
3.93753
3.94559
3.95088
3.96393
3.95976
3.93764
3.87061
3.77721
3.65045
3.51723
3.46375
3.47273
3.05374
3.13172
2.99175
2.99954
3.01898
3.00033
3.00148
2.9499
2.94481
2.91133
2.91577
2.92426
2.94068
2.97712
3.01672
3.05387
3.06865
3.06326
3.03735
3.03023
2.9981
3.00884
3.02202
3.04347
3.09517
3.13863
3.14492
3.16751
3.10996
3.07379
3.10242
2.98434
3.0827
3.0986
3.05526
2.97752
2.9177
2.8856
2.83695
2.84303
2.85094
2.86241
2.87691
2.89443
2.90826
2.91935
2.92313
2.92461
2.91483
2.85837
2.80123
2.76179
2.68935
2.61184
2.61816
2.61403
2.63187
2.67229
2.7229
2.75777
2.67653
3.43399
3.33007
3.23058
3.23584
3.24376
3.3063
3.37558
3.46049
3.53263
3.5792
3.59444
3.59052
3.56557
3.55382
3.55086
3.57432
3.63918
3.66605
3.74139
3.79686
3.79866
3.80426
3.83155
3.61555
3.37442
3.38426
3.4594
3.49773
3.50706
3.47984
3.40661
3.35963
3.38963
3.35677
3.35059
3.34058
3.44855
3.51265
3.5965
3.61582
3.58934
3.52986
3.46618
3.41011
3.34173
3.28976
3.26325
3.23969
3.22636
3.23736
3.24591
3.29131
3.27678
3.35293
3.40119
3.41028
3.43942
3.51839
3.59864
3.62173
1.95259
2.26109
2.27264
2.25532
2.34866
2.48028
2.59761
2.63413
2.58581
2.49301
2.39732
2.29481
2.21434
2.14599
2.06872
2.03093
2.0172
1.99765
1.98445
1.99418
2.01182
2.03162
2.07034
2.13111
2.21535
1.96144
1.58687
1.57223
1.66985
1.72529
2.68663
3.21368
3.37108
3.55387
3.65022
3.63397
3.56818
3.44637
3.36526
3.23981
3.16771
3.11119
3.06873
3.07881
3.08922
3.10029
3.15723
3.22349
3.26597
3.32322
3.32406
3.17882
3.01152
3.01639
3.04684
3.08402
3.12573
3.16116
3.19076
3.19024
3.00915
3.13721
3.19134
3.16187
3.08454
2.98306
2.88454
2.79045
2.73225
2.69949
2.7258
2.73488
2.79551
2.89261
2.97963
3.09605
3.20839
3.3217
3.31503
3.28722
3.30661
3.33548
3.3398
3.38667
3.41241
3.45829
3.52132
3.60418
3.47877
3.2321
2.26502
2.2715
2.27269
2.25789
2.22718
2.17486
2.10679
2.02228
1.94524
1.90487
1.90065
1.90167
1.98511
2.07033
2.23637
2.3993
2.68032
2.87216
2.94699
2.86323
2.81661
2.83452
2.87143
2.93503
3.00451
3.04353
3.08501
3.11468
3.19167
3.19342
2.45281
2.60474
2.78585
2.80892
2.74978
2.6487
2.54594
2.4678
2.44408
2.4587
2.51197
2.57831
2.65363
2.75339
2.74601
2.63471
2.45566
2.11734
1.95922
1.89715
1.66636
1.6043
1.61071
1.52286
1.4995
1.54185
1.50927
1.55195
1.69292
1.75701
1.44729
1.44686
1.63487
1.72671
1.66327
1.62797
1.60834
1.57913
1.57073
1.54307
1.5256
1.51455
1.48691
1.46658
1.4912
1.49177
1.50687
1.53685
1.55978
1.5659
1.55541
1.54303
1.52583
1.5124
1.53173
1.57005
1.64777
1.74155
1.68817
1.49194
1.57263
1.48475
1.49937
1.6834
1.63865
2.01654
2.83512
3.06524
3.09387
3.06608
3.11009
3.06379
3.04913
3.02149
2.96543
2.90944
2.84254
2.75165
2.6644
2.59721
2.53546
2.53919
2.48598
2.49456
2.44786
2.38125
2.16819
1.8987
1.86832
2.17396
6.4721
5.83434
5.39687
5.34495
5.55611
5.90733
6.18712
6.32774
6.23615
6.10177
6.20313
6.83049
7.95655
9.17763
3.30923
3.74289
3.70003
3.53701
3.4328
3.48626
4.08081
5.02707
5.65383
5.67283
5.1481
4.68908
4.37128
4.07942
3.89237
3.80262
3.84695
3.96463
4.04645
4.14122
4.21095
4.21684
4.19685
4.12396
4.00737
3.84777
3.6609
3.51266
3.47868
3.2553
3.10918
2.98738
3.00902
3.03244
3.01561
3.00307
2.94393
2.95315
2.92286
2.93534
2.90741
2.91139
2.93908
3.00078
3.03622
3.04376
3.01343
3.01277
2.97779
2.95629
2.97341
3.00589
3.00899
3.06332
3.12772
3.17009
3.16475
3.16274
3.11342
3.09219
2.99431
3.07811
3.06481
2.98865
2.91126
2.86153
2.84527
2.8578
2.88331
2.89489
2.89989
2.88979
2.88388
2.87327
2.8684
2.88412
2.89578
2.85858
2.79627
2.75006
2.67919
2.5708
2.5648
2.53737
2.52097
2.55214
2.58923
2.65088
2.72218
2.72081
3.42838
3.32272
3.18768
3.20591
3.22705
3.31075
3.40798
3.50392
3.57065
3.60193
3.60582
3.58263
3.57907
3.5804
3.56614
3.60633
3.63943
3.72242
3.79319
3.8299
3.82145
3.81473
3.82079
3.7696
3.57426
3.38986
3.39912
3.43485
3.46849
3.52362
3.38757
3.37193
3.37117
3.36662
3.34269
3.48479
3.6913
3.83255
3.91538
3.85675
3.78778
3.67463
3.56902
3.45183
3.31477
3.26571
3.26396
3.30069
3.40834
3.42425
3.50236
3.53953
3.55412
3.53994
3.57109
3.51903
3.47082
3.51186
3.57951
3.62069
1.98034
2.29371
2.33626
2.44731
2.69705
2.91818
2.94153
2.85985
2.7367
2.54003
2.35958
2.24176
2.16928
2.12082
2.10727
2.11349
2.11141
2.10066
2.0937
2.09829
2.07609
2.05193
2.05116
2.07026
2.14755
2.11891
1.76853
1.6
1.62348
1.75139
2.70122
3.26105
3.54894
3.70213
3.65184
3.53358
3.4141
3.27527
3.23673
3.07911
3.08656
3.00741
3.00142
2.96111
3.00348
3.05646
3.0932
3.14823
3.19824
3.24764
3.29551
3.2662
3.08201
2.95847
2.9667
3.0037
3.06783
3.1218
3.18947
3.23405
3.09626
3.18878
3.12009
3.01216
2.90263
2.79485
2.71218
2.63244
2.58076
2.5603
2.52035
2.59978
2.65565
2.73309
2.8395
2.94864
3.0845
3.21931
3.3144
3.28696
3.26193
3.25402
3.27186
3.30884
3.3363
3.35912
3.37884
3.5052
3.58699
3.29021
2.29494
2.28778
2.29605
2.27963
2.21983
2.12314
2.01296
1.91582
1.83781
1.80581
1.77638
1.8428
1.82875
1.90647
2.02415
2.15447
2.36379
2.6277
2.84121
2.92077
2.86454
2.82283
2.88304
2.92957
2.98989
3.01463
3.06289
3.10785
3.16113
3.21495
2.39635
2.66752
2.77351
2.67108
2.52766
2.39171
2.28441
2.21343
2.1978
2.24077
2.29908
2.38515
2.49542
2.61791
2.7096
2.64228
2.45245
2.13665
1.88831
1.87414
1.68969
1.53804
1.59096
1.54476
1.5168
1.63383
1.58361
1.56002
1.71317
1.76118
1.45019
1.50051
1.73614
1.72556
1.70902
1.75141
1.79659
1.8347
1.8188
1.81523
1.73515
1.68243
1.64355
1.55388
1.53462
1.54496
1.56462
1.59659
1.62146
1.60553
1.57357
1.54852
1.53323
1.50752
1.51234
1.53942
1.58995
1.68208
1.68662
1.50309
1.6825
1.47438
1.45966
1.67203
1.84902
2.5358
3.07165
3.16012
3.23278
3.21447
3.32192
3.2262
3.25
3.21639
3.13676
3.08526
2.968
2.8504
2.69583
2.58643
2.50315
2.51949
2.47194
2.46472
2.36477
2.21271
1.97234
1.84679
1.92257
2.2572
5.71652
5.19549
5.23203
5.69732
6.24708
6.74949
7.16083
7.51683
7.49168
7.00032
6.41133
6.46692
7.44223
9.04013
3.32459
3.73757
3.62975
3.44213
3.34502
3.56198
4.37766
5.41299
5.89592
5.67689
4.90034
4.36318
4.15817
3.90437
3.75738
3.8275
3.99926
4.15386
4.33549
4.49666
4.60641
4.66846
4.62208
4.50337
4.31984
4.08489
3.82972
3.59855
3.4951
3.32679
3.09994
2.97957
3.00672
3.04385
3.03478
3.03873
3.01927
3.07155
3.10607
3.10697
3.03993
2.93057
2.93749
2.99152
3.02538
2.99697
2.99942
2.98874
2.95505
2.99814
2.99167
3.00904
3.01202
3.04285
3.12341
3.14361
3.18443
3.19386
3.13299
3.1074
2.9904
3.065
3.02619
2.9405
2.87621
2.84879
2.86435
2.91353
2.942
2.94901
2.94938
2.92675
2.90027
2.86658
2.86607
2.88536
2.86103
2.79455
2.74791
2.6416
2.55068
2.52068
2.49545
2.45938
2.48569
2.48492
2.52513
2.58486
2.67486
2.72777
3.40878
3.30649
3.16626
3.18403
3.23934
3.32988
3.44007
3.52011
3.55365
3.5537
3.54509
3.56126
3.57755
3.58406
3.64624
3.61864
3.7103
3.75375
3.78193
3.84822
3.85231
3.81759
3.80405
3.80709
3.68763
3.49856
3.35228
3.33157
3.36249
3.44365
3.41853
3.3588
3.38315
3.33742
3.39769
3.55838
3.85395
3.95812
3.99561
3.86665
3.72014
3.59962
3.53807
3.43261
3.28665
3.25374
3.32082
3.51523
3.60043
3.75202
3.79424
3.84977
3.91302
3.86786
3.77623
3.68677
3.57826
3.52729
3.56305
3.61131
1.99488
2.33656
2.45557
2.70766
3.00051
3.12688
3.07106
2.89053
2.73814
2.50638
2.30168
2.19001
2.14852
2.17054
2.22018
2.27075
2.31672
2.36096
2.32883
2.26896
2.24587
2.17509
2.10376
2.06078
2.10093
2.14669
1.96673
1.66197
1.60637
1.73283
2.94416
3.40046
3.75625
3.69731
3.53292
3.38034
3.25799
3.23383
3.15414
3.14386
3.08345
3.06447
3.04626
3.08648
3.05805
3.04672
3.09043
3.12781
3.15782
3.19284
3.24187
3.26647
3.15673
2.96148
2.88679
2.93893
3.01341
3.04452
3.11934
3.18449
3.19212
3.1574
3.02256
2.89789
2.77754
2.69565
2.59799
2.52712
2.44961
2.43697
2.52296
2.50599
2.55657
2.61004
2.72316
2.82323
2.94936
3.09665
3.22487
3.28871
3.25242
3.2149
3.21881
3.26308
3.23986
3.22702
3.23833
3.41759
3.57578
3.33494
2.31057
2.32464
2.35406
2.30241
2.1869
2.0392
1.90714
1.83527
1.75319
1.70605
1.70473
1.68777
1.80187
1.79724
1.86091
1.97724
2.16488
2.38697
2.6352
2.84246
2.92746
2.84151
2.87975
2.92265
2.96512
2.95421
2.98954
3.06744
3.14479
3.21975
2.4464
2.74189
2.68349
2.48245
2.30106
2.16695
2.08702
2.02498
2.00205
2.02276
2.10704
2.21166
2.32735
2.48064
2.63115
2.65822
2.43448
2.20033
1.9276
1.84706
1.78213
1.55146
1.53811
1.57394
1.51508
1.66006
1.71141
1.69641
1.7427
1.78674
1.44892
1.62525
1.78025
1.79258
1.87992
1.99269
2.09274
2.13002
2.16353
2.12308
2.06353
1.90023
1.79776
1.68401
1.5796
1.54221
1.57933
1.60812
1.61286
1.57468
1.53007
1.49112
1.47243
1.47086
1.47278
1.50556
1.56337
1.64433
1.65786
1.50063
1.86098
1.47844
1.44826
1.70136
2.14974
2.85989
3.20589
3.27203
3.34189
3.38841
3.45866
3.37323
3.41544
3.31673
3.31139
3.20071
3.11328
2.96594
2.80475
2.61293
2.49824
2.47388
2.42378
2.2854
2.04935
1.89497
1.86879
1.90293
2.12943
2.33115
5.03504
5.10782
5.67939
6.30405
6.58507
6.55937
6.70131
7.22058
7.90033
7.85448
7.11357
6.5109
7.11798
8.9021
3.33133
3.72143
3.58439
3.36662
3.28195
3.55948
4.40881
5.46011
6.01506
5.84946
4.94063
4.30251
4.07622
3.79624
3.72919
3.91792
4.10933
4.32654
4.55062
4.75321
4.95826
5.08438
5.10649
4.95058
4.67105
4.33845
3.99792
3.68994
3.50632
3.35509
3.10757
2.97072
3.00958
3.0392
3.06935
3.05823
3.12148
3.20555
3.3202
3.35342
3.24531
3.01711
2.95921
2.99635
2.99627
2.98452
3.00415
2.97372
3.00633
3.04703
3.03856
3.0391
3.05129
3.0896
3.09053
3.15431
3.19182
3.19398
3.16939
3.10806
2.97779
3.04559
2.99901
2.91202
2.86032
2.83369
2.90785
2.94898
2.97257
2.98015
2.95704
2.91327
2.8992
2.87478
2.8645
2.85716
2.81057
2.74155
2.65039
2.52153
2.49624
2.46069
2.38556
2.40231
2.40051
2.45327
2.47853
2.53195
2.62332
2.71462
3.39185
3.30311
3.10812
3.19963
3.25617
3.34351
3.44669
3.48733
3.49551
3.49029
3.51942
3.51324
3.52526
3.58126
3.63737
3.75177
3.73965
3.77384
3.83173
3.86156
3.87055
3.84029
3.77791
3.79129
3.75146
3.58623
3.37045
3.28273
3.31888
3.39863
3.4046
3.37079
3.38133
3.34388
3.37597
3.53776
3.81521
3.90163
3.85948
3.66712
3.50941
3.4072
3.43871
3.38541
3.24788
3.27923
3.50496
3.71378
3.89188
4.06548
4.18617
4.18984
4.18224
4.19123
4.03008
3.867
3.70594
3.56694
3.54885
3.58947
2.00232
2.39012
2.59357
2.91531
3.20308
3.20494
3.01849
2.83844
2.72742
2.44963
2.23776
2.14535
2.17781
2.26245
2.33357
2.43002
2.50858
2.56006
2.57506
2.5428
2.40447
2.31721
2.21621
2.09226
2.08657
2.13754
2.07144
1.75722
1.62929
1.72488
3.19377
3.65359
3.79323
3.57943
3.38251
3.32406
3.24543
3.27216
3.1891
3.21728
3.14924
3.11601
3.08822
3.03356
3.05953
3.09365
3.09055
3.13225
3.13163
3.16194
3.18334
3.22287
3.17708
2.99878
2.88509
2.92144
3.01865
3.03451
3.08291
3.20492
3.18254
3.09323
2.92153
2.78899
2.67441
2.593
2.51461
2.4792
2.4418
2.40601
2.32916
2.37109
2.45984
2.52289
2.61615
2.71327
2.83707
2.98037
3.13912
3.22901
3.24449
3.20909
3.24634
3.21062
3.11271
3.0709
3.14745
3.21073
3.45765
3.34146
2.32713
2.38015
2.39438
2.28972
2.11749
1.958
1.83657
1.75115
1.68245
1.63603
1.61808
1.65022
1.63909
1.75776
1.8027
1.83453
1.98381
2.24321
2.46812
2.69753
2.90274
2.88701
2.87053
2.92972
2.92357
2.91021
2.92102
3.02131
3.12716
3.20816
2.65912
2.811
2.58389
2.31567
2.13285
2.03019
1.94217
1.91613
1.90919
1.91289
1.92746
2.03797
2.16521
2.33994
2.54534
2.6055
2.44927
2.23326
1.98466
1.91498
1.84105
1.61517
1.59953
1.51968
1.48886
1.53809
1.63783
1.74607
1.78848
1.79524
1.45247
1.68577
1.83315
1.91064
2.0611
2.2423
2.39023
2.51731
2.48344
2.44385
2.36649
2.21984
2.00416
1.80418
1.67255
1.54827
1.54681
1.60262
1.60711
1.53016
1.47722
1.43564
1.41053
1.42143
1.45053
1.4787
1.54451
1.64371
1.62898
1.47621
2.01875
1.54682
1.43655
1.76489
2.39985
3.04573
3.30908
3.35538
3.45873
3.50788
3.50235
3.54181
3.51062
3.45572
3.3674
3.30798
3.19238
3.08971
2.91993
2.71372
2.50082
2.42766
2.32623
2.06409
1.87205
1.88669
2.04516
2.22764
2.41724
2.39157
4.9243
5.43195
6.11865
6.11076
5.63633
5.28668
5.2859
5.82739
6.97236
7.91782
7.58721
6.70158
6.98621
8.77412
3.24099
3.70143
3.52994
3.30481
3.20942
3.42119
4.1491
5.2576
5.99812
6.01042
5.18139
4.30096
4.0188
3.70832
3.76772
3.97055
4.18216
4.38449
4.64115
4.94103
5.22231
5.42182
5.46581
5.34344
5.00751
4.58633
4.15745
3.76862
3.51524
3.3623
3.12525
2.96799
2.99497
3.046
3.0621
3.0801
3.1565
3.29694
3.44095
3.53483
3.41415
3.07736
2.97107
3.00454
2.98641
2.98964
3.00164
3.00961
3.08424
3.08249
3.09155
3.11537
3.10085
3.09985
3.12026
3.16245
3.17634
3.226
3.17704
3.10829
2.96145
3.024
2.98141
2.90529
2.82684
2.82512
2.88379
2.8827
2.91061
2.96372
2.95811
2.89116
2.89563
2.88316
2.85511
2.83111
2.7768
2.64703
2.55829
2.46597
2.47224
2.36959
2.39076
2.34324
2.37236
2.39565
2.43547
2.49503
2.58377
2.69474
3.34814
3.26313
3.09916
3.20957
3.24073
3.33671
3.43539
3.45182
3.4468
3.43793
3.47558
3.52568
3.65541
3.76262
3.83149
3.81108
3.92625
3.89496
3.86675
3.87732
3.869
3.85078
3.77377
3.77835
3.7593
3.6275
3.40216
3.26413
3.31057
3.41226
3.45594
3.37786
3.38021
3.36953
3.33358
3.43142
3.57587
3.71007
3.60538
3.47444
3.29658
3.26159
3.35112
3.31492
3.21609
3.4022
3.65086
3.96734
4.17059
4.40424
4.47735
4.57185
4.46966
4.42085
4.28563
4.037
3.79364
3.61269
3.54612
3.55726
2.00832
2.43803
2.70514
3.06482
3.27573
3.23234
2.92411
2.73447
2.71974
2.39976
2.1602
2.13966
2.23173
2.29437
2.4438
2.6166
2.68404
2.74935
2.78711
2.76603
2.64778
2.46264
2.32352
2.1522
2.09323
2.12913
2.11785
1.85384
1.65475
1.72303
3.46025
3.92949
3.75054
3.47285
3.33531
3.30754
3.27467
3.32543
3.16699
3.29002
3.08398
3.14525
3.05532
3.10219
3.07259
3.09856
3.09993
3.13457
3.12913
3.13402
3.14727
3.20111
3.19741
3.04694
2.90553
2.94006
2.97889
2.98148
3.0159
3.12797
3.19406
3.06858
2.85348
2.71839
2.60426
2.54606
2.42208
2.37556
2.29289
2.32373
2.34951
2.35061
2.3852
2.40819
2.52484
2.61357
2.76195
2.87868
3.04036
3.15133
3.2131
3.24148
3.19462
3.07469
2.95778
2.973
2.93066
3.08044
3.47571
3.36719
2.37571
2.46433
2.43179
2.26929
2.06548
1.90812
1.80043
1.66505
1.64444
1.5636
1.60691
1.58056
1.62851
1.63177
1.76114
1.82334
1.84927
2.10215
2.39043
2.58022
2.80115
2.89828
2.87595
2.88086
2.87033
2.85504
2.90593
3.00864
3.10996
3.21975
2.83446
2.7993
2.43627
2.19102
2.02661
1.88983
1.869
1.88328
1.92562
1.95519
1.94255
1.95618
2.05173
2.18465
2.41145
2.58741
2.44709
2.20591
2.13046
1.95857
1.94291
1.82386
1.67643
1.59078
1.48283
1.48071
1.49123
1.55352
1.75557
1.81735
1.45421
1.72034
1.89322
2.04149
2.28278
2.51298
2.67966
2.72569
2.82064
2.78614
2.62084
2.48656
2.27845
1.98425
1.7466
1.60077
1.52814
1.57039
1.60115
1.52276
1.45798
1.42684
1.40198
1.40011
1.43851
1.47801
1.55405
1.62655
1.59867
1.43489
2.17577
1.67752
1.43195
1.81729
2.55868
3.17026
3.36117
3.42611
3.55657
3.54815
3.62396
3.64421
3.58636
3.55204
3.45506
3.3514
3.27645
3.1514
3.0391
2.84001
2.56351
2.36654
2.29625
2.00534
1.84433
2.07724
2.37798
2.47543
2.43712
2.24934
5.13399
5.83316
5.87723
5.22259
4.84726
4.70894
4.81515
5.18763
6.21281
7.6435
7.77884
6.89868
6.95208
8.74293
3.20144
3.69163
3.55586
3.31002
3.18698
3.25208
3.74135
4.77546
5.80277
6.02896
5.33793
4.31648
3.95261
3.65672
3.77244
3.98904
4.17077
4.41714
4.77157
5.24638
5.65007
5.86935
5.91018
5.72445
5.30775
4.77373
4.24446
3.79662
3.50978
3.3495
3.15866
2.99721
2.98453
3.03624
3.09723
3.13023
3.23946
3.36968
3.54021
3.59524
3.48168
3.08022
2.98245
3.00363
2.99363
2.99252
3.02407
3.07381
3.13166
3.10165
3.1109
3.14189
3.11412
3.14449
3.14486
3.14474
3.20226
3.22571
3.186
3.11811
2.936
3.01155
2.99175
2.91033
2.82694
2.83736
2.84302
2.86119
2.90374
2.93959
2.92521
2.89752
2.89587
2.86775
2.85623
2.82898
2.70645
2.57462
2.54635
2.43331
2.42081
2.38248
2.37599
2.39543
2.35999
2.38688
2.3976
2.46252
2.55273
2.69917
3.28087
3.21298
3.1168
3.16947
3.18633
3.30635
3.40963
3.40679
3.39425
3.39385
3.49111
3.55556
3.66209
3.70216
3.81607
3.92157
3.99737
3.95586
4.02162
3.85581
3.93978
3.79898
3.79456
3.74445
3.75121
3.63742
3.407
3.24812
3.33814
3.4406
3.45683
3.36751
3.37723
3.39397
3.34349
3.3334
3.36278
3.40293
3.40282
3.28466
3.21299
3.16811
3.32036
3.25962
3.26449
3.49528
3.86828
4.12615
4.44896
4.61735
4.78133
4.81615
4.75974
4.55698
4.46699
4.16195
3.83122
3.62723
3.55476
3.52996
2.0186
2.48444
2.80659
3.15415
3.29711
3.21921
2.84262
2.65053
2.66532
2.35362
2.15083
2.15086
2.22368
2.34438
2.56756
2.67256
2.7653
2.88296
2.87415
2.86609
2.78721
2.53965
2.4397
2.19508
2.10772
2.1253
2.14092
1.92737
1.69639
1.77144
3.60367
3.9995
3.58027
3.43846
3.36086
3.34338
3.26002
3.37033
3.19346
3.2904
3.03737
3.11329
2.9811
2.96415
3.00922
3.0442
3.09699
3.14195
3.14029
3.11088
3.1239
3.15514
3.15435
3.05619
2.97061
3.00834
3.02097
3.02425
3.05314
3.15848
3.2056
2.97741
2.78224
2.64298
2.5604
2.49902
2.36586
2.37754
2.33003
2.33972
2.31365
2.33326
2.39159
2.39485
2.45611
2.55342
2.70429
2.81534
2.98146
3.10986
3.17381
3.2013
3.09233
2.95435
2.93578
2.85525
2.8761
3.11165
3.36665
3.21153
2.42933
2.51254
2.41904
2.24019
2.03388
1.88282
1.7499
1.62893
1.60519
1.56715
1.59177
1.62372
1.643
1.64989
1.63446
1.82722
1.81928
2.00006
2.31429
2.55157
2.69835
2.8386
2.86662
2.84979
2.77683
2.8372
2.96535
3.04864
3.13423
3.17986
2.96106
2.69599
2.30852
2.1263
1.95588
1.85297
1.90337
1.90341
1.87757
1.86642
1.91422
1.90317
1.98667
2.14861
2.33567
2.54059
2.39802
2.26422
2.16074
2.06457
2.10821
1.92014
1.919
1.75029
1.67482
1.49064
1.4751
1.48429
1.49769
1.67253
1.45528
1.73399
1.93517
2.11586
2.42246
2.66933
2.8278
2.97979
2.96897
2.95336
2.86502
2.69564
2.42507
2.21453
1.84969
1.64804
1.5371
1.55133
1.61179
1.53349
1.45781
1.43503
1.43344
1.4398
1.45089
1.51618
1.58129
1.60067
1.53445
1.43156
2.32853
1.88294
1.43661
1.79745
2.63206
3.21056
3.42142
3.46073
3.62258
3.59194
3.7434
3.65841
3.69408
3.66487
3.59483
3.47248
3.31999
3.20996
3.09155
2.95909
2.66749
2.33659
2.23405
2.01057
1.769
2.08298
2.42213
2.46266
2.31912
1.99118
5.40456
5.79882
5.19145
4.81385
4.95113
5.45564
5.77485
6.07067
6.69201
7.70629
7.79575
6.94229
7.02059
8.849
2.99697
3.61645
3.58165
3.31633
3.1624
3.15817
3.38104
4.11017
5.29881
5.86629
5.39236
4.27256
3.88734
3.61754
3.76551
3.95098
4.13164
4.41268
4.90774
5.4693
5.97994
6.23411
6.19913
5.94332
5.46563
4.85559
4.26407
3.7841
3.50274
3.33567
3.18889
3.05957
3.00114
3.04177
3.11266
3.18712
3.34059
3.47117
3.58534
3.61247
3.47565
3.05563
2.98731
3.01467
2.98089
3.02348
3.06321
3.12954
3.14586
3.11041
3.12275
3.11845
3.15369
3.15512
3.14547
3.18913
3.2072
3.22158
3.18889
3.12251
2.90801
2.99484
2.99187
2.9279
2.85853
2.82944
2.81409
2.8507
2.89264
2.9287
2.89244
2.89496
2.91657
2.89165
2.86827
2.78618
2.6593
2.56399
2.50906
2.40298
2.44726
2.38379
2.40745
2.35243
2.37267
2.41625
2.38799
2.43015
2.54677
2.69398
3.24356
3.152
3.16941
3.07419
3.10707
3.26003
3.39155
3.37963
3.35204
3.37111
3.49023
3.55514
3.66832
3.87682
4.03209
4.05621
4.15549
3.94246
4.13415
3.80179
4.00008
3.7553
3.80921
3.69049
3.72748
3.62618
3.36657
3.24247
3.39835
3.45454
3.49338
3.41502
3.3767
3.38105
3.37621
3.3454
3.31105
3.30398
3.25561
3.24323
3.15045
3.19429
3.29654
3.26876
3.29239
3.66217
3.93887
4.32008
4.53982
4.84659
4.91301
4.97741
4.89905
4.64931
4.5018
4.19207
3.83326
3.62272
3.547
3.52391
2.00282
2.50333
2.85815
3.17732
3.31286
3.20904
2.74572
2.59522
2.64729
2.33359
2.1446
2.13138
2.23451
2.39737
2.56719
2.6684
2.85593
2.97998
2.9745
2.92848
2.85717
2.54737
2.45527
2.20903
2.11756
2.13829
2.15669
1.96505
1.73481
1.88549
3.7966
3.90954
3.54972
3.44135
3.38259
3.38031
3.28342
3.34847
3.22623
3.28455
3.01622
3.11537
2.9364
2.9565
2.98594
2.99924
3.06527
3.1437
3.15004
3.08512
3.11607
3.13454
3.15378
3.09171
3.02805
3.00169
2.99812
3.01672
3.046
3.08806
3.21637
2.94381
2.72573
2.62878
2.51065
2.48265
2.31973
2.34396
2.26564
2.27585
2.26471
2.26028
2.37028
2.33654
2.46045
2.51184
2.65175
2.7815
2.94231
3.07396
3.14225
3.21138
2.96318
2.89252
2.93079
2.9663
2.98871
3.12727
3.35907
3.29683
2.52369
2.62042
2.46445
2.23497
2.0241
1.84284
1.70646
1.58174
1.61158
1.52113
1.59391
1.55528
1.60793
1.66699
1.60899
1.8457
1.75847
1.97691
2.24402
2.49481
2.66537
2.771
2.81162
2.80953
2.73113
2.87498
3.0599
3.11838
3.13745
3.2175
2.80749
2.55149
2.24409
2.08666
1.93558
1.84783
1.92311
1.82471
1.85651
1.87432
1.81152
1.91508
1.96887
2.05844
2.33578
2.4928
2.42142
2.23633
2.23071
2.19983
2.07984
2.06152
2.01131
1.88712
1.87166
1.70798
1.55048
1.47325
1.48068
1.49137
1.45521
1.69915
1.93975
2.214
2.52756
2.76659
2.97763
3.08557
3.1388
3.12685
2.95884
2.90773
2.52844
2.35749
1.93709
1.73347
1.54054
1.52822
1.6137
1.55845
1.4632
1.44932
1.4649
1.4779
1.50192
1.54598
1.56904
1.5449
1.4619
1.43201
2.48405
2.16049
1.45767
1.71613
2.61443
3.23896
3.41844
3.51728
3.6276
3.66452
3.75825
3.72035
3.79336
3.69774
3.62245
3.51916
3.39844
3.24016
3.10752
3.04308
2.83239
2.35993
2.19419
2.06667
1.6706
1.82941
2.16108
2.16043
1.77911
1.44962
5.6139
5.53407
4.9318
5.26343
6.53245
7.41254
7.65889
7.63219
7.66893
7.94228
7.75186
6.83559
7.12022
8.86864
7.4273
4.88626
3.16311
3.43603
3.62224
3.42746
3.22752
3.15407
3.23301
3.68973
4.71843
5.58685
5.3044
4.22638
3.82528
3.62134
3.72561
3.90754
4.06247
4.4147
4.94771
5.62556
6.13398
6.32201
6.30376
6.01729
5.43925
4.78568
4.19114
3.69584
3.45856
3.30273
2.9495
3.11904
3.23546
3.14706
3.10007
3.12092
3.19723
3.28343
3.41754
3.51764
3.60156
3.6019
3.4355
2.98469
2.99519
3.01741
3.01001
3.0434
3.12536
3.15647
3.14247
3.15086
3.10395
3.14939
3.15169
3.16196
3.19382
3.21376
3.2137
3.23688
3.19944
3.1447
3.13161
2.97525
2.90525
2.97402
2.99632
2.9665
2.91442
2.88917
2.86685
2.91478
2.95635
2.93532
2.89307
2.91768
2.95092
2.90174
2.87595
2.78519
2.634
2.56148
2.52021
2.42294
2.43695
2.39666
2.40563
2.36858
2.37798
2.41926
2.39067
2.44278
2.55419
2.78341
3.05734
3.08872
3.12862
3.07061
3.04675
2.94944
2.97066
3.19313
3.35962
3.35862
3.33023
3.37812
3.44228
3.54293
3.64436
3.84163
3.9828
4.04409
4.18109
3.95003
4.09938
3.80331
3.94741
3.72088
3.78873
3.64379
3.70174
3.5543
3.31655
3.33611
3.47383
3.50366
3.60055
3.54927
3.48293
3.42397
3.37981
3.39765
3.38431
3.33725
3.31523
3.28494
3.25516
3.18181
3.1728
3.18383
3.32314
3.23505
3.41837
3.71284
4.05845
4.32443
4.67604
4.85899
5.00756
5.01316
4.90601
4.65222
4.44426
4.1013
3.77353
3.59642
3.53415
3.50512
2.62505
2.02463
2.03669
2.54501
2.87306
3.16949
3.30076
3.15284
2.64838
2.53937
2.65538
2.32744
2.13621
2.12534
2.22958
2.37302
2.51178
2.62623
2.8167
2.90257
2.92569
2.86637
2.77871
2.49443
2.37017
2.19855
2.1296
2.16684
2.17163
1.93521
1.85485
2.46616
3.90731
4.08208
3.94926
3.81231
3.59575
3.47701
3.38464
3.39393
3.33412
3.3477
3.24424
3.34037
3.05157
3.10357
2.94346
2.98775
2.9768
3.00163
3.06534
3.13744
3.11402
3.0797
3.09097
3.12662
3.13344
3.08508
3.05789
3.07242
3.11731
3.119
3.12925
3.16222
3.18901
3.23269
3.17459
2.89689
2.74161
2.60564
2.53915
2.45137
2.35908
2.32983
2.27979
2.29584
2.28687
2.28182
2.38759
2.32983
2.44654
2.52772
2.64179
2.76919
2.9381
3.05843
3.17822
3.00604
2.78116
2.9367
3.13074
3.18875
3.12549
3.17615
3.002
2.58993
2.46854
2.52286
2.67043
2.66925
2.442
2.23072
2.01799
1.8334
1.67236
1.62129
1.54999
1.52198
1.55385
1.54572
1.61425
1.6031
1.61426
1.84008
1.75345
2.00288
2.18692
2.45122
2.62544
2.72096
2.74724
2.68746
2.68683
2.82795
2.90535
2.96599
2.97991
2.99102
2.97724
2.9991
2.89466
2.58892
2.30549
2.04131
1.95164
1.89032
1.91598
1.8236
1.82556
1.88691
1.82522
1.90298
1.97264
2.0743
2.30945
2.51049
2.36869
2.26926
2.29754
2.18483
2.12039
2.15179
1.97605
1.99875
1.91687
1.87074
1.764
1.54866
1.4725
1.47706
1.48656
1.48543
1.46169
1.62129
1.93458
2.22016
2.52368
2.78616
2.99758
3.07647
3.09362
3.17496
2.95183
2.96768
2.57365
2.43008
2.00276
1.77576
1.57217
1.51391
1.58182
1.59757
1.49408
1.4437
1.44586
1.47377
1.49141
1.50293
1.49773
1.46549
1.44097
1.4444
1.99735
2.39327
2.65415
2.50142
1.75657
1.62876
2.4393
3.20107
3.3853
3.53547
3.63101
3.67685
3.77134
3.74283
3.79968
3.70024
3.64566
3.57894
3.42284
3.25844
3.14916
3.05967
2.92964
2.41789
2.05818
2.12354
1.56487
1.52146
1.6528
1.52711
1.39266
1.26784
2.94772
3.38976
5.67918
5.18621
5.05546
6.75545
8.45714
8.81139
8.61107
8.39354
8.06775
7.88549
7.44098
6.7342
7.12104
8.84433
7.90818
5.42787
3.20212
3.26232
3.5973
3.54859
3.33366
3.18912
3.22461
3.54366
4.39074
5.29461
5.14357
4.14254
3.77312
3.59548
3.68677
3.83074
3.99533
4.30401
4.88615
5.45198
5.95355
6.16313
6.12219
5.79842
5.21287
4.60637
4.04612
3.61232
3.40623
3.16943
2.96248
3.18218
3.28773
3.26069
3.24089
3.2694
3.3112
3.38951
3.44793
3.52744
3.56374
3.56205
3.32629
2.91802
3.02314
3.03396
3.02373
3.08071
3.15335
3.17591
3.1691
3.13775
3.17361
3.14834
3.20461
3.16884
3.21134
3.21433
3.2416
3.23517
3.18276
3.15043
3.1062
2.94655
2.90575
2.94809
2.98762
2.98047
2.95792
2.93674
2.91197
2.92754
2.9278
2.88937
2.89672
2.95457
2.98911
2.89244
2.86949
2.80348
2.67549
2.56417
2.51403
2.45934
2.40023
2.43351
2.41564
2.36895
2.39863
2.40825
2.41179
2.47125
2.58322
2.88045
3.05237
3.08841
3.10893
3.02349
3.00255
2.86599
2.88995
3.0895
3.34442
3.35423
3.32742
3.35119
3.41747
3.50728
3.60941
3.75237
3.8498
3.93205
4.02154
3.90511
3.99287
3.77403
3.86197
3.67194
3.70961
3.63758
3.62092
3.45868
3.25292
3.33084
3.44894
3.52006
3.58249
3.58805
3.58715
3.50626
3.44224
3.36846
3.3607
3.34962
3.31955
3.27855
3.22921
3.20051
3.1759
3.25964
3.33095
3.29938
3.43284
3.80142
4.00637
4.36378
4.57771
4.84383
4.88712
4.88574
4.70444
4.51007
4.27468
3.94085
3.72014
3.61599
3.54411
3.19227
2.13586
2.00246
2.10925
2.60663
2.90155
3.1457
3.2582
3.01931
2.5846
2.52136
2.65591
2.35083
2.15481
2.10999
2.18558
2.31606
2.41344
2.49253
2.61694
2.70332
2.70364
2.64973
2.56164
2.40569
2.23248
2.18253
2.14978
2.18703
2.10169
1.97947
2.51792
3.62215
4.20671
4.24124
4.15115
3.95429
3.66493
3.52044
3.42397
3.38316
3.35484
3.38235
3.21823
3.35571
3.07728
3.12998
3.00128
2.9715
2.9978
3.0023
3.11412
3.10066
3.08161
3.08843
3.08928
3.11241
3.13037
3.09362
3.04622
3.09375
3.13821
3.14012
3.14976
3.20478
3.25728
3.27526
3.18193
2.92244
2.74427
2.64641
2.54188
2.48938
2.34176
2.38065
2.32352
2.33813
2.31117
2.29875
2.33041
2.37367
2.505
2.51534
2.68829
2.78868
2.94876
3.08786
3.05374
2.81458
2.74029
2.89115
3.06703
3.19867
3.23045
3.12832
2.72983
2.5175
2.56454
2.74742
2.97819
2.96855
2.59487
2.28581
2.02741
1.83221
1.71159
1.59627
1.54272
1.50238
1.51453
1.53851
1.53345
1.67897
1.59123
1.71316
1.88427
2.01426
2.13461
2.48374
2.56134
2.65958
2.70763
2.58653
2.62946
2.67789
2.76778
2.81613
2.8793
2.99382
3.14727
3.11675
2.87113
2.52153
2.29957
2.08924
1.93973
1.91225
1.96301
1.9392
1.94104
1.89983
1.87851
1.91186
2.01114
2.15337
2.38709
2.4996
2.39859
2.29865
2.29352
2.20251
2.15785
2.13761
1.99014
1.99746
1.94799
1.90828
1.86959
1.72871
1.46904
1.46919
1.47745
1.47829
1.46482
1.50119
1.86539
2.15762
2.46191
2.76274
2.92528
3.05757
3.04367
3.10414
2.94936
2.89101
2.57334
2.38754
2.01672
1.77163
1.60564
1.51808
1.51709
1.63526
1.55714
1.44837
1.43764
1.43936
1.44949
1.46626
1.49943
1.56259
1.69203
1.99508
2.60658
2.80499
2.84818
2.66811
2.03606
1.63624
2.18979
3.05889
3.34119
3.5857
3.52311
3.7032
3.76453
3.70474
3.77372
3.74545
3.62734
3.53208
3.42569
3.30097
3.16647
3.06954
3.00197
2.52523
1.8778
1.91349
1.52542
1.4125
1.38399
1.26253
1.09463
1.33702
3.08268
3.26162
5.72121
5.12589
5.69213
8.12421
9.20572
8.94973
8.29793
7.85269
7.59489
7.33055
6.99331
6.67745
7.44985
8.91287
8.41277
6.38981
3.48228
3.23266
3.53508
3.66518
3.53484
3.39271
3.39287
3.66319
4.36
5.09855
4.9029
4.02044
3.74831
3.5856
3.63238
3.76919
3.87642
4.16595
4.60446
5.13809
5.53271
5.73776
5.69561
5.36128
4.86716
4.34405
3.85788
3.50902
3.24023
2.93665
2.86616
3.07295
3.24992
3.24786
3.26042
3.2775
3.29746
3.3256
3.3568
3.39473
3.44447
3.44861
3.20053
2.86763
3.05521
3.03634
3.03626
3.09639
3.15707
3.20595
3.19596
3.19616
3.15682
3.20123
3.17441
3.23731
3.23754
3.2377
3.26335
3.25506
3.19724
3.15488
3.09987
2.92861
2.90029
2.93487
2.97198
2.99224
2.98619
2.98043
2.98086
2.95476
2.91121
2.9062
2.97367
3.03661
3.02412
2.90802
2.88945
2.80878
2.72266
2.63233
2.4926
2.51745
2.44398
2.38138
2.42331
2.44655
2.44431
2.42198
2.44148
2.50045
2.62741
2.90592
2.99336
3.07478
3.08944
3.04702
2.97008
2.85575
2.82055
2.98935
3.30921
3.37782
3.33349
3.32189
3.36084
3.46317
3.55542
3.66276
3.78772
3.84285
3.89405
3.7821
3.87329
3.68473
3.78718
3.60568
3.6046
3.64533
3.50924
3.35901
3.18997
3.31158
3.40225
3.53873
3.60574
3.63135
3.64995
3.63699
3.57382
3.50398
3.44298
3.3928
3.33973
3.28796
3.23687
3.21493
3.25726
3.28102
3.37315
3.29761
3.52081
3.75267
4.01924
4.21871
4.49061
4.61093
4.68512
4.64722
4.51374
4.29653
4.0255
3.80011
3.66628
3.51559
3.14049
2.46943
2.05837
2.03872
2.23051
2.69288
2.94062
3.11728
3.13574
2.82418
2.53474
2.52183
2.67919
2.4212
2.17225
2.10123
2.14296
2.22044
2.30906
2.36375
2.42431
2.44428
2.45434
2.4068
2.36025
2.26519
2.15338
2.17118
2.14706
2.13235
2.08557
2.3832
3.58539
4.3139
4.41089
4.47129
4.35715
4.14778
3.79332
3.57346
3.47243
3.41201
3.35719
3.39547
3.26766
3.31735
3.17583
3.16394
3.03387
3.09329
3.0305
3.10119
3.12176
3.04427
3.07479
3.08082
3.08575
3.10613
3.10277
3.03423
3.04075
3.14045
3.23176
3.26715
3.27296
3.28588
3.31899
3.31539
3.23044
2.97962
2.79851
2.69892
2.60495
2.52933
2.42643
2.33547
2.25139
2.29268
2.29196
2.28873
2.37549
2.42085
2.55679
2.58568
2.69779
2.86835
2.97972
3.08435
3.01436
2.83234
2.73302
2.69746
2.83412
3.01996
3.03683
2.81928
2.57471
2.51553
2.71331
3.04574
3.43439
3.30402
2.70399
2.32441
2.076
1.89311
1.72396
1.64383
1.54277
1.55195
1.52272
1.4983
1.59113
1.61789
1.56417
1.79918
1.85828
2.06976
2.17666
2.43545
2.55459
2.59566
2.64191
2.59175
2.60161
2.67972
2.76302
2.92477
3.14536
3.32018
3.42573
3.23514
2.88803
2.50962
2.34338
2.21889
2.03271
1.91373
1.84178
1.8788
1.91097
1.89993
1.90777
1.9629
2.0663
2.25326
2.48347
2.52061
2.41919
2.34505
2.26793
2.23257
2.14817
2.11366
1.99334
2.02401
1.94944
1.92226
1.89674
1.85913
1.56374
1.46549
1.47092
1.472
1.46405
1.46402
1.78888
2.08179
2.35708
2.63416
2.82349
2.90438
2.93625
2.99074
2.84332
2.73402
2.47932
2.2876
1.94895
1.74272
1.59784
1.53133
1.45093
1.58195
1.61854
1.5422
1.45131
1.44179
1.4483
1.56534
1.76492
2.07714
2.45076
2.80095
3.00123
3.01303
2.94928
2.80869
2.27585
1.75033
1.98589
2.8138
3.24993
3.54215
3.52606
3.61148
3.71598
3.70407
3.65115
3.64149
3.64783
3.55423
3.40737
3.26462
3.11457
3.06477
2.99701
2.58293
1.69905
1.58549
1.42333
1.23209
1.1167
1.01815
1.02938
1.517
3.01387
3.09592
5.6904
5.09395
6.19543
8.76986
9.37066
8.7283
7.68366
7.17103
6.90037
6.78332
6.68167
7.02079
8.02965
9.16543
8.90409
8.01746
4.67884
3.34691
3.40119
3.60361
3.64039
3.61112
3.63409
3.87748
4.46436
4.92405
4.59049
3.87953
3.72867
3.57465
3.58215
3.69398
3.78392
3.93612
4.28221
4.67094
4.98826
5.15151
5.10884
4.84829
4.48267
4.06998
3.68227
3.37786
3.06663
2.79298
2.70232
2.80168
2.92063
2.88245
2.89049
2.89699
2.91623
2.98029
3.06502
3.17071
3.26779
3.30382
3.06443
2.84224
3.06256
3.05049
3.05566
3.11766
3.16855
3.20392
3.22525
3.2111
3.23967
3.22146
3.25263
3.24843
3.25628
3.27376
3.28044
3.2416
3.19828
3.18596
3.14312
2.95794
2.89887
2.91961
2.95122
2.9656
2.9726
2.95645
2.94032
2.90849
2.9026
2.9678
3.08248
3.10639
3.0188
2.8948
2.93107
2.84292
2.75197
2.70989
2.56496
2.4953
2.52817
2.48885
2.45088
2.44358
2.44749
2.47541
2.51004
2.58129
2.69924
2.91816
2.92628
3.00564
3.0915
3.06414
3.00336
2.87302
2.80824
2.90109
3.2474
3.39301
3.36129
3.3429
3.35118
3.38951
3.43487
3.51842
3.53382
3.58534
3.70335
3.6444
3.66746
3.66548
3.63328
3.62464
3.52298
3.60662
3.41139
3.27571
3.13966
3.28445
3.3172
3.52512
3.65154
3.69771
3.68826
3.65056
3.66933
3.65265
3.59115
3.51451
3.44563
3.36713
3.31146
3.29745
3.33755
3.35017
3.37534
3.34889
3.48571
3.7501
3.89641
4.10434
4.19334
4.36193
4.38754
4.32081
4.14398
3.97926
3.80139
3.65169
3.43085
3.05385
2.54353
2.20701
2.12568
2.17573
2.41054
2.7761
2.93957
2.98295
2.85001
2.68113
2.56249
2.52762
2.71357
2.51875
2.22836
2.11805
2.09491
2.12996
2.18382
2.22107
2.21688
2.24337
2.2381
2.2379
2.19424
2.15575
2.12647
2.15442
2.11253
2.12855
2.38532
3.26149
4.24931
4.55102
4.61028
4.68043
4.6153
4.37077
3.99641
3.68004
3.52472
3.45828
3.38364
3.37214
3.32761
3.26545
3.20693
3.20251
3.15824
3.06259
3.09471
3.08381
3.03747
3.0423
3.07529
3.07287
3.08845
3.0983
3.0748
3.02307
3.0281
3.12682
3.23271
3.28551
3.3
3.32909
3.29951
3.32579
3.27233
3.08989
2.8897
2.76301
2.66222
2.58632
2.54
2.47735
2.38514
2.31143
2.33047
2.39744
2.45382
2.48413
2.5667
2.68412
2.79436
2.91735
3.05221
3.08977
3.10387
3.17395
3.11125
2.92492
2.68305
2.68974
2.64916
2.64355
2.50185
2.53584
2.9831
3.45442
3.85818
3.6978
2.96202
2.41282
2.16312
1.95408
1.81301
1.69888
1.58951
1.54854
1.56026
1.57587
1.58209
1.56689
1.64967
1.89379
1.86064
2.09794
2.30143
2.38319
2.51321
2.61832
2.58767
2.62044
2.74597
2.84387
3.00318
3.24336
3.49923
3.63985
3.63973
3.3518
2.92819
2.59287
2.38468
2.25196
2.16512
2.09186
1.99119
1.89765
1.89244
1.94335
2.01123
2.11372
2.25619
2.42845
2.5693
2.58339
2.47765
2.36997
2.30422
2.20872
2.20007
2.05285
2.02099
2.02465
1.95594
1.94407
1.9031
1.87881
1.67739
1.4643
1.4657
1.46975
1.46197
1.46324
1.73114
2.02413
2.23426
2.42889
2.62286
2.74501
2.77083
2.77617
2.62287
2.52916
2.30956
2.10742
1.8386
1.67044
1.56477
1.5497
1.43193
1.45255
1.56267
1.63389
1.60127
1.56619
1.63638
1.86104
2.21624
2.6033
2.90435
3.06679
3.09032
3.06633
2.95258
2.79798
2.43176
2.00159
1.98106
2.53083
3.06119
3.39989
3.47337
3.62384
3.5597
3.60618
3.63938
3.53282
3.46958
3.40932
3.32415
3.20693
3.11994
3.06745
3.01258
2.5574
1.51018
1.40927
1.23499
1.05597
0.997624
1.01816
1.23141
2.13147
2.95698
3.01114
5.78973
5.09502
6.3141
8.82604
9.41568
8.73369
7.61783
6.88364
6.62596
6.60708
6.87517
7.5624
8.69025
9.38922
9.39305
8.9367
6.65294
4.12971
3.32068
3.3588
3.46945
3.56492
3.7009
4.00619
4.46266
4.62823
4.22001
3.72741
3.71038
3.59401
3.52671
3.61972
3.68976
3.7617
3.91877
4.19292
4.42282
4.54643
4.51165
4.37015
4.12472
3.82119
3.55658
3.28937
3.01406
2.85792
2.82795
2.78413
2.77274
2.77553
2.76088
2.72903
2.73027
2.76279
2.83907
2.96532
3.07574
3.12395
2.93701
2.81452
3.06387
3.07124
3.05419
3.11313
3.17481
3.21431
3.22277
3.23558
3.2292
3.25979
3.27136
3.27134
3.28886
3.29677
3.26514
3.23962
3.21743
3.25436
3.31423
3.14858
2.92215
2.92353
2.92372
2.92263
2.91262
2.90139
2.88572
2.89644
2.99726
3.13653
3.20259
3.13672
2.99011
2.8798
2.9554
2.90079
2.79248
2.76247
2.69998
2.53946
2.47911
2.50429
2.49074
2.48964
2.51568
2.53765
2.58624
2.66318
2.77552
2.92364
2.90575
2.97215
3.04649
3.03804
2.99489
2.90353
2.83832
2.85394
3.17407
3.42347
3.41947
3.37295
3.3546
3.3573
3.36259
3.37564
3.44015
3.50849
3.46341
3.46374
3.61267
3.50867
3.57395
3.55915
3.53474
3.52239
3.35188
3.22713
3.12968
3.25355
3.28782
3.47711
3.61987
3.79799
3.83937
3.71752
3.66304
3.67647
3.68385
3.64422
3.5685
3.50471
3.43945
3.44194
3.39153
3.3855
3.39743
3.34387
3.44515
3.67785
3.78042
3.89545
3.99401
4.00825
4.02551
3.97433
3.89275
3.75148
3.58697
3.38256
3.07036
2.737
2.50037
2.38095
2.28373
2.33812
2.53822
2.7113
2.73456
2.69924
2.66233
2.73405
2.72614
2.58565
2.73483
2.64379
2.34209
2.16429
2.08661
2.07172
2.08907
2.11229
2.13925
2.12164
2.13126
2.11728
2.11799
2.10694
2.12049
2.12849
2.15437
2.37008
2.94049
3.79104
4.32562
4.54112
4.6045
4.6749
4.632
4.4847
4.2351
3.85584
3.62224
3.51058
3.4435
3.35851
3.35354
3.26515
3.19845
3.16091
3.06375
3.08375
3.01156
3.00459
3.01391
3.05522
3.06774
3.07843
3.10104
3.09292
3.03641
2.98161
3.03295
3.14583
3.23149
3.27593
3.27625
3.29367
3.27596
3.29174
3.2997
3.21675
3.01178
2.87355
2.76741
2.67054
2.58288
2.54146
2.52062
2.50586
2.49424
2.47753
2.51316
2.56706
2.66137
2.79069
2.89638
3.01241
3.12024
3.22925
3.34116
3.4844
3.65435
3.64845
3.51202
3.10609
2.92456
2.72312
2.70592
2.82837
3.37589
3.84445
4.03726
3.88246
3.17643
2.54084
2.256
2.06496
1.91679
1.80736
1.71566
1.62092
1.57797
1.58525
1.59503
1.70204
1.79596
1.87617
2.00583
2.16562
2.32686
2.42327
2.52328
2.64523
2.68539
2.77617
2.97834
3.18895
3.41418
3.59478
3.72345
3.75617
3.71394
3.45889
3.0129
2.67767
2.51034
2.36986
2.23019
2.16792
2.1133
2.06303
2.0439
2.0849
2.15566
2.26417
2.4232
2.59031
2.65613
2.63657
2.55845
2.44969
2.33188
2.26119
2.17658
2.1194
2.01737
2.0224
1.99218
1.92311
1.91726
1.89527
1.71412
1.4627
1.46173
1.46762
1.45978
1.46177
1.69486
1.91437
2.12462
2.25049
2.35291
2.44029
2.46494
2.44144
2.34693
2.26097
2.06823
1.90851
1.6901
1.5786
1.52833
1.54023
1.43146
1.41612
1.42312
1.48841
1.64317
1.78994
1.94807
2.16021
2.45046
2.77342
3.02526
3.11566
3.10635
3.03386
2.82593
2.6494
2.47315
2.26254
2.11141
2.36807
2.81855
3.1991
3.35345
3.47151
3.53646
3.44778
3.48295
3.49452
3.41026
3.33943
3.24402
3.14494
3.06719
3.0556
2.97104
2.44434
1.44157
1.22365
1.06942
1.00306
1.03724
1.26407
1.68528
2.73927
2.86796
2.95954
5.90373
5.03058
5.98485
8.49222
9.46157
9.3002
8.41317
7.60599
7.01498
7.02813
7.31556
8.0746
8.94535
9.45878
9.54617
8.68516
7.24635
5.25746
3.78928
3.24999
3.24695
3.34943
3.57001
3.90772
4.16122
4.09056
3.81235
3.59017
3.67955
3.65092
3.47969
3.55457
3.60837
3.64897
3.69447
3.76597
3.88046
3.97097
3.99385
3.94142
3.81297
3.65758
3.49047
3.2901
3.08327
3.0027
3.07291
3.11602
3.08785
3.08403
3.01621
2.92016
2.82907
2.76902
2.76554
2.81183
2.88009
2.92171
2.82083
2.77401
3.04562
3.0968
3.06386
3.10058
3.15926
3.19287
3.21407
3.23502
3.25146
3.27689
3.25425
3.28081
3.29121
3.28101
3.27126
3.24693
3.24017
3.27241
3.30977
3.38019
3.21016
3.1069
3.04297
3.00078
2.98193
2.97214
3.01523
3.11224
3.22421
3.30514
3.26053
3.09292
2.92632
2.87556
2.97271
2.9466
2.86136
2.79825
2.77259
2.71812
2.57656
2.52293
2.53947
2.55453
2.5822
2.63659
2.7045
2.77394
2.85208
2.92782
2.90755
2.93985
2.98895
2.97005
2.96194
2.90982
2.87162
2.86621
3.07568
3.43502
3.48632
3.42847
3.37994
3.35932
3.33559
3.30637
3.26122
3.25171
3.3417
3.39506
3.43477
3.44985
3.50927
3.56762
3.51229
3.4926
3.33224
3.25589
3.15926
3.27345
3.29439
3.47612
3.58414
3.78091
3.96019
3.91478
3.72271
3.67743
3.70481
3.7225
3.68356
3.64716
3.5805
3.56002
3.41242
3.39964
3.42487
3.34461
3.37179
3.55926
3.66487
3.72976
3.73893
3.76646
3.74998
3.71879
3.62516
3.51771
3.37075
3.17766
3.01727
2.97236
3.04585
2.98976
2.70532
2.52729
2.62418
2.74102
2.80733
2.90523
2.99919
3.03814
2.91761
2.68821
2.73784
2.78486
2.50936
2.28029
2.13473
2.06059
2.02079
2.01356
2.0092
2.02732
2.0214
2.04433
2.02653
2.04676
2.03993
2.07835
2.17301
2.39884
2.8191
3.24946
3.59447
3.97012
4.13333
4.23389
4.25666
4.34014
4.37401
4.08848
3.76569
3.60448
3.50549
3.41703
3.34725
3.25692
3.2368
3.07003
3.08945
2.99884
3.01036
2.99995
3.03185
3.0509
3.07064
3.09871
3.10376
3.06212
3.0077
2.97063
3.00836
3.08661
3.15429
3.19485
3.23717
3.25912
3.24373
3.26346
3.27709
3.30958
3.14769
2.98644
2.88381
2.8003
2.72035
2.63312
2.56561
2.53299
2.5192
2.5543
2.62695
2.70031
2.80316
2.914
3.00682
3.1213
3.19435
3.26959
3.38387
3.50455
3.56914
3.69048
3.83761
3.89162
3.84012
3.70818
3.7035
3.74674
3.971
4.09116
4.06464
3.82888
3.32927
2.66815
2.35952
2.19012
2.0486
1.93187
1.8484
1.79048
1.74712
1.7231
1.73483
1.86822
1.82951
1.9521
2.19109
2.20987
2.34797
2.50624
2.61905
2.72024
2.83404
3.02928
3.16225
3.34167
3.48755
3.51842
3.57605
3.64171
3.62925
3.5042
3.14767
2.776
2.62478
2.52394
2.40283
2.29513
2.22286
2.18945
2.20813
2.25709
2.3603
2.4786
2.60904
2.71968
2.74464
2.68909
2.60714
2.50521
2.38961
2.3228
2.17132
2.17498
2.04319
2.0223
1.96465
1.95304
1.91242
1.92214
1.70821
1.46158
1.45652
1.465
1.46058
1.45968
1.61243
1.76984
1.90624
2.03714
2.0849
2.12179
2.12665
2.10087
2.0193
1.95176
1.79916
1.68324
1.54769
1.51453
1.48924
1.5072
1.42869
1.41336
1.40851
1.41006
1.42019
1.44508
1.58548
1.84367
2.24677
2.73444
3.05583
3.13723
3.1164
2.9556
2.71412
2.55655
2.47468
2.43433
2.33267
2.43245
2.66537
2.95667
3.16764
3.24835
3.3362
3.36242
3.29837
3.2641
3.27384
3.19294
3.12996
3.06639
3.04978
3.04953
2.90053
2.21898
1.34823
1.11651
1.05235
1.10441
1.3259
1.74074
2.54219
2.86205
2.80592
2.90191
6.17474
4.96227
5.40106
7.54399
9.1334
9.51622
9.51422
9.1266
8.70428
8.48686
8.60801
8.89544
9.33169
9.59119
9.29166
7.4303
5.76672
4.94623
4.16019
3.57988
3.34503
3.33293
3.44095
3.58367
3.6604
3.63579
3.56349
3.53873
3.65275
3.77225
3.4822
3.4865
3.54544
3.56467
3.5723
3.58253
3.58616
3.61877
3.63732
3.63221
3.60732
3.56713
3.48932
3.38181
3.24344
3.17344
3.21622
3.29809
3.3435
3.31593
3.23843
3.12932
2.97311
2.86228
2.79271
2.75847
2.74351
2.76517
2.73314
2.7214
2.97801
3.13024
3.09896
3.08911
3.12576
3.16153
3.18888
3.20755
3.22933
3.20986
3.25832
3.26817
3.27998
3.28001
3.28016
3.26088
3.24383
3.23564
3.19071
3.20411
3.25346
3.27993
3.29079
3.29536
3.29091
3.30327
3.31756
3.33256
3.33808
3.33911
3.22928
3.00558
2.87517
2.87635
2.98731
2.99086
2.92065
2.88361
2.82922
2.79754
2.75737
2.68154
2.63904
2.65318
2.69472
2.7573
2.82483
2.88201
2.91689
2.91008
2.86959
2.90875
2.95005
2.96401
2.94424
2.91591
2.89173
2.89477
3.0445
3.38829
3.53331
3.51639
3.43372
3.38222
3.34352
3.29712
3.26793
3.25289
3.27516
3.26364
3.35919
3.43601
3.51984
3.52909
3.55628
3.49244
3.41756
3.33982
3.29874
3.36966
3.38954
3.54071
3.62062
3.77115
3.98702
4.03497
3.84762
3.69233
3.67598
3.70258
3.69023
3.68723
3.58795
3.54516
3.38355
3.41927
3.46702
3.38171
3.28771
3.44015
3.52341
3.58413
3.58383
3.57774
3.54909
3.51918
3.47353
3.41083
3.32462
3.24724
3.21824
3.27701
3.36451
3.38317
3.31377
3.15257
3.02091
3.11831
3.20219
3.25537
3.22213
3.169
3.00733
2.76052
2.74024
2.87928
2.69162
2.48143
2.28699
2.15454
2.05683
1.97746
1.93245
1.88969
1.89734
1.90842
1.9262
1.96451
1.97836
2.03883
2.10305
2.25783
2.496
2.76133
3.03802
3.33612
3.55109
3.7609
3.9488
4.16094
4.34527
4.30293
3.98698
3.72912
3.61543
3.50345
3.41867
3.27227
3.23261
3.10892
3.05026
2.99581
2.98072
3.01227
3.02254
3.05307
3.09267
3.09806
3.07539
3.03538
2.99289
2.96488
2.98879
3.01555
3.06217
3.10995
3.16451
3.18242
3.19011
3.22181
3.24875
3.32446
3.29426
3.10458
2.99975
2.92125
2.86146
2.7904
2.73645
2.67503
2.68895
2.72864
2.77096
2.84955
2.94338
3.02681
3.10293
3.16206
3.21341
3.22455
3.25018
3.29442
3.27997
3.3011
3.42481
3.48806
3.67947
3.78926
3.8786
3.92136
3.94132
3.85332
3.75201
3.56356
3.2767
2.78485
2.4539
2.31195
2.20304
2.10509
2.01527
1.93947
1.90598
1.88861
1.86133
1.99688
1.98854
2.11895
2.31649
2.34241
2.49444
2.6378
2.73226
2.84148
2.96013
3.06774
3.1287
3.20542
3.23939
3.23466
3.28578
3.37062
3.46152
3.4699
3.25406
2.91592
2.74617
2.65247
2.57376
2.48883
2.42264
2.39244
2.42282
2.47217
2.55747
2.65253
2.74884
2.79028
2.76813
2.70882
2.59741
2.4912
2.38049
2.33024
2.1592
2.13594
2.02528
2.02074
1.95898
1.92898
1.93955
1.92501
1.65331
1.45939
1.45187
1.45717
1.45967
1.45639
1.45816
1.55125
1.63116
1.6976
1.75133
1.76106
1.74661
1.72518
1.67045
1.63067
1.53861
1.50688
1.453
1.47934
1.44262
1.42168
1.40382
1.41172
1.42775
1.43167
1.42932
1.43606
1.48118
1.61204
1.99275
2.63656
3.07225
3.16056
3.13706
2.97616
2.772
2.62407
2.57805
2.60589
2.6104
2.6413
2.7236
2.84447
2.96636
3.05669
3.07837
3.08575
3.11764
3.0846
3.0598
3.05811
3.02494
3.02774
3.05373
3.021
2.71295
2.02654
1.39053
1.25951
1.29614
1.44839
1.86548
2.46281
2.7731
2.81187
2.74081
2.85221
6.39742
5.0557
4.87823
6.40515
8.05204
8.67029
8.9665
9.05321
9.15182
9.08645
9.13221
9.15136
9.10108
9.02777
7.95716
6.09043
4.63838
4.29947
4.11559
3.91949
3.73711
3.63803
3.59904
3.59631
3.59688
3.59122
3.58461
3.56221
3.63272
3.84345
3.54566
3.44223
3.48971
3.50793
3.49419
3.48991
3.49821
3.50549
3.51099
3.51417
3.52586
3.52693
3.513
3.47972
3.44317
3.40441
3.39614
3.41823
3.42715
3.38581
3.32397
3.19117
3.01234
2.87419
2.76916
2.73522
2.7215
2.70314
2.69677
2.68255
2.83844
3.11772
3.13343
3.09765
3.10585
3.10259
3.11603
3.11121
3.1001
3.1775
3.19143
3.22004
3.24417
3.26167
3.26526
3.25339
3.22596
3.19512
3.14102
3.1283
3.14913
3.15812
3.17545
3.18324
3.2019
3.21761
3.2597
3.31031
3.35407
3.34721
3.14953
2.88979
2.85582
2.91919
2.98172
3.02537
2.94625
2.89951
2.90924
2.9065
2.84775
2.81965
2.81229
2.81059
2.84764
2.90611
2.96465
3.00536
3.00579
2.96047
2.90124
2.85223
2.90183
2.90988
2.93966
2.92509
2.89597
2.9002
3.03753
3.29057
3.48873
3.55301
3.49597
3.45087
3.41018
3.34036
3.2762
3.21942
3.32061
3.24673
3.45612
3.38706
3.53047
3.57964
3.58402
3.58247
3.5435
3.54995
3.49903
3.57253
3.57104
3.60485
3.70169
3.80288
4.02629
4.06035
3.93061
3.78853
3.69469
3.6623
3.62545
3.59802
3.51333
3.47336
3.391
3.4098
3.50059
3.45669
3.25101
3.33167
3.39013
3.43796
3.40389
3.44314
3.42417
3.42886
3.42638
3.42443
3.41581
3.40221
3.39244
3.39036
3.3877
3.36303
3.35183
3.34208
3.31602
3.2982
3.23379
3.22432
3.15602
3.09827
2.93238
2.72615
2.75434
2.88469
2.8014
2.654
2.49069
2.36521
2.29137
2.23131
2.17576
2.17207
2.14124
2.18389
2.18896
2.26227
2.31288
2.44202
2.61556
2.82992
3.13123
3.37936
3.59916
3.76655
3.89382
4.01315
4.12165
4.20174
4.26394
4.28986
4.22208
3.85457
3.65599
3.62302
3.53137
3.35997
3.32988
3.10622
3.16315
3.00106
3.05898
3.03408
3.04952
3.08497
3.09549
3.09965
3.08507
3.05854
3.03574
3.01937
3.02289
3.02538
3.04196
3.08018
3.07557
3.13925
3.15708
3.17911
3.23101
3.30217
3.32712
3.17757
3.04992
2.98831
2.96402
2.91058
2.8796
2.87363
2.85012
2.86322
2.89839
2.98221
3.03915
3.09985
3.13308
3.14417
3.1374
3.13744
3.12623
3.07395
3.10887
3.03388
3.08588
3.0036
3.12314
3.06077
3.19987
3.16922
3.28337
3.28466
3.34961
3.29395
3.12492
2.81053
2.49787
2.35764
2.29832
2.26637
2.21688
2.17284
2.13117
2.14238
2.12465
2.13604
2.33727
2.38999
2.40781
2.61953
2.65438
2.75681
2.80439
2.87314
2.90154
2.93771
2.94279
2.94347
3.01938
3.03859
3.08547
3.22886
3.32782
3.39083
3.28268
3.00371
2.80424
2.74288
2.69377
2.63902
2.58436
2.54897
2.59204
2.62286
2.68582
2.75107
2.77918
2.7716
2.7168
2.63971
2.52066
2.42527
2.28866
2.28034
2.06408
2.11434
1.94679
2.00364
1.93121
1.95473
1.94062
1.92337
1.5358
1.4579
1.45411
1.45378
1.45011
1.44896
1.44957
1.45078
1.45218
1.45354
1.45529
1.45441
1.45506
1.4523
1.45263
1.45134
1.45146
1.44593
1.44781
1.44338
1.40708
1.38733
1.40113
1.43118
1.50272
1.54193
1.55767
1.56482
1.5753
1.61602
1.77796
2.42512
3.03156
3.17352
3.18527
3.13703
3.04586
2.96678
2.91697
2.91466
2.92903
2.94461
2.94732
2.97166
2.97758
2.96524
3.00445
2.93018
2.95913
2.91738
2.94788
2.94925
2.98692
3.01819
3.07341
2.92611
2.42629
2.25758
2.17989
2.13358
2.23208
2.39277
2.6072
2.74774
2.78278
2.74958
2.72924
2.81811
7.92378
7.65351
7.42485
7.21925
7.05122
6.98812
7.01939
7.14202
7.34713
7.62111
7.96417
8.28209
8.53297
9.31832
3.18659
3.66128
3.75741
3.71764
3.61777
3.51184
3.47846
3.53402
3.76119
3.98638
4.17179
4.2065
4.20597
4.15386
4.08905
4.02315
3.95907
3.9054
3.85781
3.80128
3.76034
3.71898
3.67323
3.63275
3.55638
3.48416
3.43505
3.44959
3.36674
2.68186
3.14742
2.98665
2.99251
3.00027
3.00728
2.97353
2.98689
2.9509
2.9759
2.94892
2.97624
2.97647
2.99849
3.01222
3.03414
3.04265
3.05398
3.03853
3.03037
3.00683
3.00104
3.05927
3.03289
3.0956
3.10741
3.1351
3.1267
3.0524
3.08607
3.16887
2.93315
3.04759
3.11477
3.11258
3.07554
3.01291
3.00425
2.93268
2.95588
2.95148
2.96245
2.97607
2.99348
3.00567
3.00516
2.99581
2.98595
2.95778
2.91493
2.86252
2.84297
2.73442
2.74199
2.68188
2.69994
2.71994
2.74317
2.76804
2.74226
2.5582
3.4365
3.32447
3.29446
3.25112
3.2985
3.32199
3.37077
3.42367
3.47577
3.50931
3.51752
3.5192
3.49277
3.48459
3.45024
3.45791
3.56322
3.51428
3.68672
3.72806
3.746
3.80222
3.74645
3.31428
3.28359
3.34351
3.36136
3.36581
3.33039
3.24131
3.40276
3.33968
3.38738
3.38215
3.35591
3.32234
3.26434
3.308
3.28943
3.3234
3.32333
3.3265
3.32836
3.327
3.3196
3.30332
3.27724
3.24763
3.18786
3.20719
3.14789
3.20477
3.18517
3.26209
3.31801
3.37174
3.44394
3.55176
3.59598
3.61317
1.9016
2.22465
2.27275
2.19927
2.18879
2.20873
2.24256
2.28992
2.31971
2.32415
2.30945
2.27716
2.23449
2.18032
2.11872
2.06339
2.04958
2.0257
2.01091
2.03117
2.06721
2.11032
2.15075
2.22153
2.24933
1.62854
1.51472
1.54135
1.5739
1.5883
2.6618
3.08627
3.2464
3.35037
3.4547
3.52116
3.51116
3.51465
3.3775
3.39329
3.22078
3.246
3.13522
3.15604
3.17217
3.17327
3.27102
3.28818
3.33776
3.34763
3.24639
3.02227
3.02356
3.04739
3.0787
3.09842
3.11649
3.12361
3.12108
3.10726
3.0174
3.10535
3.1766
3.21282
3.19379
3.13931
3.06719
2.99593
2.93706
2.9094
2.92223
2.88674
3.00249
3.03567
3.11845
3.19924
3.29312
3.319
3.26099
3.29743
3.34672
3.37643
3.40445
3.43279
3.46244
3.48188
3.48166
3.4327
3.29549
3.1874
2.29346
2.31915
2.32312
2.31628
2.30719
2.28796
2.24716
2.19805
2.15549
2.13085
2.16561
2.1112
2.30288
2.30728
2.52222
2.66195
2.93814
2.97488
2.81227
2.82833
2.82306
2.85833
2.90993
2.95857
3.01324
3.06522
3.10721
3.14556
3.17099
3.16027
2.52907
2.64763
2.74055
2.82089
2.84974
2.82339
2.75552
2.6973
2.67182
2.68632
2.7085
2.73129
2.75455
2.78628
2.72345
2.56333
2.49975
2.37673
2.06006
1.94617
1.93332
1.71166
1.65733
1.69166
1.57508
1.59237
1.63797
1.6212
1.71058
1.77014
1.44589
1.4309
1.45039
1.73614
1.67816
1.62787
1.59031
1.54518
1.52295
1.51444
1.46833
1.51791
1.49614
1.50172
1.52615
1.53987
1.54514
1.5587
1.56971
1.57173
1.57007
1.56815
1.57828
1.58457
1.60226
1.66485
1.73491
1.76559
1.64986
1.45172
1.59557
1.59382
1.61229
1.64241
1.6148
1.54141
2.31723
3.02488
2.98205
2.9458
2.94346
2.86839
2.85973
2.8129
2.78621
2.75778
2.72475
2.68035
2.64314
2.59016
2.56569
2.49191
2.49674
2.42292
2.41547
2.32838
2.2006
1.95455
1.86406
2.13564
7.01926
6.71393
6.20024
5.86644
5.72829
5.75825
5.83757
5.93903
6.07996
6.37271
6.94327
7.71968
8.39601
9.26214
3.25052
3.72049
3.74856
3.6402
3.51465
3.45723
3.65436
4.22498
4.88095
5.23737
5.22083
4.9829
4.716
4.4354
4.1952
4.03932
3.96679
3.93913
3.93394
3.95285
3.97052
3.958
3.92849
3.8781
3.7789
3.65168
3.51538
3.46409
3.47243
3.05362
3.13152
2.98972
3.00241
3.01518
3.01825
2.97804
2.97668
2.92996
2.91856
2.91085
2.9227
2.94667
2.97287
3.02111
3.0516
3.0687
3.06159
3.04625
3.00989
3.01797
3.02046
3.01683
3.07072
3.09966
3.11381
3.16475
3.15697
3.11624
3.07365
3.09636
2.98381
3.08405
3.09956
3.04628
2.99033
2.9235
2.86181
2.85454
2.84469
2.84942
2.86556
2.88016
2.89218
2.90517
2.91831
2.9308
2.92572
2.89901
2.87405
2.81738
2.72602
2.67496
2.66024
2.60377
2.60257
2.63072
2.66286
2.72129
2.7592
2.67695
3.43006
3.31576
3.25107
3.20777
3.25942
3.30097
3.37739
3.46122
3.5315
3.58055
3.59516
3.5793
3.57804
3.56811
3.5699
3.5588
3.60283
3.69821
3.73826
3.792
3.78945
3.80318
3.83182
3.61767
3.3754
3.37958
3.46321
3.49971
3.50557
3.48064
3.39715
3.3702
3.37662
3.37971
3.32511
3.3643
3.41568
3.53881
3.59028
3.61185
3.57967
3.53312
3.46542
3.4077
3.34085
3.29635
3.25471
3.23652
3.2367
3.23453
3.25059
3.25357
3.33781
3.34503
3.36653
3.40688
3.45141
3.52255
3.5916
3.6213
1.94775
2.25705
2.27421
2.25275
2.32766
2.49203
2.61888
2.62226
2.58172
2.4985
2.39732
2.30063
2.21075
2.13804
2.08108
2.03619
1.99712
1.99166
1.98002
1.9903
2.00332
2.03693
2.07092
2.12918
2.2161
1.95939
1.58803
1.56934
1.67082
1.72512
2.65673
3.19381
3.3401
3.54604
3.64218
3.636
3.55756
3.47158
3.33213
3.26475
3.16649
3.1012
3.07204
3.02962
3.05927
3.11817
3.15524
3.19987
3.27408
3.32081
3.32425
3.17467
3.01916
3.01007
3.0525
3.0852
3.1324
3.16905
3.19463
3.20688
3.00839
3.13954
3.18927
3.16069
3.08363
2.9853
2.88337
2.79628
2.73444
2.70455
2.65966
2.74121
2.81329
2.88654
2.99057
3.08437
3.21573
3.31513
3.32357
3.28143
3.31508
3.32061
3.34753
3.37905
3.42458
3.45182
3.52582
3.59604
3.49993
3.20146
2.25841
2.27799
2.26972
2.25611
2.23071
2.17528
2.09849
2.02966
1.95596
1.91386
1.89101
1.93386
1.97293
2.09104
2.20927
2.40872
2.657
2.90684
2.90668
2.8811
2.83172
2.82736
2.86104
2.9425
3.00516
3.04124
3.08295
3.11548
3.19062
3.19095
2.4747
2.60876
2.78567
2.81027
2.7481
2.64762
2.54442
2.47348
2.43651
2.45925
2.5152
2.57685
2.65954
2.75709
2.75948
2.61644
2.38641
2.22312
1.97702
1.75372
1.7539
1.6388
1.52378
1.54642
1.53946
1.49342
1.5247
1.56965
1.66393
1.76839
1.44728
1.44673
1.63843
1.72441
1.66002
1.63077
1.6046
1.58981
1.55675
1.55333
1.52644
1.49702
1.48767
1.48964
1.47045
1.49319
1.51587
1.53352
1.55719
1.56563
1.55573
1.54312
1.53058
1.51811
1.5273
1.57744
1.65302
1.73136
1.68921
1.49405
1.57386
1.48305
1.50154
1.69379
1.63015
2.04122
2.81124
3.09785
3.04604
3.11388
3.06795
3.08757
3.05224
3.00667
2.96912
2.91526
2.83848
2.75513
2.66536
2.58773
2.56079
2.50785
2.51788
2.46972
2.46086
2.36994
2.17507
1.90533
1.86394
2.17321
6.4632
5.86765
5.38345
5.33874
5.56936
5.90039
6.18238
6.3138
6.24131
6.10282
6.20086
6.82119
7.94146
9.17011
3.30538
3.74139
3.69547
3.5422
3.42449
3.48316
4.08882
5.01268
5.68177
5.6444
5.15955
4.67976
4.3805
4.07552
3.89235
3.80073
3.85367
3.94622
4.06412
4.14686
4.20501
4.22364
4.19348
4.11829
4.0078
3.84886
3.66185
3.51269
3.47931
3.25505
3.1081
2.98569
3.00662
3.02978
3.02799
2.98358
2.97051
2.9265
2.94768
2.91747
2.91752
2.90484
2.94389
2.99799
3.03411
3.04387
3.03223
2.98313
2.98274
2.98637
2.9773
2.96827
3.03411
3.07182
3.11711
3.15474
3.18755
3.1565
3.10217
3.10764
2.99516
3.07765
3.05914
2.99473
2.91327
2.85174
2.83686
2.85006
2.87615
2.89023
2.89099
2.89202
2.88567
2.87065
2.87497
2.88509
2.8818
2.86792
2.81632
2.72461
2.65045
2.63362
2.54874
2.53382
2.54861
2.55955
2.5927
2.6465
2.72245
2.72105
3.42349
3.29747
3.22344
3.17231
3.24138
3.30595
3.4081
3.50478
3.56823
3.60025
3.60939
3.608
3.58254
3.55692
3.59376
3.59347
3.66628
3.71432
3.7784
3.83239
3.82877
3.80494
3.81834
3.77017
3.57334
3.3954
3.39614
3.42996
3.46865
3.52882
3.41145
3.35903
3.38332
3.34401
3.37497
3.45882
3.68199
3.86485
3.88319
3.87901
3.782
3.67358
3.56744
3.45572
3.32347
3.25575
3.26654
3.3286
3.35238
3.45879
3.47615
3.51683
3.55579
3.59334
3.53092
3.51057
3.49965
3.50339
3.57397
3.62368
1.9745
2.29184
2.3385
2.44836
2.70311
2.8941
2.94658
2.87814
2.72431
2.53816
2.37232
2.23834
2.16205
2.13189
2.11003
2.10105
2.1127
2.13143
2.11402
2.0822
2.06554
2.05056
2.05111
2.07146
2.144
2.11889
1.76865
1.59805
1.62528
1.7508
2.74635
3.30759
3.58865
3.69543
3.66095
3.5374
3.40031
3.31288
3.16465
3.16192
3.02778
3.02576
2.9836
3.02186
3.0248
3.04569
3.10614
3.15017
3.19741
3.24865
3.29586
3.26549
3.08187
2.95433
2.96105
2.9995
3.0694
3.11552
3.17365
3.20487
3.08782
3.18236
3.12599
3.01879
2.90833
2.79626
2.70498
2.63311
2.57216
2.55147
2.60645
2.60074
2.65461
2.74581
2.83235
2.95387
3.07719
3.22498
3.30869
3.2888
3.2604
3.25916
3.26802
3.3171
3.32705
3.3386
3.37652
3.53586
3.56094
3.28883
2.30407
2.29572
2.29876
2.27888
2.21592
2.11845
2.01843
1.91882
1.85243
1.79408
1.79905
1.77379
1.87475
1.9398
2.00585
2.14437
2.37021
2.64211
2.83881
2.88131
2.88219
2.84998
2.85158
2.93376
2.99193
3.01689
3.0607
3.10664
3.16179
3.21607
2.39121
2.67883
2.76118
2.66736
2.52731
2.39137
2.2853
2.20722
2.19434
2.21294
2.27992
2.38163
2.50084
2.61592
2.71652
2.6584
2.38029
2.15567
2.02083
1.74654
1.68388
1.66337
1.51029
1.51739
1.60425
1.55836
1.59883
1.59994
1.67638
1.77667
1.45
1.49843
1.73283
1.72886
1.72228
1.75475
1.79868
1.81748
1.83167
1.8002
1.76782
1.69204
1.60299
1.58101
1.53826
1.53066
1.56477
1.60695
1.61904
1.60409
1.57734
1.55218
1.53411
1.52899
1.51526
1.51815
1.59785
1.69137
1.67673
1.50488
1.68299
1.47456
1.46027
1.67975
1.82759
2.56174
3.06763
3.16597
3.18275
3.3033
3.2243
3.30534
3.23663
3.19259
3.16371
3.06683
2.98134
2.84037
2.70854
2.56894
2.53119
2.48345
2.50753
2.44122
2.38465
2.2053
1.96758
1.8273
1.90309
2.24848
5.72039
5.20439
5.25412
5.6916
6.24596
6.74959
7.16068
7.51032
7.47459
6.9913
6.41255
6.45201
7.43512
9.04189
3.33494
3.7371
3.64254
3.4347
3.35296
3.56799
4.38237
5.4116
5.92223
5.66635
4.88599
4.37204
4.15321
3.9022
3.75265
3.83208
3.98406
4.17607
4.34062
4.48091
4.61295
4.66727
4.64651
4.50819
4.3174
4.08553
3.82763
3.59647
3.49484
3.32749
3.10128
2.97885
3.01303
3.03672
3.04219
3.03116
3.02917
3.06325
3.11073
3.11524
3.03321
2.93521
2.93341
2.99182
3.01947
3.02189
2.9783
2.96774
2.99837
2.96311
2.98919
2.98627
3.02499
3.06585
3.08043
3.16568
3.19237
3.17919
3.14579
3.10149
2.99287
3.06282
3.02894
2.94863
2.86331
2.84527
2.89153
2.93455
2.96617
2.97219
2.94999
2.91379
2.90093
2.87946
2.86235
2.867
2.86513
2.81913
2.71116
2.64725
2.58677
2.50208
2.44889
2.45545
2.44521
2.49792
2.53393
2.58614
2.67263
2.72799
3.41872
3.29536
3.18164
3.16629
3.24956
3.32941
3.43899
3.51648
3.55236
3.5611
3.5501
3.52113
3.5221
3.5464
3.56566
3.67263
3.67834
3.73488
3.80613
3.84068
3.8606
3.82482
3.80871
3.79865
3.6914
3.49565
3.35213
3.33009
3.36315
3.44242
3.39395
3.37284
3.36728
3.36325
3.37414
3.58332
3.82216
3.9848
3.95306
3.88316
3.72113
3.60042
3.54291
3.4348
3.27522
3.25113
3.36238
3.4528
3.64659
3.72298
3.8435
3.88042
3.85083
3.84944
3.80287
3.68649
3.57972
3.52973
3.55988
3.60958
1.99361
2.3425
2.45559
2.71023
3.01866
3.13573
3.04147
2.8969
2.75865
2.50045
2.28644
2.1847
2.16298
2.17043
2.20884
2.26637
2.3087
2.31853
2.33194
2.33004
2.23332
2.15894
2.10608
2.06813
2.09832
2.14641
1.96858
1.66397
1.60692
1.73425
2.91146
3.35238
3.72874
3.70937
3.5148
3.36728
3.29863
3.1988
3.18167
3.11634
3.10932
3.07288
3.06308
2.99913
3.02815
3.06857
3.08327
3.12062
3.16019
3.19226
3.23989
3.25726
3.14927
2.958
2.9008
2.93807
3.02494
3.06037
3.14248
3.22725
3.20511
3.15557
3.00626
2.87486
2.76751
2.67919
2.61638
2.54474
2.50567
2.46948
2.38796
2.46277
2.52518
2.63305
2.71654
2.82773
2.95093
3.09435
3.23535
3.27899
3.25622
3.21628
3.25441
3.25615
3.23938
3.24772
3.2824
3.34609
3.55139
3.35777
2.30942
2.31989
2.34615
2.30026
2.17621
2.04278
1.92122
1.80106
1.74224
1.70546
1.68471
1.73502
1.70032
1.81621
1.90531
1.99458
2.11163
2.38602
2.68242
2.84739
2.87401
2.90283
2.85873
2.92009
2.95661
2.96178
2.98993
3.07167
3.14831
3.2199
2.44707
2.72968
2.68576
2.48588
2.31117
2.17454
2.08335
2.03845
2.022
2.05874
2.11526
2.19947
2.29774
2.47162
2.64164
2.64898
2.43257
2.13485
2.04649
1.82903
1.64453
1.67369
1.54509
1.49122
1.61437
1.61949
1.69276
1.72582
1.72435
1.76439
1.44939
1.62461
1.78545
1.79504
1.85933
1.98199
2.0871
2.16882
2.14371
2.1227
2.0147
1.95109
1.79353
1.66006
1.58835
1.559
1.55897
1.60918
1.62341
1.57282
1.52181
1.48264
1.46203
1.46973
1.49148
1.49185
1.55184
1.65896
1.6605
1.49198
1.85457
1.47887
1.44783
1.69989
2.13245
2.88917
3.19471
3.25913
3.34568
3.41617
3.39226
3.46408
3.35653
3.37053
3.26359
3.21739
3.10189
2.97866
2.79243
2.61727
2.49909
2.46612
2.44842
2.2533
2.04643
1.88691
1.87383
1.92703
2.15897
2.36695
5.02322
5.08897
5.67703
6.30042
6.57981
6.57109
6.72036
7.23761
7.90561
7.86404
7.10474
6.51274
7.11748
8.89018
3.30145
3.7203
3.56803
3.36385
3.27479
3.54923
4.39643
5.46917
6.0101
5.83173
4.96298
4.29442
4.08025
3.80041
3.73749
3.907
4.12859
4.31886
4.51866
4.74849
4.92852
5.06296
5.06856
4.93473
4.66444
4.33246
4.00921
3.69388
3.50623
3.35482
3.10231
2.9667
3.00057
3.04494
3.05399
3.07788
3.1024
3.21826
3.30719
3.35602
3.25037
3.01508
2.95187
2.99406
3.00826
2.9893
2.96382
3.0146
3.01468
3.00909
3.04841
3.06216
3.06926
3.06149
3.11197
3.13559
3.19381
3.2069
3.15894
3.10961
2.97674
3.04479
3.00149
2.91276
2.83496
2.86642
2.88313
2.91328
2.93816
2.97285
2.971
2.92097
2.90087
2.87073
2.85627
2.87092
2.82468
2.72542
2.62544
2.57971
2.46312
2.41323
2.43939
2.39246
2.41198
2.41554
2.47825
2.53419
2.62649
2.71233
3.39216
3.27452
3.13569
3.18779
3.26121
3.34304
3.44608
3.49544
3.50189
3.49282
3.47537
3.53606
3.62325
3.67578
3.72989
3.68878
3.78937
3.82655
3.82461
3.84398
3.85982
3.83657
3.79252
3.78997
3.74954
3.58555
3.37362
3.28164
3.32093
3.39573
3.43256
3.36418
3.37551
3.35058
3.36566
3.56226
3.78817
3.93276
3.85854
3.69426
3.49496
3.41581
3.44002
3.36634
3.24131
3.31173
3.46814
3.70868
3.92487
4.06536
4.14922
4.23631
4.24237
4.12778
4.06374
3.88617
3.68115
3.56973
3.5591
3.58293
2.00487
2.38552
2.58339
2.92387
3.19062
3.22053
3.03242
2.81278
2.73594
2.45465
2.2206
2.16167
2.17106
2.23944
2.35658
2.44951
2.52544
2.56826
2.55639
2.51883
2.48937
2.33418
2.18828
2.10216
2.08218
2.13967
2.07026
1.75385
1.62499
1.72288
3.22564
3.69488
3.81305
3.58537
3.40615
3.28122
3.28994
3.22027
3.24954
3.15912
3.16968
3.13456
3.10966
3.13641
3.10344
3.08406
3.1096
3.11389
3.15389
3.14645
3.1899
3.23889
3.19617
3.00306
2.87749
2.92443
2.98904
3.00273
3.05375
3.15521
3.15861
3.10518
2.9451
2.80138
2.70085
2.60943
2.52359
2.41055
2.35384
2.35425
2.43424
2.44621
2.42238
2.51613
2.60025
2.71608
2.82998
2.98559
3.11971
3.21816
3.2563
3.21216
3.20892
3.17464
3.13071
3.08421
3.06406
3.24805
3.54535
3.35792
2.33278
2.39169
2.40446
2.29449
2.12426
1.96024
1.84256
1.74216
1.66922
1.6307
1.6287
1.62536
1.7133
1.66457
1.75717
1.91756
2.01966
2.13544
2.49244
2.77624
2.83213
2.88902
2.90919
2.91414
2.91892
2.90626
2.93034
3.01832
3.12218
3.2188
2.66472
2.80803
2.57524
2.31603
2.11792
2.01084
1.94077
1.9255
1.93203
1.9544
1.99985
2.07482
2.18273
2.32363
2.50573
2.6414
2.44099
2.15808
2.09375
1.90719
1.73217
1.73531
1.54815
1.48361
1.51096
1.50255
1.61386
1.77006
1.79811
1.80217
1.45201
1.69366
1.83523
1.90709
2.08682
2.26742
2.40228
2.44499
2.50925
2.47307
2.34758
2.19048
2.02645
1.8321
1.63198
1.57038
1.55517
1.58811
1.60548
1.54084
1.47687
1.44214
1.41816
1.4213
1.44908
1.48549
1.54389
1.63446
1.64035
1.47562
2.02386
1.54909
1.43635
1.76085
2.39
3.08266
3.26663
3.37288
3.44866
3.50668
3.55251
3.50133
3.48148
3.44904
3.40144
3.2868
3.20869
3.07983
2.93531
2.70817
2.51374
2.40819
2.34666
2.06697
1.89479
1.90183
2.08036
2.221
2.39803
2.36811
4.93346
5.44366
6.1513
6.12606
5.62097
5.25419
5.27971
5.80296
6.95046
7.91735
7.60227
6.70609
6.97328
8.7858
3.28541
3.70654
3.55079
3.3247
3.21476
3.42261
4.15745
5.25383
5.99871
6.02856
5.17193
4.30732
4.01592
3.71259
3.75672
3.98549
4.1784
4.39375
4.66186
4.97942
5.26845
5.44827
5.51483
5.36734
5.02425
4.58902
4.14559
3.76378
3.5142
3.36169
3.13474
2.97242
2.99729
3.04713
3.06085
3.08124
3.15928
3.29194
3.4506
3.52839
3.4088
3.07368
2.9775
2.99975
2.99905
2.96588
2.99682
3.05676
3.04346
3.08534
3.10224
3.09246
3.11133
3.11343
3.11527
3.13741
3.21486
3.20281
3.17979
3.11394
2.95431
3.03078
2.98686
2.88807
2.84314
2.84996
2.86291
2.90873
2.93172
2.96041
2.94098
2.90558
2.89266
2.86266
2.86521
2.85396
2.7485
2.66592
2.55856
2.49313
2.39927
2.44741
2.37615
2.40529
2.38095
2.40683
2.43114
2.48761
2.58264
2.69916
3.34403
3.25592
3.09675
3.20599
3.24289
3.33537
3.43289
3.45445
3.43056
3.44003
3.48602
3.5593
3.58822
3.64848
3.73551
3.84761
3.81459
3.89441
3.91019
3.87978
3.87515
3.83597
3.80167
3.7631
3.75459
3.63249
3.40267
3.25968
3.30995
3.41237
3.42115
3.36813
3.39027
3.35168
3.34451
3.41034
3.61496
3.66686
3.63569
3.44049
3.31231
3.24815
3.36428
3.30815
3.23991
3.37651
3.68328
3.92969
4.21788
4.36839
4.49909
4.48518
4.52885
4.42807
4.25893
4.05534
3.79151
3.60024
3.55281
3.56409
2.01033
2.43578
2.71651
3.062
3.27212
3.21688
2.9373
2.74859
2.68478
2.39894
2.20115
2.12987
2.18404
2.36082
2.46718
2.54073
2.68315
2.74843
2.73544
2.68012
2.60836
2.50003
2.29054
2.16964
2.09094
2.13327
2.11428
1.86142
1.65742
1.73403
3.43739
3.9464
3.72179
3.4529
3.36175
3.30583
3.29245
3.20847
3.32703
3.12803
3.22014
3.04355
3.06916
3.01214
3.05866
3.07636
3.11999
3.11893
3.14534
3.12826
3.14518
3.18228
3.1776
3.02874
2.91268
2.95121
3.01804
3.02125
3.05272
3.17906
3.1977
3.03685
2.84879
2.68795
2.62327
2.50869
2.46085
2.38555
2.4191
2.35599
2.32024
2.37181
2.41944
2.47317
2.5115
2.63378
2.73076
2.88913
3.04633
3.16776
3.21355
3.18901
3.20202
3.10178
2.98171
2.89231
2.99307
3.13355
3.39331
3.2878
2.37527
2.45061
2.42023
2.25971
2.06996
1.90831
1.77782
1.71643
1.59244
1.62582
1.58166
1.63498
1.64917
1.7179
1.67284
1.76477
1.97444
2.06244
2.3097
2.66862
2.80966
2.84151
2.88997
2.90996
2.85315
2.85486
2.90157
3.01052
3.11757
3.18831
2.83932
2.79484
2.44162
2.18818
2.01309
1.92857
1.89784
1.88649
1.85928
1.84882
1.87498
1.94905
2.08681
2.22379
2.43674
2.57268
2.43391
2.2312
2.07282
2.06472
1.88373
1.80072
1.72924
1.58463
1.47411
1.48102
1.49056
1.53148
1.7683
1.81664
1.45424
1.72176
1.8847
2.03018
2.25715
2.48
2.65273
2.80876
2.76867
2.7311
2.68021
2.4737
2.23218
2.00668
1.7584
1.57761
1.54538
1.57442
1.59031
1.51581
1.45906
1.42861
1.40339
1.39782
1.43588
1.48093
1.55533
1.62467
1.58898
1.44858
2.17187
1.67237
1.43172
1.80886
2.56629
3.17825
3.338
3.45456
3.50092
3.61073
3.5948
3.60053
3.62204
3.55993
3.49329
3.3949
3.25501
3.16557
3.02797
2.84461
2.55826
2.37347
2.2735
1.9847
1.85792
2.07345
2.3722
2.47592
2.45743
2.29736
5.12064
5.80072
5.84455
5.20394
4.85391
4.74333
4.84394
5.21798
6.24793
7.65669
7.76087
6.89852
6.96571
8.72939
3.14547
3.68672
3.53279
3.28252
3.16931
3.26042
3.7274
4.76696
5.80181
6.02006
5.35259
4.30132
3.95478
3.64557
3.77881
3.98429
4.16947
4.40118
4.77555
5.1981
5.59996
5.83327
5.86749
5.6972
5.30543
4.76468
4.25222
3.80352
3.51757
3.35028
3.15832
2.98343
2.97691
3.04752
3.07686
3.1526
3.2204
3.38811
3.52436
3.59888
3.47574
3.09228
2.9789
3.01281
2.97896
2.98504
3.04561
3.09034
3.08412
3.12832
3.12182
3.11266
3.15092
3.12023
3.12501
3.17164
3.19127
3.2218
3.19259
3.11839
2.94063
3.01862
2.97647
2.89767
2.84717
2.80824
2.83465
2.84317
2.89178
2.95424
2.91799
2.88085
2.89917
2.88784
2.85911
2.80906
2.70306
2.62237
2.474
2.46834
2.41069
2.40727
2.37242
2.34151
2.37175
2.37777
2.42206
2.45996
2.5518
2.69362
3.28473
3.19888
3.13832
3.15689
3.18285
3.30889
3.41916
3.41087
3.37948
3.42641
3.45854
3.55956
3.65981
3.8523
3.94373
3.97667
3.97146
4.01272
3.88294
3.96986
3.82808
3.88325
3.76866
3.74979
3.73615
3.64943
3.40124
3.2504
3.3384
3.44531
3.48479
3.38475
3.38121
3.38592
3.34866
3.33444
3.37326
3.41931
3.3745
3.31512
3.19892
3.19494
3.30457
3.28201
3.23921
3.53653
3.81832
4.17272
4.39567
4.65129
4.74767
4.78178
4.72151
4.66952
4.39286
4.13835
3.86531
3.62481
3.53992
3.53933
2.02014
2.48591
2.80635
3.15328
3.30752
3.21998
2.82513
2.65999
2.68193
2.35799
2.15111
2.10711
2.25083
2.40885
2.47625
2.66287
2.85207
2.91197
2.95393
2.87041
2.74123
2.64543
2.33824
2.2129
2.10798
2.13929
2.13101
1.91949
1.69164
1.7599
3.62582
4.0017
3.61854
3.412
3.36892
3.32113
3.35345
3.22066
3.34245
3.11939
3.21324
2.98858
3.01209
2.99298
2.99686
3.05863
3.10104
3.12079
3.13053
3.12517
3.11536
3.16494
3.1736
3.07379
2.971
2.98265
2.98381
2.9878
3.02319
3.11343
3.23616
3.00838
2.77406
2.65717
2.5669
2.45263
2.40696
2.30985
2.31424
2.26722
2.28222
2.30958
2.32385
2.41501
2.45121
2.56436
2.67343
2.8296
2.98247
3.10406
3.15494
3.23944
3.15102
2.92036
2.88074
2.93081
2.92654
3.02187
3.39563
3.31644
2.43184
2.5224
2.44877
2.24619
2.04399
1.8583
1.74681
1.66463
1.57589
1.58403
1.56683
1.56574
1.59604
1.65143
1.74548
1.66841
1.91172
2.07326
2.2182
2.51885
2.78604
2.82405
2.82955
2.86087
2.80204
2.82836
2.95949
3.05776
3.11314
3.23086
2.96624
2.69817
2.32914
2.10538
1.9506
1.89583
1.83642
1.85117
1.87442
1.8939
1.85943
1.9116
1.99859
2.11243
2.36479
2.53072
2.43959
2.21618
2.15553
2.1584
1.98973
2.02183
1.82781
1.81138
1.62429
1.51367
1.47552
1.48446
1.49774
1.66767
1.45522
1.71833
1.93199
2.16123
2.42363
2.68523
2.8976
2.95213
3.04242
2.99108
2.87651
2.70696
2.49903
2.11926
1.89092
1.64012
1.53987
1.55142
1.60627
1.53327
1.46047
1.44433
1.42662
1.42771
1.47546
1.51119
1.57397
1.6129
1.5331
1.4319
2.33466
1.89353
1.43665
1.80268
2.62253
3.23813
3.37085
3.52973
3.53732
3.69281
3.63189
3.76054
3.70072
3.63465
3.53117
3.43213
3.33292
3.19973
3.09624
2.96923
2.68158
2.34624
2.26494
2.00711
1.79207
2.1277
2.42157
2.44809
2.26811
1.9306
5.42611
5.84519
5.22308
4.83161
4.93944
5.39929
5.76582
6.02416
6.63176
7.67603
7.8116
6.94074
7.01683
8.84497
3.05859
3.63216
3.60228
3.3353
3.18524
3.16495
3.37375
4.12532
5.30609
5.86318
5.38045
4.28726
3.88572
3.63129
3.76266
3.95853
4.12064
4.42766
4.89923
5.51193
6.01357
6.26684
6.2267
5.96744
5.47637
4.84306
4.26909
3.78612
3.49441
3.33986
3.19754
3.06351
3.00362
3.04523
3.1059
3.20729
3.32354
3.47554
3.58514
3.61224
3.48571
3.04339
2.98183
3.01296
2.98567
3.00552
3.10141
3.11413
3.11781
3.13623
3.10886
3.13211
3.13803
3.16161
3.17398
3.16103
3.20296
3.23712
3.18965
3.11311
2.91385
2.98114
2.99845
2.93506
2.86752
2.83222
2.8496
2.85566
2.92292
2.93899
2.89634
2.88541
2.92247
2.88933
2.85147
2.80127
2.6667
2.56505
2.46698
2.47606
2.3827
2.41661
2.36325
2.38681
2.36087
2.33945
2.41182
2.45764
2.53376
2.69444
3.24064
3.16463
3.15573
3.08637
3.09909
3.26417
3.37684
3.37235
3.35156
3.40953
3.43055
3.55102
3.68924
3.7892
3.91669
4.08164
4.02658
4.17683
3.86737
4.06846
3.76702
3.92059
3.72736
3.72447
3.70924
3.63367
3.36876
3.24336
3.40215
3.46582
3.47622
3.39964
3.37624
3.40811
3.38196
3.3198
3.3085
3.2883
3.28806
3.20752
3.17495
3.1598
3.31008
3.23662
3.32923
3.61627
3.9939
4.24919
4.61658
4.77777
4.96921
4.95805
4.85372
4.77174
4.44467
4.14738
3.86609
3.63104
3.53838
3.51408
2.00137
2.5091
2.85216
3.18528
3.30994
3.21794
2.74752
2.58266
2.66153
2.32765
2.13635
2.13164
2.26176
2.37935
2.50954
2.74069
2.86302
2.93924
2.9915
2.91256
2.75733
2.70124
2.35267
2.21474
2.11113
2.15969
2.14588
1.97105
1.73181
1.90477
3.77033
3.86741
3.555
3.45189
3.39082
3.31726
3.3713
3.27174
3.33077
3.13642
3.22038
2.94514
3.02571
2.94641
2.93565
3.04043
3.10748
3.11025
3.10929
3.13724
3.09136
3.14139
3.14282
3.06882
3.03014
3.03632
3.03398
3.0606
3.08895
3.1548
3.17845
2.91685
2.73741
2.60298
2.56004
2.41118
2.39827
2.30748
2.33225
2.27676
2.26916
2.32238
2.30028
2.43655
2.40486
2.52927
2.63338
2.79011
2.9467
3.06788
3.17375
3.18737
2.93768
2.85324
3.05864
2.97307
2.8719
3.10125
3.33448
3.19039
2.51592
2.61641
2.46576
2.24275
2.01746
1.83116
1.70876
1.64155
1.52353
1.60004
1.54106
1.60401
1.59737
1.59516
1.73398
1.60991
1.9155
2.01326
2.17919
2.461
2.70695
2.78814
2.80393
2.78089
2.72949
2.90006
3.04645
3.10928
3.17103
3.16677
2.79854
2.53988
2.29364
2.06863
1.92496
1.89658
1.81889
1.90946
1.86451
1.85211
1.93566
1.85554
1.93681
2.1175
2.28674
2.52302
2.37446
2.28893
2.20083
2.16345
2.16109
2.03642
1.95238
1.95521
1.81654
1.7421
1.54211
1.47334
1.48062
1.49111
1.456
1.7178
1.96776
2.17702
2.49689
2.79494
2.95208
3.03806
3.08473
3.04141
3.03613
2.77044
2.67847
2.24656
2.0143
1.67917
1.57473
1.51511
1.61154
1.56192
1.47212
1.44356
1.45676
1.48221
1.50888
1.53689
1.56729
1.54524
1.46509
1.43203
2.47809
2.16132
1.45879
1.71793
2.61679
3.235
3.41536
3.53126
3.59559
3.69717
3.71164
3.80122
3.70864
3.71354
3.62956
3.52218
3.3715
3.24725
3.13291
3.0259
2.81006
2.34562
2.17332
2.09331
1.6489
1.80377
2.19058
2.19489
1.77762
1.38753
5.59584
5.49477
4.90183
5.25763
6.55797
7.44075
7.68654
7.69915
7.69805
7.96103
7.73221
6.87271
7.07296
8.87877
7.41427
5.02058
3.09724
3.406
3.59853
3.4093
3.20341
3.1313
3.2242
3.68673
4.70949
5.59445
5.31856
4.21532
3.82127
3.61151
3.73247
3.89788
4.07005
4.39868
4.97881
5.59021
6.11387
6.32453
6.26698
5.98667
5.46103
4.78189
4.18417
3.70077
3.46074
3.29523
2.9561
3.11978
3.23047
3.15161
3.09798
3.12194
3.18475
3.29808
3.40004
3.52278
3.59768
3.6112
3.42542
2.98737
2.99829
3.02726
3.00054
3.05746
3.12456
3.14397
3.15741
3.1186
3.14173
3.11713
3.17701
3.1939
3.16554
3.17757
3.23349
3.24371
3.18886
3.1494
3.12565
2.9855
2.90025
2.96326
2.99211
2.95937
2.90493
2.85786
2.86552
2.87256
2.91162
2.90486
2.88933
2.91003
2.94546
2.90081
2.85322
2.77779
2.67459
2.5683
2.45949
2.46432
2.39604
2.41488
2.38741
2.40009
2.37648
2.34958
2.4174
2.45999
2.54724
2.78265
3.06008
3.09096
3.13018
3.05859
3.06224
2.93772
2.98318
3.18053
3.37105
3.36087
3.35159
3.36163
3.43048
3.52385
3.69645
3.82186
3.99655
4.14007
4.0214
4.16128
3.87282
4.02208
3.75866
3.87648
3.66686
3.71769
3.65993
3.57628
3.30762
3.34076
3.47476
3.51561
3.59376
3.51827
3.50468
3.44139
3.37879
3.34944
3.36932
3.3621
3.31659
3.28918
3.23652
3.21533
3.14033
3.21862
3.3077
3.2762
3.36356
3.76006
4.00482
4.37376
4.62965
4.88889
4.95503
4.97013
4.86373
4.72471
4.3829
4.08899
3.79391
3.59864
3.52708
3.50268
2.63564
2.02528
2.03847
2.54385
2.87341
3.16816
3.29595
3.14865
2.65715
2.54811
2.64047
2.32988
2.14111
2.12627
2.236
2.35253
2.49192
2.67891
2.77551
2.87753
2.89239
2.84323
2.68949
2.62074
2.33315
2.18565
2.12251
2.17793
2.16256
1.9396
1.85061
2.43364
3.90737
4.07017
3.96947
3.82874
3.58479
3.46915
3.42317
3.34571
3.35435
3.30477
3.36049
3.14296
3.22583
2.95753
2.99747
2.92978
2.94335
3.02442
3.09221
3.09022
3.11013
3.10288
3.08636
3.12161
3.13792
3.09921
3.06318
3.04682
3.10348
3.10049
3.11174
3.14503
3.18442
3.23514
3.19654
2.91524
2.71748
2.63022
2.53225
2.4463
2.37458
2.3155
2.30886
2.25627
2.24751
2.31547
2.28681
2.42697
2.40968
2.52165
2.65297
2.77599
2.92363
3.073
3.14719
2.99436
2.81391
2.92517
3.11155
3.10066
3.21515
3.26812
3.00945
2.67255
2.42729
2.55964
2.68093
2.69336
2.46935
2.23344
2.00504
1.82821
1.72093
1.57304
1.53972
1.55724
1.54077
1.57172
1.55419
1.63105
1.70392
1.6097
1.92568
1.97559
2.18213
2.43587
2.64211
2.7012
2.77765
2.68753
2.67846
2.79397
2.9165
2.94931
3.00283
2.98596
2.97079
2.99989
2.89535
2.5843
2.27342
2.12662
1.91414
1.87891
1.83995
1.9019
1.89724
1.84424
1.91051
1.86345
1.93209
2.08965
2.334
2.47084
2.40337
2.29986
2.2045
2.24483
2.1861
2.02483
2.07829
1.94519
1.92775
1.86771
1.75858
1.5423
1.47224
1.47719
1.48646
1.48543
1.46147
1.62342
1.94345
2.19447
2.52889
2.82533
2.97779
3.07913
3.16355
3.05054
3.11587
2.78897
2.73623
2.31001
2.08035
1.72396
1.61237
1.48669
1.59119
1.60463
1.48756
1.43782
1.45542
1.4776
1.49424
1.50693
1.49807
1.46506
1.44098
1.45153
1.99321
2.39675
2.65571
2.50433
1.76401
1.62254
2.46396
3.16799
3.43998
3.49772
3.60352
3.72497
3.73619
3.8053
3.72535
3.75214
3.66637
3.53444
3.42838
3.29752
3.14006
3.05932
2.95341
2.42901
2.04973
2.11345
1.58488
1.52046
1.61417
1.5271
1.3785
1.24611
2.99931
3.37944
5.70329
5.22518
5.0654
6.74867
8.44106
8.79028
8.55792
8.35125
8.03409
7.84819
7.45288
6.69071
7.1602
8.84841
7.92051
5.29386
3.2451
3.27516
3.61516
3.56154
3.35159
3.21393
3.24308
3.53954
4.38646
5.29561
5.13499
4.13967
3.78055
3.6044
3.68109
3.83516
3.97823
4.34093
4.84517
5.48297
5.95327
6.19687
6.10618
5.77737
5.2345
4.60493
4.03947
3.61556
3.40422
3.16897
2.958
3.17408
3.28815
3.25648
3.2464
3.26104
3.32286
3.37985
3.46256
3.514
3.57104
3.55523
3.32879
2.92271
3.02078
3.02503
3.019
3.07968
3.1474
3.1718
3.16657
3.17093
3.12566
3.17166
3.15963
3.21829
3.19341
3.22437
3.24831
3.23282
3.19166
3.14484
3.12348
2.96113
2.90625
2.95165
2.98583
2.99084
2.96339
2.93204
2.94594
2.96095
2.95153
2.91489
2.91813
2.97063
2.98463
2.91844
2.88388
2.76878
2.67163
2.61045
2.49148
2.44038
2.45449
2.40554
2.39925
2.44148
2.39429
2.39723
2.42525
2.48423
2.57536
2.87776
3.05445
3.10352
3.09749
3.04554
2.97243
2.88938
2.87556
3.10053
3.33176
3.36526
3.33155
3.34219
3.40181
3.49529
3.6384
3.76331
3.93214
4.02281
3.97265
4.02497
3.82042
3.92138
3.72727
3.79578
3.62966
3.6533
3.63782
3.43829
3.26784
3.31806
3.45568
3.52445
3.5768
3.59327
3.56792
3.50499
3.43543
3.40687
3.37611
3.34502
3.31161
3.28126
3.23035
3.17277
3.20673
3.22869
3.34681
3.25939
3.48511
3.74523
4.07285
4.29281
4.63804
4.79716
4.91791
4.89152
4.80645
4.54117
4.22776
3.9629
3.72523
3.61059
3.54458
3.1948
2.14361
2.00469
2.10801
2.60682
2.90206
3.14558
3.25154
3.0192
2.57618
2.52301
2.65791
2.35886
2.14028
2.11772
2.20333
2.28794
2.39927
2.55123
2.64722
2.71745
2.75527
2.6985
2.55708
2.39737
2.27192
2.14361
2.16528
2.18052
2.10659
1.98054
2.51501
3.6366
4.22669
4.2192
4.14588
3.95702
3.67477
3.50303
3.43678
3.38705
3.36209
3.28865
3.39757
3.1521
3.26037
3.03453
3.02705
3.02189
3.00964
3.08188
3.04908
3.10922
3.11479
3.07624
3.0785
3.11858
3.13094
3.07091
3.04628
3.12486
3.16461
3.17691
3.17759
3.21052
3.26638
3.26717
3.16933
2.9062
2.75232
2.61499
2.56717
2.45657
2.44511
2.28662
2.28827
2.24003
2.26907
2.32226
2.35928
2.40853
2.41957
2.60091
2.65056
2.80916
2.94137
3.08006
3.09508
2.82822
2.74347
2.82581
3.12687
3.24593
3.20431
3.01872
2.7107
2.48897
2.53221
2.769
2.97924
2.95588
2.56282
2.26386
2.04279
1.84253
1.69127
1.60591
1.52832
1.5367
1.53799
1.53726
1.6101
1.53382
1.70758
1.74137
1.80753
1.98161
2.27342
2.37184
2.59935
2.64776
2.69883
2.6205
2.62579
2.70676
2.75669
2.80332
2.89035
2.99102
3.1486
3.11441
2.88243
2.51339
2.24629
2.12396
1.98904
1.91436
1.84106
1.82608
1.80707
1.85642
1.8823
1.90264
1.99414
2.15135
2.39082
2.49708
2.39245
2.32318
2.24233
2.24927
2.17104
2.04966
2.06876
1.96649
1.94483
1.91839
1.86681
1.74358
1.46938
1.46904
1.47748
1.47783
1.46476
1.50376
1.8496
2.16033
2.47576
2.73817
2.96127
3.02282
3.09939
3.02371
3.04122
2.79186
2.66851
2.31409
2.06263
1.74612
1.6243
1.49543
1.53885
1.62282
1.55451
1.45445
1.43757
1.43822
1.45127
1.46988
1.49674
1.56212
1.69173
1.99408
2.62155
2.80957
2.86323
2.66681
2.03262
1.61752
2.22769
2.99761
3.44254
3.42885
3.68668
3.65149
3.69223
3.80872
3.71172
3.66129
3.66031
3.58166
3.43181
3.27453
3.13215
3.06611
2.98348
2.51809
1.88674
1.91579
1.51966
1.40979
1.37815
1.25235
1.07664
1.3762
3.03931
3.28195
5.6885
5.08012
5.66854
8.13278
9.22992
8.99161
8.33904
7.89517
7.61016
7.36931
6.95777
6.70902
7.40866
8.937
8.37626
6.49897
3.45941
3.22223
3.52396
3.64863
3.52826
3.3826
3.37553
3.65046
4.35649
5.0913
4.90282
4.02695
3.74626
3.57947
3.63693
3.75803
3.90088
4.13831
4.62332
5.11602
5.55106
5.75357
5.66132
5.36134
4.87731
4.34627
3.85491
3.50979
3.24083
2.93392
2.85026
3.05571
3.24534
3.24832
3.26172
3.27882
3.3003
3.32138
3.35414
3.39294
3.43932
3.44946
3.20354
2.8679
3.04901
3.04179
3.04217
3.10713
3.17875
3.18942
3.19393
3.16941
3.20676
3.18457
3.23885
3.19838
3.22728
3.2576
3.26591
3.22634
3.18566
3.15408
3.09382
2.93268
2.90132
2.93296
2.97304
2.98609
2.98945
2.97421
2.96267
2.95102
2.91631
2.90251
2.95673
3.03465
3.02155
2.89348
2.90685
2.81441
2.69584
2.62075
2.57047
2.43212
2.44259
2.48615
2.42848
2.39782
2.40066
2.44057
2.46143
2.52016
2.63056
2.90784
2.99944
3.05763
3.09958
3.03079
2.95967
2.85064
2.82734
2.99536
3.29737
3.36253
3.32817
3.344
3.38835
3.43754
3.52652
3.6207
3.69032
3.78985
3.77669
3.87398
3.73543
3.85288
3.64631
3.69973
3.61916
3.57422
3.57901
3.30818
3.23151
3.26546
3.42388
3.52587
3.60909
3.60952
3.67017
3.63315
3.58582
3.50431
3.43982
3.38191
3.34159
3.28902
3.24217
3.21923
3.23891
3.31102
3.35561
3.3249
3.4796
3.80023
3.98082
4.23697
4.43698
4.65483
4.70334
4.63921
4.45385
4.24246
4.01391
3.81356
3.66265
3.51393
3.14258
2.46662
2.061
2.03198
2.23106
2.68612
2.94661
3.10595
3.14486
2.8265
2.53521
2.51501
2.68386
2.4148
2.17319
2.10346
2.14315
2.22598
2.27832
2.35052
2.40173
2.44992
2.44858
2.41897
2.31589
2.2339
2.20465
2.13644
2.16971
2.1171
2.09178
2.37244
3.56982
4.32216
4.44522
4.43802
4.37427
4.14497
3.80661
3.57034
3.46646
3.41472
3.39717
3.30726
3.36695
3.22299
3.23707
3.11631
3.14673
3.02574
3.08382
3.03437
3.04826
3.12821
3.07703
3.05975
3.08408
3.10998
3.10737
3.05625
3.02829
3.11038
3.20406
3.23409
3.24616
3.29474
3.31802
3.31616
3.22287
2.98287
2.81196
2.68754
2.59304
2.51114
2.45641
2.40579
2.38011
2.31331
2.32728
2.36714
2.35002
2.44229
2.46668
2.62322
2.72227
2.83597
3.00144
3.06843
2.96406
2.82167
2.74216
2.72381
2.81028
2.99679
3.02445
2.89196
2.60472
2.50561
2.71626
3.07279
3.42569
3.33572
2.74907
2.33432
2.08551
1.86706
1.75023
1.62199
1.57343
1.48201
1.49897
1.55665
1.51694
1.56773
1.73769
1.68237
1.87714
2.00294
2.29778
2.39688
2.51458
2.63047
2.62282
2.55531
2.63355
2.67603
2.77966
2.91028
3.12681
3.33865
3.4255
3.23263
2.88466
2.56498
2.33383
2.12719
2.04872
1.99629
2.0069
1.94358
1.89243
1.91429
1.93624
1.985
2.11308
2.28455
2.47356
2.53105
2.43206
2.33232
2.28672
2.20983
2.16593
2.0606
2.07131
1.95814
1.96607
1.92523
1.89575
1.84432
1.57542
1.46571
1.47071
1.47153
1.46367
1.46434
1.77021
2.0913
2.37773
2.61323
2.80433
2.94894
3.00308
2.92118
2.89661
2.69072
2.53119
2.22461
2.00108
1.70838
1.61627
1.52035
1.46291
1.56953
1.62796
1.53833
1.449
1.44167
1.45248
1.56207
1.76741
2.07505
2.45001
2.79761
3.00562
3.01499
2.96225
2.79067
2.29384
1.7268
2.02414
2.75717
3.34354
3.41339
3.59948
3.64969
3.63614
3.68856
3.73397
3.66227
3.54682
3.47682
3.38908
3.26557
3.15852
3.0748
3.01385
2.5855
1.69615
1.60938
1.41852
1.23436
1.10715
1.02082
1.0307
1.51266
3.03511
3.10074
5.72902
5.1226
6.20703
8.74737
9.35769
8.68585
7.68601
7.10876
6.92688
6.74518
6.72949
6.98002
8.06373
9.14879
8.94699
8.04671
4.6832
3.34685
3.41269
3.61218
3.64374
3.60842
3.64061
3.89038
4.47039
4.93075
4.59677
3.88101
3.72915
3.57818
3.58173
3.69073
3.78117
3.9461
4.26597
4.67533
4.99226
5.13621
5.08548
4.86016
4.49138
4.06198
3.68116
3.37776
3.06564
2.78639
2.69592
2.7912
2.92993
2.88123
2.88824
2.89459
2.9287
2.97148
3.06616
3.16416
3.27774
3.30016
3.0674
2.83726
3.06472
3.0543
3.04624
3.11212
3.17716
3.22267
3.21061
3.21655
3.19982
3.24442
3.22289
3.25138
3.27232
3.28045
3.26759
3.2498
3.19898
3.18971
3.14399
2.96723
2.89568
2.92149
2.95113
2.97153
2.96898
2.96613
2.94366
2.90601
2.89941
2.9684
3.0824
3.10323
3.02493
2.88985
2.91984
2.85656
2.75989
2.6596
2.62004
2.53226
2.41578
2.41731
2.45146
2.45452
2.47104
2.47768
2.49708
2.57294
2.69757
2.92162
2.93262
3.00408
3.08664
3.07706
2.97685
2.8797
2.80988
2.89696
3.25393
3.39828
3.3562
3.33212
3.35236
3.39878
3.47195
3.50235
3.60586
3.67789
3.61823
3.69997
3.68194
3.65336
3.61964
3.568
3.64105
3.51599
3.46695
3.22431
3.2079
3.2096
3.37776
3.49123
3.66155
3.70433
3.66745
3.65528
3.66306
3.64052
3.59125
3.52243
3.43864
3.36616
3.30619
3.30727
3.33307
3.33246
3.40026
3.31338
3.51187
3.73315
3.93704
4.04291
4.26339
4.32465
4.36658
4.30908
4.19988
4.00549
3.82572
3.64111
3.43106
3.05359
2.54658
2.20351
2.13009
2.17283
2.41024
2.77563
2.93973
2.97816
2.85642
2.67529
2.56954
2.53273
2.70825
2.52097
2.23234
2.10813
2.09528
2.15097
2.18918
2.21952
2.25933
2.2361
2.23209
2.19896
2.17935
2.15914
2.15532
2.11423
2.14149
2.12113
2.38313
3.26283
4.24731
4.55504
4.61918
4.66956
4.61531
4.36321
4.00773
3.67812
3.52722
3.44253
3.41454
3.35144
3.31598
3.28461
3.24199
3.14347
3.09767
3.11976
3.04535
3.03854
3.08529
3.07831
3.04631
3.07118
3.09631
3.09748
3.06849
3.00302
3.04029
3.15724
3.25621
3.30401
3.32774
3.30965
3.31173
3.31912
3.27388
3.07872
2.89107
2.77412
2.68063
2.58291
2.4789
2.40622
2.38867
2.40944
2.38657
2.36133
2.40199
2.51571
2.59078
2.65411
2.79445
2.93816
3.03302
3.12807
3.14289
3.17248
3.13702
2.87448
2.7366
2.65497
2.70607
2.56863
2.50566
2.57167
2.97194
3.45231
3.85142
3.66834
2.91456
2.43009
2.15373
1.96616
1.79658
1.70033
1.64315
1.57468
1.51329
1.49653
1.53161
1.65375
1.7326
1.71015
2
2.07827
2.23972
2.43875
2.50928
2.57819
2.63176
2.61471
2.7061
2.8578
3.03042
3.22534
3.47563
3.65681
3.64131
3.35032
2.92498
2.5772
2.42843
2.28748
2.1069
1.96113
1.9482
1.9963
1.99413
1.97678
1.99328
2.08311
2.21824
2.41565
2.56559
2.56528
2.47518
2.39065
2.29841
2.23955
2.10764
2.12276
2.04666
1.97026
1.98225
1.92136
1.90515
1.89026
1.66694
1.46392
1.4661
1.46946
1.46193
1.46315
1.74087
1.99161
2.25155
2.46923
2.59966
2.69317
2.75432
2.70387
2.6814
2.48893
2.3333
2.08723
1.86767
1.64095
1.58637
1.53625
1.43127
1.44735
1.56506
1.63034
1.60671
1.5643
1.6361
1.86393
2.21246
2.60364
2.90739
3.06073
3.09998
3.06805
2.95873
2.78057
2.44888
1.98124
2.00684
2.4868
3.09507
3.36991
3.5422
3.51468
3.63711
3.60562
3.56001
3.60008
3.5573
3.46997
3.35046
3.22013
3.09333
3.06132
2.99505
2.55975
1.51095
1.41365
1.23136
1.05704
0.995106
1.01797
1.23557
2.13271
2.93935
3.01936
5.7629
5.08385
6.30784
8.82821
9.43521
8.76544
7.63074
6.90027
6.62709
6.63263
6.83883
7.58953
8.67029
9.39985
9.37618
8.93232
6.6535
4.16675
3.30685
3.34443
3.46175
3.56053
3.69872
4.0034
4.4572
4.62255
4.21625
3.72101
3.70708
3.59422
3.52737
3.6173
3.68702
3.77238
3.93039
4.16885
4.40189
4.52624
4.53218
4.37366
4.11499
3.822
3.56419
3.29115
3.01496
2.8586
2.83353
2.79406
2.77007
2.77301
2.75332
2.73463
2.72579
2.75963
2.84408
2.95332
3.09226
3.10733
2.94072
2.81417
3.06384
3.07001
3.05845
3.11605
3.16311
3.20666
3.24353
3.23558
3.25682
3.25709
3.25383
3.2808
3.29364
3.28294
3.27471
3.2461
3.21963
3.24928
3.31923
3.14396
2.92455
2.91639
2.92469
2.91935
2.91423
2.89656
2.88945
2.89389
2.98545
3.13526
3.21182
3.13679
2.98341
2.88355
2.9525
2.88853
2.82799
2.73832
2.64824
2.62348
2.55257
2.47596
2.48509
2.49608
2.5053
2.5404
2.59526
2.66801
2.77886
2.92585
2.9129
2.96316
3.04925
3.03055
2.98636
2.91291
2.83004
2.85792
3.17176
3.42213
3.41886
3.36606
3.34904
3.35408
3.37975
3.41147
3.39478
3.42119
3.52625
3.58027
3.47952
3.59305
3.52849
3.54967
3.57242
3.48813
3.37893
3.18497
3.1852
3.18259
3.34691
3.43461
3.64031
3.76783
3.8434
3.71667
3.66465
3.6759
3.67644
3.64249
3.58068
3.49166
3.44856
3.42713
3.42495
3.35412
3.4227
3.32497
3.46483
3.64898
3.81454
3.88494
3.94077
4.04268
4.04279
3.99131
3.86395
3.74662
3.59309
3.37203
3.07931
2.73968
2.50144
2.37913
2.2772
2.32734
2.54517
2.70626
2.7472
2.68357
2.67748
2.72167
2.72053
2.58904
2.73629
2.64506
2.34132
2.16555
2.07994
2.07125
2.0923
2.11548
2.11126
2.12751
2.11844
2.12558
2.11733
2.12435
2.11075
2.11722
2.18237
2.3547
2.94296
3.78179
4.35191
4.527
4.62162
4.65802
4.65073
4.46573
4.24885
3.85176
3.62805
3.50914
3.43109
3.40094
3.30111
3.2792
3.22112
3.13452
3.1183
3.03207
3.06037
3.04708
3.04413
3.03099
3.0575
3.09322
3.09785
3.08987
3.03777
2.99981
3.01542
3.1324
3.21617
3.26455
3.28403
3.28149
3.27553
3.29574
3.29414
3.21941
3.00538
2.86751
2.77018
2.69493
2.61206
2.51965
2.43661
2.39353
2.39908
2.4529
2.51448
2.59758
2.664
2.7699
2.90113
3.02084
3.12825
3.18681
3.32488
3.50511
3.61836
3.6848
3.44989
3.17455
2.86369
2.77923
2.69248
2.82881
3.33409
3.87817
4.06687
3.87451
3.19936
2.53231
2.25369
2.07021
1.91324
1.7812
1.69871
1.66901
1.6565
1.6406
1.67621
1.67615
1.75284
1.89193
2.02131
2.16669
2.28957
2.43362
2.54588
2.63409
2.66235
2.79479
2.98559
3.19312
3.40282
3.60347
3.70597
3.76837
3.70715
3.46362
3.01495
2.65807
2.50286
2.40516
2.275
2.14544
2.03775
1.9935
2.01988
2.0702
2.15474
2.27499
2.43181
2.58556
2.67036
2.64178
2.53448
2.44247
2.37349
2.25266
2.16291
2.08113
2.08681
2.00424
1.96138
1.95162
1.901
1.89574
1.72412
1.46326
1.46107
1.46848
1.45999
1.46202
1.71156
1.93065
2.09028
2.26226
2.38674
2.4479
2.47356
2.43825
2.37647
2.22236
2.10018
1.8803
1.71417
1.55951
1.54315
1.53079
1.43907
1.41636
1.42302
1.48941
1.64091
1.79082
1.94662
2.16059
2.45315
2.76927
3.01706
3.11933
3.11282
3.02764
2.83351
2.64062
2.48307
2.24386
2.11262
2.36222
2.82775
3.16476
3.40994
3.45939
3.45755
3.55412
3.48134
3.41614
3.40499
3.32806
3.23785
3.13453
3.07561
3.06052
2.98581
2.43359
1.44018
1.22419
1.06586
1.00312
1.03846
1.27291
1.72741
2.71499
2.8618
2.95139
5.93119
5.01107
6.01216
8.47648
9.44547
9.27502
8.44175
7.55582
7.08368
6.97368
7.34107
8.05295
8.95749
9.43746
9.5635
8.64407
7.25162
5.24143
3.78741
3.24776
3.25518
3.35593
3.57443
3.89899
4.1718
4.10146
3.80896
3.59463
3.68339
3.64875
3.48451
3.55142
3.60463
3.6463
3.71065
3.77449
3.88342
3.98974
4.00993
3.92838
3.8141
3.66158
3.48696
3.28954
3.08773
2.99777
3.08754
3.12316
3.09801
3.07425
3.01693
2.91766
2.82836
2.76573
2.76733
2.8092
2.88883
2.90697
2.83504
2.76741
3.04564
3.0974
3.06311
3.10204
3.1577
3.19174
3.21064
3.24228
3.2402
3.24433
3.28331
3.28099
3.27418
3.28797
3.27482
3.25008
3.23841
3.27154
3.30926
3.37717
3.20685
3.10365
3.04165
3.00298
2.9801
2.97494
3.0154
3.11607
3.22886
3.30447
3.25637
3.09617
2.93104
2.87317
2.98131
2.93314
2.86014
2.83615
2.75056
2.65141
2.63516
2.58436
2.53815
2.5448
2.58572
2.63969
2.70287
2.77309
2.85324
2.92283
2.90756
2.94766
2.98608
2.98054
2.94931
2.92342
2.8627
2.86558
3.07582
3.43583
3.48843
3.43199
3.37806
3.34924
3.32765
3.30476
3.31757
3.33926
3.3219
3.35788
3.41141
3.49396
3.52234
3.51855
3.55962
3.45404
3.37127
3.20312
3.22279
3.19632
3.36695
3.41984
3.61019
3.76822
3.96443
3.90783
3.72382
3.68256
3.70768
3.71122
3.69212
3.63296
3.61184
3.51892
3.45238
3.37085
3.44735
3.32503
3.3869
3.54446
3.67614
3.72847
3.7579
3.74714
3.73647
3.7036
3.63486
3.52212
3.36717
3.17466
3.02342
2.97272
3.04721
2.98328
2.69079
2.52199
2.62558
2.73864
2.81877
2.88926
3.01383
3.03213
2.91405
2.68375
2.73989
2.78384
2.50911
2.28184
2.13242
2.0588
2.02391
2.00895
2.02083
2.01838
2.04073
2.02821
2.05531
2.02747
2.04862
2.07231
2.16708
2.42105
2.80655
3.24716
3.62926
3.94356
4.14705
4.23858
4.26482
4.32359
4.38424
4.07964
3.76896
3.60196
3.50068
3.42735
3.34217
3.28616
3.15105
3.17384
3.01217
3.03318
2.98408
2.99617
3.00391
3.04421
3.08579
3.09693
3.10055
3.06452
3.00233
2.97406
3.00599
3.09267
3.16392
3.20291
3.23179
3.24679
3.25683
3.25696
3.28007
3.30527
3.14802
2.98651
2.88079
2.79397
2.72864
2.67083
2.60244
2.5602
2.57213
2.58329
2.62649
2.71346
2.80019
2.90154
3.01343
3.10192
3.19578
3.28945
3.39375
3.47227
3.59203
3.6894
3.82914
3.90474
3.83339
3.74987
3.63381
3.79598
3.93967
4.09244
4.04306
3.82562
3.329
2.66667
2.35902
2.19021
2.05412
1.93673
1.83197
1.74105
1.70778
1.7126
1.75142
1.73593
1.94136
2.02506
2.04765
2.27696
2.38453
2.46809
2.60555
2.73927
2.843
2.98717
3.2088
3.34411
3.43423
3.54638
3.59048
3.61988
3.64502
3.50365
3.13425
2.78868
2.61236
2.50791
2.43219
2.3474
2.22997
2.17893
2.18289
2.24993
2.35403
2.47762
2.61273
2.71444
2.7367
2.69923
2.6059
2.50038
2.40671
2.27868
2.25067
2.08429
2.08776
2.0115
1.98439
1.92854
1.93001
1.90621
1.7111
1.46149
1.45676
1.46495
1.46044
1.45968
1.60402
1.77858
1.92057
2.00231
2.09668
2.13761
2.13179
2.08484
2.04388
1.91782
1.82665
1.66506
1.56423
1.49545
1.51003
1.49749
1.42853
1.41342
1.40868
1.40987
1.42008
1.44459
1.58781
1.84098
2.24393
2.7364
3.05947
3.14414
3.10936
2.9579
2.72265
2.5412
2.49531
2.42393
2.35329
2.42188
2.68511
2.94586
3.14768
3.30375
3.31277
3.30975
3.34232
3.31668
3.23855
3.19693
3.12422
3.07048
3.04711
3.0471
2.89331
2.22764
1.34964
1.115
1.05394
1.09504
1.33504
1.74166
2.53315
2.86581
2.79465
2.90632
6.14214
4.98075
5.41722
7.58411
9.1482
9.53877
9.50997
9.14822
8.6834
8.51494
8.5842
8.90674
9.32397
9.58977
9.30775
7.4538
5.78291
4.94503
4.15622
3.59002
3.33729
3.3308
3.43579
3.58571
3.66286
3.63518
3.56988
3.53768
3.64974
3.77416
3.48132
3.48945
3.54354
3.56199
3.56803
3.58421
3.60355
3.60691
3.62576
3.63243
3.61325
3.56358
3.4882
3.38062
3.24306
3.17183
3.22393
3.29319
3.34173
3.32049
3.23473
3.12424
2.97561
2.86615
2.7926
2.75167
2.75414
2.74953
2.75107
2.71121
2.98095
3.13254
3.0964
3.09069
3.12556
3.16203
3.18519
3.19501
3.19782
3.2596
3.23707
3.26035
3.28012
3.28849
3.2745
3.25892
3.24454
3.23492
3.19459
3.19735
3.2561
3.27857
3.29333
3.29155
3.29505
3.29808
3.3157
3.332
3.33861
3.34047
3.22674
3.00771
2.87292
2.87659
2.99137
2.99094
2.9141
2.87728
2.87038
2.79172
2.70597
2.66803
2.66083
2.65811
2.69734
2.75432
2.82393
2.88335
2.91856
2.90667
2.86855
2.891
2.94897
2.94864
2.94665
2.92391
2.88373
2.89621
3.04558
3.3879
3.53258
3.51768
3.43563
3.38356
3.33924
3.28455
3.23044
3.19261
3.22914
3.31967
3.35793
3.43715
3.48751
3.56347
3.53027
3.50484
3.41785
3.32461
3.32211
3.31821
3.4589
3.48862
3.63199
3.76951
3.99065
4.03286
3.84546
3.68768
3.68776
3.69319
3.70297
3.64853
3.63751
3.49145
3.43208
3.38071
3.49579
3.35013
3.32156
3.41496
3.53451
3.57587
3.59755
3.57708
3.55411
3.52306
3.47577
3.40869
3.32516
3.24971
3.22285
3.27654
3.36147
3.38573
3.31473
3.14249
3.02626
3.10041
3.21329
3.24425
3.23187
3.16252
3.01386
2.75797
2.73896
2.87963
2.69075
2.48319
2.28777
2.15101
2.05816
1.98177
1.91143
1.89685
1.89256
1.90808
1.93264
1.94666
1.99508
2.01801
2.11008
2.26674
2.48719
2.75457
3.05457
3.32363
3.55762
3.75943
3.95999
4.15205
4.34963
4.29819
3.98843
3.72887
3.61163
3.5092
3.38138
3.32818
3.1787
3.1316
3.04014
3.00871
2.9973
2.97969
3.0184
3.07391
3.08489
3.09275
3.07729
3.03623
2.98792
2.96788
2.98192
3.02115
3.07527
3.11415
3.13772
3.19023
3.21055
3.22191
3.24062
3.3251
3.2955
3.10461
2.99837
2.92212
2.8533
2.78895
2.73334
2.71577
2.6929
2.70908
2.77546
2.85051
2.9382
3.02687
3.11012
3.16822
3.19354
3.24398
3.26598
3.25267
3.29244
3.33808
3.36612
3.5521
3.64131
3.79452
3.87307
3.94079
3.92436
3.86829
3.74281
3.57139
3.27163
2.78434
2.4554
2.3108
2.20305
2.11014
2.02416
1.95574
1.89868
1.87685
1.93097
1.89729
2.07315
2.1571
2.20571
2.41825
2.49655
2.59232
2.75436
2.84613
2.94917
3.05113
3.17054
3.1883
3.20174
3.26063
3.29425
3.37269
3.45557
3.46319
3.26413
2.91084
2.74905
2.64298
2.55819
2.50105
2.44999
2.39006
2.42616
2.47437
2.56304
2.65394
2.74833
2.79481
2.76512
2.69517
2.61247
2.50555
2.3987
2.25118
2.23376
2.08425
2.0645
1.98337
1.96599
1.94378
1.93014
1.93418
1.64914
1.45981
1.4513
1.45764
1.45965
1.45642
1.45821
1.54245
1.64262
1.70535
1.73035
1.75084
1.75086
1.71179
1.68445
1.60689
1.56702
1.47642
1.47829
1.46123
1.45408
1.42206
1.40427
1.41108
1.42849
1.43118
1.4296
1.4361
1.48106
1.61441
1.99064
2.64511
3.06668
3.16739
3.11924
2.98384
2.76882
2.61989
2.58686
2.58479
2.61912
2.63144
2.72521
2.85511
2.96292
3.03291
3.09394
3.11939
3.07878
3.07869
3.07912
3.03845
3.03296
3.02329
3.05667
3.02094
2.713
2.02298
1.39396
1.25579
1.30488
1.43899
1.85546
2.46102
2.76677
2.8109
2.74407
2.85368
6.42485
5.05223
4.86892
6.37691
8.04278
8.6953
8.90933
9.11284
9.10205
9.13483
9.10478
9.14272
9.13135
9.00699
7.9881
6.05775
4.6594
4.27744
4.12644
3.91332
3.73744
3.63225
3.60151
3.59634
3.59506
3.58518
3.57867
3.56492
3.63898
3.84473
3.54925
3.43861
3.49235
3.50999
3.4869
3.49007
3.47648
3.50663
3.51241
3.5183
3.52003
3.52676
3.51325
3.48023
3.4401
3.40316
3.40852
3.40553
3.42975
3.39521
3.30978
3.18229
3.00842
2.8718
2.7733
2.74072
2.71581
2.70556
2.69693
2.68539
2.83767
3.11482
3.13328
3.10215
3.10104
3.10669
3.10983
3.12721
3.14076
3.15087
3.19129
3.22642
3.24825
3.25963
3.26452
3.25239
3.22705
3.19589
3.14577
3.12863
3.15102
3.16276
3.17098
3.18611
3.19728
3.2231
3.25693
3.31762
3.3532
3.34622
3.14473
2.88987
2.85877
2.91449
2.98794
3.00974
2.95188
2.89573
2.91919
2.8976
2.86593
2.8108
2.78938
2.80946
2.84516
2.90431
2.96652
3.00472
3.0045
2.9753
2.88846
2.88049
2.88783
2.93039
2.92162
2.92323
2.89334
2.90125
3.03698
3.28972
3.48953
3.5529
3.49604
3.44911
3.40643
3.35119
3.28939
3.2685
3.22098
3.39089
3.31291
3.51295
3.49919
3.5608
3.5944
3.57813
3.5649
3.50598
3.56036
3.51498
3.58567
3.63108
3.66788
3.81803
4.02445
4.06374
3.93148
3.7853
3.69945
3.6581
3.63658
3.57791
3.5386
3.44367
3.41955
3.39437
3.50395
3.44674
3.26769
3.31166
3.41063
3.40342
3.44784
3.40627
3.43214
3.42734
3.42547
3.42383
3.41754
3.40224
3.39163
3.39581
3.38166
3.37266
3.3449
3.34172
3.32086
3.27318
3.26224
3.19638
3.17882
3.08186
2.93909
2.73012
2.75289
2.88387
2.80316
2.65446
2.48767
2.36779
2.29153
2.23121
2.19427
2.15042
2.1708
2.1538
2.21178
2.23745
2.33688
2.43673
2.59924
2.85524
3.11904
3.38075
3.59989
3.76419
3.89576
4.00678
4.12767
4.19764
4.26242
4.28223
4.22674
3.85268
3.65787
3.61887
3.51174
3.43104
3.22091
3.23869
3.03203
3.10123
3.01534
3.048
3.06524
3.07268
3.09382
3.09836
3.08472
3.06072
3.03389
3.02237
3.01561
3.03484
3.03814
3.05682
3.11488
3.12059
3.14969
3.20587
3.22003
3.2952
3.33211
3.17635
3.05513
2.98618
2.94357
2.93897
2.88525
2.81957
2.84416
2.86432
2.91682
2.96395
3.04313
3.10381
3.13085
3.1482
3.14895
3.1239
3.10191
3.12629
3.05076
3.08887
3.01236
3.10086
3.02286
3.16018
3.11644
3.24467
3.22784
3.32401
3.32351
3.30349
3.12808
2.80772
2.49812
2.35824
2.30102
2.26582
2.21831
2.16702
2.12985
2.09042
2.15185
2.24996
2.2094
2.34588
2.5442
2.53788
2.68145
2.73174
2.82297
2.85859
2.91406
2.91882
2.94697
2.98712
2.96685
3.03458
3.13323
3.20239
3.32786
3.38886
3.28981
3.00357
2.79936
2.74878
2.68775
2.62441
2.59891
2.57464
2.5954
2.62613
2.68474
2.75012
2.77901
2.77101
2.71938
2.62966
2.53857
2.4136
2.33986
2.16851
2.19685
1.9884
2.05046
1.9293
1.96983
1.933
1.95497
1.91854
1.54472
1.45859
1.45346
1.45395
1.45016
1.44898
1.44949
1.4507
1.45243
1.45393
1.45409
1.4552
1.45421
1.45462
1.44949
1.44995
1.44861
1.4481
1.4514
1.44486
1.40689
1.38661
1.40242
1.43159
1.49611
1.54078
1.55714
1.56681
1.57772
1.6122
1.77727
2.42692
3.03671
3.16897
3.18878
3.1408
3.03694
2.96528
2.93138
2.9181
2.9328
2.93474
2.95567
2.9623
2.97986
3.00384
2.94524
2.98305
2.92134
2.94208
2.93319
2.96509
2.97671
3.02621
3.06825
2.92818
2.42553
2.24608
2.1692
2.16875
2.21651
2.41562
2.59075
2.74097
2.77736
2.74323
2.7258
2.8169
)
;

boundaryField
{
    wand
    {
        type            zeroGradient;
    }
    frontAndBack
    {
        type            empty;
    }
}


// ************************************************************************* //
