/*--------------------------------*- C++ -*----------------------------------*\
| =========                 |                                                 |
| \\      /  F ield         | OpenFOAM: The Open Source CFD Toolbox           |
|  \\    /   O peration     | Version:  2.1.1                                 |
|   \\  /    A nd           | Web:      www.OpenFOAM.org                      |
|    \\/     M anipulation  |                                                 |
\*---------------------------------------------------------------------------*/
FoamFile
{
    version     2.0;
    format      ascii;
    class       volScalarField;
    location    "0.003950000";
    object      p;
}
// * * * * * * * * * * * * * * * * * * * * * * * * * * * * * * * * * * * * * //

dimensions      [1 -1 -2 0 0 0 0];

internalField   nonuniform List<scalar> 
12384
(
775447
773331
769370
765107
757640
756307
749755
752150
754593
752422
754469
749602
750197
747545
893669
921060
923953
943751
948270
957377
966483
964718
980477
987586
985844
962462
945942
927484
932357
928672
934276
938905
939661
940234
937696
932279
923385
910613
899666
880982
878022
854500
860783
851358
724707
727631
724675
719139
712235
707231
703434
713861
718093
732571
743495
753888
760637
761367
756259
754872
734871
718336
721391
697861
689171
696757
687783
692279
690940
688318
695360
699368
706608
714847
659690
660761
664988
660288
663079
660416
664837
654629
649308
654124
625534
616776
643380
605940
689695
663528
735911
736737
749114
740391
735389
720304
714956
700519
703315
701966
699672
709512
707739
708049
577087
570991
572032
583701
582150
586805
585105
590003
580889
601113
581765
626189
601436
657994
636797
686752
669947
710347
687563
739159
720984
769736
764824
783420
784099
782461
788667
785829
795261
795124
1.05082e+06
1.02785e+06
1.00948e+06
974569
923376
916425
889487
875440
873385
868248
845533
848112
789217
766053
763991
667276
709316
607810
653829
579764
619433
590883
619756
632800
656858
665979
685004
686648
702926
707620
639227
642244
644893
643732
643389
647844
646243
653388
659619
656514
678813
667020
698951
688274
722517
714222
744579
747524
754472
774306
784194
787911
841890
850268
863776
823484
794302
724776
682199
626674
748174
746202
743153
758114
752013
781214
776814
818927
817385
853131
830843
816609
668639
728311
629334
677043
662787
674917
676536
671888
659338
650318
626997
622176
608831
610081
623816
637153
645046
653690
543991
539130
536576
524640
531777
522565
573344
549765
631351
623908
646733
696014
682313
703284
729388
739568
750591
754994
751032
733852
726707
697345
699190
663095
675569
650168
649978
647207
643371
637558
676492
705066
708286
711313
725716
728643
735085
741943
749188
751229
754175
752795
752010
754846
737208
736131
705928
764649
737052
818193
864170
917914
948493
957896
941299
894170
865669
843189
872129
901172
1.08312e+06
1.09925e+06
1.1359e+06
1.14116e+06
1.17796e+06
1.16037e+06
1.22847e+06
1.22634e+06
1.30109e+06
1.1474e+06
1.15608e+06
853512
1.00528e+06
969799
1.0057e+06
1.02343e+06
1.06185e+06
1.09246e+06
1.11194e+06
1.11303e+06
1.09899e+06
1.06369e+06
1.01273e+06
944505
873356
825030
813084
848651
876871
894053
1.04733e+06
1.08296e+06
1.09687e+06
1.14591e+06
1.17573e+06
1.20146e+06
1.19328e+06
1.18565e+06
1.06755e+06
1.12256e+06
968528
1.06509e+06
992373
1.14226e+06
1.1089e+06
1.20639e+06
1.20449e+06
1.25341e+06
1.26335e+06
1.27835e+06
1.28085e+06
1.28014e+06
1.27738e+06
1.27695e+06
1.27183e+06
1.2731e+06
1.25222e+06
1.25164e+06
1.2245e+06
1.23083e+06
1.15501e+06
1.16815e+06
1.14289e+06
1.15701e+06
1.1755e+06
1.19993e+06
1.19944e+06
1.22042e+06
1.22314e+06
1.22242e+06
1.21427e+06
1.19595e+06
1.16456e+06
1.15903e+06
1.08274e+06
1.08518e+06
1.06158e+06
1.07624e+06
1.06642e+06
1.14007e+06
1.11951e+06
1.17522e+06
1.2058e+06
1.24433e+06
1.2943e+06
1.34826e+06
1.3906e+06
1.42767e+06
1.4405e+06
1.45514e+06
772618
772813
767201
765964
755137
758513
750139
754386
752920
757078
753524
753448
751846
743640
908796
924253
940844
943797
956371
953417
954674
963661
963480
974133
968800
955685
936150
932522
921978
928850
929225
933004
935775
933867
931969
925385
916736
903686
893271
877393
871218
857604
855296
851132
718728
718926
713967
707051
700093
697033
699617
693237
709924
718396
731898
742761
750098
754318
755025
742903
744430
715923
707959
706714
691756
688729
692392
693904
692168
692221
696646
700988
707095
713913
659822
659529
658454
662245
660055
666028
659264
663487
649626
651975
634621
615150
627515
620589
663749
669665
715370
734842
735479
728720
714043
709852
697815
700422
695652
694650
701807
704439
707944
705728
566037
577990
578590
581002
582895
581253
582977
578691
584707
585865
581678
613005
602146
650346
638873
683019
670968
708329
687491
739034
721587
767112
765566
782318
783822
783422
786607
786843
794720
794823
1.04053e+06
1.02179e+06
998799
970839
922643
912582
883994
884987
873518
872993
849198
834944
809353
745772
756606
675203
697103
614201
648347
581611
610407
590517
601648
627687
638738
661140
675084
689563
699263
708618
640434
641020
642397
649659
654960
659643
661611
656221
662935
663286
678084
673537
698561
694005
718729
724224
739350
752989
753001
776975
766476
829294
842798
871357
859803
821788
788625
751511
746349
734696
734192
742904
742393
752727
754369
768501
776550
803448
815977
844433
831604
816231
679827
724573
629435
682472
669632
680113
685060
683048
674026
659504
642553
630581
624890
615697
622880
631748
642245
652826
552355
540112
536159
528058
522164
548437
540547
573478
614620
611140
669412
666193
682983
704412
722075
735945
749077
752729
748028
736275
721210
697518
702389
668892
675661
659820
654926
647373
646270
640549
693667
694292
706889
714427
713883
726069
730031
731306
736910
740860
735462
730315
729981
719524
716978
686517
707888
711260
742976
773887
813385
844277
867133
871668
855537
817382
774088
762865
804743
857643
1.06787e+06
1.10617e+06
1.1206e+06
1.14436e+06
1.15259e+06
1.16278e+06
1.20318e+06
1.2493e+06
1.26328e+06
1.15728e+06
1.04997e+06
908864
896946
946473
954953
999010
1.02274e+06
1.04994e+06
1.06468e+06
1.06657e+06
1.05196e+06
1.02211e+06
972185
904219
828435
779102
766207
800519
839412
888009
1.06457e+06
1.08748e+06
1.11385e+06
1.14713e+06
1.17741e+06
1.19092e+06
1.18699e+06
1.15511e+06
1.08072e+06
1.09135e+06
988122
1.02696e+06
1.01238e+06
1.09694e+06
1.12754e+06
1.17431e+06
1.20115e+06
1.22937e+06
1.25637e+06
1.25803e+06
1.26214e+06
1.26238e+06
1.25871e+06
1.25174e+06
1.2498e+06
1.23147e+06
1.22926e+06
1.20309e+06
1.21034e+06
1.18804e+06
1.14074e+06
1.15487e+06
1.16739e+06
1.15208e+06
1.17902e+06
1.18838e+06
1.19715e+06
1.20722e+06
1.20865e+06
1.20781e+06
1.19937e+06
1.19268e+06
1.16365e+06
1.16568e+06
1.09684e+06
1.10887e+06
1.07954e+06
1.08276e+06
1.09701e+06
1.13865e+06
1.12767e+06
1.18787e+06
1.20327e+06
1.25127e+06
1.27835e+06
1.32281e+06
1.3632e+06
1.38588e+06
1.41755e+06
1.42613e+06
771401
770226
767197
762922
759894
755797
755963
753009
758361
755225
758377
759127
751098
757421
912205
932850
942641
955802
955829
960926
947525
938858
947857
947013
953807
941073
933752
914603
919849
915273
922749
922733
924693
924683
921965
916437
909211
896448
887391
872246
867456
850294
854218
844952
711799
708740
701220
692658
685965
680222
677001
692557
690392
702840
715121
727874
738280
744245
742117
743384
731439
724267
696495
693554
693051
690110
693795
695049
695735
695863
696518
701334
707709
711473
670286
674168
677460
675405
676307
670192
673524
660100
660996
639877
645130
610318
628438
614492
651272
653108
699785
707902
713927
702001
695576
682308
687674
681658
688629
691336
701985
705551
709928
712862
586958
577240
580334
578848
578150
578628
573522
575544
566882
586593
566171
614338
589757
652572
635099
684639
668947
710086
686361
739480
723095
768258
769518
778592
779212
781556
780961
788723
792871
797049
1.02279e+06
1.00634e+06
984414
967937
913194
918966
884721
894285
876471
875822
854855
825463
815798
735152
763870
668006
702430
613741
648321
577233
610752
580450
597682
613439
629581
646797
665457
681221
695062
703987
657616
658659
660101
657288
656500
656283
662277
670708
671551
676647
678755
686585
693687
705969
715384
730023
738649
744454
760837
754092
802264
816810
865456
871368
842430
799483
785163
743311
745005
740934
739054
740408
738884
750896
748045
763135
759692
789324
799054
830906
827969
825830
687658
726640
641621
679246
674726
689127
696468
696722
688992
677916
659817
642065
628114
631978
629053
628860
633625
642553
543849
549530
538200
526241
531679
548478
537047
578428
608045
611304
650696
655065
676664
700455
713659
729243
745591
749334
746568
732544
721167
701938
701049
673110
680279
662548
663452
653858
646624
647501
693578
695505
704120
707726
717787
712970
724300
725054
720792
719464
713501
704620
687359
692729
656420
683942
661986
690193
700263
738078
762484
780920
793385
798391
783999
761791
763117
769496
766617
784480
1.08165e+06
1.08465e+06
1.11911e+06
1.12007e+06
1.1357e+06
1.14579e+06
1.17703e+06
1.22469e+06
1.24831e+06
1.1529e+06
997668
847571
914157
905777
931327
934880
978794
996382
1.00698e+06
1.00253e+06
988312
957439
906726
838540
761020
713205
702493
750504
792888
820225
1.07951e+06
1.09593e+06
1.11535e+06
1.13931e+06
1.15642e+06
1.17031e+06
1.15501e+06
1.14383e+06
1.06331e+06
1.08004e+06
986595
1.02718e+06
1.01469e+06
1.07963e+06
1.08207e+06
1.16695e+06
1.1793e+06
1.2088e+06
1.21753e+06
1.24067e+06
1.23727e+06
1.24164e+06
1.24219e+06
1.23703e+06
1.22215e+06
1.21873e+06
1.19573e+06
1.19869e+06
1.16764e+06
1.17292e+06
1.1878e+06
1.1654e+06
1.16065e+06
1.15349e+06
1.16374e+06
1.17374e+06
1.18353e+06
1.19053e+06
1.1883e+06
1.18536e+06
1.1867e+06
1.1749e+06
1.16338e+06
1.15566e+06
1.10182e+06
1.11058e+06
1.09438e+06
1.10493e+06
1.1062e+06
1.14688e+06
1.14348e+06
1.18644e+06
1.2119e+06
1.24551e+06
1.27141e+06
1.31506e+06
1.33198e+06
1.35204e+06
1.35871e+06
1.40072e+06
767748
767396
764880
764277
759381
758352
754701
760415
757276
764660
761844
755407
757861
750572
944517
955047
964762
965326
964870
954618
948327
936854
914780
922890
924202
932274
913187
912165
901856
912953
911192
914130
912425
912107
910717
907731
899118
891416
876444
872428
853668
855578
840998
844148
700146
691913
684586
677022
671096
666363
664615
654735
672499
687181
699060
710495
720769
728413
737641
731684
725220
719088
697001
682870
683615
689765
691943
698311
698678
698506
699622
700767
707779
709996
679819
679772
674997
677130
680575
682832
675146
674786
655089
650648
632605
611911
615080
616702
623309
652728
665900
684827
673271
667859
655581
661828
658186
670892
677059
682744
702792
703272
712994
712282
584853
586642
580062
583930
575051
573287
569423
562020
567956
563065
565689
601170
588650
646960
635751
683178
672036
709792
690812
741850
727440
768930
768756
776836
774991
775145
781180
785490
794382
795914
996726
984708
975824
946001
922908
910141
897886
890816
887114
875222
861810
819850
818489
736360
755174
670785
701428
615225
645778
581654
603203
584346
599408
598019
617630
636460
650792
675907
687397
702175
672955
672673
672625
675627
678152
677014
674368
674219
678421
678022
682262
693772
697513
710455
719324
726904
735376
737961
741940
772379
779682
834079
860982
851361
817176
783751
757357
758142
760284
787974
717129
725911
739597
739694
745815
741744
759244
758928
794232
808644
832417
805067
708019
729424
642086
672116
683673
696915
706698
709374
705396
695274
683085
666758
649329
635265
635035
632850
628159
629575
566093
545476
554126
541300
534433
555327
531523
591941
574590
620527
632523
640864
664352
685052
702803
719538
734392
744808
739793
732330
720183
705891
697130
684035
682479
671580
670843
669283
666588
655966
691434
692610
705715
702190
710444
715554
708685
712925
707014
699321
688043
675905
672118
643804
651494
609441
658671
672434
665955
718105
730218
739901
748187
753074
759374
755712
738034
749758
749525
769967
1.05634e+06
1.08686e+06
1.08244e+06
1.11851e+06
1.11373e+06
1.12314e+06
1.15286e+06
1.19833e+06
1.21106e+06
1.13676e+06
972267
881717
807923
818489
857824
908344
901265
919428
924241
914703
896084
860129
812768
742736
684547
634209
618224
639942
696607
784606
1.09081e+06
1.09867e+06
1.11881e+06
1.12341e+06
1.13696e+06
1.13048e+06
1.12492e+06
1.08293e+06
1.07112e+06
1.01453e+06
999002
976252
1.03523e+06
1.02812e+06
1.09716e+06
1.10009e+06
1.1664e+06
1.1735e+06
1.19592e+06
1.19505e+06
1.2152e+06
1.20578e+06
1.21446e+06
1.20896e+06
1.20974e+06
1.18245e+06
1.17726e+06
1.14154e+06
1.14643e+06
1.11755e+06
1.1805e+06
1.17648e+06
1.16259e+06
1.14789e+06
1.14857e+06
1.16163e+06
1.15764e+06
1.16195e+06
1.16637e+06
1.16841e+06
1.16328e+06
1.16514e+06
1.16059e+06
1.13986e+06
1.11168e+06
1.12029e+06
1.1155e+06
1.09976e+06
1.14256e+06
1.13158e+06
1.17918e+06
1.17597e+06
1.21741e+06
1.22818e+06
1.26363e+06
1.28127e+06
1.31678e+06
1.3281e+06
1.35199e+06
1.33747e+06
766202
763912
765348
760684
762001
758759
762847
759061
767278
762908
765872
773028
773427
764946
950804
968450
974554
979327
968726
950031
950743
917520
909232
906158
903357
896298
906489
899016
899952
891191
893466
892341
900143
900774
897957
896359
890234
882980
872229
859282
855560
837927
835040
822806
687609
680809
673454
663689
652382
644304
647513
659959
656132
659711
677263
693296
707111
718529
720583
724411
721495
705693
691257
688072
679848
689633
690485
699681
700952
701412
701481
703129
705493
709794
693920
693845
697339
702287
700840
697236
689404
670744
664341
632984
638491
601237
613808
594884
617041
620428
651362
650872
660241
646882
646411
632357
644835
656739
661668
684751
695220
705952
711565
719082
595745
599262
596271
579864
579874
567026
563539
556419
549770
571311
550488
604425
582489
647817
634049
684599
674117
712135
699129
743847
736876
765141
772137
772821
772924
773556
776362
788217
791933
799043
964659
961277
946734
936388
913731
915433
897056
901132
889846
880281
860963
827312
811349
731583
761099
672596
695253
620768
647724
578347
608706
572925
593457
585657
619076
616811
654004
661570
686390
693564
689948
689281
691347
691419
690008
690650
688335
685714
684967
688289
689652
696642
701635
708822
714349
716866
715741
714399
738435
725671
799226
829208
836733
819530
797191
770936
753948
750981
770661
783325
720089
725592
723230
727771
727850
733165
735516
748105
764118
800116
796437
782923
742093
703732
645185
672041
686852
701571
712038
717383
717738
710539
699234
686681
677230
658458
637264
634847
638370
621432
551989
566474
542822
545504
536593
544441
545885
568381
593702
596569
617040
643895
636062
660008
686453
708905
721060
729691
735426
728881
719771
707092
702729
688971
689549
675316
672178
667618
668787
676730
698810
695701
703311
705469
703812
706667
704697
697305
699105
687048
658318
639250
602418
606375
575280
616827
605574
671011
654633
713683
715568
726198
730331
756625
756679
745371
748573
760696
764463
751899
1.02547e+06
1.05081e+06
1.08846e+06
1.07856e+06
1.1016e+06
1.1117e+06
1.12926e+06
1.17636e+06
1.18318e+06
1.12677e+06
991931
913756
798299
847244
821331
799475
841321
836598
824486
813182
797819
761099
721064
667305
597532
551620
550955
591054
689147
658523
1.09719e+06
1.09429e+06
1.10898e+06
1.10534e+06
1.10554e+06
1.09533e+06
1.06319e+06
1.05201e+06
1.00914e+06
991903
967469
978580
972399
1.04091e+06
1.0379e+06
1.10407e+06
1.09218e+06
1.14585e+06
1.14858e+06
1.17116e+06
1.16345e+06
1.19067e+06
1.17993e+06
1.18105e+06
1.1627e+06
1.16368e+06
1.1421e+06
1.1535e+06
1.12974e+06
1.13536e+06
1.18424e+06
1.16005e+06
1.14889e+06
1.12769e+06
1.13415e+06
1.128e+06
1.14619e+06
1.14331e+06
1.14523e+06
1.14671e+06
1.14705e+06
1.14458e+06
1.13271e+06
1.12024e+06
1.12e+06
1.11513e+06
1.11249e+06
1.10878e+06
1.14385e+06
1.15303e+06
1.15527e+06
1.1957e+06
1.20129e+06
1.21986e+06
1.24682e+06
1.26206e+06
1.2699e+06
1.26186e+06
1.27389e+06
1.3077e+06
758409
760355
759606
762314
761459
763962
762399
769645
766222
774756
773620
775728
767643
785370
975626
988089
989381
984650
969565
955389
939461
905685
917410
896759
902826
907541
892584
893353
885756
884697
888618
893163
883315
889646
891636
887821
884823
870016
860773
854667
840529
835310
821422
828681
681131
674558
671643
657102
650350
644473
641807
639749
648433
659524
665406
676542
691730
702909
714433
717665
711816
702634
683967
688991
673353
684975
686879
698599
702568
703184
703584
701964
704925
704907
705105
706179
707616
710265
712413
706441
695082
675941
655138
642428
619945
605164
591131
598231
588339
615263
614595
632686
620118
623855
617432
634154
633622
642487
668589
675668
696858
704970
712286
721535
615398
605554
597992
595166
576180
574408
561301
554582
555000
565154
552054
598753
585218
641897
640492
680206
683040
718936
707472
742112
741419
764956
766019
769813
768343
767197
779827
787437
796215
796532
931674
932096
931102
918370
917298
901833
905477
901392
896222
882151
867676
830960
787841
757931
750262
674385
701450
628446
639529
586396
607759
574550
587062
588186
600776
635124
634094
668045
677895
694107
710496
710971
710984
711165
710506
705250
702924
696436
692186
691509
693186
694980
696762
696012
695358
690701
686436
676568
705653
744283
805616
809953
812084
799873
776996
758309
757064
754254
752023
781655
708029
715754
734379
734657
740144
741676
730184
745162
747474
764231
763669
779870
716986
686599
660277
673219
686282
700535
712857
719953
720794
718453
710130
700370
689484
684352
674527
648805
620914
623504
572241
558282
579249
564800
571354
557694
550347
583712
574602
609644
606247
614271
644231
639799
659367
687559
710123
719789
724095
722965
714820
710378
700001
694275
690792
685983
687387
677613
676455
671675
689528
703862
704555
708845
705574
701008
704568
703719
688100
668781
647032
636086
610869
584002
594031
562413
631022
619554
679115
714753
735654
747807
741721
741282
749362
780562
780194
770301
772149
766049
1.0387e+06
1.02064e+06
1.03476e+06
1.0438e+06
1.07969e+06
1.07345e+06
1.13275e+06
1.15708e+06
1.16734e+06
1.12832e+06
1.00782e+06
926626
775101
820382
802610
832338
794506
795962
805284
786747
756649
714266
673931
613673
598548
550253
550421
603587
590698
700115
1.09408e+06
1.09176e+06
1.08246e+06
1.07218e+06
1.05923e+06
1.04207e+06
1.02511e+06
988636
971962
952625
947663
948196
973264
971445
1.03676e+06
1.03587e+06
1.09884e+06
1.07561e+06
1.12746e+06
1.12001e+06
1.1396e+06
1.12797e+06
1.1506e+06
1.13588e+06
1.14656e+06
1.13513e+06
1.14027e+06
1.11358e+06
1.11574e+06
1.10381e+06
1.16377e+06
1.14673e+06
1.13284e+06
1.11727e+06
1.11262e+06
1.12191e+06
1.11787e+06
1.1252e+06
1.11218e+06
1.10803e+06
1.11233e+06
1.10211e+06
1.09384e+06
1.0956e+06
1.09882e+06
1.09231e+06
1.08786e+06
1.11949e+06
1.14505e+06
1.1409e+06
1.18072e+06
1.17138e+06
1.20615e+06
1.20793e+06
1.22216e+06
1.2424e+06
1.26773e+06
1.27541e+06
1.26802e+06
1.21685e+06
759952
757427
758956
758228
763926
762305
771072
768774
779982
776789
788504
783038
795814
801359
998550
997301
1.00146e+06
988850
969905
960209
919683
920584
902444
888752
893114
888330
893527
878839
879872
882705
873975
873319
882136
870288
876150
874180
867706
866636
856604
841040
828866
811458
809441
804524
691658
676377
671115
666206
646378
644218
637632
633504
635737
641876
652828
666960
677697
688826
699205
704978
706616
703470
682142
680689
677610
675213
682155
695162
699470
703652
703655
701757
700986
701338
710914
713608
717755
722529
719949
712549
693607
675580
651739
627184
628735
588526
601174
580315
595285
587744
613580
599406
606033
596132
601251
618262
616428
653113
663938
681780
699901
708042
716333
729482
630919
625371
613422
599411
593185
573194
571812
557005
549994
568517
555379
598794
589035
651834
638014
691416
683519
718076
710932
740827
737759
757902
763901
761268
767838
770416
785152
789842
798686
801796
889131
895694
896256
913170
893333
903629
897389
900636
892789
888467
861597
820350
804369
762542
725078
693768
696072
629299
650243
593711
610258
583973
595480
596470
602952
635915
644718
661590
685882
689105
726073
726185
727239
726942
723079
717734
707754
704391
697342
692090
689686
688175
684251
680961
672094
659189
665354
649111
711788
760891
783940
799690
790277
777933
764733
757692
740394
736070
753480
767150
754993
713623
708377
715127
710233
717560
732497
736967
747571
735670
764330
731289
699127
703622
654547
671189
683071
695647
708028
713919
716127
713608
708926
704500
694032
687257
683287
677757
674647
646960
632820
603867
564044
567550
552596
578015
567383
579468
588264
593530
618056
611307
619295
645382
645297
659727
690461
707434
711606
710362
709717
704154
700373
696567
690724
685979
681782
690164
687098
686202
706384
707168
711120
708711
712761
701688
701583
697807
681377
676495
642693
625262
594227
594502
570210
567627
618934
632227
692629
742627
763515
755830
765315
775074
787880
764685
773454
781794
771601
766863
979011
991951
1.0414e+06
1.03727e+06
1.08231e+06
1.07427e+06
1.12901e+06
1.15649e+06
1.16762e+06
1.12409e+06
1.0281e+06
930888
807146
843211
778143
783557
795594
794479
799115
782458
758395
707832
700441
605789
616646
522845
539411
569916
641780
643403
1.0697e+06
1.0623e+06
1.0572e+06
1.03665e+06
1.01117e+06
978408
953725
941110
926670
908110
887854
894545
912589
982085
967162
1.03123e+06
1.03169e+06
1.0854e+06
1.06045e+06
1.1001e+06
1.10376e+06
1.13324e+06
1.11376e+06
1.1374e+06
1.11834e+06
1.12788e+06
1.10699e+06
1.12062e+06
1.11418e+06
1.12062e+06
1.14998e+06
1.12882e+06
1.11371e+06
1.10455e+06
1.09335e+06
1.08545e+06
1.08882e+06
1.08823e+06
1.09446e+06
1.08415e+06
1.06674e+06
1.05396e+06
1.05066e+06
1.06111e+06
1.03263e+06
1.05537e+06
1.08629e+06
1.0933e+06
1.14043e+06
1.14663e+06
1.15709e+06
1.18651e+06
1.17953e+06
1.20861e+06
1.21093e+06
1.21325e+06
1.20997e+06
1.20683e+06
1.21864e+06
1.24237e+06
750708
755774
755094
761789
759761
770401
768512
780596
777907
792429
793992
802316
817517
797689
1.00212e+06
1.01096e+06
1.00425e+06
994425
977023
936773
943657
903321
897686
896965
881606
881579
876709
885723
876219
865820
869832
863109
862297
874474
865043
870380
866115
859071
840864
836372
814213
818444
801314
810769
676710
694568
676062
666913
663438
641594
645852
638382
639398
642589
646319
657512
667834
682330
691437
699326
705590
695548
688559
673455
673352
666201
673712
690316
695600
704316
703657
701946
698994
695048
710486
715472
721615
721229
720116
708067
693336
673498
648592
628527
617618
589650
596922
582926
582002
595342
591067
608030
599939
604082
600699
627671
620872
660842
672432
689918
702441
711048
719354
727132
670449
648984
631364
613073
602057
584352
574986
561002
554440
577331
555361
607093
594545
646208
647224
691786
687771
720328
708141
739027
732504
751760
756010
765927
769575
780905
794770
805839
805826
801524
879750
882866
892833
872804
896331
889800
887912
888494
896866
871788
841577
835286
785713
742661
742638
706946
663867
664651
645390
611768
607136
602711
601784
603580
612747
633107
653918
667156
681347
692808
733218
736116
737155
735570
729482
719756
710346
703442
691845
684970
676856
666537
661395
648504
635132
629580
635475
669050
728243
746226
776971
771798
771001
761906
759945
746196
740566
730782
752791
761005
760431
790352
765152
775436
786749
771144
757561
758328
739166
748696
727001
708444
706593
687097
657439
672421
675747
688867
696314
700129
698812
698009
696581
691532
687858
687576
683884
693113
699881
696096
603552
634384
628890
611513
601157
568777
595202
589958
586263
604824
610632
632071
625418
646652
642382
666403
670914
692952
705660
707825
703909
698203
698164
695358
699491
693987
693622
681927
691679
698815
726348
724033
725721
719000
713465
709702
701064
694526
683000
675192
650690
614136
623005
600750
579498
567090
630711
627032
727632
786884
792628
784431
780964
786629
780937
809755
805665
804529
780445
762164
971936
980457
1.03357e+06
1.03165e+06
1.07932e+06
1.10903e+06
1.1349e+06
1.16417e+06
1.17592e+06
1.14194e+06
1.03501e+06
981952
840048
847581
817816
822422
815073
818811
808760
794242
778906
765136
700397
678501
601657
626547
644400
693174
733269
802268
1.01334e+06
1.04266e+06
1.0465e+06
1.03873e+06
992848
986479
945639
932406
893167
879591
875473
872223
915245
922476
983810
988976
1.03619e+06
1.03475e+06
1.07826e+06
1.06198e+06
1.08812e+06
1.06986e+06
1.07819e+06
1.074e+06
1.09041e+06
1.0737e+06
1.10281e+06
1.10323e+06
1.10912e+06
1.11557e+06
1.13383e+06
1.11709e+06
1.10982e+06
1.09421e+06
1.09777e+06
1.09202e+06
1.0778e+06
1.05661e+06
1.05733e+06
1.03888e+06
1.0159e+06
1.01876e+06
1.0266e+06
1.00303e+06
1.02554e+06
1.04293e+06
1.02999e+06
1.10572e+06
1.09591e+06
1.15405e+06
1.15098e+06
1.16649e+06
1.18803e+06
1.17973e+06
1.19789e+06
1.19806e+06
1.2221e+06
1.22948e+06
1.20776e+06
1.17322e+06
752466
750065
755878
755680
765977
765307
779387
777780
793732
797027
801901
828551
818977
889691
886277
931075
988930
992998
1.00219e+06
995161
963901
957945
925374
904328
907163
882575
884931
880187
873032
868594
858283
855450
852713
857099
848622
846624
860289
854576
857783
848905
844870
822729
808066
796137
787933
788995
784672
761557
725126
707586
697500
667800
666869
655743
640076
643296
641631
642663
645981
653388
661370
672543
681695
692294
690928
693696
687843
668592
670353
665986
671206
687287
698211
706068
710611
702087
690962
681410
661741
673525
684911
693441
712465
719492
711345
703923
688001
668426
647388
627025
613066
591350
596731
583632
596533
589668
595385
604954
612607
615988
632239
636879
658579
678353
693709
704346
713024
725934
734837
747980
735050
732583
683416
659474
643580
626140
607818
591684
589490
562020
562359
575915
562016
611706
595385
658523
645724
692938
684608
716699
707976
733557
730357
744047
763274
768305
781697
797067
805509
805600
800630
793614
772738
753925
780512
821569
829236
851016
844555
859000
884575
878208
858717
840204
843418
799715
759448
759012
727793
683954
691401
662614
640271
632580
630521
617066
613143
617840
626423
642838
655126
673764
682129
692242
699316
689598
721048
725732
730959
730622
725560
715926
704756
694407
682481
677666
672602
665352
646413
633050
630634
639633
616944
699383
720376
744164
756753
763991
757516
760807
754678
746213
750916
740507
754875
790505
821253
818877
818658
808133
843412
801960
805020
804782
786138
762675
762987
734209
713058
722344
692310
678166
672723
665911
671206
674349
679708
681931
680615
679739
674173
671807
670728
671585
681117
688370
698124
706069
672138
730478
705274
670322
649702
637412
632689
619494
584811
614408
615481
598967
628433
620348
622342
625590
647169
654629
681742
687326
703817
701793
706448
698116
698902
699650
694756
700351
696351
702691
698526
692682
721363
706332
724234
726119
720354
724225
718201
707525
703031
699224
675388
679748
649220
638154
619941
603514
609559
606319
622158
639981
771041
832451
824174
814645
815842
815031
830971
819764
820960
795127
774238
730138
692829
597261
828447
937352
1.03602e+06
1.03568e+06
1.09294e+06
1.12205e+06
1.14926e+06
1.18621e+06
1.18221e+06
1.15278e+06
1.05814e+06
1.00874e+06
859649
890718
809667
822488
821457
815351
812171
816366
806983
778401
754164
690530
695298
685822
705737
755048
814274
872659
875025
780516
994375
1.03542e+06
1.02993e+06
1.01935e+06
998161
973095
933113
924467
889212
883626
888642
885031
909464
920604
989188
988503
1.021e+06
1.04684e+06
1.03059e+06
1.05905e+06
1.03376e+06
1.06921e+06
1.04584e+06
1.04304e+06
1.02686e+06
1.07203e+06
1.07408e+06
1.09491e+06
1.10524e+06
1.11981e+06
1.11019e+06
1.12096e+06
1.12915e+06
1.11578e+06
1.10588e+06
1.0896e+06
1.07857e+06
1.06749e+06
1.07427e+06
1.0678e+06
1.04262e+06
1.01767e+06
998201
958305
922809
947326
943274
1.01951e+06
1.00682e+06
1.07926e+06
1.09004e+06
1.12909e+06
1.15851e+06
1.16771e+06
1.17094e+06
1.1893e+06
1.18322e+06
1.19991e+06
1.18713e+06
1.18331e+06
1.1817e+06
1.1856e+06
1.1177e+06
1.14128e+06
748211
752919
747022
763485
757580
777423
773573
793784
795975
800752
827798
833094
844467
865880
918091
942642
990647
997371
1.00503e+06
992373
972894
949278
925015
915085
886941
893321
870850
869687
868169
853767
861134
857829
849858
846323
853754
852760
844738
850198
839742
843934
826531
819583
808733
792188
794037
795937
763401
765161
720856
717748
687185
671181
674470
652107
654493
650282
644646
648405
648555
652334
660985
664454
677150
678316
684609
686542
676673
675715
671512
671866
679494
692157
704940
716110
713707
709528
693415
686565
666525
673965
677159
691688
693402
695860
696563
689878
681072
659350
645664
626897
610682
605722
604208
604601
598472
605652
621498
625069
626276
640925
645744
663785
675680
698010
708915
722086
730960
735334
737872
740719
734407
718888
689255
672272
657542
631238
622405
600406
588915
562698
571760
570358
579540
607680
602762
659929
648781
690684
686320
711094
710100
732736
727616
755796
763164
782207
802610
812587
823075
825310
818733
811030
789138
767537
819961
811376
848060
854106
861398
844552
835695
844996
843237
841758
796574
761160
766092
737630
701174
706176
676352
658082
655669
645509
628325
626486
627175
630052
639370
650252
656983
678756
678932
689410
694805
697748
711644
720750
723452
721166
713372
701622
689902
677581
670855
657328
644428
627003
623020
621612
625631
620710
648737
675871
738475
737196
754254
750580
753866
757289
747773
763631
758551
773256
788051
806647
843714
850375
889672
883491
853456
871376
829065
820840
809034
783659
755845
758194
719882
708159
711311
682718
668290
677842
654518
660495
656605
653216
650243
648611
647095
648994
648838
657075
662029
678184
695154
704798
691712
716542
724135
739882
734608
709177
678017
660169
643314
600611
627422
654512
656189
665856
676754
673177
664218
684552
696156
697783
709029
709228
703566
706525
700744
698428
701988
699724
705708
711017
709922
721897
719448
723330
725123
733680
731470
721263
721757
712278
696798
700801
677204
676494
650113
646810
624054
631542
605973
606095
633346
658708
803026
849812
861059
845277
835675
838767
835328
847874
837259
864174
809539
802499
771275
752277
914917
929284
1.05481e+06
1.0477e+06
1.10914e+06
1.13162e+06
1.16974e+06
1.19042e+06
1.18949e+06
1.15842e+06
1.0773e+06
1.00039e+06
886395
918313
841422
849732
831799
833200
843691
835857
814324
804657
782818
762065
750606
761969
791334
835073
879073
935192
916604
932615
993038
1.02547e+06
1.02162e+06
1.02472e+06
1.0245e+06
974856
958147
915823
894935
911297
871914
886256
912168
949451
984478
1.00461e+06
1.03773e+06
1.04309e+06
1.04616e+06
1.04209e+06
1.04826e+06
1.01148e+06
1.02608e+06
1.00825e+06
1.0304e+06
1.04572e+06
1.06425e+06
1.088e+06
1.10806e+06
1.13055e+06
1.1341e+06
1.12991e+06
1.14436e+06
1.12342e+06
1.10938e+06
1.09234e+06
1.07834e+06
1.05302e+06
1.05326e+06
1.01622e+06
1.0086e+06
986404
971704
933095
932591
955964
943874
1.01442e+06
1.00412e+06
1.07559e+06
1.08972e+06
1.12884e+06
1.15762e+06
1.16504e+06
1.17772e+06
1.17592e+06
1.18647e+06
1.18451e+06
1.19505e+06
1.19899e+06
1.17406e+06
1.17195e+06
1.11839e+06
1.13748e+06
742343
748019
745522
758546
768812
768032
787840
793968
801133
826024
825367
843193
877553
876874
911868
957133
978231
998240
1.00036e+06
993424
968124
950329
928939
905030
888384
885944
865034
872878
851079
847605
829902
821008
823377
820874
817067
820176
821002
828702
840368
824686
820834
815706
793719
796162
776218
774876
760241
743546
724425
699826
683093
682648
662283
666113
655462
652666
653730
651935
657841
655266
658031
663202
657489
664886
671248
670214
674758
680348
679304
685460
693371
705943
717684
724436
727144
716990
700658
687442
669078
664777
675062
673027
691759
698446
693630
681407
665481
654322
640376
624832
617764
603481
604682
600313
606682
622082
627182
637389
656510
659569
671412
681435
698258
705719
720155
728307
732320
738373
742241
741536
733820
722509
687465
688457
663597
639226
627908
606273
586893
571165
574565
572090
584571
615703
603564
654988
653548
679553
686141
703778
714548
718595
744352
754875
771385
799821
813865
828257
835266
836678
831063
822410
801685
788920
817670
813042
807001
801456
812610
829235
797091
778310
784163
746951
736363
752623
736391
710071
715474
688888
670662
669897
658786
646565
643206
646390
639557
639938
646929
653441
665494
672294
684016
683064
688586
689965
699800
700723
698904
696172
695568
686587
673764
667854
660671
649489
637619
637667
629077
617928
629655
614911
676183
665608
731738
738262
748769
748490
761257
748709
773515
763146
780222
787890
812514
839693
876138
903359
918699
924153
901562
859467
868541
820017
812014
796278
782236
749553
748089
725236
701595
714132
667831
677423
648974
649974
644442
651528
650586
644136
636716
631523
634374
642268
659817
661618
686276
692315
716283
714767
737261
750231
751152
746575
731099
710342
694485
686180
638853
638467
666954
691372
702718
703243
706514
682267
698362
710298
710012
717309
712884
706542
707357
702973
701552
706137
709803
709284
722848
720755
737151
734138
745927
737557
738582
729863
714063
716716
699540
694731
673216
679870
646177
660863
622879
635924
622535
618712
630324
691504
800106
872607
876368
870688
862848
866469
869453
858980
872921
866406
848248
856294
840554
909656
952130
979251
1.05784e+06
1.06709e+06
1.11679e+06
1.151e+06
1.18302e+06
1.19623e+06
1.18388e+06
1.14792e+06
1.06671e+06
983650
943648
896775
850571
864310
859042
853107
843215
838036
832756
817545
794903
781811
779144
792402
829828
871038
919959
952523
956728
991587
1.05295e+06
1.07152e+06
1.08166e+06
1.06552e+06
1.03269e+06
1.01281e+06
962658
953498
920041
893457
913342
943484
940714
971898
1.00237e+06
1.03949e+06
1.04606e+06
1.05273e+06
1.05954e+06
1.05501e+06
1.03999e+06
1.02086e+06
1.01264e+06
1.01973e+06
1.02077e+06
1.04282e+06
1.06744e+06
1.0917e+06
1.11061e+06
1.1397e+06
1.13369e+06
1.13427e+06
1.13886e+06
1.12808e+06
1.11522e+06
1.09375e+06
1.08013e+06
1.04585e+06
1.05902e+06
1.01555e+06
1.02559e+06
966867
970907
923972
928100
951575
975061
1.00717e+06
1.06182e+06
1.07524e+06
1.11133e+06
1.14368e+06
1.17025e+06
1.17176e+06
1.1743e+06
1.18543e+06
1.18199e+06
1.19117e+06
1.18455e+06
1.19017e+06
1.16345e+06
1.16904e+06
1.12114e+06
1.13991e+06
743090
748226
744384
760640
759598
781389
780385
807596
804141
835228
834418
858347
886223
900565
906824
966184
978206
988663
1.00038e+06
984775
972009
948806
924490
905435
890849
873311
870803
861647
848949
850000
832197
834282
832257
830146
830269
824691
825007
817172
814680
818529
813681
794655
797412
774215
778518
762581
732686
734061
700571
692953
685929
669141
671074
662511
661871
661428
659450
661110
658636
662138
658752
658214
661588
665355
658784
668437
672945
681683
689687
699031
708108
720809
732455
738502
735131
727902
709463
692587
669540
672897
659435
672287
666033
666495
663985
664848
656948
648062
634765
631183
618433
618190
615794
618074
627408
629823
641082
658887
663110
673853
685531
695613
703485
714657
722884
729974
736245
739357
739953
736289
726531
727500
701313
686714
681465
653699
624265
606906
602453
571972
588076
572698
604314
594089
633331
627837
668472
661590
696363
692923
723927
712294
744620
761695
782115
801606
826223
840206
849236
852725
850019
844960
831766
826756
829850
829590
825566
828569
810642
787253
808482
806760
759380
742336
752763
734067
707636
717557
697608
684036
682384
669306
660929
650270
658915
645824
646806
651980
656321
661855
669905
675180
680396
684234
678347
689349
687656
688498
692425
683024
658502
650239
653999
645614
635651
634867
638046
629058
628605
619156
633000
620941
672803
678114
717960
743632
744766
760980
753759
783136
769641
790428
799661
824783
844960
874217
904286
934092
958537
940755
932200
893812
847123
855032
814258
815943
782475
789286
748527
753723
713889
713616
681783
678957
641521
652003
623010
625717
615927
616334
616345
620825
624549
638329
635780
665286
667550
703918
708603
723513
740762
751250
762752
763847
757666
747410
727049
709740
714309
701668
712565
738930
747041
747711
727210
729997
712119
723348
722345
717135
719062
713052
706907
708110
706338
708812
706841
719792
720067
731923
735847
744323
755043
748796
738337
736724
724216
708867
698774
696506
671039
675768
649244
657970
626554
640515
621287
628863
620194
710119
805811
887634
893803
883076
879171
873864
872920
882922
871153
880859
877993
882629
950545
947063
1.00924e+06
1.02181e+06
1.06964e+06
1.09631e+06
1.14264e+06
1.16669e+06
1.19391e+06
1.1955e+06
1.17896e+06
1.11118e+06
1.04373e+06
1.00298e+06
923788
879253
898635
869445
856984
854756
858396
853593
849632
833950
834708
820626
813289
831780
860508
902520
941127
981676
1.00031e+06
1.05348e+06
1.08664e+06
1.08276e+06
1.08712e+06
1.08284e+06
1.05945e+06
1.03002e+06
990832
975870
959654
974439
958772
934158
962431
1.00499e+06
1.03795e+06
1.05183e+06
1.06789e+06
1.07459e+06
1.07071e+06
1.06775e+06
1.05269e+06
1.03913e+06
1.01936e+06
1.03257e+06
1.04617e+06
1.05569e+06
1.08252e+06
1.09467e+06
1.11898e+06
1.13697e+06
1.14259e+06
1.14609e+06
1.15346e+06
1.14101e+06
1.12197e+06
1.10387e+06
1.08934e+06
1.0596e+06
1.04711e+06
1.01616e+06
1.01426e+06
962570
978692
953730
943510
992904
1.00245e+06
1.08422e+06
1.08184e+06
1.13926e+06
1.1492e+06
1.17864e+06
1.16746e+06
1.19367e+06
1.18285e+06
1.18394e+06
1.19063e+06
1.18783e+06
1.18548e+06
1.18813e+06
1.1623e+06
1.17253e+06
1.1283e+06
1.13776e+06
742555
738656
754727
744084
775891
767811
797762
795591
829499
824466
864192
862111
887008
922284
909219
961319
975415
991796
989480
987858
969723
947101
926014
904777
885579
874254
868767
856036
854068
838290
821267
807473
792565
790262
793037
794248
797261
806748
808503
802491
791205
795053
768677
773066
739936
736450
733144
703818
689835
691657
670805
676844
663209
668759
664433
666193
665965
666141
665555
662081
662041
655640
651970
653205
650244
669648
671518
691884
701314
712208
723508
732553
741214
745726
742024
733865
716529
703307
673399
673457
658879
658334
671389
675213
673634
655501
652063
640266
638252
628144
626859
623833
625329
629511
634498
644661
661304
666881
678406
691644
695440
698668
710983
713505
719435
727858
732206
733937
732733
730240
727656
718696
720342
696397
682669
669440
636264
598431
612396
596495
586132
594890
595647
606536
638116
624013
671432
656212
700920
688356
724715
715454
738045
767064
785465
802096
832145
848186
862365
870675
874240
873288
869493
867725
857824
840448
827615
817432
792825
774262
759877
726931
719469
736091
710955
698337
714002
698809
691329
692593
682840
677749
665792
672232
659313
660894
664385
664568
667969
672221
675806
678824
682200
683825
679291
671232
676439
660102
655132
652920
665137
661619
647286
638575
643010
641685
636246
631241
628127
617255
644092
618513
686066
666823
732898
721799
762048
751984
786835
780725
809548
818068
836066
848356
875110
902339
930097
953671
978040
965744
936623
912439
880471
842430
832928
816075
818705
785962
790156
749824
740439
718728
678365
689148
635200
654758
617835
631504
625612
627915
626004
621063
621208
634189
634440
661263
669183
692271
708252
723566
735112
747407
760761
763110
760235
757005
746158
729143
713609
723572
746787
778683
807450
783982
762323
742295
745431
726791
732447
726373
715463
718379
708945
707860
707927
704113
713826
713724
725443
730071
738995
752774
755069
755333
749466
734962
729001
720749
692414
695686
670613
667870
648361
645300
634458
633481
619495
650821
605536
728916
800719
893531
904277
892958
887575
885875
887370
883386
893706
894644
908205
949494
947909
996815
1.04952e+06
1.0507e+06
1.09018e+06
1.12691e+06
1.16688e+06
1.1846e+06
1.19933e+06
1.19192e+06
1.14389e+06
1.07339e+06
1.03932e+06
960299
906941
918953
882141
870374
874632
864678
858763
859455
849996
852859
844929
840726
855787
865019
888141
924729
964677
1.00052e+06
1.04431e+06
1.09118e+06
1.11357e+06
1.12061e+06
1.12236e+06
1.1071e+06
1.08296e+06
1.05526e+06
1.02245e+06
1.00048e+06
993647
972410
965607
996054
1.0176e+06
1.03643e+06
1.05379e+06
1.08052e+06
1.08866e+06
1.08854e+06
1.09037e+06
1.07939e+06
1.06662e+06
1.04781e+06
1.05579e+06
1.0573e+06
1.07672e+06
1.09341e+06
1.09577e+06
1.1119e+06
1.11806e+06
1.14407e+06
1.15005e+06
1.15911e+06
1.16609e+06
1.14967e+06
1.13151e+06
1.11158e+06
1.09016e+06
1.08536e+06
1.03066e+06
1.04046e+06
1.01034e+06
971936
987529
957087
1.00279e+06
1.0076e+06
1.08812e+06
1.09975e+06
1.16631e+06
1.1716e+06
1.18799e+06
1.1833e+06
1.20209e+06
1.1898e+06
1.20137e+06
1.19402e+06
1.18959e+06
1.19279e+06
1.1822e+06
1.1835e+06
1.16785e+06
1.17057e+06
1.13454e+06
1.14454e+06
745101
733491
754966
747822
759019
789036
781891
813263
820225
844684
856547
884592
889146
929505
917805
955087
979556
991578
993493
984602
966044
947741
925394
903820
887548
871625
872114
851221
858341
828630
835737
795890
808834
796473
804216
803119
806309
801728
799460
789674
787620
767404
773415
747653
741317
725938
698791
696756
691203
675885
675610
668519
666035
667046
667038
668003
670503
669522
669245
667350
661302
661929
650954
659520
647924
674893
672902
699703
710462
726232
735689
744650
749367
750106
745558
739321
712798
715468
674408
685876
654486
668320
660236
660834
655693
658619
644462
642187
638067
636412
634130
636078
636398
640519
644066
661219
666946
679937
694948
695433
703348
706875
713104
711506
718268
720204
724717
726538
725667
723173
721377
721532
716483
716128
693892
664371
660318
606475
616182
600269
609116
600143
620544
602342
645461
626377
669862
657478
696009
690728
723304
714951
751277
754275
790053
807443
837140
857192
873179
890199
900288
907443
908699
903385
886794
860133
842142
822152
802946
766656
770233
728566
737785
707800
710169
706367
695093
689907
694786
690157
691001
682517
686173
675424
679101
683156
681705
683813
685435
687443
689376
689666
688221
685125
682300
676594
676376
668902
664128
652721
638242
624195
625908
635583
641045
640882
642213
637963
630076
623404
640631
621199
682844
663746
733257
721558
747849
784919
781470
813529
826664
840693
851184
869470
891783
921365
941733
972580
991618
985496
957318
916125
893270
875486
856724
841035
817510
822404
784905
786670
731172
744986
672182
689089
630867
651073
611359
626577
616004
616848
615344
623012
616232
636092
641136
658858
664871
693486
704408
717665
728662
742652
751012
756410
757963
754922
748881
740388
730150
737087
762103
821916
832968
817003
791861
769368
751414
750903
729544
733200
717553
716075
706625
708917
707971
702872
710107
716166
722297
728424
744757
750053
758278
754845
756059
747011
727428
722166
702871
691883
666356
670567
645574
637405
631702
623215
622013
640163
623416
725942
800405
893007
902151
901568
893444
890460
886678
894324
895823
893513
944874
939949
982640
1.04171e+06
1.06934e+06
1.11152e+06
1.1454e+06
1.17217e+06
1.19298e+06
1.21161e+06
1.19685e+06
1.17173e+06
1.09297e+06
1.06545e+06
983007
931666
942821
892351
876511
887637
872433
871340
868733
861287
860576
850412
850978
865287
858571
887481
910552
940049
983014
1.02646e+06
1.0741e+06
1.10489e+06
1.12762e+06
1.13865e+06
1.13884e+06
1.12467e+06
1.10307e+06
1.07858e+06
1.04646e+06
1.03125e+06
1.01365e+06
1.01569e+06
1.02566e+06
1.01884e+06
1.02988e+06
1.05463e+06
1.08643e+06
1.09057e+06
1.09424e+06
1.10065e+06
1.09759e+06
1.09351e+06
1.07688e+06
1.07955e+06
1.08007e+06
1.09249e+06
1.09907e+06
1.10605e+06
1.11783e+06
1.12133e+06
1.12763e+06
1.15031e+06
1.15959e+06
1.17171e+06
1.17135e+06
1.15871e+06
1.13817e+06
1.12178e+06
1.08632e+06
1.09653e+06
1.0367e+06
1.05163e+06
993081
1.0154e+06
974299
1.00697e+06
972143
1.09952e+06
1.0813e+06
1.18701e+06
1.20148e+06
1.22804e+06
1.21779e+06
1.23006e+06
1.21109e+06
1.21857e+06
1.20249e+06
1.20754e+06
1.19581e+06
1.18858e+06
1.18744e+06
1.17457e+06
1.17899e+06
1.16077e+06
1.13842e+06
1.14422e+06
739547
738863
746958
749999
761386
783542
785870
814832
823663
852688
860977
896193
894927
932415
933889
948652
982773
996531
996578
987182
964929
949844
923119
907079
886993
875961
868469
853061
858191
827210
836282
792226
807158
780913
786017
786606
784331
788229
787851
788270
770939
772254
748682
749583
716606
722742
689499
699090
675862
682555
667730
672790
664294
668938
667035
671220
669774
672617
669236
670130
663996
661056
656523
658232
652750
679514
677785
707207
715686
733399
741797
749520
752463
750253
744890
741604
716165
715850
677716
689664
665399
662908
669286
667353
661203
652559
648445
642112
643486
643168
643377
641011
644737
642442
660350
655871
680299
692062
695137
708078
709461
710756
713761
713731
713162
717005
717758
719702
718819
717658
718214
716817
718114
717288
715054
670457
660614
631771
617246
620493
607957
617008
619645
609576
645410
633348
665987
663720
690128
691578
728256
707488
763996
741385
796561
814741
844277
864374
892046
906012
923618
936064
938811
929472
908470
876224
858304
818921
809041
762094
764323
732033
729620
706173
705236
691064
689202
692004
691218
695066
690888
695695
689266
692878
698384
697358
700599
701860
702384
702640
703142
703071
700370
694995
688014
680407
670062
652383
651789
631506
632272
630843
631993
636319
642114
648475
648004
642777
635703
629088
640329
615561
683414
662144
731768
718508
753530
782914
801151
829383
850297
855758
865408
879406
903209
926873
956255
983216
1.00433e+06
995525
970649
927782
892873
877387
879813
862948
851959
822417
823292
765540
749550
741433
666618
695062
624683
653534
610753
626723
616103
620091
621975
618352
623123
633884
648535
652242
669168
687618
702374
711486
724962
736666
744097
749570
752728
752747
748843
736872
733484
729028
782855
825240
855913
844965
811010
786063
765782
755818
746261
723428
722196
717310
703608
707145
705936
701917
710620
709099
719038
729897
739641
749628
757503
757798
755762
754731
737197
720311
710322
698203
657002
675158
642288
628252
633589
617698
616656
638753
623013
726300
797288
889666
900051
902129
898768
893349
888380
900919
885685
922796
919832
944022
1.01269e+06
1.03188e+06
1.08142e+06
1.1415e+06
1.18459e+06
1.21699e+06
1.2389e+06
1.22587e+06
1.19648e+06
1.13638e+06
1.0845e+06
1.0243e+06
941970
967729
910109
889621
899870
875874
880477
876070
867083
868696
860066
860525
867136
862149
878099
889296
923387
952300
993340
1.03701e+06
1.07758e+06
1.1115e+06
1.13678e+06
1.14588e+06
1.14679e+06
1.13836e+06
1.11614e+06
1.0921e+06
1.06449e+06
1.05437e+06
1.04141e+06
1.03304e+06
1.02553e+06
1.04029e+06
1.05927e+06
1.08736e+06
1.09284e+06
1.10081e+06
1.09972e+06
1.10126e+06
1.10221e+06
1.09593e+06
1.09756e+06
1.08978e+06
1.1023e+06
1.11563e+06
1.12782e+06
1.12713e+06
1.12232e+06
1.13143e+06
1.13731e+06
1.15649e+06
1.16674e+06
1.18149e+06
1.17959e+06
1.16204e+06
1.14266e+06
1.12899e+06
1.09519e+06
1.0922e+06
1.04359e+06
1.05089e+06
997291
1.01399e+06
987661
997441
1.00462e+06
1.09792e+06
1.12623e+06
1.21183e+06
1.27058e+06
1.27833e+06
1.28006e+06
1.23667e+06
1.23833e+06
1.21757e+06
1.2191e+06
1.20373e+06
1.20566e+06
1.18759e+06
1.18703e+06
1.17446e+06
1.17318e+06
1.1618e+06
1.14242e+06
1.14093e+06
731805
747520
733480
767453
748707
795485
777098
829804
813844
868892
857745
907164
900176
925600
955177
942666
990583
997935
1.00024e+06
987941
966675
943882
920842
905331
887817
875372
867873
853136
859433
824419
836724
790380
808629
776921
791978
791404
792159
792908
786509
783519
775074
758932
755055
738105
719147
708396
692290
686399
676058
670728
671458
667223
669271
669137
671539
670058
673693
672048
674028
669199
668767
666201
657949
668878
652773
689018
674861
718720
720177
738738
744353
749763
751180
749288
744074
739792
715059
717164
695515
685232
663094
679885
671219
671656
658857
650771
644879
640781
639789
644323
648961
655911
653466
662910
652540
668936
693739
686352
710338
709346
714298
714928
713751
713202
713313
711765
713343
712043
712120
710453
708892
714183
713588
716493
705107
684245
674189
631786
643413
617842
626516
616755
629699
611941
645469
631372
653490
682633
673126
697245
722371
703950
766771
738406
793916
815346
852114
872984
903405
925282
945682
962112
964094
949466
922767
886048
878217
811350
825289
757426
777480
724607
737376
697548
706979
679114
689458
682989
694195
693235
699967
696566
700298
707312
706081
713590
714878
715831
716590
716588
715679
713971
710770
703926
696421
679857
675861
647349
655964
629013
636811
621778
632542
631271
649755
650012
651341
647992
638917
632289
640437
616466
677759
671596
700244
751781
729414
807773
797117
849846
849717
866402
866756
886381
901975
932826
962165
996448
1.01563e+06
1.00891e+06
975698
934147
915279
898791
888436
889800
861398
857755
798192
810738
721284
751365
667291
689181
625087
649818
607471
627365
609990
619991
613439
623522
637260
625562
652413
650301
677018
675440
700801
710215
719917
731397
738952
743082
746208
747099
744245
743089
737709
734553
780729
836999
871727
859895
832995
797345
777867
764139
740071
723205
724827
708292
710788
704260
705625
702524
710030
706440
722124
723897
737599
747343
755468
757065
758073
750992
738581
737426
698638
704529
663146
671051
631155
646217
614002
627141
608159
656269
614476
711087
810136
872644
898185
896497
897027
884802
896130
893325
890410
940749
901746
940913
1.04741e+06
1.01788e+06
1.10739e+06
1.16954e+06
1.21685e+06
1.25392e+06
1.25782e+06
1.23904e+06
1.16969e+06
1.13142e+06
1.05879e+06
990874
947574
960459
889261
916218
877122
874982
882112
870009
872653
869726
866040
864641
866324
862117
905810
879165
930429
966475
997571
1.03602e+06
1.07995e+06
1.11477e+06
1.13532e+06
1.14893e+06
1.15453e+06
1.14514e+06
1.12695e+06
1.10273e+06
1.0751e+06
1.06293e+06
1.05064e+06
1.04863e+06
1.05613e+06
1.05762e+06
1.07079e+06
1.09611e+06
1.09279e+06
1.09864e+06
1.09415e+06
1.10174e+06
1.09983e+06
1.10468e+06
1.10527e+06
1.1142e+06
1.12128e+06
1.13232e+06
1.13644e+06
1.14397e+06
1.13844e+06
1.14551e+06
1.1469e+06
1.16311e+06
1.17735e+06
1.18974e+06
1.18339e+06
1.16695e+06
1.14429e+06
1.13359e+06
1.10193e+06
1.09336e+06
1.04249e+06
1.06059e+06
993636
1.02055e+06
963026
1.05163e+06
968725
1.16253e+06
1.09823e+06
1.27334e+06
1.28764e+06
1.30905e+06
1.27959e+06
1.27146e+06
1.23324e+06
1.2384e+06
1.21167e+06
1.21885e+06
1.19221e+06
1.20046e+06
1.18806e+06
1.16837e+06
1.17887e+06
1.1528e+06
1.15569e+06
1.13833e+06
775112
774168
769755
763486
759639
751501
753505
751972
751351
755067
751819
752781
747015
745391
908360
909419
934013
938338
952519
955175
957665
973127
977967
990106
981441
966064
942158
936454
924494
932060
934564
937744
940525
939718
937999
932527
921453
913375
895427
887774
865159
869333
851183
855447
724378
727654
724494
718658
712383
708572
710343
706430
722568
730546
743726
754103
760404
762043
759024
744795
741999
731787
701173
701789
699148
687027
694719
689302
689574
693457
691758
699311
707815
713931
655115
658146
656665
661889
660573
664013
658157
661343
655311
636355
645180
635099
603065
662113
626293
716872
704843
746125
745944
745171
731277
724161
708488
708069
696462
698928
703700
705364
708689
708690
560508
571352
577828
575827
584701
584675
588162
583692
593676
580516
612478
588601
641882
616357
673449
656644
698418
678856
723397
700765
755495
744092
779379
778647
783220
786302
782514
791761
791918
795832
1.05132e+06
1.03029e+06
1.00507e+06
970269
944316
897055
888927
884190
872736
860647
859882
821185
823086
773855
707385
738556
633869
680437
587472
633266
577187
608783
613830
638522
651864
672745
676585
693765
698324
710393
640170
639035
638229
639804
646505
649994
658609
658219
657540
670187
660283
688488
676153
710336
701010
734490
729588
749904
763883
763979
781932
809053
813442
865954
859834
833910
766294
748641
702447
684510
737520
745235
750440
745970
768616
760088
799835
795039
838985
839965
850217
757351
774788
626209
693950
647210
670519
672092
676030
671628
662371
643025
635641
614915
618068
612104
624364
636007
645494
653530
548102
540044
531196
532609
522718
551300
527835
602605
581033
646738
672335
658930
703656
712684
719903
739597
752013
754368
748900
742374
716362
710746
677652
687922
655036
663658
646412
635316
632473
633789
700976
689271
705589
721531
719091
727679
739223
741306
746153
752170
754839
754836
754302
751243
748014
711520
734922
703165
793749
806900
865261
914078
949193
957990
940882
894512
854540
839295
864899
901931
1.06031e+06
1.10781e+06
1.12178e+06
1.16095e+06
1.15359e+06
1.19839e+06
1.17905e+06
1.26917e+06
1.2653e+06
1.25437e+06
904886
1.06024e+06
906183
991156
988812
1.02919e+06
1.06122e+06
1.09393e+06
1.11123e+06
1.11315e+06
1.09859e+06
1.06436e+06
1.01251e+06
945548
870759
824497
813774
849322
874077
896554
1.05283e+06
1.07541e+06
1.1141e+06
1.13398e+06
1.1828e+06
1.19355e+06
1.2036e+06
1.14832e+06
1.16126e+06
995048
1.08231e+06
978358
1.10424e+06
1.04221e+06
1.17469e+06
1.16223e+06
1.23173e+06
1.24046e+06
1.26932e+06
1.27697e+06
1.28022e+06
1.28066e+06
1.27844e+06
1.27398e+06
1.27696e+06
1.26578e+06
1.26318e+06
1.23597e+06
1.23918e+06
1.21877e+06
1.12402e+06
1.12054e+06
1.15864e+06
1.16198e+06
1.16882e+06
1.18095e+06
1.21769e+06
1.21722e+06
1.22188e+06
1.22255e+06
1.21369e+06
1.19371e+06
1.17805e+06
1.11563e+06
1.12361e+06
1.07133e+06
1.07463e+06
1.07217e+06
1.1147e+06
1.08618e+06
1.15775e+06
1.15654e+06
1.19921e+06
1.24976e+06
1.29561e+06
1.3435e+06
1.39763e+06
1.41918e+06
1.44533e+06
1.4544e+06
774712
771988
769239
760538
761883
751420
755598
751525
755553
753706
756334
752944
749537
753206
904796
920665
930932
948283
949086
957755
959417
951187
962102
968777
971015
954005
940106
921986
927407
924470
931361
934081
934643
935442
930698
925328
915276
905779
890464
882106
865719
860755
852052
850902
718769
718931
713526
707291
700957
695348
691042
703674
705292
720087
731332
742067
750374
753626
750442
750058
728637
730008
709460
691528
694521
693549
691425
691465
693152
693588
693800
699745
707927
714058
663178
666687
669116
663983
667582
661545
666707
656439
660221
641194
635561
634373
617036
641233
638669
691176
707583
728540
732662
723795
717710
705541
705850
695081
696437
699691
699336
706507
706729
710249
583888
573445
575415
577531
579278
583368
580884
583811
577462
581005
598039
589465
630579
618905
668113
657728
695870
679295
722478
701133
754452
744063
776824
779229
783045
785051
784494
790127
791993
797730
1.04143e+06
1.02142e+06
1.00111e+06
961287
937267
899216
896130
879054
878026
862602
860350
830661
794731
788681
709613
724407
642327
672036
592396
625973
579969
602829
613691
618830
644685
658689
676482
688168
699646
707027
652209
651775
651058
646708
646088
648114
652838
663738
662922
671546
667960
688238
682283
708749
708557
729989
739325
746873
764054
758644
799113
792877
857351
871987
861502
825668
771565
749793
716840
675292
743349
739916
748673
748617
758040
762534
783609
792487
826174
841067
849645
772806
771296
630975
696221
646140
671251
681002
685782
682367
672500
659220
644288
627241
613606
615701
620823
632653
641975
652856
542508
544210
536325
533456
540758
526407
560245
573000
591529
651205
636811
676068
690947
701798
718175
736785
749064
753155
747678
735730
719554
712022
678889
688258
663053
664356
658012
650735
641968
639676
686969
699568
701000
708761
722381
720763
728578
734833
737119
738249
736200
730357
724999
730363
704018
713361
694816
715979
736723
778020
811302
845413
865812
870021
853708
818943
805636
797554
819970
851191
1.08218e+06
1.09513e+06
1.1263e+06
1.14258e+06
1.15873e+06
1.17415e+06
1.19046e+06
1.252e+06
1.27206e+06
1.18056e+06
950320
947349
954865
940668
975434
984528
1.02381e+06
1.05073e+06
1.06714e+06
1.06646e+06
1.0522e+06
1.02116e+06
972604
903710
828682
777981
762909
800437
848655
878503
1.06691e+06
1.08992e+06
1.11153e+06
1.1522e+06
1.17481e+06
1.19101e+06
1.18208e+06
1.14237e+06
1.12676e+06
1.02234e+06
1.04846e+06
1.00354e+06
1.07304e+06
1.06207e+06
1.12837e+06
1.16674e+06
1.20946e+06
1.23712e+06
1.24666e+06
1.26218e+06
1.26269e+06
1.26167e+06
1.25966e+06
1.25527e+06
1.24173e+06
1.24125e+06
1.21776e+06
1.22191e+06
1.19649e+06
1.20063e+06
1.18182e+06
1.16816e+06
1.15437e+06
1.17178e+06
1.16038e+06
1.18331e+06
1.19899e+06
1.21059e+06
1.21001e+06
1.20738e+06
1.20371e+06
1.18588e+06
1.18172e+06
1.12651e+06
1.1361e+06
1.07659e+06
1.08977e+06
1.09604e+06
1.10731e+06
1.1034e+06
1.16647e+06
1.16533e+06
1.21495e+06
1.23801e+06
1.28912e+06
1.32241e+06
1.35671e+06
1.38784e+06
1.40652e+06
1.43026e+06
771703
770169
767006
763576
758661
756080
753384
756061
754451
760063
755242
753212
756085
746457
924831
938675
951729
954421
960056
952429
955812
953414
940015
950729
946928
942317
924583
925273
913806
920848
919395
923749
924707
924412
921985
917295
908145
899384
883748
876134
861241
860558
847271
850056
711916
708111
701433
694096
686373
682596
684987
675832
692987
703451
717102
728628
736817
742562
747483
738768
732299
713874
714916
694382
684206
688977
692045
695836
695024
695613
698284
701226
706427
712541
667375
666562
662688
666915
666866
670735
662943
667564
653200
653639
623336
636444
608329
630992
626337
676695
689524
717593
711086
703232
689242
688286
678166
684639
685091
694562
698078
707662
709298
711011
576141
585475
581271
581542
579193
574920
576052
570652
578046
563118
599102
573329
633237
611983
669689
654997
697609
677406
723935
701274
755017
746601
775319
779264
780231
779650
785088
785680
793701
796093
1.02173e+06
1.00631e+06
991192
948447
939497
894229
903808
880352
886151
866896
855902
836619
780262
792104
699252
733342
640344
673965
590981
626793
573047
602283
602637
612373
629146
648277
665162
681919
693754
705750
655238
654245
654885
659905
665490
669416
666154
661944
667588
669070
676478
683341
694980
704327
718297
727465
738917
749305
748269
775741
771087
835323
864155
868503
840805
803636
753597
766129
758903
767822
726616
732185
746351
745968
755630
750370
773807
774232
808218
829513
843507
779178
780552
637720
691850
658154
678554
689197
696838
696884
690284
675815
661870
648598
637062
618644
618943
627551
634339
641464
557950
541297
539767
539149
538648
526784
564307
564533
587050
635003
638801
668054
676613
692660
713818
732913
743875
749766
743806
735550
718378
709215
684317
691168
667290
670750
657922
659225
659796
650121
687845
696754
702427
710497
710230
722768
717485
720170
721770
721078
712444
703143
701739
678679
682990
649246
681400
681961
719719
738029
763736
782484
796203
798781
794359
774351
736918
723293
761425
794762
1.06368e+06
1.09967e+06
1.10243e+06
1.13264e+06
1.13666e+06
1.15036e+06
1.16993e+06
1.22521e+06
1.22808e+06
1.16123e+06
980739
937830
854636
889360
911330
958033
969799
992322
1.0051e+06
1.00503e+06
988626
957569
905283
836455
764593
713111
705631
732653
779266
832856
1.08297e+06
1.09587e+06
1.11507e+06
1.13664e+06
1.16121e+06
1.16701e+06
1.16466e+06
1.11711e+06
1.11345e+06
1.00532e+06
1.04284e+06
988383
1.04152e+06
1.04959e+06
1.13593e+06
1.13029e+06
1.18437e+06
1.20676e+06
1.2329e+06
1.23107e+06
1.24308e+06
1.24059e+06
1.24071e+06
1.23441e+06
1.23151e+06
1.20934e+06
1.20443e+06
1.17438e+06
1.17736e+06
1.1492e+06
1.17863e+06
1.17467e+06
1.15609e+06
1.15709e+06
1.16272e+06
1.17854e+06
1.17924e+06
1.18919e+06
1.18833e+06
1.18862e+06
1.18139e+06
1.18109e+06
1.16701e+06
1.13249e+06
1.13462e+06
1.08811e+06
1.09539e+06
1.09654e+06
1.11958e+06
1.11629e+06
1.16942e+06
1.18109e+06
1.21143e+06
1.23985e+06
1.28279e+06
1.30372e+06
1.341e+06
1.36073e+06
1.38357e+06
1.3905e+06
768990
767496
765903
761560
760733
756998
759943
754588
762715
758283
760707
766585
760313
763498
928391
950934
958233
967717
964754
959601
942078
929369
936862
925451
928974
917620
921042
907241
911650
905098
909996
908358
912396
912779
910756
906506
901278
889355
880306
864119
864865
844343
848060
836736
700132
694030
686112
675930
666669
661229
661551
678264
673708
680886
695353
710294
723537
732347
732119
734846
726184
708335
700905
692461
685221
685364
695070
697207
699309
699099
699655
703440
706116
710065
680903
683061
686126
688313
687740
683788
681539
666104
664954
642358
630718
625081
606858
606827
626665
644328
678062
681214
689001
675196
671084
657628
666350
666016
675995
692243
694190
710050
708818
716144
591889
588283
590397
578588
578925
570859
565489
565102
556824
566553
579518
571487
624228
612387
666670
656317
696806
681653
724922
705837
757595
751173
775496
775192
776076
777543
779699
787441
792313
797532
996277
986170
967005
950522
925554
904180
897664
894253
885501
876254
852499
842675
775450
786389
702589
727656
641832
674478
594501
620603
576254
589748
584858
606091
615104
632536
657482
671020
690824
699177
669952
671053
673674
672527
671755
673344
676319
677024
676725
681351
686266
687833
701752
708677
719071
729272
732482
735335
741606
741804
800038
837383
858909
850325
820772
783305
765767
752579
771000
773414
733346
731750
731580
740615
741228
749561
744062
768500
780410
816450
818315
798109
768893
641786
692650
669236
683360
697032
706016
709563
706216
696523
679696
665123
653946
646295
629254
621568
626198
631698
545977
557049
537041
534940
542771
528471
573597
548672
607998
602800
629162
654605
662629
678448
699994
721535
737360
741033
742381
731352
718673
708173
694906
689785
676660
675149
665800
659449
656990
664071
691532
700178
696894
709414
708157
707129
715982
711810
709453
701534
687509
667776
639713
638558
606039
647820
618313
647493
707917
702773
726325
741627
750016
750412
741015
739892
750475
743643
757878
757325
1.06482e+06
1.06723e+06
1.10171e+06
1.09097e+06
1.11048e+06
1.1268e+06
1.14801e+06
1.19618e+06
1.20637e+06
1.14144e+06
1.00335e+06
859367
876190
877270
876533
868233
911431
916066
916307
908975
894640
862286
812735
749505
672979
634300
632919
688552
732917
751471
1.09888e+06
1.09971e+06
1.12046e+06
1.12117e+06
1.13499e+06
1.14052e+06
1.11726e+06
1.10334e+06
1.05004e+06
1.03543e+06
996583
1.01054e+06
990330
1.05916e+06
1.06751e+06
1.14237e+06
1.13519e+06
1.17259e+06
1.18561e+06
1.20857e+06
1.20009e+06
1.21499e+06
1.21223e+06
1.20986e+06
1.19192e+06
1.193e+06
1.16652e+06
1.17314e+06
1.14541e+06
1.15357e+06
1.19137e+06
1.16717e+06
1.14845e+06
1.1475e+06
1.14741e+06
1.15336e+06
1.16483e+06
1.16558e+06
1.16356e+06
1.16417e+06
1.16978e+06
1.16233e+06
1.15122e+06
1.14182e+06
1.13241e+06
1.09721e+06
1.09614e+06
1.12763e+06
1.1132e+06
1.16007e+06
1.15388e+06
1.1996e+06
1.19806e+06
1.23662e+06
1.25825e+06
1.29274e+06
1.29771e+06
1.3089e+06
1.3204e+06
1.34868e+06
762780
764522
761643
763560
759778
761970
758772
764750
760675
769720
768584
761191
760781
765035
961170
972811
978245
975621
971884
961264
926732
928692
914747
906964
910698
922282
903124
898993
890041
899638
900383
904674
898751
899021
900882
897260
891132
880699
870744
864458
848919
844979
832346
837152
687764
678257
671583
663078
657886
655019
647936
641312
657349
673532
681282
692595
704978
714933
726289
724636
716350
709815
697615
678698
678081
679205
694587
698169
701393
700894
701737
701989
707296
706052
693512
693722
690670
693601
697673
696096
686897
678274
652274
651958
615833
626323
594634
607948
599029
630832
640094
655085
638671
636170
627074
641397
643007
654460
676861
679081
694654
705456
713156
717482
600767
593535
585792
589036
572556
571239
560107
556382
562295
547479
586054
562481
625750
608185
667642
657135
699349
687645
727607
712942
755774
761533
771898
771760
769065
771369
780002
784366
795792
795333
966914
957961
954741
934260
923554
901932
907362
895144
893036
880517
859390
833659
776300
789387
697209
727430
647717
669492
595767
627387
569954
595614
581931
605817
598425
634633
639374
671863
680505
697272
691053
691686
691666
693302
693948
690148
688475
686617
685929
685208
691117
694259
702077
708600
714223
713896
714808
717038
710597
774551
787151
827565
837197
824205
792623
767381
755003
753913
754621
786591
716380
716672
734041
732607
739497
735217
741576
749862
770845
779582
809019
793212
730613
667279
689941
673018
685797
700376
712209
717856
716613
711101
700957
685481
667863
663773
660134
634940
613893
624665
573801
551787
565939
549697
551362
547538
560943
568086
580525
611172
619336
619514
655427
666903
682985
701524
724348
737300
734829
728641
718566
710918
696369
694849
680782
684280
678560
675293
670318
661809
689694
700508
699402
703408
708965
705490
705816
711158
694523
680100
669804
646217
649790
608699
618480
579942
624547
618040
701815
695221
724184
733657
745301
741534
743774
763713
766037
759197
759375
763976
1.05763e+06
1.06143e+06
1.05013e+06
1.08346e+06
1.07883e+06
1.09768e+06
1.13554e+06
1.17642e+06
1.19052e+06
1.12439e+06
999791
831294
846537
780120
819420
867099
836171
845840
838156
821760
800273
760794
710891
653598
618194
590892
575742
615754
619704
740104
1.10099e+06
1.09795e+06
1.10919e+06
1.10423e+06
1.0979e+06
1.0836e+06
1.07428e+06
1.03625e+06
1.02709e+06
988263
969903
960973
1.01504e+06
1.00184e+06
1.06551e+06
1.06917e+06
1.14133e+06
1.12546e+06
1.15522e+06
1.15705e+06
1.17919e+06
1.16474e+06
1.18357e+06
1.17845e+06
1.18373e+06
1.16134e+06
1.15832e+06
1.12503e+06
1.12629e+06
1.10654e+06
1.17749e+06
1.16609e+06
1.14184e+06
1.13506e+06
1.1299e+06
1.14092e+06
1.13111e+06
1.14248e+06
1.14292e+06
1.14227e+06
1.14258e+06
1.14146e+06
1.14166e+06
1.13472e+06
1.1115e+06
1.09956e+06
1.10208e+06
1.12823e+06
1.12386e+06
1.14819e+06
1.18059e+06
1.1757e+06
1.20608e+06
1.22673e+06
1.23827e+06
1.26619e+06
1.29117e+06
1.30265e+06
1.30877e+06
1.27142e+06
763195
761053
762483
760587
762188
761369
766604
764084
773290
770137
776366
776566
786887
769803
976240
984065
990017
986965
975096
949816
926595
929895
894634
899314
888572
887245
897648
888081
888260
885773
883019
880519
891840
886075
886029
885275
877320
874397
865052
850974
842879
824365
819241
809838
682407
676990
664904
661039
647584
640072
637719
642131
641962
646628
663104
678462
690371
703311
709469
713528
713793
703600
696666
670191
678459
675547
691685
696641
702112
703680
702715
702358
704162
705523
705275
705378
709609
714791
713597
707678
693562
676709
658406
635189
623839
608041
599144
585204
603478
599110
627149
621053
628492
614999
619338
608452
627295
650458
661052
685999
690882
704172
713194
722174
610212
611637
601417
584974
586782
567602
562555
556231
552444
548081
579291
565154
621397
611159
659852
666258
701656
694759
731029
722305
753358
757471
770153
766782
767207
774267
776285
787969
794675
800378
930039
930908
923644
923220
906194
910735
899372
902332
894610
888030
858003
831105
801869
762913
708311
729897
648349
667797
606670
620718
573809
593704
583344
595862
610689
612934
652800
659069
682668
690205
710361
709394
710337
711047
708605
706517
699395
696481
693789
692962
692280
694562
697697
699245
696930
691491
685871
700648
712291
759100
783134
817475
812987
796226
779727
761814
740705
741216
759666
777341
721932
718682
713369
715916
714949
719252
732618
733288
757418
768692
784838
746081
732518
681466
675619
672472
685736
700989
712642
719207
721155
717233
711259
700917
691377
675047
663929
662749
660444
630856
578948
583331
552816
554978
539937
551730
571570
561352
599056
591040
614875
627443
620092
650786
668687
684895
701501
719190
725660
722367
717533
707071
702713
696419
689821
683832
676336
678484
677058
683944
706621
701477
705609
704679
707622
706879
697697
693771
691496
675135
650596
614420
603283
592575
565945
599319
564533
651756
687258
719587
726582
727292
746190
763411
770622
752618
759967
776865
768883
756945
991632
1.0414e+06
1.05717e+06
1.07694e+06
1.06924e+06
1.11179e+06
1.11134e+06
1.15679e+06
1.18288e+06
1.10902e+06
1.01472e+06
854425
868559
780506
791011
770512
808489
800667
768859
754076
740419
715891
667425
629174
556050
539742
537007
549619
637800
594842
1.08319e+06
1.07845e+06
1.08162e+06
1.07516e+06
1.06159e+06
1.03567e+06
1.00232e+06
992229
966111
941616
916092
923127
947714
1.01132e+06
1.00114e+06
1.05706e+06
1.05489e+06
1.12184e+06
1.09946e+06
1.13314e+06
1.13407e+06
1.16554e+06
1.14522e+06
1.15981e+06
1.1415e+06
1.14021e+06
1.12371e+06
1.13629e+06
1.12019e+06
1.12514e+06
1.16935e+06
1.14655e+06
1.12761e+06
1.1192e+06
1.11403e+06
1.1085e+06
1.11981e+06
1.11327e+06
1.12482e+06
1.12366e+06
1.11112e+06
1.11081e+06
1.10396e+06
1.09755e+06
1.08649e+06
1.09069e+06
1.11258e+06
1.11459e+06
1.12762e+06
1.16639e+06
1.15547e+06
1.19388e+06
1.18774e+06
1.21467e+06
1.2278e+06
1.23357e+06
1.23542e+06
1.22904e+06
1.24149e+06
1.27629e+06
754079
757124
757969
762214
760527
767453
765442
775066
771344
782429
779750
791440
785354
794877
993355
1.00083e+06
996909
992310
974338
940863
942358
906977
899041
898851
888621
890959
883396
890961
879931
870069
876763
878366
869568
883158
879321
877682
876161
861580
851720
843828
830009
825713
809524
819485
680557
685123
671679
656916
656931
641890
638886
641413
643099
647578
654663
663917
678886
692525
702538
709278
707102
697069
699019
674764
666142
672696
683755
690876
701246
703911
703990
700892
702787
699152
710365
712713
719252
720648
720189
710792
696473
672063
653519
638827
603559
614637
580192
592162
582449
604304
595470
619691
610884
618985
616610
613867
639891
636161
667520
684920
694852
709211
717497
728459
631187
621917
614715
603775
585564
583363
563000
562287
563383
549611
580661
569511
624228
612152
674188
663084
705938
698500
729511
724162
752129
753391
760094
767272
764909
775231
782397
796304
799977
800130
898453
905447
908437
894354
907219
894607
900952
900626
899944
880076
861376
839367
784870
759554
735146
710154
657625
676063
608516
625864
583800
596654
584758
596393
614771
616793
646764
669709
676693
694928
725409
726523
727253
726884
723991
716779
711019
700663
695636
692902
689469
685871
682685
673627
665309
663114
656197
696448
700632
747722
790374
790861
789231
779405
766626
750248
748268
747427
747137
773575
705649
744831
752965
750990
760923
758780
741774
740441
738404
758803
733004
741114
719970
660803
683633
672504
682554
697390
708010
713564
714257
714117
710444
702056
696382
690818
680774
677311
662874
660656
572052
577089
600053
584082
588196
557828
571148
574667
590838
608379
602220
624158
631793
624949
649898
675738
686080
699220
711324
715422
707721
704229
699916
696105
695471
692122
690019
679209
682235
686625
709180
712487
710828
714466
706595
708237
697150
693130
693327
663780
651360
619886
606868
577035
583269
581260
560475
646351
717155
749354
750533
760166
756331
759526
761934
795420
791561
785262
779574
763868
974916
1.01727e+06
1.01128e+06
1.05439e+06
1.05039e+06
1.10379e+06
1.1192e+06
1.15476e+06
1.16259e+06
1.11912e+06
1.03356e+06
911158
871331
766793
816154
808786
796378
793326
775880
768335
749556
740305
663946
660534
569838
597573
590572
624401
637030
738630
1.05288e+06
1.06898e+06
1.05689e+06
1.04904e+06
1.03385e+06
1.0151e+06
985593
950556
926380
907283
905683
914905
939450
932800
1.01026e+06
1.00002e+06
1.05455e+06
1.04835e+06
1.10431e+06
1.08766e+06
1.10992e+06
1.09554e+06
1.12009e+06
1.10134e+06
1.11131e+06
1.09928e+06
1.12175e+06
1.10587e+06
1.10763e+06
1.1043e+06
1.14597e+06
1.13074e+06
1.11977e+06
1.106e+06
1.10387e+06
1.11237e+06
1.10755e+06
1.10022e+06
1.08524e+06
1.07718e+06
1.06891e+06
1.06024e+06
1.0468e+06
1.03494e+06
1.0668e+06
1.06412e+06
1.07117e+06
1.11556e+06
1.11914e+06
1.15125e+06
1.16946e+06
1.16687e+06
1.19838e+06
1.19006e+06
1.21125e+06
1.2187e+06
1.24293e+06
1.2502e+06
1.23448e+06
1.18982e+06
756411
752305
756736
756202
765447
763601
775291
773427
786884
784775
797073
802853
802616
843355
1.00541e+06
1.00972e+06
1.00831e+06
991089
966979
963106
915111
920470
900074
885529
891332
885476
888177
871724
870074
872175
863163
866547
865590
857188
870106
864117
862696
856290
851292
828700
820369
797633
798414
785417
700724
686074
685118
669501
649705
653424
636720
638183
636713
639678
648949
656788
668877
678150
690205
698471
700925
700931
688552
679003
661426
666864
676183
683394
699045
702533
705537
701616
699987
696360
708443
711705
718747
723562
718331
711046
692170
671731
652149
630508
605592
606083
581198
589422
592493
587869
603820
594789
605625
607483
620113
613082
648371
649348
677881
692222
703145
713001
721441
731209
669944
649541
628939
614855
598190
589151
573351
566892
565646
549072
591023
569999
625167
622493
670722
669542
707982
699301
730207
719141
746887
746440
757892
761421
771580
781359
790021
798780
804039
803601
837592
862864
864829
892327
872214
884567
894396
895522
882450
876665
858950
805787
788719
771678
716113
698802
695545
648306
627550
630358
612879
603080
600901
608811
621761
633008
648705
670793
683121
688381
733604
735995
737282
735334
729698
721764
710860
700056
695469
688525
684169
678707
664093
654457
646689
645419
654782
674411
703666
765030
769520
779429
771077
765160
753154
752875
746834
747138
742550
771726
773991
742009
768911
757629
743980
754738
759309
742001
745616
725790
734312
727510
691851
672315
680714
665269
679374
687545
696660
700211
701352
700440
694552
693249
687806
683109
688053
688658
693997
690320
680307
624663
597526
590481
580049
600223
570292
579690
599414
605112
622167
614994
627646
621055
645172
653711
684737
692794
699474
703930
705183
702413
698316
698047
690728
692006
686762
699027
691012
682800
716079
720323
716784
718328
716401
706867
701236
694333
687536
667265
644661
642579
596148
593798
593405
596811
556607
666432
735209
782890
791227
786495
787064
789583
809018
786866
791351
786036
781040
767859
920269
997754
1.00616e+06
1.06182e+06
1.07243e+06
1.10105e+06
1.1355e+06
1.16912e+06
1.17545e+06
1.1283e+06
1.06798e+06
931299
913058
810550
805813
791950
798199
795260
802832
802106
779055
745832
722053
648412
661626
599101
612045
656381
726154
792152
1.06611e+06
1.06086e+06
1.04038e+06
1.01278e+06
1.009e+06
958861
940462
906671
909145
889625
879865
896396
890594
944920
955473
1.01372e+06
1.01758e+06
1.05633e+06
1.03983e+06
1.07519e+06
1.06724e+06
1.10304e+06
1.07977e+06
1.09083e+06
1.07337e+06
1.10697e+06
1.08922e+06
1.10596e+06
1.10999e+06
1.11529e+06
1.13519e+06
1.11878e+06
1.10487e+06
1.09767e+06
1.07826e+06
1.07428e+06
1.07722e+06
1.08348e+06
1.06439e+06
1.04404e+06
1.02818e+06
992933
965409
987194
979824
1.00522e+06
1.07576e+06
1.06023e+06
1.13419e+06
1.1287e+06
1.16385e+06
1.1698e+06
1.17335e+06
1.19888e+06
1.19449e+06
1.2052e+06
1.18861e+06
1.18457e+06
1.1982e+06
1.21099e+06
750112
753814
752609
760506
759964
772569
771509
786736
784225
797353
812867
809390
857516
842861
912840
931748
984265
994763
1.00086e+06
987418
980420
941125
930135
917074
890086
896165
879841
874087
872376
868215
870091
864347
861095
851850
859384
865261
854144
863317
854735
854355
835846
830078
812361
802688
791141
799631
752774
774240
709216
714886
689305
685809
658244
649385
652109
640935
639069
641264
646245
652799
663455
671579
683201
689910
698166
691359
682507
681521
663604
664577
673662
683367
698122
708736
708801
703196
696206
681778
665730
668873
693516
707695
709507
710983
711492
701595
687492
668893
647397
627283
608041
606736
587127
597266
585434
600405
607304
608229
608964
617181
618763
639652
652851
671639
690892
707032
715734
725630
735803
749700
737043
726190
688963
661127
638040
623483
612267
598162
572275
576396
564003
554498
589205
576233
636679
619849
676743
668475
705925
696707
725889
717783
739788
748059
752886
772668
785428
794297
808322
815302
806935
793223
762621
692008
842560
842772
873470
863861
883292
878098
862046
864928
879669
864304
813126
801888
788892
736431
716773
716022
666649
659301
652076
634021
616095
617147
615906
617839
627827
639236
658901
670000
685913
689635
699350
689779
719387
728307
733447
731938
724496
714192
703484
694658
686508
672579
658590
643451
638266
629536
619604
617070
672087
654145
715976
754171
765082
758204
760203
751580
752486
753204
740137
749907
761297
772877
834644
827096
854725
851527
802996
830602
811855
794971
789805
776696
741329
738261
733313
701216
701815
684677
666888
666941
669210
675911
678204
679291
677200
673836
672569
669891
669414
675822
676079
689453
701348
699465
673090
717456
669070
700053
679168
650587
621976
602396
618287
584914
589596
630634
620972
644000
652189
659423
656964
673205
675329
697151
698813
707909
700643
703083
697756
695902
700581
694924
697694
694112
703109
708597
713075
693321
721111
726517
729848
719964
715861
713518
701750
689244
691383
661702
662822
630698
615221
619642
593362
584566
585575
680036
752486
817586
830986
818060
808237
813890
807802
824548
817339
823438
762818
744880
685931
612483
854981
963105
992826
1.0728e+06
1.0813e+06
1.11593e+06
1.15415e+06
1.18234e+06
1.18254e+06
1.14224e+06
1.0859e+06
947812
951191
828645
861794
829057
823524
828923
833740
819871
796739
786653
732676
724378
677576
693265
717108
766245
815292
889436
884595
854015
926814
989878
1.02745e+06
1.02246e+06
999232
966389
944345
901473
897248
874765
861480
878782
897157
950762
948164
1.01205e+06
1.02676e+06
1.02726e+06
1.0604e+06
1.04018e+06
1.06325e+06
1.0276e+06
1.04072e+06
1.044e+06
1.07353e+06
1.05459e+06
1.08231e+06
1.0936e+06
1.10141e+06
1.12056e+06
1.11163e+06
1.12206e+06
1.12875e+06
1.11632e+06
1.10329e+06
1.09525e+06
1.0833e+06
1.07279e+06
1.04462e+06
1.03145e+06
1.02358e+06
1.00788e+06
975326
972854
990026
966345
1.0001e+06
971079
1.04887e+06
1.04524e+06
1.10024e+06
1.1333e+06
1.15046e+06
1.16511e+06
1.18174e+06
1.17722e+06
1.19361e+06
1.18884e+06
1.20861e+06
1.21192e+06
1.19123e+06
1.15042e+06
1.16057e+06
1.09514e+06
747727
745681
757313
750899
769593
765433
785966
782640
797874
814407
810849
831195
855113
876223
889296
947620
994206
999628
1.00476e+06
993257
970422
949171
930025
903489
904208
876529
882764
870961
859258
861646
843919
838154
840531
840281
832534
833514
841218
842028
850622
837658
833869
817701
804148
800754
784655
789219
766873
757632
729300
704119
695204
681980
657332
664067
649015
644795
645984
643726
649529
654331
657459
670266
669846
680271
681115
679284
683710
674347
670273
671563
678603
692141
706429
712567
715548
709358
699163
683692
670000
664222
681258
684684
703701
710078
702078
695043
676600
664599
642240
625547
612948
600313
591308
589555
598183
603500
606265
620040
633798
636200
652702
661245
681222
693635
712957
720871
725880
732265
738458
743628
729061
719409
696466
668440
648073
643379
618174
600069
576246
579933
561870
569573
580652
586598
636487
624425
677133
669887
701941
699254
720814
718553
744674
742123
767684
784644
797933
815253
820718
819449
814939
810653
788595
777705
795583
820141
815088
817021
821165
841765
852121
834118
820913
789127
794631
786634
743995
729619
727084
682966
678040
670254
651285
641274
640722
633420
626720
629553
635520
647466
666669
667711
686232
686417
692847
696711
712995
715720
717687
716107
710502
701265
692452
683411
668670
661798
654340
651508
635067
621670
613012
632121
646352
694084
707905
752413
748953
754349
752335
750233
763006
749672
761262
763609
772650
816796
842115
853127
863079
872461
885169
837217
847617
821032
798532
783669
771622
732346
736408
718591
690186
693524
683047
654650
665906
657813
661596
664497
661930
657573
651294
648314
650952
656092
671692
680288
689785
705523
697175
713443
733019
724633
710368
698347
686132
656824
634792
653517
622208
609420
626600
643162
650519
659510
676524
669683
677597
698809
704514
709034
710232
700855
701230
701530
699078
704573
703515
705538
713606
715611
728290
724298
740827
733059
727681
728923
714439
708404
709142
686781
689564
664680
659757
635859
639564
615219
623903
614546
603980
686454
769723
861703
855338
843751
842654
843437
851970
845495
857000
846988
829150
797307
753049
795997
882355
1.01074e+06
986158
1.08223e+06
1.09183e+06
1.13944e+06
1.16448e+06
1.19008e+06
1.19342e+06
1.15057e+06
1.08186e+06
984683
957396
837889
867741
838411
846621
840723
828825
829750
825375
798536
774458
735389
734550
749873
784889
835859
883779
930424
918901
934682
1.0105e+06
1.02882e+06
1.05334e+06
1.04987e+06
1.00766e+06
993806
944560
929475
909890
872620
903720
903292
924133
951462
979698
1.01616e+06
1.02285e+06
1.03868e+06
1.04675e+06
1.04625e+06
1.02634e+06
1.04047e+06
1.00475e+06
1.02019e+06
1.01699e+06
1.03807e+06
1.06927e+06
1.09009e+06
1.1072e+06
1.13156e+06
1.13162e+06
1.12969e+06
1.14545e+06
1.12285e+06
1.10814e+06
1.09277e+06
1.07629e+06
1.06997e+06
1.04116e+06
1.05307e+06
1.02064e+06
995208
958565
952751
935411
923915
983883
971005
1.04716e+06
1.04349e+06
1.10176e+06
1.13386e+06
1.15378e+06
1.16925e+06
1.17e+06
1.18435e+06
1.181e+06
1.19087e+06
1.18868e+06
1.18168e+06
1.18368e+06
1.1466e+06
1.1526e+06
1.09885e+06
747643
745387
754562
753486
760688
780773
779784
794128
810324
810128
837143
849295
854236
902493
905295
933969
991936
993607
1.00378e+06
987428
974131
948330
925686
909374
893576
873528
879173
857486
863386
849554
852192
848767
839526
840677
843275
837972
836389
833580
828169
831778
820569
806743
807275
785280
789707
782622
753832
751127
713743
705428
690634
669327
673489
658030
660124
656643
651645
653589
650631
656135
659187
659550
671732
669298
669189
675925
677026
676499
682576
683842
692746
705901
719580
727435
725206
715957
705450
684691
669016
669783
665517
678342
676936
678814
677468
676351
668409
653025
638739
627752
612377
613833
608033
611469
613401
614181
630567
642790
643895
660300
670543
683919
692479
710947
718464
726611
735631
738796
743886
741387
730173
716067
709310
669563
661013
653397
625536
600840
584211
580972
571411
579515
584945
587541
639990
628779
666271
672660
693163
698384
709927
730912
731997
754639
779048
793261
816153
828509
836267
836817
831553
823755
802068
788148
812887
811950
830139
839439
827245
803186
824561
830333
792847
797312
780584
738805
728918
731185
696540
690632
682220
661987
656874
653554
643774
633112
636942
641793
646769
657176
664044
674467
680054
687244
685218
693313
699205
704054
706902
703705
689844
678445
672178
658282
647543
642985
640013
624783
618900
622376
612801
648609
632082
707914
708070
742952
746719
755472
747255
767724
751468
772537
777046
795041
810248
839867
875022
900568
931099
910165
896744
887803
837967
843641
812569
794137
772376
769293
734372
724213
720636
682354
699926
659310
661249
644181
642092
629515
626338
625926
630683
632027
634745
641284
646541
671651
676322
706973
699640
724124
732551
746114
757533
750776
734531
717595
688722
657415
683112
683018
679766
695034
706925
703377
689697
713446
704716
706217
717071
712418
711503
710153
702874
703468
704402
703538
707132
717274
715442
727469
733456
738019
741912
742852
732045
726305
725726
705839
703377
688376
688796
659879
670771
631995
649140
621420
625461
622189
626357
684482
805475
872516
881780
864633
860690
859541
857811
867913
852134
877248
840228
844531
873581
889703
969639
1.00953e+06
1.013e+06
1.09848e+06
1.10789e+06
1.15081e+06
1.17984e+06
1.19978e+06
1.18317e+06
1.1356e+06
1.07604e+06
1.00166e+06
916398
883441
886966
854678
845029
843646
849529
848670
835844
823266
819149
793945
785266
799737
830192
877621
915489
951635
955171
989912
1.03425e+06
1.03912e+06
1.0543e+06
1.05519e+06
1.04197e+06
995307
977958
932263
929704
942878
912178
898540
943554
974166
1.00941e+06
1.02498e+06
1.0509e+06
1.05767e+06
1.05713e+06
1.05199e+06
1.0426e+06
1.01705e+06
1.00413e+06
1.00083e+06
1.02151e+06
1.0432e+06
1.06272e+06
1.09128e+06
1.11223e+06
1.13882e+06
1.13535e+06
1.13576e+06
1.13868e+06
1.13126e+06
1.11061e+06
1.09603e+06
1.07382e+06
1.07329e+06
1.02881e+06
1.03884e+06
987463
997440
948802
956958
939757
950523
981466
1.02097e+06
1.03673e+06
1.09007e+06
1.12174e+06
1.146e+06
1.15858e+06
1.17536e+06
1.18041e+06
1.17935e+06
1.18793e+06
1.18193e+06
1.19376e+06
1.18268e+06
1.18209e+06
1.13783e+06
1.15273e+06
1.10533e+06
742898
741343
753871
751110
769594
769235
794283
792458
821095
816286
847953
859276
867156
900401
933489
933715
980884
997198
994255
991513
968884
948226
926253
906266
886229
879979
866299
861773
858228
838011
830611
810413
803790
803958
802027
804949
805914
817799
823879
812706
804695
807328
784506
786671
761034
755084
750500
721546
712494
691761
677188
678758
665078
666006
662555
660123
661220
659544
661668
656534
656348
655904
653549
650493
662902
664737
675591
682831
689075
697551
709254
720480
731340
738000
736467
725674
710659
693580
678468
660181
669538
663225
680321
685257
683371
667612
656713
646611
637887
624368
623103
614114
615523
616463
619297
635127
645949
651589
669522
678985
685120
692890
705670
713295
723869
731098
736305
739284
738925
735851
732859
713412
712497
694031
665252
654566
636932
608815
581177
594755
573831
594411
580598
618087
610090
651063
643963
683172
678511
709606
702238
737190
734825
756519
780853
807815
823607
839880
849405
854221
850850
842164
831334
831328
831160
814535
810634
796888
798512
805547
760236
735994
746542
738673
714234
718231
728804
700341
700036
693011
673863
668711
662430
661436
643772
650982
650498
650201
655303
662348
667950
674916
678677
681068
685197
680154
687353
681079
674102
675169
683807
674934
655584
650533
651036
645122
633176
631318
621963
625188
616689
650078
640639
696742
721385
737053
751893
747084
771426
758732
791450
792055
809726
818296
842794
871760
904215
933436
955357
952682
917325
886544
876481
826027
827969
796102
802237
766100
773082
730653
733493
698460
694781
660978
666102
630705
643815
633770
638351
633130
631203
622854
627981
628517
653253
653020
679041
691366
715577
724484
734434
754137
763944
763762
755218
745845
733006
712542
680675
685395
714894
743110
760107
741324
732681
712168
727761
717908
719561
722913
715212
712274
710994
705297
704700
705006
714145
712061
724614
727461
740686
745393
748315
745871
746641
730159
721388
715135
702215
681702
686226
661601
666428
635863
649009
621779
633139
624670
654725
690175
826033
882769
894422
885990
875831
879364
881553
872165
884077
877011
870561
914952
905123
985788
1.00393e+06
1.03633e+06
1.05132e+06
1.09688e+06
1.14057e+06
1.17011e+06
1.19061e+06
1.19508e+06
1.16542e+06
1.12826e+06
1.05631e+06
959241
936058
918667
859631
870063
866522
859974
851942
850106
842443
839753
821055
819499
824977
826544
870147
897253
941535
977919
1.00484e+06
1.04837e+06
1.08615e+06
1.09782e+06
1.10408e+06
1.08399e+06
1.06087e+06
1.02773e+06
1.00316e+06
967452
952947
927092
936375
971648
982195
999837
1.02944e+06
1.06147e+06
1.06991e+06
1.07218e+06
1.07642e+06
1.0665e+06
1.04786e+06
1.02353e+06
1.03279e+06
1.03027e+06
1.04229e+06
1.06673e+06
1.073e+06
1.09767e+06
1.11837e+06
1.13835e+06
1.14206e+06
1.14502e+06
1.15387e+06
1.14024e+06
1.12393e+06
1.10428e+06
1.08095e+06
1.07069e+06
1.04156e+06
1.02981e+06
991200
1.00139e+06
949596
951850
971191
970533
1.03584e+06
1.03904e+06
1.10953e+06
1.10447e+06
1.13751e+06
1.14822e+06
1.18882e+06
1.17494e+06
1.18764e+06
1.19038e+06
1.1861e+06
1.18666e+06
1.18912e+06
1.17966e+06
1.18401e+06
1.13986e+06
1.15024e+06
1.11309e+06
738351
746100
739969
765833
753473
786124
781766
811603
809309
847639
841356
879100
888442
900714
944725
938526
973498
990149
998253
982092
968709
950139
924922
903475
887294
875098
863640
862388
847736
838129
825733
817495
819789
816747
814761
814715
814769
807039
805559
803885
801225
779895
787173
758691
764577
739137
711527
710187
697538
677772
683948
666810
671696
662078
665899
665363
666663
666234
664368
663981
659026
658024
654658
651894
660997
659202
681227
686015
701107
713744
723035
732834
740683
744563
742339
732486
717958
695517
689291
665469
665792
666516
661121
659570
656502
659849
648059
644459
631593
633907
628688
626821
625926
628486
638266
647765
653784
671878
681181
684549
695137
704228
704829
714628
720658
725931
731970
734287
733251
729794
725897
723414
710634
706705
685938
653317
633832
629028
587679
589845
596510
593101
605088
615567
612268
656082
639090
686135
673189
713657
701089
734655
742414
753260
782381
813984
827585
847571
861333
871677
874294
874001
868098
863550
857609
840823
829165
810988
805637
793745
769492
768162
749683
712979
720949
723560
696690
700916
698616
686378
682347
673269
674093
659767
667034
663307
661324
665154
668225
672217
677185
681044
681276
678682
678289
683543
675592
680625
677829
666884
639624
631805
635908
639130
635327
637641
638698
634352
626258
631992
612134
661745
636656
710979
697709
750106
738296
773301
764257
801703
796167
816877
827738
852269
875081
902978
926873
955894
976886
964472
949905
899649
869395
865185
839257
826658
798315
804160
769663
765863
733828
710123
704455
652335
671281
622672
638892
616421
617838
611837
611296
617867
623587
626694
649562
651360
672174
690460
711332
721817
734649
748768
760626
762975
761049
755493
744802
734125
724136
717897
749463
789294
791231
785750
762435
748143
730120
740483
726018
722215
723713
710942
712046
708369
705728
710620
706843
718253
720953
732582
742736
745897
758511
750898
747359
743088
725599
708851
711912
682252
679973
658016
655753
640330
637770
630282
639067
609956
681059
676711
832287
885885
901233
897729
888662
883361
882154
889468
885383
881101
927972
910255
974931
1.00197e+06
1.02415e+06
1.07404e+06
1.09191e+06
1.12003e+06
1.15095e+06
1.19204e+06
1.20096e+06
1.18229e+06
1.14961e+06
1.0972e+06
998500
963745
946871
883081
882369
882027
866613
865890
864517
857075
856782
843095
843346
846966
840525
860274
888941
926154
960897
1.00873e+06
1.03953e+06
1.08637e+06
1.11646e+06
1.12056e+06
1.11827e+06
1.10584e+06
1.0834e+06
1.05302e+06
1.0286e+06
1.00655e+06
989416
995771
1.00032e+06
976427
993301
1.02938e+06
1.06596e+06
1.07462e+06
1.08388e+06
1.09096e+06
1.0869e+06
1.08531e+06
1.06514e+06
1.0577e+06
1.04864e+06
1.06456e+06
1.07148e+06
1.07378e+06
1.08769e+06
1.10813e+06
1.12263e+06
1.14242e+06
1.1495e+06
1.1595e+06
1.16461e+06
1.149e+06
1.13341e+06
1.11295e+06
1.09433e+06
1.06e+06
1.07345e+06
1.01618e+06
1.00151e+06
1.00045e+06
956777
984557
968979
1.03249e+06
1.05072e+06
1.13765e+06
1.14584e+06
1.17923e+06
1.18414e+06
1.20084e+06
1.1896e+06
1.20638e+06
1.19252e+06
1.19487e+06
1.19463e+06
1.18488e+06
1.18915e+06
1.18105e+06
1.1768e+06
1.14637e+06
1.15439e+06
1.11625e+06
734021
748747
738227
759380
769286
766621
802103
800749
827446
839125
864287
874452
907216
907886
945901
951353
972568
992773
993667
983186
968361
945911
925884
904973
885215
876938
859162
866002
842161
848741
811844
823191
787005
788883
783613
788518
788939
794352
794678
794076
779762
782213
757318
755888
732897
717372
716353
693173
681893
685205
669828
670225
667768
665077
666608
669331
669249
670855
669066
665716
664909
655334
658087
647448
665571
658211
688035
693330
713659
724405
736462
744298
749746
750320
745670
730881
729198
693792
699595
661376
674941
657663
668997
667967
666035
649056
651193
641595
637634
634422
634580
633204
635522
638400
649424
652955
670912
682446
687541
701820
703423
707456
708101
716542
716110
722046
724704
727173
726198
724541
723998
720313
719719
708802
697988
678180
625357
638095
606468
611107
597339
609402
599155
633970
611791
657392
639876
683116
675140
709173
702381
736531
730604
769263
781274
815342
833856
855943
876413
887665
899843
907914
909285
902226
886331
863308
839623
817696
794204
785718
740611
748376
713888
724300
703948
695250
697059
698239
690585
692003
685936
687202
677124
683525
679730
678419
682896
683781
685180
686824
688454
689907
690000
687434
680645
677999
664382
656537
645807
639789
640339
646393
640861
634813
638524
645021
642264
637248
632386
630270
617019
657648
638752
711192
691833
745841
759360
758799
799370
807376
833009
840966
854931
868129
892909
918341
945689
969637
991702
980869
960109
925233
884402
863415
857930
840568
835176
801710
805081
761341
768328
699292
716249
648954
667952
618325
638440
614828
623272
620044
621114
616021
631012
624279
642856
654133
675779
684708
706883
717643
729970
741295
750896
756454
757005
755312
749623
737345
727431
732410
775696
807083
837097
822320
791354
766645
756530
738178
742708
722726
723314
711922
712559
705378
703467
708925
707085
713242
722698
734050
737582
753168
758866
758145
751407
742816
738715
715634
704479
685388
681193
651176
653727
640007
627847
627067
626138
614595
669671
689423
828094
882819
904535
898827
894218
888338
891866
889795
895194
912655
907751
962559
992555
1.0197e+06
1.07998e+06
1.1114e+06
1.14533e+06
1.17457e+06
1.20166e+06
1.20642e+06
1.20144e+06
1.15988e+06
1.1271e+06
1.02474e+06
992258
966178
904240
907124
892412
873016
880007
871524
865356
865061
855250
857788
859085
851770
876463
879460
907137
944452
982074
1.02921e+06
1.06611e+06
1.10988e+06
1.13005e+06
1.13544e+06
1.1362e+06
1.1259e+06
1.10425e+06
1.07481e+06
1.05486e+06
1.0308e+06
1.0267e+06
1.01083e+06
999432
1.01608e+06
1.0426e+06
1.06499e+06
1.07424e+06
1.09311e+06
1.09842e+06
1.09768e+06
1.09849e+06
1.08896e+06
1.08353e+06
1.06882e+06
1.08206e+06
1.09327e+06
1.11061e+06
1.11162e+06
1.11158e+06
1.11394e+06
1.13552e+06
1.1451e+06
1.16144e+06
1.17238e+06
1.1727e+06
1.15607e+06
1.14173e+06
1.11553e+06
1.10875e+06
1.05831e+06
1.07546e+06
1.01516e+06
1.03197e+06
975276
994954
965613
1.04444e+06
1.00531e+06
1.14449e+06
1.15908e+06
1.2273e+06
1.22959e+06
1.24099e+06
1.21502e+06
1.22035e+06
1.20481e+06
1.21392e+06
1.19854e+06
1.1979e+06
1.19354e+06
1.18293e+06
1.18389e+06
1.16497e+06
1.15344e+06
1.1564e+06
1.13265e+06
736791
742298
743307
754554
764525
770236
799646
804941
832184
842357
874725
879620
915733
914190
938524
963614
974095
993140
996430
984217
970461
944338
927582
903791
889260
874416
863412
864737
842263
848569
808755
821450
782537
796368
791917
793620
799572
795972
792003
780469
780739
760104
761481
732705
736912
701441
709944
681251
689956
670652
676963
666523
670447
666475
670087
668179
672063
670383
672171
667016
666070
660606
657447
653445
667769
660891
692865
699957
722157
730458
742016
749501
752990
751350
745150
730653
731531
698220
703128
664174
671795
672763
668359
666136
660529
653496
646426
645560
641745
643591
642038
642777
643022
652411
647534
671900
672384
686266
703581
703678
709513
712073
711345
713254
716046
715411
718106
718406
718380
715674
714522
718626
719869
716544
701163
697712
645677
630835
624676
610673
618029
609839
612615
634641
620329
654491
645713
677301
680582
708067
698911
746484
720890
783007
780062
816611
838809
870152
887637
908600
923657
935868
939221
929921
907103
880313
847401
832440
788201
787032
746713
745121
719568
717223
697365
696630
691423
688607
692152
690892
695848
690639
695176
692865
692368
700661
700358
701850
702736
703170
703452
702248
699481
694977
687770
678510
665740
664156
645384
647158
631724
625647
625112
633188
643213
645969
646633
642702
635994
630788
618324
658329
634430
711660
691908
744857
749860
770994
810092
830540
843533
854745
866438
880337
900346
930053
953967
984325
1.00482e+06
997895
964916
929108
903300
888138
869098
865493
844774
839061
796563
799722
750379
697258
719670
642988
672440
612701
636094
610005
619240
616366
615548
623868
628318
632175
637923
659089
670004
686004
700584
714174
724826
735139
744905
750276
753072
752805
748162
742020
728668
744664
766803
832237
856657
840566
814706
784722
770329
752980
737083
737150
719183
709171
713435
703795
703249
708002
702055
713613
720643
728339
739074
750450
757532
758010
758266
746294
742135
728439
702052
680107
691214
644481
649156
640286
619587
627957
629778
614239
667006
697542
830013
872261
900496
903328
898858
893524
895639
887006
910762
893777
936893
963969
973817
1.04744e+06
1.09703e+06
1.13326e+06
1.18103e+06
1.21786e+06
1.2323e+06
1.23063e+06
1.19537e+06
1.14693e+06
1.06736e+06
1.0063e+06
1.00322e+06
917795
924438
907101
874955
890756
876689
872305
873315
864388
864049
858580
855401
871725
876053
898707
914646
953378
992096
1.03562e+06
1.07814e+06
1.11559e+06
1.13318e+06
1.14517e+06
1.14852e+06
1.13553e+06
1.11798e+06
1.09061e+06
1.06873e+06
1.04207e+06
1.03758e+06
1.0357e+06
1.04058e+06
1.04335e+06
1.0607e+06
1.07587e+06
1.10032e+06
1.09915e+06
1.0988e+06
1.10236e+06
1.10131e+06
1.09594e+06
1.09165e+06
1.09754e+06
1.10194e+06
1.11302e+06
1.1214e+06
1.13033e+06
1.13082e+06
1.1272e+06
1.14212e+06
1.15423e+06
1.16914e+06
1.18066e+06
1.17848e+06
1.1621e+06
1.14733e+06
1.11974e+06
1.10901e+06
1.06577e+06
1.07096e+06
1.02014e+06
1.03053e+06
978120
989125
991310
1.03984e+06
1.05023e+06
1.15658e+06
1.21246e+06
1.25369e+06
1.27764e+06
1.25762e+06
1.25963e+06
1.2251e+06
1.22687e+06
1.21194e+06
1.21294e+06
1.19535e+06
1.19651e+06
1.18245e+06
1.18033e+06
1.16572e+06
1.15397e+06
1.1568e+06
1.14337e+06
742260
731696
756220
738801
780473
761902
811831
794201
848993
835349
888836
880785
921116
932447
928753
975433
973744
998767
1.00081e+06
987638
965767
943972
923965
902253
887860
874423
863704
865200
841073
849806
806261
822144
780677
798204
779064
783187
786937
787687
789686
782164
772334
766156
749598
736592
722816
704443
696376
683045
677838
671280
666349
670508
669088
670304
668838
672807
671851
674223
671346
672695
667243
662838
664268
650819
677671
657819
703308
699012
731892
734299
744716
749466
751597
749933
743240
730166
734902
704533
692365
673811
683048
670229
676951
666995
662030
649886
641077
637268
638856
642848
650869
653491
659064
650997
668497
670193
671861
705466
700136
713332
714205
714742
714152
712600
712589
714499
713935
716453
714479
712258
714569
710930
715387
711297
707864
692723
655821
657893
621370
632519
616851
623023
612122
637286
619107
653438
658650
658984
694552
695680
698950
747753
716675
783171
781131
819107
841019
877559
904473
924827
945288
962287
963872
950195
922911
893608
852494
854952
777811
800128
741008
756320
709897
720931
686888
696079
678824
688504
687314
697732
695850
700830
700026
700776
711669
712373
714996
716007
716308
716405
715818
714279
710446
704302
693224
686025
661716
666047
635960
643606
620269
627522
620751
640646
641026
651418
652049
647018
640188
629945
617436
656860
636948
695069
719783
711545
777900
759927
831897
827431
860942
858219
871669
881115
905524
930789
963761
996255
1.01505e+06
1.00643e+06
975378
943588
905718
898835
898025
877614
872185
832425
837092
758568
782295
691754
717849
644389
666902
612523
636793
606892
621643
613438
625215
623250
620281
645489
636774
660818
660234
692793
694064
707573
723288
731315
738050
742837
745877
747003
747088
738341
734559
744584
777142
842360
869260
862830
829463
801934
779690
755703
744014
731736
711834
717291
706774
705787
702462
706027
702625
716780
712250
728750
736418
747523
755355
757180
756824
752927
745105
717852
723073
680842
684919
644370
657555
620926
637295
615806
635210
597297
680285
710435
807935
870729
890109
899435
891488
896503
886353
897041
913372
884945
959191
984072
958957
1.08112e+06
1.10205e+06
1.15972e+06
1.21987e+06
1.2514e+06
1.25807e+06
1.23008e+06
1.20049e+06
1.10411e+06
1.04585e+06
1.00688e+06
974896
909814
939040
876710
893727
884430
871257
877354
869778
868749
866902
864176
865391
885794
865926
922537
921488
950958
997746
1.04403e+06
1.0801e+06
1.11064e+06
1.13543e+06
1.15065e+06
1.15468e+06
1.14579e+06
1.12665e+06
1.10029e+06
1.07948e+06
1.0565e+06
1.05576e+06
1.04444e+06
1.04249e+06
1.06407e+06
1.08208e+06
1.0815e+06
1.09951e+06
1.09817e+06
1.09907e+06
1.09976e+06
1.10198e+06
1.09209e+06
1.1092e+06
1.11096e+06
1.12383e+06
1.13191e+06
1.13987e+06
1.13976e+06
1.13814e+06
1.13259e+06
1.14913e+06
1.16341e+06
1.17751e+06
1.18954e+06
1.1838e+06
1.16425e+06
1.15313e+06
1.12274e+06
1.1097e+06
1.07116e+06
1.07879e+06
1.01676e+06
1.039e+06
973415
1.02226e+06
955465
1.09923e+06
1.00938e+06
1.225e+06
1.22244e+06
1.30358e+06
1.30176e+06
1.29388e+06
1.25307e+06
1.25276e+06
1.22394e+06
1.22706e+06
1.20242e+06
1.21184e+06
1.18577e+06
1.1799e+06
1.18581e+06
1.16301e+06
1.16834e+06
1.14284e+06
1.14701e+06
)
;

boundaryField
{
    wand
    {
        type            zeroGradient;
    }
    frontAndBack
    {
        type            empty;
    }
}


// ************************************************************************* //
