/*--------------------------------*- C++ -*----------------------------------*\
| =========                 |                                                 |
| \\      /  F ield         | OpenFOAM: The Open Source CFD Toolbox           |
|  \\    /   O peration     | Version:  2.1.1                                 |
|   \\  /    A nd           | Web:      www.OpenFOAM.org                      |
|    \\/     M anipulation  |                                                 |
\*---------------------------------------------------------------------------*/
FoamFile
{
    version     2.0;
    format      ascii;
    class       volScalarField;
    location    "0.005400000";
    object      Tu;
}
// * * * * * * * * * * * * * * * * * * * * * * * * * * * * * * * * * * * * * //

dimensions      [0 0 0 1 0 0 0];

internalField   nonuniform List<scalar> 
12384
(
1016.97
966.973
929.683
913.95
904.389
905.464
898.223
899.892
900.829
904.156
935.064
987.167
1113.85
921.917
459.704
415.26
392.282
398.964
417.775
434.466
442.405
449.317
453.946
460.864
470.581
482.147
493.691
506.523
517.596
524.686
528.681
527.774
528.127
518.01
520.427
511.772
512.877
505.82
499.251
490.074
480.378
477.185
483.705
496.048
507.229
511.014
513.358
506.146
507.215
500.156
507.793
501.197
505.911
502.057
505.552
501.512
504.438
493.048
496.44
479.543
479.387
457.709
458.775
434.85
437.04
414.111
411.629
389.981
379.24
370.026
376.755
381.153
392.843
393.552
391.473
409.246
459.999
486.746
485.407
503.562
500.098
505.644
508.289
508.961
506.495
500.047
489.161
475.737
459.423
443.126
435.049
427.218
419.417
426.235
429.066
434.94
440.238
443.464
422.245
365.896
351.934
360.901
363.69
361.073
398.233
411.533
415.52
418.328
415.295
411.514
413.662
398.714
406.053
388.025
393.169
375.605
365.803
360.431
343.233
342.714
327.806
353.034
344.9
368.807
373.572
380.579
406.383
426.333
450.173
469.998
474.093
458.939
450.615
444.721
402.64
463.23
464.513
454.69
446.928
441.268
434.092
430.181
424.831
422.879
421.529
416.864
409.312
416.333
394.644
393.02
392.547
368.773
366.333
355.833
354.356
346.66
352.589
354.483
363.666
379.813
404.139
438.579
445.912
429.556
318.716
310.456
270
270
270
270
271.445
290.677
303.124
307.045
312.448
312.119
307.778
307.122
291.686
292.55
272.043
276.568
272.758
270
281.344
279.951
281.952
279.62
296.642
295.569
307.357
320.76
330.102
332.123
389.938
390.83
393.23
397.298
400.087
404.198
398.999
393.485
400.502
374.039
388.022
353.356
368.429
333.164
348.067
319.533
331.557
327.452
328.564
345.377
349.053
358.613
373.064
366.726
378.855
405.732
425.807
431.79
440.284
442.154
384.122
396.398
402.188
403.296
395.115
392.909
389.502
369.145
378.598
347.23
352.965
351.069
348.081
337.565
365.709
355.411
387.668
392.072
411.239
413.41
401.867
399.145
397.943
387.727
382.108
381.606
374.348
374.889
366.035
362.938
496.653
473.62
445.278
419.926
402.541
394.394
370.152
374.395
327.445
348.277
309.321
325.789
309.241
323.699
310.278
344.149
337.15
374.343
377.333
407.074
418.643
445.073
446.606
432.341
406.341
400.16
400.244
401.59
403.244
402.324
308.78
330.543
341.976
343.551
337.168
330.753
317.208
304.654
275.104
285.124
270
270
270
270
270
275.79
293.364
318.062
341.019
359.433
366.016
358.726
358.447
360.321
358.404
354.137
355.627
356.249
360.218
359.797
270
270
270
270
270
270
270
285.988
300.511
302.616
307.563
314.956
317.344
318.873
320.333
319.417
317.047
312.645
306.957
300.157
292.743
287.325
278.674
282.277
281.309
288.118
289.346
274.08
270
270
277.904
283.835
281.509
275.943
282.205
270
363.68
432.245
426.441
423.094
411.982
411.987
402.329
403.678
401.598
405.128
408.253
413.435
416.097
421.521
423.884
428.918
420.396
415.576
386.987
375.663
361.985
339.215
270
335.675
853.326
847.568
852.158
872.694
899.045
913.48
918.782
903.357
885.299
863.266
868.495
902.032
1055.07
980.669
447.162
404.655
399.735
430.633
459.703
471.394
470.988
472.105
478.22
493.975
514.909
539.897
564.138
583.664
597.258
605.724
611.254
615.12
618.705
620.022
615.77
605.321
585.64
561.097
535.82
512.435
493.159
479.798
480.973
500.904
510.073
514.248
508.832
508.928
510.317
507.963
514.25
515.279
524.7
530.881
538.116
539.956
537.349
524.431
517.794
501.082
494.447
484.493
474.814
465.035
453.484
440.407
425.393
408.789
388.721
374.077
373.005
373.222
383.073
395.943
391.102
418.508
471.37
486.253
481.876
481.135
469.257
464.988
464.485
465.766
464.993
461.279
452.087
438.87
423.9
404.35
392.915
384.531
384.476
385.286
390.961
403.246
416.498
427.535
429.195
397.358
361.358
348.21
345.338
347.634
398.967
407.603
419.464
432.169
445.183
451.684
460.967
458.608
461.439
453.799
454.112
437.346
437.713
414.953
407.679
398.351
391.846
395.653
389.404
394.087
386.018
387.215
398.037
413.323
429.293
442.281
450.521
436.392
427.357
427.491
423.486
461.922
452.176
438.746
428.161
423.303
419.64
419.078
419.48
425.168
431.063
444.483
450.506
455.903
457.545
456.972
436.168
444.962
423.275
410.859
407.911
392.624
389.467
378.727
375.139
378.226
391.429
421.43
449.774
449.516
316.95
288.012
270
270
286.253
321.504
344.768
343.539
334.945
321.056
310.883
305.066
296.503
292.454
277.034
279.39
270
270
270
271.599
292.839
293.53
290.923
305.655
298.445
300.081
312.45
318.312
323.653
332.186
420.703
430.876
433.167
429.708
428.479
426.074
424.291
416.609
417.736
399.525
402.903
376.834
381.484
357.043
358.196
337.211
346.513
338.367
333.493
345.933
346.145
359.913
367.589
371.428
378.626
385.066
386.872
396.576
407.96
422.397
430.882
430.067
423.64
417.879
412.768
400.326
401.381
378.849
379.761
362.203
357.936
344.026
343.825
341.547
354.847
358.55
376.955
384.11
398.791
406.348
405.509
399.895
401.151
398.49
401.555
409.04
404.92
400.554
386.726
376.869
452.661
416.557
395.041
383.294
373.927
375.057
355.358
352.11
324.609
322.127
301.049
306.075
301.437
294.467
304.858
308.23
325.064
347.043
348.414
386.779
402.702
431.576
449.892
438.012
399.581
390.871
398.329
403.997
403.87
400.167
339.88
353.636
351.753
342.297
332.936
317.05
292.447
293.712
270
270
270
270
270
270
270
270
270
284.73
307.873
329.325
357.122
366.557
361.277
359.783
352.603
347.576
345.942
347.085
348.704
350.295
270
270
270
270
270
295.616
305.634
301.143
308.789
297.91
300.397
303.375
305.212
307.639
312.196
317.079
319.865
319.453
314.215
307.69
297.366
292.048
285.369
278.577
281.691
285.299
288.089
283.154
270
270
285.469
272.843
270
278.999
270
270
413.517
433.574
424.873
419.141
411.363
404.758
401.519
397.772
400.772
395.859
401.191
402.029
408.173
413.564
424.944
434.682
436.267
428.07
392.995
373.148
364.677
348.312
270
326.162
832.1
850.767
909.031
966.977
998.58
1006.62
1011.29
1000.54
987.711
937.695
879.593
870.114
977.265
1001.93
432.815
399.676
421.509
463.973
479.663
477.411
473.766
475.252
484.373
505.188
536.438
564.424
588.711
601.703
611.223
615.257
620.333
627.386
636.323
643.153
652.612
655.938
644.322
623.556
587.787
551.257
516.229
491.743
481.826
497.901
509.365
511.677
508.784
506.907
504.303
501.816
510.389
516.512
538.589
546.346
558.625
544.944
536.681
506.796
501.104
470.399
476.83
455.445
456.446
447.493
449.973
440.883
439.094
421.59
409.167
382.57
375.635
368.356
378.806
387.296
384.425
428.166
471.481
478.654
459.881
455.84
444.253
444.124
450.627
457.212
459.798
457.451
450.214
440.232
426.534
408.768
392.852
379.679
367.82
361.901
367.913
374.968
385.787
405.379
417.914
413.906
386.452
360.407
349.168
344.899
396.675
410.757
443.372
476.391
494.971
499.861
505.129
499.693
502.767
493.939
494.137
485.957
478.07
462.744
455.12
448.175
433.215
443.034
429.012
432.311
414.083
402.75
396.11
401.207
411.831
424.648
433.511
434.803
430.503
429.529
434.239
456.816
440.347
430.711
426.991
427.796
426.214
428.958
434.427
446.967
466.443
485.667
495.727
511.567
502.033
516.749
489.517
491.447
485.4
468.333
461.808
448.784
432.423
417.044
399.206
385.676
384.891
405.808
439.454
454.089
311.896
276.323
270
299.423
338.096
361.053
341.969
314.803
298.822
290.475
281.504
280.481
274.027
277.588
270
281.025
270
270
270
277.011
289.88
289.974
316.643
317.641
316.73
315.794
311.697
316.122
326.383
333.54
428.37
437.935
433.167
432.741
433.059
434.743
441.339
434.048
439.345
417.585
421.794
391.763
400.939
367.669
373.722
356.531
349.131
350.139
341.174
349.718
356.215
358.69
362.306
375.879
376.661
377.844
385.15
381.386
390.043
411.758
435.842
433.341
432.732
429.947
427.248
417.745
416.684
396.888
399.269
378.793
379.247
363.112
367.465
355.803
369.063
362.776
383.155
384.901
396.779
402.214
402.984
399.995
398.769
402.518
411.053
422.136
419.202
416.092
399.754
378.126
409.813
392.515
388.27
387.115
383.954
387.085
362.4
368.26
328.46
336.726
310.828
316.914
303.675
304.229
307.612
314.129
307.995
333.659
332.544
357.371
383.453
411.011
438.798
447.597
406.468
393.706
408.104
417.051
415.897
408.157
366.443
360.909
348.651
332.681
317.125
306.414
288.206
286.023
270
270
270
270
270
270
270
270
270
270
281.168
304.177
333.028
360.091
362.8
357.625
352.213
349.143
346.763
347.838
345.705
346.108
270
270
270
270.42
298.146
303.674
295.469
294.347
288.536
288.491
293.706
287.77
293.256
296.268
303.571
315.186
322.855
323.32
317.215
306.684
294.864
291.772
281.275
281.261
280.076
285.085
288.031
285.614
275.082
270
270
282.672
290.514
270
270
372.931
431.583
431.71
427.84
426.032
423.53
424.29
421.324
423.623
418.457
416.007
408.392
406.735
403.64
409.863
419.819
434.301
439.285
425.342
381.379
356.125
365.255
357.021
283.833
321.318
834.83
890.969
978.184
1006.95
1009.26
1002.97
1006.18
997.262
1004.16
980.585
916.863
864.358
933.095
1004.32
418.691
398.942
442.428
482.686
489.21
482.029
479.29
481.513
492.209
512.324
545.531
571.27
587.177
592.855
598.275
608.235
620.433
634.013
646.863
660.708
671.171
678.37
680.511
664.61
634.6
589.724
545.293
507.81
485.767
494.376
506.611
510.635
507.186
499.045
491.903
488.104
501.352
519.506
545.712
555.913
559.603
531.065
510.032
481.949
466.851
457.586
450.672
441.626
429.661
428.86
423.535
432.659
432.035
431.891
418.567
402.809
378.917
373.116
373.762
385.418
385.946
430.543
465.229
469.6
445.518
438.441
432.662
441.183
449.21
453.135
455.484
456.214
454.172
447.334
435.86
424.016
408.613
392.131
380.504
374.196
362.745
361.213
370.913
385.629
405.454
415.823
405.144
384.649
366.373
353.07
402.623
441.609
489.716
508.504
516.674
514.29
513.878
514.925
508.538
504.757
506.104
499.916
497.629
490.27
482.194
474.581
469.474
474.167
464.069
466.981
446.057
430.937
412.727
399.387
404.046
411.71
423.947
427.574
429.427
428.161
438.395
450.201
434.622
433.636
435.018
434.85
432.845
435.726
442.503
464.992
489.548
509.234
521.079
536.155
522.073
534.489
520.825
506.566
514.106
495.637
493.912
487.303
467.083
455.057
426.763
399.775
385.749
396.644
428.68
454.761
304.815
277.133
290.244
335.274
364.379
344.561
309.316
298.024
291.866
285.694
278.635
281.728
289.846
310.721
318.829
331.55
326.795
314.768
307.661
302.93
289.678
311.641
322.637
328.498
343.364
333.658
317.646
322.825
325.217
331.032
436.763
439.85
436.52
440.13
451.58
455.084
455.971
452.049
447.05
426.747
423.015
397.525
399.512
366.793
383.356
354.79
355.949
356.286
350.535
364.758
363.188
359.049
371.803
375.304
375.974
387.853
384.968
386.038
394.748
411.862
441.606
449.099
452.702
449.25
440.662
430.12
427.232
411.244
408.667
392.773
388.341
385.375
377.342
377.073
380.179
381.442
392.898
391.827
401.339
402.66
403.326
398.821
398.411
403.607
412.489
423.889
430.642
429.819
420.211
396.768
393.737
394.07
396.397
400.548
394.041
386.463
368.701
362.585
323.357
330.214
299.97
301.335
303.613
304.193
304.247
321.166
312.872
322.541
328.156
338.244
362.993
394.331
420.414
443.85
424.499
398.865
411.106
423.963
423.556
414.359
368.015
358.558
341.933
326.427
306.292
306.942
291.58
285.297
270
271.946
270
270
270
270
270
270
270
270
270
281.547
313.271
344.869
361.176
356.657
350.931
349.784
354.127
350.904
344.873
344.392
270
270
270
299.943
304.907
306.334
298.414
308.335
307.779
304.558
303.992
294.91
284.591
286.422
290.223
300.982
311.953
314.213
308.424
294.381
284.445
276.254
270
274.316
281.566
285.336
288.503
285.903
276.561
270
300.755
340.506
323.38
279.441
326.095
419.098
437.59
436.446
437.763
441.967
444.193
442.799
444.534
440.398
439.632
441.099
428.292
420.527
411.868
407.747
419.069
433.536
440.543
416.183
358.063
342.569
363.24
358.604
287.059
314.208
838.995
925.153
988.966
968.55
927.471
921.18
947.521
949.85
971.918
971.48
924.553
870.828
917.577
994.437
411.148
406.594
462.486
495.711
496.579
496.428
495.805
493.721
502.072
520.821
551.301
568.786
577.627
581.541
596.781
615.812
639.65
660.145
679.853
688.155
700.63
698.568
707.774
690.003
667.519
620.132
572.258
526.467
492.786
495.921
503.14
507.798
501.954
491.288
481.035
474.935
495.316
517.472
553.998
555.787
553.664
505.767
496.36
458.136
467.353
448.512
447.351
426.324
423.94
407.25
411.74
411.753
424.957
427.846
427.157
411.966
393.277
373.949
374.507
382.079
376.023
427.172
457.832
453.683
437.344
428.982
429.008
438.58
443.229
443.561
446.822
449.622
448.349
443.69
437.861
429.447
417.034
402.521
388.355
368.927
356.443
353.49
358.736
373.66
394.992
409.86
411.168
393.751
373.486
355.816
410.067
484.827
510.302
513.822
513.115
510.74
499.785
495.814
493.471
483.343
492.56
488.869
500.779
496.682
501.567
504.617
496.381
500.144
490.035
493.931
474.809
465.442
431.914
417.921
402.525
408.848
417.042
429.878
433.593
436.262
440.175
445.443
437.34
440.561
443.903
440.149
436.731
436.482
450.089
476.527
502.124
523.35
525.307
535.75
532.782
533.324
542.153
522.677
531.446
516.793
509.95
506.194
491.381
480.754
448.63
414.874
388.29
391.733
420.384
452.522
301.058
286.126
321.08
363.021
359.075
313.19
306.967
311.081
296.951
282.832
278.096
296.764
329.191
366.245
376.337
379.369
382.2
367.765
362.709
331.589
330.273
326.787
327.494
350.334
355.794
348.972
333.254
320.807
328.017
335.852
440.785
439.475
446.516
457.095
463.763
466.865
460.525
449.882
440.971
415.383
413.46
389.34
385.022
361.583
365.957
348.717
353.335
353.882
360.664
372.428
361.231
376.491
375.843
374.345
386.252
388.749
388.608
393.833
394.14
415.758
458.277
467.219
466.254
456.778
444.911
435.709
426.763
416.368
417.362
396.804
401.089
389.542
389.71
384.57
395.613
388.072
403.808
400.737
407.08
406.653
405.923
400.85
397.545
405.402
412.191
416.005
418.58
426.622
423.867
397.742
398.28
404.262
406.61
403.607
395.512
382.809
370.069
356.047
327.902
329.54
294.819
300.744
278.705
284.541
301.139
311.085
315.378
321.533
324.452
334.826
342.352
379.401
404.504
434.102
436.593
417.27
420.844
429.384
428.03
418.543
370.497
357.767
334.761
318.758
309.587
315.826
300.673
301.703
283.555
277.117
270
270
270
270
270
270
270
270
270
273.087
297.018
333.521
353.294
355.131
349.815
351.931
355.322
356.085
344.423
344.872
270
270
293.968
312.897
312.303
316.146
330.026
338.05
347.172
344.922
328.589
318.244
296.453
276.795
274.029
280.016
292.878
301.638
296.568
288.561
275.439
270
270
270
277.703
287.153
287.033
288.948
278.34
270
309.995
382.409
332.523
314.38
380.357
434.774
441.382
444.659
450.379
453.066
454.818
455.725
450.706
451.692
449.895
449.11
448.459
435.431
424.122
410.37
412.577
434.429
440.353
411.293
352.003
338.572
362.689
352.606
277.255
321.909
844.76
936.914
954.877
878.803
818.99
832.82
885.459
910.739
923.502
940.359
899.395
870.309
923.113
996.828
402.899
413.997
476.328
501.984
510.576
517.78
520.529
513.51
513.221
529.054
554.296
562.408
567.811
580.01
605.292
634.569
666.754
697.292
717.614
727.547
732.023
725.734
725.835
706.883
685.35
637.713
590.986
538.178
497.799
495.725
498.244
501.715
499.198
485.041
474.98
477.84
482.684
520.586
556.339
556.266
536.733
496.886
481.777
455.409
476.948
446.64
442.764
429.771
417.781
406.843
396.386
402.149
412.842
426.7
428.073
420.296
400.135
381.198
373.41
385.716
373.236
423.149
451.689
440.69
426.037
423.758
427.546
430.3
429.197
430.364
431.27
433.099
434.162
435.308
430.477
427.993
413.001
412.876
397.773
385.68
374.476
362.507
356.442
370.635
389.329
409.377
412.425
403.82
386.469
367.347
439.471
506.044
511.703
507.377
499.916
488.841
479.461
467.16
468.701
461.701
478.518
483.055
505.794
505.718
526.103
525.722
519.087
525.888
508.41
516.412
497.683
489.81
463.478
435.89
416.306
407.627
416.802
424.03
436.884
440.656
441.062
444.853
441.476
449.962
449.652
442.967
437.368
438.914
453.415
481.143
508.059
515.411
521.953
519.149
533.711
525.43
548.859
532.653
539.775
529.62
519.401
517.263
502.097
491.477
461.747
422.287
388.358
389.025
416.153
451.137
298.306
298.941
348.325
366.225
331.53
321.801
336.407
321.71
289.39
273.984
285.376
326.749
372.369
396.181
405.318
389.586
396.231
387.12
375.537
372.693
354.1
334.782
352.143
358.233
367.035
368.573
338.178
322.133
324.199
328.636
443.222
446.086
456.874
466.851
470.441
466.989
456.411
444.654
428.118
413.79
399.301
397.34
374.359
364.357
359.031
346.04
352.75
353.132
368.309
364.94
374.765
385.078
375.092
386.053
388.62
390.56
400.923
399.552
402.134
420.039
474.302
480.281
473.705
459.451
446.118
437.474
430.391
417.441
423.786
399.443
411.027
381.595
388.76
390.853
396.178
399.324
409.185
405.214
415.604
409.282
411.851
405.058
402.717
399.804
410.293
422.076
423.386
429.981
439.723
420.832
407.843
418.206
412.28
404.743
394.524
393.292
372.274
367.489
339.066
334.583
308.275
304.824
284.669
284.289
277.314
309.052
305.307
330.685
318.242
338.347
335.653
364.677
392.33
421.374
440.018
431.902
436.021
435.163
429.412
420.669
377.576
356.474
330.314
318.806
322.058
330.448
313.183
318.764
292.973
301.631
278.998
281.945
270
270
270
270
270
270
270
273.01
291.547
324.014
349.887
353.143
354.853
353.011
358.245
359.024
347.322
343.36
270
272.269
310.865
322.729
327.245
343.814
364.683
381.44
381.343
385.846
372.002
347.902
324.466
290.281
270
270
272.153
284.468
289.116
287.814
270
270
270
272.823
273.869
279.744
288.946
285.84
275.267
270
331.285
397.144
343.387
343.237
410.042
441.939
444.587
453.257
460.667
463.825
466.914
465.973
471.549
468.712
462.737
451.501
460.085
446.367
439.42
417.038
407.069
429.042
445.218
413.6
351.918
331.682
351.45
330.866
270
320.51
846.605
920.809
897.083
796.425
744.356
770.459
838.085
877.617
880.956
892.628
873.088
881.489
926.689
975.846
401.009
429.258
485.28
504.888
514.741
534.277
544.112
533.227
524.225
532.919
552.426
555.257
560.486
574.42
616.939
654.86
693.093
707.994
732.491
737.812
751.438
738.971
737.09
712.489
687.219
642.865
595.046
542.887
498.73
502.537
490.811
498.783
493.256
478.975
477.223
469.421
483.986
518.655
561.29
551.191
533.186
486.827
478.895
464.102
471.666
449.03
440.523
416.563
411.263
395.996
398.394
396.691
412.808
424.49
429.652
422.032
405.436
384.225
374.204
383.581
358.288
407.157
439.268
426.455
417.665
412.714
420.321
424.461
424.759
425.227
421.924
417.471
419.171
420.64
421.274
414.586
416.096
413.453
406.79
395.581
383.871
369.212
368.059
372.159
392.436
407.979
416.034
407.58
389.044
368.467
466.777
510.256
504.841
493.561
480.7
464.488
462.051
449.005
450.266
448.905
473.671
482.552
525.13
532.793
554.923
551.18
541.435
544.594
527.542
534.709
514.02
514.135
482.461
458.805
428.856
416.565
417.259
430.305
440.924
447.814
443.854
447.793
449.471
459.05
455.537
443.228
435.493
435.048
450.785
481.254
498.274
500.734
501.747
494.687
516.422
513.461
535.014
536.159
541.285
525.894
526.355
519.658
506.307
493.478
461.672
415.56
384.751
386.626
418.697
451.07
298.964
323.038
363.157
349.332
333.013
352.91
349.904
310.066
277.599
272.691
296.945
352.011
390.813
399.459
403.371
385.918
385.835
383.466
392.934
378.362
359.812
358.616
357.889
367.266
382.471
372.308
339.484
318.882
321.422
324.519
445.255
453.437
464.846
470.297
470.691
466.018
451.744
440.491
426.162
416.697
396.448
404.401
374.756
375.62
359.286
353.002
353.838
357.21
357.471
370.076
384.58
383.297
389.65
390.031
389.595
400.754
404.702
405.958
410.001
430.676
486.301
489.387
478.703
461.292
446.236
435.527
435.333
418.003
423.933
399.763
393.258
376.072
384.587
376.41
396.455
395.042
413.015
411.095
416.249
416.575
413.135
413.156
405.744
408.107
414.252
418.87
422.777
424.975
427.731
414.387
422.841
430.056
416.886
408.028
398.587
403.731
373.678
373.844
342.198
340.017
307.914
309.014
289.84
287.474
270
306.456
299.812
335.142
318.01
338.173
332.57
358.052
379.083
412.93
435.62
443.892
444.442
435.425
424.266
420.567
385.116
353.37
331.686
326.866
335.881
338.659
325.357
327.55
311.965
316.473
285.715
292.728
270.046
270.706
270
270
270.617
270
270
282.113
293.892
325.2
345.904
357.244
359.675
359.828
359.661
362.005
347.59
344.084
270
297.774
322.767
335.022
350.442
374.902
397.435
411.91
415.442
406.3
405.876
385.195
352.659
317.706
273.394
270
270
270
280.439
283.013
272.773
270
270
270.2
270
283.479
284.606
283.21
278.501
270
335.017
405.206
364.742
367.868
423.01
448.222
451.189
456.057
467.086
473.116
472.804
474.951
474.545
471.769
471.015
454.738
459.148
455.868
446.633
430.251
401.756
422.379
446.042
419.556
346.108
317.143
326.355
302.217
275.344
335.358
840.513
895.578
841.203
747.34
712.036
744.353
816.516
847.244
843.201
864.718
876.99
883.656
843.78
814.855
403.88
441.514
487.378
496.202
514.612
554.511
572.379
547.728
531.806
535.256
547.882
546.034
549.333
574.3
632.771
668.166
693.755
706.38
732.967
741.725
752.264
737.482
725.751
702.326
671.313
632.062
579.452
534.162
499.784
503.018
482.429
495.728
494.434
486.402
479.809
475.591
474.193
527.499
558.574
553.58
531.373
486.038
482.422
463.95
471.141
450.161
448.928
419.918
416.016
397.945
401.966
406.552
419.236
429.008
432.117
423.112
405.825
385.77
375.298
389.72
354.867
404.604
425.333
421.019
409.746
408.483
408.577
409.956
400.966
394.234
394.698
400.458
402.746
404.757
407.734
410.237
409.898
415.89
416.043
402.338
390.196
375.395
377.384
382.795
395.507
412.479
417.08
409.501
390.09
376.849
495.078
515.103
497.262
478.247
462.652
449.782
442.908
434.671
440.452
436.912
462.348
475.661
524.935
536.86
558.907
551.803
552.688
556.919
547.686
548.159
533.461
522.246
504.593
469.807
443.259
419.763
422.53
431.37
447.961
451.799
446.721
451.968
460.777
468.706
458.723
444.775
435.107
430.598
447.029
469.367
485.548
482.208
475.493
470.772
484.103
505.351
513.191
518.146
540.943
522.317
524.225
517.237
502.556
483.004
441.009
398.939
378.607
389.876
427.189
451.711
301.178
339.431
365.147
346.246
356.231
373.52
349.959
298.948
274.662
274.621
302.976
349.989
390.193
395.92
395.666
382.352
387.151
385.175
389.796
369.196
372.43
362.965
362.733
383.917
386.847
371.264
322.473
309.808
310.178
309.746
454.294
467.37
472.211
471.94
469.869
464.82
451.901
441.258
427.175
421.569
404.141
406.554
379.933
384.125
361.161
366.122
359.108
355.811
355.679
378.836
382.907
391.628
395.109
389.452
399.735
401.679
407.583
410.338
412.921
432.362
500.371
498.776
484.858
462.385
444.956
434.599
434.146
415.75
422.786
388.71
390.765
375.279
371.042
369.361
386.429
393.454
415.246
409.724
420.778
415.545
424.411
413.851
411.445
412.572
420.725
423.81
427.203
439.053
429.809
413.875
447.683
452.42
428.529
414.55
404.228
398.122
373.994
362.719
338.506
329.98
310.768
314.493
292.994
300.467
271.572
308.83
297.084
332.831
318.337
338.655
328.664
355.646
370.55
405.686
431.631
442.831
438.958
422.104
414.171
412.349
398.264
360.463
337.784
337.478
343.091
343.405
331.88
330.058
317.894
314.937
288.273
293.773
270
274.902
276.509
270
281.605
270.665
277.269
299.507
303.954
334.298
347.252
355.521
358.804
358.934
364.623
363.914
352.692
349.576
270
302.544
340.175
346.051
374.755
400.58
421.929
423.494
433.023
432.64
415.583
408.533
382.871
342.897
297.567
270
270
270
270
276.381
279.036
270.461
270
270
271.655
276.981
283.582
282.709
271
270
312.119
411.749
384.428
387.83
429.799
448.656
459.016
460.783
467.813
478.45
483.135
486.857
492.738
488.217
484.128
464.155
457.559
459.107
449.454
439.223
403.437
412.58
446.039
423.349
339.646
287.902
288.585
270
302.65
343.849
832.268
859.119
804.487
724.628
702.37
740.55
807.952
829.041
832.291
884.496
893.041
775.832
591.464
491.553
438.595
392.901
407.755
448.594
474.053
478.95
515.214
578.985
592.384
560.989
535.014
537.832
544.239
535.806
541.729
575.435
631.249
663.484
695.145
703.56
728.397
729.082
733.598
716.073
690.586
667.418
624.84
592.751
551.698
522.531
498.526
512.954
484.554
449.894
463.184
479.005
490.587
483.523
483.05
471.051
479.619
520.314
561.273
560.585
535.477
490.018
482.707
466.751
470.201
455.236
453.663
440.195
433.286
420.63
420.498
425.427
430.128
433.691
428.51
417.523
399.13
384.69
379.306
392.848
407.159
395.514
327.511
378.318
407.923
404.83
412.053
405.654
404.397
404.414
405.16
397.906
390.957
385.064
387.037
392.563
397.556
407.076
403.225
402.395
404.334
401.76
400.467
390.182
391.735
390.486
405.406
415.679
413.703
407.551
403.254
433.689
483.402
478.039
491.26
486.075
474.841
459.858
447.89
436.936
428.2
425.997
432.322
420.415
441.163
451.301
492.768
514.944
551.222
559.973
565.839
559.582
554.617
551.708
537.143
529.834
504.502
475.303
446.776
430.098
429.171
439.509
449.383
456.584
453.389
460.094
448.492
458.474
472.056
475.586
458.559
445.223
431.609
426.751
433.563
455.344
469.08
464.285
449.172
448.713
452.76
478.321
502.123
495.847
510.64
518.946
502.083
500.234
478.467
447.12
408.219
383.127
380.798
403.478
435.578
442.732
338.282
297.51
311.486
351.479
355.547
351.605
374.931
382.94
352.059
299.927
274.481
272.288
292.069
333.257
375.641
387.26
398.813
381.891
376.566
376.886
371.185
369.41
370.783
364.757
382.102
390.877
390.008
341.479
302.434
300.115
303.082
352.466
444.644
439.334
457.441
468.786
469.832
469.077
467.473
463.58
453.74
443.243
428.613
430.338
410.303
409.069
392.791
380.302
370.377
364.785
358.677
361.677
364.484
376.94
391.798
393.962
394.307
398.683
400.327
406.226
416.106
420.263
437.416
450.163
456.69
474.943
484.743
486.262
479.813
461.523
445.505
430.55
427.726
415.409
414.092
385.337
392.844
364.065
364.098
359.073
384.616
389.93
412.935
411.093
418.57
425.023
421.583
422.287
419.116
420.259
427.459
436.995
447.3
429.235
407.129
418.639
447.531
459.873
469.891
468.068
438.556
415.848
401.439
391.328
369.663
349.651
324.319
325.806
304.105
312.291
293.224
298.334
279.587
313.246
300.765
337.115
313.15
339.791
322.84
352.565
367.965
404.773
434.511
444.437
425.381
417.71
418.783
421.732
409.019
400.815
381.366
353.923
337.142
339.707
344.15
345.923
332.291
324.032
311.447
312.876
285.879
291.904
270.352
276.375
286.825
270.133
293.601
286.234
306.917
313.166
326.317
342.467
355.656
367.424
373.123
373.76
371.027
364.486
345.576
336.473
331.114
325.122
284.055
323.907
346.439
365.252
391.187
414.461
435.43
442.631
439.372
440.964
429.287
415.667
398.297
366.932
324.164
270
270
270
270
270
278.075
280.904
276.624
277.716
278.792
281.232
285.331
279.436
274.902
270
284.151
283.979
270
394.997
403.76
401.219
435.032
449.489
457.385
465.43
472.942
476.159
483.884
495.147
489.846
486.644
487.435
465.712
458.531
458.185
451.027
440.83
409.904
408.646
441.862
427.023
327.706
270
270
283.682
314.898
270
498.943
526.067
820.384
828.301
775.905
711.672
699.59
742.667
806.162
826.338
843.541
901.027
865.314
654.985
486.082
431.223
417.221
414.541
431.285
453.198
463.368
470.404
551.398
615.374
610.091
567.294
540.153
534.784
540.402
532.511
533.22
560.43
614.758
656.999
685.078
690.325
703.038
693.401
670.808
650.442
601.734
576.634
531.786
519.819
495.05
487.341
496.665
492.655
475.472
463.521
471.205
487.847
490.4
487.979
482.46
475.255
473.089
519.326
560.681
573.839
542.572
499.261
485.679
463.936
471.39
456.95
456.316
446.03
448.128
439.438
436.364
432.718
431.67
425.957
419.365
406.086
398.878
390.395
393.779
395.089
408.558
390.525
330.232
380.794
400.469
391.796
390.721
399.415
401.013
398.242
388.816
382.362
378.092
376.993
378.825
382.873
384.424
395.59
410.637
409.12
410.89
412.294
402.594
400.543
400.263
401.49
410.161
414.736
414.682
415.827
441.928
469.402
480.345
478.657
484.905
475.381
466.295
454.19
439.004
425.32
420.608
420.9
414.715
413.228
417.235
421.601
441.281
477.772
492.893
517.703
521.665
537.066
540.791
532.52
526.906
510.633
488.467
464.659
443.455
434.385
439.773
449.675
462.13
463.532
467.404
464.945
454.655
468.781
482.818
477.983
458.18
445.534
434.241
421.483
424.468
439.331
452.429
447.684
433.915
425.318
436.379
449.027
476.766
487.699
472.551
477.467
469.756
448.59
432.351
407.449
387.61
385.25
400.851
427.014
431.299
383.494
325.634
313.086
336.987
358.419
352.334
361.296
383.413
389.955
364.227
314.224
277.484
270.343
278.457
303.603
343.044
373.345
387.207
380.663
382.016
374.685
374.366
372.008
376.94
389.603
389.969
384.985
347.778
294.615
285.511
292.177
302.649
403.236
450.669
450.586
472.659
479.007
476.071
470.925
468.433
465.102
456.165
447.82
432.257
432.299
416.505
416.149
395.666
389.808
381.403
363.973
370.957
372.899
371.777
382.35
399.296
389.651
396.76
401.95
402.733
408.651
414.341
419.111
439.619
447.063
455.466
460.795
474.052
481.465
482.608
467.353
443.638
426.222
428.256
409.975
404.662
389.289
388.527
358.7
375.816
366.51
389.678
383
413.664
404.225
427.098
419.5
425.091
424.805
424.052
426.823
432.523
436.952
455.35
423.63
411.139
450.208
508.737
541.977
553.174
533.667
476.138
428.437
402.543
391.761
362.374
341.022
316.115
315.99
298.828
306.044
297.223
304.036
285.416
319.567
300.045
320.891
313.311
331.615
318.292
347.945
372.982
404.452
430.44
425.26
409.866
421.841
438.824
449.001
444.996
433.828
409.683
372.143
344.107
340.601
344.547
346.491
330.118
316.18
296.956
306.301
284.705
280.686
275.19
270.817
291.554
275.772
305.534
305.245
327.313
329.925
343.743
352.878
361.655
366.806
371.23
373.851
369.654
358.593
345.221
335.868
320.884
313.772
284.872
328.435
352.671
383.525
395.293
435.448
439.539
447.387
455.732
448.413
431.361
423.276
404.646
375.247
344.371
296.682
270
270
270
270
270
273.122
281.027
282.655
277.901
283.854
280.796
272.373
274.978
270
272.203
289.207
284.711
345.25
422.568
413.126
436.575
452.052
457.86
462.523
472.784
481.962
476.691
491.287
487.592
485.497
481.34
462.898
460.478
456.812
449.511
441.697
411.778
407.848
438.159
427.202
324.56
270
272.73
295.009
289.463
293.729
505.977
520.86
807.098
794.433
752.468
702.55
696.453
743.499
812.788
837.938
860.476
907.127
886.067
665.824
490.764
429.843
423.121
433.321
441.343
449.321
451.642
513.967
609.872
659.801
626.034
579.823
541.875
535.877
539.707
529.159
519.048
539.546
587.407
631.992
652.109
651.142
639.001
614.168
575.427
542.33
499.877
483.549
458.971
455.684
453.971
452.111
470.839
459.597
469.277
457.012
476.458
487.819
491.53
488.133
484.672
472.848
472.79
506.022
565.189
573.361
564.871
514.494
490.502
468.383
466.49
454.7
456.379
443.341
441.758
435.302
430.95
424.867
419.346
414.507
408.732
401.869
395.364
380.744
371.048
379.335
367.954
370.93
325.831
364.358
390.688
400.9
403.945
396.506
399.272
400.879
399.529
391.66
380.442
372.688
372.207
379.463
380.308
388.788
395.349
408.081
410.709
408.028
407.385
400.949
404.501
410.403
410.546
408.796
419.353
441.771
459.558
475.617
475.345
473.328
472.806
463.621
461.174
451.785
434.742
423.049
418.112
406.236
407.019
410.7
407.573
405.953
415.363
412.124
447.087
462.843
485.925
486.372
486.386
493.167
481.425
474.39
462.417
452.69
448.59
450.463
456.784
462.816
464.818
467.828
469.418
464.548
460.985
482.433
490.137
474.582
456.025
446.993
434.672
418.527
412.543
423.497
433.369
433.842
423.548
409.6
414.958
433.517
449.957
469.085
469.541
442.419
439.97
419.809
402.843
399.38
399.432
409.222
425.629
422.023
386.362
341.197
326.175
334.068
356.767
363.329
354.121
367.483
384.122
394.407
383.084
339.392
291.932
272.827
270
275.071
298.991
331.601
357.359
373.471
375.787
378.942
382.72
376.044
391.575
382.416
368.578
324.598
284.985
275.431
278.157
283.984
360.023
432.889
461.335
473.742
495.918
501.421
489.677
476.311
470.57
469.522
464.047
451.242
439.347
436.956
414.667
426.68
395.905
401.479
379.483
384.097
372.457
375.285
384.956
384.097
393.824
392.116
397.53
400.864
406.387
412.059
412.527
424.257
438.231
438.497
440.785
441.972
451.818
465.119
478.552
471.439
441.72
429.793
421.614
396.12
403.048
392.97
371.858
360.236
372.814
364.115
382.717
378.481
402.674
404.804
419.483
421.949
424.175
428.464
429.221
431.89
438.993
446.757
452.844
420.875
425.5
481.802
572.2
633.359
649.207
614.195
540.127
454.036
411.956
392.953
366.22
338.927
310.818
302.819
287.986
291.122
288.486
287.005
283.85
299.71
299.923
294.802
311.032
313.941
325.956
348.45
381.025
411.495
418.53
404.735
403.725
430.249
459.698
479.122
481.466
465.835
436.274
392.235
352.831
339.938
345.582
344.393
324.825
314.506
288.117
291.06
270
284.104
270
271.655
279.648
279.406
315.72
306.716
331.691
339.302
350.741
359.724
372.974
383.846
384.612
385.685
381.323
354.254
330.224
324.873
312.615
301.518
285.996
334.753
359.684
388.953
402.338
436.975
444.858
449.187
456.608
451.469
430.928
426.123
407.734
376.213
349.436
324.597
270
270
270
270
270
270
271.799
274.606
278.232
279.999
273.851
275.95
278.569
272.884
276.345
277.814
283.609
331.422
420.991
423.641
437.717
451.876
460.309
462.2
463.847
480.929
475.856
476.186
482.168
475.201
467.838
458.976
460.716
452.749
447.136
441.896
411.592
407.272
436.408
423.886
326.384
270
270
270
274.639
410.131
490.06
506.83
806.211
767.909
731.228
693.065
687.819
740.649
825.118
867.844
891.485
916.453
895.957
679.214
499.53
430.206
421.322
429.485
443.307
436.754
497.973
593.934
696.322
696.119
643.248
591.512
545.043
531.649
540.136
529.98
513.867
515.126
547.965
582.808
602.693
590.585
565.641
543.125
506.952
506.942
494.929
499.961
495.254
468.724
464.602
444.279
460.482
448.834
468.58
459.264
482.252
488.039
490.97
491.016
483.552
474.047
469.813
493.875
556.469
577.817
583.131
536.439
505.861
472.251
466.84
450.002
452.431
441.164
438.814
426.225
423.92
417.027
417.699
407.203
399.145
374.381
347.654
322.502
320.561
334.376
337.515
331.531
334.098
374.318
376.511
379.529
394.548
407.393
401.633
398.505
395.217
388.479
384.777
376.025
372.229
372.685
383.146
384.033
390.128
398.487
402.219
408.136
409.118
409.38
407.161
407.433
409.934
412.126
425.719
456.867
472.51
471.179
474.513
467.863
459.218
453.972
452.656
450.193
443.736
430.77
412.927
406.349
401.541
399.204
396.846
400.594
398.031
410.09
403.328
416.188
420.712
433.273
440.132
446.197
449.073
453.182
454.291
457.831
461.153
464.817
468.115
470.252
471.483
471.169
471.682
463.912
474.974
495.954
494.451
470.812
453.248
446.003
442.209
420.512
408.274
407.554
416.221
421.656
410.666
405.641
399.829
412.657
430.637
442.493
459.496
455.922
434.44
434.436
420.546
420.069
424.849
428.692
413.962
384.257
347.816
335.105
342.655
358.479
375.207
370.38
368.101
368.477
380.446
394.468
398.784
371.062
323.178
284.427
270
270
270
271.127
292.609
318.855
339.358
349.884
356.819
349.816
348.61
316.667
287.574
270.975
270
270
294.868
356.019
416.532
455.132
479.174
502.166
526.679
528.69
511.562
490.926
475.862
473.999
470.092
460.778
446.675
441.204
425.716
421.324
404.735
410.138
381.122
384.423
382.636
377.222
389.599
377.189
397.311
389.621
398.144
401.981
407.907
409.964
417.084
427.342
435.981
430.427
426.134
427.249
436.002
450.751
467.246
471.194
452.29
432.769
407.152
399.305
401.87
370.961
366.979
360.465
366.236
356.072
379.747
368.063
402.122
395.089
416.715
416.092
424.293
428.962
431.528
437.838
442.65
454.558
450.414
421.426
440.854
506.802
608.558
686.19
700.071
677.756
609.103
503.729
429.866
405.88
377.274
351.813
310.848
298.991
274.609
274.3
270.991
270
274.819
277.408
276.441
291.834
300.68
312.211
334.524
365.182
386.452
408.75
409.134
394.157
399.566
432.048
470.26
488.177
489.763
479.001
456.905
418.284
367.604
344.362
344.997
341.373
328.733
313.358
286.434
285.243
270
270
270
270
270
270
294.758
297.815
321.883
335.06
353.27
367.11
381.434
392.311
395.227
386.569
367.546
343.875
319.607
312.526
304.692
297.494
291.217
342.555
364.48
391.334
407.419
427.94
445.052
447.066
447.928
442.561
429.214
422.949
401.18
370.487
346.598
335.465
279.255
270
270
270
270
270
270
270
270
270
270
270
270
270
286.106
316.277
357.519
383.153
424.758
433.125
439.332
450.236
459.942
464.62
460.323
466.486
475.284
462.983
466.425
465.685
457.52
460.012
453.489
446.832
449.511
439.487
407.374
409.607
434.836
415.913
334.031
272.083
275.271
327.068
415.809
478.581
468.734
498.148
808.328
752.28
716.37
686.139
679.883
723.325
827.303
896.353
929.362
928.956
905.284
707.998
528.449
431.493
420.047
409.111
426.273
459.449
565.316
681.811
758.953
722.112
653.816
608.778
550.738
527.664
537.441
538.453
514.386
502.649
508.097
532.038
549.372
544.016
527.004
517.484
507.36
523.144
535.917
551.196
548.154
544.729
521.657
492.707
492.307
467.413
481.458
479.473
493.728
493.357
496.703
492.802
486.52
471.888
467.912
484.501
538.226
573.434
594.343
566.768
530.303
481.674
465.895
442.128
448.296
435.587
438.611
426.716
425.81
413.114
407.129
384.387
358.445
323.642
301.196
292.059
297.546
310.245
317.025
330.878
339.968
364.401
375.933
373.653
377.271
390.346
407.505
405.544
404.863
401.059
397.578
389.88
378.881
374.909
376.094
387.847
394.591
396.434
405.527
408.219
412.785
415.556
414.414
408.598
407.587
416.704
435.429
454.587
474.178
476.365
467.336
462.058
450.517
434.94
432.004
443.035
451.501
440.568
421.457
409.644
400.093
396.337
396.349
396.432
402.771
397.825
407.372
411.361
410.386
421.614
424.823
435.956
445.543
452.252
459.908
467.579
473.03
476.412
477.295
476.313
475.498
474.922
471.469
474.966
490.236
505.71
490.193
468.538
449.27
442.51
442.942
427.427
406.673
399.857
404.406
404.367
405.407
401.123
401.863
399.653
410.768
420.07
426.018
444.802
440.187
430.825
435.056
424.11
418.775
401.683
376.174
350.561
341.51
347.973
366.375
381.164
387.433
386.343
383.514
375.047
376.324
386.09
400.564
398.941
365.521
321.048
291.418
270
270
270
270
270
270
270
270.361
270
270
270
270
270
270
280.938
361.055
419.407
453.008
471.309
495.021
522.856
541.121
543.408
531.252
511.375
489.233
478.503
479.346
472.011
459.886
446.403
438.135
423.421
408.858
407.87
387.093
390.105
378.633
380.652
378.363
379.659
392.787
390.057
397.829
404.196
407.906
412.343
422.59
433.989
429.639
424.509
419.78
418.033
433.59
444.454
449.668
471.776
464.155
429.932
411.873
407.611
387.057
362.424
362.742
354.944
350.861
348.924
366.905
357.269
394.262
384.254
410.33
410.437
424.038
427.674
437.516
444.469
450.812
456.688
442.165
423.466
448.275
517.239
613.241
693.011
710.73
687.155
660.06
579.444
461.829
423.866
402.152
368.025
333.689
299.632
274.231
270
270
270
270
270
282.53
284.907
309.959
327.407
354.7
377.632
398.23
400.445
392.889
387.304
398.869
428.732
454.876
478.042
481.105
467.178
451.497
436.204
393.527
354.55
345.756
342.414
331.269
315.984
299.461
288.494
270
270
270
270
270
270
271.314
295.155
313.385
338.699
360.306
379.435
394.945
399.555
396.563
375.24
338.476
319.001
314.772
305.371
296.224
301.628
310.607
347.328
374.579
386.059
409.717
413.111
432.847
433.264
436.969
430.751
418.813
409.647
386.054
359.543
342.324
336.984
302.514
270
270
270
270
270
270
270
270
270
270
270
270
270
378.057
415.113
439.21
440.192
443.956
440.884
444.563
450.728
457.215
463.716
462.437
455.266
462.681
459.86
451.763
449.596
454.534
448.585
445.454
450.673
449.48
429.672
406.884
417.253
430.83
403.511
352.825
337.608
378.597
439.614
475.59
470.414
455.709
493.614
834.344
757.662
714.405
685.586
675.316
700.151
798.865
900.819
939.601
936.583
914.377
775.356
625.226
472.387
430.411
406.328
436.757
496.357
634.912
739.211
782.763
717.764
655.841
620.098
561.661
518.734
530.198
543.68
529.885
503.107
493.901
493.675
508.145
510.329
513.34
511.604
521.589
530.391
545.254
548.714
552.692
564.361
546.343
543.291
537.055
499.359
513.525
498.021
505.859
505.92
503.359
496.381
482.784
471.054
466.141
481.966
517.501
547.839
588.522
584.591
567.558
511.508
469.064
433.295
426.685
407.838
412.15
390.276
390.536
367.883
357.596
332.291
315.361
293.225
284.184
282.695
293.875
310.696
319.464
335.278
350.153
350.415
346.117
353.092
363.434
378.075
399.951
408.556
416.265
401.197
408.84
403.389
396.674
385.639
381.614
383.694
387.4
398.553
401.402
409.227
413.44
414.894
415.234
414.742
416.623
422.688
439.042
457.71
466.758
473.373
468.862
453.056
447.373
426.626
419.114
426.477
445.207
451.669
439.145
419.581
405.451
398.838
393.938
393.459
390.735
399.444
400.692
400.285
412.51
417.494
430.803
438.949
452.96
464.951
475.393
483.73
487.006
487.352
486.184
484.444
482.474
483.481
483.305
492.352
506.563
502.479
485.902
462.24
446.775
439.45
444.292
435.57
412.598
401.647
394.374
396.9
399.459
402.312
405.227
407.371
403.311
408.019
406.438
402.153
411.033
405.531
397.625
395.278
377.3
365.602
352.677
350.203
354.02
369.714
382.343
392.927
398.414
401.05
397.775
392.121
382.803
376.45
393.828
409.047
401.659
371.897
341.614
315.626
289.167
270
270
270
270
270
270
270
270
270
270
270
270
304.814
370.755
429.054
463.688
480.732
497.744
521.242
534.477
540.652
532.982
522.29
507.844
484.358
484.717
484.809
475.275
461.968
446.822
431.621
420.583
394.522
399.759
376.579
381.642
374.266
373.044
382.117
387.284
390.023
399.687
405.931
412.381
421.784
430.941
435.813
430.302
422.039
421.798
425.571
438.166
444.445
444.34
464.868
468.881
441.483
425.803
409.19
386.578
360.802
363.162
340.032
345.526
335.818
356.313
350.851
382.881
377.429
408.177
406.795
423.783
434.124
445.44
449.139
452.796
447.006
431.355
425.835
450.198
505.299
583.332
647.915
674.242
662.945
652.228
643.667
514.957
447.786
424.832
399.218
365.317
330.123
305.352
273.773
275.666
270
270
270
302.939
303.041
328.868
359.261
374.776
390.286
399.045
401.312
394.231
395.296
399.284
416.902
432.311
452.263
455.213
450.368
441.856
438.185
423.297
371.658
351.041
345.943
335.64
322.571
312.888
291.676
282.718
270
270
270
270
273.526
277.597
305.852
326.492
352.795
373.865
389.591
394.643
386.375
359.429
332.878
323.434
315.967
308.655
310.082
297.419
313.105
327.978
360.774
375.226
389.166
395.897
405.339
407.446
414.509
413.523
403.725
401.337
388.433
365.091
345.164
336.468
337.043
316.378
270
270
277.461
285.903
270
270
270
270
270
270
272.603
310.954
368.952
433.802
455.421
463.67
464.118
457.268
452.031
452.106
453.779
455.47
459.124
462.227
456.238
446.885
454.753
444.135
444.723
441.897
442.501
448.699
449.976
442.107
419.536
409.089
427.717
420.875
391.495
375.991
391.175
431.23
459.82
455.63
438.37
449.581
491.118
876.362
799.712
737.787
692.626
675.517
683.179
743.606
835.472
906.159
910.573
889.976
822.4
754.771
620.88
540.498
485.827
534.272
597.621
709.846
760.997
766.209
691.428
645.738
631.199
578.043
514.267
508.804
536.878
545.812
528.143
501.439
487.474
487.078
489.49
499.402
504.346
516.156
521.133
535.325
536.517
552.806
555.287
554.193
547.677
532.092
504.862
508.696
493.227
496.048
496.438
493.615
486.276
477.066
471.82
475.32
489.398
506.839
517.78
547.938
573.711
590.283
556.383
514.191
446.591
416.355
392.166
383.601
358.682
349.399
326.566
317.915
300.347
292.718
280.995
277.192
277.708
287.071
300.478
315.066
328.059
332.927
326.716
325.935
338.945
351.721
371.056
393.634
407.447
423.304
412.885
413.847
414.007
414.118
408.327
400.959
392.032
394.968
394.256
400.726
404.631
409.58
413.857
417.527
422.624
428.52
435.367
443.422
454.384
462.216
457.004
457.564
448.606
429.729
420.676
417.541
415.177
421.718
448.873
456.318
441.371
422.9
411.906
405.988
400.849
401.803
402.128
403.37
418.939
418.887
431.972
450.148
456.771
470.218
481.577
490.354
495.458
498.624
499.166
498.82
498.441
499.777
502.271
506.758
512.379
509.558
490.539
470.44
454.668
443.154
439.533
443.084
440.964
427.316
413.623
400.2
395.247
398.6
406.759
410.39
413.693
415.608
408.963
408.646
402.607
391.777
393.233
380.257
375.102
372.046
366.391
367.534
369.913
378.7
386.746
395.956
399.267
401.809
399.201
395.336
395.705
389.84
377.994
378.113
400.833
419.361
415.171
394.587
376.021
358.927
335.551
313.154
289.731
278.192
270
270
270
270
270
270
270
278.798
307.263
346.593
396.917
432.743
459.787
480.203
492.413
502.597
507.765
514.111
515.384
520.549
500.903
484.314
494.732
494.437
481.582
466.446
447.099
434.165
407.643
397.851
385.142
378.277
375.484
378.107
383.376
391.588
397.037
408.401
417.8
428.118
437.242
444.137
446.644
441.893
435.918
435.09
439.649
450.201
451.897
441.208
444.81
475.701
461.294
439.642
419.045
400.356
373.791
366.519
342.535
340.89
332.606
351.656
343.639
374.922
372.744
403.926
405.769
425.544
435.983
442.495
444.786
443.742
438.243
433.345
433.218
450.723
486.045
527.822
567.573
595.594
607.978
622.431
654.033
599.519
476.178
446.677
432.196
399.746
369.175
344.607
318.831
305.047
298.956
295.261
310.673
329.012
340.517
362.1
372.98
392.307
397.63
401.914
401.677
399.791
399.336
405.78
406.105
414.38
417.311
420.896
425.013
425.63
429.595
435.591
401.115
363.562
354.499
346.019
326.135
312.768
296.548
288.042
274.279
270
270
270
283.317
290.047
311.085
329.838
349.643
360.969
361.38
352.584
338.491
329.466
324.382
324.037
322.368
312.96
317.054
313.606
327.096
346.473
357.034
372.927
377.062
382.179
382.896
384.875
379.641
376.455
377.628
372.168
356.447
343.143
334.287
334.396
337.253
326.053
295.374
283.463
298.898
312.373
293.063
270
270
270
270
270
285.838
320.538
366.059
406.504
444.006
459.682
463.22
465.646
465.069
461.028
461.347
461.713
458.634
458.278
458.108
443.698
443.483
443.94
439.748
440.5
445.237
446.25
444.211
431.627
411.356
423.312
440.256
408.986
388.177
386.956
399.573
416.252
424.375
420.777
424.012
450.093
489.842
928.372
885.196
796.608
710.499
675.939
682.697
703.27
737.643
784.735
781.85
790.358
750.815
757.924
723.12
719.537
682.353
705.721
709.022
736.754
726.158
701.1
650.451
636.183
639.142
604.865
527.031
491.605
503.269
548.198
550.758
533.343
512.445
510.111
502.236
509.991
509.492
520.84
522.895
537.428
539.098
557.056
549.016
561.277
538.469
543.823
514.858
513.55
504.288
497.179
499.335
495.326
492.583
486.064
486.149
483.904
503.785
507.278
511.668
504.817
505.309
553.252
576.151
573.525
486.488
432.789
388.819
396.161
356.93
365.83
329.396
332.621
309.417
310.413
297.284
296.814
294.811
294.812
301.544
306.407
315.888
317.369
322.447
328.465
346.029
360.898
376.478
402.087
401.641
425.448
419.669
424.629
412.001
417.597
421.561
417.546
421.751
415.918
417.903
418.632
421.281
425.722
430.797
437.451
442.867
447.872
451.483
455.118
456.292
457.172
456.248
447.234
438.065
438.05
427.331
426.464
423.054
413.448
411.175
455.859
467.586
450.466
430.681
422.418
420.095
415.864
418.299
430.057
424.787
444.605
439.716
464.118
464.455
476.066
487.361
493.991
498.924
502.288
504.342
506.498
507.576
508.998
510.757
510.163
507.698
493.798
473.576
453.299
441.332
438.838
437.696
442.642
442.189
436.573
437.055
418.275
403.021
396.228
408.64
416.781
418.922
419.146
423.424
408.815
415.542
395.853
406.418
390.435
397.753
388.541
394.11
390.947
395.532
396.239
399.198
398.707
399.84
395.403
389.362
387.355
385.256
381.47
379.572
371.977
376.094
404.754
436.964
430.743
418.875
410.076
404.231
391.522
385.153
386.557
374.694
375.643
362.541
362.794
356.697
353.818
365.854
371.96
383.991
405.024
419.625
436.245
453.383
461.939
472.379
479.782
485.309
493.827
504.294
513.682
517.857
484.806
487.267
506.851
502.106
490.342
468.112
465.111
422.784
437.055
398.559
412.857
395.526
410.487
403.54
418.976
421.94
432.219
440.242
447.693
451.713
455.284
456.609
456.311
455.555
454.966
453.368
456.049
456.183
443.289
427.94
461.218
472.918
450.947
432.508
425.282
393.846
391.572
363.211
373.746
353.154
382.44
360.078
401.153
389.825
421.026
426.146
450.438
455.704
466.99
470.347
473.67
475.335
477.31
482.513
491.236
504.547
520.259
537.574
549.849
576.084
605.04
643.656
649.112
527.476
450.254
458.814
425.849
412.546
392.75
349.525
360.826
338.701
343.438
364.588
352.483
379.913
389.697
392.027
403.234
409.304
411.859
412.988
414.176
413.761
413.256
411.902
409.014
407.705
406.102
411.856
416.33
422.605
428.365
429.116
375.981
356.34
360.048
332.688
314.035
281.384
274.857
270
270
270
270
270
270
270.941
292.437
304.082
312.905
320.053
323.069
327.071
329.116
331.177
330.382
328.679
324.332
325.103
316.774
330.797
330.598
334.886
331.192
338.623
328.66
335.148
323.998
328.485
327.157
331.99
328.423
330.383
330.054
329.468
337.178
336.098
328.961
315.276
308.775
310.402
319.908
311.01
272.609
270
270
270
275.543
277.353
288.423
302.914
327.416
368.801
404.335
432.664
447.625
453.932
458.537
460.787
461.371
460.295
453.504
451.573
447.354
440.862
433.728
435.342
436.523
437.525
436.717
437.713
417.587
408.531
443.328
444.977
428.826
420.365
418.042
419.949
426.195
430.042
438.506
449.928
464.951
487.94
1015.15
965.207
931.527
912.548
906.821
899.405
903.805
897.259
897.212
911.807
923.863
1005.6
1114.41
925.615
459.6
415.083
391.958
398.766
418.851
433.808
443.601
448.271
454.693
460.986
470.051
481.429
494.703
506.763
517.233
524.623
527.643
529.463
526.024
524.368
514.866
517.299
510.036
507.223
498.526
490.214
480.17
476.364
483.795
495.548
507.264
511.578
512.254
507.999
501.03
507.835
501.604
507.555
502.046
505.773
501.843
504.144
498.468
502.523
487.305
488.594
469.351
469.825
446.249
447.977
423.564
424.547
403.512
395.765
375.696
373.125
374.225
383.704
391.132
395.144
390.463
405.633
467.013
477.136
497.517
495.545
502.979
504.77
508.402
508.967
506.694
500.488
488.666
474.979
460.264
445.54
430.292
423.387
427.199
422.261
428.663
434.64
440.634
442.521
424.056
363.322
352.576
360.478
362.703
363.165
399.46
410.468
417.327
416.064
416.278
414.337
404.737
410.816
393.247
400.265
382.017
381.963
368.796
350.432
347.997
333.278
346.53
332.868
361.117
360.757
373.137
384.075
405.129
427.653
449.196
471.405
472.179
460.52
449.669
446.339
402.314
462.106
465.321
454.257
447.207
440.67
435.011
428.937
426.436
422.511
418.822
417.166
417.058
400.838
409.679
394.813
376.677
382.054
365.306
358.14
348.809
352.527
348.904
354.763
365.15
379.463
403.105
439.171
445.286
427.437
317.622
310.897
270
270
270
270
271.384
291.923
300.151
310.002
310.664
310.97
311.1
301.49
300.509
281.127
284.22
270
270
278.916
274.79
279.516
278.188
289.536
286.579
302.007
307.354
316.432
327.547
334.529
393.258
392.746
391.872
396.253
400.783
398.539
401.992
401.115
384.16
395.854
363.471
378.392
342.832
358.069
324.247
339.092
318.215
325.952
336.598
337.166
353.009
364.119
364.423
373.772
373.78
407.855
424.529
434.625
438.09
444.218
380.782
397.011
402.505
399.618
401.047
391.811
380.501
384.365
357.647
370.763
348.179
340.045
339.745
355.81
344.046
376.028
371.468
398.981
409.777
413.32
402.279
398.713
398.022
387.221
383.395
377.227
378.771
370.751
368.558
363.109
496.673
473.559
445.688
418.904
405.025
386.718
385.744
349
361.916
313.533
334.781
307.81
322.378
310.123
331.388
320.401
357.709
357.455
391.82
395.749
427.147
438.891
451.06
429.811
407.848
396.946
401.588
401.691
402.791
402.358
308.064
329.418
341.444
343.104
340.382
328.138
315.96
297.719
296.245
270
274.721
270
270
270
270
270.596
297.056
319.63
338.937
358.109
366.748
359.428
356.879
361.571
358.07
355.254
354.478
356.713
360.291
359.786
270
270
270
270
270
270
275.017
286.154
292.412
305.774
311.377
312.514
316.765
319.633
320.072
319.794
316.966
312.891
306.884
299.596
293.318
286.459
284.212
278.895
284.067
288.047
289.396
273.674
270
270
283.749
280.583
280.181
279.363
282.268
270
365.629
432.074
427.987
419.428
417.16
405.845
406.892
401.01
403.532
404.658
409.075
411.985
417.498
420.316
425.358
425.029
427.282
408.204
394.986
371.931
369.067
333.01
270
332.02
855.372
847.556
852.702
874.905
898.571
915.854
915.587
908.715
881.201
865.671
862.288
912.485
1047.33
985.906
447.535
405.062
400.348
430.477
459.662
470.816
471.289
471.6
478.998
492.527
515.08
539.813
564.277
583.453
596.981
605.534
610.961
615.031
619.267
617.964
617.005
604.806
585.842
561.362
535.658
512.724
492.791
480.726
480.955
501.399
509.831
514.682
509.02
508.304
508.841
511.661
510.514
518.662
523.288
532.321
537.043
541.117
535.26
528.989
511.848
504.896
492.66
483.742
475.498
464.518
453.048
441.059
425.954
407.986
388.965
374.676
370.857
375.71
382.826
395.661
386.866
419.948
472.412
484.14
488.118
474.595
471.095
465.081
464.536
465.445
465.194
460.911
452.143
439.183
422.223
408.229
391.289
380.245
377.166
383.383
394.426
404.707
415.071
428.3
428.534
396.93
361.151
345.216
344.794
347.058
397.113
407.466
417.182
433.374
443.143
455.197
456.974
462.608
457.197
458.046
447.466
448.477
426.289
422.88
406.487
397.811
395.67
390.742
395.963
386.544
389.052
385.465
397.916
413.933
428.707
444.07
449.205
440.721
431.646
428.758
423.948
461.828
453.621
437.71
429.047
422.484
419.998
418.535
420.083
423.268
434.034
440.564
452.293
457.478
456.545
448.083
454.675
427.364
428.099
417.721
402.137
399.738
385.126
380.87
375.571
376.83
391.807
422.032
449.205
449.803
317.42
289.014
270
270
285.077
320.273
345.073
344.552
333.625
322.429
311.09
302.838
298.765
287.946
286.692
270
272.55
270
270
277.873
279.28
294.959
302.565
295.101
300.7
304.271
308.154
316.97
325.048
330.139
418.589
428.557
432.64
431.689
427.956
426.168
422.697
422.442
409.214
411.047
388.326
393.357
366.295
368.843
346.154
351.305
331.503
334.354
341.544
338.37
353.299
355.995
366.765
375.617
373.721
385.275
389.729
393.398
406.619
421.618
434.362
430.487
424.113
417.932
410.248
407.633
388.755
392.481
371.323
368.063
352.047
350.499
343.26
348.135
349.137
366.804
371.744
386.958
397.554
407.03
405.293
400.212
401.216
397.387
403.135
405.493
407.048
397.191
385.967
374.679
452.738
416.497
395.223
381.932
378.338
365.785
366.454
339.871
335.578
311.144
313.117
295.305
293.218
301.06
300.014
315.209
324.7
333.263
368.283
373.001
407.471
431.773
450.487
437.254
400.861
392.488
396.254
403.75
403.772
400.21
340.688
353.658
352.369
344.404
328.349
314.771
307.191
271.579
275.158
270
270
270
270
270
270
270
270
286.231
306.246
331.547
356.141
367.378
361.346
359.547
353.233
347.148
346.307
346.756
348.778
350.241
270
270
270
270
270
292.692
303.596
310.055
297.587
304.595
301.963
301.895
304.026
308.09
312.242
316.664
320.21
319.004
314.938
306.838
299.833
289.336
282.34
283.306
281.235
285.1
289.74
281.923
270
270
288.382
270.092
274.187
279.013
270
270
414.066
433.135
425.193
417.87
411.117
405.964
400.81
400.774
396.21
401.277
398.115
402.85
407.082
414.856
423.963
433.044
439.999
424.522
396.887
368.665
367.114
345.902
270
330.015
832.486
851.652
906.5
970.42
996.761
1011.23
1006.4
1004.7
983.567
940.259
875.865
873.655
974.949
1003.55
432.046
397.924
419.692
463.451
481.055
477.591
473.259
474.879
484.614
506.125
534.51
566.189
587.029
602.625
609.733
616.205
621.622
628.348
635.716
645.89
653.466
653.975
646.268
621.454
589.022
549.922
515.931
490.395
481.164
496.346
509.261
513.138
506.471
508.616
503.915
504.616
505.759
522.555
533.093
552.717
550.355
553.132
528.086
517.255
486.809
487.785
460.08
463.654
451.83
452.71
444.18
445.324
433.79
427.445
403.125
387.829
370.534
373.699
376.368
389.537
389.231
427.698
472.019
472.934
469.433
451.717
444.141
444.366
451.511
456.343
458.71
457.474
450.747
439.685
425.469
410.603
393.703
379.719
374.24
370.609
367.306
375.11
390.402
405.294
418.4
413.83
387.561
364.127
352.282
346.993
399.733
411.689
444.804
476.36
493.892
504.149
500.71
503.627
496.608
499.887
491.537
486.821
475.885
467.987
452.688
441.719
445.885
430.707
439.683
424.335
418.578
402.388
394.2
402.28
413.007
424.218
434.954
430.053
426.426
425.04
433.957
456.368
440.722
429.485
428.155
426.733
427.598
427.781
434.243
448.709
465.839
483.156
501.986
502.38
515.955
495.758
508.691
487.481
475.791
475.211
460.012
448.29
436.094
417.33
398.717
384.051
386.807
404.925
439.579
454.07
310.841
276.241
270
300.795
341.054
361.66
342.004
314.505
298.758
288.798
284.279
276.96
277.802
271.469
279.865
270
274.801
270
270
270
281.099
306.793
304.7
318.853
323.141
309.363
312.554
321.633
323.653
332.235
429.918
439.839
434.724
430.777
432.712
437.419
436.178
442.568
428.132
431.525
405.134
411.161
378.966
389.034
360.138
357.08
350.212
344.088
351.772
348.093
351.082
360.004
369.177
369.46
378.124
384.573
378.998
384.097
394.379
413.35
434.235
432.33
432.501
431.044
425.837
423.182
406.424
408.954
388.291
388.907
370.219
373.112
359.785
364.499
356.868
375.962
374.08
389.702
394.995
402.306
402.627
399.444
399.393
402.286
411.811
418.807
424.999
418.964
402.452
384.71
408.941
393.808
387.604
386.563
388.525
376.198
380.179
343.409
352.681
317.881
324.137
307.523
314.548
307.361
304.657
307.381
323.725
315.526
342.829
357.024
380.266
411.047
442.542
444.522
407.047
395.465
406.565
416.802
415.718
407.969
365.202
359.924
348.009
332.92
318.604
302.957
294.607
270
276.914
270
270
270
270
270
270
270
270
270
283.282
300.753
334.484
358.918
362.923
357.359
350.844
345.652
348.894
347.311
345.343
346.253
270
270
270
271.627
297.919
302.418
298.06
289.556
290.907
291.534
286.706
293.597
290.982
295.575
304.603
315.399
323.132
323.013
316.681
307.626
298.452
285.474
283.517
278.984
282.336
283.909
287.441
285.348
272.835
270
270
288.995
290.524
270
270
375.236
431.495
431.793
428.337
425.994
424.779
422.288
422.872
418.957
418.639
414.066
412.288
404.536
404.422
408.593
421.253
432.841
440.736
421.625
376.869
357.738
364.808
354.829
283.735
321.323
833.483
891.428
975.277
1009.01
1008.15
1006.14
999.96
1005
998.603
986.097
913.519
863.586
936.683
1002.51
421.484
401.622
444.316
483.913
487.26
481.951
480.41
481.64
490.495
514.461
544.252
572.075
586.181
593.446
600.306
608.002
618.091
631.086
645.23
654.835
668.657
679.963
679.226
666.265
633.578
590.531
544.681
508.732
486.147
496.136
508.303
509.388
505.16
502.131
489.873
489.727
497.944
523.035
542.217
560.864
552.042
540.712
502.106
484.039
469.691
457.691
445.534
437.292
432.569
421.767
429.056
429.64
435.171
429.219
421.177
399.589
380.876
370.782
375.006
384.14
381.401
430.522
470.852
459.362
453.029
436.583
433.713
440.372
449.345
453.842
456.414
456.909
453.808
447.057
437.254
422.486
408.369
393.895
376.695
358.89
352.487
356.29
364.94
385.193
404.638
413.01
403.866
380.001
361.833
350.122
398.72
439.457
489.355
509.942
511.945
517.428
515.638
509.561
510.601
508.944
501.796
503.455
496.069
489.169
481.734
478.069
476.143
467.861
472.813
457.194
453.144
430.24
410.04
401.919
402.553
413.486
422.579
432.594
432.268
433.35
438.329
449.739
435.423
433.425
435.449
435.248
433.827
433.691
444.983
463.111
488.433
510.754
525.177
522.859
540.183
521.107
520.351
520.66
501.937
506.585
492.076
480.17
476.122
450.866
427.258
399.973
386.253
396.129
428.702
454.764
305.801
278.123
291.698
336.246
364.666
344.32
308.285
297.799
292.951
284.083
280.087
279.839
293.312
304.53
326.178
325.717
326.33
320.001
303.358
292.676
307.633
302.77
318.397
338.686
335.876
334.332
319.763
319.014
327.439
334.862
436.627
438.833
436.507
443.062
448.9
456.746
456.859
451.069
439.584
436.994
413.66
409.367
381.252
392.203
357.107
370.311
358.459
355.146
361.964
351.718
360.185
371.336
365.412
371.661
383.308
380.364
385.701
386.33
389.083
410.202
442.139
448.759
452.151
448.782
441.848
434.385
419.922
417.61
401.328
399.162
387.924
379.188
381.155
378.91
378.908
386.149
385.523
398.983
397.56
403.2
403.663
399.297
397.758
402.112
412.141
419.077
422.741
425.804
416.545
386.594
394.7
393.324
398.539
397.367
395.004
384.589
374.86
345.646
347.583
307.127
312.379
300.343
296.844
300.913
314.394
309.213
323.867
318.548
325.842
344.224
363.493
386.781
426.252
444.403
422.485
402.102
410.721
424.078
422.996
414.753
368.577
359.715
341.284
321.457
317.193
298.855
295.476
280.963
278.817
270
270
270
270
270
270
270
270
270
270
285.692
311.591
346.457
359.636
355.797
352.011
350.212
349.843
352.904
343.8
344.849
270
270
270
296.677
310.24
299.804
305.685
302.147
308.519
310.642
299.478
292.022
289.912
284.33
289.507
302.358
312.12
313.551
306.754
299.31
282.828
270.317
273.949
276.198
279.691
285.593
287.904
288.368
277.501
270
301.664
336.567
318.683
278.427
326.332
419.172
437.361
435.573
439.409
440.698
441.809
444.02
440.434
443.26
441.245
432.74
432.509
421.347
410.377
408.582
417.5
435.787
437.944
416.92
359.703
344.632
364.227
360.867
290.191
325.251
840.555
927.247
989.026
967.255
926.771
924.851
940.426
958.828
961.857
976.366
927.264
864.951
922.067
1001.26
408.718
404.908
461.426
493.717
498.29
496.382
496.004
495.643
500.281
521.798
549.144
572.201
576.613
584.174
593.893
614.654
638.95
665.691
682.67
696.903
696.114
707.035
699.626
696.283
662.115
622.919
570.772
525.728
492.122
494.147
503.465
505.996
503.726
491.622
478.689
482.387
485.677
526.968
544.447
565.274
541.706
523.018
474.615
479.828
451.932
455.786
439.199
441.017
419.515
416.098
405.065
415.17
421.751
430.27
424.9
414.312
390.785
376.761
372.511
384.891
380.336
427.571
464.014
452.05
437.642
426.535
430.732
437.893
441.598
444.696
447.148
447.85
447.606
445.441
437.679
427.097
416.672
405.167
390.535
381.744
368.776
357.669
359.623
372.163
392.888
411.551
411.309
397.844
378.783
361.459
413.6
484.239
511.454
513.141
513.463
507.812
505.327
494.384
485.813
491.968
485.106
495.919
492.038
503.29
501.566
497.573
501.292
491.93
497.1
485.321
483.875
454.796
440.235
413.514
405.899
406.094
418.463
424.743
433.497
434.389
440.228
446.834
435.846
441.28
442.577
440.274
436.151
438.924
449.123
475.582
504.971
518.12
532.238
528.951
536.969
539.055
527.527
539.507
520.799
522.347
513.251
500.65
498.148
476.218
451.427
413.802
388.187
392.012
420.181
452.631
300.221
285.46
318.652
361.629
358.957
314.773
308.204
310.959
298.393
281.058
279.565
295.185
333.217
359.164
381.303
382.85
374.262
374.016
351.32
348.697
321.418
320.754
339.466
343.168
356.08
353.061
328.536
323.801
325.505
330.585
441.067
440.372
445.063
455.554
465.981
466.12
461.271
450.237
431.935
429.29
403.299
398.355
374.28
373.675
351.231
359.407
354.566
359.27
361.753
359.813
378.328
368.342
372.389
382.085
380.855
388.533
394.166
391.581
397.787
413.608
458.212
468.103
466.248
456.121
445.523
435.491
428.31
420.664
404.584
410.916
389.961
391.659
388.297
391.572
386.159
400.763
393.876
405.763
405.353
407.615
405.235
402.574
399.564
400.397
411.085
422.388
426.507
429.798
432.941
410.08
396.621
404.383
407.433
401.413
395.537
386.183
370.884
346.935
341.599
310.287
314.762
282.557
292.105
289.509
293.514
308.769
319.488
321.84
323.82
329.157
355.517
369.024
406.715
437.63
433.953
417.171
420.704
429.151
427.37
419.152
369.859
357.948
335.085
317.738
315.35
304.556
312.183
292.776
288.159
270
272.805
270
270
270
270
270
270
270
270
272.253
299.303
330.735
356.072
356.075
354.344
352.594
354.275
356.578
346.583
343.952
270
270
291.211
310.914
313.873
317.568
327.033
342.319
343.955
340.972
337.026
313.132
294.193
281.616
272.092
278.659
292.963
299.592
299.481
289.234
270
270
270
270
275.535
283.787
290.923
285.612
277.154
270
312.503
383.262
331.496
311.588
380.75
435.913
440.904
443.211
450.977
455.702
456.471
455.829
458.816
456.099
454.469
450.272
443.045
440.546
423.201
410.037
412.571
433.882
440.525
412.758
353.308
340.17
360.111
356.328
274.497
320.058
844.453
934.66
955.107
875.429
823.332
833.215
885.21
911.317
925.541
937.27
904.238
866.032
926.002
989.497
402.992
414.493
476.922
503.738
508.894
515.683
518.5
513.449
512.968
529.905
551.314
566.003
565.892
576.139
602.061
640.187
671.289
693.061
711.075
724.41
726.812
730.522
720.557
713.777
679.898
642.215
588.108
539.955
497.019
498.002
495.835
504.603
496.25
484.079
478.383
472.464
484.297
525.52
549.966
562.503
533.632
500.016
470.038
478.635
449.71
463.954
442.09
426.561
410.213
402.156
400.216
400.276
414.899
426.291
429.197
418.695
402.186
378.677
374.376
382.18
368.44
417.433
449.975
441.27
429.362
419.245
424.669
434.185
434.889
433.476
434.612
436.417
436.39
433.112
431.151
422.742
423.998
407.174
399.591
384.152
368.209
362.798
363.914
366.562
389.473
407.678
414.673
402.869
383.293
361.877
437.639
506.684
511.151
507.893
499.757
490.353
477.266
471.598
461.073
471.517
469.11
489.798
495.27
519.716
518.356
526.396
528.472
512.981
521.758
504.773
507.145
482.823
463.262
438.425
415.831
407.98
415.986
429.377
437.011
441.235
441.732
445.588
441.711
449.37
450.328
442.296
437.37
436.843
451.799
483.957
505.017
518.899
517.438
525.37
521.877
543.495
529.658
547.489
533.72
531.679
524.959
510.089
508.301
490.827
463.265
420.689
388.371
389.258
416.178
450.905
296.814
302.248
349.217
366.865
330.454
320.994
336.209
320.82
289.959
274.375
284.39
326.797
374.418
397.882
395.527
402.238
387.285
388.485
387.271
364.921
348.481
348.573
342.253
359.084
371.079
363.628
342.692
321.591
325.731
331.499
443.362
446.535
457.74
465.781
470.25
467.875
458.12
440.875
427.96
415.946
406.353
383.17
380.77
367.325
353.157
354.758
346.902
354.702
355.568
375.294
376.562
372.993
386.865
380.867
386.701
396.171
395.477
399.384
403.233
425.351
473.67
480.45
474.335
459.265
445.199
437.106
430.055
429.773
408.148
417.819
389.117
402.166
387.493
390.497
396.537
402.514
401.407
413.17
408.381
415.603
408.495
407.063
399.844
407.128
413.59
415.41
417.614
423.392
426.424
408.237
409.209
417.262
412.956
402.781
399.745
384.463
381.451
354.656
351.968
324.062
316.677
291.553
291.783
279.595
294.246
290.096
323.606
314.389
334.655
322.026
348.242
360
388.452
428.022
435.722
434.973
435.965
435.059
428.273
421.083
378.324
355.47
330.98
321.668
321.654
317.594
329.351
306.123
308.412
284.485
292.019
270
274.731
270
270
270
270
270
270
270
294.519
324.596
347.202
357.066
352.797
356.078
355.783
358.299
346.119
344.156
270
279.653
310.454
321.169
328.448
344.615
365.692
378.121
389.504
380.317
370.581
354.582
319.901
287.585
270
270
270
287.035
290.564
281.605
270
270
270
272.821
275.999
286.191
285.703
286.573
279.661
270
331.593
397.34
346.957
345.287
408.071
442.361
447.056
451.804
459.519
463.111
463.77
466.32
461.375
459.745
458.258
461.475
446.668
452.114
438.801
418.736
404.725
431.306
442.96
415.562
351.119
334.133
351.79
336.764
270
327.146
845.614
923.923
896.738
796.92
743.847
769.682
843.621
870.8
882.939
888.517
877.396
871.818
932.788
985.838
404.409
428.754
485.851
505.52
518.159
537.514
546.488
532.154
523.207
535.88
549.996
556.118
554.344
580.91
619.242
660.742
681.751
711.294
724.87
748.555
743.615
747.925
728.405
717.506
683.236
644.91
594.923
542.13
498.623
500.437
489.875
497.619
494.079
483.435
473.725
476.834
475.629
527.432
550.368
565.355
519.655
497.114
471.014
474.231
457.193
461.263
437.384
423.078
401.39
402.721
392.625
399.831
409.846
426.314
429.264
423.065
406.292
384.256
375.362
387.598
364.481
413.65
436.598
430.016
419.968
418.611
418.337
419.825
414.671
410.17
411.165
416.633
418.651
419.462
418.757
422.357
415.472
409.25
402.308
390.936
379.557
373.758
366.462
373.109
390.547
410.756
414.803
407.927
390.781
370.772
467.297
510.297
505.104
492.655
479.84
471.234
453.041
452.52
446.644
458.024
460.527
497.017
509.577
546.559
544.947
547.826
548.474
533.688
540.764
521.807
527.783
501.971
489.533
456.39
432.046
411.71
417.886
425.374
440.764
446.268
443.603
447.124
448.809
459.12
454.434
444.374
436.159
436.238
452.706
479.294
498.683
503.928
494.743
505.376
502.479
528.206
525.982
538.517
534.905
538.781
523.477
514.022
510.302
494.432
460.832
416.355
384.153
386.512
418.815
451.101
298.712
323.682
362.105
349.753
333.274
352.536
350.213
309.799
278.664
270.879
298.961
350.251
391.227
404.045
392.04
394.549
390.295
395.773
385.3
381.529
368.916
349.849
358.357
372.084
376.669
376.674
338.652
318.598
320.275
322.916
445.167
453.642
465.25
470.084
470.764
464.856
454.807
437.753
426.362
412.415
412.486
384.296
390.255
366.193
363.096
355.819
349.277
348.592
362.482
372.176
378.164
389.744
386.401
388.033
395.08
396.079
404.51
406.734
409.24
426.992
486.272
488.051
479.457
461.435
445.899
437.513
428.297
432.371
409.505
408.522
389.212
387.708
369.687
382.766
383.459
407.632
405.059
415.711
414.428
415.648
416.81
409.694
406.448
405.989
415.127
423.671
424.104
433.648
441.475
422.886
421.411
429.105
417.587
406.965
404.253
385.424
393.614
362.255
355.49
324.298
326.712
298.234
295.688
280.75
294.542
281.078
323.855
312.649
337.84
322.304
343.315
352.309
379.87
412.762
437.975
442.178
444.764
433.259
425.485
420.04
384.735
353.386
331.402
328.864
333.111
333.941
335.798
319.949
320.999
299.105
308.175
275.966
277.719
270
270
270
270
271.084
270
271.607
299.105
323.993
346.474
354.343
353.606
355.541
360.309
359.666
348.868
344.54
270
290.044
327.346
334.204
348.83
375.669
398.442
408.082
411.633
417.597
399.149
383.454
358.541
314.017
270
270
270
270
278.25
281.429
274.794
270
270
270
273.363
275.961
285.778
285.633
273.594
270
336.273
405.081
362.156
369.636
424.269
444.669
451.1
462.144
464.916
468.112
476.321
480.882
483.927
479.575
467.806
470.549
454.653
450.771
451.348
429.708
402.534
420.551
447.3
418.745
346.815
314.047
326.465
294.811
270.454
328.198
842.285
891.756
842.61
745.081
712.69
742.488
816.625
840.373
850.947
860.866
879.292
884.443
841.141
805.795
402.313
441.174
486.647
496.407
512.301
553.434
570.188
549.592
530.912
537.673
546.646
546.88
548.769
582.501
623.152
667.576
692.015
716.308
728.223
748.915
743.308
743.242
724.182
703.891
671.671
629.019
585.583
530.262
495.814
514.684
490.323
494.823
494.894
484.343
479.952
473.518
479.688
519.005
557.843
564.181
518.883
498.047
469.889
476.446
457.95
463.01
437.406
431.906
404.692
405.683
400.5
407.494
418.651
430.007
431.739
423.408
406.339
384.872
375.706
387.422
348.964
397.099
424.469
411.603
412.14
409.36
413.595
413.261
411.954
410.534
404.553
398.118
401.251
406.283
408.354
410.225
414.164
408.782
401.603
399.423
391.069
385.048
374.885
381.045
398.147
411.749
415.383
408.375
388.18
375.194
495.164
515.296
496.925
478.256
462.576
450.74
440.618
440.342
433.888
446.039
450.983
491.565
510.793
554.095
560.585
568.665
563.338
552.225
553.893
540.76
537.577
522.557
499.975
474.148
441.568
424.789
421.963
434.631
446.644
453.75
445.879
452.695
460.93
468.513
458.117
444.328
433.502
432.43
443.696
470.592
485.333
484.148
470.105
475.717
486.38
497.753
515.649
531.164
520.435
535.807
520.735
513.427
506.159
480.71
442.504
398.8
378.594
389.731
426.949
452.01
299.06
340.351
364.124
347.19
355.471
373.733
349.778
299.461
274.127
274.515
301.183
353.922
384.932
400.747
390.946
388.666
380.709
386.578
379.962
385.667
360.918
360.167
371.897
375.857
390.974
372.147
319.725
310.556
311.295
309.057
454.285
467.17
472.126
472.198
469.992
463.422
453.86
438.721
430.749
416.272
414.105
391.295
395.548
369.219
374.412
356.844
355.829
355.784
366.09
367.235
388.058
391.559
390.624
397.705
393.159
402.931
410.057
410.096
411.633
432.191
500.889
499.009
483.068
464.097
445.793
434.042
425.98
430.746
402.784
409.424
379.601
374.013
368.825
372.905
376.754
402.24
404.516
418.641
413.852
424.202
415.042
418.443
411.366
411.914
417.219
427.612
432.697
429.537
418.949
406.687
447.637
452.088
430.289
413.081
404.193
392.096
385.863
357.084
341.725
323.293
322.793
299.978
302.791
279.518
300.353
279.109
322.951
313.089
336.239
321.138
342.783
345.797
373.77
403.792
433.306
442.956
438.078
421.462
412.273
413.907
398.273
360.466
338.516
335.941
344.147
343.127
336.106
322.847
324.909
305.572
303.57
274.851
284.089
270
270
278.007
270
282.217
284.752
282.343
315.238
329.287
349.277
361.207
364.5
368.533
365.302
363.488
350.841
349.724
270
312.744
333.618
353.341
369.701
400.738
417.178
433.609
428.926
425.111
426
403.865
379.805
348.64
296.388
270
270
270
270
277.044
277.597
272.372
270
270
270
280.901
283.545
281.108
274.154
270
313.071
411.828
383.943
386.486
432.31
450.05
451.736
465.236
472.15
473.965
481.404
487.386
484.751
483.341
470.52
471.506
461.903
449.825
452.254
440.145
403.399
412.618
445.596
424.691
341.863
293.309
286.602
270
298.784
346.318
830.933
862.945
802.567
723.586
704.191
740.381
806.705
825.565
841.353
876.838
896.56
776.746
587.479
496.002
438.739
401.622
408.216
447.861
474.318
479.73
518.616
580.748
592.637
558.365
537.137
535.684
541.63
541.519
540.578
574.129
625.101
674.094
688.454
713.626
719.549
737.651
727.102
716.773
696.071
659.347
631.922
588.915
555.757
515.737
507.314
501.971
484.962
430.018
467.67
489.554
490.79
487.047
480.699
478.158
471.161
523.377
561.935
565.726
524.655
501.421
473.515
475.006
461.946
463.045
448.928
443.067
428.524
424.641
421.718
424.215
431.429
432.952
429.396
416.596
401.311
382.513
375.628
391.266
412.756
384.591
335.523
391.524
411.106
404.572
396.487
399.244
403.769
402.074
392.007
384.452
384.029
386.868
389.172
392.417
396.723
398.141
412.921
418.47
417.521
411.086
396.485
390.511
382.917
393.516
405.209
415.749
416.96
405.512
403.54
434.934
482.966
477.521
490.983
485.659
474.604
461.332
445.366
435.963
432.513
427.542
420.516
435.39
429.123
461.11
480.637
525.466
534.851
545.803
551.113
556.748
556.779
547.459
544.282
524.169
506.824
475.776
445.606
425.909
429.21
437.19
451.084
454.704
457.132
459.623
449.197
457.975
472.042
474.753
458.912
444.906
433.71
425.436
435.157
456.802
468.386
463.447
451.923
442.589
463.049
479.364
487.14
510.728
509.87
508.778
514.858
494.85
477.559
445.804
409.045
383.399
380.378
403.898
435.649
442.876
339.14
297.005
312.755
350.347
356.277
350.479
374.939
382.514
352.417
301.003
273.694
273.455
290.934
333.405
371.921
398.138
385.229
386.838
378.536
375.275
375.825
367.83
361.78
374.8
378.843
394.227
384.745
343.477
301.634
301.094
302.849
353.768
444.712
439.137
457.737
469.009
470.044
468.988
467.885
463.045
453.775
439.844
436.5
419.765
422.091
402.378
393.251
380.378
372.331
366.546
366.14
359.961
367.31
379.109
387.351
396.181
397.401
394.136
400.488
409.037
415.254
418.712
437.46
449.325
458.417
473.245
485.019
484.738
481.009
463.429
441.854
432.537
424.957
421.911
402.52
405.313
371.611
378.348
366.734
374.976
372.713
400.839
404.275
418.089
420.032
419.907
424.378
421.187
418.438
419.631
426.584
429.776
447.134
436.47
407.416
418.678
448.373
459.249
469.158
469.057
437.628
413.042
403.939
390.136
372.773
343.341
333.505
313.201
320.253
296.354
302.426
287.036
305.578
288.408
327.616
309.263
338.8
315.455
342.587
340.713
372.159
403.348
435.444
443.491
425.56
417.368
418.788
421.393
408.939
400.596
381.062
354.417
336.164
338.55
348.063
344.736
330.703
317.738
319.64
298.294
302.175
276.089
283.359
272.402
270
286.649
278.898
302.744
298.531
310.38
330.038
341.428
352.756
360.019
362.564
363.382
365.182
358.498
347.522
339.641
330.767
324.434
285.288
318.104
351.932
363.419
390.343
420.606
430.382
438.155
446.787
437.838
432.448
420.327
394.368
365.673
326.745
270
270
270
270
270
274.457
277.886
276.81
273.404
276.689
282.624
283.038
282.198
272.953
270
283.15
283.841
270
394.768
405.014
400.174
433.407
452.614
456.707
464.514
470.996
480.323
486.243
486.413
496.174
492.155
474.47
475.015
463.211
450.866
450.511
444.373
408.996
407.593
443.583
424.723
333.355
270
270
278.005
312.386
272.835
495.054
525.646
818.745
826.701
775.724
712.492
699.748
742.58
805.939
823.912
853.11
891.129
866.793
661.393
475.279
435.549
423.586
411.038
427.405
451.888
462.784
470.469
547.364
615.822
610.332
570.046
538.642
537.568
540.434
532.388
527.45
563.644
616.512
660.222
677.907
697.46
696.779
694.54
678.408
638.387
614.005
564.154
544.855
508.254
500.678
492.69
487.648
496.822
477.197
456.954
477.51
486.422
491.404
487.196
483.136
473.134
474.489
514.98
567.778
568.147
540.236
507.465
474.076
476.256
460.871
464.119
451.401
451.06
442.453
441.343
434.928
434.999
430.154
426.827
417.934
408.793
396.133
392.836
387.565
402.974
396.79
398.524
333.394
370.891
396.604
402.089
410.687
400.678
399.008
400.669
401.573
391.886
382.844
376.973
377.52
382.45
392.932
394.519
394.225
406.488
409.85
405.421
405.012
395.96
392.226
403.383
412.396
414.116
411.935
419.292
440.299
469.362
480.357
476.581
484.943
474.793
467.854
452.422
437.713
428.567
421.424
414.824
418.617
416.882
414.706
426.399
444.538
464.083
506.89
522.408
541.185
536.582
536.771
536.971
525.077
510.408
489.339
463.248
443.488
437.111
440.434
451.212
459.313
464.206
466.284
464.837
454.384
469.42
481.849
477.875
458.09
446.616
431.483
421.007
422.479
439.724
451.454
448.866
434.085
424.819
428.785
461.829
474.159
475.78
486.42
471.895
465.85
457.529
430.735
404.785
388.204
385.103
401.003
426.592
431.255
383.28
326.264
315.34
336.175
357.612
352.503
360.774
383.848
389.248
364.897
314.033
277.631
271.517
275.413
305.368
343.315
376.701
383.344
385.951
375.694
374.915
370.025
374.287
379.784
383.238
396.566
387.227
341.989
295.693
289.221
288.985
303.599
402.508
450.69
450.384
472.192
479.469
475.947
470.958
468.927
465.662
459.726
443.375
438.857
425.02
424.764
406.509
404.724
385.469
373.973
378.268
364.15
363.015
377.395
386.193
385.604
402.262
396.441
395.449
404.435
411.161
414.008
419.952
439.489
446.265
454.945
461.806
472.284
480.879
483.416
465.033
443.186
432.936
416.791
418.032
403.809
393.553
370.147
382.656
359.79
376.49
373.542
403.231
393.642
420.652
413.754
426.703
423.27
426.016
424.066
426.761
434.339
441.653
453.436
421.97
413.88
446.854
508.278
540.288
552.086
532.808
477.274
426.204
407.307
386.975
369.108
334.078
323.43
305.75
309.916
292.221
293.851
286.854
311.876
290.527
323.43
308.842
323.417
311.281
338.722
340.615
370.381
407.25
430.124
424.144
408.848
420.892
437.286
449.992
447.479
433.818
409.387
371.393
344.238
340.877
347.213
342.883
329.203
313.158
312.563
289.745
292.775
281.481
278.139
282.614
270
298.035
292.105
316.796
315.899
334.122
342.995
352.313
363.123
376.508
380.32
378.498
378.728
365.925
341.62
331.31
324.47
314.084
286.467
323.168
361.829
369.685
413.818
420.952
442.069
449.413
447.091
445.234
442.131
422.85
402.607
373.968
344.744
297.662
270
270
270
270
270
276.901
279.907
279.186
284.779
279.755
279.848
278.842
270
270
272.666
287.814
285.268
344.735
422.446
414.537
434.773
451.043
458.735
467.79
469.997
472.539
490.423
484.256
489.655
482.732
473.424
474.418
460.171
451.068
450.586
443.12
411.796
406.21
439.737
425.929
329.363
270
275.051
291.922
290.629
309.263
506.115
521.729
811.794
796.999
752.104
702.472
695.253
746.328
813.944
835.241
858.281
906.831
878.752
682.626
476.407
434.222
422.37
427.119
445.576
446.19
453.31
514.443
615.13
657.436
626.608
577.486
542.05
534.215
539.447
529.081
519.645
540.26
586.512
630.558
650.752
652.624
638.211
612.266
580.076
535.26
508.763
473.94
465.922
453.233
450.91
461.679
458.148
471.724
458.478
467.969
477.521
488.388
491.609
489.655
482.802
475.626
468.832
511.114
558.589
583.348
553.697
524.43
483.386
473.339
461.682
460.714
449.475
447.85
439.829
436.375
429.399
424.617
419.452
413.82
408.875
403.16
392.683
383.213
370.041
375.892
373.805
365.897
329.149
375.181
388.745
382.5
392.167
403.311
400.844
395.199
390.81
384.913
379.085
373.237
370.943
372.956
386.9
391.943
398.342
398.897
404.159
408.68
405.307
406.606
406.649
406.6
408.86
413.132
417.386
437.637
466.18
470.816
475.379
475.446
473.097
466.468
459.636
450.663
438.802
422.996
411.522
412.147
409.003
402.895
403.536
404.76
405.592
430.028
434.024
459.427
467.144
486.001
494.574
485.588
485.514
472.96
462.194
452.325
448.276
449.952
456.245
462.176
466.719
466.972
470.154
463.491
460.647
482.96
490.779
474.038
456.157
445.959
437.362
419.72
413.819
421.901
435.346
433.959
420.568
413.736
411.689
427.181
461.147
466.826
457.66
457.346
429.521
419.7
410.44
397.713
396.921
410.178
424.762
421.999
385.6
340.904
325.023
331.148
357.817
360.18
359.173
364.473
384.722
395.367
382.605
339.296
292.358
271.133
270
275.714
297.299
328.938
360.539
374.548
380.894
380.155
377.861
390.637
379.465
385.581
367.442
328.525
281.415
276.601
275.371
288.05
357.465
432.742
462.31
473.556
496.431
500.612
490.464
477.45
470.486
467.824
461.571
451.615
441.949
426.367
432.999
404.744
415.354
388.106
390.04
372.858
378.181
378.892
378.201
389.255
389.168
396.929
396.917
401.577
406.183
409.281
415.155
423.133
438.673
440.616
441.05
442.221
452.752
468.86
475.982
469.844
448.277
423.914
411.601
420.326
391.258
379.28
379.89
377.372
361.205
374.856
369.524
393.182
390.771
413.234
415.633
422.294
426.048
427.68
427.778
433.763
437.467
445.74
454.961
419.529
424.946
485.43
571.88
631.704
648.911
613.706
533.426
451.501
411.715
391.95
369.765
333.549
317.194
297.251
297.293
287.44
287.926
291.806
298.167
287.15
295.804
309.25
300.889
312.283
328.17
350.505
379.765
407.188
422.772
407.793
402.897
431.166
463.39
477.844
478.259
466.967
438.478
392.999
352.435
341.826
344.503
342.963
329.866
304.229
300.321
277.112
286.375
270
276.867
277.897
281.666
301.087
290.206
325.728
324.882
341.238
349.842
359.886
369.819
378.852
385.563
382.316
371.887
357.848
337.498
321.48
313.419
300.342
287.665
329.508
366.568
376.867
417.636
427.04
443.889
455.368
452.651
447.624
446.338
422.261
403.321
376.678
351.043
323.743
270
270
270
270
270
270
270
278.582
277.185
275.801
279.018
274.133
274.838
277.777
270
280.975
285.407
329.945
421.057
424.42
437.346
450.404
456.922
465.731
474.097
466.027
478.643
482.56
476.086
474.153
470.575
467.095
452.761
451.549
451.645
440.235
410.575
407.887
436.989
421.313
327.323
270
270
270
275.727
426.017
487.264
509.652
803.206
769.262
731.089
693.355
688.144
741.589
826.209
865.071
889.092
924.535
887.926
697.021
486.341
429.674
420.978
431.222
437.866
445.087
492.478
600.253
691.241
700.141
641.443
593.953
544.515
533.121
538.848
531.368
512.978
515.909
545.966
585.683
599.048
592.357
570.445
533.481
519.272
496.031
503.213
496.845
488.699
480.803
450.652
459.488
447.08
462.511
451.32
476.843
478.036
486.921
493.331
489.84
484.84
473.637
467.346
499.231
548.414
588.543
571.757
547.161
497.024
479.9
458.355
457.571
446.456
446.496
434.799
430.283
421.043
420.717
413.283
411.442
395.882
377.66
344.475
324.847
321.906
335.54
336.248
341.26
327.781
364.117
386.595
392.12
391.269
395.249
405.204
401.64
399.551
398.272
387.335
377.937
370.204
372.733
376.077
391.323
398.348
402.022
407.097
406.903
409.214
410.289
413.235
409.429
404.444
410.443
432.305
453.325
469.693
477.57
470.512
465.908
461.038
450.284
451.145
453.272
443.947
426.757
416.207
406.209
402.072
398.884
402.478
402.095
406.813
397.305
414.263
418.481
429.984
432.742
438.885
444.229
450.333
452.202
455.635
457.942
461.385
464.861
468
470.31
470.586
472.884
470.199
464.667
474.198
497.452
493.752
471.371
451.988
445.075
439.549
421.322
406.773
408.527
417.792
417.466
414.267
402.817
406.324
408.324
424.933
454.875
454.715
447.539
447.515
424.317
423.189
421.641
425.148
427.335
415.045
384.24
348.217
334.783
344.646
360.315
373.224
371.196
365.113
367.933
377.995
395.844
397.722
372.38
322.144
284.629
270.839
270
270
273.553
293.633
317.675
337.282
350.358
351.591
356.861
339.121
324.743
286.206
270
270
270
290.011
358.596
417.843
454.704
478.881
503.424
526.246
526.433
512.933
491.06
475.318
474.176
470.296
460.41
450.273
435.318
431.505
417.414
414.809
389.551
401.281
384.263
379.373
384.819
375.874
395.298
382.171
397.13
397.451
403.814
406.293
410.963
415.412
430.027
434.785
429.447
427.245
425.374
437.307
449.885
468.331
476.999
449.948
423.743
421.095
404.161
377.785
384.87
370.675
364.301
356.089
372.11
359.912
390.168
380.929
410.49
406.265
419.67
422.62
428.147
433.583
436.891
443.161
454.37
449.286
422.354
439.391
507.979
609.787
683.929
703.201
672.417
613.801
504.319
429.818
404.446
382.053
342.743
320.641
287.4
284.265
271.676
270
271.208
270
274.356
286.115
286.773
299.388
315.401
334.56
360.275
392.056
407.512
402.429
391.844
401.72
432.4
465.45
486.724
489.308
477.211
452.973
418.737
369.978
344.705
344.252
343.505
327.335
309.72
299.976
270.458
270
270
270
270
270
279.288
279.408
306.933
318.864
336.948
351.825
367.984
383.341
391.262
392.707
391.432
369.111
335.067
322.941
313.392
304.574
290.596
298.319
336.044
372.645
382.354
411.601
430.76
437.9
448.389
449.052
443.621
435.945
415.991
399.063
373.077
347.787
334.98
280.107
270
270
270
270
270
270
270
270
271.642
270
270
270
270
280.764
319.454
359.582
383.109
424.941
431.658
441.827
451.302
456.381
460.487
470.642
468.298
461.559
473.297
465.979
460.887
462.198
451.36
451.198
454.331
448.413
435.836
409.702
410.403
435.501
414.203
337.395
272.892
284.745
335.372
425.675
477.862
467.747
499.476
811.859
751.472
715.521
686.968
679.187
726.219
825.354
899.448
921.257
942.094
891.535
726.476
519.998
437.213
409.571
419.417
419.699
466.919
560.05
687.68
753.326
723.815
652.314
607.489
550.155
526.42
538.614
536.884
514.997
501.328
509.089
532.105
548.639
544.775
529.792
510.904
514.221
519.02
538.874
545.956
555.477
537.928
520.148
504.628
473.219
483.802
469.296
486.75
489.698
496.046
496.54
493.893
484.576
474.628
465.212
488.317
531.889
580.416
586.796
573.863
522.42
489.841
455.835
454.086
438.512
443.29
430.309
434.277
420.662
417.68
402.966
387.827
355.813
325.221
299.33
293.616
298.619
312.169
318.946
323.708
345.73
367.128
364.58
370.046
380.279
395.277
405.053
406.879
398.89
398.762
395.983
387.884
380.298
374.537
378.164
380.199
388.614
400.882
403.605
410.387
413.358
412.746
411.115
410.909
410.988
413.854
433.535
461.538
469.867
472.687
473.046
460.626
447.575
437.733
436.62
445.223
450.04
441.444
423.594
406.393
399.869
396.264
393.447
395.838
396.639
406.649
402.694
406.542
414.399
417.164
430.173
436.729
443.93
452.726
460.129
467.55
473.237
476.305
477.097
476.13
476.056
474.867
473.496
472.224
491.371
503.067
493.068
467.839
447.941
443.961
444.531
426.646
407.136
401.578
400.563
407.547
403.752
401.822
399.573
406.143
404.983
416.131
437.919
434.708
438.319
439.638
426.942
428.754
417.787
401.797
374.556
351.741
340.105
350.237
364.576
378.501
389.941
385.907
383.139
380.264
373.387
387.008
402.622
397.465
364.665
322.126
290.155
270
270
270
270
270
270
270
270
270
270
270
270
270
270
286.16
356.729
420.072
454.338
470.392
494.333
522.185
542.391
543.726
531.641
510.679
489.02
478.887
479.368
471.881
459.193
449.047
434.011
425.182
416.125
395.576
398.523
380.383
383.734
377.599
381.569
386.42
381.689
395.239
398.997
402.606
407.837
413.054
422.946
431.981
431.074
421.387
417.712
422.65
434.32
439.105
454.508
472.86
456.965
437.519
420.029
391.883
381.172
380.065
357.819
352.033
351.644
355.821
349.997
380.676
368.754
403.468
398.075
415.435
420.121
430.576
436.904
443.575
451.592
456.51
441.951
424.267
449.15
514.232
612.39
699.635
708.426
689.069
658.54
579.053
461.361
425.201
400.624
369.18
333.433
302.171
275.142
270
270
270
270
273.921
270
293.044
302.16
329.404
353.079
379.379
395.056
405.666
397.227
391.1
399.641
424.262
460.44
481.264
486.022
470.796
456.337
437.021
395.036
354.144
345.031
342.754
329.798
317.393
303.909
279.549
271.055
270
270
270
270
270
275.885
289.633
317.481
337.628
360.294
379.934
394.161
401.392
396.387
372.325
342.737
322.366
308.162
307.26
304.635
292.194
310.533
350.095
372.411
390.722
399.531
424.932
425.531
434.892
430.067
427.443
422.556
405.531
387.002
361.272
341.561
337.285
302.583
270
270
270
270
270
270
270
270
270
270
270
270
271.454
371.43
417.818
439.552
440.119
442.024
442.329
444.568
451.914
457.517
457.728
461.142
467.33
456.455
454.556
456.788
454.754
447.08
449.454
452.595
448.257
445.993
431.614
406.777
416.183
431.812
401.567
353.734
335.617
382.078
441.005
475.259
465.108
454.466
493.747
831.777
756.205
716.98
683.915
677.453
700.226
796.852
901.821
938.873
949.67
899.688
790.726
604.668
490.696
418.3
420.282
423.454
510.792
620.085
749.801
775.05
724.497
651.112
622.302
558.73
520.131
529.504
544.432
528.362
505.206
491.599
497.124
503.957
514.45
510.074
513.531
519.121
534.43
540.873
551.764
557.04
550.211
561.159
544.581
517.422
524.899
493.013
506.504
505.829
505.693
503.352
495.377
483.74
470.19
466.912
482.762
513.995
554.952
581.228
594.773
559.287
519.018
463.569
440.045
417.007
419.61
399.361
402.431
381.056
375.692
351.55
336.627
311.337
295.105
282.715
285.371
295.833
309.13
323.749
332.963
347.166
350.013
353.435
350.979
359.739
376.026
401.676
414.948
403.397
411.044
404.746
404.897
395.712
387.756
381.441
382.397
390.428
393.426
402.672
408.252
413.241
415.261
414.273
413.237
417.147
424.826
436.515
454.937
473.387
470.991
464.124
461.591
440.537
429.553
416.75
423.38
444.231
452.872
438.499
419.171
406.579
399.173
395.2
392.281
396.613
391.496
398.927
409.81
406.418
419.446
427.277
442.682
452.349
464.192
475.856
483.256
487.105
487.622
486.301
483.803
483.356
482.706
482.195
492.241
506.737
502.491
484.718
467.085
444.827
442.841
443.78
434.481
414.799
397.972
397.399
396.153
399.423
403.007
403.758
404.435
409.114
403.463
404.175
410.35
403.593
405.695
403.756
388.467
381.29
364.611
353.498
349.225
355.778
368.268
384.005
391.365
397.378
395.44
400.03
392.538
379.047
377.928
392.764
409.021
401.842
372.802
340.805
315.9
288.817
270
270
270
270
270
270
270
270
270
270
270
270
303.001
373.259
428.096
462.263
480.967
499.624
518.839
534.501
540.802
533.24
521.248
508.347
484.152
484.78
485.172
474.119
460.64
448.256
432.96
412.657
411.125
382.15
387.721
373.103
375.567
379.426
378.444
384.564
394.328
398.239
405.696
412.365
421.748
431.14
436.89
429.182
424.243
421.046
423.956
440.095
448.44
438.267
459.706
471.775
448.069
420.708
402.839
387.923
377.046
347.469
350.391
335.483
348.115
342.228
368.856
362.726
396.515
391.49
413.495
421.131
436.291
443.284
450.496
451.807
447.854
430.279
426.354
448.969
507.456
579.671
647.512
676.457
662.911
652.535
643.499
515.246
447.64
425.597
398.513
364.619
333.397
299.563
285.582
270
270
270
282.071
278.297
318.193
335.15
349.902
376.286
391.988
400.569
396.823
393.665
390.282
400.415
415.225
438.032
446.641
451.095
446.948
441.219
438.123
423.407
371.221
351.541
346.298
336.349
323.871
309.577
296.443
273.752
270
270
270
270
270
285.545
301.017
330.046
352.148
373.926
388.766
395.439
385.683
360.986
332.308
320.756
318.067
312.112
298.714
309.096
306.041
332.115
355.792
379.692
387.385
397.426
402.077
410.183
407.954
407.631
413.3
401.33
385.181
366.254
345.577
336.333
336.2
317.776
270
270
279.339
285.908
270
270
270
270
270
270
275.793
308.203
372.495
432.884
457.395
461.72
462.992
459.301
452.477
449.806
453.824
459.241
459.226
455.179
456.372
458.794
443.402
446.125
442.606
445.823
448.146
445.933
447.101
444.012
420.284
408.398
427.409
422.183
391.918
373.137
387.339
429.678
456.531
453.322
429.516
447.535
491.8
878.736
803.859
742.323
693.252
676.863
683.678
738.744
839.322
902.845
917.303
879.125
838.41
736.304
641.53
522.593
503.305
515.914
616.376
696.903
769.234
761.063
696.829
643.007
632.994
577.841
514.428
510.581
534.662
546.463
527.975
501.643
488.257
484.576
491.858
497.039
507.082
513.061
525.931
528.553
544.669
546.076
556.831
556.889
546.443
525.525
519.008
493.459
500.156
497.851
495.166
493.361
486.658
476.774
472.543
474.698
489.231
507.606
518.582
541.751
581.389
578.007
568.296
504.235
453.902
411.181
398.937
375.767
367.352
342.157
332.907
312.508
304.658
289.712
282.542
276.882
278.708
284.588
301.028
315.746
327.531
333.363
321.376
329.292
335.625
354.873
370.5
391.132
412.407
417.668
416.008
412.122
415.561
413.938
408.155
399.225
397.712
391.869
396.808
399.673
404.477
409.482
414.168
418.691
422.322
427.728
435.288
445.183
453.153
457.592
464.145
452.89
444.647
436.899
420.885
415.341
415.936
422.202
448.025
456.378
441.761
422.453
411.589
405.217
402.028
397.99
402.567
411.769
408.988
426.909
435
441.983
460.991
472.049
481.448
489.12
495.946
498.404
499.202
499.057
498.884
499.264
502.77
506.577
512.779
510.161
490.016
472.09
454.001
441.619
440.615
443.794
440.146
428.779
411.382
401.861
394.957
398.801
405.731
411.54
413.095
413.067
415.099
404.538
399.717
399.265
385.238
384.37
376.514
368.973
368.472
366.806
371.031
378.37
387.966
394.814
400.64
400.105
397.43
399.416
394.961
389.461
377.666
379.162
399.686
419.729
414.766
395.193
376.45
357.666
335.595
311.383
293.571
271.415
270
270
270
270
270
270
270
276.698
304.584
351.952
392.621
434.085
461.668
477.829
494.69
502.358
510.162
513.98
514.634
520.735
500.916
484.559
494.746
494.726
481.668
465.525
450.941
426.763
415.584
393.519
384.247
378.187
376.914
377.986
382.673
389.207
399.477
407.055
418.129
428.145
437.016
444.474
446.253
441.392
436.199
436.25
440.304
446.013
453.549
445.139
445.688
478.16
460.987
435.707
420.461
399.997
385.164
356.397
353.1
338.301
344.592
336.767
361.911
356.264
389.547
388.006
414.772
423.164
435.627
442.761
445.106
442.99
439.138
431.866
434.141
449.765
485.268
529.997
569.222
592.782
607.834
622.13
654.426
598.063
475.933
447.14
430.141
403.21
373.184
342.13
321.7
304.771
300.139
305.671
309.266
321.077
344.165
358.191
380.023
387.507
398.536
402.497
403.035
402.122
403.323
401.203
410.1
413.259
419.08
423.476
424.175
426.596
429.972
435.116
401.234
363.229
354.704
344.463
326.629
312.51
301.583
283.402
273.692
270
270
272.78
270
292.916
310.149
332.486
348.806
360.047
362.555
352.347
338.696
328.37
326.654
323.664
320.973
320.236
309.037
318.628
326.319
342.528
360.481
369.528
379.832
381.439
382.93
381.129
385.504
385.367
378.421
367.211
357.439
343.617
334.024
334.859
337.176
324.877
296.972
283.226
299.825
311.452
293.973
270
270
270
270
270
287.428
319.567
364.862
410.416
443.258
457.859
465.94
465.979
462.971
461.893
461.021
461.168
462.5
457.57
449.391
453.371
444.961
439.308
441.37
442.383
441.881
444.02
446.115
432.359
410.827
423.8
440.559
408.991
387.723
383.502
395.239
414.192
422.604
416.606
422.015
453.646
489.469
925.66
887.287
797.607
711.667
679.464
680.953
701.512
739.458
768.798
800.907
770.154
772.35
736.061
745.341
700.374
702.188
687.765
723.599
727.806
733.427
694.268
654.413
634.319
638.595
606.751
526.304
490.08
505.266
545.99
553.284
529.221
517.417
504.495
508.026
504.187
514.688
515.899
528.518
530.843
547.404
546.181
562.839
545.543
554.77
528.977
529.107
505.859
502.437
501.759
497.067
496.279
490.978
488.217
482.687
489.491
497.486
514.542
505.969
501.612
513.519
543.068
588.931
561.377
499.825
419.524
404.827
372.794
380.337
343.505
349.804
316.869
320.984
303.16
302.704
293.243
292.345
295.845
299.416
308.659
313.993
319.354
317.276
332.387
342.42
360.643
383.258
386.823
417.577
413.344
428.936
416.184
420.114
412.43
418.98
424.085
416.585
418.813
416.612
418.595
421.26
425.862
431.229
437.082
443.09
447.748
451.77
454.875
458.026
456.434
451.808
449.395
445.065
427.535
430.267
426.537
422.906
408.831
409.423
456.502
467.749
450.569
430.616
422.719
419.001
419.12
422.914
419.539
436.82
432.276
454.858
449.597
470.308
478.974
485.76
493.774
499.095
502.223
504.386
506.125
507.856
509.454
510.203
511.5
506.305
493.694
471.952
452.472
443.444
435.869
439.989
442.308
440.469
439.684
432.577
425.778
399.117
397.184
408.389
416.743
419.649
422.085
415.062
420.254
401.904
410.792
392.937
401.596
389.021
395.271
388.961
394.321
393.509
397.573
397.846
400.048
397.883
397.294
391.662
386.411
383.182
383.91
376.812
372.647
376.359
406.795
435.718
431.803
417.369
412.726
401.833
396.592
389.338
379.238
381.611
368.54
368.994
357.552
356.971
360.93
358.928
371.958
388.826
400.704
421.088
438.424
451.214
464.546
471.298
477.869
485.899
496.143
502.713
513.666
518.134
484.858
487.78
507.129
501.882
487.09
478.594
444.225
451.271
407.111
422.795
394.966
408.331
396.827
414.339
411.278
423.883
431.661
440.943
447.16
452.09
454.931
456.732
456.632
454.979
455.961
453.276
455.206
453.362
444.86
430.97
460.668
470.715
447.801
441.621
416.819
406.701
372.323
379.846
358.867
377.019
352.567
390.988
374.568
411.254
408.764
435.953
442.712
460.723
464.716
470.807
473.707
475.451
477.064
482.047
491.692
504.643
517.504
534.777
553.644
573.84
606.162
643.441
650.355
524.092
454.45
447.878
443.937
404.427
373.433
376.348
337.364
349.779
350.724
343.088
374.684
369.138
382.04
400.03
403.701
407.706
411.369
413.415
413.257
413.791
412.532
410.898
409.882
408.984
410.763
410.992
415.633
422.755
428.436
429.001
376.7
355.97
359.734
337.599
306.459
289.431
270
270
270
270
270
270
270
280.014
289.488
304.329
313.861
319.467
323.904
326.525
329.008
330.205
332.849
330.037
322.493
316.836
326.218
321.935
335.543
328.775
337.116
330.595
337.899
325.793
332.033
324.445
324.341
324.656
331.032
331.439
329.475
329.563
337.356
336.12
328.223
317.257
306.791
312.266
318.031
312.874
270.026
270
270
270.196
274.177
278.928
288.778
303.108
326.609
367.017
408.401
432.036
446.435
454.788
458.555
460.769
460.98
458.509
458.309
450.04
443.891
441.309
438.842
432.208
433.599
436.538
438.66
437.635
417.346
408.767
443.358
445.703
429.412
419.354
416.283
419.517
422.387
429.658
435.672
449.92
464.176
486.936
)
;

boundaryField
{
    wand
    {
        type            zeroGradient;
    }
    frontAndBack
    {
        type            empty;
    }
}


// ************************************************************************* //
