/*--------------------------------*- C++ -*----------------------------------*\
| =========                 |                                                 |
| \\      /  F ield         | OpenFOAM: The Open Source CFD Toolbox           |
|  \\    /   O peration     | Version:  2.1.1                                 |
|   \\  /    A nd           | Web:      www.OpenFOAM.org                      |
|    \\/     M anipulation  |                                                 |
\*---------------------------------------------------------------------------*/
FoamFile
{
    version     2.0;
    format      ascii;
    class       volScalarField;
    location    "0.004450000";
    object      sL;
}
// * * * * * * * * * * * * * * * * * * * * * * * * * * * * * * * * * * * * * //

dimensions      [0 1 -1 0 0 0 0];

internalField   nonuniform List<scalar> 
12384
(
17.3468
16.965
16.4364
16.1285
16.0455
16.116
16.1468
16.0616
15.7781
15.5394
16.2464
17.3911
9.83331
2.05776
1.90964
2.5301
2.29532
1.93295
1.66357
1.5265
1.43828
1.39876
1.39463
1.48335
1.47599
1.58768
1.64409
1.74325
1.78805
1.89657
1.90528
1.94168
1.91997
1.96666
1.95426
2.0831
2.24749
2.70433
3.62464
3.29305
2.12728
1.72662
1.68026
1.90454
2.5833
2.06081
1.81577
1.83667
1.93979
2.08982
2.20936
2.36656
2.41795
2.50028
2.52119
2.55819
2.58176
2.56343
2.59725
2.56884
2.44108
2.62202
2.48496
3.03367
2.91656
3.80351
3.94105
4.79716
6.04958
7.79868
7.20577
5.62157
3.69424
2.70658
1.44711
1.61336
2.02249
2.3588
2.61438
2.73684
2.9446
2.99362
3.00845
2.94486
2.80638
2.60347
2.41144
2.18071
2.04098
1.92529
1.70868
1.71146
1.42008
1.50472
1.43876
1.71503
1.84622
1.96927
1.45056
1.45259
1.5816
1.64825
1.65866
1.68473
2.14895
1.53415
1.58402
1.70889
1.78031
1.75553
1.68716
1.59097
1.51876
1.37839
1.3724
1.3811
1.35757
1.36159
1.35691
1.32376
1.29677
1.25952
1.20672
1.16715
1.13382
1.09591
1.28697
1.81806
1.8992
1.67139
1.63465
1.63114
1.75869
1.746
1.08001
1.37748
1.49464
1.77808
1.64852
1.70722
1.67956
1.82214
1.79975
1.83536
1.88238
1.83767
1.85964
1.88123
1.78114
1.77161
1.72432
1.5291
1.5575
1.43463
1.42973
1.4258
1.41672
1.3992
1.37777
1.34515
1.32013
1.31108
1.23468
1.11248
1.24542
1.21274
1.24666
1.39211
1.52563
1.55595
1.55149
1.4729
1.41255
1.30589
1.49947
1.48345
1.55132
1.65504
1.64353
1.63682
1.58136
1.58907
1.46396
1.47678
1.48223
1.51972
1.58099
1.61374
1.59912
1.63594
1.60661
1.74831
1.78377
1.02589
2.25777
2.11597
2.94768
4.50096
4.06716
3.55917
3.47051
3.16306
3.12215
2.99298
3.01045
2.98471
3.02516
3.03553
3.06452
3.22283
3.36352
3.46099
3.59918
3.76207
3.89057
3.92336
3.97651
3.82943
3.88627
3.4354
3.5364
3.46573
3.47441
4.09528
2.09144
2.31458
4.34628
4.7985
4.60875
4.54337
4.47573
4.28992
4.29167
4.10355
3.94514
3.78128
3.57124
3.25567
3.18239
2.74213
2.82422
2.54661
2.60651
2.72795
2.61713
2.95158
3.48972
3.44128
3.6094
3.71668
3.52166
3.40846
3.14404
1.89003
3.41756
5.5033
6.03773
5.4053
5.00148
4.51463
4.35588
4.15033
3.72843
3.68507
3.23508
3.05896
2.61401
2.54001
2.29466
2.01797
2.0697
1.87209
1.96027
1.80294
2.2809
2.10388
2.54178
3.25391
3.55825
3.85008
4.30967
4.74082
5.82919
6.32016
1.13985
3.7796
3.6756
3.51374
3.44113
3.39867
3.32962
3.44802
3.46357
3.5078
3.56786
3.54792
3.47549
3.3305
3.12044
3.10052
2.98444
2.53616
2.44935
2.19299
1.96259
2.00789
2.44735
2.94742
3.32375
3.29677
3.09657
3.10136
2.8363
2.55017
0.638671
1.6681
3.8316
3.80351
3.88318
3.70225
3.53895
3.29469
3.10882
2.90219
2.73525
2.54135
2.41408
2.24498
2.14517
2.02875
1.92068
1.85823
1.66997
1.71277
1.68382
1.65759
1.96307
2.03161
2.49752
3.10602
2.82787
1.26937
0.967142
1.02912
0.460455
0.64275
0.871357
0.924143
0.925809
1.32862
2.17089
2.66182
2.96104
3.09698
3.22667
3.28296
3.36279
3.69431
3.58134
3.9249
3.83469
3.97458
3.79352
3.75475
3.51471
3.2182
3.23869
2.73349
2.30894
1.70185
1.38058
1.09931
0.996806
1.0895
12.8881
11.7367
10.4314
9.50478
9.46001
10.1317
11.5442
12.9637
14.029
14.3616
14.8779
16.4306
12.3152
3.27038
1.89398
2.33098
1.59575
1.24431
1.21425
1.16031
1.20235
1.28574
1.43554
1.59008
1.7004
1.91836
1.96039
2.12259
2.20697
2.29982
2.37134
2.39536
2.38554
2.31687
2.25807
2.21081
2.27529
2.48371
3.17522
3.61678
3.02834
2.4856
1.94338
1.87394
2.421
1.80043
1.62842
1.90917
2.11278
2.21753
2.25988
2.26763
2.24973
2.22411
2.22398
2.27129
2.29866
2.31903
2.3586
2.36046
2.22601
2.27375
2.23303
2.37209
2.51397
3.07868
3.48462
4.27818
5.2992
6.77408
8.0592
8.37284
6.31099
3.34763
1.53052
2.27774
2.69529
2.98204
3.06475
3.19287
3.09171
3.05037
2.86316
2.6281
2.39193
2.17127
1.93787
1.77511
1.61371
1.54222
1.41646
1.3691
1.23471
1.24835
1.26672
1.43313
1.64206
1.88031
1.68469
1.36036
1.437
1.65278
1.74951
1.72665
1.83681
1.36837
1.54992
1.74838
1.81217
1.7824
1.70005
1.61359
1.51214
1.3498
1.30904
1.24473
1.30075
1.38243
1.39745
1.44354
1.42287
1.42555
1.37312
1.30276
1.21861
1.14194
1.09761
1.41723
1.86949
1.95178
1.82767
1.90913
2.00609
2.01891
1.14457
1.45468
1.58183
1.66769
1.70444
1.86151
2.04471
2.07896
2.07875
2.15193
2.1591
2.29226
2.29354
2.34295
2.38261
2.25102
2.18642
2.11796
1.84188
1.80814
1.57928
1.51322
1.50713
1.48782
1.45058
1.40355
1.35764
1.32827
1.29696
1.21382
1.27202
1.2273
1.32865
1.50429
1.56603
1.54808
1.43504
1.27548
1.14504
1.10352
1.1765
1.64291
1.84676
1.80624
1.64843
1.38685
1.27682
1.13941
1.18958
1.22961
1.32145
1.40358
1.50215
1.55714
1.58428
1.56517
1.56909
1.58082
1.70652
1.08804
2.24385
2.70056
3.88314
4.12411
3.48176
3.14711
2.94965
2.8215
2.66901
2.57103
2.43494
2.38079
2.27608
2.25613
2.31073
2.3477
2.55069
2.77049
3.07575
3.34432
3.51607
3.60027
3.56063
3.48756
3.01863
3.01646
2.85016
2.83617
3.21807
3.87524
2.38911
3.62792
4.53007
4.59187
4.29362
4.07071
3.93003
3.84936
3.70086
3.72028
3.61185
3.58986
3.46149
3.20075
3.14652
2.72171
2.74253
2.48076
2.49821
2.302
2.71673
2.66814
2.85378
3.19973
3.24822
3.32272
3.44091
3.2926
3.13702
2.20475
4.52994
5.60187
5.02103
4.33847
3.90516
3.74996
3.45676
3.36465
2.99589
2.51619
2.09961
1.90427
1.46581
1.42421
1.38243
1.35088
1.32316
1.30886
1.30503
1.31535
1.33738
1.37114
1.57792
2.12658
2.59117
3.15673
3.53085
3.96238
4.81197
5.86461
1.56353
3.51437
3.32591
3.11111
3.09094
3.12605
3.21942
3.22996
3.26355
3.21133
3.07894
2.97059
2.76745
2.52351
2.37584
2.14934
1.83199
1.7717
1.51527
1.21184
1.17802
1.40377
1.77458
2.29193
2.84055
3.16755
3.19766
3.12637
3.05551
2.82359
1.14729
3.08219
3.87545
3.69545
3.31325
2.91857
2.64753
2.48778
2.41166
2.35928
2.34571
2.32584
2.32195
2.27692
2.1845
2.10916
1.89076
1.78267
1.43546
1.38947
1.28114
1.297
1.52238
1.74521
2.2773
2.71692
3.10475
2.1748
1.20804
0.996872
0.449077
0.802843
0.958878
1.03334
1.2436
2.29878
3.14313
3.44872
3.70073
3.89412
3.95793
4.05421
4.06617
4.1552
4.37439
4.34115
4.55423
4.64061
4.65401
4.71971
4.69302
4.55955
4.71696
4.59313
4.62681
4.11181
2.667
1.58379
1.11176
1.08575
8.61219
7.04731
5.66498
5.00426
4.87922
5.1656
6.24932
8.48019
11.1008
12.7349
13.4024
14.8969
13.427
4.48769
1.83437
1.86908
1.17345
1.16137
1.32853
1.49467
1.71957
1.87437
2.06983
2.12236
2.19667
2.24694
2.2353
2.28629
2.38872
2.55091
2.71913
2.96113
3.1381
3.2535
3.15583
2.93747
2.66234
2.56491
2.87869
3.467
3.73403
3.32305
2.47622
1.91149
2.37395
1.65014
1.8061
2.10629
2.10907
1.9767
1.88195
1.81999
1.8666
2.01038
2.23479
2.47298
2.7106
2.85204
2.95089
2.94521
2.77887
2.72072
2.49236
2.42211
2.27291
2.71196
3.12623
3.88181
4.83372
5.92072
6.8776
7.8557
7.66929
4.35009
1.91374
2.64325
2.92336
2.97473
3.05139
3.0261
2.74847
2.3093
2.05263
1.85564
1.72827
1.61708
1.52007
1.43649
1.33298
1.25719
1.15123
1.10518
1.0911
1.10126
1.12326
1.26538
1.44606
1.67802
1.74068
1.50396
1.31886
1.53822
1.7969
1.83851
1.28531
1.3216
1.65421
1.80419
1.79222
1.79649
1.8827
1.95093
1.97033
1.8307
1.74379
1.37936
1.23544
1.15733
1.26548
1.38685
1.42009
1.45448
1.43307
1.39363
1.3216
1.21635
1.12143
1.13599
1.69229
2.04726
2.10261
2.062
2.21316
2.11041
1.20226
1.60501
1.67465
1.86284
2.07072
2.21911
2.18064
2.23335
2.31838
2.39472
2.56499
2.73847
2.91295
2.94695
2.88694
2.96421
2.77255
2.60808
2.45601
2.2365
1.94961
1.81699
1.56005
1.5337
1.51484
1.4803
1.42367
1.3755
1.34098
1.26927
1.30358
1.26649
1.43849
1.5592
1.55801
1.41486
1.21402
1.11485
1.14815
1.33701
2.0534
2.17979
2.17106
1.49641
1.13763
1.0451
1.02845
1.04607
1.07049
1.07876
1.07212
1.0553
1.24463
1.45834
1.55705
1.53007
1.44292
1.43574
1.53308
1.10811
2.39398
3.54829
4.03257
3.6439
3.36398
3.3248
3.4251
3.42271
3.3278
3.07779
2.90661
2.6164
2.49225
2.4199
2.47256
2.67307
3.14066
3.51767
3.91724
4.16852
4.21471
4.17457
3.96369
3.67491
3.31133
2.64345
2.41871
2.44194
2.66759
3.5932
2.73861
4.19296
4.44004
4.2298
3.93522
3.8353
3.62872
3.52658
3.45385
3.46431
3.54124
3.41403
3.45856
3.09213
2.97376
2.42794
2.43108
2.02865
2.03726
1.76823
1.70228
1.9388
1.81037
1.88693
2.13952
2.18353
2.72195
3.0641
3.09432
2.19299
4.81158
4.79413
3.93119
3.4602
3.28273
3.05137
2.88011
2.75751
2.20819
2.00446
1.49604
1.35214
1.28586
1.19943
1.20439
1.14104
1.10532
1.06792
1.02435
0.986963
0.975084
0.981534
1.15734
1.30173
1.73717
2.21498
2.6459
2.93482
3.79538
5.24835
2.11222
3.31776
2.76963
2.53323
2.77433
2.97966
3.13316
3.18535
3.04175
3.02689
2.96017
2.75159
2.45005
2.18725
1.83362
1.54909
1.51525
1.33036
1.13781
1.08947
1.14645
1.1174
1.385
1.6715
2.24699
2.78557
3.06564
3.08916
3.055
2.93643
2.08536
3.6659
3.70578
3.15539
2.66098
2.35204
2.25009
2.17488
2.11142
2.11896
2.1643
2.29226
2.42743
2.4637
2.41077
2.23346
1.93532
1.665
1.23542
1.22296
1.11731
1.1347
1.23733
1.38571
1.87865
2.5302
3.00034
2.73334
1.23271
0.97502
0.594006
0.901678
1.00289
1.09684
2.10781
3.17413
3.80248
4.07266
4.04622
4.09747
4.09766
4.06426
4.18697
4.13272
4.34755
4.49817
4.45115
4.77718
4.69817
4.84717
4.75571
4.67041
4.54963
4.53057
4.43066
4.4743
3.84714
2.35045
1.32736
1.08704
6.49372
5.02138
4.26745
4.08011
4.07002
4.07548
4.28916
5.33314
7.86163
10.5923
12.0432
13.5408
13.4833
5.30015
1.73857
1.47915
1.17736
1.43217
1.73456
1.9623
2.09546
2.1273
2.14178
2.03794
1.99837
1.91962
1.90134
2.00676
2.16865
2.52851
2.92372
3.36292
3.80468
4.18081
4.39657
4.21526
3.65524
3.09545
2.93921
3.36355
3.76786
3.75197
2.89979
2.10787
2.23597
1.75899
2.09208
2.18261
1.91173
1.71747
1.72764
1.95433
2.30148
2.74822
2.97627
3.12944
3.1746
3.17481
3.2291
3.24292
3.08824
3.16505
2.99916
2.89029
2.44968
2.58541
2.8937
3.69614
4.51321
5.31498
5.3106
5.81611
7.37637
5.07969
2.21112
2.7954
2.81292
3.04387
2.91452
2.56544
2.15926
1.81216
1.58025
1.55798
1.57251
1.59065
1.60754
1.572
1.52137
1.41424
1.33004
1.14528
1.07952
1.07038
1.06819
1.13276
1.27158
1.55393
1.65993
1.62896
1.43972
1.41308
1.70561
1.82442
1.06982
1.53755
1.86249
1.83522
1.80655
1.98836
2.20495
2.38222
2.44041
2.41485
2.33241
2.08804
1.79397
1.26967
1.1285
1.2135
1.30209
1.37273
1.39096
1.3722
1.31836
1.23814
1.136
1.0917
1.46225
2.09741
2.32081
2.33722
2.35006
2.2658
1.23597
1.68987
1.83789
2.12727
2.23945
2.22569
2.2409
2.35444
2.49205
2.81545
3.04203
3.27883
3.31486
3.46181
3.3478
3.27962
3.22484
3.10222
2.91375
2.60581
2.45063
2.07963
1.86544
1.64185
1.55173
1.52829
1.49022
1.43344
1.37994
1.299
1.34235
1.32727
1.51992
1.56301
1.46611
1.22828
1.12406
1.19511
1.38498
1.80401
2.35123
2.45582
1.85368
1.20074
1.02736
0.950625
0.988926
1.10457
1.1899
1.20883
1.1854
1.13068
1.07649
1.27374
1.44795
1.42528
1.33406
1.27546
1.38381
1.11546
2.43123
3.80019
3.78098
3.53217
3.57949
3.84456
3.95634
3.95444
3.8288
3.74634
3.35501
3.0885
2.83476
2.79023
3.07624
3.56578
4.20131
4.53871
4.69574
4.48324
4.25387
3.82498
3.66803
3.44401
3.42203
2.98416
2.36494
2.0767
2.38198
3.21113
3.49455
4.25672
4.18748
3.92623
3.86886
3.67048
3.54765
3.3963
3.35688
3.38382
3.41624
3.35911
3.28504
2.87776
2.57691
2.15613
1.9153
1.78829
1.53816
1.5498
1.50795
1.47871
1.70826
1.61704
1.63394
1.8769
1.83442
2.48226
2.98191
2.28001
4.47184
4.1876
3.51812
3.19132
2.85712
2.76399
2.72667
2.30348
2.03661
1.68127
1.55713
1.67533
2.03132
1.9055
2.06558
1.70193
1.74549
1.50801
1.29424
1.13747
1.02197
1.11211
1.13532
1.26527
1.41899
1.60677
1.90576
2.21843
2.8439
4.59586
2.32365
2.85158
2.23238
2.38925
2.76883
2.99028
3.07368
3.07755
3.02537
3.02244
2.89466
2.55723
2.07025
1.5914
1.29002
1.1989
1.02575
0.957238
0.929859
0.956552
0.907129
1.04959
1.2075
1.3495
1.72811
2.33699
2.83141
2.97332
2.98277
2.95399
2.85474
3.82371
3.35889
2.71892
2.38881
2.27379
2.10723
1.98275
1.80479
1.64968
1.64366
1.77506
2.01481
2.30904
2.35205
2.29857
1.94346
1.6555
1.24761
1.26458
1.17084
1.21676
1.16704
1.25371
1.63606
2.29144
2.96576
2.89407
1.50829
0.961803
0.685596
0.997005
1.19411
1.77899
3.02587
3.86199
4.11876
4.23855
4.21511
4.1044
4.13967
4.17687
4.07614
4.28366
4.22784
4.45165
4.46818
4.55157
4.77331
4.71384
4.86919
4.71797
4.44467
4.1831
3.71836
3.78682
4.03996
3.12311
1.72642
1.10786
5.72092
4.28375
4.00583
4.28569
4.44369
4.2337
4.02704
4.31277
5.91059
8.74153
10.7061
12.4444
13.2135
5.85964
1.60973
1.29435
1.27696
1.62028
1.91998
2.03693
2.103
1.98771
1.95354
1.86611
1.7903
1.77967
1.85075
2.1609
2.75312
3.50955
4.30468
4.98165
5.38696
5.80936
6.05317
5.95674
5.2383
4.05579
3.42021
3.38424
3.87032
3.98782
3.3261
2.2029
2.2845
1.81537
2.11554
2.0088
1.78512
1.81268
2.10577
2.53358
2.84513
2.93968
3.00021
2.99721
3.01101
2.96276
3.01705
2.97069
2.84323
3.13912
3.1713
3.0503
2.59694
2.57549
2.76833
3.53399
4.37965
4.73201
4.16715
4.11491
6.13463
5.34951
2.47802
2.69408
2.88158
2.81495
2.7676
2.32197
1.81684
1.53482
1.43722
1.43258
1.55134
1.72903
1.80499
1.85921
1.79421
1.78091
1.61165
1.5118
1.32422
1.1656
1.12298
1.10924
1.23503
1.48676
1.55473
1.73014
1.54403
1.52177
1.70335
1.90151
1.56542
1.97328
1.91584
1.7972
1.85785
2.14132
2.44796
2.77963
2.95512
3.20448
3.17998
3.12587
2.93527
2.38433
2.07247
1.36701
1.16518
1.20007
1.23487
1.25572
1.24097
1.19333
1.12509
1.08411
1.38999
1.99343
2.46509
2.54644
2.4553
2.34511
1.25103
1.74265
2.00439
2.25127
2.23681
2.25428
2.27879
2.46192
2.77505
3.12137
3.4292
3.4843
3.5334
3.46095
3.60326
3.48767
3.39583
3.30128
3.188
3.05793
2.65755
2.46104
2.13932
1.80569
1.58703
1.55823
1.53028
1.48371
1.41599
1.31971
1.37497
1.39899
1.54954
1.5329
1.31922
1.14743
1.17519
1.35637
1.5782
2.33146
2.4638
2.35726
1.84686
1.22419
1.02139
0.90515
0.944528
1.12228
1.2488
1.28196
1.26404
1.18686
1.08906
1.10602
1.20782
1.25095
1.18875
1.17981
1.29022
1.11599
2.46987
3.59432
3.50899
3.47138
3.81762
4.08675
4.2337
4.30563
4.22814
4.15057
3.88363
3.4949
3.11927
3.06644
3.43479
4.15234
4.60103
4.61362
4.15662
3.56977
3.07225
2.70734
2.53093
2.46722
2.79481
2.78829
2.33412
2.1386
2.10538
3.00303
3.59986
4.06624
3.8903
3.79761
3.68699
3.65356
3.47823
3.35577
3.27566
3.11739
3.27666
3.15325
3.00269
2.57432
2.56609
1.97131
2.00571
1.65656
1.66537
1.52299
1.72048
1.63017
1.5654
1.6968
1.54142
1.57195
1.75328
1.87198
2.50564
1.87839
4.13838
3.54597
3.09778
2.84879
2.58624
2.68591
2.37003
2.15126
1.84884
1.76367
2.2724
2.44487
2.62248
2.29833
2.06361
2.09122
1.93845
2.00701
1.91704
1.74481
1.49002
1.36892
1.33742
1.40915
1.40059
1.38692
1.45558
1.63947
2.1911
4.02918
2.48681
2.57205
2.15536
2.42849
2.81233
2.95763
3.00168
2.96308
3.06813
3.00109
2.69064
2.11061
1.47978
1.19917
1.10149
0.934743
0.934633
0.91529
0.886854
0.86612
0.852967
0.889901
1.10177
1.22717
1.42008
1.94078
2.54882
2.80843
2.85652
2.90165
3.25813
3.78754
3.07266
2.63532
2.46623
2.4873
2.44158
2.11814
1.70959
1.38368
1.18782
1.18666
1.41647
1.83891
2.23621
2.31278
2.19733
1.84358
1.3821
1.24664
1.1819
1.1929
1.18828
1.20422
1.54635
2.26521
2.87762
3.01725
1.4963
0.960671
0.720208
1.02302
1.09884
2.35728
3.48755
4.13705
4.31301
4.19931
4.24589
4.24726
4.21875
4.26486
4.34819
4.18773
4.41344
4.32094
4.57603
4.51554
4.66394
4.71431
4.70523
4.84052
4.40864
3.83816
3.05156
3.25678
3.75502
3.07763
1.4716
1.06997
5.32542
3.95242
4.24802
5.27166
5.98563
5.35969
4.38097
4.17455
5.05629
7.45619
9.68568
11.7096
12.8599
6.0866
1.51374
1.2505
1.36608
1.69855
1.9323
1.98507
1.97143
1.93016
1.87186
1.82188
1.7323
1.78976
2.03518
2.77252
4.07771
5.40925
6.10096
6.37987
6.55629
6.80789
7.17604
7.40098
6.67404
5.35078
4.00402
3.68444
3.88081
4.1534
3.42009
2.37119
2.26013
2.03726
2.29041
2.24131
2.14416
2.24295
2.51827
2.78537
2.81666
2.88234
2.92047
2.95504
2.90871
2.92939
2.81933
2.68011
2.62827
2.85836
2.9485
2.97255
2.4866
2.48459
2.67425
3.44285
4.20199
4.26025
3.46601
3.2682
4.95893
5.30466
2.58377
2.74885
2.82339
2.7961
2.5091
2.30982
1.82095
1.3655
1.23054
1.3013
1.46549
1.67305
1.87168
1.87369
1.94681
1.7956
1.75349
1.70002
1.51542
1.35055
1.30905
1.13754
1.26911
1.42465
1.57182
1.72664
1.7177
1.5251
1.66289
1.80153
2.02931
2.06386
1.83809
1.77298
1.89209
2.20288
2.62368
3.10465
3.36415
3.94218
3.9518
4.22692
3.94113
3.82085
3.64624
3.06668
2.57112
1.90207
1.50623
1.22803
1.18363
1.15275
1.11312
1.07704
1.35393
1.91725
2.51759
2.73513
2.67606
2.42396
1.26223
1.79022
2.11242
2.26665
2.24976
2.21366
2.2213
2.49158
2.89153
3.27038
3.47598
3.49573
3.46088
3.47118
3.49213
3.56833
3.39047
3.32673
3.44331
3.21684
2.95943
2.57203
2.27697
2.01712
1.72977
1.57143
1.55522
1.51053
1.44112
1.32587
1.40343
1.45902
1.55961
1.45029
1.21272
1.16058
1.29736
1.48993
1.96873
2.25511
2.40557
2.48307
2.08913
1.48266
1.0926
0.885074
0.850252
0.999879
1.18638
1.26261
1.28323
1.1877
1.11277
1.09854
1.13954
1.10972
1.09587
1.00717
1.08318
1.12481
2.20575
3.2788
3.22786
3.49468
3.94121
4.29074
4.49255
4.63021
4.44592
4.41211
4.23136
3.88816
3.32032
3.13789
3.58282
4.19606
4.32237
3.89395
3.1838
2.69461
2.47546
2.33086
2.05939
1.71802
1.6471
2.40595
2.62651
2.05992
2.08005
2.78613
3.52385
3.748
3.6856
3.6469
3.65677
3.5638
3.48032
3.32306
3.04165
3.02526
3.08422
2.94576
2.98294
2.77978
2.65419
2.33623
2.26186
2.00814
1.78294
1.84143
1.70216
1.93478
1.78762
1.63601
1.70872
1.43569
1.51847
1.67767
2.26177
1.60038
4.0212
3.62817
3.0954
2.59277
2.58002
2.33148
2.22187
1.98738
1.93114
2.28825
2.6911
2.67223
2.33758
1.64374
1.32398
1.32567
1.58063
1.89021
2.08586
2.01321
1.92839
1.59568
1.58175
1.53001
1.50195
1.39434
1.28256
1.28767
1.69047
3.56857
2.36164
2.28801
2.0966
2.59738
2.80126
2.90758
2.93727
2.87981
2.99096
2.95525
2.37047
1.64562
1.21141
1.04705
0.991591
1.01595
0.990371
0.938702
0.89334
0.859595
0.84312
0.840325
0.998901
1.14697
1.28792
1.67146
2.32087
2.64845
2.71459
2.80722
3.45243
3.66632
2.99408
2.81492
3.02385
3.21061
3.21088
2.91518
2.18673
1.49353
1.11005
0.997086
1.07251
1.25355
1.76123
2.2376
2.26375
2.15568
1.6647
1.26511
1.25984
1.21635
1.16654
1.24216
1.63695
2.37407
2.93943
2.92901
1.57341
0.924803
0.736136
1.10194
1.43516
2.80356
3.80713
4.19095
4.28643
4.32354
4.19598
4.26753
4.26612
4.2029
4.32837
4.54024
4.40111
4.64277
4.38717
4.65417
4.61629
4.71739
4.67508
4.71222
4.57378
3.54657
2.46876
2.77674
3.46916
3.10324
1.68416
1.06731
5.16129
3.80568
4.62805
6.70195
8.09214
6.97098
4.94621
4.18898
4.79227
6.77315
8.96873
11.1644
12.4494
6.38081
1.46099
1.27659
1.46753
1.63691
1.80007
1.85244
1.90129
1.95185
1.95132
1.88175
1.77663
1.8138
2.20742
3.34315
5.04451
6.17361
6.30632
5.87448
5.59206
5.98099
6.83908
7.41753
7.50287
6.17167
4.6942
3.92632
4.13098
4.19195
3.5832
2.42214
2.29653
2.09801
2.292
2.29719
2.23031
2.42873
2.70344
2.66548
2.75068
2.83804
2.97124
2.96378
2.92095
2.8415
2.74902
2.45492
2.39218
2.52732
2.57875
2.61115
2.24944
2.35367
2.65411
3.41359
4.00974
3.90162
3.15309
2.86021
4.08771
5.11051
2.55708
2.63381
2.69303
2.69732
2.6201
2.22926
1.89458
1.38886
1.12387
1.11643
1.22667
1.48215
1.73246
1.86684
1.83599
1.8274
1.72241
1.73202
1.56858
1.54403
1.38723
1.23834
1.36444
1.43677
1.62135
1.83752
1.7883
1.65634
1.70332
1.86591
2.12183
2.05202
1.79035
1.78399
1.89107
2.1822
2.64383
3.20729
3.53649
4.14671
4.2284
4.26085
4.23003
4.14531
4.11077
3.90924
3.81883
3.27038
2.79613
2.15996
1.77755
1.37724
1.21674
1.13782
1.42434
1.88473
2.50518
2.81375
2.75912
2.45682
1.27082
1.79675
2.10558
2.26667
2.22197
2.16112
2.15185
2.42007
2.82379
3.19185
3.37094
3.35399
3.3508
3.32959
3.47546
3.35898
3.4549
3.23377
3.25454
3.27123
3.08843
2.71881
2.35914
2.1164
1.82964
1.5904
1.56727
1.52651
1.44934
1.33542
1.43406
1.49888
1.54214
1.36243
1.20307
1.23345
1.41331
1.54344
1.91979
2.29134
2.24382
2.18721
2.4618
1.97767
1.25529
0.937192
0.787277
0.836595
1.03773
1.18145
1.37821
1.37012
1.25351
1.18565
1.10122
0.993455
0.992965
1.01142
1.03732
1.08734
2.03365
2.66382
2.75676
3.48099
4.18905
4.45985
4.53123
4.58709
4.7375
4.41921
4.40437
4.0299
3.41862
3.02511
3.42556
3.91683
3.77036
3.09466
2.52981
2.44192
2.32356
2.10948
1.77055
1.59813
1.56816
1.8434
2.3342
2.1559
2.06504
2.76026
3.11623
3.41043
3.4229
3.55775
3.55755
3.49621
3.40832
3.15428
3.03831
2.79946
2.8485
2.98841
3.27261
2.9429
2.87591
2.47846
2.20837
1.74335
1.72052
1.49968
1.81277
1.70111
1.93933
1.80665
1.69773
1.75777
1.39726
1.3629
2.05337
1.49262
3.51057
3.03067
2.58368
2.33275
2.1788
2.26096
2.07554
1.98902
2.15824
2.46073
2.78507
2.53784
1.50072
1.1988
1.1617
1.20783
1.24647
1.63691
1.95391
2.06972
1.92406
1.75072
1.57306
1.69897
1.60465
1.44076
1.24975
1.16244
1.42269
3.34269
2.41804
2.21957
2.33401
2.61592
2.79858
2.83734
2.74664
2.91577
3.07039
2.87222
2.1518
1.34698
1.11471
1.00721
1.09739
1.07879
1.00072
0.892739
0.859361
0.840655
0.832786
0.828965
0.905789
1.13292
1.2424
1.5966
2.18975
2.55665
2.58756
2.75572
3.52139
3.55138
3.0807
3.3086
3.83155
4.18555
4.09802
3.8387
3.26586
2.14613
1.26365
0.989255
0.923203
1.00544
1.22844
1.71551
2.30049
2.42591
2.13253
1.60441
1.35197
1.21333
1.34763
1.60758
2.03406
2.52167
3.13605
2.94287
1.43949
0.934237
0.716233
1.05589
1.54081
2.95429
3.85785
4.20357
4.26004
4.25828
4.33996
4.30028
4.3105
4.39844
4.20258
4.18522
4.39353
4.63265
4.46102
4.88967
4.50401
4.76419
4.66818
4.70017
4.5901
3.7964
2.18325
2.34636
2.71779
2.02699
1.3113
1.05238
4.91334
3.69556
4.90716
8.10261
10.548
9.0794
6.0995
4.7391
4.82783
6.36119
8.33693
10.8865
11.9158
6.7369
1.49078
1.44842
1.74061
1.72941
1.72429
1.78563
2.00581
2.1417
2.19776
2.12627
1.84018
1.8588
2.18552
3.29543
4.9476
5.79788
5.54486
4.83972
4.60014
4.9658
6.0897
7.28811
7.33215
6.51742
4.8707
4.22728
4.18963
4.33479
3.54266
2.53791
2.51075
2.36734
2.55752
2.69267
2.55827
2.55331
2.53535
2.70427
2.71466
2.9082
3.00022
3.07801
2.8944
2.87978
2.57163
2.39084
2.12517
2.21357
2.20166
2.20743
2.08098
2.31044
2.69575
3.50047
3.83526
3.65314
3.0075
2.71557
3.77516
4.95333
2.62102
2.60691
2.66694
2.59633
2.56484
2.37747
1.93765
1.41962
1.12025
1.10677
1.13533
1.25707
1.54414
1.69122
1.80596
1.66821
1.71097
1.58006
1.64962
1.49553
1.39633
1.36413
1.47222
1.53516
1.76627
1.87586
1.87625
1.67294
1.69172
1.81941
2.00247
2.00799
1.79285
1.78083
1.92044
2.13716
2.55963
3.11795
3.55712
3.93369
4.18677
3.99259
4.11705
3.93378
4.18606
4.09094
4.17282
3.99644
3.71366
3.18111
2.52065
1.9049
1.55726
1.29425
1.59328
1.88218
2.52986
2.81837
2.87218
2.48263
1.28222
1.78572
2.12404
2.22677
2.24272
2.23406
2.21576
2.318
2.58759
2.95357
3.14712
3.19692
3.16597
3.16963
3.38657
3.35482
3.1447
3.22576
3.0672
3.18489
2.97071
2.64084
2.36394
2.10821
1.88259
1.66789
1.56917
1.52161
1.43245
1.33316
1.45644
1.52317
1.52023
1.30917
1.22062
1.32664
1.49626
1.62989
1.92879
1.96743
2.18308
2.01432
2.27002
2.50643
1.84813
1.10403
0.793888
0.741936
0.879414
1.08231
1.38908
1.44468
1.30071
1.03312
0.98536
0.972041
1.14755
1.38917
1.09976
1.07645
1.74443
2.5646
2.93694
3.4572
3.76902
4.03188
4.15653
4.52002
4.44732
4.50829
4.18105
4.08538
3.28661
2.7836
3.18538
3.57377
3.17869
2.51155
2.31989
2.28694
2.10583
1.86051
1.76265
1.77982
1.60359
1.54419
2.168
2.19197
2.11649
2.82708
3.01942
3.22213
3.27131
3.49825
3.62705
3.57215
3.35305
3.19918
2.86781
2.60203
2.68176
3.27801
3.31101
3.26767
2.83873
2.42332
1.62825
1.38888
1.21524
1.37017
1.31945
1.76445
1.7005
1.8526
1.63573
1.45138
1.36324
1.17523
1.56375
1.4516
3.62779
3.14333
2.53593
2.12306
2.15628
2.06977
1.99793
2.09854
2.19917
2.54112
2.79269
2.2215
1.17018
1.01794
1.02031
1.13218
1.20385
1.58379
1.6889
1.8831
1.61426
1.58709
1.77671
1.94144
1.83387
1.54327
1.25315
1.13287
1.39253
3.25862
2.34224
2.27451
2.43785
2.64571
2.73078
2.56949
2.61451
2.83791
3.22203
2.86712
1.9239
1.29306
0.992831
1.07614
1.17154
1.11016
0.994129
0.909124
0.853877
0.841379
0.835044
1.01202
0.880831
1.16217
1.33299
1.69473
2.27897
2.52208
2.591
2.76705
3.51398
3.51487
3.33728
3.82732
4.3173
4.47928
4.5138
4.26834
3.99979
3.37876
2.03736
1.14868
0.934738
0.931556
0.988947
1.21951
1.74909
2.50458
2.71352
2.50241
2.13598
1.86293
1.94945
2.14932
2.57626
3.0266
3.1808
2.8209
1.41945
0.951151
0.702546
1.02205
1.59448
2.90641
3.85834
4.13695
4.1751
4.2697
4.2664
4.4747
4.27111
4.38892
4.40998
4.31966
4.1868
4.54981
4.5972
4.83255
4.61819
4.8298
4.70522
4.69815
4.62993
4.11668
2.14456
1.75518
1.9251
1.63076
1.30765
1.20135
4.93142
3.62121
4.94135
9.0823
12.3665
11.3089
7.97211
5.9713
5.63097
6.39565
8.19605
10.6774
11.2099
6.59403
4.36253
1.81691
1.44734
1.93772
2.70787
2.50024
2.04309
1.96737
2.12962
2.46399
2.856
2.63105
2.18606
1.80976
2.08846
2.91326
4.45423
5.324
5.06799
4.372
4.2168
4.62629
5.7699
6.6213
6.93352
5.99166
4.95486
4.32842
4.43667
4.24111
3.34447
2.61383
3.07828
3.00195
2.48554
2.40651
2.52488
2.67404
2.68405
2.66314
2.70464
2.70865
2.84871
2.85525
3.05116
3.06932
2.96301
2.86864
2.69172
2.1272
2.08053
2.02403
2.05069
2.04651
2.08703
2.4384
2.92895
3.57898
3.75898
3.46835
2.90976
2.47603
3.08976
4.16855
3.98794
3.23878
2.77804
2.63599
2.54734
2.49799
2.43614
2.46217
2.20496
1.61496
1.13626
1.09068
1.10721
1.16996
1.29329
1.59918
1.68264
1.69975
1.73665
1.66225
1.50002
1.51499
1.57419
1.55644
1.60491
1.75683
1.86833
1.99291
1.93125
1.72929
1.66635
1.79377
1.88737
1.95042
2.0268
2.14075
1.84688
1.81026
1.93745
2.09258
2.4601
2.96901
3.53299
3.78765
4.04801
3.89427
3.81738
3.83661
3.98001
4.12336
4.26708
4.31562
3.99375
3.6048
2.97717
2.17809
1.79133
1.48544
1.71721
1.98178
2.489
2.83125
2.93364
2.52967
2.61937
1.90218
1.31075
1.67559
2.02651
2.22729
2.42393
2.61056
2.57731
2.37257
2.41327
2.60148
2.87992
2.97196
2.98589
3.02404
3.21106
3.36732
3.01871
3.0408
2.92714
2.81207
2.74108
2.51324
2.30955
2.10095
1.87293
1.7017
1.55597
1.49934
1.41561
1.36043
1.48536
1.51183
1.48576
1.53694
1.49144
1.30582
1.27891
1.39965
1.51652
1.56098
1.9311
1.86452
1.8987
2.08614
2.03905
2.38785
2.513
1.42799
0.896369
0.717956
0.768751
0.976442
1.11065
1.40777
1.1817
1.02513
0.964693
1.05423
1.55001
2.01585
2.03839
1.6413
1.27992
1.53392
1.46879
1.78311
2.41621
3.14179
3.68278
4.00347
4.39767
4.34489
4.55153
4.08345
4.0232
3.67923
3.10258
2.34525
2.79235
2.96311
2.52971
1.98967
2.10325
1.99367
2.06766
2.07717
1.81679
1.62779
1.61218
1.58558
2.10029
2.12496
2.17076
3.13919
4.15105
3.27831
2.26069
2.64512
3.00643
3.26855
3.46979
3.39527
3.22374
2.99382
2.72152
2.43092
2.69349
3.25228
3.53903
3.44491
2.80892
2.01423
1.31663
1.15854
1.04386
1.12671
1.463
1.46011
1.86695
1.68915
1.89182
1.4929
1.32492
1.22211
1.48654
1.43187
1.35588
2.80205
2.69553
2.40361
2.03584
2.06501
2.233
2.29132
2.27285
2.17243
2.29025
2.67912
2.77685
1.85856
1.05128
0.900639
0.919393
1.06391
1.15696
1.22636
1.53877
1.41717
1.62154
1.83797
2.21203
2.37928
1.95505
1.61988
1.24749
1.15115
1.39037
3.08134
4.03343
3.35968
2.2887
2.25905
2.47327
2.57578
2.37474
2.39833
2.40961
2.86672
3.29415
2.94017
1.86711
1.28952
0.996262
1.09916
1.20449
1.1771
1.07432
0.989268
0.892245
0.873835
0.894824
1.03694
1.04593
1.25808
1.57069
2.03339
2.43275
2.56269
2.56866
2.88982
3.15279
3.74534
3.35601
3.3834
3.56098
4.16143
4.56211
4.59626
4.58655
4.57649
4.26157
3.975
3.26655
1.7274
1.06377
0.992061
1.03497
1.05548
1.20281
1.7711
2.58912
2.84195
2.79148
2.79123
2.75133
2.88585
3.07473
3.25316
3.32623
2.91853
1.4165
0.994826
1.0935
0.967595
0.704832
0.99128
1.57446
2.904
3.7506
4.04483
4.20211
4.18612
4.32159
4.39654
4.33742
4.30931
4.32714
4.22196
4.13814
4.633
4.79158
4.75814
4.83016
4.8268
4.76972
4.79434
4.66032
4.42443
2.5561
1.64745
1.53063
1.48515
1.74262
4.10342
4.89022
4.96203
4.8675
3.46316
4.4725
8.98221
13.2435
13.1925
10.0265
7.76143
7.01398
7.4136
8.87778
10.7606
9.36239
5.17354
2.83814
1.94698
2.1258
4.19983
6.70768
6.33964
4.46037
2.75831
2.30185
2.88231
3.39934
3.56644
2.76383
2.04504
1.98671
2.6102
3.9476
4.97335
4.91976
4.53437
4.29375
4.53004
5.07051
5.85385
5.83171
5.42967
4.73113
4.57309
4.46229
4.13024
3.13431
2.77702
3.23776
3.12925
2.72037
2.65051
2.56563
2.83243
2.94987
2.8765
2.88762
2.88643
2.85896
2.96162
3.01575
3.18241
2.9616
2.93699
2.6984
2.11865
1.88768
1.9684
1.90457
2.14608
2.29869
2.79288
3.20986
3.64183
3.60387
3.32039
2.7673
2.4336
2.80762
3.93685
4.08067
3.42931
2.72252
2.56814
2.4202
2.22369
2.25197
2.25428
2.32507
1.97887
1.24573
1.08937
1.07232
1.11607
1.19808
1.29807
1.51543
1.64169
1.62143
1.56501
1.70456
1.64622
1.66251
1.6836
1.82541
1.89713
2.02248
2.06443
1.94327
1.75627
1.6662
1.71989
1.7953
1.83048
2.05825
2.26171
1.94413
1.87103
1.96142
2.0347
2.37892
2.79736
3.40949
3.68936
3.88844
3.75207
3.74951
3.61589
3.7153
3.87937
3.83517
3.86012
3.75946
3.24997
2.79303
2.1274
1.8529
1.70009
1.84732
2.11059
2.56044
2.84408
2.95521
2.72765
2.62434
2.49063
2.27866
1.69971
1.93171
2.25634
2.71992
3.38609
3.38637
2.88828
2.43378
2.39285
2.55956
2.76377
2.74697
2.84475
3.03757
3.20514
3.09011
2.82561
2.71869
2.69019
2.50901
2.40244
2.18396
2.05383
1.87995
1.73071
1.62181
1.51376
1.42116
1.44146
1.53076
1.52212
1.5139
1.53658
1.47513
1.33548
1.34964
1.46245
1.52929
1.55798
1.79978
1.87339
1.84124
1.97188
2.07297
2.22317
2.46291
2.27645
1.07996
0.754279
0.712914
0.849107
1.03849
1.11066
1.08453
0.99943
0.919173
1.1332
1.51819
1.99314
1.75565
2.00966
1.47314
1.51831
1.51891
2.14444
2.6714
3.37112
3.87151
4.02291
4.0398
4.21813
4.01751
3.99838
3.62392
3.70969
2.75329
2.1151
2.71998
2.86709
2.19376
1.86363
1.90637
1.96668
2.09831
2.03271
1.71896
1.62886
1.62071
1.58201
1.92514
2.21457
2.60798
3.94356
3.78497
2.91094
2.66281
2.90115
3.06339
3.34326
3.47059
3.54475
3.33186
2.98464
2.62241
2.35928
2.40685
3.3692
3.5927
3.55698
2.45325
1.89346
1.24783
1.16537
1.00687
1.24519
1.27827
1.55338
1.54196
1.78099
1.54089
1.44619
1.18568
1.3299
1.48661
1.37981
2.20018
2.78913
2.72233
2.42985
2.51384
2.74975
3.03063
3.12292
2.84343
2.54091
2.46701
2.86788
2.87876
1.96469
1.02067
0.846585
0.835021
0.955784
1.10047
1.28687
1.27905
1.68123
1.95715
2.56478
2.56067
2.50151
1.9241
1.54426
1.27211
1.20974
1.69663
3.46493
4.45665
3.28278
2.25648
2.41369
2.31357
2.27889
2.25219
2.29628
2.37973
2.91613
3.48328
3.01772
1.99739
1.3408
1.00946
1.07323
1.19547
1.25135
1.21024
1.14666
1.09491
1.04448
1.04396
1.0888
1.1651
1.61014
1.9982
2.34715
2.56037
2.53377
2.62618
3.01129
3.25846
4.16207
3.54613
3.51384
3.88802
4.38309
4.71074
4.46604
4.38498
4.37411
4.51433
4.36067
4.12805
2.99896
1.42677
1.20873
1.256
1.17102
1.0404
1.14399
1.903
2.91479
3.29812
3.32207
3.4174
3.44526
3.5449
3.64008
3.61385
3.19457
2.08614
1.11151
1.27137
1.30032
0.823531
0.900043
1.2204
2.59509
3.52403
4.02727
4.09843
4.23557
4.28531
4.28965
4.48622
4.50195
4.18287
4.39961
4.39274
4.90483
4.66092
4.97574
4.90306
4.85409
4.86097
4.87741
4.67234
4.52421
3.55767
1.95733
2.12522
2.98828
3.98146
4.91146
5.08495
5.08505
5.09646
3.38814
3.88401
7.4357
13.0312
14.0894
11.811
8.76133
7.84618
8.1922
9.72669
10.8668
9.97445
6.02092
3.34299
2.45581
3.68754
7.83451
10.8687
11.4239
9.52795
5.53695
3.07521
2.88866
3.9357
4.12398
3.48759
2.45784
1.94752
2.35014
3.34993
4.54665
5.01196
4.69318
4.39686
4.2998
4.64674
4.87544
5.06608
4.83626
4.73006
4.60563
4.62538
4.14683
3.31547
2.93982
2.93194
3.29231
3.16473
2.82448
2.43183
2.43775
2.64555
2.86399
2.92309
2.98705
3.00695
2.96527
3.05629
3.10515
3.04953
3.00899
2.88742
2.19621
1.94339
2.06717
2.14806
2.24205
2.70783
3.02045
3.41794
3.54879
3.39725
3.06345
2.58528
2.32675
2.72466
3.79555
4.16307
3.37849
2.70424
2.5678
2.30001
2.18001
2.11566
2.03595
2.19508
2.24081
1.63416
1.1139
1.06016
1.06418
1.1209
1.20034
1.31837
1.54856
1.65899
1.81331
1.69172
1.75364
1.79364
1.87101
1.95476
2.08793
2.14054
2.12444
1.9284
1.74632
1.64071
1.65076
1.68198
1.87187
2.21547
2.5036
2.18517
1.97771
2.01964
2.054
2.28399
2.67188
3.13044
3.50182
3.69149
3.63106
3.5821
3.50263
3.36883
3.43312
3.35493
3.18977
2.93519
2.68852
2.31937
2.00697
1.90133
1.8833
2.10246
2.38941
2.77071
2.94991
2.94241
2.82406
2.63977
2.53841
2.43114
1.9662
1.78156
2.22771
2.87471
4.0294
4.31575
3.786
2.99019
2.3981
2.34211
2.54523
2.5903
2.56806
2.88325
2.98784
3.0707
2.7523
2.64038
2.51491
2.38087
2.26576
2.15959
2.00401
1.89877
1.75655
1.51455
1.45045
1.48983
1.53178
1.55468
1.54151
1.54137
1.53497
1.47144
1.40121
1.42982
1.50229
1.54405
1.55827
1.83506
1.76429
2.04717
1.87608
2.11302
2.18089
2.33686
2.4622
1.5966
0.848232
0.714401
0.74881
0.880795
0.970089
0.959752
0.889041
0.854233
1.1386
1.3567
1.83647
1.70677
1.57988
1.50385
1.52699
1.96228
2.5348
2.92547
3.37994
3.72904
3.83503
3.92893
3.82135
3.83502
3.53467
3.52009
3.26587
2.64399
1.71785
2.30319
2.38036
1.95711
1.6467
1.92703
2.05474
2.33297
2.08836
1.71777
1.6345
1.617
1.64455
1.85889
2.47311
2.98833
4.01707
3.35608
2.77644
2.71177
2.92131
3.03968
3.30398
3.48327
3.4315
3.14221
2.85005
2.58694
2.15036
2.31999
3.48057
3.79865
3.64382
2.54023
1.96094
1.28996
1.22994
1.09282
1.12049
1.19242
1.34565
1.41853
1.39144
1.40085
1.12882
1.23064
1.44906
1.46413
1.36402
2.86308
2.75433
2.59982
2.61248
3.1285
4.12752
4.87382
5.09827
4.49867
3.4812
2.71838
3.01837
3.35062
2.47747
1.38656
0.883469
0.803487
0.848804
0.966166
1.07691
1.60305
1.85157
2.29741
2.24632
2.28539
1.86677
1.5785
1.36691
1.34172
1.64394
2.76975
4.13762
3.74592
2.75773
2.20302
2.38437
2.29042
2.604
2.78665
2.95589
2.61027
2.79475
3.56447
3.3091
2.2981
1.48963
1.08218
1.00718
1.13105
1.23029
1.29181
1.30867
1.30115
1.3041
1.32059
1.35177
1.49062
1.82738
2.07186
2.27768
2.30108
2.30555
2.52686
2.96254
3.39792
4.33503
3.70332
3.86106
4.0822
4.62083
4.58753
4.31109
4.2288
4.22126
4.32852
4.38437
4.44379
4.14441
2.38592
1.41906
1.65387
1.68882
1.28447
1.00453
1.00316
1.40777
2.76591
3.42375
3.70807
3.83563
3.94146
4.00636
3.93804
3.77551
3.28529
2.00891
2.02585
1.55935
0.988688
0.850559
0.949534
2.11915
3.26213
3.91929
4.01592
4.14421
4.41737
4.42692
4.48495
4.39951
4.60775
4.59827
4.87586
4.69571
4.94917
5.05053
4.98145
4.91667
5.00582
4.91205
4.7324
4.52126
4.14475
2.69114
3.02543
4.03376
4.68486
4.91431
4.87776
5.02763
5.34001
3.34687
3.26106
5.25423
10.6764
14.2808
13.7646
10.2414
7.78327
7.32828
8.73897
10.709
10.998
9.29652
6.15998
3.71123
4.37114
8.55284
11.0489
11.6645
9.93685
6.93563
3.67227
3.16339
3.81331
4.21615
3.98897
2.85731
2.08082
2.1837
2.80516
3.97513
4.82979
4.98241
4.73382
4.63569
4.50535
4.65633
4.63293
4.7595
4.71883
4.82113
4.76024
4.39454
3.86246
3.25017
3.04865
3.12382
3.65555
3.38062
2.88452
2.45957
2.28722
2.32674
2.53951
2.69752
2.83086
2.8943
2.89518
3.06762
2.9748
3.07342
3.08769
2.43597
1.8701
1.96581
2.11611
2.42474
2.65541
3.08291
3.16537
3.18294
2.97318
2.61396
2.27686
2.26306
2.87111
3.99551
4.14977
3.37638
2.83737
2.54439
2.34881
2.3625
2.13095
2.02652
1.97905
2.29528
2.15737
1.32215
1.07801
1.04767
1.05837
1.10517
1.17598
1.2527
1.47516
1.56651
1.74558
1.82507
1.92032
1.96873
2.09688
2.13292
2.15395
2.04323
1.8662
1.74485
1.59599
1.54555
1.60738
1.82248
2.304
2.64873
2.47237
2.0746
2.11651
2.0942
2.18177
2.49205
2.81677
3.10551
3.35543
3.39284
3.41925
3.35539
3.37623
3.1625
3.07166
2.88121
2.54141
2.36382
2.24708
2.0849
2.15059
2.24838
2.54711
2.71694
2.83412
2.70268
2.5893
2.40494
2.37106
2.22336
2.14038
1.85984
1.72393
2.09128
2.80425
4.19108
4.60405
4.36811
3.68869
2.77977
2.29929
2.40127
2.43787
2.34625
2.57984
2.75988
3.00778
2.77159
2.66157
2.45677
2.32276
2.21377
2.14186
2.0171
1.80746
1.59568
1.47017
1.51024
1.55275
1.56791
1.57722
1.57043
1.56622
1.54875
1.51463
1.47883
1.51417
1.53271
1.55826
1.56322
1.86121
1.89087
2.03023
1.92644
2.29223
2.01222
2.30757
2.49861
2.13443
1.19785
0.821764
0.722724
0.752735
0.786379
0.78116
0.765964
0.859732
1.15533
1.196
1.58287
1.68848
1.80913
1.81302
2.08919
2.53445
2.8013
3.06407
3.38458
3.578
3.66982
3.6828
3.58508
3.3417
3.37653
3.2647
3.21252
2.27536
1.65962
2.37494
2.48293
1.90188
1.60072
1.92217
2.16593
2.33367
2.3304
1.61014
1.59539
1.53764
1.67219
2.13852
2.75173
3.53666
3.80374
3.09001
2.80689
2.94785
3.12357
3.27452
3.48569
3.5642
3.62502
3.34966
2.99888
2.58527
2.04133
2.20014
3.5089
4.054
3.76924
2.85252
2.18772
1.33163
1.32394
1.27016
1.13792
1.01912
0.972037
0.983351
1.04287
1.15068
1.3213
1.43906
1.45989
1.46782
2.28428
3.19252
2.88092
2.87371
3.6121
4.79814
6.02322
6.48435
6.79174
6.75034
5.27404
3.24177
3.20649
3.68595
3.37184
2.29364
1.60093
1.07798
1.07384
1.0385
1.34528
1.43536
1.76044
1.67873
1.86503
1.61503
1.62496
1.50961
1.65969
2.11909
3.07683
3.83424
3.75466
2.89749
2.47047
2.31067
2.51257
3.13437
4.09783
4.66082
4.37259
3.21521
2.77985
3.70738
3.66902
2.77669
1.83908
1.31362
0.964026
1.01213
1.09728
1.18114
1.25423
1.28528
1.34084
1.35847
1.38214
1.38841
1.39775
1.64822
1.74638
1.90623
2.14921
2.55934
3.08012
3.99627
4.52449
3.9797
4.11627
4.44106
4.77822
4.74848
4.40455
4.41779
4.34154
4.3988
4.47639
4.56903
4.71039
3.68785
1.67994
2.05878
2.63144
2.37494
1.55465
1.10099
0.916155
1.02366
1.82712
2.88708
3.47481
3.83708
3.92227
3.93826
3.89633
3.71257
3.21045
2.52754
1.20372
0.903963
0.826207
0.901654
1.58956
2.89109
3.66973
4.07088
4.11739
4.17204
4.36494
4.4144
4.65311
4.6962
4.9156
4.74867
5.09898
5.11853
5.05162
4.98394
5.00599
5.0321
4.96443
4.70394
4.53434
4.40843
3.48423
3.40104
4.16667
4.65431
4.58414
4.69324
4.92797
5.91145
3.52381
2.98144
3.49066
6.18955
11.369
14.0219
12.888
9.47661
6.92581
6.59088
7.70486
9.76218
10.0681
9.64011
7.38741
5.56799
7.68479
9.78104
9.2713
7.42041
4.9281
3.5356
3.06081
3.76927
3.99305
3.97558
3.37604
2.26214
2.14765
2.40416
3.05984
3.96838
4.62242
4.92738
4.90814
4.91196
4.84161
4.92849
4.92279
4.98497
4.98115
4.87979
4.75297
4.32946
3.90185
3.39466
2.98644
3.37797
3.28013
2.97129
2.59917
2.3249
2.22669
2.3057
2.57721
2.77717
2.84762
2.78445
2.89081
2.94456
2.93503
3.26382
2.87177
2.18483
1.9618
2.04069
2.21456
2.41088
2.53051
2.6291
2.48614
2.34485
2.17931
2.17427
2.42338
3.35469
4.13247
4.14372
3.42074
2.97322
2.59703
2.58221
2.46431
2.41018
2.16611
1.85937
2.10116
2.48446
1.94105
1.16784
1.07362
1.05166
1.05435
1.08252
1.13343
1.19455
1.24818
1.40637
1.62651
1.7328
1.87936
1.9744
1.99482
1.98757
1.87808
1.76319
1.60978
1.46121
1.48813
1.59474
1.83891
2.34838
2.66084
2.74161
2.36815
2.25347
2.25443
2.16172
2.26733
2.45295
2.60009
2.73789
2.84467
2.92885
3.0528
3.08714
3.17442
2.93126
2.85918
2.60127
2.43233
2.35208
2.34933
2.37047
2.44663
2.46244
2.36949
2.07199
1.76076
1.53926
1.5098
1.63017
1.63954
1.60181
1.64413
1.67304
2.11441
2.70227
3.72858
4.28779
4.24022
3.81444
3.16962
2.39798
2.26501
2.38835
2.15374
2.244
2.43895
2.72642
2.72661
2.62652
2.38905
2.32974
2.21878
2.06774
1.91298
1.64775
1.47074
1.51719
1.55308
1.58133
1.58567
1.60308
1.6
1.60043
1.59381
1.58094
1.56023
1.57312
1.56704
1.57962
1.71683
1.94298
1.93101
2.13105
1.97585
2.29246
2.00125
2.29791
2.42504
2.52432
1.48397
1.18602
0.845913
0.71781
0.706544
0.717431
0.747571
1.00676
1.20887
1.20524
1.30177
1.44154
1.85656
2.20509
2.50691
2.82
2.96435
3.14623
3.30161
3.37218
3.34308
3.28013
3.16164
3.15791
3.12263
3.19699
2.88784
1.99639
1.39722
2.24648
2.37161
1.99313
1.56446
1.85357
2.22597
2.34081
2.50089
1.9264
1.47809
1.87488
1.92687
2.57893
3.23282
3.86333
3.5725
3.10313
2.97657
3.15209
3.23866
3.33389
3.51338
3.61707
3.54585
3.29741
2.95851
2.52104
1.92841
2.03026
3.39786
4.2852
4.00546
3.35836
2.67529
1.57757
1.3757
1.41992
1.41008
1.39044
1.38063
1.37429
1.40642
1.44101
1.46164
1.44389
1.75157
2.48504
3.22293
3.44456
3.25042
3.65477
4.75732
5.94115
6.70662
7.48441
7.682
8.04125
6.95748
4.45891
3.30767
3.99391
4.14437
3.76181
2.79801
2.25676
1.71366
1.73647
1.60926
1.84228
1.69131
1.81111
1.75041
1.9097
1.98769
2.4378
3.00178
3.68967
3.93752
3.54201
3.06406
2.58883
2.58433
2.88302
3.51105
4.59894
5.69164
5.82012
5.41701
4.21332
2.89411
3.6989
4.08977
3.52589
2.64134
1.80425
1.3563
1.02697
0.997211
1.03506
1.0748
1.12675
1.16251
1.19435
1.21759
1.22837
1.2411
1.46995
1.77574
2.28428
2.7941
3.34093
3.94655
4.56766
4.55455
4.23588
4.48321
4.7214
4.92426
4.92058
4.59397
4.62666
4.50051
4.55918
4.63044
4.74536
4.94532
4.70105
2.13028
2.13396
3.0854
3.2588
3.00229
2.18233
1.32907
1.09634
1.00467
1.14868
1.62657
2.31311
2.77964
2.94755
2.95026
2.7275
2.33504
1.14778
0.941818
0.815078
0.825559
0.990567
1.57317
2.68161
3.36207
3.87776
4.12359
4.25276
4.24274
4.47392
4.48924
4.70416
4.69763
5.02917
5.02767
4.99704
4.96997
5.02665
5.09522
5.07368
4.95025
4.70106
4.46757
4.4932
4.11774
3.76233
3.88189
4.32566
4.30095
4.50391
4.81001
6.60628
4.03714
3.02907
2.80313
3.37091
5.26695
8.66334
10.5112
10.0726
7.82915
5.85922
5.20317
5.67859
6.97226
6.91879
6.84664
6.45098
7.01414
6.49611
4.9943
3.76842
3.12049
2.95822
3.17777
3.73692
3.53628
3.83325
3.54702
2.57431
2.21721
2.2789
2.46576
2.86396
3.37207
3.84391
4.29574
4.47959
4.69621
4.71
4.79342
4.7644
4.65407
4.56043
4.31186
4.20864
3.92834
3.59906
3.28851
3.14242
2.99826
2.85638
2.62615
2.4431
2.28032
2.35297
2.60665
2.8897
2.84313
2.63323
2.70529
2.82776
2.8514
3.22086
3.35705
2.80499
2.27196
2.08735
2.12797
2.13873
2.21694
2.19083
2.23331
2.22696
2.3097
2.53945
3.10565
3.82058
4.1956
3.96262
3.46135
3.1261
2.79593
2.78293
2.5355
2.58717
2.1917
1.87197
1.88303
2.506
2.52691
1.83852
1.30443
1.10693
1.08192
1.07189
1.07967
1.09954
1.12471
1.15694
1.18551
1.20402
1.21644
1.36742
1.39025
1.42175
1.41854
1.38777
1.34903
1.37341
1.54921
1.62825
1.95467
2.3215
2.51871
2.84083
2.74844
2.36455
2.41219
2.27099
2.13498
2.11172
2.08385
2.1229
2.07701
2.15178
2.20859
2.31499
2.45673
2.34804
2.27309
2.2105
2.02162
2.01418
1.89568
1.85018
1.63974
1.47119
1.27019
1.29728
1.33456
1.35387
1.33787
1.33037
1.31668
1.42334
1.48991
1.79182
2.27995
2.6604
3.26695
3.59449
3.65949
3.54412
3.34743
2.51228
2.20604
2.31384
2.11149
1.93107
2.04166
2.2917
2.36381
2.4572
2.27249
2.19523
2.04555
1.89372
1.63352
1.48885
1.52715
1.56844
1.59491
1.60197
1.6115
1.62509
1.63031
1.63971
1.64237
1.63908
1.61775
1.62836
1.59419
1.60486
1.79268
2.00344
1.99992
2.07302
2.09753
2.0952
2.07699
2.215
2.41596
2.73881
1.70692
1.40249
1.15068
0.878467
0.759375
0.886428
1.08621
1.11485
1.19558
1.26346
1.32632
1.35314
1.55356
1.93595
2.26223
2.54331
2.76666
2.94324
3.00073
3.00526
2.97551
2.94508
2.91171
2.97505
3.05047
2.92675
2.54793
1.58804
1.26731
2.11633
2.42325
2.1001
1.67319
1.62891
2.13038
2.32788
2.55912
2.08919
2.25623
2.4
2.44941
3.05932
3.46778
3.56742
3.304
3.21475
3.27199
3.4633
3.52719
3.58895
3.65897
3.60226
3.54742
3.3476
2.97805
2.4829
1.85279
1.89541
2.99184
4.24517
4.36644
3.9303
3.34813
2.40769
1.76886
1.40943
1.424
1.45809
1.45091
1.46361
1.44562
1.45508
1.87157
2.37245
2.97883
3.52535
3.82339
3.88883
3.99534
4.76953
5.95175
6.80544
7.09148
8.22796
8.2778
8.33257
7.85889
5.46219
3.53903
4.05704
4.80576
4.75534
4.73537
4.28722
4.07655
3.68032
3.54579
3.18435
3.25091
2.89026
3.29214
3.35474
3.8383
3.98596
4.16647
4.04247
3.69116
3.30511
3.06698
3.08593
3.41616
3.97743
4.85433
5.70284
6.12451
6.20382
5.73437
5.26446
3.06397
3.42044
4.4864
4.23684
3.65769
3.06435
2.41664
1.93033
1.55493
1.36314
1.17896
1.19393
1.19946
1.23346
1.25739
1.5969
1.85202
2.51498
3.04218
3.61612
4.05046
4.36342
4.58936
4.61125
4.57554
4.59982
4.88786
4.99775
5.01667
4.9276
4.69188
4.63779
4.63415
4.68024
4.80545
4.94395
5.15514
5.06393
2.8821
2.04626
3.02021
3.57458
3.65626
3.47418
3.01836
2.21234
1.44186
1.22744
1.21356
1.24275
1.32027
1.39653
1.38419
1.32626
1.19333
1.09102
0.970363
0.937093
1.06925
1.57621
2.3258
2.90547
3.33787
3.65764
3.9422
4.09787
4.25812
4.26439
4.42635
4.46637
4.73248
4.80905
4.90138
4.9143
5.01536
5.08503
5.13531
5.11038
4.84082
4.62748
4.45354
4.45841
4.29991
4.24382
3.91565
4.04996
4.17208
4.40684
4.79559
7.3845
4.95039
3.4924
2.87335
2.70326
2.72859
3.2696
4.00022
4.68853
4.7322
4.41437
4.03966
3.70525
3.81249
3.52654
3.39744
4.0168
3.84312
3.34457
2.75264
2.8227
2.73036
3.05944
3.3413
3.44273
3.39021
3.87734
3.57353
2.7692
2.53303
2.42048
2.36495
2.44454
2.55814
2.72891
2.95991
3.13362
3.40995
3.4506
3.63487
3.53807
3.59292
3.4619
3.49921
3.49948
3.61366
3.47475
3.37328
3.23745
3.1019
2.93518
2.75934
2.61846
2.5959
2.70414
2.8871
2.96988
2.85971
2.48226
2.49508
2.69333
2.72989
2.94968
3.55559
3.59064
3.18229
2.85644
2.69783
2.62435
2.58073
2.62767
2.63005
2.75192
2.86306
3.14879
3.41909
3.5522
3.53635
3.43867
3.28519
3.14371
2.99583
2.83066
2.65999
2.44033
2.06918
1.77391
1.88053
2.37688
2.81796
2.56197
2.11982
1.82064
1.60096
1.39529
1.18601
1.14611
1.14556
1.1499
1.1551
1.16309
1.16021
1.16203
1.15947
1.21131
1.26902
1.32926
1.40124
1.46778
1.60901
1.80757
2.11845
2.28859
2.45201
2.83378
3.00679
2.58605
2.54546
2.46635
2.25102
2.05521
1.89357
1.78473
1.61637
1.56592
1.55056
1.51286
1.50046
1.40771
1.28576
1.28062
1.28893
1.28781
1.29545
1.30401
1.32167
1.34825
1.38459
1.41554
1.43914
1.44356
1.44322
1.54426
1.48627
1.718
1.83096
2.23475
2.54121
2.8938
3.1026
3.20582
3.25361
3.25987
3.24737
2.56294
2.12972
2.2425
2.11459
1.82649
1.7008
1.82982
1.81802
1.90571
1.82917
1.71956
1.64161
1.50279
1.52614
1.55924
1.58988
1.60248
1.62574
1.62513
1.63928
1.64549
1.64855
1.66
1.65729
1.66755
1.6435
1.65741
1.62068
1.62623
1.72416
1.94023
1.95315
1.93457
2.04746
1.91952
2.14122
2.15858
2.43518
2.84
1.99918
1.51014
1.40984
1.33177
1.30116
1.31722
1.33866
1.10086
1.12479
1.22829
1.3511
1.45665
1.66375
1.8602
2.08174
2.32932
2.52613
2.68122
2.75378
2.78295
2.79594
2.84442
2.8751
2.89337
2.77587
2.49751
1.98251
1.31942
1.14844
1.80992
2.45733
2.21845
1.90624
1.52093
1.82846
2.08926
2.21244
2.11475
2.09566
2.19981
2.38877
2.62207
2.82768
2.9599
3.12013
3.37086
3.58145
3.74491
3.76472
3.73022
3.69441
3.63619
3.4597
3.17399
2.89651
2.3364
1.89312
1.88518
2.32951
3.5154
4.61516
4.64959
4.16516
3.47697
2.76872
2.00696
1.92637
1.91474
2.15093
2.18576
2.7406
2.88962
3.34266
3.73006
4.14706
4.4357
4.65204
4.87834
5.23964
5.93561
6.73153
7.39557
7.88243
8.60524
8.54679
8.56038
8.11779
5.3615
3.55687
4.14806
4.76504
5.4685
5.46408
5.55895
5.58542
5.69069
5.62122
5.53896
5.00414
4.98723
4.6542
4.76476
4.52703
4.47269
4.21563
4.02095
3.84821
3.78517
3.85648
4.09531
4.49676
5.03151
5.60736
5.96354
6.07249
6.2042
5.93076
5.62462
3.12747
2.86659
4.44067
4.81958
4.46102
4.10492
3.79419
3.42907
3.2186
2.92875
2.554
2.31839
2.20471
2.50922
2.53462
3.12111
3.27122
3.72696
3.92292
4.13029
4.26406
4.39713
4.53087
4.64613
4.89133
5.15114
5.31359
5.27445
5.08771
4.82943
4.57799
4.50809
4.4912
4.70528
4.89745
5.17477
5.39424
5.13396
3.44477
2.01752
2.4898
3.29846
3.73753
3.92054
3.88068
3.75507
3.46067
3.01497
2.58717
2.36492
2.30798
2.35639
2.4149
2.48737
2.53262
2.68242
2.54192
2.70604
3.01821
3.28303
3.42213
3.54381
3.63882
3.79984
3.91953
4.07963
4.12905
4.25203
4.26565
4.47598
4.54279
4.73694
4.82157
4.98472
5.07411
5.20114
5.22835
5.01375
4.71023
4.54502
4.40639
4.4058
4.2539
4.38632
4.24583
4.32277
4.3091
4.3548
4.7507
7.88523
6.04614
4.20867
3.28523
2.80073
2.4831
2.4524
2.36484
2.46671
2.45911
2.47982
2.58783
2.49905
2.62441
2.51189
2.53208
2.66351
2.5313
2.61437
2.64062
2.60074
2.91412
3.03416
3.07386
3.21766
3.33769
4.01442
3.52227
2.86982
2.7738
2.80686
2.57581
2.65444
2.55324
2.60502
2.68694
2.66003
2.82731
2.78302
2.90155
3.01466
2.9654
3.16652
3.13365
3.32461
3.35258
3.46771
3.44855
3.50468
3.45972
3.41133
3.31356
3.25223
3.19045
3.19067
3.12394
3.0604
2.77274
2.33868
2.3674
2.59921
2.68308
2.72188
3.18176
3.70036
3.74548
3.5818
3.47307
3.28596
3.21179
3.01267
2.9869
2.79823
2.77252
2.56207
2.49045
2.40004
2.39402
2.45567
2.49865
2.51517
2.56558
2.37609
2.15079
2.1046
1.76362
1.75581
1.89377
2.3911
2.74896
2.90831
2.66526
2.50703
2.4067
2.34321
2.25529
2.13533
1.98261
1.98814
1.8138
1.98589
1.8073
2.00294
2.01037
2.06077
2.13592
2.20718
2.23463
2.27486
2.35658
2.44834
2.55576
2.64015
2.78749
3.05486
3.15809
2.72703
2.5211
2.57903
2.41455
2.26785
2.05287
1.94421
1.73784
1.74166
1.61705
1.66403
1.46768
1.48431
1.39886
1.40536
1.40752
1.40541
1.41676
1.42156
1.43435
1.44078
1.45521
1.45965
1.47146
1.57515
1.63027
1.80073
1.91332
2.09242
2.39905
2.55911
2.8284
2.87752
2.98759
2.94912
3.00755
3.08086
3.11111
2.42509
2.03829
2.1112
2.131
1.83499
1.62293
1.54746
1.55231
1.54903
1.55728
1.55495
1.56127
1.5671
1.57996
1.58507
1.60372
1.6076
1.6253
1.62519
1.64458
1.64144
1.65175
1.65607
1.65311
1.6638
1.64076
1.65789
1.61911
1.62803
1.59815
1.70297
1.65562
1.77111
1.89118
1.76009
2.06275
2.14485
2.39413
2.81712
2.4843
1.56274
1.58525
1.58316
1.58853
1.43278
1.43919
1.03592
1.10017
0.977435
1.08307
1.21826
1.31421
1.55555
1.83535
2.06348
2.24841
2.36864
2.42289
2.43753
2.43596
2.39451
2.36166
2.26124
2.12647
1.86638
1.54623
1.17844
1.10957
1.30613
2.20951
2.4594
2.17618
1.70853
1.45391
1.88695
1.86156
1.61791
1.70278
1.61023
1.73022
1.88065
2.31175
2.67952
3.09937
3.53162
3.89341
3.95173
3.84273
3.75555
3.58918
3.36453
3.25273
3.08972
2.7851
2.08286
1.83851
1.81841
1.84343
2.18988
3.85376
5.62024
5.12033
4.61075
3.97219
2.62277
3.42866
3.08023
3.7614
3.68348
4.37545
4.46572
4.79366
5.04056
5.33765
5.69779
6.06373
6.45797
6.7019
6.88803
6.96639
7.13602
7.44798
7.16436
8.61275
8.81628
8.01548
4.0092
3.8308
4.28477
4.65909
5.17904
6.33255
6.25373
6.36388
6.32742
6.26486
5.76338
5.7351
4.92743
5.24192
4.65525
4.8668
4.51353
4.53242
4.57905
4.70721
4.86316
4.9424
5.00119
5.07279
5.11286
5.13786
5.47491
5.21509
5.63076
6.16239
5.40323
2.71886
2.15275
3.38714
5.32891
5.2527
4.82354
4.47583
4.37576
3.71752
3.9772
2.83266
3.3893
2.76298
3.29458
3.06604
3.61967
3.60567
3.88074
4.0133
4.18816
4.33553
4.54213
4.79631
5.12591
5.5379
5.77949
5.64292
5.3981
5.03652
4.67379
4.38053
4.21435
4.53202
4.8642
5.27945
5.60769
5.51181
4.79306
3.69849
2.33634
1.96795
2.60685
3.17494
3.63926
3.97677
4.01885
4.04885
4.05743
4.06016
4.03877
4.04719
4.04164
4.02315
4.01882
3.88013
3.95153
3.72438
3.83239
3.78265
3.84224
3.89402
3.92678
4.00847
4.02664
4.11696
4.12875
4.2487
4.23125
4.45435
4.36352
4.65914
4.7321
4.98739
5.09283
5.22471
5.34218
5.16077
4.75233
4.51792
4.55202
4.39329
4.40628
4.26417
4.33158
4.24733
4.32374
4.33315
4.41994
4.71926
17.702
17.0285
16.5026
16.1915
16.0824
16.13
16.1966
16.0509
15.8225
15.5182
16.4923
17.1862
8.42186
1.64927
1.89844
2.53512
2.28233
1.93248
1.68895
1.51595
1.44412
1.41151
1.42543
1.41552
1.53413
1.55633
1.65213
1.7208
1.84029
1.85826
1.92721
1.91872
1.95164
1.93839
1.9874
2.05302
2.2705
2.726
3.65001
3.15639
2.10036
1.71133
1.74325
1.91326
2.5339
2.06652
1.82568
1.87305
1.96913
2.10006
2.24531
2.31949
2.44817
2.47838
2.53542
2.56722
2.57852
2.5998
2.53542
2.52156
2.61448
2.48144
2.77641
2.61619
3.37044
3.36595
4.29579
4.54464
6.24373
7.72203
7.35492
5.29182
3.63357
2.6736
1.41691
1.64925
1.97998
2.34427
2.56481
2.83807
2.8971
2.99725
3.00433
2.94362
2.80003
2.62213
2.38106
2.20907
2.02296
1.88551
1.83468
1.5536
1.57267
1.36807
1.56132
1.62568
1.86152
1.97033
1.44421
1.47929
1.59547
1.63115
1.67167
1.67958
2.12784
1.53365
1.58428
1.70592
1.77985
1.76817
1.6763
1.59019
1.43923
1.45106
1.38256
1.35919
1.37598
1.3553
1.34836
1.33703
1.29631
1.25189
1.21764
1.17118
1.12964
1.09483
1.27759
1.77939
1.91257
1.67884
1.58481
1.68736
1.69858
1.79267
1.08175
1.37391
1.69111
1.65282
1.71832
1.65491
1.77612
1.73106
1.83088
1.84717
1.83577
1.8937
1.86102
1.81783
1.85839
1.75485
1.6434
1.65128
1.43262
1.42949
1.43221
1.42586
1.41613
1.40201
1.37486
1.34636
1.32234
1.30728
1.23598
1.11445
1.24331
1.2165
1.24742
1.39407
1.52774
1.56718
1.52598
1.5026
1.39248
1.34106
1.30929
1.51063
1.61759
1.62438
1.65291
1.62833
1.60548
1.51155
1.58001
1.53996
1.57523
1.56652
1.56669
1.56013
1.61045
1.59019
1.65987
1.70427
1.82207
1.02731
2.26281
2.10363
2.95548
4.53664
3.99427
3.65656
3.34819
3.29433
3.04863
3.01588
2.97839
3.02071
3.00217
3.03484
3.14967
3.21017
3.3119
3.46637
3.62963
3.77392
3.88287
3.95629
3.96291
3.93893
3.62822
3.78438
3.38969
3.31255
3.63624
3.98032
2.11741
2.29448
4.33855
4.81455
4.63087
4.52454
4.41281
4.40036
4.21015
4.12964
3.96715
3.7596
3.53983
3.37435
2.96643
2.99763
2.59475
2.69558
2.55627
2.51406
2.88623
3.04811
3.10536
3.6102
3.71381
3.65105
3.61534
3.38789
3.15765
1.89129
3.37811
5.63057
6.05842
5.43089
4.89838
4.69096
4.28142
3.98992
3.94042
3.47449
3.35415
2.97741
2.84775
2.38738
2.19715
2.17006
1.9195
1.9974
1.8488
2.08564
1.83309
2.46567
2.749
2.92493
3.51124
4.06629
4.21565
4.71452
5.85619
6.31697
1.11988
3.6368
3.65559
3.50998
3.44549
3.36819
3.41503
3.38444
3.45905
3.54273
3.56113
3.53404
3.4524
3.33849
3.25699
3.00724
2.82444
2.84182
2.33232
2.01086
1.99415
2.18532
2.47709
2.93095
3.30891
3.2845
3.10198
3.10189
2.83876
2.55776
0.630433
1.74027
3.65316
3.948
3.81064
3.73846
3.50762
3.31628
3.09455
2.91474
2.71549
2.56807
2.3867
2.27035
2.12336
2.02657
1.95659
1.81654
1.76977
1.59682
1.6757
1.78961
1.76902
2.19443
2.5283
2.98126
2.82264
1.27429
1.00853
1.03738
0.465012
0.654614
0.900152
0.949383
0.938903
1.33281
2.25815
2.71762
2.92512
3.11181
3.20421
3.32812
3.49566
3.45727
3.84513
3.73691
3.98425
3.88119
3.93867
3.67301
3.47871
3.33029
2.95012
2.9572
2.40154
1.71223
1.35988
1.06545
1.04798
1.10249
13.2884
11.8588
10.4194
9.66623
9.43635
10.1876
11.4978
13.0145
14.0065
14.3879
14.8777
16.3601
11.9847
2.9499
1.88986
2.33182
1.57547
1.28097
1.17768
1.17957
1.20614
1.31133
1.41763
1.56795
1.76695
1.83206
2.02947
2.0826
2.21142
2.31051
2.37381
2.40354
2.37696
2.33205
2.24509
2.22928
2.26561
2.46816
3.18847
3.56496
3.11197
2.38497
1.95292
1.81357
2.48191
1.76579
1.59027
1.83667
2.0396
2.16307
2.22011
2.24684
2.23169
2.22226
2.22705
2.26332
2.29342
2.33074
2.32442
2.31047
2.35693
2.21483
2.2667
2.28797
2.62861
2.92105
3.65535
4.20997
5.24539
6.78487
8.167
8.30014
6.31769
3.28456
1.59112
2.1586
2.81123
2.90719
3.09657
3.10674
3.19664
3.02848
2.84645
2.62835
2.40228
2.15584
1.95572
1.75628
1.63865
1.4991
1.45523
1.32493
1.29565
1.21957
1.30852
1.42612
1.6613
1.86947
1.66851
1.39119
1.41537
1.67932
1.74698
1.76103
1.85013
1.36185
1.55256
1.74669
1.81453
1.76764
1.7106
1.61573
1.48256
1.40521
1.22856
1.23941
1.31074
1.36314
1.42509
1.41538
1.44239
1.41513
1.37878
1.30361
1.21866
1.14103
1.09852
1.41629
1.87653
1.93497
1.84819
1.88994
2.02765
1.9798
1.15093
1.37683
1.74418
1.57053
1.69716
1.89961
2.01975
2.09165
2.14498
2.12734
2.20875
2.21229
2.3473
2.35753
2.30372
2.33032
2.20408
2.01193
1.98949
1.68294
1.60205
1.51101
1.50946
1.48585
1.45157
1.40379
1.35613
1.33006
1.29666
1.2147
1.26737
1.2232
1.31252
1.50104
1.56944
1.53516
1.44769
1.27132
1.14123
1.11283
1.28769
1.55441
1.83355
1.83537
1.64179
1.41965
1.22383
1.19856
1.11737
1.16837
1.25134
1.38048
1.4828
1.56069
1.58547
1.5905
1.53136
1.58566
1.67646
1.08858
2.23904
2.69643
3.90246
4.11709
3.48463
3.15266
2.97624
2.76708
2.65019
2.53413
2.465
2.33484
2.29742
2.24981
2.24442
2.40416
2.52756
2.80544
3.06071
3.31564
3.53449
3.61638
3.59596
3.30241
3.28662
2.856
2.77504
2.93535
3.16698
3.90284
2.412
3.60705
4.54851
4.56155
4.29445
4.11907
3.92513
3.79687
3.77782
3.64698
3.66041
3.55366
3.4452
3.32772
2.93379
2.94094
2.5717
2.58141
2.44212
2.62525
2.34702
2.73602
3.02041
3.06115
3.27577
3.41999
3.33565
3.27544
3.17218
2.10329
4.52242
5.49485
4.94216
4.25117
3.99125
3.6516
3.56676
3.27416
2.95272
2.59624
2.17368
1.67938
1.61603
1.42662
1.38641
1.34817
1.32449
1.30674
1.30255
1.3163
1.34385
1.36002
1.47215
1.99919
2.64637
3.16108
3.61317
3.88746
4.79585
5.88557
1.58134
3.60638
3.39554
3.11123
3.09841
3.13661
3.17829
3.27649
3.24976
3.18152
3.10765
2.96486
2.79522
2.58568
2.26842
2.06029
1.99823
1.64907
1.47015
1.37347
1.25631
1.38625
1.80316
2.30751
2.81904
3.16286
3.19648
3.12828
3.04828
2.81982
1.14618
3.13516
3.8235
3.67665
3.33773
2.91497
2.62045
2.49212
2.4066
2.36543
2.3408
2.3332
2.31613
2.26874
2.20617
2.06743
1.98928
1.66983
1.56069
1.31101
1.29722
1.31995
1.45785
1.80873
2.10134
2.8553
3.00098
2.15809
1.16861
1.01499
0.526419
0.810828
0.947277
0.979734
1.24954
2.2621
3.07449
3.53494
3.71167
3.83246
3.98198
4.00206
4.103
4.18803
4.21212
4.50012
4.50463
4.59915
4.71323
4.70206
4.66492
4.69198
4.57136
4.72465
4.50547
4.21063
2.72719
1.44609
1.0591
1.09469
8.95747
7.14053
5.73949
5.04488
4.88722
5.17575
6.23848
8.42429
11.096
12.7364
13.4266
14.8871
13.3725
4.28077
1.82553
1.86757
1.17169
1.17729
1.31169
1.50877
1.69694
1.91579
2.01374
2.16558
2.21304
2.20693
2.24915
2.28859
2.38634
2.53006
2.75431
2.93889
3.16253
3.23453
3.17179
2.91679
2.63536
2.56682
2.87509
3.50553
3.67723
3.24825
2.38801
1.96395
2.29486
1.69367
1.85392
2.19066
2.20287
2.04089
1.90469
1.85131
1.88188
2.0143
2.22907
2.48729
2.71402
2.87042
2.89487
2.88457
2.9064
2.69311
2.56417
2.305
2.4297
2.56666
3.23506
3.90016
4.74682
5.95609
6.85559
7.81439
7.72855
4.23752
1.85972
2.70398
2.85101
3.04562
3.09375
2.97943
2.69439
2.37019
2.05801
1.85197
1.71994
1.62162
1.52241
1.4252
1.34927
1.24259
1.16517
1.0845
1.09207
1.10066
1.1156
1.25867
1.46372
1.65616
1.74849
1.50876
1.32907
1.52004
1.76153
1.79286
1.27186
1.32191
1.65658
1.80284
1.79009
1.79874
1.88337
1.96088
1.93617
1.90886
1.64091
1.49849
1.06618
1.1509
1.28446
1.36098
1.4423
1.44127
1.4378
1.39729
1.32009
1.21603
1.12094
1.1437
1.67616
2.0931
2.07304
2.10424
2.19529
2.17714
1.20621
1.49692
1.69289
1.82694
2.14603
2.17227
2.20942
2.21118
2.2437
2.40602
2.57165
2.77142
2.84471
2.93616
3.00433
2.83914
2.80367
2.64795
2.40417
2.16961
2.02839
1.74711
1.6309
1.53506
1.51583
1.47886
1.42507
1.37538
1.33975
1.26932
1.3064
1.2607
1.43211
1.56525
1.54272
1.43567
1.22433
1.10683
1.16221
1.32774
1.90171
2.37536
2.05833
1.51942
1.13778
1.04699
1.02617
1.04834
1.06769
1.07675
1.07083
1.07334
1.30628
1.4785
1.57507
1.5548
1.48277
1.43032
1.54803
1.10881
2.38465
3.56636
4.01267
3.65564
3.3203
3.32796
3.36265
3.39188
3.27679
3.12755
2.85923
2.68492
2.48133
2.40959
2.49081
2.74949
3.05017
3.54867
3.92853
4.14116
4.24263
4.14607
4.02794
3.70164
3.11534
2.74185
2.41747
2.38698
2.73977
3.55402
2.71335
4.189
4.42053
4.20815
4.00291
3.76555
3.66456
3.51037
3.47974
3.45827
3.45551
3.58239
3.31169
3.23256
2.76069
2.70843
2.17128
2.16861
1.92085
1.93045
1.87585
1.64655
1.90029
2.02245
1.95812
2.25733
2.74788
2.99635
3.08108
2.24579
4.74995
4.81236
3.97878
3.56039
3.21174
3.03482
3.0231
2.59357
2.3753
1.82699
1.65569
1.33769
1.25168
1.25263
1.17037
1.1456
1.10566
1.0678
1.02462
0.990012
0.963349
1.02119
1.0556
1.34348
1.75472
2.22073
2.61473
3.02275
3.76332
5.22461
2.06486
3.24655
2.70887
2.56769
2.7859
3.00011
3.10732
3.15163
3.08927
3.01127
2.93584
2.80115
2.49549
2.06579
1.79723
1.67692
1.41703
1.33765
1.26808
1.11604
0.993928
1.20384
1.3178
1.70015
2.23706
2.78803
3.068
3.08568
3.05118
2.93691
2.08835
3.67696
3.67406
3.1428
2.61847
2.39628
2.24409
2.15986
2.11914
2.109
2.17614
2.29274
2.4088
2.494
2.39422
2.22276
2.00642
1.55554
1.33485
1.13596
1.17302
1.15678
1.14495
1.42576
1.86781
2.50129
3.04388
2.758
1.28964
0.992547
0.650621
0.909484
1.06591
1.09831
2.1814
3.26554
3.80354
3.98541
4.15405
4.08035
4.07803
4.15052
4.08494
4.26939
4.26909
4.36607
4.67772
4.579
4.82577
4.76634
4.82474
4.67229
4.58986
4.5358
4.45553
4.43391
4.13494
1.97233
1.20526
1.08289
6.49927
5.04008
4.2433
4.08263
4.03613
4.06616
4.26426
5.3701
7.86884
10.6328
12.0022
13.5494
13.5477
5.21311
1.73151
1.50158
1.14908
1.43256
1.74049
1.96358
2.08855
2.15346
2.10651
2.08513
1.96977
1.92042
1.91299
1.96998
2.22109
2.4931
2.91346
3.37115
3.79825
4.19113
4.38227
4.21648
3.66421
3.06141
3.00129
3.30973
3.85774
3.79588
2.93719
2.04915
2.30186
1.69442
2.03917
2.09475
1.81057
1.63566
1.71207
1.89639
2.29117
2.71246
2.99466
3.1134
3.19842
3.2316
3.13954
3.10001
3.25572
3.20249
3.13112
2.74124
2.63488
2.4311
2.98278
3.61874
4.56085
5.28511
5.28004
5.86841
7.37123
5.03913
2.28295
2.70138
2.92545
2.9169
2.93945
2.64299
2.13055
1.74518
1.61579
1.55707
1.56755
1.59324
1.59287
1.58664
1.51551
1.43979
1.29026
1.21546
1.07792
1.07301
1.07083
1.14711
1.37126
1.46107
1.70128
1.63899
1.40904
1.47854
1.75015
1.88894
1.07003
1.5388
1.86188
1.83617
1.80794
1.98584
2.21213
2.37308
2.43211
2.43319
2.31314
2.11945
1.73243
1.40229
1.1278
1.20752
1.31091
1.36787
1.39608
1.37322
1.32174
1.2327
1.13489
1.0912
1.51061
2.04618
2.36022
2.30049
2.3194
2.25216
1.2371
1.62014
1.8711
2.12882
2.22836
2.21822
2.26243
2.3395
2.55218
2.75574
3.08655
3.25599
3.3911
3.30093
3.40291
3.34454
3.20699
3.08293
2.88601
2.72733
2.34153
2.14603
1.85488
1.6194
1.55037
1.52947
1.49027
1.43394
1.38044
1.29952
1.33892
1.32372
1.5161
1.56312
1.46461
1.24572
1.12004
1.18326
1.3966
2.01056
2.36235
2.33384
1.90114
1.19721
1.02752
0.949452
0.990634
1.10527
1.18713
1.21353
1.18856
1.13203
1.07026
1.25934
1.39952
1.42968
1.3415
1.31075
1.41832
1.11112
2.46642
3.79288
3.77869
3.47088
3.57973
3.8253
4.01177
4.04429
3.94154
3.62849
3.4446
3.06337
2.82676
2.79336
3.03233
3.594
4.15376
4.56877
4.66477
4.54438
4.16534
3.92091
3.58566
3.59318
3.30871
2.82701
2.33167
2.18934
2.30663
3.27087
3.46396
4.27325
4.17708
3.98117
3.77704
3.70969
3.53452
3.42352
3.32556
3.36702
3.45749
3.41593
3.13793
2.95426
2.52982
2.23081
1.90658
1.64664
1.58866
1.39687
1.49991
1.63765
1.52056
1.68696
1.72824
1.66967
1.99641
2.61405
2.83836
1.91346
4.58331
4.03362
3.41687
3.09456
2.85625
2.85998
2.63402
2.42084
1.95318
1.67719
1.54661
1.76847
1.86872
2.10068
1.80804
1.94356
1.65917
1.50326
1.27557
1.1413
1.08144
1.02219
1.16954
1.31473
1.38453
1.60871
1.91646
2.17953
2.91286
4.58152
2.38961
2.92644
2.30773
2.36258
2.74361
2.96184
3.12568
3.02271
3.02659
3.0786
2.91867
2.502
1.98678
1.60231
1.40544
1.16823
1.08734
0.949476
0.913553
0.90342
0.996724
1.03744
1.19734
1.41684
1.71079
2.33904
2.82132
2.97839
2.98301
2.95378
2.85796
3.82732
3.35984
2.69919
2.37811
2.22237
2.16216
1.98448
1.78722
1.66339
1.6384
1.77105
2.03401
2.27651
2.40239
2.22155
2.05554
1.52523
1.31426
1.20419
1.2157
1.1249
1.21301
1.23397
1.6127
2.33208
2.91145
2.94599
1.35929
0.97102
0.709158
0.97568
1.09336
1.68642
2.95732
3.81237
4.221
4.18932
4.13203
4.18921
4.13512
4.10646
4.25636
4.15093
4.38431
4.32091
4.4977
4.64244
4.62264
4.83894
4.77836
4.81493
4.44871
4.10969
3.75741
3.87194
3.98433
2.57156
1.28067
1.06943
5.72669
4.27195
4.02917
4.26047
4.48975
4.24852
4.0344
4.32053
5.91498
8.70265
10.7129
12.472
13.2747
5.74408
1.63397
1.28792
1.26613
1.67181
1.93233
2.06908
2.04668
2.0452
1.92963
1.86336
1.79315
1.76892
1.87538
2.14991
2.74966
3.51502
4.3483
4.91524
5.41885
5.76088
6.05432
5.95927
5.18025
4.13454
3.35531
3.42945
3.80026
3.99195
3.20538
2.2479
2.23275
1.89493
2.18247
2.09443
1.91343
1.88651
2.11357
2.58181
2.90759
2.98655
2.98975
3.00139
2.99934
3.03914
2.9212
2.87339
3.06848
3.04354
3.15699
2.948
2.73001
2.44781
2.86426
3.51988
4.38438
4.73707
4.11256
4.15585
6.21532
5.3005
2.46119
2.76767
2.81432
2.94372
2.6512
2.30584
1.89126
1.52961
1.37334
1.45217
1.56673
1.70172
1.83279
1.82961
1.83341
1.70292
1.6694
1.45007
1.29922
1.16897
1.07028
1.13391
1.26185
1.3698
1.64709
1.68447
1.59734
1.4336
1.67785
1.82306
1.57463
1.97774
1.91472
1.80172
1.85291
2.135
2.49218
2.69777
3.0175
3.14938
3.27457
3.11492
2.79091
2.56171
1.89832
1.56425
1.15925
1.20017
1.23747
1.25606
1.24001
1.19141
1.12595
1.08318
1.36703
1.98144
2.48328
2.56757
2.50509
2.34621
1.25193
1.7352
2.01277
2.22568
2.25766
2.23964
2.28501
2.46024
2.76743
3.14266
3.37013
3.52938
3.49411
3.57706
3.44418
3.49756
3.48671
3.41302
3.26653
2.99756
2.81764
2.37407
2.07666
1.85989
1.59381
1.55744
1.52969
1.48326
1.41564
1.31753
1.37171
1.39692
1.5557
1.52333
1.31962
1.1432
1.16959
1.37847
1.71798
2.17291
2.49345
2.41267
1.98267
1.23426
1.01302
0.903573
0.946452
1.12136
1.25022
1.28075
1.26213
1.18941
1.08874
1.12057
1.23784
1.21549
1.17518
1.14514
1.24527
1.12041
2.40926
3.58402
3.47913
3.56121
3.9209
4.22605
4.33836
4.32913
4.29945
4.11424
3.89047
3.47444
3.13226
3.07025
3.4753
4.15011
4.58444
4.62873
4.15034
3.56336
3.07168
2.77022
2.46881
2.40029
2.75671
3.07846
2.52843
1.97119
2.17249
2.93023
3.68471
4.04887
3.93546
3.75845
3.75821
3.62991
3.50858
3.3364
3.18057
3.30573
3.15766
3.13919
2.94927
2.83413
2.2247
2.26678
1.78529
1.7795
1.62208
1.69133
1.55727
1.65175
1.69257
1.51897
1.65661
1.63593
1.59814
1.9526
2.73584
1.83711
4.23933
3.8596
3.29508
2.90276
2.69411
2.56871
2.46071
2.06855
1.8508
1.85073
2.10241
2.68748
2.48012
2.36872
2.16574
1.92102
2.04157
1.97686
1.95974
1.72948
1.42673
1.38684
1.38549
1.37255
1.42936
1.40819
1.46234
1.63162
2.13215
4.05195
2.38586
2.49828
2.07465
2.4772
2.79371
2.9645
2.99447
3.005
3.01502
2.99144
2.67447
2.05899
1.54892
1.25553
0.98383
0.938462
0.93067
0.915194
0.888853
0.872163
0.860993
0.879562
1.06632
1.29444
1.39808
1.93689
2.53373
2.80619
2.8597
2.90015
3.25753
3.78413
3.08162
2.62377
2.52205
2.49739
2.37497
2.16912
1.73596
1.37622
1.18072
1.20189
1.40617
1.84712
2.2018
2.34448
2.19194
1.83221
1.39894
1.238
1.20777
1.15634
1.18751
1.26149
1.53631
2.22935
2.93878
2.90584
1.6531
0.936436
0.747562
1.05552
1.22047
2.43628
3.55163
4.11714
4.25263
4.33465
4.20516
4.17096
4.21101
4.17285
4.14488
4.38907
4.29443
4.53433
4.41706
4.64236
4.61547
4.67144
4.80084
4.72628
4.47787
3.7031
3.0944
3.27388
3.76872
3.0449
1.62555
1.08659
5.38749
3.96817
4.21794
5.29953
5.95258
5.30948
4.32717
4.11904
5.07054
7.51934
9.70433
11.6737
12.8754
6.10566
1.5202
1.23264
1.38774
1.67716
1.88021
1.9904
1.9682
1.91697
1.88893
1.8059
1.75542
1.79038
2.03412
2.78243
4.07599
5.36621
6.15849
6.37655
6.51485
6.82888
7.17266
7.32891
6.80235
5.26093
4.08368
3.63113
3.9617
4.08416
3.50526
2.31451
2.27828
1.95537
2.1864
2.13294
2.00686
2.18905
2.55606
2.71198
2.76504
2.8283
2.93472
2.93551
2.94193
2.89467
2.81608
2.69205
2.68919
2.76141
2.98389
2.78826
2.63544
2.37915
2.78431
3.43252
4.19203
4.24605
3.48369
3.24334
4.93898
5.31339
2.53033
2.65201
2.77413
2.73191
2.671
2.20792
1.77457
1.45274
1.25032
1.26521
1.46365
1.69122
1.83312
1.94952
1.86092
1.87807
1.76845
1.64377
1.56476
1.42799
1.20628
1.23211
1.20364
1.41117
1.59959
1.7595
1.66895
1.58621
1.69602
1.89514
2.01386
2.05476
1.8547
1.75623
1.87952
2.25081
2.62723
2.96827
3.55598
3.74101
4.17815
3.97869
4.09922
3.84673
3.50092
3.20678
2.4552
1.97226
1.49883
1.22668
1.18162
1.15359
1.11036
1.07995
1.35845
1.92819
2.51825
2.72309
2.60983
2.39976
1.26152
1.79335
2.10315
2.25686
2.24804
2.20619
2.22639
2.49357
2.89699
3.28882
3.47235
3.47171
3.46899
3.51027
3.53606
3.38011
3.45636
3.43365
3.26695
3.20463
2.9422
2.69043
2.31722
1.97661
1.71787
1.57209
1.55581
1.5112
1.44165
1.33125
1.40378
1.45941
1.54984
1.46439
1.22376
1.1568
1.29312
1.48541
1.87524
2.38859
2.43123
2.2492
2.2437
1.54722
1.0983
0.881392
0.850755
1.00194
1.18721
1.26277
1.24348
1.14874
1.07988
1.10819
1.13505
1.1499
1.09203
1.06134
1.0799
1.11844
2.315
3.19379
3.20092
3.56848
4.03884
4.25018
4.35863
4.42782
4.53611
4.37582
4.23506
3.83958
3.36252
3.16847
3.53194
4.19735
4.35868
3.8805
3.16808
2.72021
2.5073
2.24456
2.01453
1.81782
1.90439
2.31358
2.41498
2.11916
2.03972
2.83801
3.39678
3.77037
3.64456
3.66768
3.6176
3.58082
3.42885
3.26475
3.17599
2.97866
2.93914
3.10784
2.96744
2.76461
2.54984
2.49054
2.1329
1.99599
1.92913
1.72008
1.9629
1.75128
1.80242
1.76301
1.52445
1.64475
1.53994
1.44406
2.27306
1.61112
3.78939
3.28779
2.87112
2.5816
2.39846
2.47327
2.15398
2.00929
1.97553
2.23433
2.655
2.80457
2.22312
1.71052
1.32742
1.32487
1.55467
1.86214
2.06989
2.11075
1.80977
1.68724
1.56546
1.53096
1.48683
1.37877
1.27886
1.30585
1.72117
3.61621
2.46726
2.34433
2.16986
2.55403
2.82691
2.91599
2.88418
2.97745
3.02905
2.882
2.44058
1.64261
1.21354
0.9494
0.994434
1.01741
0.988927
0.941673
0.893374
0.8569
0.839796
0.833825
0.966551
1.16585
1.28645
1.69421
2.31334
2.63683
2.72011
2.8083
3.45137
3.66094
3.01156
2.82612
3.01544
3.25117
3.21427
2.8231
2.22926
1.50574
1.11924
0.996861
1.07271
1.25469
1.78256
2.18598
2.37452
2.1184
1.68779
1.25013
1.12451
1.15165
1.20498
1.29266
1.68045
2.29845
2.9743
2.96335
1.45936
0.929068
0.741981
1.05697
1.34449
2.76831
3.77543
4.22588
4.28884
4.2399
4.3465
4.28221
4.30946
4.3933
4.29571
4.19486
4.4369
4.33339
4.70747
4.5415
4.68281
4.6449
4.72069
4.72542
4.51246
3.60081
2.5017
2.83319
3.32037
2.62827
1.34964
1.07035
5.09177
3.79107
4.60561
6.64227
8.13055
6.92334
5.03738
4.23256
4.75747
6.78945
8.90128
11.2234
12.4278
6.32843
1.47654
1.32623
1.46568
1.60727
1.76837
1.89179
1.90828
1.92038
1.95597
1.87691
1.75392
1.83118
2.21114
3.30789
5.09916
6.14
6.30408
5.93391
5.63622
5.9449
6.84761
7.53567
7.41131
6.25532
4.60624
3.98091
4.04017
4.26232
3.51905
2.46481
2.35669
2.1796
2.4231
2.44286
2.38082
2.48284
2.56095
2.74263
2.74675
2.90427
2.97578
3.00488
2.88904
2.90254
2.66245
2.5162
2.39334
2.49854
2.67776
2.44236
2.37768
2.28729
2.70368
3.3831
4.03344
3.88274
3.13799
2.89968
4.13027
5.11607
2.62555
2.70267
2.77118
2.69061
2.5159
2.38032
1.8199
1.31764
1.12993
1.11688
1.25573
1.53234
1.735
1.81887
1.87457
1.76852
1.75861
1.63816
1.67233
1.4627
1.3581
1.33196
1.26312
1.53265
1.65853
1.75345
1.81112
1.6181
1.66438
1.78451
2.06782
2.00877
1.81939
1.74919
1.88866
2.24596
2.64103
3.05519
3.73541
3.99631
4.26718
4.27729
4.19533
4.16342
4.06858
4.0243
3.6463
3.40898
2.73028
2.24109
1.71282
1.43
1.16587
1.16937
1.39884
1.89935
2.50404
2.81671
2.78547
2.4987
1.27133
1.77494
2.16173
2.2342
2.22792
2.14895
2.17299
2.41504
2.80482
3.19514
3.37718
3.35884
3.29799
3.41388
3.42242
3.46459
3.19244
3.3547
3.35192
3.23399
2.97292
2.70654
2.40127
2.07151
1.81313
1.60767
1.56694
1.52653
1.44941
1.32991
1.43108
1.51054
1.52993
1.36698
1.19095
1.23269
1.42703
1.54452
2.08235
2.15073
2.2546
2.36943
2.17128
2.20701
1.25594
0.941844
0.785507
0.834578
1.03536
1.17887
1.41651
1.37885
1.24986
1.1821
1.10812
0.974527
0.992027
1.00982
1.04022
1.10184
1.95065
2.94637
3.12795
3.38424
3.74253
4.08137
4.38857
4.69011
4.50961
4.5679
4.31419
4.09384
3.36582
3.04791
3.47154
3.95018
3.76714
3.10661
2.59308
2.45585
2.24287
2.06932
1.95093
1.67059
1.57885
1.65854
2.37459
2.12085
2.03824
2.78977
3.25535
3.4
3.41768
3.55986
3.64836
3.55652
3.40478
3.29952
2.92736
2.78701
2.84208
3.12648
3.02268
3.18067
2.81574
2.55267
2.05483
1.91724
1.5856
1.6855
1.56917
1.97041
1.80804
1.80461
1.68789
1.39217
1.45033
1.42731
1.89918
1.46856
3.82226
3.37629
2.82233
2.31319
2.37564
2.12808
2.04444
2.03561
2.10733
2.49299
2.78325
2.41741
1.6229
1.19874
1.1747
1.19776
1.25463
1.53536
1.91126
2.0738
1.99037
1.65601
1.70049
1.62161
1.62214
1.45477
1.22536
1.1543
1.43688
3.27024
2.33636
2.22079
2.26492
2.68859
2.75436
2.80444
2.81445
2.81496
3.08758
2.89366
2.11823
1.4358
0.967604
1.0034
1.09729
1.08713
0.984972
0.917675
0.848504
0.837217
0.835416
0.830265
0.991939
1.07727
1.22185
1.60802
2.23589
2.50588
2.6165
2.73719
3.51486
3.5503
3.07773
3.2793
3.74927
4.07116
4.16617
3.81019
3.07027
2.16754
1.27017
1.00021
0.9052
1.00534
1.22869
1.7625
2.25939
2.38839
2.21498
1.8659
1.464
1.35047
1.3138
1.5105
2.01183
2.70909
3.04346
2.90082
1.40506
0.91337
0.736587
1.06858
1.5884
2.93333
3.89073
4.16719
4.24987
4.29677
4.2596
4.34924
4.37904
4.29609
4.45781
4.51166
4.40986
4.38231
4.77
4.43235
4.82671
4.62086
4.73287
4.64481
4.6122
3.69516
2.12886
2.17483
2.77538
2.47899
1.44261
1.04012
5.02037
3.71263
4.92007
8.14203
10.46
9.01149
6.09541
4.66039
4.90469
6.34847
8.38789
10.8545
11.97
6.76304
1.47064
1.40872
1.71274
1.70871
1.71223
1.82843
1.92586
2.13222
2.27013
2.0695
1.88767
1.80601
2.2041
3.2872
4.96463
5.80468
5.49582
4.82095
4.54592
5.01545
6.16788
7.11908
7.47593
6.3744
4.99515
4.15095
4.29436
4.2643
3.58219
2.49113
2.42924
2.28175
2.4389
2.49526
2.45195
2.52494
2.68695
2.65211
2.80749
2.83648
3.00135
3.00613
2.92847
2.80515
2.70366
2.25222
2.20244
2.25046
2.30672
2.11585
2.1638
2.23099
2.80909
3.40819
3.88228
3.6482
3.00379
2.6673
3.76248
4.90698
2.56751
2.60656
2.5968
2.63304
2.56022
2.36765
2.06891
1.40592
1.12684
1.10537
1.14111
1.24661
1.56656
1.74616
1.72366
1.79507
1.65876
1.67718
1.52378
1.53933
1.4838
1.42811
1.39107
1.64283
1.70708
1.88396
1.88143
1.72078
1.69084
1.81773
2.09266
2.05453
1.79267
1.77426
1.90457
2.16917
2.59957
3.02006
3.60093
4.00077
4.04871
4.18054
3.92785
4.11569
4.00207
4.21869
4.11774
4.04089
3.69265
3.17253
2.49353
1.94825
1.46876
1.40804
1.48555
1.97639
2.44967
2.88124
2.83537
2.47086
1.28124
1.77849
2.10293
2.24566
2.25637
2.21866
2.21371
2.3043
2.60272
2.93683
3.17059
3.17299
3.14685
3.26241
3.31138
3.33568
3.23997
3.06919
3.2654
3.06954
2.90586
2.661
2.36167
2.13462
1.86983
1.65083
1.56859
1.52204
1.43353
1.33706
1.45604
1.52842
1.51078
1.31665
1.22343
1.32032
1.48418
1.56422
1.9441
2.1569
1.93845
2.22913
2.27837
2.25776
2.08419
1.10693
0.796152
0.742128
0.88495
1.08495
1.37042
1.4671
1.32364
1.09591
0.988076
0.972296
1.1736
1.37953
1.21328
1.05815
1.36418
2.26937
2.50249
3.21465
3.99107
4.34831
4.62956
4.62711
4.75938
4.3362
4.3205
3.98665
3.31267
2.73451
3.18327
3.5105
3.09929
2.44587
2.30348
2.20195
2.12743
2.03058
1.73424
1.61393
1.61292
1.54538
2.2148
2.1443
2.0969
2.86124
2.63232
3.0383
3.22422
3.41987
3.52811
3.44349
3.34589
3.07586
2.86421
2.62073
2.78812
3.07898
3.47716
3.2707
2.9416
2.20006
1.76685
1.29033
1.2188
1.16235
1.50407
1.51552
1.9115
1.79361
1.85785
1.72889
1.35916
1.32032
1.74416
1.45796
3.2987
2.86751
2.31806
2.11208
2.06971
2.1118
2.093
2.02304
2.23448
2.59168
2.74943
2.0549
1.15507
1.02304
1.03178
1.12224
1.19759
1.36618
1.88055
1.78112
1.64531
1.5865
1.79952
1.9504
1.80233
1.54797
1.25744
1.13794
1.39765
3.23323
2.40651
2.21798
2.47902
2.67849
2.64303
2.66099
2.5442
2.87783
3.17768
2.90359
1.93795
1.27639
0.963993
1.08102
1.1577
1.11786
1.00352
0.899867
0.846689
0.841936
0.843441
0.842515
1.13147
1.13384
1.18398
1.79242
2.28773
2.51962
2.53528
2.76236
3.51182
3.5125
3.30456
3.85071
4.40717
4.6448
4.51927
4.52368
4.1183
3.14656
1.97869
1.12594
0.955978
0.913381
0.988353
1.21758
1.82287
2.39551
2.50683
2.26436
2.00212
2.03038
2.00037
2.23404
2.53697
2.90628
3.24373
2.93719
1.38013
0.921897
0.707068
1.02994
1.58874
2.98261
3.83511
4.11969
4.2366
4.23314
4.3433
4.23917
4.47988
4.26405
4.12101
4.18932
4.45822
4.42724
4.73747
4.61909
4.85988
4.64198
4.76496
4.69763
4.63352
4.10636
2.09137
1.81588
1.87118
1.53825
1.2685
1.2108
4.84267
3.57931
4.8746
9.03353
12.4435
11.3692
8.01855
6.00408
5.61341
6.44006
8.123
10.6782
11.1716
6.7003
4.3624
1.77762
1.49316
1.86058
2.78252
2.46757
2.12005
1.92663
2.09443
2.57156
2.77042
2.73006
2.18284
1.86285
2.0709
2.9623
4.40729
5.36875
5.01855
4.50823
4.29658
4.6676
5.63106
6.76024
6.76862
6.09619
4.86721
4.41602
4.35057
4.30351
3.28296
2.65934
3.17125
2.985
2.63178
2.53181
2.62671
2.88211
2.77323
2.67651
2.6442
2.73071
2.72445
2.9089
2.98937
3.14571
2.93906
2.89203
2.63056
2.22734
1.95315
2.0808
1.99581
1.9833
2.12537
2.37438
3.02497
3.5324
3.75395
3.48193
2.89555
2.52927
3.13591
4.26145
3.96221
3.29723
2.71663
2.63906
2.55975
2.46338
2.48007
2.39517
2.16625
1.66791
1.13238
1.09119
1.10309
1.1723
1.3364
1.55509
1.68
1.68297
1.58274
1.55099
1.66311
1.57132
1.47006
1.51587
1.61604
1.7422
1.86988
1.97226
1.91917
1.72042
1.70012
1.82697
1.88337
1.92896
2.02186
2.10749
1.81268
1.81804
1.92131
2.08403
2.49577
2.95998
3.45362
3.95432
3.91904
3.93384
3.85306
3.84437
3.94787
4.17566
4.28238
4.16804
4.01976
3.58133
2.8427
2.28287
1.67067
1.59573
1.63658
2.02402
2.47147
2.85918
2.86215
2.59679
2.45304
2.02089
1.27332
1.67727
2.07484
2.21843
2.41694
2.64712
2.5826
2.3743
2.39706
2.60954
2.86474
2.98473
2.94858
3.07577
3.24917
3.21422
3.1891
2.93482
2.95574
2.95762
2.73522
2.5099
2.28596
2.08885
1.89136
1.68965
1.57158
1.49776
1.40783
1.3571
1.49561
1.52104
1.48131
1.53464
1.49367
1.31017
1.27672
1.40409
1.51421
1.61926
1.78094
1.96839
1.93506
1.91252
2.26983
2.30391
2.32373
1.61181
0.900618
0.717853
0.768559
0.978596
1.11278
1.34483
1.20604
1.0266
0.966096
1.09552
1.5644
1.97693
1.76496
1.23473
1.27206
1.42134
1.45707
2.11005
2.71507
3.38271
3.88701
4.05818
4.05733
4.38823
4.25387
4.29942
3.91732
3.89122
3.04268
2.41326
2.90389
3.17666
2.64074
2.07019
2.08664
2.14646
2.03362
1.83459
1.76584
1.72866
1.61475
1.57635
2.05954
2.1436
2.15732
2.98087
3.61388
3.28049
2.47957
2.91391
3.09981
3.40145
3.54809
3.5613
3.35047
3.06398
2.77252
2.48197
2.56086
3.33703
3.60589
3.35506
2.82119
2.02225
1.36063
1.1592
1.14774
1.23084
1.24185
1.60946
1.55921
1.87385
1.59354
1.56069
1.25158
1.18016
1.48728
1.42287
1.27677
2.10598
3.00809
2.63468
2.33497
2.17358
2.21933
2.26535
2.19042
2.18313
2.29573
2.69656
2.77918
1.88771
1.04924
0.895297
0.92267
1.05967
1.16667
1.41753
1.37027
1.5906
1.54619
1.86037
2.30048
2.25908
2.09269
1.56918
1.28119
1.11506
1.34448
3.05611
4.11084
3.45893
2.22707
2.29468
2.51861
2.47571
2.51105
2.30733
2.4395
2.90074
3.34985
2.89938
1.89062
1.28099
0.980042
1.09987
1.19836
1.18282
1.06924
0.961332
0.974599
0.878438
0.958779
0.997713
1.19343
1.18091
1.45661
2.09542
2.48152
2.53367
2.59501
2.90799
3.19161
3.72662
3.37223
3.40702
3.56176
4.25411
4.59946
4.62317
4.47471
4.39229
4.51922
4.25691
3.18939
1.7601
1.08843
1.04046
1.02988
0.993942
1.20338
1.95744
2.8187
3.01324
2.78871
2.57969
2.65397
2.80697
3.06966
3.33206
3.37507
2.87032
1.3602
0.984335
1.08652
0.978729
0.713421
0.983882
1.58686
2.81463
3.72741
4.09961
4.11767
4.27859
4.31121
4.34656
4.4134
4.38112
4.20681
4.25444
4.55477
4.42101
4.70296
4.88978
4.78061
4.76498
4.85579
4.75031
4.65446
4.40562
2.68471
1.64706
1.63508
1.64089
2.16594
3.92053
5.03458
4.9387
4.96356
3.50415
4.50966
8.96483
13.2324
13.1495
10.0889
7.69752
7.03601
7.34525
8.91671
10.7379
9.42642
5.09367
2.90277
1.90579
2.1525
4.17945
6.72103
6.52245
4.55959
2.68019
2.41559
2.76846
3.50031
3.45963
2.73912
2.00279
1.98972
2.59777
3.86944
4.96234
5.02991
4.40204
4.16385
4.4041
5.23128
5.76203
5.95611
5.3473
4.82639
4.47052
4.54435
4.0822
3.20163
2.80011
3.10883
3.19013
2.72632
2.51835
2.46627
2.68409
2.87975
2.95414
2.91597
2.90128
2.9533
2.93669
3.09848
3.11488
3.01048
2.95535
2.75557
2.09967
1.98601
2.02825
2.08697
2.03748
2.36473
2.69832
3.31259
3.59274
3.64372
3.28813
2.79596
2.40018
2.81673
3.89403
4.17445
3.34819
2.81754
2.55723
2.36366
2.33084
2.17976
2.2795
2.28774
1.96782
1.24425
1.08858
1.0717
1.116
1.19765
1.36989
1.59923
1.68344
1.73645
1.77175
1.56384
1.60135
1.64308
1.75285
1.7963
1.91538
1.98872
2.1117
1.94167
1.73234
1.65989
1.7247
1.78443
1.9028
2.1394
2.32312
1.96093
1.87716
1.95871
2.03479
2.35595
2.88064
3.29519
3.79962
3.815
3.82583
3.64743
3.68918
3.67546
3.74662
4.00631
3.93336
3.6418
3.34211
2.66152
2.24301
1.7652
1.74162
1.82979
2.13699
2.52451
2.87889
2.92628
2.73285
2.53958
2.61125
2.22345
1.70309
1.93156
2.255
2.73361
3.32721
3.41391
2.89958
2.45438
2.37331
2.56977
2.76245
2.75513
2.80765
3.08228
3.19876
3.00064
2.87603
2.77121
2.61724
2.54624
2.34576
2.24426
2.02757
1.87003
1.74655
1.63186
1.47483
1.41377
1.43677
1.52374
1.52719
1.51728
1.5416
1.464
1.34738
1.35308
1.45121
1.53168
1.56522
1.79845
1.83936
1.90784
1.92887
2.07847
2.25639
2.42327
2.22671
1.07559
0.754259
0.71249
0.844349
1.03475
1.10641
1.08753
1.00094
0.919588
1.08363
1.55623
1.87034
2.00379
1.92946
1.61195
1.47428
1.52442
2.12809
2.64244
3.23861
3.61476
3.79539
4.01421
4.02084
4.18841
3.78834
3.77946
3.46754
2.9076
1.95388
2.42121
2.55027
2.12801
1.70437
1.96338
2.03039
2.02892
1.9737
1.92726
1.62816
1.62104
1.57902
1.94342
2.18556
2.5672
4.04543
3.83938
3.39775
2.39931
2.72028
2.9943
3.24698
3.44926
3.38639
3.15014
2.89307
2.65141
2.24209
2.51306
3.2951
3.75708
3.19609
2.8583
1.68606
1.26627
1.16775
1.01951
1.1762
1.49634
1.51321
1.79742
1.61423
1.61537
1.36792
1.2087
1.32449
1.48688
1.37279
2.09242
2.81831
2.61571
2.3443
2.23737
2.6165
3.04033
3.11938
2.97057
2.55349
2.40975
2.85023
2.98435
1.95287
1.01751
0.846962
0.842042
0.968694
1.09445
1.16292
1.42834
1.54965
2.08085
2.37564
2.68283
2.28778
1.93343
1.4942
1.25363
1.26052
1.67875
3.54058
4.36818
3.10271
2.31802
2.33984
2.37342
2.25202
2.25127
2.26689
2.41489
2.84354
3.42165
3.05318
1.97794
1.36234
1.00616
1.07005
1.20135
1.25108
1.22657
1.14794
1.06547
1.04038
1.04439
1.07712
1.26516
1.47417
2.00797
2.39498
2.54424
2.52092
2.61643
3.00037
3.25626
4.1789
3.49842
3.57378
3.77786
4.47842
4.47849
4.49296
4.32156
4.31694
4.23953
4.38297
4.14122
3.00046
1.41202
1.18246
1.27154
1.22253
1.00766
1.14789
1.76336
2.87046
3.41964
3.48538
3.42681
3.49341
3.58551
3.64249
3.56673
3.24889
1.97815
1.12316
1.26505
1.27589
0.826163
0.881446
1.22239
2.65367
3.57292
4.01008
4.11741
4.17889
4.33745
4.50073
4.34254
4.29271
4.53872
4.28825
4.54356
4.48341
5.05576
4.85422
4.86042
4.86544
4.91203
4.83782
4.69966
4.49801
3.53913
1.90491
2.08305
2.86223
4.11011
4.73529
5.01083
5.1018
5.02822
3.35884
3.80955
7.39533
12.9359
14.1463
11.8178
8.8781
7.7599
8.31507
9.61046
10.9054
9.89521
6.11528
3.21403
2.43601
3.59572
7.79085
11.1559
11.4426
9.33131
5.43126
2.88329
3.03244
3.74646
4.2059
3.50384
2.40112
1.959
2.34806
3.38043
4.64086
4.96588
4.75741
4.39765
4.43266
4.55122
4.95279
4.95207
4.9031
4.64626
4.68212
4.56432
4.12071
3.32178
2.88262
3.12854
3.36148
3.14845
2.96676
2.5674
2.4896
2.59351
2.69066
2.89288
2.93902
2.92947
2.98179
2.99441
3.15478
2.96614
3.03482
2.88276
2.1658
1.85049
1.9347
2.03236
2.37154
2.57299
3.06353
3.39825
3.55214
3.40047
3.04843
2.57724
2.33281
2.70362
3.84555
4.12487
3.32399
2.81361
2.44605
2.30237
2.20134
2.06542
2.03844
2.2056
2.28523
1.6511
1.1139
1.05945
1.06441
1.12066
1.20101
1.27567
1.52887
1.66303
1.64088
1.79407
1.77127
1.7929
1.87289
1.97481
2.04182
2.16108
2.10246
1.91753
1.7675
1.6402
1.62113
1.69996
1.81592
2.17964
2.46088
2.15963
1.94297
2.01938
2.04813
2.2731
2.69884
3.10149
3.52369
3.65812
3.68589
3.56262
3.47532
3.49253
3.3466
3.30906
3.20475
2.99887
2.60651
2.32008
2.05628
1.85978
1.92985
2.05102
2.43668
2.7559
2.94152
2.95214
2.80685
2.62408
2.57488
2.43262
1.93401
1.8346
2.15156
2.94388
4.04497
4.31933
3.78584
2.97811
2.40973
2.33896
2.57077
2.55659
2.60688
2.79794
3.14521
2.93861
2.87043
2.61883
2.48841
2.39833
2.2807
2.13924
2.04094
1.88217
1.72629
1.57523
1.45449
1.49161
1.53106
1.54779
1.54373
1.53905
1.53318
1.46292
1.40222
1.43312
1.50313
1.5393
1.56156
1.70952
1.9916
1.8081
2.09914
2.0292
2.12309
2.3336
2.58219
1.49141
0.845713
0.715254
0.74917
0.876686
0.974742
0.957425
0.88611
0.853435
1.06692
1.47366
1.6779
1.84367
1.60365
1.50954
1.5309
1.99742
2.51901
2.91221
3.39309
3.65126
3.78853
3.7983
3.93985
3.69053
3.63322
3.42279
3.44415
2.49694
1.86363
2.52223
2.6379
1.96737
1.69625
1.90585
2.17009
2.16615
2.09498
1.6016
1.62267
1.62033
1.50232
1.96475
2.40693
3.06965
3.99682
3.32882
2.6561
2.73622
2.97042
3.15517
3.35534
3.47928
3.55798
3.34772
2.9877
2.57579
2.1748
2.3556
3.4203
3.91791
3.30749
2.95142
1.71843
1.27958
1.23574
1.08541
0.965788
1.21133
1.29189
1.40137
1.4899
1.28294
1.23644
1.23508
1.44249
1.46287
1.30463
2.77677
2.75791
2.5902
2.73859
3.39607
4.22647
4.88857
5.02803
4.47786
3.4602
2.6815
3.03318
3.19533
2.48623
1.33084
0.964709
0.799792
0.839933
0.95762
1.28817
1.46445
1.99774
2.18726
2.46415
2.15448
2.00767
1.61232
1.41635
1.37176
1.62893
2.7487
4.13323
3.78283
2.64408
2.33027
2.25692
2.41259
2.48002
2.97857
2.84562
2.57605
2.85032
3.61727
3.28517
2.27207
1.50155
1.10592
1.00536
1.12422
1.23491
1.29173
1.30532
1.30179
1.30516
1.31547
1.35021
1.47069
1.7852
2.12244
2.26297
2.28739
2.32395
2.53226
2.95484
3.44405
4.3665
3.73785
3.74491
4.18482
4.53035
4.62198
4.43957
4.30762
4.30326
4.2632
4.36535
4.44435
4.15361
2.39013
1.41828
1.6436
1.70346
1.38409
1.09287
1.01263
1.31996
2.56221
3.44221
3.70602
3.85294
3.92313
3.94206
3.9362
3.77442
3.30577
1.94411
2.11043
1.48131
1.01205
0.825094
0.992975
2.11494
3.24379
3.88728
4.12797
4.19828
4.15796
4.36805
4.47948
4.63516
4.44568
4.5677
4.59036
5.05265
4.99521
4.94684
4.94863
4.9838
4.93516
4.94201
4.71517
4.52739
4.18521
2.80598
2.90842
3.9237
4.64714
4.82535
4.80561
5.00199
5.40983
3.37318
3.28514
5.17367
10.6698
14.2658
13.7668
10.2286
7.70214
7.38635
8.8057
10.6596
11.0524
9.15518
6.28351
3.56224
4.43926
8.71176
11.0668
11.4122
10.2261
6.76353
3.90168
3.05883
3.89919
4.2802
3.83797
2.98288
2.04674
2.17627
2.82817
3.92574
4.78058
4.95735
4.84757
4.53921
4.58151
4.55848
4.73305
4.69276
4.79388
4.78423
4.75343
4.46534
3.81321
3.34412
2.97744
3.09153
3.63188
3.30191
2.77805
2.41594
2.33086
2.42465
2.55736
2.73688
2.85477
2.8738
2.93464
3.03332
3.02294
2.99976
3.07346
2.43707
1.95684
2.01016
2.16754
2.35934
2.77601
2.97309
3.24712
3.16441
2.96948
2.62813
2.27968
2.26062
2.87572
3.9478
4.19683
3.38931
2.8115
2.52039
2.39533
2.21468
2.299
1.99893
1.94249
2.28406
2.12862
1.32662
1.0785
1.04652
1.05753
1.10591
1.17689
1.2506
1.45288
1.67246
1.70458
1.8441
1.90959
2.02556
2.05673
2.16032
2.14832
2.04341
1.8897
1.73262
1.59179
1.57029
1.62432
1.83393
2.28342
2.62074
2.4763
2.10584
2.11988
2.11369
2.17924
2.48914
2.81427
3.13159
3.29916
3.44189
3.40451
3.40155
3.28829
3.30436
3.04056
2.79129
2.6451
2.38229
2.17068
2.14813
2.10011
2.30077
2.49839
2.74289
2.77841
2.76434
2.51143
2.47145
2.29908
2.2809
2.13903
1.81845
1.71083
2.09125
2.86516
4.17397
4.65661
4.30717
3.65963
2.78087
2.30212
2.37993
2.45606
2.36731
2.4913
2.88904
2.91846
2.83334
2.56269
2.44379
2.33255
2.24259
2.11741
1.99529
1.86073
1.57175
1.46624
1.51177
1.54824
1.5714
1.57256
1.57182
1.56442
1.54923
1.51064
1.49111
1.50366
1.54074
1.55503
1.60337
1.77924
1.96699
1.9335
2.19047
1.95809
2.26919
2.16996
2.56181
2.15653
1.13695
0.879001
0.72414
0.754654
0.785835
0.778562
0.775271
0.9032
1.08322
1.27189
1.40925
1.86794
1.84219
1.85119
2.053
2.54881
2.84381
3.13877
3.42195
3.60241
3.64056
3.61992
3.5395
3.49336
3.26368
3.3416
3.12982
2.34685
1.55794
2.28946
2.35177
1.94113
1.56616
1.92854
2.23675
2.39703
2.09361
1.80446
1.57546
1.54621
1.67911
2.12833
2.77008
3.51635
3.81459
3.10386
2.80138
2.9033
3.0156
3.14381
3.35679
3.54201
3.48809
3.22011
2.88696
2.55042
2.06015
2.19696
3.49323
4.13951
3.6021
3.10442
1.94822
1.419
1.33681
1.26364
1.14263
1.0187
0.968494
1.04303
1.04399
1.16115
1.31597
1.44023
1.46036
1.43024
2.29799
3.21851
2.83338
2.91266
3.46457
4.68187
5.82368
6.70484
7.04134
6.55213
5.13632
3.36619
3.11366
3.73319
3.26914
2.29127
1.3816
1.11253
0.868286
1.07424
1.16415
1.59055
1.58859
1.83923
1.66235
1.7222
1.50472
1.5386
1.62316
2.08582
3.03704
3.87163
3.76803
2.94828
2.33767
2.34983
2.53864
3.04785
4.09067
4.8379
4.25084
3.26728
2.76714
3.68101
3.67282
2.83198
1.82632
1.31235
0.979613
1.012
1.09571
1.1877
1.24725
1.30012
1.33322
1.36427
1.37585
1.39339
1.47702
1.5845
1.76928
1.91249
2.1408
2.55275
3.07929
3.9945
4.50663
3.94073
4.12025
4.43525
4.76323
4.69532
4.57509
4.38621
4.37248
4.38353
4.46028
4.5726
4.72265
3.6882
1.67394
2.05777
2.61454
2.30401
1.53623
1.14971
0.971908
1.04004
1.74882
2.87098
3.53596
3.80046
3.9521
3.96731
3.87106
3.73477
3.18294
2.55758
1.22465
0.914899
0.812756
0.915491
1.5635
2.88009
3.63631
3.99727
4.17098
4.33473
4.37185
4.5663
4.4911
4.65975
4.71086
5.14766
4.93782
4.97245
5.00939
5.01795
5.01401
5.04123
4.951
4.74217
4.5103
4.3591
3.7118
3.25922
3.99046
4.49981
4.68569
4.5529
4.8609
5.88522
3.53433
2.93222
3.51995
6.14928
11.4539
13.9531
12.9754
9.3199
7.05404
6.36857
7.88729
9.59663
10.1181
9.62692
7.38389
5.48402
7.84872
9.53317
9.5736
7.13124
5.15187
3.35837
3.23323
3.69453
3.95239
3.96705
3.29938
2.263
2.16104
2.39557
3.0839
3.98216
4.64791
4.85889
4.95303
4.8617
4.89537
4.87569
4.96547
4.95512
4.96202
4.94072
4.66584
4.40236
3.83072
3.40458
3.01928
3.39326
3.2659
3.00909
2.62714
2.32752
2.20676
2.30432
2.54526
2.81789
2.81843
2.76238
2.8996
2.93397
2.99831
3.25842
2.88191
2.16266
1.94393
2.05286
2.19518
2.39488
2.58392
2.55887
2.53455
2.33323
2.17825
2.15895
2.44067
3.33742
4.15021
4.11172
3.47613
2.89521
2.70036
2.42003
2.51843
2.45718
2.14066
1.89345
2.08434
2.49598
1.93594
1.17325
1.07438
1.05167
1.05534
1.08271
1.1337
1.19536
1.25294
1.42478
1.58492
1.75997
1.85721
1.95318
2.01879
1.97216
1.89702
1.74581
1.60817
1.47281
1.48653
1.59395
1.84314
2.35948
2.67168
2.75427
2.37027
2.26084
2.23802
2.16818
2.26678
2.43068
2.6447
2.7316
2.83602
2.92584
3.01161
3.13936
3.06787
3.08479
2.75935
2.61121
2.47006
2.38548
2.353
2.39466
2.42742
2.48147
2.35483
2.06992
1.77298
1.51581
1.53695
1.5775
1.65996
1.65956
1.53144
1.73415
2.08197
2.72287
3.72761
4.29389
4.17546
3.86392
3.19631
2.39862
2.28204
2.35154
2.2147
2.16938
2.49914
2.68215
2.79587
2.53427
2.48583
2.2801
2.19142
2.09594
1.88338
1.63427
1.47209
1.51608
1.55648
1.57446
1.59462
1.59494
1.60606
1.60163
1.59622
1.56984
1.57121
1.56345
1.57879
1.56736
1.65861
1.8622
2.06923
1.97042
2.20868
1.99362
2.32081
2.08919
2.49783
2.50857
1.47087
1.18925
0.851044
0.715657
0.710782
0.709923
0.76034
1.08437
1.07581
1.20396
1.30849
1.57795
1.88657
2.16555
2.5185
2.81179
2.97302
3.14196
3.29052
3.38196
3.40381
3.33446
3.23234
3.09101
3.15673
3.13045
2.9519
1.95353
1.46733
2.26584
2.41701
1.98111
1.58259
1.86174
2.19583
2.49567
2.24602
1.9912
1.76207
1.48324
2.13422
2.57422
3.22731
3.83695
3.55864
3.1198
2.96899
3.17832
3.28797
3.43868
3.57596
3.61914
3.59569
3.35033
2.98605
2.54636
1.93011
2.04165
3.37018
4.32423
3.98032
3.41997
2.46176
1.84551
1.39009
1.40515
1.41615
1.40307
1.36937
1.37834
1.40701
1.44532
1.45559
1.44689
1.7446
2.48916
3.22713
3.44802
3.26823
3.69504
4.79273
5.94022
6.85701
7.1418
8.15407
7.7865
7.10262
4.37236
3.38322
4.01914
4.20508
3.61962
3.02647
2.10739
1.8494
1.58734
1.71987
1.67939
1.84249
1.70134
1.84634
1.79699
2.05739
2.38449
2.99418
3.70621
3.96712
3.55074
3.06171
2.59952
2.58432
2.89258
3.54492
4.64549
5.46315
5.75612
5.54597
4.1851
2.87159
3.69765
4.11557
3.51224
2.60231
1.82964
1.33305
1.0607
1.00061
1.03328
1.08541
1.12361
1.16098
1.19566
1.21386
1.23077
1.23918
1.41648
1.81207
2.25986
2.79193
3.33047
3.93789
4.56327
4.56735
4.24843
4.49374
4.7163
4.95344
4.83167
4.7761
4.52858
4.55979
4.55114
4.62798
4.75729
4.93082
4.69458
2.13529
2.12906
3.08462
3.28784
2.95974
2.11998
1.33326
1.11348
1.04153
1.10416
1.67142
2.33948
2.75887
2.97648
2.90687
2.71083
2.3765
1.13879
0.920587
0.818586
0.837977
1.00034
1.58773
2.68194
3.39763
3.83986
4.06332
4.15763
4.37128
4.3747
4.54232
4.63842
4.97808
4.8799
4.98615
5.0377
5.05804
5.0114
5.04966
5.102
4.9352
4.66434
4.55032
4.37796
4.27037
3.67833
3.84537
4.07554
4.32261
4.43334
4.80521
6.66358
4.07488
3.02384
2.84929
3.33185
5.26501
8.53245
10.5542
10.1392
7.7533
5.92601
5.0978
5.78098
6.92054
7.03422
6.78065
6.56889
6.83915
6.5845
5.01675
3.63951
3.07408
2.9706
3.23844
3.50004
3.70595
3.84241
3.57959
2.48522
2.28837
2.25286
2.45535
2.8817
3.35349
3.87772
4.22686
4.56163
4.62453
4.77596
4.75864
4.74503
4.69364
4.50017
4.39588
4.17136
3.96605
3.62322
3.27421
3.11256
3.01576
2.84332
2.62301
2.44619
2.29176
2.34608
2.6248
2.83448
2.84191
2.64666
2.67227
2.83801
2.82615
3.24243
3.35625
2.82554
2.23286
2.11291
2.10038
2.1775
2.17512
2.22939
2.20283
2.25101
2.30101
2.54624
3.10457
3.81759
4.18561
3.96654
3.48025
3.07222
2.88369
2.58178
2.7423
2.47222
2.23137
1.8345
1.90448
2.51554
2.52971
1.83171
1.30632
1.10628
1.0818
1.07255
1.07859
1.09779
1.12675
1.1528
1.18514
1.20818
1.26724
1.31531
1.41694
1.4258
1.41115
1.38792
1.36072
1.36621
1.54445
1.62646
1.94967
2.32047
2.52352
2.84759
2.73626
2.36395
2.424
2.26368
2.14948
2.09292
2.10185
2.08549
2.12329
2.11173
2.21768
2.33749
2.34429
2.42103
2.3
2.12346
2.11253
1.96932
1.93919
1.79199
1.69464
1.43069
1.26901
1.29899
1.33249
1.35637
1.33714
1.32236
1.38928
1.32428
1.53706
1.83847
2.1579
2.7963
3.18933
3.5735
3.67766
3.55596
3.33447
2.51051
2.20991
2.315
2.09368
1.95212
2.04735
2.23872
2.45447
2.36002
2.33669
2.15437
2.06553
1.87807
1.66917
1.48751
1.52846
1.56989
1.58935
1.60525
1.61268
1.61935
1.63264
1.63586
1.64033
1.63071
1.63534
1.60432
1.61731
1.58537
1.72525
1.92308
2.09953
2.06293
2.04736
2.08427
2.18201
2.1692
2.43986
2.67962
1.73603
1.38981
1.16564
0.861126
0.765399
0.871903
1.06534
1.22142
1.12163
1.25051
1.33252
1.35367
1.52594
1.90897
2.28075
2.56234
2.75486
2.92396
2.9987
3.01258
2.96413
2.94498
2.91977
2.97123
3.02271
2.96104
2.50952
1.62717
1.22592
2.10368
2.40442
2.0863
1.69194
1.66703
2.05797
2.48795
2.30877
2.37743
2.09614
2.0613
2.63108
3.017
3.49716
3.51811
3.32804
3.2204
3.24967
3.45247
3.51668
3.55715
3.63847
3.69105
3.57756
3.25443
2.93577
2.47778
1.85661
1.90421
3.01577
4.20975
4.38823
3.94715
3.25072
2.55333
1.5497
1.38924
1.44023
1.44622
1.46546
1.45079
1.45357
1.50322
1.83972
2.37294
2.99338
3.52214
3.81714
3.89335
4.01031
4.77202
5.94016
6.80475
7.51811
7.39803
8.46867
8.52627
7.8908
5.45606
3.48558
4.10343
4.76959
4.88043
4.45694
4.37743
3.96607
3.79679
3.464
3.43408
2.9669
3.16584
3.07535
3.56773
3.70427
4.09862
4.15448
4.06894
3.68548
3.29665
3.05387
3.06902
3.41215
4.04175
4.89309
5.83487
6.11249
5.85126
6.01662
5.15094
3.08801
3.43138
4.47618
4.23041
3.67706
3.03107
2.44415
1.93097
1.62737
1.26206
1.16728
1.18533
1.21364
1.2284
1.25842
1.40109
2.03388
2.42528
3.06228
3.60221
4.05657
4.35586
4.58835
4.61151
4.57754
4.59412
4.88554
4.99453
5.04624
4.87914
4.81222
4.62932
4.6063
4.72101
4.7924
4.94285
5.15841
5.07638
2.88426
2.04969
3.01416
3.56058
3.67346
3.48737
2.96719
2.16224
1.44073
1.25085
1.19916
1.2484
1.31551
1.3928
1.39783
1.29376
1.23169
1.06633
1.02022
0.89334
1.0801
1.57375
2.33658
2.91453
3.31783
3.69822
3.95065
4.11498
4.16136
4.33505
4.36849
4.61748
4.6369
4.80358
4.89224
4.97444
4.97011
5.06622
5.16588
5.08005
4.89699
4.57486
4.5237
4.35792
4.41248
4.15588
4.04811
3.9895
4.19588
4.36011
4.72296
7.41954
5.00872
3.50384
2.92292
2.6466
2.77913
3.19141
4.03264
4.64254
4.79409
4.44087
3.96238
3.8002
3.77282
3.61179
3.35965
4.01413
3.83319
3.23127
2.96628
2.66917
2.90079
2.97925
3.35372
3.41081
3.41133
3.82489
3.61703
2.74003
2.51692
2.43489
2.36804
2.42295
2.55444
2.72776
2.93112
3.20341
3.32444
3.56044
3.51743
3.6338
3.50412
3.53365
3.4575
3.54199
3.58428
3.49561
3.35384
3.26388
3.10307
2.95067
2.77041
2.62809
2.60096
2.72603
2.90929
2.98783
2.79092
2.55721
2.4656
2.69159
2.72689
2.94391
3.55948
3.57961
3.19109
2.8641
2.68916
2.61136
2.61521
2.5876
2.66987
2.71169
2.89027
3.13638
3.42026
3.5568
3.5165
3.44568
3.30799
3.12205
2.96108
2.83277
2.70749
2.41341
2.04277
1.80542
1.8571
2.42755
2.77527
2.57214
2.12134
1.82139
1.59778
1.38786
1.18276
1.14538
1.14463
1.1523
1.15737
1.15895
1.16386
1.16133
1.16142
1.19925
1.26896
1.33541
1.39049
1.46772
1.61304
1.80757
2.11852
2.28817
2.44477
2.83182
3.01154
2.57855
2.54365
2.47135
2.24777
2.05659
1.90894
1.73455
1.66512
1.56205
1.51868
1.53782
1.47473
1.39276
1.30149
1.28716
1.28405
1.29101
1.29357
1.30442
1.32107
1.34921
1.38329
1.41771
1.43647
1.44749
1.4471
1.44023
1.63577
1.59271
1.94495
2.19927
2.58255
2.83494
3.08225
3.23349
3.25184
3.24807
3.24363
2.5616
2.13568
2.23865
2.11113
1.82346
1.73734
1.73014
1.91491
1.85809
1.81545
1.75627
1.61305
1.50342
1.52582
1.56099
1.58519
1.61171
1.61451
1.63423
1.63548
1.64368
1.65458
1.65487
1.66468
1.65142
1.66588
1.6337
1.64355
1.60818
1.6577
1.865
2.02118
2.00984
1.8805
2.08804
2.03536
2.19605
2.40511
2.82331
2.02673
1.49435
1.41986
1.33363
1.31456
1.34982
1.2518
1.22268
1.05003
1.21768
1.35672
1.42897
1.61615
1.84463
2.11471
2.3226
2.51989
2.68106
2.75446
2.77906
2.79702
2.82807
2.8542
2.88059
2.7935
2.47604
2.01342
1.29956
1.14725
1.8187
2.46397
2.24034
1.89582
1.53619
1.78467
2.10537
2.18495
2.13733
2.05146
2.17635
2.39934
2.65058
2.82337
2.94667
3.13576
3.36072
3.58396
3.74669
3.76458
3.7389
3.70973
3.5763
3.41407
3.20052
2.92169
2.33369
1.89268
1.88007
2.3403
3.50069
4.5935
4.65602
4.15985
3.47846
2.61943
2.22857
1.83214
1.90991
2.02285
2.43787
2.45153
3.02007
3.31377
3.77796
4.13586
4.42974
4.65507
4.88298
5.2431
5.94191
6.73276
7.30461
7.74091
7.72423
8.51968
8.8237
8.14898
5.20869
3.5983
4.09682
4.85805
5.34277
5.67571
5.54058
5.61839
5.58697
5.64984
5.38785
5.27939
4.75184
4.85276
4.60867
4.63804
4.38298
4.22443
4.01233
3.8399
3.78242
3.85895
4.09836
4.4914
4.98435
5.52176
6.02727
6.14515
5.77892
6.03753
5.69174
3.145
2.84245
4.43918
4.82013
4.46458
4.11632
3.75785
3.48274
3.15381
2.91867
2.62166
2.31204
2.29424
2.25934
2.77196
2.9202
3.47337
3.62887
3.94413
4.11828
4.27609
4.39148
4.53218
4.64672
4.89209
5.15548
5.31498
5.27206
5.09241
4.81934
4.60901
4.39099
4.51181
4.6647
4.89481
5.17773
5.39429
5.13146
3.45092
2.0168
2.49714
3.30549
3.73705
3.89575
3.92601
3.75878
3.43534
3.00603
2.59756
2.35535
2.31779
2.35117
2.428
2.47684
2.58461
2.59602
2.64328
2.59837
3.09312
3.27155
3.41094
3.52703
3.6636
3.77323
3.95624
4.04682
4.17704
4.19817
4.34454
4.37845
4.55672
4.71167
4.90206
4.93637
5.07991
5.21571
5.22726
5.009
4.71749
4.52322
4.49843
4.30069
4.33617
4.19179
4.28394
4.1844
4.21592
4.33293
4.72368
7.90761
6.03675
4.26284
3.27667
2.75966
2.55627
2.3746
2.43667
2.40133
2.49432
2.53828
2.48323
2.60471
2.53714
2.58246
2.54356
2.55917
2.64809
2.5119
2.56586
2.80475
2.75433
2.98297
3.20591
3.14318
3.41124
3.9366
3.61678
2.78537
2.83215
2.68618
2.70545
2.55291
2.64077
2.6097
2.61037
2.75529
2.71829
2.88726
2.89501
2.91448
3.09854
3.04088
3.23949
3.22737
3.42186
3.40348
3.49205
3.49786
3.47081
3.40879
3.32063
3.23942
3.2064
3.17242
3.15338
3.06139
2.6887
2.4037
2.37111
2.55549
2.6684
2.73315
3.15902
3.73326
3.71024
3.62488
3.43699
3.33588
3.14536
3.09556
2.89473
2.89738
2.68592
2.60725
2.47351
2.40213
2.3911
2.44091
2.51053
2.57608
2.46077
2.3708
2.28725
1.96913
1.86702
1.68125
1.9332
2.38945
2.76798
2.8614
2.72065
2.48817
2.39627
2.35246
2.25168
2.12555
2.03153
1.88497
1.97175
1.78072
1.99413
1.8851
1.99827
2.09476
2.15074
2.18267
2.236
2.28075
2.35482
2.45247
2.55968
2.6436
2.79379
3.05752
3.15428
2.73504
2.51178
2.57799
2.43116
2.23014
2.10247
1.88402
1.81686
1.6484
1.6899
1.58508
1.61175
1.39728
1.40899
1.40257
1.40363
1.41239
1.41235
1.42407
1.43051
1.44472
1.45088
1.46396
1.48152
1.51748
1.67802
1.7642
1.92901
2.09664
2.2993
2.69467
2.74334
2.91891
2.91419
2.95825
2.99706
3.09503
3.10381
2.43026
2.04485
2.09804
2.13644
1.86636
1.56277
1.5467
1.54774
1.55509
1.55105
1.55822
1.55936
1.56949
1.57631
1.59209
1.59559
1.61424
1.61703
1.6362
1.63355
1.64925
1.64885
1.65247
1.65996
1.64844
1.66331
1.63058
1.64557
1.60771
1.61135
1.59097
1.81704
1.74697
1.68685
2.01479
1.95323
2.11874
2.36825
2.8817
2.43338
1.59036
1.56497
1.58983
1.55178
1.56245
1.23056
1.2552
0.924671
0.958794
1.08441
1.21756
1.3145
1.54476
1.83322
2.06759
2.2532
2.3703
2.42123
2.43793
2.42537
2.4174
2.34316
2.26104
2.10468
1.88628
1.52096
1.17794
1.10967
1.32181
2.23401
2.42512
2.18843
1.67736
1.35327
1.87526
1.71795
1.78689
1.62471
1.60424
1.63665
2.00889
2.26872
2.67446
3.10169
3.53165
3.89369
3.95464
3.84671
3.72016
3.60119
3.39925
3.25272
3.09103
2.81051
2.08526
1.84117
1.81016
1.85499
2.18077
3.83944
5.529
5.36587
4.6636
3.46108
3.65016
2.74597
3.4377
3.36026
4.13596
4.12855
4.58066
4.70158
5.02221
5.35653
5.69065
6.06856
6.45765
6.69952
6.88527
6.98382
7.14584
7.36605
8.03862
7.96569
8.98016
7.95188
4.0355
3.78181
4.41328
4.44739
5.39839
6.11505
6.38538
6.37851
6.38282
6.14213
5.98539
5.26283
5.49188
4.82524
5.07163
4.5733
4.65179
4.51279
4.57974
4.70561
4.86603
4.94389
4.99946
5.07812
5.10857
5.19994
5.06337
5.58314
5.73387
5.8075
5.64091
2.72656
2.12721
3.3721
5.37385
5.27943
4.81961
4.5193
4.054
4.15314
3.40452
3.74794
2.5717
3.14558
2.8422
3.46112
3.36643
3.76802
3.82493
4.02087
4.16763
4.35446
4.53792
4.79471
5.12516
5.53892
5.77916
5.64621
5.39862
5.03611
4.67003
4.39719
4.35443
4.41218
4.86059
5.28208
5.61652
5.51164
4.79481
3.69346
2.33986
1.98041
2.58211
3.16459
3.68598
3.92541
4.04584
4.06805
4.06165
4.04698
4.05084
4.03996
4.04254
4.04029
3.96831
3.99491
3.77566
3.87804
3.72571
3.84018
3.82215
3.88433
3.95385
3.97881
4.06032
4.07967
4.17887
4.1822
4.35562
4.2723
4.54837
4.52236
4.8554
4.92558
5.08979
5.2378
5.33578
5.18305
4.70462
4.5966
4.44771
4.4892
4.32275
4.35633
4.23257
4.31242
4.25271
4.3023
4.39028
4.73871
)
;

boundaryField
{
    wand
    {
        type            zeroGradient;
    }
    frontAndBack
    {
        type            empty;
    }
}


// ************************************************************************* //
