/*--------------------------------*- C++ -*----------------------------------*\
| =========                 |                                                 |
| \\      /  F ield         | OpenFOAM: The Open Source CFD Toolbox           |
|  \\    /   O peration     | Version:  2.1.1                                 |
|   \\  /    A nd           | Web:      www.OpenFOAM.org                      |
|    \\/     M anipulation  |                                                 |
\*---------------------------------------------------------------------------*/
FoamFile
{
    version     2.0;
    format      ascii;
    class       volScalarField;
    location    "0.006500000";
    object      T;
}
// * * * * * * * * * * * * * * * * * * * * * * * * * * * * * * * * * * * * * //

dimensions      [0 0 0 1 0 0 0];

internalField   nonuniform List<scalar> 
12384
(
3056.82
3047.22
3045.09
3052.48
3054.71
3059.86
3062.47
3068.46
3070.82
3074.7
3076.2
3076.71
3079.47
3077.44
2808.58
2840.65
2857.91
2866.04
2865.94
2859.47
2854.95
2853.12
2855.17
2857.91
2863.68
2869.49
2876.47
2885
2892.14
2899.34
2905.2
2909.9
2911.16
2912.06
2907.57
2906.77
2900.24
2900.92
2895.22
2889.92
2882.53
2867.84
2737.29
2673.09
2920.81
2956.55
2963.79
2954.79
2949.97
2942.8
2938.94
2938.34
2936.95
2936
2934.58
2933.18
2931.77
2928.55
2926.94
2925.54
2923.95
2922.06
2921.93
2921.63
2923.09
2921.81
2924.58
2929.26
2931.42
2934.25
2942.08
2965.18
2970.97
2974.58
2910.43
2895.1
2884.81
2879.76
2876.61
2875.55
2877.75
2877.27
2880.69
2883.63
2888.45
2892.21
2895.58
2897.93
2899.2
2899.06
2896.51
2894.65
2893.39
2894.54
2892.61
2897.65
2899.1
2907.74
2910.28
2912.46
2916.76
2914.32
2914.39
2916.06
2883.79
2887.3
2890.77
2893.02
2893.74
2892.16
2890.87
2882.75
2882.38
2869.75
2858.92
2861.83
2853.03
2857.01
2856.09
2862.81
2868.61
2872.35
2878.04
2879.95
2870.87
2853.4
2854.46
2853.81
2854.01
2849.81
2849
2846.3
2844.4
2841.61
2770.71
2758.02
2758.38
2765.39
2768.4
2765.84
2764.27
2763.62
2764.49
2766.69
2768.79
2770.64
2771.9
2772.33
2771.1
2769.33
2769.44
2768.4
2767.53
2769.78
2768.25
2772.12
2779.55
2779.76
2790.38
2795.16
2810.41
2833.08
2837.95
2831.06
2748.15
2751.75
2765.09
2776.66
2785
2782.64
2781.61
2778.5
2778.49
2776.81
2777.55
2774.47
2775.68
2773.64
2775.22
2774.74
2775.98
2778.84
2782.6
2789.34
2791.42
2794.1
2795.2
2785.32
2686.97
2648.18
2644.91
2649.15
2651.22
2649.55
2756.93
2744.52
2744.89
2753.21
2762.16
2767.51
2769.63
2772.16
2768.48
2773.48
2765.29
2768.01
2767.55
2767.29
2767.91
2769.7
2771.8
2774.15
2776.21
2775.82
2766.91
2770.19
2775.96
2775.56
2772.55
2766.36
2765.14
2763.15
2770.07
2773.48
2884.55
2877.58
2875.8
2875.71
2874.92
2873.35
2869.8
2867.27
2865.04
2864.79
2862.48
2869.77
2868.56
2879.87
2884.14
2891.89
2897.53
2899.74
2865.23
2740.63
2722.58
2745.55
2755.15
2758.1
2761.42
2761.34
2758.09
2745.55
2724.23
2705.19
2913.97
2898.11
2903.08
2907.43
2913.36
2919.18
2919.56
2917.59
2915.43
2908.72
2903.52
2906.53
2897.32
2896.09
2899.04
2899.86
2901.22
2902.56
2900.76
2893.82
2847.72
2809.57
2806.63
2807.84
2808.05
2810.84
2812.48
2813.4
2813.26
2811.03
2823.83
2830.64
2834.6
2837.69
2840.44
2840.35
2839.56
2838.41
2840.59
2836.93
2844.23
2838.06
2853.21
2850.81
2865.92
2866.68
2876.76
2878.64
2871.18
2834.36
2814.01
2805.6
2805.47
2805.62
2810.99
2813.8
2817.71
2817.99
2816.31
2818.79
2826.84
2830.51
2833.21
2840.99
2866.65
2881.88
2877.75
2872.61
2870.55
2869.16
2868.44
2865.03
2865.4
2865.02
2863.93
2861.67
2860.12
2858.43
2857.1
2856.81
2854.75
2851.97
2852.92
2849.35
2848.13
2845.75
2846.4
2845.01
2843.04
2834.53
2784.3
2781.15
2789.69
2820.78
2872.06
2685.29
2678.05
2773.29
2616.38
2646.06
2660.84
2666.71
2670.01
2672.36
2673.82
2680.52
2682.03
2693.66
2701.61
2714.31
2727.29
2743.59
2750.36
2738.66
2705.49
2658.64
2612.25
2580.84
2581.17
2695.48
3003.07
3009.29
3020.73
3024.59
3024.3
3029.85
3036.68
3050.26
3060.38
3073.98
3081.69
3084.66
3082.93
3079.91
2809.01
2851.95
2873
2876.42
2860.99
2849.08
2848.29
2856.4
2866.94
2878.68
2888.15
2898.14
2911.05
2925.82
2939.84
2951.38
2955.91
2958.21
2959.62
2959.36
2959.8
2958.97
2955.99
2946.34
2932.56
2914.31
2898.53
2880.64
2814.36
2735.55
2924.62
2962.32
2961.6
2951.23
2948.22
2945.85
2946.29
2950.76
2946.7
2942.47
2937.21
2934.05
2932.09
2931.24
2931.69
2931.86
2932.48
2933.58
2933.28
2930.61
2930.16
2933.15
2930.34
2932.44
2934.54
2935.19
2938.3
2952.52
2968.37
2973.26
2909.36
2889.87
2879.52
2873.08
2871.69
2870.9
2873
2874.07
2877.5
2881.28
2886.05
2891.4
2896.37
2900.65
2903.54
2904.72
2904.39
2902.2
2900.71
2899.11
2901.98
2903.76
2906.1
2906.34
2909.58
2911.29
2914.97
2916.13
2915.48
2917.08
2880.81
2885.1
2890.9
2893.49
2894.83
2886.46
2877.38
2870.4
2861.2
2850.2
2845.9
2844.62
2836.15
2839.17
2844.02
2845.51
2851.78
2858.92
2864.83
2871.88
2872.89
2861.16
2853.38
2857.81
2857.65
2853.84
2847.99
2842.9
2839.03
2840.32
2770.39
2758.18
2763.05
2767.07
2761.33
2754.89
2755.18
2760.04
2766.38
2772.62
2778.65
2783.12
2785.99
2787.47
2787.97
2787.87
2787.39
2785.47
2786.05
2785.92
2789.04
2787.29
2791.01
2788.12
2792.51
2793.75
2802.56
2816.94
2828.92
2823.07
2749.56
2762.36
2776.42
2779.97
2773.05
2763.8
2761.77
2765.42
2767.83
2770.53
2773.15
2774.83
2773.94
2775.45
2772.63
2773
2772.6
2771.87
2774.64
2779.63
2783.76
2790.47
2793.39
2792.17
2774.24
2665.29
2638.46
2670.5
2693.42
2674.86
2738.35
2744.39
2765.57
2777.68
2782.82
2785.93
2782.88
2782.37
2778.32
2778.09
2773.9
2773.86
2771.71
2772.26
2772.99
2773.59
2774.27
2775.7
2776.53
2776.86
2772.68
2765.17
2773.43
2772.27
2761.33
2744.55
2740.09
2735.39
2746.65
2762.22
2877.39
2875.79
2878.05
2880.83
2882.27
2884.34
2884.86
2883.8
2883.07
2882.1
2882.64
2881.78
2884.47
2884.87
2886.7
2890.78
2893.33
2899.4
2895.11
2819.36
2733.26
2770.24
2780.93
2778.98
2780.92
2790.5
2804.77
2811.29
2800.55
2778.71
2916.12
2897.28
2905.14
2915.72
2924.59
2926.41
2927.6
2925.06
2920.34
2920.8
2922.91
2913.36
2913.28
2914.48
2912.62
2909.55
2907.06
2904.02
2904.12
2899.55
2876.23
2828.48
2805.7
2805.26
2804.32
2805.84
2812.72
2820.57
2825.41
2824.19
2821.77
2827.56
2834.58
2839.42
2842.84
2845.53
2849.15
2851.65
2851.22
2857.09
2855.75
2865.31
2862.17
2867.04
2872.13
2869.12
2877.24
2877.25
2881.44
2859.72
2811.65
2794.81
2796.29
2801.25
2813.57
2825.32
2834.36
2833.19
2821.69
2812.84
2829.48
2832.07
2840.3
2860.03
2876.27
2877.89
2873.13
2874.33
2875.98
2876.43
2876.73
2877.56
2874.23
2870.13
2865.58
2860.94
2855.11
2850.27
2847.53
2845.59
2845.12
2845.72
2844.94
2840.83
2842
2839.85
2839.89
2841.24
2842.18
2836
2736.62
2724.93
2714.4
2729.51
2855.11
2774.32
2798.71
2647.95
2630.52
2652.38
2658.55
2659.93
2659.83
2660.21
2659.47
2663.45
2662.34
2666.26
2666.78
2676.8
2691.32
2723.17
2770.16
2786.95
2745.4
2667.98
2605.92
2578.83
2583.01
2723.12
2997.79
3005.49
2987.09
2976.09
2976.67
2986.82
2997.82
3007.4
3020.58
3043.99
3067.45
3081.82
3086.82
3081.1
2811.89
2863.85
2886.58
2872.01
2848.42
2842.39
2851.84
2862.05
2867.15
2872.08
2875.84
2885.13
2901.26
2924.75
2947.51
2955.65
2959.41
2961.07
2961.14
2960.99
2962.81
2963.2
2963.32
2962.29
2959.38
2939.92
2916.29
2893.93
2853.86
2777.6
2927.02
2964.08
2960.86
2954.95
2953.3
2954.93
2951.67
2958.66
2949.98
2943.81
2936.02
2933.14
2933
2936.93
2942.43
2947.96
2954.7
2956.79
2957.26
2957.43
2953.77
2952.34
2949.2
2944.62
2942.54
2940.2
2938.33
2943.21
2963.68
2972.08
2906.13
2884.31
2874.09
2870.58
2871.05
2871.85
2873.06
2874.02
2876.36
2878.22
2881.2
2885.57
2892
2898.51
2903.65
2905.89
2905.89
2903.13
2901.33
2901.85
2898.92
2902.25
2905.84
2908.52
2908.1
2909.01
2909.69
2913.47
2916.51
2918.14
2879.43
2888.62
2892.43
2890.54
2885.36
2875.21
2865.46
2859.73
2849.15
2844.19
2841.45
2833.72
2829.92
2830.65
2831.08
2836.92
2839.36
2844.22
2851.85
2859.23
2865.18
2864.75
2856
2856
2858.26
2852.6
2847.86
2839.03
2832.54
2827.51
2769.54
2760.08
2765.02
2761.13
2748.73
2751.34
2758.66
2766.95
2774.19
2781.66
2787.04
2790.61
2792.93
2795.29
2796.38
2798.7
2798.03
2798.13
2800.39
2798.77
2804.74
2799.89
2803.3
2798.36
2797.26
2794.82
2798.41
2806.9
2819.13
2820.95
2755.69
2774.74
2779.06
2768.35
2746.91
2748.45
2760.68
2773.07
2784.78
2790.3
2792.17
2791.69
2792.34
2788.03
2786.69
2783.09
2782.24
2780.15
2776.43
2776.11
2779.74
2787.62
2787.49
2791.86
2786.6
2746.64
2658.27
2692.33
2741.83
2713.56
2734.6
2764.67
2782.3
2787.68
2787.65
2787.51
2781.92
2783.49
2779.71
2776.42
2774.86
2769.93
2770.58
2770.46
2771.33
2772.91
2773.77
2774.56
2774.9
2775.69
2774.86
2766.2
2768.53
2772.58
2763.87
2749.22
2742.05
2726.32
2734.46
2751.98
2874.07
2878.08
2881.22
2887.05
2893.74
2899.63
2906.03
2904.16
2904
2904.19
2901.73
2903.81
2902.87
2907.4
2900.22
2897.43
2895.68
2896.57
2900.86
2876.41
2770.97
2769.4
2780.32
2772.16
2770.82
2780.42
2810.87
2834.2
2835.2
2814.43
2920.37
2899.81
2914.47
2924.95
2927.9
2928.91
2926.76
2925.93
2927.45
2921.97
2917.05
2916.44
2917.21
2912.06
2910.15
2909.58
2915.73
2916.44
2904.46
2901.06
2893.2
2860.46
2823.87
2803
2796.78
2798.71
2806.35
2820.75
2832.57
2835.49
2821.55
2829.95
2839.81
2845.76
2851.07
2857.6
2865.84
2868.96
2877.36
2878.9
2885.71
2883.55
2891.4
2888.91
2891.85
2887.19
2883
2879.16
2883.14
2876.59
2828.8
2791.41
2791.35
2796.83
2815.58
2836.08
2846.98
2846.03
2837.25
2814.33
2832.3
2837.98
2854.55
2870.83
2877.1
2875.71
2880.16
2885.98
2895.05
2901.22
2903.55
2898.87
2892.68
2884.41
2873.31
2861.35
2852.59
2846.89
2843.94
2846.3
2850.93
2850.43
2848.91
2845.56
2843.75
2835.48
2832.71
2835.42
2839.42
2835.53
2782.79
2763.41
2742.65
2777.13
2874.98
2796.9
2655
2631.1
2643.94
2657.62
2662.02
2667.5
2671.34
2675.78
2676.44
2674.42
2668.74
2669.52
2661.66
2664.14
2660.38
2670.15
2710.34
2788.58
2773.26
2681.36
2604.57
2584.65
2601.44
2797.49
2990.08
2962.08
2932.92
2948.41
2978.43
3006.44
3015.63
3016.12
3011.46
3017.13
3044.43
3073.97
3085.86
3082.82
2814.35
2876.14
2891.6
2864.12
2839.65
2839.63
2844.79
2842.89
2835.89
2831.54
2835.98
2853.2
2881.59
2917.58
2941.35
2953.21
2949.19
2946.25
2945.55
2945.36
2949.27
2950.54
2957.92
2959.27
2960.64
2950.29
2933.68
2907.69
2873.08
2805.39
2928.99
2965.52
2965.35
2961.93
2963.6
2960.58
2961.39
2951.96
2945.72
2941.94
2932.62
2933.08
2937.92
2948.15
2960.53
2968.25
2965.81
2962.74
2962.73
2963.73
2965.32
2967.28
2968.99
2962.61
2956.45
2948.39
2942.03
2940.43
2954.83
2970.19
2905.12
2880.1
2871.6
2870.09
2872.63
2876.05
2877.86
2879.54
2880.25
2879.38
2878.67
2879.43
2885.96
2895.99
2903.96
2906.24
2903.89
2898.46
2888.82
2882.08
2881.94
2882.82
2890.63
2900.32
2908.7
2907.41
2908.37
2911.08
2915.64
2917.5
2888.8
2892.89
2891.09
2887.23
2874.32
2864.84
2859.13
2852.98
2844.49
2846.58
2835.07
2829.05
2829.72
2825.76
2826.26
2826.05
2831.9
2835.35
2839.54
2848.12
2855.96
2862.1
2856.62
2853.13
2856.51
2849.23
2839.54
2840.46
2830.03
2819.72
2768.78
2761.43
2762.69
2751.45
2746.73
2753.96
2761.73
2769.65
2776.75
2782.09
2786.16
2789
2792.03
2794.52
2798.3
2803.51
2804.79
2809.82
2814.06
2811.85
2815.51
2811.73
2815.15
2808.76
2803.86
2798.82
2796.18
2801.57
2811.44
2818.18
2764.63
2775.87
2774.97
2735.07
2738.42
2755.04
2777.67
2792.04
2801.8
2800.81
2800.37
2796.1
2790.13
2790.81
2788.22
2785.8
2782.52
2782.91
2782.97
2778.91
2778.24
2781.61
2785.61
2787.72
2790.23
2779.3
2723.12
2712.95
2762.36
2742.72
2766.3
2783.18
2787.19
2787.7
2786.02
2785.9
2782.39
2785.37
2776.57
2773.41
2768.33
2768.73
2768.52
2768.84
2768.96
2770.92
2772.98
2773.42
2773.27
2773.69
2774
2769.65
2763.65
2768.87
2768.4
2760.03
2744.59
2733.04
2741.46
2752.35
2876.81
2879.04
2885.32
2895.26
2908.93
2910.61
2912.18
2911.67
2912.7
2912.32
2914.6
2912.03
2915.42
2914.34
2912.59
2912.63
2902.94
2899.66
2900.33
2895.6
2820.5
2770.17
2781.26
2776.36
2770.82
2780.36
2821.21
2852.35
2860.77
2833.17
2920.84
2909.04
2921.72
2928.18
2928.1
2925.89
2930.84
2928.87
2926.92
2920.07
2921.22
2919.82
2911.45
2908.17
2909.51
2906.27
2906.96
2912.22
2914.63
2901.92
2897.04
2884.51
2850.98
2817.32
2801.4
2799.38
2807.21
2823.47
2837.37
2843.64
2825.39
2838.67
2846.42
2856.37
2865.62
2874.51
2884.13
2890.49
2899.3
2906.33
2909.86
2912.49
2919.83
2917.77
2916.97
2905.84
2902.14
2886.46
2885.62
2882.95
2851.36
2801.32
2791.7
2796.04
2822.11
2844.49
2852.27
2850.26
2842.77
2819.94
2833.39
2845.62
2864.17
2875.16
2877.46
2881.78
2890.94
2905.41
2918.3
2922.82
2923.07
2917.92
2908.39
2894.55
2879.06
2864.17
2851.47
2844.27
2845.45
2857.13
2864.2
2867.25
2873.54
2868.02
2855.4
2840.85
2832.59
2832.92
2836.72
2834.37
2796.83
2793.7
2824.55
2854.84
2822.61
2672.09
2623.74
2639.26
2655.05
2667.29
2680.35
2694.3
2705.39
2708.31
2707.19
2704.14
2689.87
2682.99
2672.14
2669.82
2662
2659.67
2660.35
2737.94
2804.98
2744.65
2652.68
2619.47
2669.93
2888.09
2953.2
2910.49
2921.89
2983.51
3031.41
3053.31
3056.68
3053.73
3033.14
3018.96
3032.03
3062.63
3084.11
3083.27
2820.92
2886.51
2895.81
2857.2
2832.95
2828.92
2823.38
2813.76
2806.35
2807.54
2829.31
2857.2
2887.28
2921.85
2937.85
2938.55
2930.85
2927.26
2928.5
2932.78
2937.2
2939.42
2947.55
2952.41
2956.11
2951.71
2939.89
2914.88
2882.55
2819.53
2929.65
2967.29
2970.11
2970.02
2967.61
2970.73
2960.85
2943.97
2942.17
2940.03
2932.35
2934.79
2946.24
2963.95
2965.76
2962.68
2958.85
2958.45
2958.25
2957.98
2960.82
2961.52
2966.47
2971.01
2969.92
2959.84
2947.81
2940.59
2949.54
2967.6
2902.96
2878.37
2870.26
2871.76
2877.69
2884.39
2889.69
2891.6
2892.87
2891.41
2884.86
2876.73
2876.53
2894.98
2904.04
2903.68
2900.8
2886.02
2875.88
2868.74
2865.12
2866.39
2874.37
2886.07
2899.28
2906.58
2904.96
2907.52
2912.38
2916.15
2893.7
2891.93
2887
2878.76
2867.62
2860.79
2856.25
2850.5
2844.45
2844.76
2829.3
2827.84
2823.26
2819.51
2819.27
2819.23
2819
2826.58
2833.09
2838.52
2846.97
2853.24
2854.24
2850.4
2853.64
2846.93
2838.03
2833.94
2831.3
2817.72
2767.23
2762.47
2758.11
2743.45
2747.32
2755.25
2760.08
2768.89
2774.72
2778.65
2782.06
2786.18
2788.98
2793.09
2801.72
2807.19
2817.06
2825.01
2830.6
2828.44
2831.3
2822.99
2825.4
2816.91
2810.63
2802.62
2796.64
2797.12
2806.26
2813.72
2772.02
2775.44
2750.59
2725.05
2743.41
2769.51
2789.83
2800.27
2799.96
2800.73
2795.36
2788.93
2789.47
2783.64
2782.72
2783.33
2783.5
2778.46
2780.23
2781.22
2780.58
2780.55
2784.21
2786.15
2787.87
2785.48
2771.48
2749.42
2774.92
2770.1
2787.32
2787.33
2786.42
2787.44
2784.94
2786.34
2784.05
2779.65
2769.62
2771.66
2763.43
2763.48
2761.15
2762.78
2765.52
2766.83
2769.38
2772.26
2773.12
2772.74
2773.85
2772.12
2763.53
2762.71
2767.31
2755.56
2736.55
2746.15
2764.14
2762.51
2874.35
2878.93
2890.02
2904.01
2911.12
2913.46
2915.17
2916.97
2916.11
2912.24
2906.98
2913.51
2915.36
2921.44
2919.22
2917.16
2913.68
2906.13
2902.52
2900.88
2857.22
2782.6
2777.14
2777.71
2775.86
2799.11
2842.35
2869.75
2880.32
2850.81
2927.59
2917.23
2925.4
2926.22
2924.01
2925.84
2929.09
2927.63
2923.87
2923.77
2918.78
2906.85
2903.85
2907.57
2912.25
2912.12
2906.44
2903.96
2910.06
2910.66
2899.23
2891.83
2875.02
2842.7
2816.52
2810.76
2817.95
2832.28
2842.95
2847.89
2836.18
2846.69
2857.27
2869.51
2882.3
2891.88
2904.69
2912.56
2919.57
2926.86
2927.7
2931.57
2929.05
2931.53
2931.97
2930.11
2920.48
2901.24
2892.8
2884.94
2868.26
2821.46
2797.43
2804.75
2831.07
2850.34
2856.56
2852.32
2843.1
2826.89
2834.64
2852.7
2869.84
2875.72
2880.1
2889.27
2904.54
2922.71
2935.19
2940.92
2938.24
2931.91
2920.11
2905.07
2885.57
2865.33
2848.72
2842.17
2852.46
2867.37
2879.92
2899.22
2910.8
2901.97
2881.8
2855.57
2836.34
2832.59
2835.17
2833.24
2800.14
2813.88
2862.28
2828.56
2722.87
2629.97
2630.91
2650.82
2669.96
2689.52
2710.85
2731.83
2748.01
2759.28
2753.28
2738.97
2716.29
2698.11
2677.68
2672.89
2666.74
2664.74
2649.45
2673.7
2800.72
2801.83
2739.48
2705.74
2781.8
2916.97
2913.36
2893.93
2958.53
3036.25
3060.94
3066.42
3065.93
3062.62
3046.53
3026.07
3023.41
3054.92
3082.83
3084.09
2823.46
2896.06
2901.22
2854.98
2823.21
2813
2804.94
2799.91
2802.38
2830.14
2873.27
2899.99
2909.98
2929.95
2931.73
2922.74
2917.99
2919.56
2926.83
2937.45
2945.42
2947.55
2949.8
2949.96
2954.82
2950.33
2942.14
2918.3
2887.09
2826.8
2926.7
2969.16
2975.48
2977.19
2975.14
2973.8
2950.88
2935.57
2937.58
2939.45
2932.42
2937.26
2957.84
2965.11
2962.01
2958.27
2957.15
2956.79
2954.87
2955.49
2956.54
2959.37
2961.9
2965.63
2971.46
2970.14
2954.62
2941.16
2946.6
2965.25
2903.51
2877.71
2871.73
2873.05
2883.23
2884.46
2892.46
2902.55
2904.98
2905.52
2896.97
2880.54
2871.74
2892.97
2900.77
2901.26
2892.31
2877.8
2864.5
2856.61
2853.3
2857.04
2864.77
2874.1
2890.58
2902.89
2903.85
2907.08
2911.51
2916.13
2892.03
2889.34
2887.76
2874.77
2864.84
2858.56
2855.59
2849.93
2841.66
2839.45
2826.76
2822.06
2818.89
2815.44
2817.06
2817.48
2816.21
2817.64
2824.49
2831.92
2839.69
2845.82
2849.86
2848.52
2849.85
2848.62
2836.26
2830.45
2834.05
2819.33
2767.99
2762.13
2754.77
2741.42
2745.94
2753.64
2758.76
2764.84
2769.91
2773.67
2777.64
2781.69
2785.88
2792.97
2802.07
2812.23
2829.39
2841.17
2849.02
2845.47
2846.48
2835.08
2832.95
2823.41
2815.98
2805.05
2796.04
2794.39
2800.84
2810.39
2771.61
2767.39
2725.14
2726.48
2749.23
2775.08
2793.53
2797.28
2797.45
2797.86
2790.39
2788.13
2778.18
2774.77
2771.21
2772.05
2775.94
2780.02
2780.61
2779.54
2781.44
2781.64
2783.67
2785.3
2787.53
2788.72
2780.76
2775.66
2778.75
2781.85
2789.52
2785.74
2785.76
2785.97
2784.2
2787.6
2778.03
2773.46
2768.38
2759.9
2751.52
2747.87
2746.85
2750.06
2756.22
2763.11
2765.99
2769
2771.29
2771.84
2773.52
2773.82
2766.13
2759.05
2760.08
2747.18
2739.37
2770.36
2793.27
2780.77
2871.94
2880.73
2894.55
2908.97
2911.47
2914.29
2916.59
2910.47
2903.39
2898.52
2900.48
2896.28
2903.22
2911.56
2923.17
2922.15
2916.86
2917.05
2905.87
2903.35
2880.4
2807.62
2779.96
2778.63
2790.14
2833.18
2868.19
2882.48
2886.21
2864.04
2923.75
2919.37
2925.31
2923.22
2922.06
2928.59
2927.39
2924.74
2922.55
2913.31
2900.13
2899.26
2896.14
2890.77
2891.43
2900.83
2910.7
2906.71
2903.16
2908.92
2904.79
2894.23
2885.51
2862.28
2836.71
2827.55
2829.28
2843.63
2849.57
2850.16
2847.03
2855.75
2870.68
2883.82
2894.7
2909.3
2922.56
2926.98
2935.23
2917.98
2915.36
2908.67
2920.01
2923.12
2945.45
2933.61
2939.62
2914
2901.28
2888.06
2877.51
2841.66
2813.68
2816.01
2836.43
2853.82
2859.9
2853.17
2843.46
2833.76
2836.23
2856.41
2871.06
2877.52
2882.93
2896.19
2918.47
2937.07
2950.07
2954.11
2956.5
2946.08
2929.6
2911.36
2892.45
2866.74
2846.33
2842.85
2856.9
2873.48
2897.95
2925.89
2933.24
2929.27
2904.29
2864.66
2839.12
2834.11
2835.42
2831.91
2800.61
2813.01
2845
2766.23
2655.79
2618.63
2639.47
2662.52
2686.43
2715.86
2751.4
2786.01
2812
2819.34
2808.19
2786.26
2748.68
2715.61
2684.23
2672.91
2665.63
2667.77
2655.8
2643.84
2745.71
2842.8
2811.69
2807.74
2884.51
2753.15
2886.97
2901.58
3009.29
3059.41
3062.19
3054.81
3057.68
3063.52
3047.9
3027.91
3022.9
3053.85
3083.14
3083.05
2830.82
2905.45
2911.74
2858.05
2819.17
2806.16
2799.91
2803.15
2839.32
2897.64
2939.66
2944.05
2933.41
2931.06
2922.6
2911.79
2911.42
2923.99
2941.86
2953.66
2961.9
2964.76
2962.67
2958.04
2953.31
2948.4
2939.15
2918.82
2888.2
2828.86
2926.27
2967.23
2979.22
2981.74
2978.34
2977.34
2945.2
2923.74
2930.37
2938.73
2932.41
2940.97
2966.49
2963.03
2959.42
2958.03
2955.65
2950.25
2946.35
2946.85
2950.3
2954.21
2960.4
2961.71
2967.29
2969.41
2961.01
2941.73
2943.92
2963.56
2904.88
2879.73
2871.34
2874.92
2882.19
2885.63
2894.16
2907.94
2913.34
2913.98
2909.39
2889.35
2869.62
2887.71
2898.15
2898.74
2888.29
2872.42
2862.09
2856.29
2854
2851.38
2859.35
2867.93
2883.76
2899.38
2903.26
2903.34
2908.2
2913.03
2889.77
2885.58
2883.65
2874.22
2863.03
2855.54
2856.94
2847.29
2839.28
2839.4
2822.75
2820.2
2819.86
2818.41
2812.94
2812.96
2816.75
2818.5
2821.47
2826.87
2836.1
2841.48
2845.75
2844.72
2846.87
2843.11
2834.56
2829.92
2831.13
2821.76
2765.38
2761.66
2748.6
2741.85
2745.41
2751.03
2756.9
2760.98
2764.74
2768.48
2772.88
2777.85
2784.47
2790.38
2801.54
2814.96
2836.73
2849.41
2858.78
2856.36
2855.7
2844.96
2839.18
2828.63
2818.17
2805.33
2795.33
2791.27
2797.54
2806.26
2771.65
2754.43
2718.16
2727.23
2749.06
2775.77
2798.27
2795.63
2800.36
2794.38
2787.69
2784.35
2774.4
2774.79
2771.61
2768.22
2768.53
2773.54
2778.82
2779.86
2781.14
2782.23
2786.46
2784.7
2787.64
2789.27
2786.08
2782.15
2783.12
2789.54
2787.56
2783.59
2783.85
2783.93
2784.57
2784.82
2773.87
2774.33
2758.74
2753.32
2747.29
2743.95
2739.23
2740.23
2746.35
2756.48
2763.55
2768.81
2770.52
2771.79
2774.54
2775.4
2769.07
2760.1
2753.46
2737.44
2766.79
2808.19
2819.67
2801.49
2871.12
2882.1
2895.39
2907.95
2909.76
2913.62
2914.99
2906.54
2898.35
2895.4
2888.72
2893.08
2891.42
2904.55
2910.37
2924.89
2920.27
2919.43
2908.88
2905.48
2891.61
2833.02
2791.09
2786.29
2816.45
2867.4
2882.55
2885.13
2884.83
2870.69
2922.02
2918.88
2918.86
2917.94
2917.79
2925.23
2923.72
2922.15
2915.88
2906.84
2897.31
2882.66
2875.64
2875.06
2877.12
2880.91
2895.48
2910.06
2906.62
2903.2
2907.49
2898.43
2890.22
2875.02
2852.74
2839.72
2844.26
2851.75
2851.39
2851.27
2853.13
2866.96
2882.66
2893.16
2906.18
2922.98
2932.84
2927.17
2911.85
2884.58
2871.98
2873.86
2880.22
2893.34
2930.16
2940.79
2943.56
2928.63
2910.18
2891.39
2879.03
2861.56
2830.66
2826.2
2839.15
2854.73
2860.98
2855.37
2845.96
2839.29
2836.87
2859.42
2871.01
2877.71
2888.31
2899.3
2926.79
2947.8
2959.49
2970.75
2968.07
2957.19
2935.15
2915.38
2894.02
2869.18
2847.57
2840.39
2857.98
2878.14
2903.67
2925.62
2931.97
2927.68
2894.52
2860.79
2841.33
2836.3
2835.04
2830.15
2794.22
2789.42
2798.15
2705.03
2629.23
2620.49
2648.57
2675.51
2706.16
2750.93
2794.19
2835.14
2864.39
2879.06
2859.08
2825.34
2776.82
2734.54
2690.54
2671.69
2662.98
2666.18
2661.06
2640.33
2690.18
2864.33
2854.93
2882.16
2907.69
2586.95
2879.75
2930.05
3042.47
3059.96
3037.93
3025.35
3042.84
3065.02
3049.14
3027.71
3023.85
3057.26
3084.86
3085.02
2829.62
2911.93
2925.12
2878.96
2834.31
2813.98
2815.13
2845.76
2911.07
2968
2986.33
2975.27
2944.66
2929.9
2912.21
2902.16
2912.52
2936.45
2957.93
2974.49
2983.15
2983.22
2978.91
2970.78
2959.86
2948.56
2937.75
2917.08
2886.69
2826.23
2924.84
2958.24
2980.13
2986.03
2984.06
2979.51
2942.67
2920.14
2925.21
2940.65
2935.54
2944.63
2965
2962.17
2959.93
2957.41
2952.38
2943.2
2939.28
2939.79
2945.3
2949.29
2957.29
2960.63
2963.83
2967.16
2963.38
2941.89
2943.39
2963.63
2907.79
2885.04
2874.32
2875.17
2883.68
2884.66
2890.44
2905.43
2911.66
2915.41
2914.39
2898.08
2869.97
2882.78
2896.47
2896.22
2886.56
2873.74
2864.25
2856.33
2853.42
2851.46
2856.14
2870.5
2880.67
2896.83
2901.51
2904.34
2908.59
2914.33
2892.31
2886.56
2879.08
2869.64
2860.51
2856.31
2855.89
2846.06
2842.85
2836.45
2822.05
2820.96
2824.29
2817.43
2813.43
2811.55
2811.29
2814.12
2819.76
2824.1
2828.95
2837.51
2842.73
2844.49
2843.42
2842.02
2837.67
2829.63
2827.21
2830.38
2767.01
2759.16
2746.35
2740.65
2744.86
2750.09
2754.94
2757.53
2761.15
2765.25
2768.7
2774.41
2780.33
2787.53
2796.45
2814.97
2836.11
2851.65
2856.89
2859.33
2857.35
2846.4
2840.87
2830.14
2817.4
2804.08
2792.52
2788.18
2794.19
2802.27
2773.82
2741.5
2718.1
2724.5
2746
2771.83
2792.09
2795.32
2796.06
2793.73
2788.61
2782.78
2773.36
2774.02
2767.06
2767.39
2771.68
2772.29
2778.94
2779.06
2782.59
2782.38
2786.25
2786.08
2788.23
2790.27
2789.32
2785.58
2789.45
2800.99
2781.78
2779.42
2782.88
2782.66
2783.71
2781.69
2774.8
2770.11
2755.59
2755.53
2741
2737.1
2730.92
2735.47
2742.05
2750.32
2764.3
2768.16
2768.81
2773.96
2775.54
2774.22
2770.86
2761.89
2750.01
2740.71
2817.12
2837.98
2834.03
2826.87
2873.6
2881.02
2893.78
2904.13
2907.22
2910.32
2913.48
2904.39
2893.04
2884.43
2880.2
2883
2882.27
2900.9
2903.5
2929.02
2922.17
2917.44
2917.35
2905.78
2898.03
2854.15
2811.35
2812.3
2849.15
2886.09
2879.17
2874.36
2873.76
2870.9
2913.78
2919.62
2919.09
2914.5
2912.37
2923.33
2918.41
2915.48
2915.92
2895.54
2883.35
2878.44
2879.77
2875.99
2876.39
2879.15
2883.61
2900.84
2905.64
2904
2906.09
2896.31
2891.26
2879.3
2859.01
2849.52
2853.58
2854.95
2848.68
2846.52
2865.15
2880.12
2890.04
2898.78
2914.16
2928.91
2940.29
2913.44
2890.35
2863.89
2851.03
2843.26
2859.87
2866.64
2907.43
2927.21
2951.01
2936.58
2915.24
2896.74
2881.68
2873.64
2844.34
2833.31
2838.15
2853.74
2862.25
2857.07
2847.36
2841.78
2837.16
2859.49
2872.96
2877.03
2887.63
2906.19
2927.77
2950.17
2969.9
2975.11
2971.62
2957.75
2933.18
2913.25
2895.59
2871.75
2846.26
2839.75
2860.12
2876.15
2890.73
2902.29
2901.75
2891.63
2871.23
2851.53
2841.77
2836.75
2833.08
2828.59
2763.9
2759.12
2750.4
2664.37
2619.11
2622.44
2654.72
2688.44
2722.36
2772.21
2825.48
2877.05
2914.63
2919.83
2895.17
2851.91
2790.94
2741.84
2693.08
2668.11
2660.46
2663.04
2660.05
2640.13
2660.43
2855.43
2890.43
2922.89
2697.42
2485.3
2881.16
2966.92
3049.43
3040.59
3003.45
2993.1
3035.61
3067.74
3051.2
3027.37
3033.6
3067.35
3085.21
3078.71
3008.96
2894.87
2838.78
2918.08
2947.51
2913.36
2870.65
2855.06
2871.74
2923.93
2977.32
3002.55
3004.49
2988.32
2949.13
2926.4
2905.22
2897.74
2916.68
2945.67
2971.44
2990.84
3000.72
3000.67
2994.2
2981.78
2965.05
2949.78
2934.91
2912.82
2879.06
2822.89
2830.46
2873.51
2919.74
2951.36
2978.5
2986.55
2985.89
2982.16
2946.46
2919.29
2923.96
2939.89
2937.14
2947.06
2965.32
2962.65
2961.84
2956.22
2950.48
2941
2937.24
2938.58
2943.09
2947.45
2954.82
2960.4
2962.4
2964.94
2961.02
2939.42
2943.16
2961.74
2966.79
2934.99
2911.45
2891.15
2878.6
2874.81
2881.74
2888.3
2887.43
2901.69
2909.17
2913.63
2916.88
2908.83
2875.1
2879.66
2896.7
2899.29
2888.37
2873.73
2866.12
2862.76
2858.56
2861.72
2867.48
2871.7
2885.52
2897.44
2901.14
2905.01
2909.78
2914.19
2901.12
2881.58
2880.46
2881.8
2877.86
2868.23
2858.39
2852.82
2849.99
2848.7
2841.39
2836.4
2825.84
2820.79
2822.86
2818.51
2813.84
2815.68
2815.9
2813.57
2821.19
2822.08
2830.3
2833.88
2838.98
2838.24
2839.44
2837.68
2833.29
2829.57
2828.62
2828.35
2825.85
2816.24
2787.14
2772.03
2753.33
2742.38
2742.38
2750.64
2756.07
2761.8
2769.07
2767.82
2766.92
2771.95
2778.46
2786.22
2794.46
2806.74
2828.39
2847.2
2857.18
2853.68
2855.58
2845.6
2839.32
2828.17
2814.27
2799.13
2789.02
2785.93
2790.79
2795.58
2790.33
2777.98
2762.68
2723.51
2716.62
2722.11
2737.84
2764.15
2785.88
2795.06
2793.9
2799.64
2790.72
2780.91
2776.65
2775.72
2769.91
2770
2769.53
2774.12
2776.85
2779.68
2783.65
2784.39
2787.64
2787.56
2789.57
2791.48
2789.51
2793.7
2793.04
2795.35
2781.39
2780.57
2769.64
2772.42
2780.07
2781.1
2781.78
2781.34
2772.74
2770.28
2757.01
2757.23
2744.71
2742.19
2735.44
2739.3
2747.87
2755.42
2763.89
2767.88
2773.58
2774.22
2774.68
2778.54
2775.09
2760.08
2766.47
2820.13
2837.73
2841.95
2845.88
2849.57
2853.96
2861.75
2862.32
2872.6
2886.32
2900.04
2903.19
2906.67
2909.66
2904.97
2891.5
2889.01
2877.78
2882.72
2880.23
2899.24
2903
2928.17
2920.81
2921.12
2913.97
2907.26
2901.66
2867.56
2831.17
2843.14
2874.8
2886.92
2877.43
2875.61
2878.57
2884.35
2887.65
2881.84
2905.23
2906.39
2903.87
2903.63
2906.78
2915.32
2911.84
2914.94
2909.97
2893.25
2888.34
2876.96
2868.88
2868.56
2873.6
2880.81
2881.4
2896.63
2907.42
2900.71
2903.73
2896.6
2887.15
2875.23
2857.69
2854.28
2858.04
2855.4
2849.59
2851.83
2854.32
2861.69
2869.95
2877.25
2887.5
2897.4
2916.6
2930.53
2938.61
2905.47
2880.23
2850.32
2839.05
2833.2
2846.75
2856.65
2899.1
2919.75
2952.71
2942.66
2914.72
2903.19
2885.65
2879.09
2855.02
2835.81
2834.45
2854.06
2863.95
2857.95
2849.96
2842.63
2836.84
2836.07
2839.37
2861.09
2873.3
2879.12
2884.94
2904.08
2928.99
2943.63
2962.68
2969.2
2967.33
2954.26
2930.49
2910.8
2895.8
2871.69
2843.8
2840.92
2860.31
2870.93
2875.24
2874.61
2871.46
2863.93
2855.09
2847.27
2840.96
2835.99
2830.42
2823.13
2749.86
2724.57
2703.77
2724.65
2725.3
2644.75
2614.99
2624.63
2657.74
2693.83
2733.41
2780.28
2840.2
2892.84
2924.2
2926.9
2896.75
2852.1
2789.36
2738.09
2686.44
2665.34
2656.12
2660.57
2656.07
2637.64
2643.78
2836.47
2927.21
2827.7
2666.58
2834.16
2521.1
2446.31
2888.45
2991.78
3044.95
3014.57
2966.08
2971.44
3034.87
3071.66
3058.82
3037.65
3053.18
3079.74
3087.58
3067.43
2975.98
2871.91
2854.21
2930.96
2969.09
2952.59
2927.46
2924.76
2949.3
2986.54
3013.29
3013.19
3004.76
2996.88
2953.57
2924.37
2895.54
2894.84
2915.91
2946.25
2976.12
2996.13
3008.6
3007.97
3000.22
2984.34
2966.08
2947.19
2929.69
2903.69
2868.58
2821.06
2829.84
2872.99
2912.26
2938.69
2967.24
2982.8
2986.05
2984.59
2952.69
2924.7
2930.01
2939.35
2939.14
2947.66
2966.47
2964.98
2963.47
2957.59
2950.07
2942.57
2938.7
2937.9
2942.1
2949.67
2955.16
2959.89
2961.88
2963.56
2955.23
2939.23
2950.46
2968
2971.54
2941.62
2910.83
2894.85
2884.37
2877.97
2882.58
2886.95
2893.9
2898.78
2906.63
2911.84
2917.11
2914.9
2881.12
2868.5
2892.9
2899.58
2898.97
2888.29
2874.8
2865.99
2867.58
2866.19
2868.04
2878.82
2892.89
2903.72
2904.04
2906.21
2910.37
2917.09
2897.75
2885.13
2876.21
2877.28
2882.81
2870.42
2859.32
2850.74
2850.2
2851.86
2842.35
2837.72
2832.31
2820.02
2825.68
2819.55
2815.44
2817.28
2816.68
2814.51
2820.52
2823.76
2830
2834.37
2839.99
2838.35
2838.35
2834.91
2831.96
2827.92
2828.1
2810.3
2809.24
2805.84
2800.81
2792.63
2773.22
2753.24
2746.57
2751.36
2762.73
2778.23
2787.95
2786.45
2771.43
2770.33
2774.92
2782.74
2790.6
2802.15
2815.47
2831.54
2842.29
2850.51
2845.57
2842.18
2831.82
2820.71
2807.29
2794.36
2785.8
2784.58
2790.89
2795.86
2791.42
2773.33
2746.69
2715.2
2719.87
2720.16
2730.03
2749.66
2776.92
2794.25
2794.49
2796.31
2793.79
2786.95
2779.77
2776.99
2776.81
2776.48
2777.62
2777.64
2779.44
2781.87
2785.65
2789.26
2788.15
2790.66
2791.39
2794.54
2794.67
2785.3
2782.9
2784.06
2772.01
2764.27
2749.78
2757.83
2775.42
2778.91
2780.46
2781.69
2773.49
2771.15
2760.2
2758.23
2751.1
2753.43
2749.87
2751.18
2752.02
2760.04
2768.43
2771.78
2772.14
2775.2
2779.93
2780.03
2772.73
2765
2779.95
2803.71
2801.27
2793.78
2799.67
2814.34
2832.13
2841.4
2854.51
2865.72
2878.14
2895.63
2899.87
2900.89
2905.16
2906.87
2898.07
2889.82
2884.74
2889.38
2888
2902.94
2906.63
2928.78
2918.7
2920.81
2916.68
2908.53
2902.4
2877.88
2850.37
2865.16
2885.31
2886.4
2880.31
2881.35
2882.72
2883.67
2886.91
2887.47
2896.98
2892.91
2900.45
2902.12
2898.76
2902.39
2914.63
2907.45
2906.28
2896.89
2888.42
2874.81
2875.61
2873.41
2873.6
2881.5
2885.92
2897.3
2900.96
2901.61
2901
2890.4
2883.89
2867.63
2848.51
2851.6
2858.76
2857.62
2853.91
2848.32
2847.94
2852.29
2863.38
2874.11
2885.09
2894.57
2913.55
2927.64
2941.93
2912.54
2883.03
2854.93
2844.5
2838.09
2854.57
2864.78
2898.53
2924.58
2957.07
2942.18
2917.4
2901.94
2887.97
2884.66
2859.4
2833.4
2831.04
2852.93
2863.88
2859.74
2854.14
2848.7
2844.61
2840.1
2843.47
2864.46
2874.19
2878.48
2885.81
2894.68
2919.23
2937.18
2946.18
2956.17
2952.78
2937.13
2919.76
2905.15
2890.33
2870.1
2842.85
2841.37
2859.85
2867.93
2867.71
2858.33
2852.17
2843.94
2835.02
2828.89
2819.01
2805.73
2781.09
2732.79
2659.31
2649.96
2651.83
2690.47
2700.22
2634.55
2611.18
2625.4
2656.61
2690.9
2734.3
2776.92
2826.57
2874.92
2901.29
2901.1
2866.86
2827.02
2771.2
2722.67
2676.14
2659.49
2654.85
2655.09
2651.05
2628.85
2635.6
2818.79
2831.97
2713.83
2857.54
2716.3
2465.83
2444.77
2903.13
3001.14
3033.45
2987.48
2952.01
2966.07
3038.48
3076.46
3071.76
3059.44
3071.23
3085.24
3086.07
3063.99
2996.7
2887.02
2867.41
2940.32
2984.94
2995
2987.37
2990.99
3009.61
3021.7
3020.94
3011.72
2997.39
2995.33
2956.27
2918.76
2891.86
2891.38
2908.41
2939.83
2967.61
2989.13
2997.95
2998.75
2993.03
2977.82
2959.64
2941.36
2921.64
2893.91
2859.71
2821.3
2827.23
2867.77
2910.33
2929.07
2956.4
2977.67
2983.78
2983.04
2958.78
2935.5
2933.29
2939.15
2941.38
2946.19
2968.03
2966.64
2965.51
2960.45
2954.81
2949.98
2946.03
2946.37
2950.21
2952.8
2957.94
2960.92
2961.92
2958.85
2948.79
2941.56
2957.45
2970.74
2970.47
2961.66
2929.24
2911.86
2896.82
2886.22
2884.35
2885.7
2890.26
2897.74
2904.99
2911.43
2915.55
2918.3
2894.48
2867.77
2890.83
2898.3
2898.74
2897.8
2892.03
2884.85
2876.43
2878.63
2887.66
2894.87
2903.99
2905.06
2907.17
2910.42
2914.07
2915.96
2887.68
2881.13
2873.09
2873.85
2879.33
2872.94
2861.47
2853.02
2849.2
2849.82
2847.62
2840.81
2837.05
2824.85
2823.58
2822.27
2813.94
2818.36
2817.8
2816.93
2819.73
2827.83
2829.32
2835.16
2832.55
2831.53
2831.52
2832.69
2827.97
2828.27
2810.79
2787.49
2781.75
2781.54
2791.45
2795.24
2782.88
2764.31
2749.78
2755.58
2776.35
2800.92
2818.04
2813.22
2789.41
2768.68
2774.29
2780.33
2787.34
2794.11
2805.93
2817.76
2828.09
2830.48
2832.95
2827.39
2821.39
2809.28
2800.37
2789.81
2785.24
2786.56
2791.31
2794.19
2789.93
2774.03
2742.47
2718.03
2721.86
2721.1
2723.22
2737.26
2765.31
2790.69
2794.78
2794.08
2795.31
2792.52
2786.32
2783.54
2777.7
2776.03
2777.17
2781.06
2782.26
2787.24
2790.24
2791.41
2791.32
2794.47
2794.61
2794.42
2791
2769.03
2765.1
2763.01
2745.55
2729.1
2721.43
2736.98
2765.84
2775.69
2777.86
2780.97
2777.36
2774.88
2763.55
2763.78
2756.42
2752.08
2755.77
2758.11
2764.07
2769.13
2769.41
2771.24
2777.77
2782.35
2782.83
2778.13
2770.72
2768.8
2772.82
2751.33
2721.32
2702.94
2702.39
2731.78
2767.3
2806.2
2839.97
2856.49
2868.26
2882.69
2895.32
2896.27
2898.68
2902.9
2907.27
2899.8
2897.05
2898.58
2895.82
2912.48
2920.78
2922.84
2915.98
2919.56
2912.43
2907.59
2902.46
2883.32
2866.07
2875.99
2892.44
2888.59
2886.76
2887.18
2884.29
2884.25
2882.47
2884.4
2884
2879.95
2889
2892.59
2890.81
2897.69
2904.34
2903.87
2904.18
2898.51
2895.78
2883.55
2879.73
2878.68
2881.9
2884.36
2892.98
2899.01
2893.47
2895.9
2893.75
2882.88
2875.2
2858.96
2845.81
2853.87
2861.95
2866.06
2862.57
2855.19
2846.63
2845.06
2855.34
2868.65
2880.1
2889.5
2903.88
2922.05
2934.59
2929.47
2905.35
2882.09
2862.26
2863.69
2874.36
2879.36
2919.32
2940.05
2948.93
2944.31
2916.84
2899.02
2893.24
2887.44
2859.9
2832.52
2828.18
2848.97
2866.29
2862.3
2853.54
2853.26
2853.32
2851.45
2851.94
2867.57
2876.72
2879.2
2883.47
2888.77
2903.78
2920
2931.1
2931.5
2932.47
2920.14
2906.81
2896.97
2884.43
2864.01
2840.39
2842.16
2860.6
2866.19
2867.05
2853.85
2839.48
2822.72
2805.36
2787.26
2770.68
2747.11
2724.17
2695.32
2661.93
2634.12
2629.44
2657.49
2667.49
2625.85
2609.18
2622.3
2652.62
2682.27
2720.05
2761.16
2796.04
2830.91
2848.25
2844.23
2821.67
2787.33
2738.44
2700.55
2662.44
2651.31
2652.44
2652.38
2638.17
2619.1
2632.27
2827.83
2743.74
2727.53
2884.14
2564.23
2472.3
2443.79
2914.38
3000.28
3023.33
2974.24
2949.64
2970.23
3043.54
3084.33
3086.51
3079.84
3085.22
3090.63
3088.83
3068.88
3030.42
2925.78
2873.22
2939.69
2988.26
3008.35
3019.89
3022.8
3028.24
3027.32
3020.96
3004.6
2990.23
2991.99
2962.14
2923.84
2893.53
2885.24
2898.15
2919.48
2947.01
2964.75
2975.65
2978.03
2972.56
2960.4
2945.52
2928.52
2905.01
2879.14
2847.93
2818.04
2810.12
2843.83
2907.12
2925.79
2947.47
2966.9
2974.17
2973.59
2961.91
2941.83
2936.22
2940.26
2943.92
2943.8
2969.65
2969.4
2967.57
2964.22
2958.52
2954.12
2953.21
2952.86
2952.77
2955.25
2957.79
2960.06
2958.53
2956.26
2946.3
2947.13
2961.09
2969.51
2967.79
2969.5
2957.74
2941.71
2924.43
2907.1
2896.23
2891.83
2893.08
2896.81
2904.87
2909.93
2913.96
2922.33
2907.74
2869.35
2885.6
2902.9
2902.47
2899.48
2898.08
2897.31
2897.59
2898.92
2899.27
2904.08
2906.55
2908.69
2911.98
2916.17
2915.92
2907.53
2883.75
2882.13
2873.28
2872.89
2876.98
2877.48
2866.85
2857.08
2851.06
2848.7
2848.35
2847.04
2840.19
2834.06
2823.86
2825.25
2819.32
2815.92
2818.51
2818.24
2824.55
2827.83
2832.15
2834.3
2829.39
2826.75
2827.2
2828.14
2828.3
2814.68
2785.52
2763.03
2768.87
2775.33
2788.15
2790.77
2784.97
2763.68
2753.94
2761
2789.17
2822.39
2841.45
2840.18
2816.54
2778.41
2771.15
2777.71
2784.97
2790.42
2794.45
2802.42
2808.61
2814.99
2814.96
2813.62
2806.28
2800.54
2792.37
2787.4
2785.67
2788.28
2791.93
2793.35
2789.27
2776.72
2748.96
2724.27
2726.71
2722.09
2723.43
2727.45
2747.91
2780.84
2798.77
2796.59
2795.92
2795.66
2797.29
2789.81
2788.77
2787.97
2788.89
2788.39
2792.12
2791.54
2792.11
2794.45
2795.12
2796.15
2799.91
2793.82
2776.1
2749.63
2740.37
2724.92
2703.27
2688.25
2694.12
2711.42
2747.6
2771.67
2775.56
2777.61
2778.75
2778.13
2768.41
2766.32
2762.35
2765.2
2762.16
2763.7
2766.91
2769.34
2773.23
2779.76
2783.43
2783.09
2781.32
2777.63
2771.51
2769.33
2755.07
2699.97
2638.32
2597.07
2585.26
2610.56
2672.91
2743.84
2811.28
2845.86
2859.06
2871.9
2884.14
2892.19
2894.1
2894.61
2897.12
2902.06
2905.84
2907.61
2908.08
2919.49
2910.65
2915.55
2914.04
2918.54
2909.07
2908.62
2901.9
2887.37
2878.63
2888.31
2900.98
2894.49
2899.51
2908.96
2910.35
2905.32
2901.06
2893.26
2886.1
2870.99
2885.02
2891.9
2892.28
2886.67
2892.58
2900.98
2900.38
2893.18
2897.35
2890.42
2892.3
2889.78
2889.93
2890.17
2886.77
2892.23
2894.85
2888.43
2883.17
2877.94
2862.42
2847.16
2848.71
2854.82
2863.56
2870.55
2871.96
2862.36
2848.74
2839.66
2846.67
2861.83
2873.99
2882.45
2892.38
2908.81
2924.85
2930.67
2934.56
2915.02
2912.86
2904.79
2903.51
2923.82
2947.22
2945.96
2950.1
2930.77
2908.85
2900.98
2896.72
2887.23
2859.93
2832.2
2823.61
2845.32
2867.99
2864.04
2855.45
2855.92
2858.15
2862.79
2865.81
2874.48
2878.89
2881.08
2882.88
2883.44
2893.89
2895.29
2909.79
2905.76
2902.49
2900.03
2896.37
2888.25
2875.24
2856.23
2837.11
2845.08
2862.19
2862.94
2867.54
2859.29
2844.93
2830.06
2822.33
2813.89
2809.4
2796.11
2771.49
2728.98
2680.03
2642.1
2621.93
2622.12
2635.23
2619.65
2609.71
2617.96
2643.36
2670.23
2697.73
2732.14
2759.8
2778.84
2790.51
2786.34
2768.28
2740.35
2704.89
2671.02
2651.91
2646.19
2651.43
2644.51
2626.43
2609.23
2646.93
2872.85
2723.02
2778.97
2789.86
2549.85
2499.19
2444.15
2926.98
2988.9
3017.16
2973.9
2952.06
2981.71
3048.53
3087.16
3094.39
3094.12
3093.53
3094.34
3090.55
3077.08
3058.76
2990.07
2884.34
2919.46
2964.64
2993.8
3016.35
3027.53
3029.26
3025.25
3011.78
2995.27
2982.16
2988.76
2968.9
2927.6
2895
2881.47
2884.27
2898.83
2916.29
2934.95
2942.89
2944.23
2940.53
2932.22
2916.63
2899.96
2879.64
2855.41
2829.79
2811.27
2800.69
2827.66
2884.96
2915.64
2933.05
2944.12
2956.08
2958.13
2961.02
2947.15
2942.09
2943.01
2946.36
2941.63
2965.11
2971.39
2970.54
2967.79
2963.72
2960.6
2956.66
2955.25
2956.84
2956.91
2957.55
2956.29
2955.76
2950.92
2947.73
2952.48
2962.61
2967.57
2967.11
2971.3
2962.96
2950.24
2938.66
2924.84
2910.21
2900.93
2896.73
2899.41
2903.51
2908.4
2913.77
2923.42
2918.64
2877.88
2873.12
2900.32
2908.41
2907.98
2904.79
2903.33
2903.27
2902.3
2905.46
2908.64
2910.81
2914.38
2918.24
2919.71
2915.81
2898.38
2885.45
2882.45
2881.88
2877.12
2876.15
2884.68
2872.55
2862.28
2855.24
2850.42
2847.16
2846.9
2843.3
2844.04
2831.93
2826.93
2825.35
2824.06
2820.9
2822.53
2827.8
2831.14
2828.52
2826.23
2823.24
2823.71
2828.75
2827.74
2816.8
2786.96
2765.18
2757.75
2761.2
2767.5
2779.05
2782.76
2775.01
2759.83
2755.82
2768.53
2800.17
2831.85
2852.19
2849.89
2841.12
2800.6
2771.74
2773.89
2781.88
2788.23
2792.04
2793.52
2795.92
2797.05
2799.59
2797.78
2796.54
2792.55
2790.44
2787.49
2788.89
2790.11
2794.34
2791.29
2788.27
2774.8
2756.15
2734.49
2728.5
2722.75
2722.3
2725.19
2734.15
2765.29
2793.43
2799.49
2796.61
2796.33
2795.59
2795.25
2793.4
2792.28
2790.56
2791.7
2791.76
2793.29
2794.98
2796.49
2797.84
2799.61
2797.96
2791.19
2766.98
2736.57
2716.86
2693.6
2671.52
2668.85
2680.12
2693.59
2723.11
2758.54
2773.4
2774.11
2776.1
2780.02
2775.02
2771.08
2767.97
2764.69
2767.73
2770.89
2772.37
2775.48
2780.92
2783.07
2783.5
2783.57
2780.87
2775.42
2772.77
2771.11
2759.31
2713.52
2653.29
2600.03
2572.72
2567.31
2594.44
2670.69
2766.38
2828.31
2849.44
2860.92
2872.54
2883.56
2890.18
2889.86
2890.02
2892.36
2891.29
2899.36
2898.2
2906.88
2900.72
2913.57
2911.07
2909.75
2908.96
2908.18
2899.78
2890.36
2888.24
2909.13
2923.01
2915.39
2915.48
2927.95
2938.76
2942.84
2938.96
2921.7
2883.93
2857.28
2871.26
2889.23
2888.44
2883
2883.86
2886.39
2896.07
2892.47
2890.87
2888.8
2885.45
2886
2883.22
2884.41
2886.26
2887.42
2884.67
2882.84
2874.85
2865.3
2854.96
2846.88
2850.66
2861.68
2866.5
2870.1
2868.13
2860.98
2848.44
2837.98
2838.81
2853.51
2868.88
2877.61
2883.35
2893.3
2907.27
2920.95
2923.3
2929.76
2929.95
2932.06
2943.52
2940.91
2939.13
2943.37
2933.78
2916.07
2909.24
2902.97
2895.39
2884.55
2858.73
2834.03
2827.42
2844.44
2866.81
2868.77
2857.6
2856.22
2858.62
2867.88
2878.28
2884.53
2885.94
2884.42
2885.85
2880.95
2887.71
2884.2
2889.7
2889.66
2889.64
2887.47
2885.51
2878.21
2864.09
2845
2834.41
2852.76
2865.42
2855.61
2865.95
2869.43
2863.39
2851.57
2845.87
2842.14
2837.43
2820.26
2783.3
2719.76
2659.45
2636.6
2630.6
2617.94
2613.05
2613.17
2609.81
2614.55
2631.12
2653.7
2674.46
2695.26
2716.38
2726.87
2731.25
2726.6
2713.26
2691.9
2670.53
2648.08
2642
2647.25
2646.69
2635.69
2618.89
2612.11
2714.48
2919.4
2739.95
2930.93
2716.22
2554.36
2528.11
2447.06
2942.33
2977.08
3010.24
2980.09
2960.01
2989.34
3047.83
3083.43
3095.44
3097.36
3097.24
3096.21
3092.75
3082.59
3062
3017.21
2930.72
2913.72
2928.93
2959.26
2986.54
3009.54
3018.35
3012.8
3000.53
2981.1
2977.9
2985.02
2977.46
2937.09
2904.29
2879.97
2876.3
2878.52
2888.51
2898.72
2905.14
2906.25
2902.27
2894.72
2883.79
2869.86
2853.09
2834.44
2816.66
2801.06
2811.5
2865.18
2877.84
2895.31
2910.92
2921.85
2932.96
2941.2
2943.75
2940.48
2938.6
2947.66
2948.61
2941.77
2955.5
2971.55
2973.06
2971.25
2968.85
2964.92
2962.69
2959.74
2957.58
2957.1
2956.2
2957
2957.34
2955.49
2956.68
2960.92
2965.35
2968.31
2970.65
2966.86
2953.42
2943.27
2933.12
2925.74
2913.93
2906.04
2901.52
2901.36
2905.03
2907.85
2915.7
2925.19
2924.7
2891.4
2865.67
2885.73
2905.72
2911.51
2911.72
2909.68
2907.59
2910.5
2912.2
2914.37
2918.52
2922.58
2924.38
2923.91
2918.83
2906.67
2892.15
2885.23
2882.99
2885.31
2879.76
2881.27
2878.68
2869.37
2860.53
2854.42
2848.56
2846.66
2841.56
2836.03
2832.85
2836.77
2825.22
2827.99
2826.43
2827.85
2824.61
2822.29
2822.73
2821.52
2822.76
2824.15
2827.95
2813.77
2789.32
2770.97
2767.62
2757.59
2757.07
2753.39
2763.63
2763.82
2762.32
2755.17
2760.89
2774.86
2802.77
2826
2844.89
2851.79
2849.02
2830.68
2783.67
2772.5
2776.71
2784.04
2789.26
2792.8
2793.75
2794.46
2793.92
2793.84
2792.55
2792.13
2791.54
2792.71
2793.46
2797.83
2797.86
2794.7
2783.73
2773.5
2759.35
2743.76
2734.68
2723.65
2723.48
2725.54
2729.69
2748
2783.34
2800.46
2799.13
2799.38
2796.63
2795.63
2794.42
2793.15
2793.46
2793.23
2794.51
2796
2797.55
2799.49
2804.73
2798.6
2795.45
2780.91
2760.83
2732.93
2708.96
2684.19
2673.55
2670.1
2683.95
2694.35
2701.17
2733.36
2766.02
2771.52
2772.08
2775.2
2775.43
2775.42
2771.34
2772.54
2772.69
2773.51
2776.41
2781.67
2783.81
2783.85
2783.69
2781.8
2777.12
2771.56
2769.7
2771.69
2771.23
2760.84
2736.07
2703.47
2675.22
2652.17
2628.65
2635.17
2708.16
2793.89
2836.55
2850.82
2860.87
2870.24
2878
2886.4
2885.56
2884.24
2886.3
2890.29
2888.42
2897.72
2898.33
2906.9
2902.89
2908.31
2908.81
2904.83
2898.67
2893.83
2898.86
2923.38
2935.27
2932.42
2929.56
2929.91
2933.37
2933.47
2920.29
2891.17
2860.01
2843.93
2861.94
2883.96
2887.89
2884.53
2878.43
2874.96
2880.08
2880.64
2890.04
2880.64
2883.19
2879.53
2879.18
2878.65
2877.17
2878.84
2873.34
2870.22
2865.43
2853.57
2845.12
2846.63
2851.39
2854.96
2858
2858.9
2858.84
2853.18
2847.74
2838.69
2834.94
2843.07
2860.63
2873.16
2878.25
2881.74
2888.39
2895.54
2903.28
2905.78
2912.45
2918.87
2924.55
2911.92
2924.42
2913.96
2912.66
2911.66
2906.36
2901.45
2896.46
2884.92
2862.41
2845.38
2839.12
2848.07
2868.98
2874.88
2859.13
2856.71
2857.42
2862.69
2875.75
2883.84
2890.65
2888.58
2890.16
2885.96
2886.63
2881.63
2886.02
2880.99
2884.75
2880.24
2873.55
2864.3
2849.08
2834.38
2832.4
2867.91
2869.02
2846.71
2848.57
2865.19
2870.22
2866.16
2863.84
2854.06
2841.58
2819.85
2775.5
2688.16
2614.38
2591.82
2604.5
2615.88
2614.61
2611.32
2609.82
2613.3
2620.82
2633.96
2648.92
2660.03
2671.66
2678.42
2678.07
2675.22
2665.8
2653.76
2641.51
2634.23
2639.37
2648.59
2641.04
2630.37
2650.11
2719.86
2842.06
2929.24
2928.3
2804.97
2633.96
2572.62
2559.88
2454.72
2968.37
2963.45
3005.97
2991.16
2965.6
2983.71
3029.98
3065.19
3084.81
3092.26
3093.46
3092.02
3087.01
3071.81
3025.85
2996.24
2977.41
2944.78
2936.23
2944.37
2964.12
2978.46
2986.53
2981.88
2973.39
2967.59
2970.41
2981.29
2986.3
2948.19
2922.69
2888.09
2874.39
2869.15
2866.47
2868.53
2871.85
2873.6
2872.02
2867.35
2860.26
2851.07
2840.15
2828.37
2817.31
2809.78
2843.32
2919.29
2933.31
2918.26
2910.44
2913.3
2916.4
2922.98
2929
2930.33
2934.97
2949.74
2949.99
2945.29
2945.43
2968.83
2973.13
2973.8
2972.93
2971.47
2969.06
2966.19
2966.06
2965.35
2966.1
2966.42
2967.36
2969.91
2971.93
2973.43
2974.2
2974.57
2975.47
2953.38
2937.62
2933.17
2925.87
2920.9
2911.54
2907
2903.78
2904.45
2906.79
2912.59
2922.11
2927.67
2929.3
2901.98
2865.15
2870.35
2890.48
2908.63
2914.06
2914.63
2916.63
2916.92
2918.67
2921.93
2925.46
2926.75
2927.46
2926.09
2921.36
2908.71
2895.1
2887.23
2883.76
2885.01
2885.31
2880.15
2884.2
2875.69
2867.72
2859.42
2853.28
2849.5
2842.14
2834.44
2827.93
2828.26
2818.95
2815.78
2818.17
2817.99
2817.71
2818.57
2819.84
2820.25
2820.26
2816.42
2806.73
2788.44
2781.68
2779.81
2781.8
2772.63
2767.98
2759.69
2761.76
2757.8
2760.12
2759.67
2766.52
2778.96
2797.08
2812.49
2828.59
2838.75
2849.36
2844.85
2806.64
2774.3
2772.36
2776.06
2781.64
2786.67
2789.64
2792.02
2792.12
2791.8
2791.69
2791.07
2791.1
2790.31
2792.47
2790.04
2788.24
2786.27
2776.25
2770.75
2760.94
2749.15
2742.41
2732.91
2728.2
2726.72
2730.04
2735.31
2766.14
2792.41
2793.1
2793.81
2794.86
2799.18
2798.88
2796.36
2795.85
2797.29
2795.57
2795.58
2795.83
2795.72
2794.06
2786.58
2778.15
2764.87
2750.3
2733.31
2716.7
2700.07
2693.97
2694.24
2699.99
2707.2
2701.04
2702.91
2745.24
2769.52
2767.78
2768.47
2768.57
2768.74
2768.78
2765.97
2768.3
2771.05
2775.42
2777.84
2777.83
2778.28
2777.14
2773.73
2769.68
2766.16
2763.98
2764.68
2769.03
2770.56
2767.51
2759.02
2740.71
2718.62
2694.01
2679.47
2684.84
2748.6
2812.55
2841.2
2850.03
2857.32
2862.82
2866.77
2871.68
2874.4
2872.81
2881.28
2878.61
2890.75
2889.64
2897.66
2901.22
2906.04
2903.68
2900.91
2896.89
2891.28
2896.9
2909.26
2915.09
2910.38
2903.23
2895.88
2887.73
2874.88
2855.63
2837.95
2826.22
2831.27
2852.18
2873.04
2887.13
2886.49
2879.89
2874.11
2870.12
2868.86
2864.92
2864.91
2863.33
2863.02
2862.61
2860.21
2862.63
2860.79
2861.14
2857.49
2850.3
2846.75
2844.75
2846.03
2848.7
2848.33
2848.53
2849.3
2851.18
2851.43
2852.31
2844.99
2835.21
2831.4
2846.92
2867.19
2878.28
2876.46
2876.66
2878.65
2878.06
2879.23
2878.48
2881.16
2882.15
2888.3
2893.22
2894.18
2905.07
2903.68
2902.42
2901.14
2895.91
2885.23
2872.31
2862.3
2857.58
2863.09
2874.58
2878.01
2861.75
2856.29
2856.69
2856.42
2861.86
2866.73
2879.06
2883.11
2886.89
2883.1
2886.3
2879.44
2880.89
2876.34
2872.3
2865.63
2856.56
2844.64
2834.4
2827.61
2843.6
2883.84
2876.89
2842.64
2830.33
2841.63
2853.87
2856.56
2854.94
2844.88
2826.94
2801.46
2751.37
2649.14
2586.37
2573.45
2574.61
2589.04
2605.73
2609.39
2611.01
2612.88
2615.29
2618.87
2624.47
2629.18
2631.39
2633.7
2635.78
2632.8
2629.94
2625.39
2624.96
2628.09
2644.72
2645.81
2631.4
2650.87
2716.22
2770.3
2823.19
2827.98
2759.13
2648.27
2609.25
2620.6
2576.21
2463
2993.8
2959.72
2995.48
3002.5
2970.11
2964.17
2984.56
3008.65
3028.07
3042.44
3049.62
3048.96
3039.28
3015.35
2984.39
2976.81
2978.89
2970.03
2963.89
2959.75
2963.02
2959.81
2962.81
2958.38
2960.93
2961.48
2970.08
2978.76
2989.91
2957.16
2939.12
2900.64
2883.33
2875.6
2867.2
2862.06
2859.62
2857.64
2856.27
2855.21
2853.47
2851.03
2847.96
2845.26
2844.34
2862.59
2907.98
2952.42
2959.36
2954.22
2943.26
2935.05
2930.65
2934.74
2935.54
2937.58
2942.28
2954.21
2950.3
2948.8
2938.17
2955.06
2971.58
2973.02
2973.69
2972.8
2972.52
2971.92
2972.15
2973.96
2974.1
2975.94
2977.21
2978.54
2978.98
2978.99
2977.27
2971.49
2955.12
2937.5
2929.81
2930.6
2927.43
2924.87
2918.17
2916.39
2915.05
2915.3
2921.22
2923.38
2929.18
2930.94
2929.31
2903.97
2870.92
2860.66
2872.73
2886.65
2896.76
2907.41
2909.89
2912.03
2915.49
2918.37
2919.28
2921.66
2920.93
2912.97
2903.84
2896.1
2887.97
2884.76
2882.91
2883.18
2886.6
2880.05
2885.31
2878.46
2871.19
2863.36
2857.97
2853
2840.27
2837.16
2834.72
2817.54
2819.51
2817.7
2811.01
2812.2
2813.28
2813.06
2812.56
2809.88
2803.89
2796.52
2792.08
2789.15
2792.71
2791.73
2796.34
2793.29
2794.65
2788.98
2788.14
2783.1
2784.57
2783.12
2789.37
2794.09
2805.08
2813.19
2821.63
2831.21
2845.33
2846.8
2823.15
2780.97
2770.41
2769.57
2771.07
2772.61
2772.44
2773.51
2772.75
2773.36
2771.43
2771.53
2769.98
2768.87
2766.08
2764.74
2760.68
2763.08
2751.85
2751.71
2744.73
2742.14
2736.75
2731.97
2731.1
2728.91
2730.61
2731.39
2742.71
2782.56
2790.32
2788.22
2785.37
2782.88
2780.22
2778.33
2776.7
2774.91
2776.61
2774.84
2774.49
2771.89
2768.93
2765.15
2758.43
2752.38
2747.76
2740.27
2737.53
2727.99
2729.33
2720.65
2721.76
2717.67
2712.63
2695.67
2707.2
2762.06
2764.59
2762.08
2758.41
2757.49
2750.98
2753.46
2752.75
2757.12
2758.44
2760.02
2762.04
2762.91
2762.38
2761.44
2759.41
2757.54
2755.31
2753.46
2752.57
2752.17
2748.23
2742.46
2734.38
2727.01
2716.43
2709.5
2710.07
2725.05
2773.82
2828.78
2840.76
2846.7
2850.13
2850.66
2849.06
2848.67
2845.21
2856.62
2852.8
2867.91
2863.19
2880.67
2877.29
2881.91
2882.22
2878.06
2872.84
2868.23
2864.16
2860.34
2854.88
2848.25
2841.03
2833.18
2825.63
2820.5
2815.63
2812.41
2814.86
2825.79
2850.77
2867
2875.3
2883.47
2883.46
2874.24
2872.05
2865
2853.94
2848.87
2846.94
2841.73
2839.58
2844.39
2843.98
2841.74
2843.02
2844.2
2841.88
2840.14
2840.51
2839.78
2840.46
2842.63
2847.45
2849.59
2853.31
2854.21
2857.31
2849.05
2839.93
2830.21
2829.08
2848.47
2879.34
2882.96
2876.52
2870.04
2866.55
2861.27
2860.1
2849.76
2869.8
2859.32
2882.4
2878
2890.86
2894.28
2899.67
2899.01
2895.62
2890.5
2885.36
2881.25
2878.88
2879.27
2880.56
2880.89
2862.47
2854.64
2851.85
2850.29
2849.7
2848.32
2854.38
2854.94
2860.99
2856.43
2861.85
2851.87
2856.21
2844.87
2846.62
2837.11
2835.31
2830.42
2825.2
2826.25
2860.6
2892.03
2885.17
2836.34
2810.06
2807.41
2807.81
2810.36
2808.28
2798.66
2788.48
2770.19
2728.25
2628.28
2586.73
2585.22
2588.57
2588.31
2592.41
2598.5
2602.23
2604.81
2606.59
2607.49
2607.13
2607.5
2606.37
2607.07
2605.91
2608.11
2610.68
2611.42
2618.28
2632.1
2650.81
2635.09
2629.32
2638.3
2646.57
2651.98
2656.2
2636.06
2615.47
2606.81
2607.28
2607.03
2574.09
2477.37
3056.65
3046.83
3046.03
3048.32
3056
3058.5
3064.39
3067.11
3071.95
3073.63
3076.47
3076.64
3079.93
3076.97
2808.09
2840.89
2857.86
2866.03
2865.69
2860.01
2854.36
2853.65
2854.38
2858.49
2863.24
2869.79
2876.36
2884.96
2892.15
2899.27
2905.66
2909.45
2911.89
2910.1
2909.51
2902.95
2903.31
2898.4
2897.99
2888.35
2883.29
2867.47
2736.88
2672.75
2921.02
2956.31
2963.96
2955.09
2950.26
2942.61
2939.81
2937.95
2937.15
2935.83
2934.56
2933.2
2931.75
2928.68
2927.01
2925.22
2923.67
2922.94
2921.47
2921.49
2920.47
2924.25
2925.49
2926.69
2931.06
2934.93
2941.94
2965.13
2970.95
2974.59
2911.04
2895.29
2884.96
2879.32
2877.17
2876.74
2875.53
2879.33
2879.96
2883.24
2888.44
2892.36
2895.53
2897.95
2899.18
2897.65
2896.64
2894.85
2893.12
2892.26
2895.03
2896.09
2903.38
2905.62
2910.95
2912.43
2916.98
2914.13
2914.72
2915.76
2883.81
2887.3
2890.6
2893.17
2893.4
2891.64
2891.23
2887.12
2872.8
2870.77
2867.79
2854.33
2857.74
2853.34
2859.33
2864.12
2867.11
2873.64
2878.1
2879.86
2870.78
2854.99
2853.29
2855.7
2850.83
2850.61
2848.08
2846.92
2844.14
2842.21
2770.41
2758.22
2758.08
2766.17
2767.79
2766.45
2764.13
2763.82
2764.8
2766.37
2768.62
2770.7
2771.65
2771.76
2771.66
2770.93
2768.16
2767.53
2768.89
2766.32
2770.48
2773.38
2774.76
2785.26
2786.39
2796.43
2810.56
2832.8
2837.94
2831.2
2747.75
2752.58
2764.63
2777.48
2784.45
2783.07
2781.17
2778.83
2777.16
2778.16
2775.27
2775.95
2773.77
2775.16
2774.08
2775.74
2777.57
2779.42
2781.39
2789.01
2791.59
2794.13
2795.21
2785.4
2687.73
2647.77
2646.3
2647.77
2651.36
2649.64
2757
2744.31
2745.17
2753.39
2761.99
2767.28
2770.49
2769.76
2773.53
2766.93
2771.48
2766.69
2766.43
2767.21
2768.44
2769.14
2771.49
2774.23
2776.53
2775.53
2766.86
2770.63
2775.73
2776.12
2770.39
2768.61
2762.42
2765.91
2769.47
2773.58
2884.57
2877.55
2875.8
2875.67
2875.05
2873.37
2869.92
2867.07
2864.99
2864.07
2866.82
2864.33
2874
2875.25
2885.44
2892.75
2896.64
2899.84
2865.7
2740.65
2722.27
2746.26
2754.36
2758.6
2760.77
2762.03
2757.25
2745.21
2724.11
2705.1
2913.67
2897.77
2903.05
2907.42
2913.21
2919.06
2920.65
2917.02
2913.18
2910
2908.41
2898.31
2900.41
2899
2897.21
2899.31
2902.83
2902.58
2901.44
2892.9
2847.17
2812.4
2804.93
2806.45
2809.58
2810.15
2812.49
2813.63
2812.87
2811.19
2823.93
2831.4
2835.61
2838.26
2839.74
2839.87
2839.77
2839.79
2836.95
2841.12
2835.94
2847.73
2844.25
2859.34
2858.56
2871.59
2873.83
2879.17
2870.89
2835.55
2811.74
2807.19
2802.99
2807.37
2809.01
2814.84
2817.17
2817.82
2816.28
2819.21
2827.12
2830.39
2833.44
2841.06
2866.53
2882.07
2877.73
2872.33
2870.78
2869.37
2867.09
2866.97
2865.46
2864.93
2864.04
2861.53
2859.82
2858.95
2857.58
2855.75
2854.27
2854.45
2851.29
2849.63
2847.19
2847.27
2845.05
2845.6
2843.38
2834.71
2786.21
2783.63
2789.81
2818.99
2871.38
2686.6
2677.57
2773.01
2616.34
2645.58
2661.22
2666.9
2669.7
2671.66
2675.97
2676.95
2686.39
2690.25
2702.44
2714.17
2729.1
2741.37
2751
2739.97
2704.13
2659.17
2612.81
2581.51
2580.54
2685.31
3003.5
3008.41
3021.87
3023.5
3025.39
3028.72
3037.96
3048.56
3061.78
3073.16
3081.91
3084.51
3083.07
3079.79
2809.44
2851.59
2873.45
2877.04
2861.4
2849.35
2847.83
2856.46
2866.46
2878.93
2887.9
2898.23
2911.01
2925.95
2939.85
2951.83
2955.9
2958.3
2958.94
2959.97
2959.59
2958.89
2957.41
2945.3
2933.93
2913.88
2898.92
2880.42
2814.34
2735.53
2924.2
2962.59
2961.15
2952.48
2947.03
2945.73
2947
2950.21
2946.93
2942.39
2937.29
2933.95
2932.29
2931.28
2931.19
2932.38
2933.08
2930.8
2931.17
2931.36
2930.25
2929.25
2932.8
2933.64
2933.51
2935.09
2938.71
2952.46
2968.33
2973.29
2908.86
2890.04
2879.43
2873.77
2871.24
2871.64
2871.9
2874.67
2876.75
2881.15
2886.1
2891.37
2896.37
2900.59
2903.49
2904.8
2904.49
2901.96
2900.8
2902.36
2900.12
2902.35
2905
2908.43
2908.9
2911.41
2914.75
2916.04
2915.39
2917.34
2880.73
2884.95
2891
2893.28
2894.45
2887.1
2879.54
2866.95
2860.37
2855.37
2846.54
2838.33
2841.71
2840.2
2839.76
2847.52
2853.33
2858.1
2864.32
2871.88
2872.91
2861.15
2853.51
2857.75
2856.99
2855.8
2846.78
2842.29
2840.16
2839.38
2770.2
2759.06
2761.79
2767.98
2761.48
2754.47
2755.02
2759.6
2766.61
2772.58
2778.6
2782.88
2786.04
2787.85
2788.11
2787.33
2786.17
2786.58
2786.4
2786.68
2786.41
2790.13
2788.43
2791.73
2790.2
2794.8
2802.3
2816.86
2828.62
2822.94
2749.87
2762.45
2776.92
2779.78
2772.76
2764.01
2761.81
2765.29
2768.41
2770.3
2772.93
2774.02
2775.76
2773.55
2773.94
2770.88
2770.46
2773.22
2776.18
2779.02
2783.29
2790.51
2793.45
2791.94
2774.94
2665.01
2638.84
2669.39
2692.27
2676.07
2738.42
2744.73
2765.17
2777.97
2784.23
2783.75
2783.76
2781.18
2780.78
2776.4
2774.4
2771.64
2772.68
2772.2
2772.44
2773.58
2774.43
2775.79
2776.4
2776.92
2772.65
2765.27
2775.43
2772.8
2757.32
2748.05
2736.92
2738.43
2745.65
2762.91
2877.53
2875.87
2878.1
2880.79
2882.59
2884.02
2884.83
2884.01
2883.56
2883.25
2881.47
2883.24
2883.42
2885.59
2886.96
2889.62
2894.27
2899.21
2894.75
2820.21
2732.9
2770.44
2780.36
2780.35
2780.99
2790.62
2804.43
2811.23
2801.92
2779.06
2916.88
2897.77
2905.61
2915.76
2924.72
2926.91
2926.69
2924.8
2924.32
2917.66
2917.96
2918.81
2914.27
2908.89
2913.17
2905.86
2905.38
2905.99
2903.89
2899.56
2875.33
2829.44
2806.84
2801.98
2805
2806.96
2812.84
2820.51
2825.55
2824.14
2821.93
2826.74
2833.99
2839.88
2843.03
2845.5
2848.01
2850.59
2855.48
2854.17
2861.27
2857.54
2866.8
2867.77
2867.85
2874.28
2872.75
2880.75
2880.52
2859.58
2811.01
2796.22
2794.42
2803.03
2812.15
2825.68
2833.4
2833.84
2821.89
2812.17
2829.74
2831.78
2840.2
2859.96
2876.23
2877.84
2873.38
2873.74
2875.79
2877.18
2879.12
2876.33
2873.95
2870.07
2865.35
2860.86
2855.83
2849.83
2846.37
2847.19
2845.82
2843.63
2842.82
2844.67
2839.96
2839.77
2839.66
2841.74
2842.31
2836.02
2735.67
2724.47
2714.59
2728.6
2855.28
2771.95
2799.25
2648.06
2630.51
2652.66
2658.02
2659.49
2659.9
2659.81
2662.14
2660.36
2664.74
2663.9
2669.75
2674.97
2691.89
2722.78
2771.9
2786.05
2743.53
2667.81
2606.36
2578.71
2582.77
2715.73
2998.1
3004.16
2989.67
2975.25
2978.12
2984.68
2999.33
3006.75
3020.96
3043.84
3067.95
3081.68
3087.09
3081.25
2811.04
2864.09
2885.77
2872.17
2847.96
2842.32
2851.85
2862.38
2867.09
2872.04
2876.28
2884.7
2901.4
2924.86
2947.69
2955.74
2959.15
2960.86
2961.65
2962.56
2961.82
2962.3
2964.08
2963.08
2958.53
2940.06
2916.52
2893.72
2853.99
2777.55
2927.43
2963.88
2961.48
2954.9
2953.79
2952.21
2954.09
2956.47
2950.29
2943.7
2936.18
2933.21
2932.96
2936.43
2942.72
2949
2952.24
2956.42
2957.91
2955.72
2954.94
2951.17
2947.97
2946.31
2942.59
2939.38
2938.29
2944.63
2963.56
2972.07
2907.06
2884.15
2874.02
2870.37
2870.57
2872.18
2872.95
2874.31
2875.47
2878.55
2881.11
2885.57
2891.77
2898.41
2903.67
2906.01
2905.7
2903.27
2901.28
2899.09
2902.37
2902.78
2906.55
2908.27
2909.87
2908.57
2910.37
2913.51
2916.82
2917.67
2879.58
2888.73
2892.41
2890.21
2885.68
2876.15
2865.16
2856.14
2853.75
2845.33
2837.14
2834.66
2832.4
2829.52
2833.72
2833.2
2839.25
2845.91
2851.64
2858.97
2864.99
2865.1
2855.7
2856.21
2858.1
2853.27
2847.18
2840.4
2830.81
2827.07
2769.34
2760.4
2764.53
2760.2
2749.85
2751
2758.68
2766.69
2774.48
2781.75
2786.86
2790.65
2793.86
2795.42
2796.8
2796.36
2798.47
2799.72
2799.22
2802.99
2799.65
2804.96
2800.81
2800.82
2796.03
2795.94
2797.64
2807.58
2818.61
2821.08
2755.91
2775.07
2778.45
2768.97
2746.16
2748.68
2760.51
2774.05
2783.8
2789.77
2792.68
2792.89
2789.87
2790.33
2786.8
2784.95
2779.59
2776.23
2776.95
2777.75
2779.41
2787.37
2787.59
2791.84
2787.01
2746.73
2658.91
2691.15
2740.39
2712.65
2734.31
2764.08
2781.91
2788.22
2788.36
2784.12
2786.34
2780.93
2780.02
2776.6
2773.35
2774.11
2770.98
2770.79
2771.13
2772.15
2773.81
2774.77
2774.81
2775.73
2774.6
2766.67
2768.17
2772.79
2761.46
2752.06
2738.44
2728.75
2732.94
2752.57
2873.86
2877.83
2881.2
2887.24
2893.55
2899.38
2906.39
2904.22
2903.93
2902.49
2903.74
2902.29
2904.81
2905.9
2901.52
2897.25
2895.79
2896.57
2900.31
2876.91
2770.54
2769.38
2780.3
2772.13
2770.72
2780.69
2811.34
2834.34
2835.2
2814.2
2918.59
2899.41
2913.98
2925.09
2928.17
2928.04
2927.39
2926.51
2926.57
2921.91
2920.18
2915.27
2909.61
2910.69
2911.3
2911.89
2909.6
2913.56
2906.82
2901.08
2893.38
2861.36
2822.34
2803.09
2797.54
2798.09
2806.28
2820.85
2832.62
2835.43
2822.12
2830.62
2839.58
2845.21
2851.83
2858.96
2862.93
2872.28
2873.01
2879.91
2881.05
2889.17
2887.32
2892.51
2890.1
2889.56
2881.66
2880.95
2881.18
2876.69
2828.28
2794.08
2789.48
2797.77
2815.31
2835.51
2846.48
2846.85
2837.17
2814.71
2831.82
2838.29
2854.4
2870.66
2876.95
2875.84
2879
2886.56
2896.24
2900.15
2901.65
2898.7
2892.84
2883.87
2872.98
2861.99
2852.31
2845.41
2845.02
2848.37
2848.27
2849.72
2850.28
2847.71
2839.86
2837.46
2833.91
2835.28
2839.19
2835.49
2782.64
2763.55
2744.02
2777.5
2876.2
2795.69
2655.05
2630.98
2644.2
2657.04
2662.54
2668.05
2672.15
2674.18
2674.79
2672.95
2672.47
2664.66
2666.4
2660.44
2662.91
2668.11
2712.5
2786.96
2774.14
2682.94
2605.06
2584.44
2609.29
2798.38
2990.32
2959.88
2934.06
2948.19
2979.18
3005.2
3016.6
3014.96
3012.12
3016.75
3045.13
3074.12
3085.83
3082.45
2816.07
2876.3
2892.21
2863.58
2839.97
2839.38
2844.74
2842.74
2835.91
2831.53
2836.11
2852.98
2881.76
2917.54
2940.97
2953.22
2949.74
2947
2944.92
2946.23
2947.42
2953.71
2955.94
2961.93
2958.88
2950.57
2934.23
2907.57
2872.97
2805.31
2928.6
2965.67
2964.75
2962.87
2963.14
2960.87
2962.05
2951.77
2945.79
2940.23
2932.84
2932.91
2937.16
2949.72
2961.46
2966.91
2964.49
2964.3
2962.95
2963.34
2965.2
2970.08
2967.06
2962.71
2956.74
2948.89
2941.37
2940.35
2955.13
2970.02
2904
2880.32
2871.35
2870.19
2873.47
2876.29
2878.8
2879.9
2879.94
2879.48
2878.85
2879.37
2886.19
2896.46
2904.13
2905.97
2903.96
2899
2889.01
2883.28
2877.95
2881.94
2889.57
2901.06
2908.18
2907.58
2907.01
2910.45
2914.58
2917.84
2888.6
2892.68
2890.84
2887.48
2874.53
2865.32
2857.14
2852.38
2850.99
2838.12
2837.92
2833.71
2825.64
2825.07
2826.25
2829.04
2828.4
2834
2841.05
2848.21
2855.99
2859.94
2856.47
2853.28
2856.33
2849.13
2841.23
2838.87
2829.87
2821.55
2768.39
2762.36
2762.17
2751.76
2744.37
2755.12
2761.95
2769.25
2776.63
2782.1
2786.56
2789.47
2791.64
2795.37
2797.92
2800.84
2807.79
2809.17
2810.39
2814.62
2812.18
2816.21
2810.58
2809.49
2804.31
2798.37
2796.53
2800.98
2811.84
2817.18
2764.48
2774.94
2775.29
2734.68
2738.85
2754.76
2778.1
2791.63
2801.22
2801.65
2801.18
2793.28
2795.14
2789.5
2788.37
2787.9
2789.21
2784
2778.68
2778.82
2779.32
2781.61
2785.13
2787.91
2790.25
2778.37
2723.53
2711.43
2762.04
2744.36
2766.34
2782.67
2787.98
2786.99
2786.02
2785.11
2786.36
2778.68
2780.45
2774.28
2773.27
2768.22
2768.13
2769.28
2770.77
2771.18
2771.68
2773.2
2774.02
2773.67
2774.47
2769.73
2762.5
2769.6
2768.16
2761.06
2742.42
2735.37
2741.4
2753.06
2876.54
2878.89
2885.45
2894.97
2908.61
2911.25
2912.28
2911.72
2911.77
2912.78
2911.07
2914.05
2912.33
2913.95
2913.69
2911.05
2904.65
2899.23
2900.59
2895.3
2820.43
2770.53
2780.94
2776.65
2770.85
2780.11
2821.52
2852.28
2861.57
2832.82
2925.27
2908.96
2922.46
2928.21
2927.39
2926.72
2930.87
2928.2
2924.32
2924.81
2917.2
2912.81
2916
2915.72
2912.51
2913.46
2913.79
2909.02
2909.49
2904.62
2898.54
2882.92
2851.73
2818.06
2800.4
2799.16
2807.64
2823.2
2837.28
2843.79
2824.75
2838.36
2846.87
2855.74
2865.64
2876.86
2882.43
2892.17
2898.02
2910.78
2912.49
2914.6
2913.85
2921.18
2912.35
2910.93
2896.2
2890.78
2882.95
2883.31
2852.02
2802
2789.57
2797.96
2820.92
2844.29
2853.04
2850.17
2842.53
2820.19
2833.62
2845.5
2864.82
2874.94
2877.06
2882.04
2891.08
2905.52
2916.69
2922.95
2922.66
2918.14
2908.35
2895.91
2880.32
2863.4
2849.72
2845.48
2847.87
2854.79
2862.01
2871.69
2872.11
2866.5
2855.59
2842.65
2832.05
2832.61
2836.63
2834.44
2796.94
2792.66
2824.04
2853.41
2823.37
2672
2624.19
2640.06
2655.62
2667.94
2679.68
2692.94
2703.25
2711.55
2709.7
2699.32
2693.28
2680.02
2675.16
2666.53
2664.94
2656.87
2662.46
2735.33
2808.96
2741.69
2647.55
2621.95
2690.13
2893.1
2953.67
2909.47
2922.19
2983.41
3031.87
3052.45
3057.46
3053.1
3034.03
3018.49
3028.74
3062.97
3084.06
3083.71
2818.8
2886.67
2896.61
2857.66
2832.63
2829.21
2823.19
2813.77
2806.66
2807.8
2829.69
2857.44
2887.09
2921.47
2937.95
2938.73
2930.61
2926.42
2928.87
2932.13
2936.13
2942.21
2943.74
2955.26
2955.2
2952.52
2939.48
2914.95
2882.57
2819.47
2928.26
2967.35
2970.12
2969.87
2972.44
2968.29
2961.44
2943.58
2942.59
2939.73
2932.32
2934.5
2947.05
2965.01
2964.51
2961.49
2961.17
2959.12
2958.57
2959.64
2958.66
2963.18
2966.66
2970.95
2968.87
2960.75
2948.13
2939.9
2949.46
2967.78
2903.83
2878.05
2871.09
2871.21
2877.46
2881.71
2886.14
2892.02
2893.18
2890.75
2884.77
2876.95
2876.76
2894.53
2902.1
2903.94
2901.08
2885.5
2874.53
2867.06
2864.15
2866.42
2874.51
2886.21
2899.12
2906.78
2905.64
2908.87
2913.61
2918.47
2893.37
2892.01
2887.32
2878.64
2868.56
2859.88
2854.69
2851.85
2847.39
2835.93
2837.46
2827.2
2822
2819.82
2820.09
2821.61
2824.93
2824.71
2830.81
2839.16
2847.25
2852.83
2854.28
2850.46
2853.48
2848.19
2835.89
2834.11
2833.5
2818.05
2768.33
2762.82
2758.25
2744.92
2746.89
2753.92
2762.21
2768.43
2774.64
2778.76
2781.89
2785.37
2789.32
2794.36
2798.01
2808.69
2817.94
2824.79
2829.49
2832.33
2825.9
2828.78
2821.01
2819.05
2809.76
2802.9
2796.19
2797.6
2805.87
2814.12
2773.45
2775.59
2749.97
2725.03
2743.18
2769.82
2788.75
2800.16
2801.04
2800.82
2793.52
2793.13
2783.54
2782.51
2780.04
2778.06
2779.06
2784.92
2782.76
2780.05
2779.95
2781.33
2784.3
2785.95
2787.87
2786.24
2771.97
2750.02
2774.88
2768.82
2787.4
2788.07
2786.41
2784.51
2788.63
2785.46
2782.65
2778.44
2777.29
2763.29
2762.57
2758.03
2759.94
2761.23
2763.4
2768.85
2770.87
2771.14
2771.69
2772.54
2773.4
2771.91
2763.41
2765.78
2763.92
2758.91
2734.82
2745.74
2763.68
2763.09
2875.1
2879.75
2890.22
2903.15
2911.9
2914.01
2914.02
2915.6
2916.7
2910.79
2912.82
2910
2918.83
2920.5
2919.63
2916.47
2914.5
2906.19
2902.3
2900.85
2857.18
2782.66
2778.27
2778.01
2775.84
2799
2842.56
2870.02
2880.4
2851.13
2923.97
2917.85
2925.2
2926.09
2924.86
2925.44
2929.22
2927.83
2925.08
2919.12
2916.04
2916.79
2908.6
2901.95
2904.83
2905.11
2911.24
2913.46
2907.7
2907.71
2900.51
2892.92
2875.37
2841.98
2816.69
2811.21
2817.45
2831.7
2843.24
2848.18
2837.26
2846.88
2857.16
2869.94
2882.07
2891.83
2902.89
2915.7
2918.42
2921.15
2927.7
2929.4
2934.27
2932.16
2930.47
2933.21
2915.52
2906.36
2888.37
2886.72
2868.75
2819.81
2798.29
2804.71
2830.57
2851.37
2855.96
2852.2
2843.62
2826.44
2835
2852.67
2869.41
2876.8
2879.9
2887.67
2905.31
2923.11
2935.32
2939.45
2940.83
2933.56
2920.8
2904.6
2885.37
2865.18
2850.53
2843.88
2850.09
2865.61
2884
2899.55
2907.71
2903.47
2883.16
2854.71
2835.72
2832.76
2835.62
2832.99
2800.57
2814.42
2863.71
2828.33
2721.63
2630.26
2630.75
2650.51
2667.95
2687.27
2711.28
2735.18
2753.02
2756.32
2754.02
2737.94
2718.97
2693.82
2682.05
2669.74
2669.88
2662.24
2652.58
2670.68
2805.15
2800.35
2731.45
2713.36
2805.97
2895.33
2913.36
2893.68
2958.04
3039.1
3061.88
3065.61
3066.83
3061.88
3046.58
3025.33
3024.14
3054.91
3082.89
3083.38
2826.09
2895.94
2903.13
2854.28
2823.3
2813.06
2805.38
2799.45
2801.13
2829.77
2872.51
2899.9
2909.81
2929.69
2932.11
2922.03
2918.76
2918.91
2926.99
2938.95
2943.66
2949.4
2948.88
2949.62
2954.14
2951.64
2941.34
2918.25
2887.18
2826.69
2928.42
2968.63
2975.42
2977.32
2974.24
2973.8
2951.65
2935.6
2937.79
2939.42
2932.13
2937.64
2958.75
2963.99
2960.91
2960.35
2958.06
2954.55
2953.74
2954.12
2956.33
2957.84
2961.87
2967.52
2969.65
2970.17
2955.21
2941.55
2946.23
2965.35
2903.26
2878.27
2870.11
2873.79
2879.48
2885.54
2893.37
2901.97
2907.53
2906.33
2897.18
2880.82
2871.69
2892.73
2900.96
2901.69
2891.34
2877.37
2868.02
2861.28
2857.99
2856.34
2862.17
2876.2
2889.26
2902.86
2904.16
2905.45
2910.44
2914.09
2892.82
2888.84
2887.24
2875.31
2864.88
2858.3
2853.72
2850.64
2847.29
2834.04
2830.47
2823.51
2818.94
2816.46
2812.7
2811.9
2815.91
2822.88
2825.97
2831.46
2840.01
2846.96
2850.16
2847.54
2850.32
2846.15
2836.56
2831.69
2833.17
2816.81
2766.25
2762.8
2752.49
2741.24
2748.55
2752.24
2759.06
2765.12
2769.55
2773.62
2777.23
2781.69
2787.35
2791.75
2799.41
2815.66
2828.34
2841.62
2846.38
2851.01
2841.4
2839.75
2830.19
2826.48
2814.94
2804.84
2796.47
2794.06
2801.22
2810.03
2770.2
2767.55
2724.59
2726.22
2749.49
2774.77
2794.02
2797.44
2800.26
2794.83
2793.05
2783.72
2782.17
2778.55
2778.29
2776.34
2773.93
2775.4
2779.45
2781.92
2780.67
2780.89
2786.35
2785.12
2787.2
2788.02
2779.04
2775.25
2778.89
2781.83
2790.51
2786.03
2784.57
2785.35
2788.67
2781.64
2782.85
2773.83
2764.87
2759.13
2756.17
2752.47
2750.94
2752.09
2756.59
2760
2767.5
2770.44
2771.44
2772.42
2773.3
2773.25
2766.27
2760.76
2758.34
2746.82
2739.32
2770.59
2790.96
2781.18
2872.82
2880.67
2894.2
2908.82
2912.99
2912.98
2915.53
2913.25
2905.85
2901.66
2896.09
2902.35
2902.08
2909.59
2925.32
2920.23
2918.41
2913.84
2905.58
2904.08
2880.34
2807.75
2778.8
2777.48
2790.61
2833.24
2868.67
2883
2886.25
2864.72
2926.32
2918.32
2925.02
2923.44
2921.55
2928.35
2927.66
2924.65
2921.7
2918.14
2907.53
2891.37
2885.31
2887.74
2891.2
2892.8
2900.24
2907.86
2911.37
2906
2900.12
2897.01
2886.09
2862.34
2837.03
2827.14
2829.99
2843.64
2848.7
2849.47
2846.89
2855.69
2870.73
2884.12
2894.59
2908.78
2921.44
2929.12
2932.2
2921.16
2908.31
2913.11
2913.08
2929.19
2939.46
2944
2930.99
2920.49
2898.26
2889.36
2877.39
2841.13
2813.32
2815.78
2837.49
2853.24
2859.45
2853.98
2843.78
2833.29
2835.88
2856.94
2871.15
2876.57
2884.66
2895.44
2917.08
2936.31
2949.55
2957.59
2954.01
2945.2
2929.18
2910.59
2890.15
2867.68
2848.2
2839.46
2855.86
2876.68
2899.95
2921.88
2933.94
2932.6
2903.4
2863.54
2839.41
2833.95
2835.59
2832.04
2799.56
2812.37
2844.11
2767.06
2656.4
2618.81
2638.63
2663.5
2688.76
2718.17
2751.89
2781.9
2804.64
2817.15
2809.99
2781.55
2751.16
2713.34
2688.62
2668.6
2668.79
2665.3
2657.96
2642.62
2750.86
2841.37
2809.82
2813.12
2900.78
2722.4
2887.15
2901.63
3009.8
3059.08
3063.07
3054.04
3057.43
3063.89
3048.04
3029.1
3021.94
3053.7
3083.17
3084.68
2828.5
2905.79
2909.64
2858.4
2819.8
2804.92
2799.83
2803.12
2838.75
2897.28
2939.87
2944.43
2933.98
2931.02
2922.75
2911.2
2912.21
2923.38
2940.8
2954.53
2961.35
2964.31
2963.56
2957.81
2952.32
2949.4
2938.83
2918.64
2888.12
2828.97
2925.43
2964.48
2978.74
2981.98
2979.21
2975.81
2944.59
2923.42
2930.39
2939.21
2932.92
2941.41
2965.63
2962.02
2961.09
2958.98
2953.56
2949.45
2947.39
2947.44
2950.78
2955.82
2957.57
2964.13
2967.11
2968.44
2960.87
2942.36
2944.03
2963.57
2905.22
2879.11
2872.75
2874.64
2883.55
2886.38
2894.57
2907.01
2911.43
2913.09
2909.06
2887.8
2868.35
2887.95
2898.96
2898.98
2886.22
2873.86
2861.94
2854.09
2850.91
2855.03
2857.22
2870.27
2884.67
2898.46
2902.56
2904.56
2909.88
2914.9
2890.62
2891.38
2880.51
2873.63
2863.95
2858.2
2849.78
2851.02
2845.32
2829.6
2830.19
2822.62
2816.58
2814.31
2815.69
2812.7
2810.55
2814.97
2820.97
2827.25
2832.82
2840.39
2845.61
2846.81
2846.37
2847.21
2838.29
2829.65
2829.23
2823.4
2767.3
2762.95
2750.54
2740.22
2747.21
2751.42
2755.57
2761.68
2765.12
2767.61
2773.69
2778.62
2783.72
2790.58
2798.62
2817.82
2834.12
2851.23
2855.73
2859.36
2852.09
2847.93
2837.66
2829.62
2817.34
2805.84
2794.89
2791.48
2796.98
2806.33
2773.19
2754.38
2719.1
2726.95
2749.57
2776.02
2797.66
2796.91
2796.13
2795.03
2790.59
2781.46
2779
2770.86
2766.07
2767.84
2773.93
2775.28
2776.56
2781.25
2781.35
2781.51
2786.37
2785.58
2786.84
2789.65
2785.76
2782.36
2783.74
2790.72
2786.91
2783.07
2784.58
2784.61
2784.93
2780.61
2781.78
2765.08
2764.2
2753.98
2746.25
2737.92
2737.49
2740.13
2748.84
2755.35
2762.05
2767.31
2770.87
2773.2
2773.45
2774.15
2769.05
2759.25
2754.31
2739.2
2762.1
2810.73
2819.02
2801.01
2871.24
2880.65
2895.61
2908.45
2910.12
2911.77
2916.5
2905.12
2897.63
2890.86
2892.07
2886.12
2897.48
2897.79
2916.63
2924.35
2921.23
2915.44
2909.75
2905.41
2891.46
2833.58
2791.5
2787.55
2817.12
2868.49
2882.09
2884.28
2885.16
2870.41
2917.46
2918.73
2921.21
2918.59
2917.75
2926.37
2922.69
2920.88
2919.92
2900.71
2887.88
2887.43
2886.25
2883.55
2884.26
2891.92
2893.96
2901.23
2905.7
2909.82
2907.68
2895.61
2890.1
2875.71
2852.02
2841
2844.84
2851.56
2851.23
2850.75
2853.21
2866.95
2882.73
2893.1
2905.86
2923.52
2932.22
2932.04
2910.05
2890.65
2879.17
2871.47
2880.67
2902.95
2914.83
2951.17
2939.32
2932.86
2906.15
2892.37
2884.47
2856.54
2831.81
2826.56
2838.91
2853.87
2861.81
2854.62
2844.94
2840.03
2837.12
2858.66
2872.21
2877.57
2885.13
2904.62
2926.41
2945.85
2962.7
2969.4
2968.17
2953.64
2932.68
2913.7
2895.65
2869.43
2844.92
2840.09
2860.66
2878.23
2901.22
2924.29
2934.52
2925.35
2895.65
2860.06
2842.04
2836.19
2834.94
2830.28
2795.3
2789.84
2799.86
2705.63
2629
2621.74
2646.27
2676.87
2709.25
2744.89
2792.17
2837.93
2872.55
2877.87
2863.63
2823.84
2780.08
2729.03
2695.55
2667.28
2666.69
2663.36
2663.24
2638.14
2693.59
2858.87
2853.81
2887.91
2888.29
2567.77
2879.99
2930.33
3041.86
3059.56
3038.84
3024.32
3044.46
3064.81
3048.39
3027.18
3024.2
3057.64
3084.26
3084.4
2830.07
2909.75
2928.06
2877.88
2834.45
2815.1
2815.28
2848.93
2912.33
2967.83
2985.28
2974.54
2943.79
2929.69
2912.64
2901.01
2913.89
2936.83
2957.54
2974.81
2982.75
2983.44
2980.13
2970.86
2957.91
2950.14
2937.41
2917.25
2886.62
2826.58
2924.75
2958.34
2980.54
2985.17
2984.97
2979.63
2943.28
2920.08
2925.55
2938.39
2935.41
2944.85
2964.7
2961.51
2962.32
2957.6
2949.65
2944.82
2940.86
2941.03
2943.95
2951.96
2955.4
2960.72
2965.06
2966.53
2963.22
2941.52
2943.81
2962.75
2907.88
2884.49
2874.49
2875.39
2881.49
2885.74
2888.54
2906.22
2912.87
2915.97
2914.94
2899.25
2869.33
2884.38
2895.62
2898.27
2886.48
2872.24
2860.91
2855.54
2852.48
2856.69
2860.52
2866.11
2883.27
2895.39
2902.6
2903.17
2908.65
2913.72
2888.03
2885.21
2878.27
2869.24
2862.44
2854.9
2850.69
2852.21
2841.89
2830.06
2829.51
2822.79
2816.35
2820.17
2816.44
2814.55
2815.29
2816.87
2818.74
2824.85
2831.77
2837.16
2841.44
2842.35
2843.12
2840.8
2833.62
2828.8
2828.5
2830.1
2765.07
2760.2
2745.41
2740.34
2746.43
2750.02
2753.31
2758.75
2761.77
2764.08
2769.68
2775.4
2781.63
2787.61
2797.78
2814.17
2833.6
2850.78
2861.51
2860.92
2856.63
2850.69
2840.16
2830.02
2817.51
2803.89
2792.99
2788.15
2794.6
2802.14
2772.68
2742.39
2717.46
2725.16
2745.7
2772.7
2791.39
2795.51
2796.01
2794.57
2787.89
2780.44
2778.33
2767.97
2767.91
2765.92
2770.29
2774.2
2775.64
2781.41
2780.44
2782.9
2787.44
2785.66
2787.72
2790.74
2788.71
2784.92
2790.05
2799.38
2781.7
2780
2782.51
2783.28
2783.52
2781.41
2776.89
2764.33
2763.36
2749.1
2747.51
2737.83
2733.52
2733.45
2743.31
2756.09
2759.33
2767.41
2772.86
2771.96
2774.07
2777.63
2772.41
2760.62
2748.17
2743.82
2815.19
2834.76
2835.38
2829.7
2874.04
2880.95
2893.83
2904.2
2907.21
2910.11
2914.6
2901.75
2895.51
2890.43
2881.94
2879.14
2889.19
2891.73
2912.18
2921.01
2923.42
2918.64
2913.45
2907.24
2897.73
2853.36
2811.46
2811.39
2848.94
2885.58
2881.69
2877.29
2875.35
2872.47
2916.21
2918.43
2916.25
2914.09
2913.83
2918.8
2920.21
2918.6
2911.06
2898.84
2888.94
2879.9
2870.12
2870.24
2872.3
2880.38
2891.87
2897.92
2903.73
2904.64
2905.94
2897.53
2889.79
2878.68
2859.75
2848.13
2854.22
2851.83
2849.31
2850.11
2865.14
2880.23
2889.85
2898.69
2914.23
2929.3
2938.49
2918.65
2883.51
2865.05
2846.73
2849.48
2848.85
2880.32
2894.66
2938.17
2944.85
2944.18
2913.43
2892.9
2889.33
2868.1
2847.62
2832.19
2838.17
2854.44
2862.79
2856.31
2848.03
2842.11
2837.2
2860.09
2871.22
2879.64
2887.9
2902.14
2932.05
2951.47
2962.93
2973.39
2973.77
2960.96
2936.17
2915.03
2896.81
2871.15
2845.11
2841.14
2860.1
2874.52
2891.63
2902.47
2903.43
2890.98
2870.9
2852.69
2841.28
2837.08
2833.17
2828.58
2762.87
2758.93
2749.53
2663.85
2619.12
2623.84
2653.75
2685.47
2726.63
2772.02
2826.11
2876.53
2911.45
2916.42
2897.04
2846.17
2797.42
2737.21
2695.99
2665.65
2662.59
2661
2661.68
2639.22
2659.02
2841.87
2894.78
2923.64
2671.16
2483.1
2880.35
2968.11
3050.28
3040.75
3003.61
2992.18
3035.35
3067.51
3052.14
3027.95
3033.83
3068.02
3085.13
3079.43
3003.83
2893.09
2841.16
2921.57
2944.79
2913.74
2868.79
2852.88
2869.71
2919.42
2976.77
3003.28
3005.79
2988.75
2950.03
2927.07
2903.77
2898.05
2916.01
2944.78
2971.87
2992.18
3000.15
3000.09
2995.32
2981.78
2963.68
2950.45
2935.15
2912.69
2879.25
2822.51
2830.48
2874.22
2919.8
2951.56
2978
2986.69
2985.26
2982.83
2945.81
2919.37
2923.79
2939.98
2937.12
2947.12
2965.04
2962.78
2962.08
2957.13
2947.75
2942.32
2937.62
2938.68
2941.27
2949.08
2954.6
2959.3
2963.01
2965.33
2960.91
2939.25
2943.24
2962.8
2966.92
2935.29
2912.18
2891.84
2877.91
2877.59
2881.3
2890.43
2887.43
2901.46
2909.08
2914.96
2916.58
2906.76
2873.77
2879.38
2892.87
2895.38
2892.09
2880.82
2868.79
2859.77
2857.44
2856.1
2859.57
2874.14
2885.01
2898.6
2902.57
2903.23
2908.22
2916.12
2898.34
2882.88
2883.23
2881.54
2878.46
2870
2858.36
2851.54
2848.79
2851.05
2844.17
2832.04
2828
2825.11
2818.66
2817.8
2817.63
2812.6
2812.02
2817.07
2816.84
2825.43
2828.71
2836.29
2840.87
2842.01
2840.73
2838.27
2834.04
2830.62
2828.14
2829.71
2825.83
2814.73
2788.92
2770.73
2752.93
2744.58
2743.85
2748.84
2755.73
2763.51
2766.75
2769.49
2766.04
2772.74
2777.68
2784.76
2793.22
2810.31
2829.68
2844.12
2850.79
2857.75
2850.57
2847.69
2838.86
2827.32
2814.13
2800.89
2788.01
2784.87
2790.05
2796.18
2787.77
2780.62
2763.54
2725.8
2717.48
2722.58
2738.49
2763.67
2785.9
2794.45
2796.17
2797.67
2788.65
2785.35
2777.32
2770.14
2773.34
2772.46
2774.86
2774.8
2778.85
2781.44
2781.31
2785.49
2788.07
2787.8
2789.21
2791.27
2791.2
2793.13
2792.64
2794.88
2781.19
2780.43
2769.36
2773
2780.17
2781.09
2781.58
2778.7
2777.49
2763.6
2763.28
2750.3
2749.87
2739.58
2737.66
2737.87
2744.52
2755.62
2763.03
2769.1
2770.41
2774.11
2778.34
2777.18
2772.29
2762.83
2765.7
2820.52
2841.96
2841.28
2842.86
2847.3
2854.76
2861.27
2862.73
2873.04
2886.24
2899.88
2903.42
2906.55
2911.3
2900.81
2894.97
2885.06
2882.43
2876.45
2888.75
2892.23
2911.59
2918.88
2926.69
2916.77
2916.53
2907.64
2900.85
2868.05
2831.78
2843.15
2874.8
2887.29
2875.59
2875.59
2878.84
2882.44
2891.4
2893.02
2899.51
2903.35
2907.02
2907.95
2905.26
2915.34
2917.11
2910.64
2909.65
2898.25
2881.02
2877.03
2875.49
2872.88
2870.96
2873.85
2888.94
2898.2
2897.94
2904.82
2905.51
2893.57
2888.71
2875.62
2855.79
2854.81
2857.35
2854.71
2852.03
2851.53
2854.63
2861.22
2870.09
2877.16
2887.19
2898.89
2916.2
2931.18
2933.58
2914.51
2874.32
2854.57
2837.94
2835.95
2838.63
2869.71
2883.16
2933.92
2950.71
2941.72
2922.6
2892.49
2891.71
2878.08
2855.18
2834.76
2836.08
2852.88
2862.96
2859.16
2850.45
2841.21
2837.1
2835.49
2838.8
2861.68
2872.55
2878.26
2889.17
2900.45
2925.87
2951.39
2961.62
2968.62
2967.37
2951.81
2930.39
2910.46
2894.1
2872.23
2845.41
2840.74
2860.03
2870.4
2875.25
2875.4
2869.86
2863.56
2855.48
2847.01
2840.94
2836.03
2830.85
2822.59
2750.26
2725
2701.11
2724.8
2725.05
2644.9
2613.98
2625.52
2659.36
2691.2
2731.99
2786.06
2837.25
2889.24
2926.91
2923.12
2901.63
2846.38
2794.75
2733.28
2692.35
2660.4
2660.23
2657.84
2657.94
2636.31
2644.58
2826.12
2930.02
2833.46
2659.75
2821.33
2513.34
2447.5
2889.18
2990.04
3044.19
3014.29
2966.78
2972.21
3035.21
3071.71
3057.85
3037.66
3052.97
3078.78
3086.47
3069.12
2985.22
2879.04
2853.59
2931.64
2969.42
2953.6
2930.02
2925.92
2952.17
2989.46
3012.99
3012.79
3003.99
2996.52
2952.5
2922.91
2895.92
2895.22
2915.55
2948.02
2976.1
2997.17
3007.16
3008.97
2999.77
2985.11
2964.72
2948.66
2928.97
2903.24
2868.57
2821.56
2829.82
2873.37
2911.99
2938.86
2965.59
2985.02
2984.78
2984.09
2953.35
2924.47
2930.17
2939.25
2939.11
2947.58
2966.52
2964.58
2963.91
2957.78
2950.3
2944.55
2940.39
2940.35
2943.92
2948.72
2956.24
2959.85
2962.6
2962.54
2955.32
2938.93
2950.52
2968.11
2971.94
2941.02
2909.51
2895.1
2882.78
2879.42
2880.02
2887.59
2891.49
2899.1
2906.51
2912.99
2915.86
2914.14
2881.8
2872.17
2894.92
2897.6
2892
2882.2
2877.18
2874.07
2866.48
2869.45
2877.11
2884.15
2892.66
2902
2902.93
2907.69
2912.57
2916.96
2899.32
2883.65
2876.72
2877.69
2882.25
2870.23
2858.33
2853.18
2847.1
2851.94
2846.54
2836.15
2826.29
2829.79
2818.16
2818.86
2817.86
2813.4
2813.68
2818.36
2818.63
2824.07
2829.86
2834.15
2836.39
2837.15
2836.9
2834.11
2831.92
2828.8
2826.81
2811.09
2809.71
2801.83
2803.68
2788.72
2774.5
2756.45
2745.5
2750.77
2763.37
2777.89
2788.06
2786.1
2772.94
2769.44
2776.68
2783.38
2790.56
2800.06
2819.74
2836.25
2846.6
2844.81
2845.9
2839.96
2832.6
2820.41
2807.13
2794.95
2785.92
2786.01
2790.7
2796.68
2789.67
2777.21
2744.79
2719.58
2717.23
2721.46
2728.44
2750.12
2776.43
2795.2
2794.76
2794.87
2791.33
2787.11
2781.46
2776.7
2772.06
2771.81
2772.89
2776.09
2778.81
2781.09
2784.81
2790.37
2788.55
2789.52
2793.19
2793.09
2794.83
2787.72
2782.24
2784.45
2772.41
2764.28
2747.33
2759.54
2775.01
2779.26
2780.44
2779.02
2778.98
2766.55
2764.06
2756.56
2754.38
2745.56
2746.55
2748.29
2757.85
2762.21
2764.99
2770.57
2776.49
2778.16
2777.5
2778.29
2772.18
2762.71
2782.52
2804.15
2798.12
2794.09
2795.45
2811
2830.27
2842.47
2854.09
2865.32
2877.93
2896.39
2898.8
2901.48
2905.39
2906.89
2895.93
2890.21
2889.09
2883.64
2894.68
2896.02
2916.6
2921.45
2925.78
2916.2
2917.11
2908.28
2902.83
2877.89
2850.02
2865.19
2885.46
2886.61
2880.6
2881.1
2882
2885.14
2886.15
2886.2
2899.48
2896.05
2896.94
2897.03
2898.13
2906.75
2906.69
2910.81
2905.79
2898.3
2883.22
2880.46
2871.53
2871.88
2875.8
2876.87
2887.97
2900.3
2898.32
2898.39
2904.25
2891.29
2881.36
2869.57
2849.94
2851.54
2857.86
2859.47
2852.53
2848.03
2847.4
2852.2
2863.29
2874.11
2885.03
2896
2912.22
2929.67
2937.94
2917.4
2878.72
2859.27
2840.96
2844.19
2844.6
2873.55
2892.43
2935.39
2951.88
2946.94
2920.26
2895.89
2893.73
2882.09
2860.66
2834.44
2831.07
2851.43
2865.21
2858.77
2852.66
2849.63
2843.37
2839.95
2844.46
2863.52
2873.68
2879.36
2884.75
2899.14
2914
2935.82
2953.37
2955.04
2951.32
2939.3
2919.92
2904.97
2890.82
2869.76
2842.66
2841.37
2860.24
2867.92
2866.52
2861.2
2850.45
2843.46
2836.49
2827.25
2819.71
2805.48
2781.17
2733.43
2659.18
2650.25
2650.77
2691.8
2698.7
2634.24
2611.41
2623.52
2658.5
2693.36
2727.99
2779.27
2830.18
2871.08
2899.24
2896.25
2871.92
2822.73
2774.16
2718.64
2681.71
2655.17
2654.83
2657.43
2649.46
2629.68
2634.58
2815.45
2824.68
2714.07
2866.77
2715.55
2471.62
2446.47
2902.72
3002.73
3033.58
2986.74
2952.13
2965.82
3037.71
3076.19
3072.42
3059.42
3071.6
3086.63
3086.89
3064.03
2991.96
2889.54
2868.11
2943.76
2984.62
2992.98
2986.22
2990.85
3006.27
3020.77
3021.72
3011.39
2998.19
2995.24
2957.11
2919.63
2892.33
2890.44
2909.95
2938.18
2966.48
2987.19
2998.46
3000.03
2991.9
2977.98
2959.56
2941.67
2921.58
2893.69
2859.44
2821.13
2827.57
2868.15
2909.78
2930.62
2954.91
2978.64
2983.25
2982.02
2958.02
2935.31
2933.33
2939.23
2941.46
2946.29
2968.02
2967.05
2965.59
2960.12
2953.25
2947.93
2946.27
2945.15
2947.44
2953.5
2956.75
2959.51
2961.71
2960.23
2949.28
2941.52
2957.2
2970.77
2970.58
2962.3
2928.61
2911.37
2896.31
2887.1
2883.99
2887.37
2891.69
2897.39
2905.76
2910.47
2915.29
2919
2894.41
2866.64
2892.98
2902.69
2901.2
2895.03
2884.07
2879.9
2883.58
2882.31
2881.91
2890.4
2903.42
2904.49
2907.78
2912.13
2914.91
2914.68
2889.21
2879.82
2873.21
2873.49
2880.14
2872.88
2861.23
2854.19
2849.14
2846.84
2850.83
2841.86
2830.65
2830.06
2823.44
2817.51
2821.27
2814.38
2814.62
2818.79
2822.53
2823
2830.55
2834.74
2833.97
2832.23
2832.17
2833.27
2828.64
2827.4
2811.69
2788.01
2781.09
2781.32
2793.39
2792.18
2786.96
2763.02
2750.45
2755.39
2776.47
2801.69
2815.94
2814.04
2789.1
2768.78
2772.29
2780.9
2787.41
2793.83
2802.9
2817.08
2828.35
2836.15
2833.49
2831.32
2820.28
2812.11
2798.44
2790.61
2784.36
2785.78
2791.48
2793.97
2789.14
2777
2741.78
2720.52
2720.94
2722.68
2723.68
2737.67
2764.6
2790.06
2795.5
2796.51
2798.44
2791.26
2787.78
2782.28
2782.22
2781.64
2781.99
2781.37
2783.47
2785.83
2791.96
2791.35
2791.04
2792.26
2795.54
2796.32
2790.11
2768.24
2764.68
2762.76
2740.13
2730.74
2718.35
2738.84
2764.96
2777.29
2778.41
2778.7
2780.07
2770.64
2768.11
2757.7
2760.14
2761.09
2757.97
2759.38
2760.83
2763.61
2771.37
2777.25
2776.59
2777.91
2779.87
2780.22
2771.54
2767.82
2770.93
2754
2719.21
2701.64
2700.91
2724.07
2770.32
2807.41
2839.78
2857
2868.78
2882.57
2892.89
2896.29
2899.86
2903.04
2904.47
2898.99
2894.72
2893.54
2905.5
2906.22
2922.89
2919
2921.57
2914.75
2911.84
2909.43
2901.96
2882.79
2866.48
2875.82
2892.43
2888.85
2886.53
2887.16
2885.06
2883.14
2884.49
2879.79
2884.86
2882.43
2892.32
2896.56
2895.78
2892.71
2905.69
2906.3
2900.34
2901.72
2891.43
2885.32
2879.33
2877.22
2877.9
2885.69
2897.01
2892.37
2898.36
2897.73
2889.44
2885.95
2875.41
2855.68
2846.57
2852.94
2862.53
2864.89
2863.01
2853.97
2846.79
2845.21
2855.22
2868.77
2880.42
2888.96
2903.22
2924.64
2931.22
2929.83
2905.31
2877.27
2870
2860.1
2864.87
2893.82
2906.91
2943.38
2954.53
2943.98
2915.68
2900.44
2893.63
2884.79
2863.09
2831.05
2826.38
2849.9
2866.54
2859.84
2854.43
2853.69
2854.19
2849.84
2852.08
2868.81
2875.2
2880.29
2881.61
2891.98
2903.41
2917.7
2929.37
2936.84
2928.17
2917.1
2906.07
2896.93
2884.29
2864.14
2840.17
2842.13
2860.47
2866.97
2865.12
2855.79
2838.65
2822.66
2806.22
2788.36
2768.24
2748.6
2722.39
2695.75
2661.7
2633.96
2629.2
2657.55
2667.16
2626.49
2610.16
2621.04
2650.98
2687.01
2718.6
2756.48
2800.9
2832.48
2849.55
2845.72
2821.95
2783.03
2745.41
2694.35
2665.32
2651.03
2652.31
2651.24
2639.71
2617.78
2633.39
2826.47
2749.58
2715.57
2865.31
2565.22
2478.1
2446.8
2914.92
2999.24
3023.32
2974.79
2948.84
2971.62
3043.62
3085.54
3085.88
3079.62
3085.14
3089.98
3088.11
3070.07
3033.42
2931.9
2873.08
2940.59
2986.89
3010.8
3017.7
3025.35
3027.96
3027.85
3019.91
3004.89
2989.47
2992.24
2961.4
2922.92
2893.08
2885.73
2897.18
2920.67
2947.02
2966.42
2976
2977.75
2972.26
2961.13
2945.69
2928.64
2905.14
2879.41
2848.17
2817.93
2809.89
2845.43
2906.8
2927.21
2946.06
2968.29
2973.04
2974.66
2962.01
2941.9
2936.32
2940.21
2943.85
2943.73
2969.62
2969
2967.9
2964.47
2959.33
2955.61
2952.66
2952.57
2955.43
2956.66
2958.79
2959.9
2959.17
2955.63
2946.05
2947.06
2961.32
2969.5
2968.1
2969.95
2957.66
2941.37
2924
2907.17
2895.73
2891.18
2891.43
2897.33
2903.85
2909.35
2914.67
2922.1
2908
2868.28
2883.95
2900.82
2906.51
2904.87
2901.17
2896.97
2891.76
2891.72
2898.72
2905.11
2905.84
2909.68
2912.2
2915.07
2915.79
2910.37
2883.33
2883.2
2874.41
2872.96
2876.55
2877.78
2866.53
2856.93
2851.74
2847.87
2847.8
2848.15
2839.76
2831.3
2829.62
2819.46
2819.89
2820.32
2818.01
2822.52
2822.38
2826.6
2831.87
2835.31
2828.46
2826.43
2827.07
2828.65
2827.65
2815.2
2782.93
2765.86
2767.31
2777.77
2785.66
2792.05
2784.15
2765.79
2752.82
2760.97
2788.69
2823.59
2841.2
2839.89
2816.9
2777.75
2772.64
2776.64
2785.32
2790.74
2794.78
2800.48
2808.17
2812.84
2816.1
2812.51
2808.07
2799.26
2792.97
2786.8
2785.92
2787.79
2793.36
2791.8
2789.62
2776.93
2749.17
2727.35
2724.17
2724.07
2721.64
2727.24
2747.8
2780.83
2796.1
2795.57
2795.98
2795.68
2797.28
2791.69
2787.26
2785.03
2784.7
2787.44
2791.38
2792.3
2792.84
2793.13
2795.62
2796.9
2796.92
2793.77
2777.48
2749.64
2737.4
2729.61
2696.64
2691.26
2690.63
2713.36
2746.22
2771.96
2775.6
2777.04
2779.81
2774.52
2773.01
2764.91
2762.63
2758.12
2762.18
2764.95
2767.34
2773.62
2776.3
2776.03
2778.51
2783.73
2783.58
2776.83
2772.27
2770.34
2753.82
2698.76
2639.63
2596.96
2583.02
2610.94
2665.52
2746.66
2812.79
2845.72
2858.84
2871.62
2885.54
2891.53
2893.33
2896.42
2899.24
2901.63
2904.36
2908.36
2914.11
2908.01
2918.31
2914.63
2915.56
2913.03
2912.32
2907.33
2900.63
2887.96
2878.28
2888.84
2900.45
2894.94
2898.95
2909.12
2910.51
2906.59
2899.67
2895.76
2882.26
2868.85
2882.09
2890.63
2887.24
2889.15
2891.86
2901.53
2896.68
2899.92
2892.01
2895.06
2889.45
2889.83
2888.84
2888.66
2893.32
2889.8
2891.7
2891.72
2884.41
2874.89
2866.96
2849.87
2846.25
2858.52
2865.63
2870.79
2869.98
2863.85
2849.52
2839.99
2847
2862.2
2873.68
2882.42
2892.13
2910.03
2924.45
2934.53
2930.84
2920.45
2902.44
2900.51
2913.49
2922.92
2935.96
2958.29
2942.42
2928.42
2914.77
2899.08
2894.56
2886.54
2859.9
2830.38
2826.14
2845.09
2866.77
2865.41
2856.06
2855.24
2858.89
2863.22
2864.49
2874.8
2879.67
2881.2
2880.35
2887.35
2888.98
2903.05
2900.85
2909.2
2906.95
2899.94
2895.78
2887.66
2875.93
2856.17
2837.18
2845.15
2861.77
2863.19
2867.1
2859.96
2843.77
2832.01
2820.25
2816.42
2807.42
2797.1
2771.13
2728.87
2678.49
2642.18
2621.79
2622.05
2635.12
2619.83
2609.89
2618.59
2640.44
2671.1
2702.56
2727.56
2756.73
2780.31
2788.23
2783.56
2766.24
2738.29
2705.06
2673.08
2649.1
2649
2649.97
2645.65
2625.31
2610.59
2646
2867.27
2713.51
2789.96
2783.91
2548.89
2506.47
2447.35
2927.21
2989.93
3017.25
2973.32
2951.95
2981.64
3048.55
3087.02
3094.51
3094.1
3093.87
3094.61
3090.74
3077.13
3058.57
2988.87
2883.6
2920.58
2963.87
2994.67
3016.64
3025.84
3030.49
3024.49
3012.94
2994.97
2983.25
2988.6
2969.18
2928.22
2895.68
2881.04
2884.81
2898.03
2917.23
2934.45
2942.29
2944.22
2940.52
2932.28
2916.46
2900.07
2879.67
2855.46
2830.35
2811.09
2800.23
2829.33
2885.54
2915.91
2931.65
2945.6
2954.08
2959.37
2960.68
2947.12
2942
2943.04
2946.36
2941.71
2965.97
2971.46
2970.2
2967.58
2963.82
2959.08
2957.7
2955.98
2954.85
2955.77
2956.45
2956.92
2955.48
2950.87
2948.45
2952.44
2962.58
2967.89
2967.01
2971.45
2962.72
2950.12
2938.83
2924.29
2910.78
2901.43
2897.21
2898.92
2904.44
2908.46
2913.91
2923.51
2918.11
2878.63
2872.79
2899.58
2906.92
2908
2906.6
2903.78
2902.91
2906.89
2906.63
2907.75
2912.54
2915.24
2917.71
2919.47
2915.24
2898.65
2886.47
2882.91
2880.78
2876.5
2876.38
2884.85
2872.8
2862.03
2855.44
2850.44
2847.51
2844.92
2848.21
2836.02
2834.14
2829
2823.58
2820.42
2823.1
2824.78
2825.84
2830.65
2829.5
2825.8
2823.77
2824.22
2828.98
2827.33
2817.05
2787.08
2764.99
2758.89
2760.63
2769.17
2777.88
2784.49
2774.93
2759.61
2756.8
2767.69
2799.38
2833.89
2850.51
2851.23
2840.25
2801.61
2770.85
2774.24
2781.81
2788.51
2792.32
2794.22
2795.01
2797.44
2797.63
2797.89
2794.85
2792.75
2788.67
2788
2788.18
2791.09
2792.22
2792.43
2785.82
2778.17
2755.01
2736.45
2727.21
2723.55
2723.04
2725.21
2734.6
2765.62
2793.55
2799.17
2796.51
2796.47
2795.28
2793.86
2793.49
2792.61
2793.39
2792.12
2792.96
2793.23
2794.49
2796.43
2798.03
2799.77
2798.07
2789.91
2766.57
2739.39
2713.27
2695.44
2670.36
2668.36
2676.65
2694.86
2720.98
2759.67
2773.44
2773.45
2778.42
2776.44
2775.55
2771.29
2768.52
2769.35
2767.59
2768.43
2772.46
2776.1
2778.86
2782.12
2785.42
2785.1
2781.19
2775.46
2771.86
2771.75
2760.18
2712.74
2652.24
2601.45
2573.76
2563.07
2596.53
2667.49
2764.6
2827.56
2849.16
2860.78
2873.77
2883.89
2888.37
2889.27
2890.61
2891.97
2897.03
2894.45
2902.41
2900.25
2912.88
2904.16
2912.49
2910.9
2909.31
2906.3
2900.98
2890.57
2888.49
2908.57
2923.48
2915.12
2915.84
2927.24
2939.31
2942.68
2940.26
2919.84
2886.51
2857.56
2873.07
2889.2
2889.37
2884.55
2880.83
2888.41
2893.71
2894.8
2889.74
2888.02
2887.66
2883.58
2885.39
2885.31
2885.08
2886.55
2886.67
2879.44
2876.05
2867.06
2850.23
2844.3
2850.75
2858.21
2863.76
2869.39
2870.81
2860.4
2847.35
2838.59
2838.72
2853.34
2868.86
2877.74
2883.61
2892.9
2906.95
2921.06
2927.19
2926.49
2934.53
2940.99
2934.28
2940.19
2944.44
2939.97
2929.18
2921.79
2909.17
2900.23
2898.39
2886.7
2860.53
2835.03
2827.35
2842.66
2869.08
2869.09
2856.83
2856.1
2858.18
2868.03
2879.06
2883.87
2884.69
2887.23
2882.12
2885.06
2882.53
2889.25
2888.33
2888.93
2887.47
2889.5
2884.93
2877.82
2863.95
2845.19
2834.1
2852.73
2865.72
2855.23
2866.09
2870.03
2861.97
2852.56
2845.53
2842.74
2836.55
2821.51
2782.79
2720.47
2657.27
2637.38
2628.63
2618.3
2613.27
2612.72
2609.54
2615.64
2630.76
2651.54
2676.47
2698.32
2713.32
2727.86
2732.61
2727.95
2714.65
2694.77
2668.47
2649.82
2641.66
2646.85
2647.75
2635.15
2619.12
2612.13
2713.01
2924.82
2742.13
2931.65
2705.53
2556.86
2530.51
2447.09
2942.31
2977.43
3010.47
2980.15
2958.93
2990.36
3047.17
3084.16
3094.91
3097.22
3097.25
3096.21
3092.9
3082.67
3062.36
3019
2931.75
2915.08
2928.6
2959.22
2986.79
3011.2
3016.84
3014.45
2999.07
2981.68
2977.36
2985.31
2977.41
2936.77
2904.01
2880.08
2875.94
2879.29
2887.51
2898.44
2905.33
2906.21
2902.36
2894.65
2883.85
2869.95
2853.21
2834.65
2816.76
2801.01
2811.8
2865.49
2877.8
2894.8
2910.56
2922.54
2932.77
2941.44
2943.12
2941.01
2938.34
2947.73
2948.62
2941.76
2955.53
2971.47
2973.21
2971.19
2968.65
2965.97
2961.84
2959.02
2958.48
2957.21
2957.5
2956.63
2957.12
2955.43
2956.9
2960.81
2965.74
2968.27
2970.77
2966.8
2953.8
2942.49
2934.28
2924.32
2914.66
2905.6
2900.96
2901.99
2903.53
2909.31
2914.93
2925.07
2925
2891.1
2866.15
2885.87
2905.38
2910.2
2910.94
2910.27
2910.34
2908.96
2911.08
2916.01
2918.45
2921.26
2924.31
2924.37
2919.33
2906.1
2892.01
2884.24
2882.62
2885.66
2879.95
2881.18
2878.69
2869.48
2860.42
2854.37
2850.46
2843.69
2840.58
2838.47
2835.75
2828.69
2833.82
2824.84
2825.37
2826.69
2823.08
2823.74
2822.46
2821.86
2822.52
2824.6
2827.15
2814.28
2788.11
2773.6
2765.28
2760.8
2753.89
2758.05
2759.97
2767.12
2759.47
2757.88
2759.59
2776.19
2801.3
2827.88
2843.75
2852.08
2850.88
2829.1
2784.24
2772.49
2776.81
2783.75
2789.65
2792.95
2794.25
2793.68
2794.61
2793.07
2793.2
2791.72
2792.26
2792.39
2794.01
2797.13
2798.69
2793.24
2783.07
2775.76
2759.72
2745.17
2731.75
2726.48
2723.88
2725.86
2729.53
2747.88
2783.35
2800.44
2798.76
2797.37
2797.22
2795.92
2794.12
2793.3
2790.22
2793.54
2794.13
2795.56
2797.74
2799.99
2804.34
2798.3
2795.74
2781.43
2758.63
2734.95
2708.36
2684.4
2669.54
2672.18
2681.65
2695.36
2701.47
2734.09
2766.12
2771.32
2772
2775.72
2776.85
2773.08
2772.4
2769.04
2770.86
2774.59
2777.99
2780.42
2783.09
2785.41
2784.6
2781.09
2776.34
2772.22
2770.13
2770.41
2771.74
2762.22
2735.06
2700.91
2679.33
2649.44
2627.15
2635.98
2707.7
2794.25
2836.67
2850.22
2860.62
2871.66
2878.43
2884.74
2885.21
2886.79
2884.92
2885.38
2895.27
2894.64
2902.5
2903.89
2909.19
2906.81
2907.71
2905.76
2898.79
2893.34
2899.2
2923.4
2935.04
2932.46
2929.4
2929.95
2933.46
2932.68
2919.91
2890.44
2859.24
2843.71
2861.04
2883.63
2888.88
2884.29
2877.19
2876.64
2878.27
2884.38
2883.64
2888.27
2879.08
2880.45
2880.15
2880.89
2877.71
2874.73
2875.48
2872.08
2863.27
2854.5
2848.46
2848.47
2854.03
2857.56
2859.59
2861.15
2857.97
2855.06
2846.65
2840.31
2833.67
2843.54
2860.61
2873.23
2878.3
2882.08
2887.4
2895.81
2902.26
2909.04
2912.67
2913.35
2916.09
2926.79
2912.73
2919.29
2914.28
2910.32
2905.77
2903.12
2896.13
2883.35
2862.11
2844.36
2838.03
2849.88
2869.3
2873.74
2859.14
2856.72
2857.3
2862.62
2875.64
2886.1
2887.75
2891.46
2887.88
2888.68
2882.9
2886.26
2881.36
2885.76
2880.2
2880.17
2875.57
2864.2
2848.96
2834.55
2832.59
2867.99
2868.96
2846.49
2849.03
2865.88
2868.27
2868.46
2862.76
2853.12
2841.86
2821.36
2771.08
2691.06
2611.01
2593.6
2601.49
2616.7
2614.16
2611.29
2609.84
2613.23
2621.47
2633.66
2647.21
2662.21
2671.56
2677.07
2679.47
2674.59
2666.69
2653.49
2639.89
2635.01
2639.02
2648.88
2640.52
2631.4
2649.71
2720.36
2841.43
2930.42
2931.27
2809.14
2634.24
2579.1
2559.96
2452.52
2968.29
2965.11
3005.8
2991.17
2965.41
2984.27
3029.42
3066.02
3084.33
3092.43
3093.3
3092.08
3086.88
3071.74
3025.25
2995.84
2977.83
2943.7
2935.45
2945.25
2962.95
2979.87
2985.33
2982.56
2973.28
2967.65
2970.04
2981.59
2986.21
2948.4
2922.62
2887.84
2875
2868.36
2867.15
2868.62
2871.35
2873.78
2871.9
2867.4
2860.26
2851.06
2840.18
2828.34
2817.34
2809.58
2844.47
2918.7
2933.79
2917.12
2912.38
2911.63
2917.71
2922.58
2928.01
2930.99
2934.57
2949.95
2949.91
2945.3
2945.43
2968.83
2973.13
2973.78
2973.15
2970.71
2969.6
2966.94
2965.3
2965.94
2965.61
2966.22
2967.45
2970.09
2971.86
2973.45
2974.08
2974.55
2975.61
2953.43
2938.36
2930.35
2927.55
2918.28
2912.81
2906.51
2904.18
2904.06
2906.77
2913.07
2920.56
2928.73
2927.29
2902.2
2865.08
2870.3
2890.56
2908.9
2911.97
2914.77
2914.8
2916.22
2920.14
2921.89
2924.04
2927.19
2927.79
2925.96
2921.2
2909.58
2894.4
2887.55
2884.79
2884.83
2885.21
2880.09
2884.3
2875.66
2867.57
2859.65
2854.41
2846.6
2841.66
2837.36
2830.09
2820.13
2822.82
2820.72
2815.28
2816.18
2818.17
2819.12
2819.71
2820.1
2820.33
2816.85
2806.14
2789.36
2780.19
2782.28
2778.91
2775.84
2764.37
2763.55
2757.97
2760.98
2757.79
2760.88
2765.53
2779.74
2795.88
2814.5
2826.78
2840.08
2848.49
2844.54
2807.26
2774.2
2772.15
2776.4
2781.46
2786.11
2790.31
2791.75
2792.69
2792.19
2791.32
2791.35
2790.96
2790.71
2792.32
2789.8
2788.96
2784.43
2780.11
2768.49
2759.63
2752.13
2740.46
2733.61
2728.17
2726.99
2730
2735.39
2766.17
2792.57
2793.16
2793.45
2794.41
2799.55
2798.84
2796.32
2796.29
2797.19
2795.08
2795.71
2796.38
2795.43
2793.83
2786.68
2778.32
2764.97
2749.99
2733.5
2715.79
2701.88
2692.33
2693.57
2700.39
2707.76
2700.53
2703.93
2744.7
2769.63
2767.79
2767.87
2770.5
2768.99
2767.17
2769.03
2770.41
2772.57
2774.01
2777.08
2779.13
2778.42
2776.4
2773.54
2769.67
2765.86
2764.3
2765.08
2767.95
2770.25
2769.4
2756.97
2741.32
2718.23
2695.25
2678.16
2685.53
2748.18
2812.83
2841.26
2849.34
2857.1
2864.23
2868.48
2869.26
2871.46
2876.94
2876.02
2887.28
2883.02
2894.25
2896.51
2902.33
2903.11
2905.35
2900.88
2896.32
2891.44
2896.75
2909.34
2915.12
2910.09
2903.31
2895.84
2887.76
2873.72
2856.17
2837.1
2827.27
2830.13
2852.67
2872.9
2887.26
2886.44
2879.91
2874.19
2869.64
2867.44
2867.53
2865.71
2863.13
2861.3
2860.63
2862.01
2860.9
2862.12
2859.55
2857.4
2851.31
2845.2
2843.76
2845.21
2845.78
2847.62
2848.66
2849.1
2849.5
2851.35
2850.54
2846.8
2833.65
2832.16
2846.99
2867.1
2878.26
2876.64
2877.42
2876.55
2877.78
2878.18
2879.04
2879.95
2885.43
2886.15
2890.58
2901.1
2900.36
2902.79
2904.62
2901.09
2895.18
2885.21
2872.34
2861.75
2859.33
2863.73
2873.88
2878.3
2861.91
2856.35
2856.53
2856.88
2860.27
2869.64
2877.03
2884.77
2884.12
2887.13
2881.21
2884.23
2877.97
2877.37
2871.96
2866.01
2855.54
2845.04
2834.3
2827.66
2843.58
2884.16
2877.41
2842.04
2831.4
2841.35
2853.35
2858.57
2854.41
2843.74
2826.21
2802.43
2748.52
2651.53
2584.21
2574.57
2572.95
2589.84
2605.61
2609.64
2610.94
2612.61
2615.09
2619.6
2623.79
2628.29
2633.04
2634.29
2632.92
2632.33
2629.66
2626.58
2623.26
2629.89
2643.44
2646.62
2630.32
2652.09
2714.94
2771.54
2817.56
2827.77
2733.68
2648.02
2612.69
2626.44
2577.11
2460.73
2993.23
2960.77
2994.25
3003.63
2969.64
2965.64
2982.46
3009.56
3027.14
3042.74
3050.02
3048.84
3039.17
3015.63
2983.92
2977.12
2978.33
2970.04
2962.66
2961.98
2960.22
2963.72
2959.45
2961.35
2959.01
2962.92
2968.71
2979.41
2989.51
2957.46
2938.45
2901.05
2883.09
2875.98
2866.65
2862.68
2859.06
2857.79
2856.39
2855.12
2853.47
2851.06
2847.99
2845.24
2844.53
2862.36
2908.72
2951.85
2960.46
2953.18
2944.51
2933.83
2931.55
2931.11
2935.36
2938.23
2942.08
2954.06
2950.36
2948.72
2938.21
2955.09
2971.48
2973.11
2973.5
2973.14
2972.05
2972.48
2973.02
2973.18
2974.8
2975.68
2977.25
2978.49
2979
2978.94
2977.33
2971.58
2955.34
2937.11
2931.75
2929.39
2928.83
2923.41
2920.63
2915.45
2914.63
2916.6
2917.99
2925.5
2927.6
2932.56
2929.54
2903.5
2871.3
2860.36
2872.88
2886.43
2897.2
2906.91
2909.85
2913.35
2915.24
2917.22
2921.54
2921.95
2920.78
2913.09
2903.84
2895.6
2888.76
2884.54
2882.16
2883.21
2886.57
2879.97
2885.39
2878.17
2870.91
2865.31
2856.18
2849.9
2848.57
2836.51
2824.74
2828.76
2816.86
2812.27
2815.89
2813.08
2812.54
2813.4
2812.18
2809.94
2803.61
2797.22
2791.17
2790.61
2790.62
2795.14
2792.8
2796.43
2791.86
2791.58
2785.73
2785.46
2781.97
2785.72
2787.38
2796.4
2804.17
2813.54
2823.09
2830.54
2845.29
2846.28
2823.55
2780.83
2770.73
2769.15
2771.6
2772.03
2773.24
2772.62
2773.53
2771.72
2772.27
2771.03
2770.39
2768.24
2767.07
2763
2763.61
2759.82
2757.48
2746.52
2747.74
2742.52
2735.37
2733.96
2730.16
2729.33
2730.71
2731.32
2742.78
2782.44
2790.28
2788.42
2785.38
2782.55
2780.66
2778.25
2775.91
2777.22
2776.48
2774.7
2773.63
2772.69
2768.68
2765.08
2758.52
2752.68
2746.4
2743.47
2734.3
2732.81
2723.79
2726.22
2719.92
2716.84
2712.11
2696.16
2707.19
2761.97
2764.79
2761.81
2759.44
2754.45
2755.21
2750.04
2753.42
2754.22
2758.44
2761.24
2761.98
2762.28
2762.36
2761.6
2759.44
2757.41
2755.09
2753.76
2752.96
2751.19
2748.31
2743.13
2735.33
2724.79
2718
2709.64
2709.01
2725.39
2773.76
2828.3
2841.08
2846.99
2848.9
2851.15
2851.8
2847.05
2851.76
2846.79
2861.15
2857.79
2876.53
2868.53
2880.29
2882.97
2882.13
2877.43
2873
2868.08
2864.17
2860.24
2855.05
2848.51
2840.06
2833.82
2826.24
2819.64
2815.4
2812.62
2814.41
2826.37
2849.68
2867.46
2873.4
2884.82
2882.01
2877.92
2869.15
2864.1
2858.36
2849.96
2842.68
2843.74
2844.09
2841.09
2842.02
2845.17
2844.01
2841.84
2841.97
2841.32
2839.69
2840.68
2841.24
2843.72
2845.29
2852.23
2852.59
2855.77
2854.62
2850.75
2839
2831.09
2828.94
2848.38
2879.03
2882.75
2877.27
2872.08
2864.99
2859.94
2854.93
2863.75
2853.02
2876.57
2867.13
2886.15
2887.94
2897.06
2897.96
2898.67
2895.75
2890.63
2884.94
2882.02
2878.68
2879.15
2880.99
2880.59
2862.47
2854.63
2851.8
2850.94
2847.5
2851.34
2851.34
2858.01
2856.74
2862.57
2854.17
2859.59
2848.68
2851.34
2840.61
2841.25
2833.87
2829.95
2825.92
2826.15
2860.65
2892.54
2885.18
2836.26
2810.77
2806.18
2809.58
2809.73
2807.54
2800.44
2786.46
2771.81
2726.45
2628.83
2586.09
2586.28
2586.28
2589.07
2591.81
2598.22
2602.08
2604.8
2606.52
2607.23
2607.8
2606.78
2607
2605.96
2608.13
2607.63
2608.72
2613.8
2616.7
2633.23
2649.98
2635.51
2628.25
2639.88
2645
2654.84
2653.52
2635.83
2611.53
2606.94
2607.49
2604.08
2569.8
2472.88
)
;

boundaryField
{
    wand
    {
        type            zeroGradient;
    }
    frontAndBack
    {
        type            empty;
    }
}


// ************************************************************************* //
