/*--------------------------------*- C++ -*----------------------------------*\
| =========                 |                                                 |
| \\      /  F ield         | OpenFOAM: The Open Source CFD Toolbox           |
|  \\    /   O peration     | Version:  2.1.1                                 |
|   \\  /    A nd           | Web:      www.OpenFOAM.org                      |
|    \\/     M anipulation  |                                                 |
\*---------------------------------------------------------------------------*/
FoamFile
{
    version     2.0;
    format      ascii;
    class       volScalarField;
    location    "0.007950000";
    object      cSound;
}
// * * * * * * * * * * * * * * * * * * * * * * * * * * * * * * * * * * * * * //

dimensions      [0 1 -1 0 0 0 0];

internalField   nonuniform List<scalar> 
12384
(
1136.25
1132.74
1128.23
1124.29
1122.19
1122.06
1122.68
1124.71
1127.47
1131.1
1135.44
1141.48
1146.46
1151.77
1090.62
1097.57
1110.11
1118.05
1120.32
1120.85
1120.88
1121.36
1121.19
1120.49
1119.47
1118.17
1116.57
1114.61
1112.48
1110.58
1108.4
1106.95
1105.81
1104.98
1104.26
1104.07
1103.84
1103.81
1103.98
1104.86
1105.71
1104.04
1090.31
1074.76
1125.1
1125.55
1123.9
1123.66
1123.38
1123.22
1122.63
1122.56
1122.32
1122.05
1121.51
1121.02
1120.52
1120.28
1120.19
1120.05
1120.03
1119.96
1120.25
1120.43
1120.8
1121.19
1121.82
1122.46
1123.29
1123.97
1124.81
1125.36
1124.59
1124.5
1120.48
1119.84
1119.42
1119.35
1119.66
1119.76
1119.82
1120.18
1120.44
1120.74
1121.14
1121.33
1121.54
1121.54
1120.9
1120.83
1120.29
1119.62
1119.91
1119.61
1119.54
1120.06
1120.02
1119.94
1120.09
1120.24
1120.2
1119.87
1119.71
1119.56
1121.97
1122.2
1122.78
1123.5
1123.82
1123.53
1122.91
1122.77
1121.53
1120.73
1119.39
1118.76
1118.16
1118.18
1117.96
1119.06
1119.3
1120.85
1120.63
1121.21
1120.67
1119.4
1118.64
1118.81
1118.09
1117.66
1117.43
1117.89
1118.48
1118.78
1125.02
1129.66
1131.47
1130.25
1129.19
1128.54
1127.7
1127.7
1127.86
1127.61
1127.74
1128.13
1128.19
1128.24
1128.3
1128.16
1128.09
1127.72
1127.44
1127.31
1127.31
1127.27
1127.45
1127.84
1128.35
1128.97
1128.44
1126.02
1125.29
1125.56
1110.55
1116.23
1117.25
1117.03
1116.28
1115.64
1114.3
1113.25
1111.95
1110.81
1110.04
1109.51
1109.07
1108.78
1108.3
1107.64
1107.66
1107.17
1106.92
1106.69
1106.8
1107.9
1108.37
1110.01
1111.41
1112.09
1100.37
1075.88
1077.92
1079.35
1125.8
1133.05
1134.17
1134.02
1133.15
1132.9
1132.93
1132.9
1132.91
1132.75
1132.33
1132.31
1132.46
1132.2
1132.21
1132.86
1133.42
1134.08
1134.58
1135.64
1134.57
1125.08
1122.89
1123.61
1124.2
1124.93
1125.53
1125.78
1125.74
1125.37
1135.21
1135.37
1135.83
1136.12
1136.19
1136.08
1135.86
1135.44
1135.04
1134.33
1133.99
1133.6
1133.6
1133.61
1134.13
1134.55
1134.9
1135.11
1135.53
1141.27
1142.7
1142.61
1142.18
1141.74
1141.87
1141.89
1142.42
1143.05
1142.6
1142.86
1132.29
1133.24
1134.32
1135.75
1136.79
1137.43
1137.7
1137.52
1136.98
1136.18
1135.51
1135.03
1134.21
1133.95
1134.29
1134.32
1134.93
1135.6
1135.65
1134.88
1137.39
1139.72
1140.46
1140.94
1141.4
1142.31
1142.82
1142.3
1141.98
1142.09
1151.45
1151.47
1151.45
1151.35
1151.42
1151.02
1150.52
1149.39
1148.46
1147.15
1146.74
1145.78
1145.83
1145.69
1146.5
1147.3
1151.29
1150.7
1150.39
1149.91
1149.79
1149.62
1149.64
1149.69
1149.79
1149.98
1150.32
1150.48
1150.76
1151.62
1135.21
1133.69
1134.47
1140.81
1143.37
1143.12
1143.7
1144.12
1144.54
1144.64
1145.13
1144.94
1145.82
1145.44
1146.72
1146.32
1147.87
1147.47
1148.73
1148.47
1149.42
1148.83
1150.06
1149.41
1150.75
1150.64
1151.85
1152.26
1152.31
1151.62
1161.93
1159.64
1156.69
1154.62
1153.42
1153.72
1160.18
1190.5
1200.55
1198.8
1194.86
1192.71
1189.62
1188.5
1186.3
1185.32
1183.52
1182.48
1181.24
1180.94
1181.15
1182.73
1185.07
1188.1
1190.67
1193.38
1194.77
1195.14
1194.37
1187.76
1128.16
1119.33
1111.59
1108.8
1109.11
1111.16
1112.89
1114.95
1116.83
1119.64
1125
1132.66
1142.85
1150.91
1091.09
1100.23
1114.06
1121.96
1125.49
1127.21
1128.62
1129.08
1128.65
1126.76
1124.46
1121.9
1118.52
1113.91
1109.67
1106.9
1105.11
1104.04
1103.11
1102.4
1101.67
1101.05
1100.7
1100.68
1101.27
1102.24
1103.91
1105
1101.74
1092.03
1125.35
1125.29
1124.15
1123.69
1123.19
1123.03
1122.67
1122.21
1121.21
1120.19
1118.98
1118.37
1118.48
1118.73
1119.27
1119.6
1119.98
1120.29
1120.48
1120.75
1120.83
1121.13
1121.39
1121.85
1122.53
1123.32
1124.11
1125.01
1125.51
1125.5
1120.49
1119.69
1119.21
1119.34
1119.26
1119.34
1119.7
1120.09
1120.73
1121.46
1121.83
1122.05
1121.65
1120.76
1119.7
1118.54
1118.03
1117.61
1117.38
1117.88
1118.27
1118.88
1119.6
1119.99
1120.29
1120.25
1120.36
1120.29
1120.01
1119.82
1121.89
1121.95
1122.59
1123.55
1123.49
1121.73
1119.84
1118.28
1116.74
1115.82
1114.18
1113.78
1113.04
1113.08
1113.42
1114.16
1115.57
1117.04
1118.61
1120.32
1120.55
1120.47
1119.37
1118.32
1116.5
1114.1
1113.72
1114.95
1117
1117.57
1125.83
1130.44
1131.38
1129.68
1128.14
1127.18
1126.76
1126.15
1125.84
1126.33
1126.33
1126.53
1127.01
1127.17
1127.08
1127.01
1126.94
1126.95
1126.97
1127
1126.96
1127.05
1127.22
1127.35
1127.65
1128.29
1128.63
1127.61
1126.07
1125.4
1111.37
1117.32
1118.04
1117.51
1116.29
1114.59
1112.13
1109.81
1107.8
1106.75
1106.3
1106.67
1106.61
1106.44
1106.29
1105.86
1105.76
1105.13
1105.37
1105.3
1105.46
1105.69
1106.61
1107.61
1109.48
1111.17
1108.11
1093.67
1079.67
1079.3
1124.92
1132.83
1133.97
1132.93
1132.18
1132.15
1132.26
1132.48
1132.56
1132.48
1132.85
1133.12
1132.81
1133.09
1133.14
1133.24
1133.59
1134.2
1134.41
1135.1
1135.5
1130.98
1123.78
1121.66
1122.98
1124.51
1126.19
1127.71
1127.94
1127.19
1134.86
1135.04
1136.02
1136.28
1136.07
1135.57
1134.82
1133.85
1132.59
1131.63
1130.9
1130.28
1130.1
1130.31
1130.92
1131.97
1133.23
1134.02
1134.53
1137.79
1141.18
1142.01
1140.64
1139.46
1138.96
1138.91
1139.85
1141.64
1143.18
1142.95
1131.98
1132.59
1134
1136.61
1138.23
1138.6
1137.43
1135.79
1133.91
1132.12
1130.68
1129.11
1128.41
1128.05
1128.4
1129.52
1130.66
1132.23
1133.88
1134.44
1135.6
1137.33
1138.75
1139.47
1139.89
1141.63
1143.99
1144.66
1143.34
1142.27
1151.29
1151.15
1151.4
1152.14
1151.97
1151.27
1149.7
1147.96
1146.14
1144.27
1143.13
1142.37
1142.1
1143.22
1144
1145.72
1148.85
1150.85
1150.49
1149.89
1149.03
1148.96
1149.03
1149.18
1149.59
1149.84
1150.08
1150.36
1150.72
1151.65
1139.81
1139.69
1141.62
1143.13
1143.38
1143.58
1144.14
1144.59
1144.88
1145.27
1145.78
1145.74
1146.57
1146.17
1147.18
1146.15
1147.37
1146.35
1147.38
1147.09
1147.87
1147.34
1147.64
1147.22
1147.47
1147.85
1149.46
1151.1
1152.05
1151.78
1171.64
1161.62
1153.79
1151.01
1151.38
1158.86
1182
1198.7
1199.52
1196.53
1193.22
1191.77
1189.96
1189.15
1188.3
1186.89
1185.39
1182.81
1179.91
1176.88
1175.15
1174.81
1176.82
1180.48
1184.13
1188.65
1193.12
1194.72
1193.67
1186.73
1114.28
1105.49
1103.64
1106.27
1110.84
1115.08
1118.17
1121.46
1122.86
1123.57
1124.22
1127.19
1137.33
1149.43
1091.26
1101.93
1117.08
1126.17
1129.59
1131.81
1132.52
1131.12
1127.14
1123.85
1122.34
1120.78
1116.65
1111.36
1107.46
1105.84
1105.54
1105.72
1105.81
1105.66
1104.94
1103.85
1102.51
1101.44
1100.55
1100.61
1101.69
1103.68
1104.36
1098.52
1125.25
1125.15
1124.3
1124.57
1125.15
1125.7
1124.56
1122.2
1119.26
1117.01
1115.86
1117.1
1118.88
1120.71
1121.84
1122.36
1122.69
1122.73
1122.79
1122.75
1122.84
1122.51
1122.4
1122.3
1122.33
1122.87
1123.43
1124.26
1125.23
1125.73
1120.27
1119.46
1119.16
1119.3
1119.3
1119.31
1119.48
1119.71
1120.41
1121.29
1121.73
1120.8
1119
1117.39
1116.12
1114.89
1114.08
1113.03
1113.01
1112.99
1114.19
1115.54
1117.55
1118.79
1119.59
1120.14
1120.32
1120.29
1120.25
1119.97
1121.8
1121.6
1122.55
1122.89
1120.52
1118.53
1116.89
1115.66
1114.16
1113.16
1111.44
1110.95
1109.52
1109.56
1109.45
1110.48
1111.66
1113.17
1115.3
1117.41
1119.46
1120.05
1120.06
1119.11
1117.19
1113.62
1113.16
1113.86
1116.65
1117.08
1126.16
1131.01
1131.84
1130.49
1129.78
1129.25
1128.39
1127.06
1125.52
1125.4
1126.17
1126.49
1126.5
1126.31
1126.05
1126.1
1126.7
1127.5
1128.29
1128.89
1129.23
1129.24
1128.98
1128.43
1127.8
1127.82
1128.17
1128.12
1126.92
1125.74
1112.07
1118.1
1118.72
1117.73
1116.48
1114.94
1112.47
1109.87
1107.7
1106.57
1106.55
1106.39
1106.5
1106.13
1106.64
1106.67
1106.98
1107.29
1107.42
1107.19
1107.05
1107.16
1106.9
1107.07
1107.8
1109.71
1110.07
1104.93
1090.71
1080.17
1122.81
1132.26
1133.83
1132.16
1132.56
1132.76
1132.65
1132.67
1132.95
1133.73
1134.44
1134.4
1134.66
1135.07
1135.53
1135.41
1135.13
1135.05
1135
1134.87
1135.46
1134.14
1127.72
1121.1
1119.78
1121.59
1124.68
1128.3
1129.56
1128.83
1134.62
1135.66
1136.41
1136.17
1135.61
1134.73
1133.44
1131.84
1130.07
1128.87
1127.2
1125.96
1125.87
1126.25
1127.09
1128.66
1130.14
1131.84
1132.98
1134.52
1138.25
1141.13
1140.42
1138.81
1137.69
1137.39
1137.56
1138.97
1142.24
1143.05
1131.7
1131.87
1134.13
1138.21
1139.17
1137.89
1135.29
1132.43
1130.13
1128.07
1125.96
1124.15
1123.32
1122.65
1122.64
1123.85
1126.14
1127.92
1130.33
1132.31
1133.7
1135.34
1137.03
1138
1137.69
1139.71
1143.5
1146.63
1145.88
1143.5
1150.76
1150.27
1151.67
1152.61
1152.03
1150.18
1148.15
1144.75
1141.91
1139.28
1138.05
1137.38
1138.26
1138.67
1140.67
1142.36
1145.4
1148.33
1150.02
1149.4
1148.59
1148.43
1149.04
1149.84
1150.56
1150.95
1150.96
1150.73
1150.78
1151.69
1142.66
1143.72
1144.15
1143.48
1143.68
1144.29
1145.16
1145.93
1147.06
1148.14
1149.77
1150.29
1152.02
1151.16
1152.25
1150.38
1150.19
1148.36
1148.1
1146.93
1148.03
1147.37
1147.5
1146.35
1146.29
1146.12
1147.07
1149.43
1151.4
1151.59
1173.53
1157.49
1150.66
1151.87
1158.9
1177.51
1196.24
1200.87
1198.45
1196.43
1196.05
1196.32
1196.9
1197.28
1197.14
1196.2
1194.69
1192.72
1189.2
1184.55
1178.7
1175
1174.61
1178.24
1181.03
1184
1191.12
1193.51
1191.59
1184.39
1101.05
1101.74
1106.81
1113.93
1119.89
1123.36
1124.64
1125.56
1127.6
1130.03
1129.2
1128.02
1133.86
1147.67
1091.12
1101.96
1118.23
1128.52
1132.15
1133.46
1131.8
1125.03
1117.3
1112.76
1114.95
1117.23
1112.8
1108.19
1106.7
1106.92
1107.8
1108.6
1109.15
1109.23
1108.86
1107.95
1106.48
1104.24
1102.07
1100.69
1100.53
1101.97
1103.96
1100.68
1125.46
1125.37
1125.14
1126.65
1127.85
1128.1
1125.74
1120.56
1115.59
1113.42
1115.78
1119.79
1122.53
1123.23
1123.31
1122.77
1122.07
1121.54
1121.29
1121.76
1122.03
1122.65
1123.03
1123.08
1122.95
1122.83
1123.09
1123.71
1124.63
1125.59
1120.07
1119.38
1119.49
1120.03
1120.18
1120.13
1119.69
1119.76
1120.13
1121.13
1121.05
1118.7
1116.87
1115.54
1114.52
1113.03
1111.62
1110.46
1109.74
1109.52
1110.24
1111.76
1113.98
1116.33
1118.33
1119.44
1119.95
1120.18
1120.25
1120.02
1121.72
1121.38
1123.45
1120.42
1118.16
1116.72
1115.54
1114.12
1112.42
1110.5
1109.05
1107.36
1106.89
1106.13
1106.61
1107
1108.31
1110.24
1112.33
1114.55
1117.03
1119.18
1119.76
1119.76
1118.2
1115.84
1115.41
1115.15
1117.63
1118.78
1126.17
1131.55
1133.13
1132.98
1133.93
1134.61
1132.29
1128.3
1125.87
1125.12
1125.84
1126.48
1125.58
1124.44
1124.61
1125.65
1127.36
1129.3
1130.99
1132.37
1133
1132.71
1131.96
1130.86
1129.5
1128.29
1127.99
1128.05
1127.32
1125.86
1112.56
1119.06
1119.47
1118.25
1117.56
1116.2
1114.38
1112.29
1109.88
1108.07
1106.88
1106.22
1106.17
1106.62
1107
1107.51
1108.92
1109.21
1109.82
1110
1110.22
1109.27
1108.6
1107.68
1107.52
1108.44
1109.9
1108.25
1098.46
1085.17
1120.32
1131.15
1133.18
1133.2
1133.85
1133.21
1132.73
1132.85
1133.82
1134.95
1135.24
1135.95
1136.94
1137.09
1137.11
1137.51
1137.26
1136.47
1135.9
1135.3
1135.25
1135.25
1130.99
1123.19
1119.07
1119.03
1122.21
1127.41
1130.86
1130.1
1135.12
1136.44
1136.46
1136.06
1135.41
1134.1
1132.13
1130.34
1127.26
1124.89
1122.76
1122.04
1121.31
1121.64
1122.79
1124.22
1126.44
1129.5
1131.03
1132.63
1135.49
1139.49
1140.43
1138.84
1137.64
1136.89
1137.05
1137.37
1140.48
1143.02
1131.4
1131.54
1136.67
1140.35
1139.47
1136.48
1132.89
1130.01
1127.33
1124.34
1121.59
1119.83
1117.98
1117.26
1117.43
1118.26
1120.26
1123.38
1126.52
1129.48
1131.65
1133.59
1135.24
1136.85
1137.55
1138.31
1143.15
1147.22
1147.7
1144.46
1150.08
1150.56
1152.83
1152.86
1151.11
1148.33
1144.52
1140.25
1137
1133.25
1131.18
1131.14
1131.71
1134.85
1136.21
1139.12
1141.78
1145.41
1147.78
1148.27
1147.43
1148.1
1149.29
1150.78
1151.59
1151.68
1151.36
1151.02
1151.05
1151.89
1144.06
1144.88
1144.15
1143.86
1144.6
1145.73
1147.05
1149.02
1151.07
1153.65
1155.5
1157.08
1158.76
1157.66
1158.12
1156.54
1155.23
1152.49
1150.84
1148.05
1148.32
1148.19
1147.6
1146.04
1145.34
1144.63
1145.64
1148.07
1150.78
1151.38
1173.04
1157.36
1156.69
1161.66
1174.57
1192.71
1201.72
1200.61
1199.34
1198.59
1200.06
1199.89
1200.72
1199.74
1199.22
1198.91
1198.56
1197.47
1195.88
1192.55
1186.97
1178.98
1174.41
1177.01
1181.7
1180.56
1184.2
1188.92
1186.4
1181.49
1100.47
1107.1
1116.3
1124.53
1130.25
1132.74
1131.59
1128.3
1126.97
1129.57
1132.82
1131.08
1133.21
1146.19
1090.89
1100.25
1116.97
1128.87
1132.87
1133.11
1127.19
1115.19
1103.26
1100.42
1108.8
1114.17
1109.43
1107.27
1107.55
1108.46
1109.57
1110.73
1111.74
1112.02
1111.64
1111.01
1109.68
1107.74
1104.95
1102.18
1100.53
1101.13
1103.28
1101.41
1125.31
1125.47
1125.55
1127.79
1129.82
1129.48
1124.91
1116.39
1111.41
1113.84
1119.53
1123.11
1123.72
1123
1121.36
1119.71
1118.73
1118.36
1118.37
1118.64
1119.7
1120.75
1121.91
1122.74
1123.17
1123.07
1123.06
1123.38
1124.18
1125.3
1119.98
1119.53
1120.03
1120.77
1121.15
1120.94
1120.43
1119.69
1119.95
1120.76
1120.24
1117.54
1116.24
1115.31
1113.85
1111.3
1109.75
1107.53
1105.95
1105.98
1106.27
1108.12
1110.66
1113.58
1116.44
1118.14
1119.29
1119.91
1120.08
1119.97
1121.75
1121.33
1121.56
1118.38
1117.12
1116.1
1114.79
1112.88
1110.85
1108.26
1107.29
1104.61
1103.78
1103.21
1102.73
1103.83
1105.25
1106.81
1109.53
1112.03
1114.73
1117.38
1118.91
1119.66
1119.11
1117.99
1117.81
1117
1119.49
1121.1
1125.66
1131.82
1134.65
1136.12
1139.02
1140.98
1137.42
1129.94
1125.49
1125.21
1125.88
1125.71
1124.23
1122.99
1123.75
1126.11
1129.08
1132.05
1134.44
1136.21
1136.68
1136.59
1135.5
1133.88
1131.92
1129.68
1128.25
1127.91
1127.31
1125.9
1113.01
1119.97
1120.65
1119.43
1118.66
1117.86
1116.66
1115.22
1113.2
1110.64
1108.08
1106.65
1106.56
1106.61
1107.26
1109.07
1109.92
1111.25
1112.83
1113.03
1112.8
1112.33
1110.89
1109.27
1107.93
1107.89
1109.18
1109.41
1103.23
1088.4
1118.07
1131.57
1132.72
1135.23
1134.81
1133.1
1132.52
1133.39
1134.39
1135.65
1136.62
1138.13
1138.32
1138.55
1138.49
1138.21
1138.52
1138.02
1137.17
1136.04
1135.47
1135.55
1133.07
1126.17
1120.04
1118.98
1120.91
1126
1131.41
1131.14
1136.39
1136.26
1136.29
1136.08
1135.4
1133.51
1130.95
1127.78
1124.38
1121.62
1119.51
1118.06
1117.36
1117.33
1118.43
1120.65
1123
1125.89
1129.32
1130.76
1133.29
1137.55
1140.05
1139.43
1137.73
1136.58
1136.87
1137.22
1139.21
1142.34
1131
1132.82
1140.58
1142.34
1139.67
1135.13
1131.32
1128.06
1124.74
1121.04
1118.13
1114.84
1112.58
1111.76
1112.05
1113.34
1115.49
1118.55
1122.88
1126.25
1129.72
1131.75
1133.89
1136.04
1136.64
1138.34
1143.18
1148.37
1148.99
1146.08
1150.03
1151.96
1153.53
1152.01
1149.45
1145.95
1140.75
1135.67
1130.02
1125.5
1122.88
1121.94
1124.66
1127.39
1132.26
1135.4
1139.08
1142.17
1145.32
1146.86
1146.47
1147.75
1149.91
1151.4
1152.11
1151.94
1151.65
1151.45
1151.54
1152.01
1144.88
1145.22
1144.41
1144.69
1145.96
1147.67
1150.01
1152.82
1156.04
1158.72
1161.15
1162.16
1163.16
1163.14
1162.16
1160.55
1159.81
1156.28
1154.37
1149.91
1148.74
1148.62
1148.08
1145.68
1144.67
1143.78
1144.91
1147.43
1150.41
1151.18
1172.9
1161.66
1167.53
1174.8
1187.99
1199.91
1202.85
1200.78
1200.76
1200.57
1201.09
1199.9
1198.89
1197.58
1197.63
1197.59
1197.54
1197.63
1196.6
1195.23
1192.5
1186.34
1176.72
1173.28
1180.94
1183.01
1177.97
1179.77
1179.41
1179.39
1108.88
1116.33
1127.1
1136.21
1141.58
1143.16
1141.18
1134.63
1127.87
1128.21
1133.39
1133.43
1133.79
1145.72
1090.56
1097.63
1112.52
1125.64
1131.18
1130.35
1120.98
1104.45
1090.88
1092.22
1106.87
1111.99
1107.88
1107.7
1108.3
1109.31
1110.95
1113.23
1115.26
1115.9
1115.35
1113.55
1111.85
1109.93
1107.16
1103.65
1100.95
1100.62
1102.62
1101.41
1125.74
1126.13
1126.49
1129.14
1131.28
1129.63
1122.03
1110.67
1110.19
1117.4
1123.28
1124.1
1122.7
1120.33
1118.61
1117.14
1116.46
1116.04
1115.9
1116.24
1116.78
1118.34
1120.01
1121.67
1122.86
1123.21
1123.18
1123.33
1123.91
1125.08
1120.04
1119.55
1120.45
1121.76
1122.13
1121.67
1120.85
1120.02
1119.69
1120.45
1119.69
1117.18
1116.64
1115.44
1112.78
1110.2
1107.36
1104.01
1103.19
1102.14
1103.1
1104.68
1107.39
1111.16
1114.16
1116.75
1118.51
1119.4
1119.8
1119.84
1121.67
1121.6
1118.93
1117.59
1116.89
1115.78
1114.24
1111.99
1109.62
1106.69
1105.48
1102.59
1102.73
1101.31
1101.78
1101.55
1102.81
1104.49
1107.1
1109.77
1112.89
1115.65
1118.25
1119.16
1119.41
1118.57
1118.95
1118.38
1120.85
1122.96
1125.19
1131.51
1135.89
1138.78
1142.63
1144.53
1140.4
1131.29
1125.23
1124.75
1126.06
1125.02
1122.65
1122.32
1123.84
1126.9
1130.6
1134.05
1137.14
1139.24
1140.6
1140.55
1139.13
1136.84
1134.09
1131.15
1128.97
1127.85
1127.04
1125.7
1112.94
1121.08
1122.29
1121.56
1120.72
1119.36
1118.83
1118.14
1116.64
1113.63
1109.9
1107.27
1106.44
1106.63
1107.98
1109.43
1110.99
1113.53
1113.99
1114.85
1115
1113.89
1112.63
1110.56
1108.75
1107.8
1108.75
1109.16
1105.17
1089.12
1117.31
1133.28
1134.37
1136.91
1135.21
1132.89
1132.52
1133.72
1134.85
1136.95
1137.46
1138.94
1139.16
1140.23
1140.89
1140.5
1139.83
1138.78
1138.47
1136.73
1135.78
1135.59
1134.24
1128.78
1122.48
1120.36
1121.29
1125.65
1131.71
1132.1
1136.54
1136.31
1136.42
1136.44
1135.37
1133.18
1130.4
1125.92
1122.47
1119.41
1117.52
1114.89
1113.75
1113.79
1114.32
1116.88
1119.93
1123.26
1126.88
1129.22
1131.62
1135.89
1139.34
1139.46
1138.06
1136.34
1136.78
1137.58
1138.52
1141.9
1131.4
1137.45
1144.47
1143.89
1139.44
1134.21
1130.02
1126.91
1122.45
1118.21
1114.55
1111.77
1110.04
1109.04
1108.24
1109.02
1111.29
1114.99
1118.77
1123.91
1127.53
1130.61
1132.77
1134.61
1136.44
1138.49
1143.55
1149.94
1151.08
1147.27
1151.19
1155.06
1153.42
1150.76
1148.14
1143.31
1137.34
1130.6
1124.77
1118.37
1114.51
1114.43
1115.7
1121.72
1125.98
1131.8
1135.97
1139.6
1143.22
1145.29
1145.67
1147.74
1150.01
1151.55
1151.82
1151.9
1151.89
1152.08
1152.54
1152.59
1145.21
1145.36
1144.77
1145.77
1147.61
1150.09
1153.08
1156.71
1159.92
1162.8
1164.33
1165.58
1165.33
1166.45
1164.72
1162.94
1161.96
1158.74
1156.58
1152.76
1149.18
1149.23
1148.78
1146.02
1145.02
1144.08
1145.12
1147.79
1150.4
1150.89
1173.83
1167.42
1178.25
1186.25
1196.18
1202.78
1203.14
1201.34
1201.79
1200.63
1200.22
1196.92
1195.43
1193.57
1193.28
1194.33
1196.31
1197.16
1197.07
1194.95
1192.91
1190.93
1183.06
1170.56
1172.63
1187.38
1182.6
1177.73
1179.42
1181.91
1114.68
1124.91
1138.69
1146.64
1148.92
1148.73
1147.73
1141.54
1130.89
1127.13
1132.87
1135.42
1135.08
1145.86
1090.55
1094.41
1105.94
1118.66
1124.44
1122.17
1110.69
1092.91
1083.1
1089.53
1107.54
1110.07
1107.23
1107.84
1108.45
1109.82
1112.63
1116.43
1118.86
1119.51
1118.63
1116.29
1113.63
1111.53
1108.68
1104.66
1101.24
1100.75
1102.58
1101.4
1125.71
1126.46
1127.07
1129.95
1131.58
1126.99
1114.85
1106.65
1113.17
1122.48
1124.39
1123.46
1120.57
1118.35
1117.47
1116.58
1116.1
1115.7
1115.65
1115.72
1116.14
1116.92
1118.65
1120.36
1122.09
1123.25
1123.3
1123.2
1123.69
1124.8
1119.94
1119.62
1121.12
1122.57
1122.83
1122.18
1121.39
1120.32
1119.45
1120.41
1119.27
1117.54
1117.22
1115.34
1112.49
1109.07
1105.4
1102.14
1101.32
1100.3
1100.82
1102.46
1104.83
1108.81
1112.32
1115.36
1117.55
1118.79
1119.41
1119.68
1121.68
1121.3
1118.1
1117.65
1116.84
1115.62
1113.99
1111.45
1108.99
1105.83
1104.2
1101.88
1101.58
1100.79
1100.58
1100.57
1101.65
1102.55
1105.33
1107.9
1111.56
1114.21
1117.17
1119.01
1119.27
1118.99
1119.41
1118.69
1122.18
1125.04
1124.28
1130.1
1135.93
1140.15
1144
1144.55
1140.08
1130.95
1125.13
1124.59
1125.89
1124.45
1121.89
1121.56
1123.78
1127.25
1131.16
1135.3
1139.16
1142.24
1144.09
1144.07
1142.28
1139.13
1135.73
1132.54
1129.29
1127.85
1126.87
1125.33
1113.18
1121.98
1124.89
1125.13
1124.05
1122.06
1120.83
1120.1
1119.2
1116.88
1112.07
1107.94
1106.59
1106.9
1107.78
1109.79
1112.14
1113.67
1115.33
1116.84
1116.8
1115.43
1113.94
1111.46
1109.27
1107.9
1108.43
1109.01
1105.58
1089.16
1117.47
1134.59
1136.9
1138.7
1135.28
1132.78
1132.44
1134.2
1135.59
1137.37
1138.01
1140
1140.34
1141.06
1141.15
1141.44
1141.28
1139.7
1139.31
1137.32
1136.14
1135.63
1134.84
1130.67
1125.22
1123.19
1123.21
1127.17
1132.47
1132.9
1135.69
1135.49
1136.53
1136.97
1135.78
1133.03
1129.68
1125.08
1121.19
1118.41
1114.94
1111.68
1110.62
1110.76
1112.12
1113.7
1117.52
1120.5
1124.79
1128.67
1130.32
1134.42
1138.42
1139.34
1138.17
1136.12
1137.25
1138.01
1138.35
1141.27
1133.5
1142.45
1147.49
1145.04
1139.47
1133.34
1129.37
1125.65
1120.76
1116.47
1113.1
1108.87
1107.16
1105.92
1106.33
1107.35
1109.32
1111.71
1116.41
1121.08
1126.95
1129.43
1131.66
1133.97
1136.39
1138.37
1145.42
1152.16
1151.64
1148.54
1156.54
1155.77
1151.59
1149.78
1146.93
1141.23
1134.35
1127.37
1119.36
1113.24
1108.08
1106.25
1109.09
1114.27
1122.27
1128
1134.03
1137.74
1141.46
1144.26
1145
1147.96
1149.45
1149.77
1149.54
1149.07
1149.04
1149.18
1149.71
1150.83
1145.6
1145.67
1145.49
1146.96
1149.41
1152.33
1155.87
1159.34
1162.79
1164.75
1166.09
1166.97
1166.48
1167.65
1166.5
1164.49
1162.64
1159.61
1157.17
1154.9
1150.42
1149.32
1150.12
1146.57
1145.97
1145.54
1146.44
1148.57
1150.47
1150.8
1175.67
1172.24
1185.98
1194.46
1200.51
1203.88
1203.51
1201.89
1202.02
1199.89
1197.78
1193.59
1191.66
1189.2
1189.13
1190.87
1193.03
1195.89
1197.03
1195.33
1191.8
1190.42
1189.3
1174.6
1162.5
1181.07
1191.24
1186.58
1186.91
1189.38
1117.91
1133.64
1147.32
1150.12
1147.88
1146.66
1147.26
1144.13
1132.67
1127.84
1133.62
1136.38
1137.22
1146.83
1090.36
1092.52
1098.77
1108.13
1112.5
1109.27
1096.97
1083.62
1080.55
1091.15
1108.62
1108.93
1107.11
1107.65
1108.13
1110.25
1114.19
1118.21
1120.2
1120.81
1119.75
1116.85
1113.86
1111.67
1108.66
1104.59
1101.17
1100.67
1102.37
1101.05
1126.18
1127.28
1128.23
1131.1
1131.7
1123.46
1106.65
1106.4
1117.88
1124.11
1124.4
1121.88
1119.81
1118.11
1116.79
1116.67
1115.64
1115.09
1114.8
1115.04
1115.21
1116.04
1117.75
1119.61
1121.44
1123.05
1123.32
1123.3
1123.66
1124.83
1119.97
1119.99
1121.41
1123.03
1123.46
1122.79
1121.86
1120.62
1119.28
1120.31
1119.38
1118.06
1117.73
1115.46
1112.8
1108.81
1104.99
1101.7
1100.61
1099.31
1099.78
1101.44
1103.6
1107.08
1111.36
1114.37
1116.55
1118.23
1119.09
1119.46
1121.38
1119.63
1117.66
1117.51
1116.71
1115.42
1113.95
1111.28
1108.98
1105.15
1103.88
1101.3
1101.45
1099.97
1100.66
1100.16
1100.88
1101.9
1104.33
1106.84
1110.59
1113.68
1116.25
1118.38
1119.02
1119.09
1119.34
1119.21
1123.09
1125.55
1123.64
1128.02
1134.28
1139.56
1142.89
1143.08
1137.51
1129.08
1124.61
1124.85
1125.81
1123.69
1121.78
1121.31
1123.37
1126.87
1131.23
1135.7
1139.82
1142.66
1144.76
1144.94
1143.47
1140.68
1136.79
1133.06
1129.59
1127.47
1126.55
1125.08
1112.24
1122.34
1126.86
1128.84
1128.85
1126.21
1123.41
1122.06
1121.31
1119.46
1114.33
1108.71
1107
1106.84
1107.53
1109.73
1112.24
1113.45
1115.94
1116.88
1117.08
1115.51
1114.14
1111.41
1109.4
1107.82
1108.38
1108.71
1104.52
1086.45
1118.79
1134.84
1140.24
1140.35
1135.48
1132.56
1132.41
1134.51
1135.54
1137.56
1138.49
1140.12
1140.47
1141.5
1141.2
1141.2
1141.6
1139.95
1139.86
1137.79
1136.49
1135.63
1135.24
1132
1127.93
1126.2
1125.99
1130.41
1134.11
1134.04
1135.54
1135.63
1136.21
1137.09
1136.25
1133.3
1129.97
1124.81
1121.09
1118.02
1113.47
1110.78
1109.57
1109.3
1110.74
1112.27
1115.65
1119.66
1123.32
1127.39
1129.9
1133.51
1137.48
1138.98
1137.87
1135.92
1137.26
1138.78
1138.85
1141.17
1138.15
1146.54
1149.15
1146.01
1139.84
1133.14
1129.1
1125.22
1120.01
1115.92
1111.94
1107.82
1106.64
1105.11
1104.86
1106.38
1107.31
1110.82
1114.77
1120.25
1125.01
1128.82
1131.28
1133.73
1135.86
1139.32
1146.89
1152.73
1152.84
1149.43
1158.84
1155.91
1151.42
1149.73
1146.2
1139.61
1132.41
1125.28
1117.4
1109.7
1104.96
1103.51
1104.68
1110.49
1118.9
1125.14
1132.05
1136.18
1140.38
1142.98
1144.81
1147.77
1148.66
1148.47
1148.19
1148.26
1148.02
1147.61
1146.86
1146.73
1145.75
1146.37
1146.31
1148.24
1150.83
1154.04
1157.48
1161.06
1163.78
1165.61
1166.36
1167.34
1166.84
1168.08
1166.61
1165.82
1162.07
1159.7
1156.94
1155.41
1151.48
1149.42
1151.46
1147.8
1146.65
1146.9
1147.85
1149.31
1150.39
1150.25
1178.17
1176.44
1187.58
1199.23
1202.61
1204.43
1203.82
1202.17
1201.75
1198.85
1195.88
1191.63
1189.25
1186.61
1187.33
1188.42
1191.91
1195.08
1196.93
1195.53
1191.26
1188.42
1189.62
1182.85
1158.86
1161.93
1186.73
1190.27
1188.34
1188.8
1121.95
1141.3
1150.65
1147.19
1141.78
1141.88
1144.54
1141.32
1131.94
1129.91
1135.99
1138.34
1140.92
1142.69
1123.37
1102.11
1091
1091.47
1093.65
1098.41
1100.02
1095.57
1086.38
1079.77
1080.58
1095.17
1109.05
1108.36
1107.14
1107.07
1107.73
1110.24
1114.14
1117.4
1119.11
1119.95
1118.37
1115.88
1113.26
1110.96
1107.37
1103.29
1101
1101.26
1102.25
1101.09
1104.22
1120.18
1126.29
1127.74
1129.01
1131.35
1128.42
1111.73
1100.02
1109.01
1121.49
1124.64
1124.33
1121.66
1119.8
1118.37
1117.22
1116.33
1115.92
1114.96
1114.8
1115.01
1115.17
1116.2
1117.4
1119.51
1121.39
1122.87
1123.37
1123.19
1123.53
1124.57
1124.6
1122.39
1120.16
1119.82
1121.38
1123.44
1124.12
1123.52
1122.24
1121.03
1119.32
1120.28
1119.91
1118.53
1118.35
1116.57
1113.44
1109.86
1105.75
1102.35
1100.99
1099.59
1099.84
1101.36
1103.28
1106.78
1110.59
1113.72
1115.93
1117.62
1118.59
1119.14
1122.06
1121.53
1121.24
1118.17
1118.11
1117.86
1116.99
1115.66
1113.97
1111.86
1109.34
1105.74
1103.99
1101.34
1101.22
1099.93
1100.35
1100.11
1100.7
1101.65
1103.96
1106.57
1110.36
1113.13
1115.85
1117.86
1118.79
1119.2
1119.09
1121
1125.32
1126.49
1126.88
1126.8
1123.78
1125.89
1131.03
1136.18
1139.17
1138.09
1133
1126.97
1124.07
1124.85
1126.04
1123.61
1121.57
1121.1
1122.73
1126.22
1130.51
1135.04
1138.83
1142.07
1144.51
1144.6
1143.11
1140.18
1136.91
1132.4
1129.09
1127.29
1125.91
1124.65
1115.26
1109.59
1111.99
1121.81
1128.49
1132.18
1133.7
1131.43
1127.89
1124.89
1122.94
1121.49
1117.68
1110.68
1107.37
1106.88
1107.79
1109.43
1111.67
1112.88
1114.46
1115.89
1115.95
1115.12
1113.17
1110.66
1109.01
1107.91
1108.37
1108.19
1101.25
1088.96
1127.76
1130.34
1124.01
1138.44
1144.18
1142.29
1135.89
1132.55
1132.32
1134.28
1135.5
1137.6
1138.2
1140.2
1140.61
1141.53
1141.64
1141.42
1141.9
1139.76
1139.86
1138.05
1136.43
1135.73
1135.46
1132.98
1130.18
1128.11
1129.24
1134.63
1135.55
1134.84
1134.41
1134.33
1134.58
1134.52
1135.21
1136.61
1136.72
1134.22
1130.13
1125.55
1121.64
1118.17
1113.98
1111.24
1109.62
1109.48
1110.25
1111.68
1115.3
1119.2
1123.11
1126.91
1129.37
1133.01
1136.8
1138.27
1136.93
1135.69
1137.72
1139.41
1139.36
1140.43
1141.8
1143.23
1144.17
1149.71
1149.65
1146.51
1140.63
1133.74
1129.44
1125.54
1120.45
1116.15
1112.31
1108.16
1106.61
1105.27
1104.77
1106.46
1106.94
1110.49
1115.37
1119.23
1125.11
1128.62
1131.34
1133.29
1136.71
1141.48
1149.9
1153.6
1152.66
1152.29
1157.81
1159.75
1159.25
1155.62
1151.41
1149.25
1145.82
1139.19
1131.41
1125.7
1116.62
1109.83
1104.2
1102.69
1104
1110.03
1117.25
1124.92
1130.77
1135.82
1139.72
1142.49
1145.26
1147.75
1148.43
1148.6
1148.99
1149.33
1149.27
1148.56
1147.42
1146.18
1145.71
1145.13
1146.24
1146.72
1146.59
1148.68
1151.62
1154.83
1158.2
1161.6
1163.88
1165.85
1166.78
1167.02
1166.91
1167.68
1165.93
1165
1161.38
1157.89
1156.76
1154.83
1152.34
1149.22
1152.82
1149.37
1147.55
1147.79
1148.66
1149.74
1150.67
1153.22
1171.02
1181.02
1182.19
1182.72
1191.56
1202.16
1203.88
1205.05
1203.93
1202.31
1201.68
1198.28
1195.37
1191.52
1188.48
1186.8
1187.21
1189.14
1191.89
1195.28
1197.33
1195.23
1189.53
1186.07
1188.24
1187.98
1163.03
1144.2
1163.81
1174.91
1180.1
1204.17
1236.57
1243.52
1125.6
1145.93
1149.94
1141.8
1136.99
1139.04
1142.15
1138.78
1132.92
1134.22
1138.79
1141.13
1142.39
1134.37
1110.72
1095.51
1090.7
1091.13
1091.02
1091.35
1090.4
1086.74
1081.48
1079.08
1083.44
1099.51
1109.1
1108.11
1106.84
1106.47
1106.99
1109.33
1112.43
1114.8
1116.44
1116.47
1115.58
1113.64
1111.4
1108.26
1104.96
1101.98
1101.18
1101.45
1101.94
1105.36
1117.08
1123.39
1127.24
1129.05
1130.53
1130.91
1121.63
1098.9
1097.97
1112.55
1122.93
1124.95
1124.35
1122.03
1120.38
1118.89
1118.15
1117
1116.53
1115.87
1115.48
1115.36
1115.76
1117.17
1118.43
1120.17
1121.99
1123.16
1123.34
1123.17
1123.53
1124.59
1125.05
1123.09
1120.83
1120.09
1121.54
1123.52
1124.67
1124.26
1122.75
1121.2
1119.42
1119.91
1120.6
1118.87
1118.99
1117.68
1114.92
1111.18
1107.61
1103.83
1102.34
1100.93
1100.97
1102.19
1104.6
1107.22
1110.74
1113.69
1115.56
1117.1
1118.31
1118.96
1122.22
1121.41
1119.59
1117.67
1118.03
1117.92
1117.41
1116.1
1114.51
1112.68
1110.07
1106.7
1105.23
1101.97
1101.39
1100.12
1100.23
1100.16
1101.22
1102.13
1104.47
1107.08
1110.61
1113.16
1115.7
1117.68
1118.56
1119.14
1118.98
1123.33
1126.06
1126.52
1126.22
1125.77
1124.86
1124.6
1127.23
1130.5
1132.6
1131.35
1127.67
1124.69
1123.99
1124.98
1126.14
1124.03
1121.73
1121.11
1122.04
1125.12
1129.33
1133.36
1136.77
1140.26
1142.76
1142.95
1141.14
1138.85
1135.27
1131.15
1128.29
1126.92
1125.59
1123.02
1112.26
1108.73
1110.96
1120.16
1127.85
1132.55
1134.49
1134
1131.41
1127.63
1124.77
1122.95
1119.98
1112.58
1108.25
1107.14
1107.24
1108.73
1111.07
1112.34
1113.54
1113.5
1113.7
1112.87
1111.5
1109.69
1108.52
1108.1
1108.44
1105.66
1096.92
1099.88
1134.48
1133.32
1130.75
1143.22
1148.11
1145.15
1136.95
1132.73
1132.03
1133.99
1135.29
1136.91
1137.75
1139.43
1140.27
1141.27
1141.62
1141.24
1141.24
1139.48
1139.49
1138.01
1136.38
1135.86
1135.66
1133.7
1131.94
1128.8
1130.44
1135.16
1135.83
1134.99
1134.21
1133.56
1133.76
1133.35
1134
1136.08
1137.3
1135.39
1131.45
1127.07
1122.81
1119.48
1116.18
1112.27
1110.49
1109.99
1111.2
1113.22
1116.23
1119.86
1123.62
1127.13
1129.71
1132.97
1136.28
1137.51
1135.67
1136.22
1138.79
1140.73
1140.22
1140.18
1141.25
1143.63
1148.14
1150.58
1149.09
1146.69
1142.19
1134.82
1130.17
1126.73
1121.73
1117.42
1113.89
1110.9
1108.55
1107.11
1107.06
1107.49
1108.1
1112.77
1115.53
1120.38
1125.6
1129.13
1131.13
1134.26
1137.67
1144.62
1152.19
1153.1
1152.67
1154.48
1161.69
1161.78
1160.89
1158
1152.37
1149.6
1146.1
1139.45
1133.43
1126.2
1118.91
1112.07
1107.87
1105.48
1107.39
1111.95
1119.41
1125.28
1131.64
1135.79
1139.78
1142.32
1145.78
1147.53
1148.51
1149.57
1150.89
1151.77
1151.77
1151.2
1150.05
1148.45
1147.16
1146.56
1147.41
1147.72
1147.6
1148.93
1151.38
1154.29
1157.55
1160.4
1163.09
1164.8
1165.47
1166.07
1166.26
1166.53
1164.15
1162.84
1158.77
1156.09
1155.1
1154.08
1152.53
1148.79
1153.46
1152.48
1148.27
1148.4
1149.1
1149.82
1152.36
1158.25
1167.41
1179.82
1184.66
1188.17
1193.17
1201.9
1205.21
1205.41
1203.85
1202.79
1201.95
1198.65
1196.04
1193.69
1189.97
1189.05
1189.28
1191.09
1193.55
1196.11
1196.67
1193.77
1187.69
1183.83
1186.61
1188.55
1166.8
1134.69
1137.2
1148.91
1159.6
1193.97
1231.05
1238.69
1128.38
1147.71
1148.13
1138.87
1135.84
1138.26
1140.69
1138.8
1136.11
1137.58
1140.33
1142.71
1142.4
1131.33
1110.86
1095.32
1091.06
1090.92
1090.09
1088.63
1086.85
1084.04
1081.32
1081.48
1088.18
1102.37
1109.08
1107.89
1106.59
1105.84
1106.05
1107.78
1109.6
1111.45
1112.85
1112.93
1111.85
1110.2
1107.75
1104.9
1102.32
1101.3
1101.27
1102.77
1107.54
1116.68
1123.16
1125.89
1128.49
1130
1130.49
1126.48
1107.02
1089.8
1097.37
1113.43
1123.18
1125.11
1124.68
1122.84
1121.31
1120.11
1119.21
1118.26
1117.67
1117.33
1117.16
1117.64
1117.9
1118.95
1120.18
1121.25
1122.53
1123.07
1123.22
1123.2
1123.57
1124.55
1124.58
1122.34
1121.46
1120.28
1121.42
1123.38
1124.63
1124.29
1123.01
1121.56
1119.82
1119.87
1121.18
1119.41
1119.22
1118.91
1116.73
1113.36
1110.41
1106.88
1104.91
1103.25
1102.97
1104.31
1106.58
1108.67
1111.72
1113.79
1115.58
1116.96
1118.17
1119.37
1122.21
1120.45
1119.02
1118.02
1118.43
1118.43
1118.03
1116.71
1115.36
1113.65
1111.36
1108.7
1106.58
1103.81
1102.84
1101.99
1101.38
1101.59
1102.62
1103.56
1105.83
1108.31
1111.25
1113.66
1116.25
1117.65
1118.55
1119.05
1121.7
1124.63
1125.33
1125.6
1125.25
1124.17
1124.97
1124.09
1124.48
1125.77
1126.47
1125.67
1123.95
1123.49
1124.22
1125.55
1126.28
1124.53
1122.47
1121.38
1121.38
1123.82
1127.61
1130.96
1134.06
1136.9
1138.79
1139.54
1138.29
1136.04
1132.78
1129.47
1127.68
1126.1
1124.25
1119.71
1111.77
1108.8
1110.67
1118.48
1125.78
1130.76
1133.35
1133.49
1131.87
1129.26
1126.46
1124.22
1122.05
1115.57
1109.69
1108.13
1107.36
1108.08
1109.58
1110.78
1111.61
1112.38
1111.81
1111.4
1110.23
1109.24
1108.48
1108.32
1106.95
1102.17
1098.29
1116.15
1137.67
1137.24
1136.87
1147.05
1151.28
1148.37
1138.6
1133.2
1131.86
1133.33
1134.8
1136.46
1136.92
1138.41
1138.77
1139.42
1139.8
1140.56
1140.33
1138.72
1138.86
1137.55
1136.18
1136.05
1135.73
1134.33
1133.12
1128.78
1130.29
1134.77
1135.8
1135.3
1134.1
1133.61
1133.34
1133.32
1133.12
1134.37
1137.07
1136.78
1133.3
1129.51
1124.71
1121.75
1118.95
1116.28
1113.92
1113.69
1113.82
1115.93
1118.18
1121.53
1124.84
1127.72
1130.04
1133.22
1135.83
1135.96
1135.02
1137.55
1140.81
1141.49
1140.63
1140.09
1141.17
1143.97
1149.49
1149.17
1147.17
1146.04
1143.73
1136.5
1131.55
1128.32
1124.26
1119.63
1115.88
1112.93
1110.79
1109.15
1108.48
1109.39
1111.75
1114.84
1118.02
1122.21
1127.13
1129.42
1132.09
1135.45
1139.47
1148.04
1152.62
1153.19
1153.74
1158.01
1163.32
1163.76
1162.1
1159.04
1153.42
1149.81
1146.84
1141.39
1135.21
1128.73
1123.6
1117.6
1112.87
1111.11
1112.26
1117.1
1122.26
1127.75
1132.92
1136.87
1139.91
1143.24
1146.28
1147.72
1148.47
1149.89
1151.14
1151.73
1151.85
1151.71
1151.65
1151.11
1150.03
1148
1147.19
1147.18
1147.76
1148.59
1150.23
1152.62
1155.33
1158.24
1160.5
1162.29
1163.65
1164.44
1164.07
1162.74
1161
1159.08
1155.49
1153.93
1153.11
1153.04
1152.04
1148.15
1152.61
1156.45
1150.22
1148.51
1149.22
1149.51
1150.88
1153.04
1151.39
1159.87
1172.03
1184.68
1193.23
1197.44
1204.09
1206.05
1204.43
1203.53
1202.55
1199.44
1197.89
1195.77
1193.1
1192.48
1192.75
1193.65
1196.03
1197
1195.47
1190.2
1184.26
1182.24
1185.82
1188.21
1166.51
1128.6
1116.55
1123.22
1137.17
1179.87
1223.51
1233.71
1130
1148.59
1147.68
1138.62
1135.6
1137.69
1140.03
1139.7
1138.66
1139.07
1140.91
1144.56
1146.47
1139.14
1119.18
1097.58
1091.61
1091.05
1090.24
1088.8
1087.14
1085.26
1084.49
1086.74
1092.89
1103.98
1109.12
1107.77
1106.43
1105.35
1105.24
1105.96
1106.72
1107.88
1108.5
1108.11
1107.38
1105.68
1103.8
1102.14
1101.26
1101.7
1104.06
1109.25
1116.67
1122.87
1125.47
1127.65
1129.43
1130.08
1127.58
1114.94
1090.23
1086.43
1096.5
1112.6
1122.89
1125.11
1125.09
1124.13
1122.67
1121.51
1120.8
1120.16
1119.72
1119.4
1119.47
1119.42
1120.08
1120.7
1121.46
1121.99
1122.69
1122.94
1123.16
1123.28
1123.56
1123.95
1121.92
1120.14
1120.9
1120.49
1121.22
1122.85
1124.29
1124.03
1122.85
1121.5
1119.9
1119.49
1121.68
1120.16
1119.54
1119.56
1118.75
1115.66
1113.17
1110.01
1108.44
1107.26
1107.27
1107.68
1109.05
1110.83
1112.71
1114.32
1115.84
1117.09
1118.48
1120.57
1121.94
1119.83
1118.13
1117.74
1118.16
1118.61
1118.41
1117.7
1116.36
1114.94
1113.1
1111.02
1108.77
1106.36
1104.57
1103.55
1103.56
1103.36
1104.57
1105.39
1108.2
1109.92
1112.29
1114.6
1116.36
1117.87
1118.63
1119.84
1122.39
1121.6
1122.27
1124.09
1125.32
1124.53
1123.79
1123.3
1122.89
1123.03
1123
1122.99
1123.31
1123.86
1125
1126.26
1126.66
1125.25
1123.57
1122.16
1121.36
1122.53
1125.57
1128.73
1131.28
1133.29
1134.41
1134.79
1134.02
1132.21
1130.27
1128.16
1126.59
1124.97
1122.28
1118.3
1114.35
1109.8
1110
1116.01
1121.56
1125.79
1128.42
1129.15
1128.58
1127.27
1125.95
1124.83
1123.55
1118.81
1111.16
1108.93
1107.66
1107.61
1108.81
1109.56
1110.02
1109.97
1110.29
1109.56
1109.1
1108.77
1108.48
1107.38
1104.85
1100.42
1106.15
1127.56
1139.44
1141.03
1140.68
1147.38
1152.39
1150.97
1140.93
1134.42
1131.67
1132.68
1134.05
1135.54
1136.25
1137.26
1138.21
1138.67
1139.19
1138.96
1138.47
1137.65
1138.15
1136.76
1136.26
1136.1
1135.85
1134.91
1133.74
1128.67
1129.71
1134
1135.5
1135.84
1135.03
1134.15
1134.16
1134
1133.35
1133.28
1135.85
1138.09
1135.55
1131.49
1127.76
1124.12
1121.58
1119.91
1118.54
1117.49
1118.15
1119.17
1121.58
1123.73
1126.42
1129.22
1131.06
1133.71
1135.29
1134.35
1135.69
1139.86
1141.57
1141.5
1140.85
1140.5
1141.61
1144.19
1147.52
1145.76
1144.23
1144.79
1144.62
1139.14
1133.27
1130.13
1127.47
1123.02
1119.58
1116.93
1115.16
1113.8
1113.86
1114.66
1115.7
1118.24
1121.05
1125.15
1128.53
1130.72
1133.49
1137.71
1143.63
1150.26
1152.36
1154.37
1156.91
1161.09
1164.26
1164.12
1162.48
1159.75
1154.93
1150.2
1148.32
1143.98
1137.73
1132.8
1127.9
1123.58
1121.57
1119.57
1120.58
1122.78
1126.6
1130.71
1134.68
1137.84
1140.96
1143.77
1146.64
1147.71
1148.82
1150.25
1151.64
1152.31
1152.3
1151.93
1151.59
1151.34
1151.5
1151.06
1150.07
1147.93
1146.98
1147.2
1148.11
1149.75
1151.94
1154.05
1156.23
1158.22
1159.07
1159.24
1158.82
1158.29
1155.94
1154.8
1151.62
1151.71
1151.36
1152.4
1150.42
1147.42
1149.81
1159.12
1157.16
1150.38
1149.2
1149.32
1149.26
1149.52
1151.47
1158.5
1166.55
1181.66
1193.52
1198.9
1200.68
1203.94
1204.36
1204.53
1203.29
1201.38
1199.43
1198.67
1196.01
1196.33
1195.9
1196.93
1197.14
1196.02
1191.77
1185.4
1180.29
1181.16
1185.79
1185.08
1157.95
1119.61
1091.96
1096.51
1123.59
1172.16
1216.88
1228.27
1130.34
1148.9
1148.74
1140.29
1136.01
1136.81
1139.08
1139.7
1139.77
1140.39
1142.87
1147.91
1151.81
1149.49
1131.69
1103.73
1092.73
1091.52
1090.93
1090.2
1089.17
1088.71
1089.64
1092.22
1096.44
1104.88
1109.26
1107.91
1106.32
1105.09
1104.56
1104.55
1104.84
1104.71
1104.6
1104.18
1103.34
1102.52
1101.67
1101.58
1102.34
1104.99
1108.68
1114.43
1119.77
1123.95
1126.27
1128.05
1128.67
1126.5
1116.97
1095.61
1084.86
1085.91
1093.98
1109.41
1120.87
1124.82
1125.51
1124.86
1124.16
1123.23
1122.42
1121.94
1121.41
1121.32
1121.24
1121.57
1121.6
1122
1122.17
1121.99
1122.12
1121.64
1121.54
1121
1120.6
1120.52
1119.43
1119.39
1120.49
1120.69
1121.32
1122.51
1123.36
1123.21
1122.45
1121.26
1119.9
1119.53
1121.57
1121.5
1119.81
1119.88
1119.92
1118.56
1115.99
1113.39
1111.49
1110.48
1109.95
1110.39
1111.19
1112.67
1113.69
1115.08
1116.4
1117.87
1119.56
1121.7
1121.66
1119.63
1118.34
1117.89
1118.44
1119.05
1119.05
1118.46
1117.29
1116.18
1114.9
1113.22
1111.52
1109.78
1108.35
1106.97
1106.08
1106.76
1107.42
1108.61
1110.32
1111.79
1113.74
1115.61
1116.94
1118.56
1119.33
1120.22
1119.91
1117.73
1118.05
1119.03
1122.55
1124.93
1123.64
1123.07
1122.82
1122.84
1123.1
1123.46
1124.44
1125.23
1126.07
1126.9
1127.09
1126.14
1124.76
1123.44
1121.98
1121.58
1123.53
1126.37
1128.64
1130.09
1130.77
1130.88
1130.36
1129.64
1128.28
1126.58
1125.34
1123.83
1122.01
1121.17
1119.41
1112.86
1109.53
1111.55
1114.61
1117.47
1119.54
1121.06
1121.88
1122.46
1123.3
1124.2
1124.2
1121.81
1113.53
1110.46
1108.93
1107.31
1107.46
1108.47
1108.9
1108.94
1108.79
1108.83
1108.42
1107.9
1106.67
1104.68
1100.64
1100.22
1108.31
1123.09
1134.59
1143.76
1142.99
1147.04
1152.21
1151.95
1142.95
1136.14
1132.12
1131.91
1133.17
1134.6
1135.22
1135.7
1136.04
1136.59
1136.64
1137.05
1136.71
1136.84
1137.07
1136.25
1136.36
1136.42
1136.09
1135.3
1133.4
1128.93
1129.56
1133.05
1135.5
1136.21
1135.89
1135.56
1134.75
1134
1133.48
1132.78
1134.05
1137.77
1137.75
1134.4
1130.8
1127.74
1124.86
1123.16
1122.08
1122.02
1121.83
1123.09
1124.36
1126.49
1128.63
1130.38
1132.1
1133.58
1133.9
1134.67
1138.28
1141.07
1141.15
1140.75
1140.72
1140.91
1141.69
1142.97
1143.27
1141.4
1141.68
1143.17
1144.78
1141.61
1135.39
1132.55
1129.99
1127.46
1123.6
1120.92
1119.14
1118.58
1118.17
1118.43
1120.13
1122.01
1125
1127.78
1130.01
1132.55
1135.91
1140.33
1146.67
1149.94
1151.66
1153.54
1156.75
1160.38
1161.96
1161.85
1160.42
1158.86
1155.67
1150.95
1149.75
1146.43
1141.41
1136.88
1133.21
1129.52
1127.13
1126
1126.54
1128.56
1131.07
1134.01
1136.57
1139.45
1142.23
1145.02
1146.98
1147.86
1148.61
1149.8
1151
1151.66
1151.79
1151.44
1151.13
1150.75
1151.03
1151.11
1151.19
1150.11
1148.25
1146.71
1146.52
1147.06
1148.14
1149.61
1151.26
1152.23
1153.09
1153.6
1153.1
1152.62
1150.76
1150.19
1148.88
1150.07
1150.45
1150.7
1148.28
1145.98
1146.25
1155.19
1164.75
1163.96
1157.54
1153.82
1152.96
1153.31
1163.08
1179.03
1191.14
1199.92
1203.36
1203.4
1201.78
1201.54
1202.23
1203.5
1202.88
1202.85
1200.78
1201.06
1198.7
1198.5
1198.44
1197.38
1195.75
1191.52
1185.67
1179.32
1178.21
1181.47
1185.56
1174.49
1141.81
1103.51
1083.82
1089.76
1129.23
1181.25
1212.32
1222.23
1129.55
1148.83
1151
1144.24
1139.2
1137.98
1138.93
1140.37
1141.82
1143.91
1147.42
1151.77
1154.25
1153.58
1144.01
1123.11
1102.22
1096.52
1094.35
1093.23
1092.97
1093.4
1094.3
1095.79
1098.92
1105.45
1109.58
1108.83
1106.56
1105.04
1103.96
1103.77
1103.84
1103.3
1103.06
1102.44
1102.02
1101.49
1101.15
1100.7
1100.38
1100.23
1101.4
1105.74
1113.89
1120.94
1124.27
1125.17
1123.82
1113.87
1097.44
1085.36
1085.71
1087.64
1091.69
1105.53
1116.41
1123.08
1125.49
1125.53
1124.94
1124.47
1123.85
1123.25
1122.97
1122.26
1121.94
1121.45
1121.12
1120.54
1120.28
1119.69
1119.42
1119
1119.07
1119.29
1119.69
1120.11
1120.21
1120.09
1120.47
1120.94
1121.64
1122.4
1122.72
1122.48
1121.91
1120.68
1119.8
1119.85
1121.29
1122.6
1121.2
1119.86
1120.31
1120.17
1119.08
1117.11
1115.07
1113.51
1113.1
1112.78
1113.49
1114.24
1115.13
1116.41
1117.8
1119.33
1121.01
1122.3
1121.46
1119.87
1118.69
1118
1118.09
1119
1119.64
1119.21
1118.36
1117.2
1116.4
1115.38
1113.97
1112.5
1111.26
1110.55
1109.95
1109.71
1110.42
1111.03
1112.55
1113.64
1115.53
1116.75
1118.3
1118.96
1119.56
1119.34
1116.87
1114.98
1114.44
1115.04
1116.47
1120.38
1126.81
1126.73
1126.17
1125.94
1126.01
1125.83
1125.8
1125.96
1126.8
1127.63
1127.59
1126.83
1125.89
1124.93
1123.24
1121.6
1121.87
1123.94
1126.1
1127.35
1127.79
1127.94
1127.79
1127.24
1126.19
1125.47
1124.69
1123.58
1122.98
1123.4
1122.48
1118.53
1112.38
1109.3
1108.8
1109.46
1111.03
1112.85
1114.73
1116.81
1119.4
1122.38
1123.96
1123.56
1116.97
1111.96
1110.92
1108.66
1106.92
1106.59
1106.89
1106.97
1107.12
1106.55
1105.88
1104.91
1102.26
1098.61
1095.64
1095.04
1099.82
1107.63
1122.49
1138.84
1145.96
1151.45
1153.17
1150.72
1142.82
1138.15
1133.62
1131.46
1132.1
1133.26
1134.17
1134.73
1134.89
1134.92
1134.87
1135.69
1135.28
1135.98
1136.19
1136.27
1136.69
1136.65
1136.26
1135.24
1132.04
1129.17
1129.73
1132.31
1134.74
1135.9
1135.81
1135.54
1135.25
1134.64
1133.51
1132.63
1132.63
1135.95
1139.35
1137.53
1134.4
1131.45
1129.32
1126.93
1125.71
1125.1
1125.77
1126.36
1127.59
1129.03
1130.3
1131.54
1132.74
1133.6
1134.37
1138.05
1141.14
1142.26
1141.24
1140.05
1139.84
1140.19
1140.71
1140.27
1139.84
1139.34
1140.76
1142.44
1144.22
1143.53
1138.07
1134.66
1132.89
1130.59
1128.21
1126.33
1124.15
1122.9
1122.83
1123.97
1124.75
1126.7
1128.17
1130.41
1132.75
1135.42
1139.21
1142.69
1146.41
1148.48
1149.62
1151.35
1153.21
1155.42
1156.21
1156.78
1156.86
1156.48
1155.41
1151.66
1150.41
1149.13
1145.18
1141.55
1137.68
1134.34
1133.93
1132.71
1132.78
1133.38
1134.96
1136.76
1139.27
1141.57
1144.06
1146.29
1147.44
1147.94
1148.63
1149.28
1150.05
1150.46
1150.74
1150.56
1150.4
1150.34
1150.43
1150.85
1150.87
1149.84
1148.24
1146.69
1145.7
1145.44
1145.63
1146.25
1146.78
1147.57
1148.04
1148.15
1147.99
1147.94
1147.05
1147.48
1147.87
1149.87
1149.07
1147.51
1145.33
1144.76
1143.34
1145.1
1150.61
1159.04
1164.4
1166.7
1168.24
1172.16
1184.23
1198.21
1204.8
1204.72
1202.5
1200.29
1199.76
1200.05
1199.91
1200.93
1200.49
1201.48
1199.77
1200.49
1198.62
1197.91
1195.78
1193.59
1189.07
1183.75
1177.81
1175.66
1178.64
1182.51
1176.71
1151.22
1118.62
1091.46
1092.59
1116.77
1152.56
1196.42
1207.34
1215.69
1127.66
1147.69
1152.86
1150.02
1145.46
1142.99
1142.75
1143.92
1146.11
1148.97
1152.05
1154.45
1155.32
1153.54
1145.28
1135.34
1123.49
1115.18
1108.25
1104.09
1101.73
1100.19
1099.28
1099.79
1101.94
1106.21
1109.83
1110.03
1107.34
1105.37
1103.96
1102.83
1102.62
1102.46
1102.32
1101.66
1101
1100.07
1098.53
1096.38
1093.29
1089.81
1087.18
1086.62
1091.26
1101.76
1110.3
1112.44
1107.25
1094.91
1086.64
1086.34
1089.83
1091.32
1091.79
1102.22
1111.13
1117.15
1123.37
1125.77
1125.73
1125.16
1124.96
1124.24
1123.69
1123.06
1122.61
1122.31
1121.97
1121.81
1121.79
1121.38
1121.01
1120.23
1119.56
1119.54
1119.84
1120.38
1120.59
1120.66
1120.94
1121.51
1121.96
1122.2
1122.08
1121.47
1120.86
1120.27
1120.27
1120.76
1121.84
1122.83
1122.58
1120.85
1120.11
1120.42
1120.69
1120.05
1119.33
1117.96
1117.01
1116.91
1117.03
1117.5
1118.55
1119.54
1120.66
1121.78
1122.63
1122.61
1121.82
1120.75
1119.76
1118.98
1119.02
1119.54
1120
1119.84
1119.16
1118.04
1117.31
1116.93
1116.26
1115.41
1114.48
1113.69
1113.44
1113.64
1113.75
1114.45
1115.46
1116.41
1117.63
1118.15
1118.82
1119.01
1118.78
1117.79
1116.06
1114.19
1113.76
1113.86
1114.62
1115.91
1121.11
1128.18
1130.66
1130.68
1129.24
1127.12
1126.12
1126.53
1127.17
1127.8
1127.79
1127.2
1126.41
1125.92
1124.99
1122.71
1121.17
1121.74
1123.4
1124.82
1125.53
1125.91
1125.82
1125.37
1125.35
1125.17
1124.67
1124.26
1123.99
1124.03
1122.47
1120.26
1118.07
1114.56
1111.04
1108.78
1108.28
1108.82
1110.41
1112.95
1117.16
1121.08
1123.39
1123.88
1121.01
1113.66
1112.83
1111.71
1108.9
1106.49
1105.33
1104.17
1103.14
1102.18
1100.54
1098.79
1096.74
1095.05
1094.2
1094.68
1097.45
1107.11
1121.59
1134.03
1143.06
1147.44
1147.46
1144.05
1139.26
1138.39
1136.16
1131.95
1131.18
1131.88
1132.53
1133.29
1133.55
1133.67
1134.31
1134.14
1134.72
1135.33
1135.67
1136.29
1136.38
1136.11
1135.36
1133.85
1130.87
1129.31
1129.42
1130.8
1132.49
1133.74
1134.41
1134.29
1133.9
1133.44
1132.91
1132.39
1132.19
1133.52
1138.33
1140.16
1138.5
1135.98
1133.7
1131.67
1129.94
1129.26
1129.54
1129.58
1130.3
1131.5
1132.37
1133.45
1134.77
1136.41
1139.33
1142.77
1144.56
1144.75
1143.83
1142.72
1141.17
1140.43
1140.1
1139.67
1139.87
1140.11
1141.78
1142.44
1143.4
1143.87
1141.15
1136.51
1135.31
1134.08
1132.4
1130.59
1129.15
1128.46
1128.29
1128.08
1129.21
1130.42
1132.18
1134.16
1136.09
1138.76
1140.53
1142.42
1143.74
1144.43
1145.08
1146.68
1148.39
1150.36
1151.66
1152.68
1153.22
1153.66
1153.94
1152.16
1150.22
1150.87
1148.81
1146.16
1143
1140.43
1138.4
1136.81
1137.19
1137.7
1138.9
1140.7
1142.45
1144.25
1146.05
1147.31
1147.78
1148.08
1148.42
1148.8
1148.97
1149.26
1149.39
1149.62
1149.6
1149.93
1150.26
1150.68
1150.51
1148.11
1145.86
1144.68
1144.19
1143.87
1143.95
1143.99
1144.37
1144.48
1144.74
1145.1
1145.06
1145.77
1146
1147.44
1148.67
1149.25
1145.51
1142.65
1142.17
1142.74
1142.27
1142.87
1144.61
1147.44
1151.42
1156.72
1163.36
1172.46
1186.18
1200.92
1203.43
1200.03
1194.82
1191.92
1191.24
1193.87
1194.86
1196.13
1195.7
1196.4
1194.97
1194.73
1192.81
1191.02
1187.32
1183.4
1179.03
1174.64
1173.18
1175.72
1181.37
1177.59
1154.78
1125.69
1113.19
1113.48
1129.65
1151.05
1182.61
1202.69
1203.56
1210.64
1125.77
1145.03
1153.61
1153.85
1152.5
1151.55
1151.08
1151.25
1152.01
1153.06
1154.23
1155.08
1155.14
1152.96
1144.28
1133.16
1125.86
1121.34
1117.09
1113.67
1110.03
1107.88
1106.3
1106.02
1106.54
1107.69
1109.48
1111.13
1109.3
1106.2
1104.61
1102.13
1101.08
1100.28
1099.75
1098.6
1098.23
1096.79
1095.57
1093.69
1091.74
1089.57
1088.03
1087.57
1088.06
1089.35
1091.95
1093.9
1093.26
1090.72
1090.34
1091.96
1093.54
1093.82
1092.98
1100.11
1108.67
1110.61
1115.14
1124.66
1126.12
1125.78
1125.73
1125.07
1124.77
1124.64
1124.01
1123.97
1123.97
1123.97
1124.26
1124.36
1124.54
1124.26
1122.87
1121.51
1120.57
1120.64
1120.8
1121.18
1121.9
1122.14
1122.19
1121.97
1121.71
1121.57
1121.34
1121.45
1121.86
1122.43
1122.97
1123.32
1122.88
1122.36
1119.79
1119.53
1120.95
1120.4
1120.73
1120.17
1120.52
1120.26
1120.44
1120.77
1121.23
1121.67
1121.99
1122.12
1122.05
1121.82
1121.24
1120.94
1120.78
1120.38
1120.23
1120.37
1120.3
1120.07
1119.18
1118.4
1117.34
1117.21
1116.92
1116.6
1116.31
1115.95
1115.47
1115.68
1116.14
1116.33
1117.23
1117.54
1117.65
1117.79
1117.8
1117.51
1117.3
1116.16
1115.05
1114.1
1113.7
1113.92
1114.27
1115.7
1120.94
1128.15
1130.46
1129.15
1127.12
1126.09
1126.17
1126.69
1126.71
1126.98
1126.96
1126.39
1125.88
1125.78
1125.77
1124.33
1121.32
1120.47
1120.81
1121.45
1121.91
1122.44
1122.59
1123.16
1123.49
1123.51
1123.52
1123.35
1122.99
1122.14
1120.61
1120.2
1120.1
1119.02
1116.66
1113.92
1112.67
1112.88
1114.09
1116.44
1119.19
1121.59
1123.03
1123.62
1122.53
1116.27
1113.15
1114.45
1113.16
1111.25
1109.75
1108.04
1107.31
1106.26
1105.65
1105.17
1105.53
1105.05
1105.87
1108.25
1112.92
1119.66
1126.08
1129.6
1132
1132.88
1132.35
1133.17
1133.31
1135.52
1138.15
1133.5
1130.71
1130.73
1130.9
1130.96
1131.12
1131.2
1130.71
1131.93
1131.93
1132.91
1132.94
1133.73
1133.67
1133.37
1132.6
1131.44
1130.2
1129.54
1129.37
1129.83
1130.53
1131.06
1131.35
1131.49
1131.61
1131.68
1131.67
1131.65
1131.74
1132.49
1135.8
1139.94
1140.49
1139.95
1138.98
1137.72
1137.1
1136.56
1136.53
1136.62
1137.51
1138.1
1139.04
1140.13
1141.39
1142.39
1143.75
1144.4
1144.01
1143.68
1142.54
1142.29
1141.69
1141.43
1141.33
1140.87
1141.69
1141.19
1142.1
1142.04
1142.53
1143.46
1142.35
1138.21
1136.23
1136
1135.52
1134.71
1134.05
1133.34
1133.19
1134.27
1134.51
1135.51
1136.64
1137.56
1139.18
1139.99
1140.6
1141.05
1140.98
1141.27
1141.71
1142.52
1143.68
1144.82
1146.18
1147.77
1149.37
1151.15
1152.56
1151.87
1149.72
1150.55
1150.46
1149.58
1147.54
1146.94
1144.93
1145.11
1144.21
1144.71
1145.46
1146.17
1147.14
1147.92
1148.51
1148.81
1149
1149.07
1149.16
1149.22
1149.34
1149.24
1149.3
1149.36
1149.79
1150.06
1150.57
1150.95
1149.5
1144.75
1143.3
1143.56
1143.76
1143.76
1143.92
1144.25
1144.11
1144.68
1144.63
1145.38
1145.46
1146.55
1147.07
1149.1
1149.4
1146.01
1139.75
1139.75
1140.54
1141.83
1142.61
1144.18
1145.77
1147.72
1149.1
1150.64
1152.85
1159.71
1180.33
1200.59
1200.44
1194.62
1188.75
1184.95
1183.1
1183.76
1184.14
1185.13
1184.13
1184.51
1182.19
1181.89
1178.59
1177.6
1174.29
1173.24
1170.84
1170.85
1172.48
1180.32
1177.21
1160.44
1154.14
1151.38
1154.33
1162.31
1174.47
1187.17
1198.34
1201.65
1201.85
1207.28
1136.31
1132.65
1128.4
1124.17
1122.34
1121.87
1122.89
1124.5
1127.71
1130.87
1135.63
1141.41
1146.55
1151.75
1090.62
1097.43
1109.75
1118.01
1120.2
1120.73
1121.16
1121.14
1121.15
1120.58
1119.47
1118.14
1116.57
1114.6
1112.49
1110.57
1108.4
1106.97
1105.81
1104.9
1104.43
1103.97
1103.88
1103.78
1104.05
1104.77
1105.73
1104.19
1090.48
1074.63
1125.14
1125.49
1123.98
1123.62
1123.63
1123.02
1122.83
1122.45
1122.33
1122.01
1121.54
1120.98
1120.6
1120.24
1120.15
1120.14
1119.94
1120.04
1120.1
1120.48
1120.76
1121.26
1121.76
1122.5
1123.26
1124
1124.79
1125.35
1124.58
1124.5
1120.51
1119.84
1119.36
1119.65
1119.58
1119.68
1119.95
1120.11
1120.45
1120.76
1121.08
1121.43
1121.49
1121.39
1121.41
1120.48
1120.1
1120.15
1119.62
1119.74
1119.9
1119.72
1120.01
1120.15
1120
1120.16
1120.28
1119.9
1119.7
1119.61
1121.97
1122.19
1122.8
1123.48
1123.83
1123.51
1122.99
1122.6
1121.78
1120.28
1119.71
1118.63
1118.35
1118.01
1118.42
1118.47
1119.79
1120.13
1120.93
1121.04
1120.74
1119.34
1118.9
1118.5
1118.25
1117.5
1117.44
1117.88
1118.48
1118.78
1125.04
1129.69
1131.49
1130.26
1129.15
1128.3
1128.14
1127.74
1127.45
1127.81
1127.96
1127.94
1128.15
1128.3
1128.31
1128.29
1128.06
1127.71
1127.49
1127.25
1127.23
1127.34
1127.56
1127.81
1128.3
1128.98
1128.43
1126
1125.31
1125.57
1110.49
1116.09
1117.37
1116.86
1116.47
1115.4
1114.53
1113.1
1111.94
1110.86
1110.04
1109.45
1109.09
1108.6
1108.21
1108.07
1107.3
1107.13
1106.86
1107.03
1107.24
1107.41
1108.8
1109.84
1111.5
1112.05
1100.43
1075.89
1077.93
1079.35
1125.8
1133.07
1134.1
1133.83
1133.31
1132.98
1132.84
1132.91
1132.81
1132.66
1132.72
1132.38
1131.98
1132.34
1132.57
1132.68
1133.25
1134.14
1134.58
1135.62
1134.61
1125.06
1122.83
1123.6
1124.27
1124.85
1125.56
1125.81
1125.6
1125.47
1135.2
1135.37
1135.83
1136.11
1136.18
1136.11
1135.87
1135.46
1134.84
1134.55
1134.04
1133.53
1133.6
1133.94
1134.09
1134.43
1134.9
1135.12
1135.5
1141.31
1142.77
1142.4
1142.13
1142.03
1141.47
1141.98
1142.47
1142.92
1142.74
1142.79
1132.27
1133.23
1134.34
1135.74
1136.76
1137.46
1137.7
1137.5
1136.97
1136.32
1135.48
1134.62
1134.56
1134.21
1133.8
1134.51
1134.99
1135.53
1135.67
1134.88
1137.44
1139.62
1140.32
1140.98
1141.57
1142.19
1142.64
1142.4
1142.01
1141.95
1151.45
1151.47
1151.39
1151.45
1151.35
1151.12
1150.39
1149.54
1148.28
1147.37
1146.52
1146.2
1145.5
1145.88
1146.09
1147.61
1150.92
1151.04
1149.98
1150.02
1149.59
1149.73
1149.59
1149.72
1149.76
1150.06
1150.24
1150.49
1150.77
1151.61
1135.09
1133.62
1134.49
1140.84
1143.29
1143.19
1143.63
1144.2
1144.44
1144.84
1144.78
1145.49
1145.13
1146.22
1145.81
1147.29
1146.89
1148.38
1148.13
1149.07
1148.64
1149.7
1149.08
1150.34
1150.15
1151.17
1151.7
1152.3
1152.29
1151.63
1161.81
1159.53
1156.72
1154.4
1153.55
1153.36
1160.61
1190.26
1200.91
1198.26
1195.48
1192.01
1190.41
1187.76
1186.9
1184.87
1183.93
1182.25
1181.36
1180.81
1181.33
1182.44
1185.33
1187.85
1190.82
1193.28
1194.92
1195.07
1194.42
1188.11
1128.24
1119.46
1112.08
1108.69
1109.21
1110.95
1113.07
1114.82
1116.91
1119.73
1125.01
1133.04
1143.02
1150.92
1091.11
1100.28
1114.02
1121.97
1125.5
1127.23
1128.56
1129.26
1128.57
1126.68
1124.56
1121.89
1118.49
1113.91
1109.67
1106.9
1105.11
1103.98
1103.19
1102.41
1101.64
1101.01
1100.65
1100.79
1101.19
1102.29
1103.97
1105
1101.83
1091.97
1125.3
1125.33
1124.06
1123.59
1123.24
1122.98
1122.82
1122.08
1121.25
1120.16
1118.99
1118.47
1118.43
1118.74
1119.21
1119.72
1119.91
1120.27
1120.53
1120.68
1120.91
1121.08
1121.44
1121.85
1122.51
1123.34
1124.1
1125
1125.5
1125.5
1120.47
1119.7
1119.21
1119.33
1119.29
1119.45
1119.63
1120.11
1120.75
1121.42
1121.9
1122.01
1121.63
1120.81
1119.58
1118.82
1117.84
1117.42
1117.5
1117.4
1118.27
1119.03
1119.6
1120.05
1120.12
1120.33
1120.36
1120.27
1120.05
1119.74
1121.88
1121.95
1122.58
1123.56
1123.49
1121.72
1119.86
1118.19
1117.17
1115.36
1114.73
1113.41
1113.23
1113.12
1113.14
1114.28
1115.5
1116.99
1118.65
1120.22
1120.65
1120.4
1119.45
1118.2
1116.53
1113.98
1113.78
1114.91
1116.98
1117.59
1125.82
1130.45
1131.39
1129.72
1128.23
1127.23
1126.45
1126.25
1126.17
1125.85
1126.37
1126.76
1126.87
1127.1
1127.13
1126.99
1126.94
1126.92
1126.98
1127.08
1127.26
1127.09
1127.24
1127.46
1127.64
1128.24
1128.59
1127.64
1126.05
1125.42
1111.3
1117.27
1117.98
1117.56
1116.32
1114.41
1112.36
1109.68
1107.8
1106.69
1106.35
1106.69
1106.5
1106.45
1106.44
1105.69
1105.53
1105.78
1105.14
1104.97
1105.2
1105.87
1106.47
1107.72
1109.27
1111.19
1108.16
1093.65
1079.59
1079.36
1124.79
1132.88
1133.98
1132.97
1132.05
1132.19
1132.35
1132.35
1132.53
1132.9
1132.75
1132.6
1133.07
1132.97
1133.16
1133.54
1133.78
1134.04
1134.41
1135.15
1135.5
1131
1123.78
1121.54
1123.11
1124.4
1126.21
1127.7
1127.87
1127.21
1134.84
1135.01
1136.01
1136.28
1136.1
1135.57
1134.79
1133.82
1132.68
1131.63
1130.72
1130.2
1130.17
1130.4
1131.15
1131.94
1133.06
1133.98
1134.55
1137.79
1141.23
1141.94
1140.57
1139.61
1138.88
1138.96
1139.74
1141.78
1143.07
1142.93
1132.02
1132.54
1133.91
1136.61
1138.48
1138.61
1137.44
1135.8
1134.02
1132.07
1130.44
1129.55
1128.69
1128.34
1128.58
1129.25
1130.77
1132.35
1133.82
1134.41
1135.61
1137.39
1138.8
1139.33
1139.75
1141.92
1144
1144.91
1143.48
1142.51
1151.3
1151.07
1151.43
1151.98
1152.02
1151.18
1149.78
1147.92
1146.11
1144.43
1142.89
1142.19
1142.54
1142.79
1144.23
1145.58
1149
1150.86
1150.59
1149.88
1149.22
1148.92
1149.05
1149.26
1149.53
1149.82
1150.09
1150.36
1150.69
1151.68
1139.85
1139.83
1141.51
1143.24
1143.34
1143.62
1144.14
1144.55
1145.06
1145.36
1145.48
1146.17
1146.03
1146.94
1146.2
1147.4
1146.18
1147.3
1146.66
1147.65
1147.31
1147.83
1147.29
1147.44
1147.34
1148.08
1149.36
1151.11
1152.06
1151.77
1171.67
1161.75
1153.7
1150.93
1151.57
1158.71
1182.36
1198.41
1199.94
1195.91
1193.81
1191.25
1190.23
1189.08
1188.11
1187.23
1185.19
1182.99
1179.81
1177.04
1175.01
1174.93
1176.63
1180.73
1183.89
1188.96
1192.93
1194.63
1193.86
1186.82
1114.34
1105.4
1103.8
1106.12
1110.99
1114.81
1118.32
1121.11
1123.05
1123.4
1124.21
1127.33
1137.25
1149.41
1091.26
1101.94
1117.04
1126.18
1129.57
1131.8
1132.42
1131.08
1127.27
1123.87
1122.2
1120.87
1116.74
1111.32
1107.45
1105.86
1105.56
1105.74
1105.84
1105.59
1104.91
1103.88
1102.64
1101.28
1100.59
1100.59
1101.62
1103.61
1104.38
1098.61
1125.39
1125.21
1124.55
1124.7
1125.39
1125.76
1124.75
1122.13
1119.26
1117.03
1115.79
1117.11
1118.95
1120.7
1121.81
1122.35
1122.75
1122.84
1122.64
1122.81
1122.67
1122.55
1122.4
1122.29
1122.38
1122.85
1123.45
1124.28
1125.22
1125.74
1120.26
1119.52
1119.18
1119.24
1119.23
1119.3
1119.52
1119.74
1120.36
1121.36
1121.7
1120.77
1119.07
1117.39
1116.02
1115.05
1113.78
1113.5
1112.81
1113.19
1113.97
1115.72
1117.16
1118.79
1119.75
1120.08
1120.2
1120.37
1120.24
1119.97
1121.8
1121.62
1122.54
1122.88
1120.51
1118.54
1116.95
1115.53
1114.38
1112.8
1112.02
1110.22
1109.86
1109.44
1109.84
1110.41
1111.6
1113.33
1115.23
1117.48
1119.34
1120.08
1120.05
1119.04
1117.23
1113.57
1113.17
1113.88
1116.65
1117.07
1126.2
1131.03
1131.87
1130.48
1129.77
1129.51
1128.5
1126.49
1125.77
1125.59
1125.88
1126.51
1126.7
1126.17
1125.94
1126.13
1126.65
1127.56
1128.34
1128.92
1129.14
1129.15
1128.84
1128.46
1128.02
1127.87
1128.11
1128.1
1126.92
1125.74
1112.04
1118.09
1118.79
1117.57
1116.69
1114.73
1112.56
1109.82
1107.81
1106.48
1106.55
1106.38
1106.56
1106.36
1106.32
1106.83
1107.04
1107.14
1107.23
1107.45
1107.45
1106.93
1106.89
1106.97
1107.91
1109.66
1110.12
1104.92
1090.67
1080.08
1122.9
1132.13
1133.86
1132.21
1132.51
1132.67
1132.66
1132.8
1133.29
1133.54
1133.87
1134.72
1135.05
1135.09
1134.91
1135.1
1135.3
1135.18
1134.85
1134.83
1135.48
1134.09
1127.68
1121.11
1119.91
1121.51
1124.77
1128.28
1129.56
1128.85
1134.66
1135.66
1136.43
1136.2
1135.64
1134.7
1133.48
1131.74
1130.31
1128.67
1127.15
1126.36
1125.75
1126.07
1127.29
1129.12
1130.28
1131.66
1132.9
1134.56
1138.07
1141.33
1140.22
1138.79
1137.81
1137.34
1137.61
1138.94
1142.2
1143.09
1131.67
1131.92
1134.07
1138.22
1139.14
1137.9
1135.3
1132.52
1130.04
1127.82
1126.3
1124.34
1122.75
1122.31
1122.71
1124.01
1126.04
1128.05
1130.46
1132.27
1133.76
1135.44
1136.93
1138.07
1137.94
1139.39
1143.58
1146.38
1145.71
1143.2
1150.66
1150.46
1151.69
1152.76
1152.03
1150.31
1148
1144.88
1141.86
1139.57
1138.01
1137.51
1137.64
1139.18
1140.46
1142.66
1145.25
1148.48
1149.79
1149.5
1148.43
1148.5
1148.91
1149.87
1150.59
1150.94
1150.92
1150.79
1150.81
1151.68
1142.54
1143.66
1143.97
1143.5
1143.69
1144.31
1145.13
1146.02
1146.94
1148.41
1149.31
1150.99
1151.1
1152.44
1150.98
1151.46
1149.52
1149.01
1147.3
1147.74
1147.29
1148
1146.98
1146.88
1145.89
1146.3
1147.08
1149.42
1151.37
1151.59
1173.65
1157.78
1150.75
1151.93
1158.86
1177.45
1196.4
1200.75
1198.5
1196.51
1195.93
1196.3
1196.99
1197.27
1196.96
1196.17
1194.93
1192.56
1189.32
1184.46
1178.87
1174.86
1174.74
1178.38
1181
1184.09
1190.91
1193.7
1191.43
1184.32
1101.04
1101.7
1106.63
1113.81
1120.01
1123.22
1124.76
1125.51
1127.74
1129.89
1129.41
1127.91
1133.76
1147.71
1091.16
1101.94
1118.26
1128.46
1132.12
1133.54
1131.86
1124.9
1117.18
1112.99
1114.83
1117.15
1112.85
1108.22
1106.62
1106.92
1107.8
1108.62
1109.11
1109.23
1108.95
1108.04
1106.33
1104.3
1102.23
1100.77
1100.61
1102.05
1103.97
1100.72
1125.25
1125.18
1124.88
1126.44
1127.85
1127.81
1125.6
1120.62
1115.56
1113.43
1115.82
1119.67
1122.47
1123.29
1123.34
1122.71
1121.99
1121.55
1121.62
1121.77
1122.28
1122.64
1123.09
1123.07
1122.92
1122.83
1123.07
1123.69
1124.65
1125.58
1120.15
1119.4
1119.45
1119.95
1120.29
1120.15
1119.74
1119.71
1120.23
1121.07
1121.02
1118.74
1116.82
1115.67
1114.37
1112.98
1111.68
1110.55
1109.81
1109.69
1110.26
1111.74
1113.97
1116.54
1118.32
1119.39
1119.97
1120.2
1120.24
1120.03
1121.78
1121.35
1123.32
1120.4
1118.16
1116.73
1115.55
1114.04
1112.39
1110.73
1108.78
1107.65
1106.37
1106.3
1105.97
1107.08
1108.42
1110.01
1112.06
1114.53
1117.09
1119.21
1119.8
1119.53
1118.27
1115.89
1115.42
1115.14
1117.7
1118.84
1126.09
1131.56
1133.06
1132.88
1133.83
1134.48
1132.7
1128.27
1125.42
1125.34
1126.08
1126.21
1125.63
1124.72
1124.53
1125.56
1127.45
1129.28
1130.9
1132.04
1132.4
1132.44
1131.89
1130.62
1129.44
1128.41
1128.04
1128
1127.28
1125.9
1112.63
1119
1119.47
1118.26
1117.5
1116.28
1114.43
1112.13
1109.95
1108.15
1106.79
1106.31
1106.34
1106.4
1106.98
1107.93
1108.26
1109.5
1109.92
1110.25
1109.87
1109.75
1108.6
1107.84
1107.46
1108.47
1109.85
1108.44
1098.54
1085.36
1120.18
1131.25
1133.14
1133.22
1133.87
1133.15
1132.66
1133.03
1133.62
1134.39
1135.83
1136.48
1136.51
1137.04
1137.42
1136.93
1136.74
1136.65
1135.98
1135.29
1135.32
1135.24
1131.04
1123.21
1119.03
1118.98
1122.23
1127.32
1130.85
1130.12
1135.09
1136.46
1136.43
1135.94
1135.32
1134.14
1132.12
1130.33
1127.37
1124.66
1122.95
1121.34
1121.06
1121.2
1122
1124.07
1126.91
1129.83
1130.96
1132.45
1135.63
1139.44
1140.27
1139.1
1137.45
1136.95
1136.99
1137.38
1140.56
1142.9
1131.39
1131.5
1136.83
1140.31
1139.49
1136.48
1132.95
1129.83
1127.2
1124.65
1121.73
1118.97
1117.63
1116.68
1116.71
1118.01
1120.13
1123.23
1126.63
1129.56
1131.73
1133.32
1135.51
1136.85
1137.25
1138.68
1143.02
1147.31
1147.67
1144.81
1150.31
1150.38
1152.64
1152.79
1151.03
1148.18
1144.6
1140.43
1136.89
1132.88
1130.8
1130.12
1132.37
1134.2
1136.55
1139.05
1142.15
1145.13
1147.74
1148.36
1147.41
1148.13
1149.34
1150.75
1151.57
1151.73
1151.29
1150.95
1151
1151.85
1144.17
1144.94
1144.19
1143.87
1144.62
1145.7
1147.12
1148.9
1151.2
1153.42
1155.85
1157.36
1157.54
1158.91
1157.44
1156.76
1154.87
1153.21
1149.92
1148.71
1147.94
1148.4
1147.39
1146.35
1145.22
1144.68
1145.61
1148.09
1150.76
1151.42
1173.29
1157.59
1156.67
1161.82
1174.39
1192.95
1201.31
1201.05
1198.7
1199.3
1199.29
1200.7
1199.91
1200.08
1199.68
1199.1
1198.42
1197.58
1195.49
1192.41
1186.7
1179.2
1174.43
1177.07
1181.55
1180.56
1184.31
1188.68
1186.1
1181.25
1100.45
1107.19
1116.03
1124.58
1130.15
1132.69
1131.6
1128.39
1126.77
1129.59
1132.92
1131.08
1133.16
1146.21
1090.82
1100.27
1116.94
1128.89
1132.8
1133.08
1127.25
1115.37
1103.05
1100.43
1108.86
1114.13
1109.34
1107.36
1107.63
1108.46
1109.5
1110.76
1111.69
1112.09
1111.72
1110.7
1109.64
1107.61
1104.77
1102.01
1100.48
1100.98
1103.15
1101.34
1125.59
1125.71
1125.8
1128.01
1129.9
1129.7
1125.09
1116.78
1111.51
1113.77
1119.64
1123.1
1123.68
1123.04
1121.23
1119.81
1118.76
1118.1
1117.9
1118.49
1119.29
1120.63
1121.84
1122.79
1123.19
1123.05
1123.06
1123.43
1124.19
1125.34
1120.02
1119.35
1119.95
1120.95
1121.24
1120.97
1120.32
1119.75
1119.93
1120.74
1120.28
1117.49
1116.32
1115.27
1113.46
1111.97
1109.36
1107.17
1106.06
1105.41
1106.38
1108.18
1110.88
1113.4
1116.06
1118.31
1119.34
1119.84
1120.08
1119.97
1121.68
1121.37
1121.69
1118.45
1117.1
1116.16
1114.7
1112.94
1110.7
1108.93
1106.06
1105.37
1103.92
1103.15
1103.44
1103.66
1104.91
1107.33
1109.33
1112.1
1114.69
1117.45
1119.38
1119.63
1119.07
1117.96
1117.84
1116.94
1119.39
1120.81
1125.83
1131.81
1134.65
1136.08
1139.12
1140.83
1137.35
1130.18
1125.6
1124.81
1126.01
1125.92
1123.93
1123
1124.05
1126.15
1129.04
1131.91
1134.33
1136.22
1137.31
1136.95
1135.66
1133.82
1131.49
1129.63
1128.35
1127.98
1127.3
1125.85
1112.85
1120.02
1120.55
1119.45
1118.54
1117.84
1116.74
1115.22
1113.09
1110.68
1108.18
1106.67
1106.21
1106.72
1107.58
1108.34
1110.36
1111.52
1112.03
1112.82
1112.71
1111.81
1110.69
1109.22
1107.92
1107.96
1109.19
1109.22
1103.17
1088.19
1118.17
1131.51
1132.8
1135.18
1134.82
1133.15
1132.63
1133.1
1134.52
1135.77
1136.99
1137.28
1138.1
1138.8
1139.34
1139.53
1138.55
1137.98
1137.02
1136.05
1135.4
1135.62
1133.1
1126.08
1120.08
1118.97
1120.88
1125.95
1131.52
1131.19
1136.46
1136.26
1136.33
1136.15
1135.43
1133.51
1130.91
1127.82
1124.35
1121.64
1119.68
1118.52
1118.03
1118.27
1118.72
1119.8
1122.47
1126.14
1129.62
1130.82
1133.11
1137.43
1140.19
1139.45
1137.65
1136.56
1136.88
1137.34
1139.17
1142.52
1131.02
1132.82
1140.49
1142.39
1139.62
1135.19
1131.19
1128.01
1124.9
1121.14
1117.47
1115.39
1113.97
1113.18
1112.77
1113.31
1115.21
1118.38
1122.31
1126.96
1129.51
1131.89
1133.82
1135.64
1137.04
1138.17
1143.13
1148.53
1149.53
1145.9
1149.75
1152.04
1153.83
1152.11
1149.57
1145.92
1140.92
1135.73
1129.74
1125.95
1123.74
1123.92
1124.39
1127.95
1131.42
1135.41
1138.59
1142.36
1145.36
1146.82
1146.5
1147.78
1149.75
1151.52
1152.02
1152.02
1151.77
1151.53
1151.64
1152.04
1144.79
1145.18
1144.32
1144.68
1145.95
1147.69
1149.98
1152.94
1155.93
1158.98
1160.81
1162.74
1162.93
1162.78
1162.39
1161.37
1158.54
1157.54
1153.39
1150.56
1148.32
1149.06
1147.59
1146.14
1144.41
1144.05
1144.69
1147.56
1150.43
1151.16
1172.93
1161.6
1167.44
1174.96
1187.76
1200.3
1202.44
1201.33
1200.12
1201.18
1200.7
1200.21
1198.62
1197.93
1197.07
1197.4
1197.92
1197.74
1197.18
1195.31
1192.51
1186.23
1176.67
1172.98
1180.88
1183.28
1177.72
1179.65
1179.77
1179.51
1108.88
1116.37
1126.84
1136.31
1141.47
1143.2
1141.14
1134.6
1127.77
1128.32
1133.22
1133.4
1133.86
1145.71
1090.64
1097.56
1112.52
1125.54
1131.2
1130.4
1121.22
1104.63
1090.8
1092.21
1106.83
1112.11
1107.81
1107.71
1108.34
1109.07
1111.03
1113.42
1115.2
1116.05
1115.25
1113.8
1112.09
1110.19
1107.33
1103.71
1100.94
1100.8
1102.77
1101.56
1125.45
1125.89
1126.21
1128.9
1131.18
1129.37
1121.4
1110.48
1110.06
1117.36
1123.27
1124.06
1122.84
1120.34
1118.36
1117.4
1116.71
1116.45
1116.44
1116.54
1117.37
1118.39
1120.1
1121.67
1122.78
1123.24
1123.19
1123.25
1123.88
1125.01
1119.84
1119.61
1120.65
1121.74
1121.97
1121.59
1120.95
1119.97
1119.62
1120.56
1119.56
1117.35
1116.54
1115.29
1113.09
1110.42
1106.39
1104.84
1102.72
1102.89
1103.07
1104.68
1107.68
1110.95
1114.05
1116.94
1118.46
1119.37
1119.8
1119.86
1121.68
1121.58
1118.98
1117.62
1116.91
1115.85
1114.11
1112.07
1109.49
1107.35
1104.33
1103.95
1101.56
1101.87
1101.03
1101.93
1102.57
1104.6
1106.93
1109.76
1112.88
1115.86
1118.11
1119.17
1119.44
1118.55
1118.99
1118.52
1121
1123.17
1125
1131.48
1135.95
1138.9
1142.61
1144.73
1140.3
1131.09
1125.57
1124.82
1125.82
1125.15
1122.84
1121.94
1123.82
1126.88
1130.51
1134.16
1137.34
1139.88
1141.11
1140.92
1139.44
1137.07
1134.02
1131.06
1128.81
1127.88
1127.16
1125.69
1113.47
1121.04
1122.44
1121.65
1120.63
1119.57
1118.61
1118.32
1116.61
1113.59
1109.94
1107.06
1106.55
1106.9
1107.5
1109.56
1111.67
1112.48
1114.64
1115.29
1115.24
1114.82
1112.61
1110.59
1108.67
1107.89
1108.7
1109.25
1105.27
1089.46
1117.24
1133.29
1134.32
1136.96
1135.23
1132.82
1132.61
1133.56
1135.47
1136.2
1137.94
1138.64
1139.94
1139.95
1139.71
1140.04
1139.95
1139.51
1137.92
1136.99
1135.75
1135.56
1134.22
1128.77
1122.5
1120.38
1121.33
1125.66
1131.68
1132.04
1136.3
1136.16
1136.36
1136.56
1135.65
1133.07
1130.43
1125.96
1122.31
1119.77
1117.02
1114.52
1113.3
1113.34
1115.04
1117.71
1119.39
1122.67
1126.73
1129.59
1131.63
1135.95
1139.2
1139.38
1138.15
1136.32
1136.93
1137.42
1138.46
1141.77
1131.48
1137.38
1144.55
1143.84
1139.48
1134.14
1130.03
1126.94
1122.49
1118.39
1114.57
1111.82
1109.37
1107.8
1108.45
1110.06
1112.07
1114.3
1118.87
1123.65
1127.94
1130.39
1132.46
1134.89
1136.1
1138.12
1144.04
1150.13
1150.3
1147.31
1151.57
1155.06
1153.06
1150.59
1147.98
1143.6
1137.28
1130.3
1124.7
1118.47
1114.34
1112.76
1116.02
1121.42
1126.85
1131.79
1135.85
1139.77
1143.18
1145.31
1145.6
1147.78
1150.04
1151.41
1151.89
1151.7
1151.75
1151.96
1152.36
1152.56
1145.25
1145.38
1144.85
1145.74
1147.6
1150.05
1153.2
1156.56
1160.05
1162.56
1164.6
1165.18
1166.25
1165.15
1165.31
1163.95
1160.59
1159.4
1156.56
1152.59
1149.1
1149.53
1148.5
1146.24
1144.84
1144.24
1145.05
1147.73
1150.41
1151.01
1173.84
1167.37
1178.05
1186.35
1195.94
1203.07
1202.73
1201.85
1201.06
1201.6
1199.01
1197.91
1194.86
1193.8
1193.43
1194.25
1195.56
1196.79
1196.48
1195.04
1193.17
1190.79
1183
1170.69
1173.15
1187.29
1182.75
1178.1
1179.07
1181.54
1114.65
1124.95
1138.61
1146.73
1148.89
1148.78
1147.53
1141.58
1130.8
1127.15
1132.96
1135.41
1135.13
1145.93
1090.52
1094.47
1105.86
1118.65
1124.36
1122.13
1110.27
1092.92
1083.05
1089.49
1107.44
1110.04
1107.32
1107.95
1108.18
1109.75
1113.16
1116.25
1118.61
1119.42
1118.43
1115.98
1113.5
1111.21
1108.57
1104.65
1101.28
1100.38
1102.48
1101.2
1126.08
1126.69
1127.38
1130.18
1131.84
1127.48
1114.96
1106.97
1113.44
1122.52
1124.48
1123.36
1120.55
1118.71
1117.2
1116.56
1115.92
1115.5
1115.23
1115.43
1115.76
1116.79
1118.31
1120.52
1122.17
1123.17
1123.3
1123.33
1123.73
1124.87
1119.97
1119.85
1121.02
1122.41
1122.81
1122.15
1121.39
1120.3
1119.51
1120.37
1119.27
1117.67
1116.91
1115.66
1112.47
1108.99
1105
1103.03
1100.68
1100.44
1100.87
1102.2
1105.08
1108.77
1112.34
1115.34
1117.58
1118.77
1119.42
1119.65
1121.54
1121.17
1117.63
1117.56
1116.8
1115.68
1113.77
1111.69
1108.65
1106.5
1103.62
1102.67
1101.12
1100.89
1100.77
1100.97
1101.25
1103.23
1105.02
1108.29
1111.1
1114.82
1117.05
1118.96
1119.32
1119
1119.33
1118.62
1122.04
1124.82
1124.51
1130.17
1136.04
1140.23
1143.86
1144.48
1140.18
1130.9
1124.91
1124.89
1125.93
1124.11
1122.09
1121.79
1123.55
1127.22
1131.48
1135.35
1138.8
1141.81
1143.31
1143.4
1142.07
1139.52
1135.95
1132.2
1129.57
1127.74
1126.75
1125.44
1112.85
1122.08
1124.69
1124.94
1123.96
1121.92
1120.61
1120.19
1119.22
1116.73
1111.94
1107.79
1106.74
1106.68
1107.92
1110.04
1111.73
1113.89
1115.31
1116.13
1116.17
1115.72
1113.86
1111.51
1109.16
1107.95
1108.47
1108.92
1105.49
1088.8
1117.56
1134.54
1136.95
1138.6
1135.45
1132.48
1132.81
1133.88
1135.73
1136.87
1138.74
1139.24
1140.6
1140.86
1141.21
1140.92
1140.25
1140.38
1138.47
1137.76
1136.1
1135.63
1134.82
1130.67
1125.24
1123.17
1123.21
1127.16
1132.45
1133.03
1136.07
1136.23
1136.64
1136.75
1135.67
1133.03
1129.81
1124.89
1121.45
1118.36
1114.57
1112.27
1110.75
1110.63
1111.47
1114.28
1117.74
1121
1124.68
1128.27
1130.64
1134.51
1138.32
1139.53
1138.12
1136.18
1136.83
1138.06
1138.47
1141.33
1133.33
1142.26
1147.42
1145.12
1139.43
1133.42
1129.18
1125.79
1121
1116.29
1112.12
1110
1106.95
1105.87
1105.43
1106.22
1108.53
1112.77
1116.02
1121.37
1126.25
1129.53
1131.84
1133.94
1136.09
1138.77
1144.75
1151.38
1152.18
1148.48
1156.18
1156.08
1152.08
1150.04
1147.15
1141.08
1134.5
1126.66
1120.6
1113.19
1107.97
1107.23
1108.37
1114.89
1122.49
1127.97
1133.98
1137.69
1141.48
1144.24
1145.07
1147.93
1149.51
1149.97
1149.51
1149.36
1149.25
1149.43
1150.03
1151.27
1145.59
1145.66
1145.44
1147
1149.38
1152.36
1155.79
1159.58
1162.48
1164.94
1165.83
1166.35
1167.59
1166.63
1166.8
1165.39
1161.84
1159.52
1157.97
1154.5
1149.97
1150.07
1149.59
1146.94
1145.61
1145.48
1146.49
1148.57
1150.42
1150.62
1175.61
1172.21
1185.98
1194.53
1200.39
1204.09
1202.99
1202.62
1201.45
1200.47
1197.1
1194.64
1190.85
1189.43
1189.27
1190.81
1193.86
1196.17
1197.2
1195.06
1191.96
1190.65
1189.32
1174.78
1162.01
1180.93
1191.47
1186.03
1186.82
1190.14
1117.85
1133.65
1147.19
1150.15
1147.81
1146.78
1147.21
1144.22
1132.95
1127.82
1133.58
1136.37
1137.19
1146.9
1090.45
1092.35
1098.97
1107.94
1112.72
1109.28
1097.65
1083.8
1080.56
1091.24
1108.58
1108.93
1107.18
1107.64
1107.71
1110.64
1114.36
1117.66
1120.42
1121
1120.05
1116.97
1113.98
1111.79
1108.85
1104.46
1101.17
1100.97
1102.49
1101.21
1125.74
1127.07
1127.98
1130.66
1131.2
1123.27
1106.2
1106.14
1117.78
1124.02
1124.44
1122.1
1119.51
1118.09
1117.33
1116.12
1115.82
1115.27
1115.14
1114.98
1115.55
1116.24
1117.37
1119.59
1121.72
1122.86
1123.39
1123.25
1123.67
1124.76
1120.07
1119.88
1121.39
1123.16
1123.49
1122.86
1121.79
1120.69
1119.23
1120.32
1119.61
1118.02
1117.45
1116.13
1112.43
1108.91
1104.63
1102.19
1099.77
1099.78
1100.04
1100.99
1103.71
1107.47
1111.12
1114.29
1116.81
1118.22
1119.08
1119.49
1121.67
1119.91
1117.97
1117.64
1116.71
1115.45
1113.79
1111.68
1108.16
1106.34
1102.94
1102.22
1100.38
1100.95
1100.13
1100.53
1100.59
1102.06
1103.85
1107.14
1110.18
1113.8
1116.41
1118.27
1119.02
1119.13
1119.43
1119.31
1123.4
1125.86
1123.55
1128
1134.26
1139.53
1143.04
1143.01
1137.35
1129.38
1124.54
1124.57
1125.99
1123.83
1121.52
1121.33
1123.26
1127.13
1131.34
1135.36
1139.31
1143.43
1145.11
1145.18
1143.59
1140.45
1136.94
1132.67
1129.62
1127.82
1126.32
1125.06
1112.84
1122.36
1127.12
1129.18
1129.1
1126.29
1123.82
1122.24
1121.23
1119.63
1114.65
1109.21
1106.85
1106.53
1107.8
1109.94
1111.61
1114.22
1115.09
1117.07
1116.44
1115.9
1113.94
1111.72
1109.06
1107.98
1108.35
1108.71
1104.63
1086.78
1118.6
1134.87
1140.27
1140.28
1135.62
1132.4
1132.74
1133.92
1136.27
1137.25
1138.76
1139.57
1141.35
1141.23
1141.91
1141.85
1140.92
1141.2
1138.88
1138.1
1136.43
1135.84
1135.12
1132.03
1127.93
1126.22
1125.97
1130.52
1134.17
1134
1135.23
1135.31
1136.51
1137.14
1136.19
1133.42
1129.85
1124.95
1121
1117.83
1113.85
1110.42
1109.18
1109.51
1109.98
1112.42
1115.79
1119.27
1123.56
1127.43
1129.64
1133.52
1137.5
1139.05
1137.65
1135.98
1137.35
1138.81
1138.83
1141.17
1138.12
1146.63
1149.19
1145.89
1139.88
1133.21
1129.01
1125.33
1120.38
1115.06
1111.6
1108.89
1105.86
1105.34
1105.42
1105.11
1107.56
1111.16
1114.99
1119.55
1125.69
1128.92
1131.24
1133.38
1136.49
1139.22
1147.23
1153.48
1152.33
1149.48
1159.03
1155.33
1151.21
1149.51
1146.24
1139.6
1132.4
1125.41
1117.32
1109.64
1104.29
1102.86
1105.15
1110.63
1118.14
1126
1131.7
1136.35
1140.31
1143.06
1144.73
1147.84
1148.48
1148.3
1148.11
1147.98
1147.81
1147.22
1146.52
1146.24
1145.75
1146.35
1146.34
1148.17
1150.9
1153.98
1157.57
1160.96
1163.89
1165.65
1166.72
1166.57
1167.98
1166.99
1167.62
1165.02
1162.84
1158.88
1157.56
1155.45
1151.05
1150.03
1151.17
1147.86
1146.66
1146.93
1147.73
1149.45
1150.27
1150.27
1178.07
1176.14
1187.56
1199.37
1202.54
1204.61
1203.25
1203.04
1200.97
1199.28
1195.39
1192.26
1188.2
1187.71
1186.72
1189.05
1191.59
1195.14
1197.42
1195.69
1190.79
1188.21
1190.06
1182.53
1159.19
1161.45
1186.49
1190.8
1188.77
1188.43
1121.99
1141.34
1150.66
1147.12
1141.79
1141.87
1144.57
1141.2
1131.87
1130.06
1135.97
1138.33
1141
1142.84
1123.82
1102.43
1090.98
1091.58
1093.51
1097.97
1100.11
1095.52
1086.26
1079.78
1080.61
1095.21
1109.05
1108.4
1107.13
1107.11
1107.48
1110.68
1113.9
1117.14
1119.54
1119.58
1118.37
1115.67
1113.31
1110.86
1107.37
1103.35
1100.94
1101.12
1102.15
1100.58
1104.73
1120.19
1126.41
1128.02
1129.4
1131.53
1128.5
1112.41
1100.13
1109.17
1121.66
1124.71
1124.23
1121.75
1119.77
1118.26
1117.3
1116.6
1115.53
1115.28
1114.74
1114.72
1115.44
1115.98
1117.49
1119.44
1121.54
1122.88
1123.25
1123.29
1123.52
1124.67
1124.41
1122.36
1120.14
1119.81
1121.57
1123.51
1124.17
1123.56
1122.28
1120.92
1119.25
1120.14
1120.04
1118.49
1118.17
1116.78
1113.38
1109.97
1105.38
1102.75
1100.24
1099.98
1100.02
1100.81
1103.47
1106.87
1110.76
1113.44
1116.03
1117.64
1118.59
1119.08
1121.86
1122.02
1120.82
1117.76
1117.66
1117.55
1116.92
1115.67
1114.04
1111.94
1108.68
1106.47
1103.06
1102.22
1100.33
1100.61
1100.02
1100.27
1100.49
1101.82
1103.75
1106.85
1109.8
1113.51
1115.8
1117.85
1118.75
1119.23
1119.01
1120.87
1125.14
1126.37
1126.86
1126.68
1123.82
1125.91
1131.02
1136.1
1139.13
1138.37
1132.78
1126.88
1124.29
1124.72
1125.89
1123.73
1121.59
1121.06
1122.7
1126.37
1130.59
1134.58
1138.89
1142.76
1144.26
1144.6
1143.6
1140.54
1136.13
1132.58
1129.2
1127.14
1126.04
1124.58
1115.37
1109.78
1111.72
1121.57
1128.18
1131.83
1133.28
1131.34
1127.74
1124.58
1122.93
1121.44
1117.2
1110.41
1107.57
1107
1107.38
1109.68
1111.35
1113.58
1114.93
1115.58
1115.67
1114.66
1113.19
1111.03
1108.61
1108.01
1108.38
1108.22
1101.16
1088.34
1127.96
1130.09
1124.16
1138.24
1144.39
1142.05
1136.18
1132.36
1132.42
1133.96
1136.1
1136.96
1138.81
1139.46
1141.02
1141.11
1141.53
1141.55
1140.58
1141.32
1138.89
1137.98
1136.56
1135.94
1135.32
1133
1130.19
1128.12
1129.13
1134.58
1135.59
1134.86
1134.59
1133.92
1134.62
1134.37
1135.31
1137.18
1136.83
1134.11
1130.18
1125.62
1121.42
1118.42
1114.24
1110.45
1109.27
1109.08
1109.97
1112.21
1115.22
1119.04
1123.06
1126.95
1129.53
1133
1136.78
1138.32
1136.89
1135.63
1137.64
1139.35
1139.47
1140.5
1141.58
1142.97
1144.33
1149.8
1149.46
1146.59
1140.65
1133.66
1129.31
1125.7
1120.53
1115.51
1112.09
1109.45
1106.57
1105.61
1105.77
1105.18
1108.05
1111.46
1114.06
1119.89
1124.69
1128.73
1130.91
1133.76
1136.39
1141.19
1150.19
1153.34
1152.89
1151.8
1158.15
1159.56
1159.55
1156.28
1151.74
1149.55
1145.76
1138.94
1132.37
1124.42
1117.69
1109.25
1104.79
1103.03
1104.96
1109.26
1117.44
1124.66
1131.18
1135.55
1139.86
1142.38
1145.27
1147.69
1148.57
1148.74
1149.2
1149.64
1149.55
1148.77
1147.1
1146.35
1145.69
1145.32
1146.32
1146.67
1146.58
1148.69
1151.57
1154.84
1158.27
1161.38
1164.05
1165.47
1166.3
1166.71
1167.47
1166.91
1167.06
1164.15
1161.69
1158.66
1155.69
1155.61
1151.73
1149.79
1152.35
1149.75
1147.12
1148.07
1148.56
1149.64
1150.79
1153.19
1171.28
1181.07
1181.86
1182.9
1191.69
1202.19
1203.94
1204.75
1203.82
1203.02
1200.67
1199.16
1195.11
1191.64
1188.36
1187.16
1186.64
1188.71
1191.9
1195.22
1196.97
1195.27
1190.14
1185.94
1187.82
1187.94
1162.19
1144.12
1165.21
1174.53
1178.29
1200.22
1235.2
1243.64
1125.53
1145.9
1150.19
1141.85
1136.96
1139.13
1142.12
1138.73
1132.92
1134.27
1138.78
1141.15
1142.16
1134.11
1110.5
1095.82
1090.66
1091.21
1090.94
1091.35
1090.47
1086.83
1081.47
1079.12
1083.37
1099.44
1109.11
1108.06
1106.92
1106.42
1106.98
1109.45
1112.15
1114.9
1116.33
1116.59
1115.48
1113.7
1111.35
1108.44
1104.85
1101.98
1101.19
1101.52
1101.91
1105.45
1116.7
1123.3
1127.07
1129
1130.36
1130.74
1121.12
1099.01
1097.63
1112.43
1122.77
1124.93
1124.35
1122.04
1120.27
1119.11
1117.8
1117.24
1116.24
1115.8
1115.62
1115.82
1116.31
1116.75
1118.39
1120.38
1121.9
1123.19
1123.26
1123.22
1123.54
1124.57
1124.99
1123.04
1120.83
1120.05
1121.38
1123.6
1124.64
1124.12
1122.77
1121.34
1119.54
1120.14
1120.48
1119.01
1118.76
1117.91
1114.71
1111.41
1107.22
1104.7
1102.03
1101.22
1101.11
1102
1103.96
1107.74
1110.92
1113.31
1115.75
1117.12
1118.29
1118.96
1122.23
1121.21
1119.91
1117.89
1118.38
1118.26
1117.38
1116.13
1114.62
1112.41
1109.96
1107.63
1103.96
1103.14
1100.93
1100.91
1100.18
1100.7
1100.82
1102.42
1104.4
1107.26
1110.16
1113.64
1115.63
1117.56
1118.63
1119.12
1119.09
1123.51
1126.25
1126.57
1126.31
1125.76
1124.8
1124.59
1127.19
1130.64
1132.49
1131.39
1127.86
1124.52
1123.91
1125.16
1126.08
1123.87
1121.88
1121
1122.04
1125.27
1129.23
1133.16
1137.12
1140.16
1142.19
1142.71
1141.79
1138.49
1134.73
1131.48
1128.54
1126.6
1125.61
1123.07
1112.27
1108.71
1111.05
1120.35
1128.03
1132.89
1134.81
1134.12
1131.38
1127.93
1124.88
1123
1120.1
1112.74
1108.31
1107.28
1107.4
1109.15
1110.49
1111.82
1113.03
1114.57
1114.27
1113.43
1111.58
1109.96
1108.35
1108.23
1108.3
1105.72
1096.84
1100.08
1134.58
1133.09
1130.89
1143.07
1148.24
1145.18
1137.03
1132.53
1132.28
1133.62
1135.66
1136.72
1138.07
1138.89
1140.19
1140.37
1140.81
1141.06
1140.39
1140.79
1138.7
1137.73
1136.72
1136.04
1135.43
1133.76
1131.93
1128.81
1130.42
1135.11
1135.77
1134.99
1134.01
1133.74
1133.72
1133.57
1134.04
1135.67
1137.28
1135.45
1131.39
1127.11
1122.79
1119.53
1116.24
1112.94
1110.88
1110.7
1110.94
1112.62
1116.45
1119.78
1123.54
1127.12
1129.44
1132.95
1136.28
1137.31
1135.87
1135.99
1138.98
1140.64
1140.17
1140.14
1141.29
1143.59
1148.07
1150.46
1149.01
1146.79
1142.2
1134.74
1130.27
1127.31
1121.89
1117.16
1113.28
1110.72
1107.56
1106.4
1105.82
1106.62
1109.74
1111.41
1115.95
1120.42
1125.74
1128.82
1131.56
1133.93
1137.28
1144.86
1151.77
1153.08
1152.6
1154.81
1160.93
1162.14
1160.61
1157.56
1152.24
1149.33
1146.02
1139.87
1132.72
1126
1119.48
1112.54
1106.58
1105.91
1107.07
1112.09
1118.75
1125.72
1131.36
1136.03
1139.58
1142.55
1145.78
1147.63
1148.3
1149.27
1150.36
1151.25
1151.4
1150.86
1149.96
1148.45
1147.17
1146.72
1147.59
1147.79
1147.63
1148.95
1151.41
1154.33
1157.42
1160.66
1163.04
1164.9
1166.12
1166.6
1166.82
1165.49
1165.18
1161.77
1159.58
1156.27
1154.26
1154.76
1151.95
1149.36
1152.91
1152.76
1147.97
1148.68
1148.89
1149.9
1152.36
1158.16
1167.36
1179.84
1184.82
1188.23
1193.36
1202.06
1205.05
1205.14
1204.49
1202.88
1200.9
1199.79
1196.18
1192.23
1190.95
1189.05
1189.21
1190.54
1193.43
1196.16
1197.02
1193.43
1187.4
1184.26
1186.76
1188.76
1167.01
1134.79
1138.04
1147.42
1160.24
1193.86
1231.18
1239.72
1128.44
1148.01
1148.17
1138.9
1135.8
1138.36
1140.67
1138.81
1136.07
1137.58
1140.35
1142.77
1142.43
1131.13
1110.41
1095.14
1091.05
1091
1089.98
1088.72
1086.72
1084.14
1081.21
1081.58
1088.1
1102.36
1109.07
1107.85
1106.62
1105.86
1106.12
1107.55
1109.69
1111.68
1112.61
1112.8
1112.08
1110.14
1107.66
1104.95
1102.58
1101.13
1101.31
1102.72
1107.65
1116.66
1123.49
1125.7
1128.53
1129.99
1130.65
1126.61
1106.8
1090.18
1097.51
1113.56
1123.23
1125.13
1124.63
1122.85
1121.34
1120.09
1119.08
1118.53
1117.92
1117.29
1117.24
1117.17
1117.84
1118.79
1120.06
1121.56
1122.32
1123.18
1123.17
1123.26
1123.54
1124.53
1124.58
1122.33
1121.46
1120.32
1121.31
1123.16
1124.71
1124.45
1123
1121.43
1119.73
1119.65
1121.26
1119.36
1119.26
1118.9
1116.88
1113.35
1110.07
1107
1104.55
1103.84
1103.88
1104.26
1105.96
1109.46
1111.3
1113.77
1115.66
1116.97
1118.11
1119.39
1122.24
1120.88
1118.48
1117.6
1118.02
1118.17
1117.92
1116.85
1115.38
1113.68
1111.28
1108.96
1105.83
1104.44
1102.28
1101.31
1101.08
1101.29
1101.85
1103.94
1105.61
1108.38
1111.11
1114.06
1115.73
1117.7
1118.53
1119.09
1121.57
1124.52
1125.19
1125.63
1125.12
1124.12
1125
1124.11
1124.42
1125.81
1126.56
1125.42
1124.02
1123.67
1124.05
1125.51
1126.43
1124.54
1122.39
1121.29
1121.56
1123.79
1127.34
1131.19
1134.29
1136.99
1138.84
1139.02
1138.1
1135.48
1132.77
1130.12
1127.45
1126.02
1124.28
1119.71
1111.67
1108.82
1110.57
1118.35
1125.72
1130.79
1133.21
1133.44
1131.82
1129.07
1126.28
1124.26
1122.28
1115.62
1109.45
1107.73
1107.2
1108.27
1110.1
1111.03
1111.34
1111.34
1111.6
1110.77
1109.95
1108.89
1108.54
1108.42
1107.15
1102.1
1098.4
1116.04
1137.64
1136.98
1137.08
1146.77
1151.57
1148.2
1138.81
1133.04
1131.92
1133.2
1135.03
1135.79
1137.62
1138.01
1139.68
1140.35
1140.94
1140.1
1139.69
1140.06
1138.04
1137.31
1136.74
1136
1135.59
1134.36
1133.16
1128.79
1130.31
1134.74
1135.86
1135.31
1134.19
1133.31
1133.59
1133.33
1133.21
1134.51
1137.07
1136.83
1133.23
1129.52
1124.96
1121.19
1118.7
1116.08
1113.92
1112.68
1113.7
1115.61
1118.98
1121.43
1124.67
1127.98
1130.19
1133.27
1135.91
1135.91
1134.95
1137.47
1140.78
1141.49
1140.61
1140.15
1141.02
1144.46
1149.29
1149.33
1147.1
1146.13
1143.67
1136.56
1131.44
1128.03
1123.99
1119.78
1116.33
1113.54
1111.59
1110.16
1109.92
1110.72
1112.07
1114.08
1118.14
1122.73
1126.87
1129.68
1131.82
1135.47
1140.04
1148.14
1152.57
1153.33
1153.98
1157.64
1163.7
1163.44
1162.41
1159.41
1153.51
1149.77
1147.13
1141.18
1135
1128.85
1123.72
1117.59
1113.35
1111.83
1113.2
1116.26
1123
1127.32
1133.22
1136.54
1140.09
1143.05
1146.31
1147.69
1148.74
1150.28
1151.62
1152.26
1152.22
1152.14
1151.82
1151.22
1149.97
1148.16
1147.28
1147.13
1147.81
1148.62
1150.23
1152.6
1155.41
1158.05
1160.5
1162.48
1163.33
1163.69
1163.6
1162.93
1161.38
1158.37
1156.32
1153.36
1152.93
1153.52
1151.63
1148.47
1152.25
1156.65
1150.03
1148.76
1149.1
1149.55
1150.91
1153.1
1150.97
1159.81
1172.29
1184.76
1193.36
1197.46
1204.24
1205.39
1205.45
1203.35
1201.39
1200.74
1197.72
1194.96
1193.76
1192.33
1192.38
1194.05
1195.72
1197.05
1195.38
1190.52
1184.07
1182.17
1185.97
1187.67
1166.32
1128.47
1116.85
1122.92
1137.14
1180.58
1224.07
1234.01
1129.99
1148.55
1147.7
1138.62
1135.59
1137.64
1140.08
1139.67
1138.64
1139.06
1140.97
1144.59
1146.48
1138.72
1118.04
1097.07
1091.64
1091
1090.26
1088.87
1087.09
1085.26
1084.52
1086.77
1092.87
1104.07
1109.08
1107.79
1106.36
1105.47
1105.15
1105.85
1107.05
1107.84
1108.26
1108.32
1107.23
1105.79
1103.82
1102.06
1101.4
1101.56
1104.06
1109.28
1116.79
1122.91
1125.48
1127.67
1129.43
1130.08
1127.56
1115.03
1089.9
1086.33
1096.33
1112.57
1122.68
1125.15
1125.11
1124.14
1122.58
1121.65
1120.71
1120.08
1119.57
1119.46
1119.34
1119.81
1120.03
1120.7
1121.45
1122.16
1122.44
1123.09
1123.12
1123.33
1123.52
1123.96
1121.95
1120.13
1120.91
1120.53
1121.34
1122.91
1124.1
1123.94
1122.87
1121.53
1120
1119.55
1121.57
1120.27
1119.4
1119.64
1118.6
1116.33
1112.49
1110.62
1108
1106.79
1106.39
1107.22
1109.42
1110.74
1112.51
1114.45
1115.87
1117.04
1118.51
1120.57
1121.96
1119.78
1118.36
1118.05
1118.49
1118.74
1118.53
1117.67
1116.22
1114.97
1113.13
1111.14
1108.53
1106.67
1105.28
1104.42
1103.23
1104.01
1104.33
1106.6
1107.42
1110.15
1112.5
1114.64
1116.24
1117.87
1118.66
1119.83
1122.52
1121.61
1122.36
1124.01
1125.43
1124.53
1123.76
1123.35
1122.94
1122.93
1123.1
1123.01
1123.15
1124.01
1125.08
1126.09
1126.66
1125.37
1123.5
1122.23
1121.38
1122.51
1125.5
1128.83
1131.21
1133.25
1134.79
1135.23
1134.41
1132.74
1130.31
1128.2
1126.5
1124.86
1122.34
1118.3
1114.32
1109.74
1110.05
1116.06
1121.61
1125.74
1128.39
1129.24
1128.62
1127.42
1126.16
1124.87
1123.5
1118.91
1111.28
1109.11
1107.67
1107.34
1108.52
1109.89
1110.24
1110.37
1109.94
1109.93
1109.4
1108.9
1108.42
1107.28
1104.79
1100.47
1106.07
1127.69
1139.28
1140.63
1141.04
1147.11
1152.57
1150.87
1141.07
1134.25
1131.87
1132.48
1134.33
1135.3
1136.43
1136.93
1137.31
1138.07
1138.22
1138.67
1138.67
1138.65
1137.1
1137.06
1136.49
1136.12
1135.81
1134.88
1133.74
1128.69
1129.71
1134.01
1135.46
1135.86
1134.97
1134.5
1133.88
1133.85
1133.14
1133.26
1135.94
1138.09
1135.52
1131.46
1127.82
1124.2
1121.66
1119.55
1118.34
1118.33
1118.34
1119.59
1121
1123.79
1126.49
1129.22
1131.05
1133.58
1135.33
1134.3
1135.81
1139.66
1141.73
1141.41
1140.81
1140.48
1141.36
1144.68
1147.22
1146.19
1144.08
1144.75
1144.66
1139.13
1133.33
1130.3
1127.54
1123.03
1119.37
1116.72
1114.58
1113.63
1112.94
1113.53
1115.47
1117.91
1121.71
1125.06
1128.67
1130.58
1133.45
1137.88
1143.31
1149.8
1152.65
1154.11
1156.69
1161.21
1164.28
1164.14
1162.29
1159.48
1154.78
1150.35
1148.33
1143.7
1138.1
1132.82
1127.49
1124.24
1120.72
1119.12
1120.19
1123.31
1126.39
1130.91
1134.47
1137.94
1140.83
1143.9
1146.54
1147.78
1148.57
1149.97
1151.34
1151.9
1151.88
1151.75
1151.45
1151.35
1151.43
1151.12
1150.06
1147.92
1146.94
1147.23
1148.14
1149.76
1151.89
1154.22
1156.33
1157.67
1158.97
1159.53
1159.26
1157.62
1156.64
1153.59
1152.74
1150.72
1152.1
1151.77
1150.92
1146.96
1150.21
1158.91
1157.58
1150.04
1149.42
1149.15
1149.3
1149.51
1151.41
1158.88
1166.5
1181.85
1193.56
1198.97
1200.87
1203.43
1205.27
1204.05
1202.86
1201.62
1200.07
1197.37
1197.48
1195.65
1196.22
1196.52
1197.51
1195.99
1191.86
1185.35
1180.39
1181.14
1185.77
1185.11
1158.92
1119.37
1092.97
1094.5
1124.25
1173.1
1217.07
1229.27
1130.38
1148.97
1148.73
1140.36
1136
1136.76
1139.06
1139.69
1139.76
1140.42
1142.88
1147.91
1151.94
1149.13
1131.47
1103.03
1092.8
1091.41
1091.01
1090.09
1089.27
1088.63
1089.8
1092.25
1096.42
1104.87
1109.25
1107.95
1106.27
1105.16
1104.44
1104.74
1104.69
1104.83
1104.56
1104.13
1103.52
1102.42
1101.74
1101.4
1102.42
1104.92
1108.68
1114.46
1119.75
1123.82
1126.15
1128.02
1128.67
1126.46
1117.02
1095.83
1084.98
1085.92
1094.04
1109.42
1120.9
1124.77
1125.59
1124.85
1124.12
1123.2
1122.53
1121.83
1121.55
1121.25
1121.31
1121.26
1121.66
1122.24
1122.06
1122.2
1121.85
1121.92
1121.37
1121.03
1120.64
1120.51
1119.45
1119.38
1120.53
1120.65
1121.35
1122.62
1123.47
1123.18
1122.44
1121.24
1119.9
1119.54
1121.62
1121.41
1120.08
1119.74
1119.86
1118.7
1115.95
1113.41
1111.52
1110.47
1110.46
1110.52
1111.39
1112.22
1113.87
1115.13
1116.34
1117.89
1119.56
1121.72
1121.63
1119.68
1118.27
1117.88
1118.15
1118.97
1119.05
1118.46
1117.33
1116.2
1114.92
1113.24
1111.23
1109.41
1107.73
1106.99
1106.83
1106.57
1107.29
1108.56
1109.92
1112.08
1113.83
1115.3
1116.95
1118.53
1119.29
1120.19
1119.64
1117.72
1117.95
1119.17
1122.44
1124.89
1123.67
1123
1122.83
1122.87
1123.02
1123.58
1124.24
1125.23
1126.1
1126.93
1127.04
1126.07
1124.84
1123.41
1121.95
1121.65
1123.51
1126.39
1128.67
1129.88
1130.7
1131.06
1130.66
1129.34
1127.93
1126.9
1125.34
1123.81
1121.91
1121.22
1119.39
1112.81
1109.52
1111.63
1114.56
1117.44
1119.56
1120.95
1121.87
1122.42
1123.18
1124.14
1124.12
1121.7
1113.53
1110.42
1108.96
1107.38
1107.35
1108.18
1109.03
1108.94
1109.28
1108.61
1108.41
1107.9
1106.76
1104.64
1100.64
1100.2
1108.42
1123.06
1134.26
1143.66
1143.14
1146.82
1152.55
1151.72
1143.16
1135.98
1132.2
1131.84
1133.28
1134.33
1135.42
1135.98
1136.48
1136.5
1136.87
1137.04
1137.33
1136.9
1136.25
1136.7
1136.36
1136.37
1136.08
1135.33
1133.36
1128.93
1129.66
1133.13
1135.54
1136.18
1135.82
1135.42
1135.09
1134.2
1133.73
1132.66
1134.05
1137.76
1137.78
1134.4
1130.77
1127.74
1125.03
1123.23
1122.18
1121.34
1122.09
1122.72
1124.6
1126.43
1128.63
1130.27
1132.08
1133.68
1133.86
1134.49
1138.6
1140.75
1141.31
1140.77
1140.72
1140.87
1141.62
1143.25
1143.02
1141.78
1141.33
1143.37
1144.69
1141.66
1135.37
1132.53
1129.87
1127.38
1123.97
1121.09
1119.33
1118.1
1118.14
1119.25
1119.98
1122.55
1124.93
1127.86
1129.9
1132.52
1136.15
1140.08
1146.49
1150.24
1151.55
1153.56
1156.8
1160.46
1162.2
1161.81
1160.54
1158.87
1155.73
1150.98
1149.66
1146.42
1141.66
1136.61
1132.92
1129.58
1127.53
1126.46
1126.72
1128.15
1131.23
1133.88
1136.67
1139.41
1142.31
1145.06
1147
1147.86
1148.73
1149.97
1151
1151.77
1151.98
1151.77
1151.13
1150.84
1150.95
1151.2
1151.13
1150.12
1148.26
1146.73
1146.56
1147
1148.18
1149.6
1151.06
1152.54
1153.31
1153.37
1153.28
1152.15
1151.54
1149.48
1149.48
1149.53
1151.19
1150.04
1148.89
1145.66
1146.32
1155.38
1164.8
1163.52
1157.49
1154.04
1152.65
1153.5
1162.72
1179.29
1191.24
1199.79
1203.52
1203.25
1201.86
1201.35
1202.72
1202.89
1203.4
1202.08
1202.1
1199.43
1199.73
1198.6
1197.84
1197.78
1195.41
1191.68
1185.53
1179.53
1178.01
1181.63
1185.42
1174.36
1142.11
1103.43
1083.2
1092.29
1128.71
1181.09
1212.22
1222.57
1129.51
1148.77
1151.02
1144.24
1139.22
1138.01
1138.94
1140.35
1141.83
1143.9
1147.45
1151.75
1154.37
1153.37
1143.52
1122.19
1102.34
1096.56
1094.33
1093.26
1092.98
1093.31
1094.43
1095.71
1098.97
1105.41
1109.54
1108.9
1106.49
1105.06
1104.09
1103.71
1103.62
1103.6
1102.9
1102.49
1101.96
1101.55
1101.08
1100.77
1100.35
1100.21
1101.37
1105.87
1113.87
1121.02
1124.36
1125.17
1123.77
1113.79
1097.35
1085.37
1085.72
1087.54
1091.79
1105.51
1116.39
1123.07
1125.46
1125.6
1124.96
1124.32
1123.93
1123.4
1122.69
1122.42
1121.87
1121.6
1120.97
1120.66
1120.07
1119.86
1119.19
1119.18
1119.04
1119.25
1119.7
1120.16
1120.21
1120.1
1120.45
1120.95
1121.57
1122.35
1122.75
1122.47
1121.9
1120.74
1119.82
1119.78
1121.28
1122.64
1121.08
1120.23
1120.15
1120.2
1119.18
1117.02
1115.17
1113.65
1112.85
1113.05
1113.31
1114.17
1115.32
1116.31
1117.82
1119.34
1121.02
1122.29
1121.45
1119.89
1118.7
1118.02
1118.13
1119.03
1119.63
1119.22
1118.36
1117.16
1116.38
1115.41
1114.05
1112.69
1111.34
1110.07
1109.51
1109.86
1110.09
1111.46
1112.25
1114.12
1115.2
1116.77
1118.3
1118.99
1119.53
1119.35
1117
1114.99
1114.76
1114.99
1116.55
1120.49
1126.78
1126.72
1126.12
1125.99
1125.94
1125.94
1125.68
1126.09
1126.84
1127.52
1127.66
1126.81
1125.88
1124.96
1123.21
1121.61
1121.9
1123.93
1126.14
1127.36
1127.67
1127.69
1127.37
1126.92
1126.58
1125.51
1124.49
1123.64
1122.96
1123.36
1122.43
1118.61
1112.42
1109.24
1108.84
1109.48
1110.97
1112.86
1114.73
1116.75
1119.41
1122.4
1123.96
1123.56
1116.94
1111.98
1110.89
1108.68
1107
1106.5
1106.74
1107.02
1107.03
1106.67
1105.88
1104.93
1102.22
1098.6
1095.62
1094.97
1099.82
1107.76
1122.01
1138.71
1146
1151.07
1153.45
1150.6
1143.01
1138.03
1133.61
1131.49
1132.1
1133.27
1134.17
1134.71
1134.88
1135.12
1135.26
1134.96
1135.81
1135.64
1136.05
1136.49
1136.64
1136.64
1136.26
1135.24
1132.06
1129.12
1129.76
1132.35
1134.66
1135.82
1135.88
1135.62
1135.06
1134.39
1133.73
1132.66
1132.6
1135.93
1139.35
1137.54
1134.38
1131.38
1129.37
1127.16
1125.73
1125.53
1125.44
1126.4
1127.56
1129.16
1130.23
1131.56
1132.7
1133.5
1134.56
1137.82
1141.41
1142.12
1141.21
1140.02
1139.8
1140.26
1140.49
1140.64
1139.57
1139.59
1140.48
1142.68
1144.15
1143.55
1138.06
1134.65
1132.94
1130.61
1128.09
1126.25
1124.17
1123.51
1123.26
1123.44
1124.69
1126.65
1128.3
1130.29
1132.7
1135.61
1138.94
1142.63
1146.74
1148.25
1149.65
1151.3
1153.35
1155.35
1156.3
1156.76
1156.85
1156.47
1155.41
1151.64
1150.42
1149
1145.51
1141.31
1137.37
1135.21
1133.12
1132.44
1132.62
1133.38
1134.9
1136.98
1139.13
1141.57
1143.99
1146.28
1147.39
1148.02
1148.54
1149.41
1149.93
1150.51
1150.59
1150.63
1150.44
1150.3
1150.44
1150.86
1150.89
1149.81
1148.24
1146.67
1145.72
1145.42
1145.64
1146.12
1146.97
1147.46
1147.96
1148.27
1148.17
1147.4
1147.46
1147.12
1148.48
1149.28
1149.74
1146.9
1145.87
1144.37
1143.76
1144.78
1150.94
1158.81
1164.72
1166.72
1168.21
1172.09
1184.19
1198.08
1204.94
1204.74
1202.52
1200.14
1200.09
1199.69
1200.33
1200.31
1201.33
1200.31
1201.21
1199.1
1199.21
1197.6
1196.38
1193.18
1189.26
1183.57
1177.98
1175.57
1178.62
1182.72
1176.85
1151.24
1119.82
1091.8
1092.32
1117.34
1152.8
1197.76
1206.98
1216.16
1127.69
1147.72
1152.84
1150.03
1145.44
1143.02
1142.69
1143.96
1146.09
1148.97
1152.07
1154.46
1155.47
1153.38
1145.47
1135.08
1123.75
1115.37
1108.34
1104.25
1101.75
1100.16
1099.39
1099.78
1102.03
1106.23
1109.87
1109.98
1107.34
1105.52
1103.82
1102.85
1102.65
1102.59
1102.15
1101.75
1101
1100.02
1098.58
1096.35
1093.25
1089.8
1087.2
1086.61
1091.26
1102.5
1110.49
1112.42
1107.23
1094.8
1086.66
1086.29
1089.8
1091.35
1091.9
1102.19
1111.11
1117.05
1123.44
1125.72
1125.77
1125.29
1124.74
1124.43
1123.61
1123.13
1122.66
1122.21
1122.04
1121.89
1121.62
1121.57
1120.94
1120.12
1119.72
1119.49
1119.82
1120.38
1120.6
1120.64
1120.94
1121.5
1121.97
1122.19
1122.01
1121.54
1120.84
1120.23
1120.29
1120.76
1121.77
1122.89
1122.56
1120.89
1120.08
1120.72
1120.48
1120.3
1119.12
1117.97
1117.28
1116.7
1116.96
1117.6
1118.54
1119.51
1120.67
1121.77
1122.63
1122.64
1121.81
1120.72
1119.73
1119.02
1119.01
1119.48
1120.03
1119.85
1119.16
1118.05
1117.31
1116.9
1116.26
1115.38
1114.62
1114.09
1113.4
1113.4
1113.85
1114.44
1115.31
1116.54
1117.63
1118.12
1118.8
1119.02
1118.81
1117.74
1115.97
1114.14
1113.7
1114.17
1114.56
1115.89
1121.21
1128.2
1130.63
1130.76
1129.11
1127.22
1126.22
1126.36
1127.32
1127.73
1127.75
1127.25
1126.45
1125.89
1124.99
1122.69
1121.17
1121.76
1123.41
1124.81
1125.53
1125.89
1125.75
1125.84
1125.35
1124.93
1124.68
1124.28
1124.08
1124.08
1122.6
1120.2
1118.1
1114.43
1111.11
1108.73
1108.3
1108.85
1110.33
1112.97
1117.18
1121.05
1123.4
1123.89
1121.01
1113.66
1112.85
1111.67
1108.9
1106.62
1105.31
1103.99
1103.2
1102.13
1100.54
1098.75
1096.76
1095.05
1094.2
1094.57
1097.63
1107.06
1121.64
1133.75
1143.12
1147.24
1147.39
1143.93
1139.35
1138.33
1136.19
1131.95
1131.21
1131.82
1132.65
1133.12
1133.64
1133.93
1133.7
1134.67
1134.67
1135.13
1135.88
1136.23
1136.36
1136.09
1135.37
1133.83
1130.9
1129.31
1129.35
1130.88
1132.56
1133.81
1134.32
1134.29
1134.06
1133.43
1132.96
1132.34
1132.21
1133.52
1138.33
1140.16
1138.52
1135.98
1133.63
1131.52
1130.08
1128.98
1129.71
1129.65
1130.4
1131.16
1132.42
1133.54
1134.82
1136.32
1139.42
1142.74
1144.7
1144.51
1144.09
1142.52
1141.29
1140.46
1139.98
1139.85
1139.57
1140.49
1141.31
1142.64
1143.37
1143.89
1141.12
1136.53
1135.3
1134.12
1132.45
1130.52
1129.1
1128.01
1127.67
1128.67
1129.11
1130.45
1132.12
1134.05
1136.36
1138.59
1140.49
1142.57
1143.67
1144.16
1145.26
1146.62
1148.44
1150.33
1151.71
1152.69
1153.22
1153.64
1153.96
1152.11
1150.33
1150.57
1149.16
1145.87
1143.1
1140.43
1138.28
1137.63
1137.03
1137.8
1139.03
1140.49
1142.56
1144.28
1146.09
1147.27
1147.71
1148.15
1148.43
1148.71
1149.13
1149.24
1149.36
1149.38
1149.7
1149.9
1150.23
1150.78
1150.39
1148.12
1145.83
1144.68
1144.15
1143.9
1143.84
1144.14
1144.24
1144.6
1144.78
1144.81
1145.37
1145.46
1146.42
1146.96
1149.1
1148.88
1145.75
1142.38
1142.45
1142.41
1142.36
1142.95
1144.57
1147.33
1151.73
1156.58
1163.27
1172.67
1185.93
1200.87
1203.47
1199.86
1195.02
1191.64
1191.71
1193.31
1195.35
1195.54
1196.48
1195.48
1195.86
1194.13
1193.19
1190.46
1187.75
1183.44
1178.86
1174.82
1172.87
1176.1
1181.14
1177.71
1154.07
1125.81
1113.05
1114.33
1128.11
1152.27
1181.62
1202.02
1203.08
1211.02
1125.78
1144.88
1153.61
1153.84
1152.53
1151.53
1151.1
1151.26
1152
1153.08
1154.25
1155.03
1155.25
1152.8
1144.39
1132.98
1126
1121.15
1117.35
1113.48
1110.23
1107.67
1106.47
1105.95
1106.5
1107.79
1109.39
1111.11
1109.43
1106.17
1104.41
1102.4
1100.95
1100.3
1099.44
1099.14
1097.84
1096.98
1095.48
1093.79
1091.56
1089.7
1087.98
1087.6
1088.05
1089.36
1092.06
1093.88
1093.26
1090.7
1090.34
1092.03
1093.51
1093.83
1093.03
1100.13
1108.58
1110.7
1115.13
1124.61
1126.18
1125.88
1125.43
1125.42
1124.9
1124.27
1124.36
1123.99
1123.87
1124.05
1124.09
1124.47
1124.64
1124.08
1122.96
1121.48
1120.53
1120.57
1120.86
1121.16
1121.88
1122.15
1122.19
1122.01
1121.72
1121.55
1121.4
1121.47
1121.8
1122.47
1122.96
1123.26
1122.96
1122.47
1119.53
1120.01
1120.39
1120.78
1120.3
1120.6
1120.15
1120.45
1120.5
1120.79
1121.21
1121.67
1121.99
1122.13
1122.04
1121.8
1121.26
1120.93
1120.76
1120.39
1120.33
1120.25
1120.28
1120.07
1119.19
1118.4
1117.33
1117.22
1117.24
1116.67
1116.17
1115.88
1115.92
1115.88
1115.9
1116.66
1116.96
1117.73
1117.51
1117.83
1117.8
1117.49
1117.31
1116.23
1115
1114.08
1113.69
1113.87
1114.33
1115.75
1120.93
1128.17
1130.44
1129.23
1126.93
1126.2
1126.32
1126.42
1126.95
1126.96
1126.8
1126.48
1125.89
1125.78
1125.74
1124.35
1121.3
1120.47
1120.81
1121.45
1121.96
1122.45
1122.93
1123.05
1123.28
1123.58
1123.57
1123.33
1122.93
1121.97
1120.84
1119.89
1120.31
1118.83
1116.66
1113.94
1112.73
1112.77
1114.15
1116.47
1119.17
1121.61
1123.01
1123.59
1122.55
1116.29
1113.11
1114.49
1113.15
1111.3
1109.56
1108.52
1107.11
1106.35
1105.63
1105.2
1105.55
1105.08
1105.84
1108.37
1112.95
1119.76
1125.75
1129.56
1132.05
1132.32
1133.05
1132.7
1133.42
1135.53
1138.13
1133.52
1130.7
1130.73
1130.87
1131.01
1130.89
1130.8
1131.5
1131.38
1132.33
1132.49
1133.45
1133.52
1133.67
1133.38
1132.6
1131.44
1130.19
1129.49
1129.45
1129.83
1130.5
1131.06
1131.34
1131.54
1131.65
1131.62
1131.7
1131.69
1131.71
1132.51
1135.8
1139.94
1140.45
1139.99
1138.94
1137.75
1136.96
1136.72
1136.38
1136.71
1137.34
1138.23
1139.04
1140.12
1141.37
1142.43
1143.78
1144.26
1144.35
1143.17
1142.86
1141.98
1141.8
1141.55
1141.08
1141.38
1140.96
1141.89
1141.65
1142.19
1142.52
1143.5
1142.32
1138.21
1136.25
1135.99
1135.5
1134.75
1134.02
1133.56
1133.93
1133.55
1134.75
1135.43
1136.45
1138.11
1138.95
1140.02
1140.72
1140.89
1141.1
1141.27
1141.71
1142.49
1143.71
1144.83
1146.18
1147.78
1149.37
1151.13
1152.57
1151.85
1149.85
1150.33
1150.82
1149.13
1148.25
1146.08
1145.86
1144.18
1144.69
1144.75
1145.32
1146.3
1147.11
1147.93
1148.49
1148.85
1148.93
1149.09
1149.17
1149.24
1149.2
1149.43
1149.34
1149.49
1149.67
1150.15
1150.55
1150.97
1149.51
1144.69
1143.33
1143.66
1143.63
1143.9
1144.04
1144.03
1144.45
1144.3
1144.98
1144.99
1145.89
1146.1
1147.63
1148.6
1149.86
1145.56
1140.18
1139.18
1140.92
1141.57
1142.69
1144.02
1145.97
1147.58
1149.16
1150.52
1153
1159.87
1180.4
1200.46
1200.52
1194.45
1188.97
1184.67
1183.42
1183.27
1184.66
1184.46
1185.08
1183.33
1183.51
1180.6
1179.9
1176.36
1175.29
1172.4
1171.58
1170.15
1173
1180.13
1177.26
1160.89
1153.54
1151.61
1153.27
1162.04
1173.71
1187.12
1197.85
1201.66
1201.69
1208.01
)
;

boundaryField
{
    wand
    {
        type            zeroGradient;
    }
    frontAndBack
    {
        type            empty;
    }
}


// ************************************************************************* //
