/*--------------------------------*- C++ -*----------------------------------*\
| =========                 |                                                 |
| \\      /  F ield         | OpenFOAM: The Open Source CFD Toolbox           |
|  \\    /   O peration     | Version:  2.1.1                                 |
|   \\  /    A nd           | Web:      www.OpenFOAM.org                      |
|    \\/     M anipulation  |                                                 |
\*---------------------------------------------------------------------------*/
FoamFile
{
    version     2.0;
    format      ascii;
    class       volScalarField;
    location    "0.007550000";
    object      sL;
}
// * * * * * * * * * * * * * * * * * * * * * * * * * * * * * * * * * * * * * //

dimensions      [0 1 -1 0 0 0 0];

internalField   nonuniform List<scalar> 
12384
(
7.79723
7.50536
7.18042
6.8949
6.67532
6.5906
6.61174
6.72193
6.89706
7.15894
7.51169
7.96036
8.3621
9.08582
3.09005
3.40041
3.3701
3.35362
3.56931
3.93554
4.17526
4.27874
4.26768
4.21454
4.14908
4.09175
4.02594
3.96579
3.90258
3.84998
3.81751
3.78169
3.77121
3.76102
3.79327
3.78902
3.80478
3.84869
3.83314
3.80596
3.6655
3.44825
3.24769
2.65162
3.19014
3.20243
3.22142
3.22653
3.20588
3.21767
3.1918
3.21824
3.21542
3.22586
3.21992
3.2256
3.22825
3.2329
3.22755
3.21873
3.20536
3.19338
3.18297
3.18498
3.18992
3.22589
3.23548
3.27488
3.29872
3.33492
3.35276
3.31749
3.26379
3.25336
3.28942
3.35608
3.27777
3.20168
3.17561
3.13624
3.10272
3.11495
3.12501
3.1348
3.14269
3.14497
3.1403
3.13381
3.12662
3.12917
3.12996
3.10227
3.09239
3.09739
3.06346
3.05298
3.0655
3.07046
3.08588
3.10037
3.12131
3.12369
3.09943
3.00412
3.61699
3.52638
3.50982
3.537
3.56919
3.59038
3.61704
3.61826
3.62264
3.63635
3.5396
3.48769
3.53462
3.44693
3.41848
3.44354
3.45763
3.49817
3.52493
3.55349
3.54095
3.40844
3.03671
2.97663
3.01133
3.02733
3.03116
3.018
3.00478
2.96892
3.14562
3.15438
3.18059
3.23003
3.27348
3.27895
3.26386
3.28149
3.24992
3.23545
3.21585
3.21537
3.205
3.19254
3.17388
3.15596
3.12179
3.11694
3.0728
3.06428
3.03116
3.08234
3.0458
3.08238
3.15038
3.15038
3.17697
3.23109
3.34757
3.42521
1.80225
1.90973
1.97021
2.09419
2.16554
2.22201
2.30918
2.3231
2.35069
2.3795
2.38961
2.37406
2.34491
2.30263
2.26428
2.20907
2.13681
2.12421
2.10172
2.07927
2.07916
2.10336
2.12217
2.121
2.10735
1.99822
1.46418
1.41735
1.45926
1.49908
2.74003
3.06779
3.21014
3.34067
3.40827
3.43656
3.42904
3.4135
3.36003
3.34697
3.24584
3.26697
3.19522
3.19779
3.28906
3.33055
3.46137
3.55291
3.63005
3.61994
3.34192
3.10034
3.09399
3.11289
3.1272
3.14034
3.15507
3.16006
3.15383
3.13735
2.85569
2.92424
2.9742
2.99825
2.99718
2.97314
2.9217
2.86087
2.80512
2.7949
2.71426
2.7268
2.7648
2.78809
2.85244
2.94095
3.00602
3.02308
2.92938
2.91814
2.92993
2.92113
2.92138
2.93695
2.95392
2.97144
2.99665
2.98244
2.88138
2.77066
2.89202
2.86011
2.86499
2.87924
2.90759
2.90819
2.90293
2.77228
2.7476
2.51624
2.51489
2.28799
2.30689
2.18389
2.21603
2.20182
2.21211
2.21079
2.25031
2.28286
2.24973
2.21468
2.21703
2.19993
2.21231
2.19525
2.21069
2.21906
2.2427
2.23832
2.06121
2.07999
2.13015
2.15621
2.17835
2.17255
2.1432
2.10788
2.0466
2.03012
1.99847
2.04617
2.01239
2.10133
2.08276
2.1829
2.07639
2.08732
2.00979
2.07582
2.01051
2.11056
2.07026
2.19045
2.17668
2.2664
2.29883
2.3483
2.43183
2.61015
1.43764
1.43184
1.50628
1.80998
1.68152
1.62302
1.52873
1.53212
1.46545
1.45169
1.4539
1.45494
1.45596
1.45853
1.46021
1.46221
1.46494
1.46502
1.47958
1.48048
1.48393
1.47893
1.47855
1.47085
1.45878
1.46332
1.45666
1.46886
1.51983
1.44879
1.76821
1.74596
1.7147
1.72112
1.76816
1.80247
2.03959
3.00269
3.33724
3.33331
3.31788
3.28848
3.29258
3.24768
3.29708
3.25677
3.30669
3.27161
3.31077
3.29178
3.35748
3.36782
3.45582
3.49013
3.52938
3.54129
3.5551
3.54665
3.39024
3.16966
7.04172
6.55128
5.97746
5.67293
5.60642
5.63343
5.72578
5.80401
5.91938
6.09694
6.47279
7.16843
8.03384
9.00032
3.17184
3.41568
3.35471
3.5002
4.02293
4.61472
4.88618
4.80217
4.54855
4.33603
4.16987
4.04613
3.93595
3.80978
3.69983
3.61644
3.58576
3.58921
3.60647
3.63276
3.65822
3.70984
3.78198
3.79374
3.84776
3.85877
3.77533
3.58984
3.39609
3.04729
3.1992
3.20322
3.20577
3.19678
3.18654
3.20662
3.26563
3.34184
3.41179
3.44731
3.44311
3.41209
3.36672
3.31152
3.2592
3.20893
3.17031
3.14609
3.13272
3.134
3.14648
3.16895
3.19172
3.22944
3.26137
3.30128
3.33153
3.35773
3.32472
3.27667
3.32409
3.3251
3.22946
3.17058
3.14859
3.13124
3.13408
3.13269
3.14073
3.16108
3.18076
3.19092
3.19116
3.17843
3.17791
3.1648
3.13429
3.12492
3.09786
3.04099
3.0248
3.02249
3.01188
3.0207
3.03691
3.06768
3.09297
3.11967
3.12697
3.08588
3.61862
3.50854
3.503
3.52039
3.55214
3.5723
3.58662
3.6144
3.62323
3.55738
3.53651
3.55526
3.44411
3.42167
3.44875
3.44146
3.44908
3.46667
3.49687
3.52034
3.54742
3.51889
3.2642
3.01819
3.02307
3.05448
3.0227
3.01086
3.05202
3.08435
3.15488
3.17168
3.23966
3.33004
3.41534
3.43582
3.38918
3.29254
3.20164
3.12507
3.07778
3.05519
3.06866
3.06888
3.07051
3.0794
3.0977
3.09926
3.09347
3.10524
3.11117
3.10157
3.13925
3.16824
3.1788
3.17135
3.19271
3.223
3.30435
3.40807
1.82072
1.97683
2.15751
2.3517
2.43229
2.45838
2.41652
2.40267
2.43773
2.40122
2.34265
2.28026
2.21892
2.18173
2.13057
2.08459
2.08787
2.04855
2.0126
2.01919
2.0343
2.04735
2.07356
2.08413
2.08311
2.05798
1.77653
1.48791
1.47449
1.5626
2.65525
3.05289
3.29258
3.42219
3.41143
3.35927
3.3061
3.24899
3.19947
3.1306
3.11085
3.0557
3.05439
3.05321
3.12097
3.17106
3.26529
3.35933
3.47231
3.56287
3.52849
3.30223
3.10083
3.06559
3.0831
3.09716
3.13562
3.17564
3.21214
3.20939
2.82287
2.89577
2.99715
2.99492
2.95157
2.88399
2.7957
2.72553
2.64956
2.57349
2.57241
2.53296
2.5546
2.62462
2.68652
2.76185
2.86884
2.96984
3.00298
2.92561
2.88898
2.86747
2.85095
2.85428
2.84897
2.87887
2.92427
3.04597
3.0247
2.82273
2.87652
2.85087
2.88483
2.97437
3.04677
3.00293
2.91063
2.73927
2.61122
2.39113
2.32526
2.14061
2.12963
2.05564
2.05338
2.08886
2.1048
2.13938
2.18485
2.26698
2.28676
2.2162
2.23327
2.19396
2.1859
2.16383
2.18318
2.19689
2.24496
2.24389
2.02351
2.043
2.08158
2.09549
2.09416
2.05637
1.99138
1.90641
1.85703
1.85473
1.85878
1.89766
1.92423
2.01503
2.03474
2.15958
2.15141
2.22112
2.04642
2.0221
1.88238
1.97763
1.93668
2.06668
2.0994
2.1882
2.23449
2.30558
2.40572
2.60423
1.4516
1.60529
1.78213
1.76922
1.67348
1.62964
1.58834
1.56186
1.59098
1.53736
1.51881
1.52312
1.49371
1.48619
1.4757
1.4844
1.49022
1.50086
1.50383
1.49456
1.47842
1.46122
1.45573
1.45453
1.45494
1.45513
1.45369
1.46491
1.50886
1.4738
1.96891
1.76968
1.61375
1.65028
1.74844
1.97749
2.72069
3.30474
3.3874
3.3888
3.39614
3.40834
3.4112
3.44845
3.42986
3.42446
3.39862
3.3395
3.28057
3.1821
3.15891
3.18619
3.27587
3.39834
3.4875
3.53402
3.55327
3.54846
3.37088
3.16011
6.30735
5.61764
5.33617
5.37742
5.56714
5.80072
6.04264
6.25671
6.29133
6.23137
6.17677
6.49741
7.48434
8.85539
3.19363
3.40454
3.34339
3.60036
4.37777
5.10239
5.26797
5.0425
4.77652
4.55309
4.3112
4.0669
3.89274
3.70917
3.56716
3.52228
3.53893
3.56922
3.62057
3.68222
3.73968
3.77451
3.86094
3.86512
3.90244
3.92081
3.86164
3.71232
3.51106
3.23808
3.18582
3.18465
3.18389
3.17586
3.22104
3.33666
3.46532
3.60072
3.69839
3.75392
3.72391
3.63932
3.50531
3.36594
3.2532
3.1863
3.14949
3.14983
3.14852
3.15
3.15475
3.17709
3.18426
3.22008
3.23053
3.25888
3.31301
3.35647
3.33972
3.31385
3.30304
3.26739
3.18267
3.17452
3.17083
3.16614
3.16311
3.15077
3.15081
3.16473
3.19659
3.22309
3.24206
3.23499
3.20995
3.1647
3.13515
3.09501
3.01886
2.99509
2.98991
2.96509
2.95159
2.96332
2.9909
3.01158
3.05147
3.08666
3.11736
3.11717
3.61496
3.49195
3.47913
3.51483
3.49163
3.4964
3.54959
3.6004
3.57959
3.55422
3.59315
3.51554
3.43709
3.49852
3.45882
3.45898
3.45387
3.45086
3.45627
3.48015
3.49789
3.5183
3.42275
3.16178
3.02488
2.98396
2.93623
2.92224
2.9619
3.02728
3.13854
3.17689
3.30925
3.46433
3.55871
3.54461
3.42104
3.25865
3.11652
3.01906
2.97287
2.96107
2.97682
3.00935
3.07579
3.15851
3.2254
3.26345
3.34001
3.36136
3.36571
3.34343
3.29596
3.3088
3.27293
3.23978
3.22367
3.21835
3.26783
3.38122
1.82764
2.06681
2.35042
2.52948
2.5141
2.43868
2.36984
2.33675
2.35685
2.28729
2.18224
2.113
2.09668
2.07549
2.06371
2.09855
2.09016
2.04157
2.04612
2.04309
2.06001
2.06326
2.05861
2.06194
2.05512
2.05409
1.95583
1.66055
1.48699
1.54034
2.60886
3.03199
3.42303
3.38463
3.30109
3.2432
3.20429
3.16534
3.14186
3.11229
3.09603
3.04456
3.03458
3.04601
3.07486
3.11524
3.15863
3.23816
3.31844
3.41831
3.49435
3.44895
3.24854
3.07503
3.00575
3.01279
3.06028
3.11711
3.19298
3.24069
2.83133
2.96621
3.01249
2.9561
2.8665
2.77051
2.67924
2.59582
2.52159
2.47623
2.4358
2.43597
2.42802
2.4625
2.54507
2.61148
2.70393
2.81366
2.92214
2.95802
2.88281
2.82351
2.8155
2.81397
2.83082
2.79926
2.81125
2.90963
3.06987
2.94632
2.84197
2.84664
2.95976
3.11738
3.11708
2.95268
2.7747
2.52406
2.4207
2.1482
2.1256
1.93311
1.95507
1.85906
1.90414
1.91774
1.97655
2.02631
2.09094
2.17872
2.28209
2.22938
2.22177
2.22774
2.19595
2.13367
2.16276
2.21083
2.27
2.29554
1.99417
1.96812
2.06257
2.07256
1.9977
1.88657
1.75916
1.67699
1.65227
1.61756
1.60637
1.69423
1.7444
1.8596
1.91939
2.04916
2.11224
2.27899
2.15829
2.09609
1.87193
1.94773
1.94632
2.07592
2.16375
2.27793
2.32713
2.32772
2.40987
2.60298
1.62005
1.81078
1.83635
1.78366
1.69025
1.72384
1.74318
1.73887
1.78024
1.79355
1.74376
1.71593
1.65553
1.58774
1.53393
1.49269
1.48013
1.47449
1.47813
1.46593
1.45183
1.44223
1.42834
1.4213
1.42453
1.4377
1.4493
1.44748
1.48824
1.47411
2.18457
1.77808
1.57198
1.70626
2.01203
2.57541
3.21803
3.42899
3.4543
3.49649
3.55075
3.60981
3.66458
3.65606
3.70301
3.67825
3.63438
3.59568
3.42491
3.28632
3.05364
2.97158
3.00857
3.10631
3.22036
3.39735
3.47358
3.46561
3.21578
3.12176
5.43871
5.22282
5.36883
5.67085
5.89762
6.05345
6.21282
6.50812
6.97277
6.96351
6.58715
6.36519
6.98016
8.6307
3.24881
3.42759
3.35289
3.62803
4.50582
5.30437
5.60076
5.54284
5.3839
5.16347
4.76133
4.23378
3.87748
3.64318
3.50239
3.50945
3.56474
3.64531
3.73989
3.83016
3.92
3.95634
4.01901
4.02273
4.02278
4.00975
3.9583
3.81676
3.59461
3.32768
3.16506
3.16754
3.16265
3.1784
3.26676
3.4058
3.52197
3.62647
3.73302
3.79423
3.78026
3.65731
3.44411
3.27824
3.19047
3.16816
3.17785
3.18365
3.18265
3.17962
3.18656
3.19699
3.20755
3.23168
3.22291
3.2726
3.30306
3.33075
3.3713
3.32726
3.26542
3.20829
3.16051
3.17467
3.18465
3.17102
3.1212
3.10972
3.12875
3.14773
3.17713
3.23177
3.26574
3.22359
3.16045
3.12831
3.07435
2.97855
2.94319
2.93478
2.90139
2.87234
2.89695
2.91118
2.92462
2.96971
3.00716
3.05066
3.09966
3.12464
3.62263
3.48848
3.47624
3.47009
3.41324
3.47529
3.56378
3.58611
3.6006
3.62749
3.62771
3.53082
3.61819
3.52669
3.47491
3.48334
3.50348
3.49705
3.46484
3.44354
3.45902
3.4855
3.4778
3.30454
3.10804
2.99632
2.92896
2.89698
2.91817
2.99169
3.11747
3.17655
3.34892
3.55661
3.66697
3.66832
3.50982
3.30434
3.11531
3.00214
2.95117
2.95495
2.98521
3.07825
3.23029
3.35954
3.48529
3.6179
3.70776
3.73102
3.71557
3.70648
3.63371
3.52732
3.43599
3.36285
3.28665
3.23676
3.25079
3.35201
1.84653
2.14423
2.48835
2.64778
2.5755
2.42646
2.35148
2.33383
2.3104
2.18817
2.07298
2.03097
2.0258
2.05747
2.1405
2.17961
2.16311
2.20416
2.21731
2.18814
2.15628
2.13923
2.10728
2.07019
2.04928
2.03871
2.00557
1.81962
1.53694
1.52387
2.63427
3.28378
3.41589
3.29688
3.22626
3.19185
3.17559
3.15628
3.15664
3.13864
3.09373
3.10716
3.10679
3.12716
3.12014
3.15322
3.17033
3.17728
3.22957
3.3046
3.40119
3.45508
3.36581
3.18224
3.00963
2.96689
3.02757
3.08128
3.1474
3.22536
2.92932
3.05759
3.01357
2.90046
2.78672
2.68166
2.57925
2.52345
2.43664
2.3946
2.35529
2.39179
2.39914
2.38025
2.41721
2.50112
2.58385
2.68379
2.80996
2.91338
2.89583
2.8399
2.80206
2.84192
2.83433
2.81454
2.78117
2.83651
3.01278
2.98098
2.83001
2.87856
3.1336
3.2405
3.06041
2.77951
2.56037
2.32582
2.20603
2.03796
1.98239
1.83999
1.79614
1.79135
1.75252
1.80497
1.84259
1.91
1.99092
2.10351
2.22128
2.29532
2.26095
2.22368
2.21102
2.15993
2.14188
2.17826
2.25286
2.28856
1.94236
2.02804
2.11775
2.02769
1.86936
1.70573
1.59279
1.53468
1.45051
1.4044
1.43254
1.43821
1.55747
1.69373
1.78193
1.9421
2.01629
2.23591
2.22131
2.12314
1.89702
1.91782
1.96531
2.08475
2.18675
2.33624
2.40691
2.39278
2.4415
2.61524
1.75962
1.93136
1.87868
1.79901
1.84164
1.8612
1.995
2.04122
2.10849
2.12745
2.12333
2.05241
1.95506
1.83181
1.69739
1.57345
1.49108
1.46398
1.46765
1.46141
1.44717
1.42833
1.40767
1.38764
1.38515
1.40565
1.4319
1.44601
1.46935
1.4682
2.32532
1.77791
1.60499
1.95533
2.46803
3.06129
3.42668
3.49937
3.55282
3.63764
3.72313
3.7824
3.82734
3.89033
3.86425
3.90022
3.83094
3.84246
3.6908
3.53186
3.22741
2.90701
2.81052
2.8725
2.90592
3.02583
3.14559
3.15349
3.01799
3.12305
5.03944
5.2851
5.62852
5.72255
5.65404
5.52859
5.47928
5.67522
6.3169
7.16733
7.1086
6.62135
6.83185
8.44873
3.24115
3.41483
3.30328
3.49685
4.29913
5.19
5.66254
5.80472
5.77554
5.55192
5.12306
4.38634
3.86508
3.58227
3.4861
3.53081
3.64293
3.80013
3.97174
4.12814
4.23599
4.26404
4.26449
4.23722
4.18877
4.13489
4.05915
3.90962
3.66039
3.36983
3.14322
3.15308
3.16292
3.18263
3.25191
3.35637
3.43993
3.5096
3.63526
3.74764
3.72938
3.53969
3.29671
3.17855
3.17744
3.20374
3.21223
3.22054
3.22805
3.2329
3.22752
3.23407
3.24003
3.24934
3.25828
3.2854
3.28649
3.34941
3.37329
3.33633
3.21539
3.16275
3.12676
3.15302
3.16404
3.11983
3.08345
3.07239
3.07369
3.08892
3.1616
3.27001
3.25692
3.16033
3.1251
3.06205
2.95498
2.9087
2.88308
2.79324
2.74135
2.75529
2.7803
2.82761
2.86473
2.91749
2.96712
3.01863
3.07612
3.12277
3.6314
3.49362
3.46022
3.37072
3.38336
3.51735
3.59313
3.62281
3.64528
3.69025
3.6927
3.69462
3.70697
3.6649
3.66454
3.61726
3.54801
3.52994
3.51288
3.46127
3.43703
3.45482
3.46596
3.39446
3.21639
3.0852
3.02016
2.88414
2.91562
3.00221
3.09783
3.15265
3.33823
3.58119
3.70388
3.71089
3.56534
3.31083
3.09363
2.98063
2.93758
2.95834
3.04486
3.20083
3.43008
3.56512
3.80509
3.9412
4.03527
4.08649
4.09302
4.02748
3.96846
3.83244
3.65194
3.51045
3.37086
3.26839
3.2362
3.32178
1.84395
2.19292
2.56014
2.74634
2.69845
2.50457
2.3252
2.34195
2.29989
2.09662
1.98518
1.9653
2.00525
2.11656
2.20328
2.24736
2.35101
2.43369
2.44941
2.43447
2.35255
2.25843
2.19516
2.11137
2.05993
2.02987
2.0228
1.89726
1.58122
1.52903
2.82032
3.47829
3.33194
3.24253
3.20492
3.17488
3.16777
3.16594
3.15999
3.16468
3.13718
3.17401
3.11641
3.09063
3.11415
3.15447
3.17044
3.19817
3.19696
3.23088
3.30418
3.39174
3.4082
3.28988
3.07618
2.95496
3.00405
3.0709
3.11947
3.21619
3.11651
3.09207
2.98976
2.84403
2.71115
2.6008
2.52944
2.46482
2.37787
2.34034
2.32974
2.26809
2.30105
2.3651
2.39246
2.42935
2.50064
2.57572
2.701
2.83944
2.91571
2.8654
2.8406
2.85142
2.87344
2.8261
2.78406
2.77168
2.98779
3.08116
2.83781
2.98826
3.35949
3.22069
2.88416
2.59587
2.39821
2.22743
2.12825
1.94726
1.90751
1.74179
1.7659
1.67955
1.71677
1.71292
1.78151
1.83667
1.92133
2.02256
2.18063
2.27783
2.30201
2.26909
2.19489
2.19954
2.205
2.20093
2.29513
2.36175
1.99169
2.19049
2.13121
1.91307
1.71412
1.5629
1.45657
1.36462
1.30289
1.32031
1.29317
1.37066
1.40772
1.55647
1.60461
1.8528
1.91629
2.15539
2.22602
2.10609
1.88353
1.9462
1.92242
2.0399
2.13294
2.2929
2.43507
2.49798
2.53502
2.60394
1.80766
1.96145
1.92751
1.90897
1.97988
2.14677
2.22723
2.41339
2.51184
2.49585
2.52382
2.45494
2.33573
2.15264
1.9676
1.74241
1.58482
1.46459
1.46249
1.46251
1.44796
1.42782
1.40406
1.37045
1.36288
1.38202
1.41543
1.43822
1.45654
1.45799
2.44348
1.89259
1.64271
2.25673
2.84152
3.31456
3.52349
3.56972
3.65992
3.76935
3.86773
3.93326
3.94806
3.97505
4.04753
4.0173
3.97872
3.96108
3.8837
3.76914
3.52622
3.13377
2.74113
2.80988
2.91141
2.97651
2.96664
2.98479
2.99864
3.20493
5.22479
5.55968
5.57992
5.46697
5.38153
5.31619
5.13589
5.09455
5.43911
6.61463
7.4026
6.91456
6.82683
8.30042
3.25687
3.4639
3.30941
3.37595
3.94305
4.78756
5.36233
5.58733
5.58634
5.40223
5.14111
4.44132
3.80999
3.51563
3.50219
3.60286
3.77529
4.04844
4.35859
4.61498
4.75391
4.73787
4.65235
4.5119
4.39371
4.28233
4.16411
3.98348
3.70296
3.38798
3.13188
3.13704
3.15334
3.18272
3.22206
3.27728
3.34106
3.42876
3.58938
3.69845
3.63506
3.35984
3.18579
3.17338
3.21967
3.23033
3.23959
3.25322
3.26614
3.27397
3.29552
3.27469
3.29221
3.28858
3.28811
3.27302
3.31892
3.35249
3.36831
3.35447
3.16971
3.10676
3.07409
3.12485
3.1316
3.08625
3.04185
3.04352
3.08456
3.071
3.14159
3.26736
3.20756
3.12209
3.06128
2.94886
2.89727
2.85375
2.74318
2.6881
2.69106
2.68741
2.69107
2.7618
2.7943
2.86609
2.93321
2.98969
3.05342
3.12117
3.64642
3.49919
3.41238
3.30027
3.42958
3.57992
3.63034
3.6399
3.72001
3.77853
3.75913
3.79657
3.84195
3.91176
3.89263
3.80067
3.69821
3.592
3.52472
3.49968
3.43321
3.42569
3.44854
3.43335
3.30175
3.16809
3.09234
2.92015
2.95013
3.03537
3.08026
3.1113
3.27149
3.51791
3.65095
3.6532
3.48394
3.21365
3.04749
2.97333
2.95029
2.99349
3.1408
3.35616
3.60053
3.74915
4.02758
4.17948
4.27696
4.42946
4.49175
4.40511
4.23378
4.0846
3.88247
3.64829
3.46256
3.30117
3.21814
3.29358
1.85956
2.21628
2.61864
2.81731
2.83491
2.61902
2.3424
2.33989
2.28247
2.0464
1.91878
1.933
2.03758
2.12177
2.21032
2.38285
2.52436
2.59065
2.61278
2.60425
2.54908
2.40164
2.30708
2.17301
2.07775
2.02364
2.01542
1.92638
1.62968
1.5312
3.07467
3.456
3.29384
3.24088
3.20124
3.1619
3.16604
3.16162
3.16214
3.19028
3.17178
3.12663
3.09061
3.14626
3.16452
3.18748
3.20721
3.20669
3.17845
3.2112
3.24658
3.32918
3.38235
3.32172
3.14625
2.98517
3.0057
3.08609
3.12685
3.20422
3.19614
3.11633
2.93163
2.79501
2.67922
2.56304
2.49024
2.40202
2.3119
2.3327
2.27137
2.28786
2.25905
2.27339
2.2908
2.39522
2.429
2.54272
2.61964
2.78176
2.87891
2.91418
2.89378
2.90521
2.87928
2.84795
2.7726
2.79489
2.97553
3.0746
2.88092
3.30926
3.47123
3.0743
2.71702
2.49851
2.31403
2.17679
2.05506
1.8688
1.83826
1.7395
1.69701
1.70004
1.63772
1.6731
1.70673
1.80707
1.85367
1.99536
2.19144
2.30354
2.30161
2.35958
2.25227
2.22084
2.27005
2.28935
2.31392
2.35223
2.25016
2.29832
2.05757
1.79162
1.61838
1.45478
1.36657
1.36923
1.37045
1.36112
1.36721
1.35302
1.28873
1.44074
1.53708
1.6716
1.85955
2.06139
2.18582
2.09619
1.86943
1.94384
1.98088
1.98602
2.0669
2.18372
2.32822
2.46123
2.55951
2.60109
1.86485
2.03998
2.01922
2.037
2.18423
2.33962
2.5879
2.67825
2.85729
2.82835
2.88288
2.76866
2.65023
2.47973
2.25898
1.97773
1.72808
1.53064
1.45812
1.46252
1.449
1.43364
1.41264
1.37755
1.36044
1.37436
1.40676
1.43204
1.454
1.45048
2.54526
2.14121
1.65218
2.44378
3.07192
3.42756
3.5649
3.64522
3.76352
3.8663
3.94506
4.02761
4.15038
4.16182
4.14637
4.11417
4.14302
4.00283
3.95323
3.91021
3.73114
3.47976
2.82617
2.68614
2.9395
3.24747
3.17491
3.12444
3.15655
3.32506
5.5587
5.58954
5.42136
5.62748
6.12694
6.3688
5.95477
5.36363
5.23874
6.03898
7.30375
7.15273
6.90808
8.32946
3.25768
3.45944
3.30412
3.22573
3.49701
4.07564
4.56436
4.80653
4.81535
4.90867
4.96309
4.38872
3.77904
3.5168
3.52633
3.69558
3.98766
4.38865
4.86986
5.22025
5.42007
5.32974
5.11063
4.82399
4.61116
4.43732
4.25695
4.03591
3.71827
3.38813
3.09636
3.10117
3.14963
3.17262
3.19758
3.23836
3.30087
3.43187
3.56152
3.62726
3.49371
3.19723
3.17506
3.20807
3.25291
3.25791
3.2571
3.2917
3.2675
3.25692
3.2852
3.25341
3.34288
3.2859
3.29988
3.31035
3.32913
3.34646
3.38235
3.3518
3.11727
3.05961
3.0503
3.10227
3.07524
3.0017
2.94362
2.96526
3.04816
3.069
3.14377
3.26106
3.18144
3.07418
2.97528
2.91656
2.84721
2.72772
2.68354
2.72754
2.74399
2.75267
2.7178
2.76438
2.76531
2.8255
2.89733
2.97329
3.0438
3.11794
3.64687
3.47569
3.3506
3.31568
3.50807
3.62159
3.64827
3.68688
3.77483
3.79805
3.79803
3.88416
3.97648
3.92089
3.9139
3.90694
3.80642
3.69698
3.51522
3.49206
3.42677
3.44425
3.44043
3.4349
3.35898
3.26018
3.13953
2.92713
3.00493
3.06319
3.05933
3.06774
3.18862
3.34706
3.47075
3.4399
3.2648
3.09646
3.00864
2.96481
2.97145
3.0563
3.25648
3.49554
3.69567
3.84779
4.1635
4.29861
4.48424
4.67491
4.68445
4.65421
4.4998
4.25352
4.05722
3.78072
3.51766
3.33436
3.21743
3.25087
1.84558
2.19951
2.60308
2.85755
2.92219
2.69891
2.40497
2.37342
2.26911
2.00526
1.901
1.92494
1.9855
2.09073
2.26586
2.41835
2.56411
2.71411
2.71674
2.67968
2.63358
2.46168
2.36612
2.23803
2.09266
2.01935
1.99897
1.92663
1.6461
1.53229
3.30197
3.38406
3.32902
3.2702
3.20188
3.15823
3.15798
3.15268
3.17804
3.19534
3.12934
3.08983
3.03032
2.98666
3.03231
3.11821
3.17431
3.24952
3.17701
3.19256
3.20952
3.28452
3.34189
3.33662
3.19388
3.03918
3.03178
3.08996
3.13098
3.19301
3.2188
3.11149
2.9139
2.75773
2.66243
2.56355
2.46219
2.38772
2.33285
2.34766
2.30116
2.29635
2.30298
2.3185
2.30591
2.35694
2.4357
2.50429
2.60958
2.72493
2.84578
2.92231
2.90668
2.93923
2.91864
2.88064
2.83506
2.82155
2.98639
3.17101
3.01947
3.72437
3.46656
2.91773
2.63153
2.44089
2.31098
2.09072
2.00087
1.82947
1.84834
1.71461
1.75052
1.67395
1.66925
1.65685
1.71437
1.73607
1.86847
1.99442
2.13666
2.35965
2.3955
2.35613
2.2955
2.32651
2.34626
2.37096
2.42114
2.43783
2.48398
2.29251
1.93624
1.71395
1.53898
1.4082
1.37064
1.39629
1.29944
1.30182
1.28622
1.36754
1.30558
1.35883
1.43848
1.65283
1.73729
2.03885
2.11092
2.03171
1.90349
1.98466
2.07705
2.10888
2.10272
2.1648
2.207
2.27864
2.3511
2.43758
1.88384
2.10788
2.0781
2.17674
2.3501
2.55977
2.77248
3.02401
3.02592
3.10772
3.1241
3.04089
2.91587
2.7343
2.50493
2.19353
1.90927
1.63389
1.4563
1.46033
1.45576
1.44262
1.42665
1.40108
1.37714
1.3809
1.40515
1.42891
1.4514
1.44994
2.56064
2.46042
1.67057
2.42339
3.14607
3.48804
3.60021
3.69307
3.83007
3.89039
4.0152
4.1108
4.17742
4.26083
4.2753
4.25093
4.22208
4.12498
4.02078
3.92154
3.84656
3.71045
3.09956
2.5813
2.66318
3.21479
3.40975
3.3665
3.36297
3.34156
5.76187
5.49049
5.72111
6.94253
8.01519
8.27857
7.77229
6.57853
5.72305
6.18926
7.41523
7.2083
6.98326
8.45707
3.20488
3.48948
3.36727
3.23568
3.25895
3.51355
3.77106
3.87843
4.02161
4.39074
4.7299
4.30271
3.69574
3.48818
3.58034
3.80635
4.23132
4.78223
5.36387
5.79474
5.97193
5.85147
5.48905
5.07796
4.8148
4.55911
4.32322
4.05548
3.69776
3.38016
3.08475
3.07405
3.11961
3.16552
3.19459
3.21936
3.30377
3.45173
3.5119
3.52008
3.32365
3.11115
3.20831
3.23274
3.27815
3.26549
3.26888
3.26404
3.25868
3.25491
3.30287
3.26994
3.35852
3.27735
3.35485
3.31582
3.3203
3.35687
3.37821
3.35056
3.07181
3.05499
3.01817
3.00653
2.99751
2.95975
2.93582
2.96185
3.01894
3.02173
3.16758
3.294
3.13817
3.00848
2.96095
2.86357
2.75297
2.72979
2.75872
2.74024
2.69849
2.71987
2.67838
2.76625
2.76921
2.81225
2.87782
2.97615
3.04427
3.12339
3.67316
3.48012
3.31889
3.40951
3.568
3.64177
3.66642
3.71146
3.78154
3.79266
3.83696
3.9219
3.97757
3.9753
4.06109
3.96176
3.81427
3.77322
3.55865
3.48459
3.42428
3.44982
3.44592
3.42921
3.38717
3.30277
3.10912
2.99218
3.06848
3.09637
3.05587
3.05235
3.09818
3.18276
3.22911
3.18561
3.10151
3.03176
2.99388
2.97238
3.01585
3.13654
3.36556
3.56855
3.71576
3.87695
4.18084
4.3591
4.54095
4.75469
4.75935
4.69253
4.64207
4.35176
4.1391
3.85915
3.56952
3.33171
3.20063
3.2314
1.83414
2.16173
2.55535
2.84408
2.96464
2.73115
2.46301
2.42815
2.29791
1.99475
1.88429
1.86503
1.95519
2.07917
2.20979
2.37302
2.59502
2.72632
2.76747
2.72977
2.69625
2.49084
2.36559
2.25539
2.09849
2.00385
1.98153
1.90637
1.63167
1.52111
3.41339
3.42636
3.41888
3.32112
3.21506
3.15818
3.1447
3.15252
3.18126
3.16992
3.13855
3.10146
3.03804
3.03595
3.05257
3.11543
3.12167
3.24153
3.21676
3.17281
3.20366
3.24948
3.31236
3.32096
3.20224
3.05983
3.06817
3.14998
3.17537
3.20715
3.28035
3.11055
2.93243
2.79091
2.65008
2.55093
2.48846
2.39234
2.32789
2.34738
2.31545
2.30222
2.25891
2.35165
2.24459
2.41649
2.36683
2.54102
2.58449
2.70692
2.87885
2.91086
2.9885
2.9377
2.89922
2.93163
2.89008
2.83576
3.0748
3.23319
3.37119
4.02099
3.42803
2.86649
2.60599
2.41436
2.27025
2.07336
1.9625
1.81875
1.83103
1.72565
1.73577
1.69114
1.65908
1.67407
1.67118
1.78586
1.88363
1.98683
2.21623
2.38716
2.48095
2.39818
2.3008
2.43725
2.461
2.42647
2.44556
2.45617
2.52773
2.16684
1.83924
1.66763
1.52496
1.40774
1.37792
1.34824
1.30124
1.34992
1.35481
1.30248
1.3876
1.32784
1.42456
1.59011
1.72112
1.94698
2.09128
1.90344
1.97021
2.07866
2.17831
2.27669
2.29905
2.33097
2.36604
2.3438
2.27321
2.18708
1.84388
2.14643
2.19314
2.22969
2.46631
2.67851
2.94242
3.08945
3.28753
3.22923
3.2887
3.16073
3.06534
2.8918
2.6747
2.35254
2.06474
1.75592
1.51956
1.45476
1.46048
1.44797
1.4397
1.42447
1.40541
1.39867
1.41106
1.43154
1.47898
1.44894
2.3296
2.62845
2.26238
2.17052
3.01683
3.49107
3.6176
3.72026
3.84406
3.90153
4.10035
4.14541
4.24781
4.24376
4.31606
4.23138
4.29629
4.1306
4.11242
3.92747
3.84416
3.7906
3.40164
2.58578
2.35191
2.76983
3.27781
3.30255
3.17913
2.93957
5.79351
5.53996
6.76401
8.55372
9.04562
8.90891
8.61218
7.81183
6.70813
6.8035
7.59388
7.26058
7.04968
8.42385
7.10037
4.76906
3.32909
3.41703
3.40932
3.26434
3.15562
3.16796
3.23431
3.29929
3.48446
4.03487
4.5591
4.17717
3.68416
3.52487
3.64474
3.93018
4.4399
5.05027
5.69628
6.08762
6.24028
6.09174
5.63805
5.24994
4.92957
4.62663
4.33661
4.00876
3.64535
3.36735
3.10267
3.15299
3.11531
3.06588
3.10313
3.12675
3.14781
3.21601
3.35844
3.41306
3.3965
3.38308
3.16722
3.13073
3.23923
3.25215
3.28192
3.26635
3.28405
3.25134
3.28988
3.2732
3.30467
3.28114
3.34364
3.30117
3.36448
3.29653
3.32931
3.36495
3.37566
3.30288
3.17366
3.03528
3.08166
3.01362
2.94633
2.96896
2.97272
2.9392
2.92099
2.96353
3.02323
3.04512
3.18156
3.27
3.09845
3.01499
2.92307
2.80119
2.76197
2.73235
2.7366
2.71246
2.68894
2.73992
2.68617
2.77507
2.77362
2.8188
2.88933
2.97692
3.0531
3.15911
3.59259
3.64835
3.5622
3.33369
3.27103
3.43854
3.56883
3.63913
3.66329
3.7134
3.76619
3.76971
3.81643
3.88187
3.94211
3.94692
3.97065
3.94117
3.78267
3.71822
3.54762
3.48504
3.42393
3.45302
3.43754
3.44184
3.39318
3.27422
2.97466
3.07458
3.09398
3.09461
3.08443
3.06174
3.02877
3.01362
3.0366
3.06875
3.08077
3.06171
3.03594
3.01242
2.99199
2.99244
3.06831
3.21442
3.43617
3.56778
3.65865
3.84494
4.10695
4.27089
4.51308
4.65773
4.72612
4.66161
4.60292
4.37508
4.12383
3.85119
3.56772
3.31383
3.16397
3.21261
2.82014
2.17332
1.86868
2.11371
2.49373
2.79848
2.93085
2.73711
2.53317
2.47588
2.35701
2.0393
1.87464
1.85061
1.92697
2.01052
2.14481
2.29687
2.47518
2.61874
2.64602
2.65731
2.62964
2.45185
2.33604
2.21287
2.07639
1.97874
1.94719
1.87484
1.59705
1.5548
2.88796
3.48549
3.47306
3.54345
3.54232
3.39971
3.24046
3.16165
3.1371
3.15861
3.17167
3.17443
3.15314
3.10678
3.12622
3.07408
3.08923
3.14747
3.11376
3.23263
3.23371
3.17601
3.19161
3.25076
3.29723
3.31283
3.21365
3.09921
3.17714
3.23193
3.2803
3.34397
3.31296
3.30136
3.22487
3.07892
2.92423
2.8239
2.7004
2.5668
2.51726
2.44914
2.35454
2.30843
2.28944
2.28163
2.24424
2.30872
2.26982
2.39658
2.42431
2.54954
2.60132
2.77337
2.83549
2.95918
2.961
2.91447
2.97419
3.06099
2.94483
2.97557
3.20883
3.28172
3.31685
3.65308
4.05122
4.24953
3.50083
2.86223
2.62544
2.39819
2.24845
2.09809
1.92692
1.82504
1.82219
1.73342
1.79171
1.75368
1.74345
1.73358
1.74068
1.78431
1.91241
2.04748
2.26721
2.43774
2.48416
2.41096
2.37423
2.44245
2.48969
2.49262
2.51985
2.59947
2.78024
2.78679
2.57195
2.08212
1.82621
1.6747
1.51397
1.44324
1.3442
1.37681
1.31762
1.34796
1.34813
1.32634
1.30587
1.46221
1.35134
1.59769
1.7026
1.91675
1.99945
1.88297
1.94639
2.17871
2.23818
2.2991
2.38599
2.41678
2.43417
2.48135
2.43978
2.31412
2.02668
1.91063
1.83687
2.09157
2.24748
2.33236
2.45127
2.73009
2.92491
3.18092
3.26192
3.39741
3.28896
3.27659
3.15134
2.95734
2.73616
2.45206
2.15829
1.84384
1.58675
1.44856
1.461
1.45869
1.44728
1.44235
1.43137
1.42209
1.42473
1.4574
1.49187
1.46121
1.44987
1.54691
1.76501
2.33434
2.86887
2.53049
2.65815
3.26209
3.6158
3.71268
3.81549
3.9164
4.08102
4.10951
4.24862
4.28565
4.28557
4.24246
4.25743
4.19066
4.08919
3.98263
3.82816
3.77236
3.61335
2.68715
2.15574
2.23411
2.7765
2.80659
2.60181
2.63438
3.94312
4.12927
5.80382
5.85474
7.98343
9.22052
9.03448
8.54813
8.50644
8.27181
7.57334
7.50437
7.67496
7.18894
7.2239
8.27862
6.86687
4.56069
3.33542
3.39105
3.48333
3.3806
3.23032
3.14266
3.14035
3.18502
3.37727
3.91648
4.45622
4.07228
3.65092
3.53367
3.6909
4.02723
4.55768
5.18192
5.74061
6.06675
6.15451
5.99893
5.63591
5.28817
4.94834
4.60523
4.27896
3.9151
3.57314
3.32497
3.10489
3.20403
3.13899
3.06418
3.06467
3.09686
3.16368
3.30827
3.3344
3.26384
3.22932
3.24735
3.09215
3.1607
3.25212
3.25743
3.28252
3.27664
3.28844
3.2559
3.27799
3.27377
3.31644
3.30837
3.35039
3.31249
3.33435
3.30879
3.35616
3.36793
3.35825
3.21749
3.08634
3.01812
3.03151
3.01103
2.96543
2.91917
2.90673
2.88195
2.89182
2.96772
2.99212
3.02783
3.23395
3.26845
3.07402
2.9978
2.89921
2.81941
2.77
2.72134
2.77286
2.77797
2.77172
2.72576
2.70933
2.78177
2.80719
2.84194
2.92955
3.00765
3.10257
3.32467
3.71748
3.57217
3.37983
3.24284
3.28894
3.41031
3.54653
3.624
3.64257
3.68322
3.73144
3.72546
3.76159
3.79531
3.84927
3.83206
3.85374
3.79498
3.67517
3.62604
3.52387
3.49389
3.43602
3.45569
3.44979
3.45173
3.35485
3.14434
3.04289
3.1097
3.08799
3.05231
3.02192
3.00913
3.03081
3.00185
3.01899
3.03057
3.02981
3.02546
3.01339
3.00548
3.00193
3.0361
3.1275
3.26488
3.45762
3.52125
3.56563
3.71974
3.93349
4.10204
4.28867
4.46251
4.49341
4.50533
4.44659
4.2445
4.04646
3.79594
3.51486
3.30241
3.18289
3.19969
2.91989
2.25853
1.87369
2.0646
2.40347
2.6948
2.86671
2.73105
2.58797
2.54317
2.44367
2.12504
1.90081
1.84369
1.87455
1.94829
2.05782
2.16769
2.32656
2.47346
2.5054
2.48428
2.46387
2.3497
2.2716
2.12281
2.03357
1.96102
1.92085
1.82277
1.57711
1.57727
2.84542
3.59383
3.56859
3.72626
3.71692
3.53311
3.30863
3.18392
3.14443
3.14422
3.16321
3.20261
3.18615
3.07692
3.05863
3.07769
3.10404
3.11362
3.1218
3.23951
3.2407
3.1862
3.21122
3.24523
3.29521
3.28933
3.18054
3.10335
3.21332
3.24808
3.32539
3.36339
3.36076
3.33044
3.27738
3.14967
2.98661
2.85734
2.76173
2.6624
2.55459
2.47185
2.43288
2.45712
2.39614
2.32976
2.3624
2.39149
2.37825
2.42347
2.47851
2.57347
2.69758
2.7813
2.92355
2.97922
2.95579
2.99365
3.18315
3.12012
3.08441
3.12948
3.23528
3.26754
3.62649
4.18951
4.51766
4.45747
3.66542
2.92307
2.63257
2.42611
2.24905
2.13947
1.93488
1.85535
1.86461
1.70784
1.68671
1.7058
1.69975
1.67939
1.73462
1.8783
1.99474
2.15192
2.33904
2.5331
2.50229
2.35261
2.40438
2.46185
2.53864
2.7169
2.87666
2.96298
2.97437
2.86642
2.46296
1.97803
1.83701
1.68847
1.54677
1.45786
1.34967
1.32803
1.30626
1.28624
1.28994
1.30196
1.33732
1.34584
1.49948
1.53471
1.76084
1.90355
1.91244
1.85698
2.0052
2.14539
2.28686
2.28557
2.34542
2.39885
2.44795
2.46019
2.5195
2.48874
2.38906
2.22621
1.922
1.92119
2.08069
2.28311
2.44407
2.62957
2.86012
3.10825
3.15765
3.35787
3.29462
3.2431
3.17639
2.9587
2.73789
2.48465
2.17978
1.86569
1.6405
1.45269
1.45381
1.46557
1.46314
1.4537
1.44685
1.44061
1.4519
1.47236
1.5147
1.47436
1.45025
1.44721
1.7012
2.2755
2.87628
3.00361
2.70226
2.8927
3.35935
3.6562
3.80749
3.86867
4.00912
4.08321
4.1489
4.22492
4.25087
4.16566
4.20928
4.12887
4.07322
3.93232
3.80874
3.73215
3.6386
2.84453
1.9923
1.74852
1.91408
1.86651
1.68946
2.39742
3.8394
3.93564
5.82106
6.30755
8.69825
9.24998
8.40585
7.80901
7.92123
8.09648
7.93639
7.73927
7.52306
7.27319
7.65677
8.20323
6.94805
4.61505
3.32123
3.38558
3.51665
3.4647
3.32043
3.22369
3.18058
3.22608
3.42744
3.94261
4.35523
3.96639
3.66361
3.5851
3.73199
4.04896
4.50574
5.03661
5.55397
5.874
5.94107
5.77924
5.5134
5.16922
4.8144
4.47135
4.12331
3.76525
3.4722
3.25361
3.14938
3.26615
3.18178
3.10276
3.12939
3.20527
3.32878
3.26106
3.12184
3.03567
3.08902
3.13101
3.05804
3.1731
3.25504
3.26293
3.28116
3.28058
3.28962
3.30492
3.32001
3.32798
3.34305
3.31238
3.31303
3.3277
3.32056
3.33169
3.34908
3.36133
3.28448
3.11438
3.02617
3.00581
3.04716
3.0214
2.95537
2.93249
2.89691
2.89979
2.93572
2.98511
2.97716
3.0583
3.25515
3.2572
3.07075
3.00015
2.90983
2.83365
2.79321
2.72647
2.69464
2.71858
2.69711
2.7478
2.74187
2.82024
2.8221
2.88205
2.97491
3.06053
3.24019
3.503
3.61074
3.39277
3.28632
3.22972
3.27808
3.35008
3.49824
3.60441
3.61746
3.64551
3.68172
3.69594
3.69513
3.70189
3.69851
3.75067
3.67549
3.63073
3.61762
3.60241
3.48674
3.48764
3.45174
3.47168
3.4437
3.39347
3.20658
3.03945
3.07995
3.11691
3.10894
3.07653
3.00968
2.98365
2.99183
2.98844
2.98227
2.99893
2.99613
3.00211
3.00566
3.01944
3.04135
3.09961
3.16402
3.2939
3.43407
3.45674
3.44197
3.52005
3.70553
3.85311
3.9963
4.10952
4.20468
4.23089
4.19987
4.05166
3.87956
3.66378
3.43727
3.27321
3.18979
3.21233
2.94203
2.29114
1.90229
1.99852
2.26337
2.5761
2.77881
2.69838
2.6111
2.62475
2.55168
2.26864
1.96364
1.8438
1.84689
1.91066
1.97793
2.03561
2.10632
2.24703
2.33374
2.35783
2.32144
2.23466
2.13633
2.0496
1.97461
1.94771
1.89986
1.77663
1.56864
1.67143
2.95518
3.70693
3.7094
3.89303
3.88877
3.68812
3.41358
3.22654
3.17083
3.1474
3.14195
3.17675
3.2345
3.24373
3.1705
3.10431
3.12999
3.19442
3.21615
3.24056
3.21993
3.20459
3.233
3.25944
3.29615
3.26416
3.1514
3.16115
3.25415
3.27776
3.33659
3.40506
3.39679
3.38271
3.33096
3.23466
3.08316
2.95787
2.84982
2.73376
2.646
2.57758
2.45735
2.36932
2.40137
2.44501
2.3343
2.35053
2.37196
2.53772
2.52979
2.70009
2.73751
2.89713
2.94944
3.0284
2.93465
3.1892
3.262
3.25749
3.21673
3.21575
3.26754
3.36916
3.94153
4.40543
4.57258
4.59298
3.92727
3.00381
2.67864
2.47775
2.30627
2.16905
2.01708
1.8622
1.91416
1.84337
1.78925
1.7179
1.72103
1.78257
1.88366
1.96088
2.04549
2.23541
2.45891
2.5359
2.48684
2.34156
2.3498
2.47367
2.64292
2.87766
3.06813
3.06739
2.94861
2.8131
2.44537
1.99939
1.8744
1.7511
1.58165
1.52098
1.37353
1.37618
1.31166
1.32719
1.35938
1.29999
1.37406
1.35183
1.47466
1.65206
1.76061
1.95893
1.82322
1.89
2.01716
2.15532
2.21907
2.29756
2.29051
2.38335
2.39322
2.4582
2.49941
2.50663
2.49308
2.42588
2.21107
1.96658
1.89852
2.021
2.21402
2.47237
2.63218
2.93434
2.97379
3.15263
3.20539
3.09679
2.99823
2.87957
2.67506
2.41295
2.12922
1.8481
1.64098
1.47658
1.44717
1.4646
1.47964
1.48517
1.47434
1.46119
1.45203
1.48481
1.49139
1.48189
1.44753
1.527
2.03728
2.67298
3.0522
3.13295
2.94579
2.74174
2.95637
3.37921
3.6797
3.80312
3.92749
3.99842
4.043
4.06671
4.08038
4.1141
4.0974
4.07136
3.99882
3.8631
3.72143
3.69694
3.61309
2.86582
1.79734
1.39845
1.32861
1.19554
1.17165
2.35407
3.69668
3.75265
5.89757
6.64515
8.91611
9.10441
7.9502
7.24825
7.34794
7.65895
7.69299
7.46033
7.31922
7.52265
8.29021
8.52181
8.26557
5.9845
3.51144
3.36337
3.50811
3.55087
3.52322
3.45729
3.4291
3.45495
3.62844
3.98089
4.23284
3.8792
3.67778
3.60055
3.72589
3.99202
4.36456
4.76059
5.11965
5.37413
5.43311
5.35354
5.13961
4.86879
4.56819
4.24535
3.90858
3.60449
3.34917
3.14745
3.13512
3.26986
3.26194
3.23111
3.23857
3.21856
3.07172
2.95158
2.92419
2.9265
3.00395
3.04114
3.0328
3.1697
3.25363
3.26751
3.28662
3.2823
3.25901
3.26106
3.29348
3.29579
3.27887
3.28401
3.33916
3.3205
3.33679
3.34002
3.34577
3.32248
3.21755
3.09395
3.02784
2.98954
3.04612
3.02964
2.98818
2.95782
2.94422
2.93946
2.96328
2.98613
2.96147
3.11099
3.29258
3.24245
3.06489
3.02423
2.93403
2.85129
2.83573
2.82875
2.77317
2.73022
2.7793
2.75582
2.81044
2.81172
2.8905
2.96212
3.07368
3.22866
3.42423
3.57689
3.47693
3.33189
3.26725
3.25509
3.25907
3.29068
3.42807
3.5744
3.60792
3.6033
3.63793
3.65485
3.65963
3.63385
3.63417
3.57827
3.62183
3.63002
3.57367
3.50722
3.45539
3.48491
3.48261
3.46175
3.39687
3.25274
3.0624
2.9897
3.03483
3.06504
3.11069
3.13588
3.09174
3.00759
2.99999
3.00851
3.02013
3.02686
3.04291
3.05102
3.07714
3.09184
3.11761
3.16
3.179
3.28459
3.39929
3.38235
3.32074
3.31089
3.39347
3.55525
3.70101
3.79255
3.87071
3.873
3.83157
3.77795
3.6619
3.50869
3.37227
3.26631
3.22904
3.23492
2.8206
2.13566
1.89535
1.92651
2.14082
2.48197
2.69
2.64118
2.61955
2.71499
2.67928
2.4443
2.0814
1.90058
1.8534
1.86107
1.92106
1.97368
1.98268
2.003
2.06468
2.0997
2.08452
2.04818
2.01577
1.97682
1.94089
1.91309
1.8595
1.73221
1.62465
1.96903
3.24047
3.88192
3.94185
4.04717
4.01549
3.81793
3.55945
3.29535
3.1998
3.17598
3.17157
3.15593
3.12823
3.17372
3.24177
3.25883
3.22772
3.2144
3.21206
3.21397
3.24037
3.23114
3.25195
3.27824
3.28249
3.22593
3.1547
3.25601
3.3062
3.33089
3.38078
3.4342
3.43239
3.38737
3.35505
3.295
3.16493
3.04641
2.96055
2.85212
2.72642
2.66959
2.62811
2.57079
2.45296
2.38324
2.45864
2.46169
2.53221
2.56122
2.66368
2.74188
2.8529
2.93276
2.98163
2.94812
3.01375
3.19469
3.30997
3.26794
3.23387
3.23566
3.2061
3.39368
3.70461
4.05809
4.40082
4.59851
4.17955
3.17548
2.75421
2.56393
2.3953
2.24059
2.14264
1.9398
1.88067
1.83928
1.86299
1.83528
1.8587
1.92168
1.96577
2.05782
2.22928
2.40049
2.53019
2.55682
2.41843
2.33192
2.33704
2.4031
2.61299
2.8344
3.01554
3.03551
2.90447
2.78391
2.50828
2.05665
1.92833
1.81938
1.68771
1.58173
1.43854
1.37717
1.31498
1.28152
1.26424
1.31058
1.36375
1.44228
1.59154
1.68245
1.88761
1.89623
1.85856
1.8966
2.06627
2.12595
2.24396
2.23464
2.32055
2.31066
2.41496
2.41505
2.4931
2.49886
2.50463
2.46419
2.3243
2.09807
1.89773
1.82885
1.91502
2.10554
2.27098
2.5534
2.7201
2.78686
2.90058
2.87452
2.82802
2.65562
2.52246
2.28731
2.02463
1.78035
1.59559
1.47721
1.44087
1.44632
1.49761
1.63013
1.73257
1.76003
1.73955
1.72753
1.75126
1.68583
1.70148
2.15066
2.70035
3.04354
3.08564
3.11151
3.05699
2.80263
2.72919
2.97768
3.35591
3.63454
3.79038
3.88787
3.94944
3.99777
4.0162
3.98805
3.9989
3.96161
3.87206
3.7416
3.63342
3.63593
3.55834
2.77655
1.52264
1.20626
1.16168
1.10861
1.14308
2.62119
3.62167
3.66444
5.95759
6.70253
8.95172
9.1527
7.95617
7.09837
6.92341
7.0475
7.17474
7.16043
7.27949
7.88544
8.78538
9.22409
9.36577
8.04786
4.62164
3.5406
3.45064
3.52993
3.58142
3.6032
3.59696
3.61941
3.70953
3.935
4.05361
3.80701
3.71226
3.63116
3.70776
3.89062
4.14209
4.40615
4.64239
4.80519
4.88198
4.82309
4.68585
4.4787
4.2407
3.9704
3.692
3.42979
3.15634
2.95793
2.99979
3.19898
3.23262
3.15348
3.0608
2.96843
2.98188
3.01851
2.99802
2.94641
2.94967
2.96482
2.98935
3.15278
3.24769
3.2629
3.27672
3.30109
3.29516
3.26816
3.25338
3.26133
3.28719
3.33215
3.32266
3.32441
3.34953
3.34293
3.34283
3.31326
3.25752
3.18894
3.06192
2.98159
3.02914
3.02554
3.00085
2.98029
2.98372
2.96113
2.95559
2.95322
2.98097
3.16702
3.31036
3.23404
3.06332
3.05232
2.98458
2.90735
2.85758
2.83749
2.83613
2.83078
2.77395
2.8302
2.85076
2.92956
3.02193
3.13793
3.29169
3.42927
3.54133
3.51712
3.38791
3.30784
3.30807
3.3051
3.2619
3.23809
3.34276
3.53424
3.60139
3.57875
3.59202
3.60622
3.61766
3.60445
3.54066
3.53549
3.48304
3.47349
3.47803
3.49612
3.51622
3.51455
3.46677
3.39542
3.24209
3.07488
2.93186
2.89349
2.89239
2.92457
3.0078
3.11853
3.17395
3.1968
3.08768
3.11976
3.10304
3.11224
3.13343
3.1467
3.1652
3.17807
3.19154
3.20586
3.17456
3.25293
3.35138
3.34575
3.2367
3.13423
3.12464
3.19386
3.29785
3.42889
3.49931
3.57404
3.584
3.53745
3.48629
3.40979
3.33938
3.28003
3.22859
3.18836
2.4311
1.93752
1.86359
1.88946
2.08086
2.43739
2.59962
2.57838
2.61336
2.80579
2.78437
2.60513
2.2931
2.00347
1.89228
1.86123
1.86866
1.89911
1.93521
1.92596
1.90733
1.91827
1.93755
1.93325
1.93425
1.89836
1.88259
1.85674
1.81378
1.79246
1.92965
2.69273
3.65549
4.1004
4.16934
4.18661
4.06742
3.85057
3.71558
3.4281
3.2668
3.20566
3.18749
3.18672
3.1691
3.13005
3.1197
3.15539
3.20464
3.19229
3.198
3.22767
3.2403
3.25723
3.29642
3.29458
3.26443
3.20747
3.19426
3.29338
3.36952
3.40024
3.43914
3.47063
3.43308
3.4076
3.37778
3.33552
3.28614
3.14365
3.06998
3.00049
2.89455
2.7788
2.6978
2.64877
2.65783
2.59184
2.54658
2.59623
2.6116
2.69086
2.73072
2.8665
2.90252
2.95884
2.95789
3.02093
3.11321
3.20386
3.20126
3.18526
3.1832
3.13013
3.08243
3.16944
3.24765
3.61708
4.14158
4.47093
4.32882
3.44266
2.86338
2.67453
2.51346
2.34926
2.26805
2.12892
2.00199
1.91097
1.88785
1.95488
1.96606
1.98735
2.07789
2.20889
2.36747
2.50192
2.56265
2.51636
2.41183
2.30122
2.34626
2.38772
2.53207
2.75061
2.92052
2.93455
2.84309
2.74983
2.58388
2.16845
1.98759
1.89845
1.79422
1.68411
1.57363
1.47231
1.42925
1.40066
1.42458
1.43229
1.48447
1.56491
1.71396
1.81742
1.89195
1.89986
1.87711
1.9443
2.07052
2.12856
2.19729
2.22726
2.30693
2.27376
2.40186
2.41492
2.46995
2.50289
2.49566
2.45502
2.29824
2.06407
1.87148
1.76399
1.71467
1.7704
1.94441
2.11067
2.24983
2.46594
2.44887
2.57758
2.50125
2.46676
2.30164
2.12066
1.87744
1.66635
1.53041
1.46122
1.43949
1.43071
1.4466
1.5655
1.76301
1.97233
2.12699
2.28158
2.44782
2.47674
2.66781
2.93717
3.07485
3.04835
2.96525
2.90417
2.89681
2.79082
2.61878
2.65746
2.93092
3.26324
3.52786
3.69239
3.78039
3.82181
3.83808
3.8924
3.82655
3.79529
3.69203
3.56821
3.56586
3.56996
3.45083
2.49859
1.26114
1.15813
1.19311
1.17398
1.6503
3.20643
3.56468
3.60361
6.0022
6.51452
8.81292
9.34073
8.50937
7.4494
7.02134
6.96729
7.05684
7.23641
7.57891
8.26347
9.1206
9.57121
9.51645
8.54992
6.75921
4.87143
3.95602
3.55239
3.49741
3.50706
3.53314
3.53715
3.62882
3.79036
3.86629
3.73309
3.73452
3.65581
3.67024
3.77909
3.90615
4.05442
4.17374
4.25081
4.26967
4.26219
4.17316
4.04692
3.87505
3.6738
3.45471
3.20143
2.9846
2.93027
3.01657
3.03254
3.07634
3.0297
3.06435
3.17839
3.28595
3.28042
3.18052
3.00379
2.92151
2.90451
2.93049
3.09577
3.22934
3.25761
3.2746
3.28258
3.29597
3.29395
3.28694
3.2796
3.31621
3.30436
3.32244
3.35374
3.35211
3.35536
3.35063
3.33549
3.33955
3.295
3.15696
2.9995
2.99483
2.97842
2.98628
2.9544
2.95878
2.93129
2.93005
2.97964
3.06533
3.20672
3.3153
3.23398
3.05482
3.07844
3.03913
2.98067
2.94183
2.90811
2.89639
2.89575
2.94578
2.97555
3.04826
3.151
3.25029
3.37127
3.48456
3.54943
3.54657
3.48203
3.40346
3.36992
3.37025
3.35075
3.293
3.23238
3.26797
3.45258
3.60083
3.57354
3.54552
3.54919
3.56234
3.53197
3.52353
3.47028
3.49106
3.49526
3.48856
3.48615
3.4767
3.43635
3.36255
3.24001
3.08402
2.92269
2.8479
2.80059
2.82475
2.86681
2.95952
3.00703
3.10656
3.24867
3.32397
3.31784
3.21435
3.15988
3.15215
3.19278
3.22248
3.23599
3.24962
3.21975
3.16083
3.21006
3.29535
3.32173
3.2294
3.08413
2.97352
2.94259
2.90745
2.97269
3.02629
3.08623
3.12199
3.14563
3.13607
3.10569
3.05179
2.96101
2.82083
2.60856
2.07437
1.96842
1.88032
1.92671
2.13295
2.44048
2.5354
2.55141
2.65036
2.83696
2.86281
2.7308
2.52847
2.18085
1.96801
1.91454
1.8874
1.88323
1.89196
1.89505
1.88104
1.87539
1.85906
1.87787
1.86956
1.8795
1.89337
1.91491
1.98966
2.26111
2.93338
3.60545
4.02548
4.15902
4.17784
4.1595
3.95278
3.75334
3.77604
3.61518
3.35316
3.27204
3.21674
3.19155
3.18004
3.17229
3.15285
3.12043
3.13345
3.17011
3.2156
3.23471
3.26106
3.29141
3.30424
3.28085
3.24692
3.21488
3.22715
3.28888
3.35656
3.41252
3.44116
3.43837
3.42409
3.39183
3.36732
3.34774
3.35653
3.24537
3.16504
3.11497
3.05371
2.96669
2.87104
2.77232
2.68625
2.69429
2.67402
2.67153
2.74024
2.76314
2.88667
2.90784
2.97792
3.02202
3.16691
3.34283
3.56136
3.56903
3.47594
3.39754
3.2653
3.18242
3.15557
3.18385
3.3211
3.70384
4.08816
4.27139
4.26249
3.78525
3.02855
2.79385
2.65938
2.51178
2.39783
2.29584
2.20404
2.12633
2.06554
2.05271
2.09989
2.18906
2.31237
2.41139
2.49383
2.56192
2.5683
2.47215
2.38515
2.33542
2.353
2.39726
2.52836
2.64461
2.80439
2.81714
2.762
2.6902
2.62324
2.32373
2.04572
1.97458
1.90225
1.80557
1.71193
1.62194
1.57776
1.53992
1.52438
1.54818
1.6597
1.7237
1.83392
1.89328
1.91447
1.90739
1.9407
1.97049
2.07501
2.09752
2.1915
2.17514
2.27835
2.26295
2.37626
2.39643
2.46959
2.47836
2.48074
2.39968
2.16012
1.91691
1.79272
1.75747
1.7037
1.65286
1.75506
1.80716
1.91128
2.09694
2.15839
2.19088
2.26659
2.19001
2.10046
1.89368
1.70946
1.54717
1.45711
1.44448
1.43784
1.42479
1.41908
1.42746
1.44787
1.50597
1.69695
1.98519
2.32974
2.7233
3.00079
3.09729
3.04398
2.92146
2.72275
2.65822
2.63904
2.60069
2.47799
2.42856
2.53816
2.78678
3.04987
3.27111
3.43439
3.52822
3.58975
3.56971
3.57739
3.48343
3.47118
3.43644
3.49422
3.51731
3.2284
2.05243
1.20035
1.18179
1.23533
1.6606
2.66713
3.49084
3.51831
3.53699
6.07986
6.12704
8.32424
9.34217
9.27496
8.57538
7.96322
7.67301
7.68523
7.91963
8.28724
8.83901
9.38391
9.67502
9.31909
7.70406
6.3947
5.4914
4.66656
4.02751
3.65382
3.47009
3.42252
3.45027
3.53143
3.65416
3.7167
3.68881
3.7572
3.7302
3.63759
3.6961
3.72823
3.76908
3.79603
3.79383
3.76991
3.72962
3.67349
3.58811
3.47935
3.3481
3.19366
3.03278
2.91647
2.95717
3.0609
3.15536
3.16993
3.2075
3.2912
3.40823
3.46122
3.41579
3.28395
3.04735
2.90438
2.87441
2.86332
3.00385
3.18398
3.24431
3.2635
3.27878
3.2863
3.28491
3.27569
3.28613
3.28269
3.29251
3.34052
3.35784
3.36769
3.36646
3.34986
3.33299
3.32219
3.30675
3.25941
3.16892
3.09618
3.03596
3.03424
2.98977
3.0047
2.99466
3.02484
3.09194
3.15793
3.20312
3.30414
3.23913
3.03749
3.08549
3.10657
3.05353
3.01753
3.02067
3.02167
3.04993
3.07388
3.14783
3.25577
3.30997
3.42146
3.46949
3.51028
3.50646
3.48523
3.46309
3.45528
3.44648
3.42761
3.36807
3.29772
3.23583
3.24174
3.32611
3.56153
3.59764
3.52828
3.48635
3.47944
3.44295
3.40788
3.38707
3.34345
3.34271
3.35093
3.3495
3.31871
3.26475
3.18498
3.07681
2.95802
2.86116
2.82075
2.79855
2.82395
2.87264
2.9643
3.04039
3.0618
3.17395
3.34591
3.38812
3.2784
3.16834
3.15587
3.18756
3.22888
3.25014
3.23774
3.20541
3.1404
3.16746
3.22171
3.27216
3.29101
3.17765
3.04462
2.90052
2.83379
2.75409
2.73389
2.7078
2.71036
2.70755
2.69
2.65944
2.60825
2.52241
2.42341
2.33659
2.27749
2.14432
2.00044
2.07061
2.25992
2.4236
2.4919
2.57621
2.71644
2.84069
2.90396
2.81414
2.64411
2.42571
2.12378
1.98606
1.95052
1.93857
1.9347
1.94067
1.95028
1.95696
1.9793
1.99175
2.02535
2.08814
2.17917
2.33056
2.60438
2.98501
3.37811
3.64015
3.72462
3.77744
3.78242
3.7044
3.57452
3.57435
3.72596
3.79763
3.49746
3.35084
3.29045
3.24187
3.19096
3.15685
3.14029
3.14032
3.14834
3.17945
3.19513
3.22773
3.27045
3.28922
3.29572
3.27343
3.23457
3.20888
3.21254
3.2278
3.2313
3.26694
3.30112
3.33218
3.33171
3.32067
3.32008
3.3309
3.37891
3.35832
3.24577
3.21634
3.18451
3.13087
3.0541
2.97186
2.90334
2.82727
2.84712
2.86096
2.8909
2.94115
3.0012
3.06158
3.14553
3.26418
3.41897
3.58749
3.66985
3.67083
3.7273
3.71981
3.70057
3.68484
3.65654
3.71003
3.8437
3.97698
4.04912
4.03574
4.07329
3.99013
3.31891
2.92811
2.80217
2.69326
2.56938
2.46909
2.38706
2.30937
2.3274
2.29133
2.33527
2.40599
2.4582
2.51398
2.56395
2.56443
2.52179
2.45808
2.4047
2.38317
2.42103
2.4283
2.53519
2.5905
2.66849
2.694
2.66333
2.61596
2.60754
2.46637
2.1156
2.02007
2.0072
1.91348
1.86589
1.78277
1.72179
1.69458
1.68964
1.77959
1.76677
1.87222
1.90721
1.9295
1.97793
1.95565
2.00408
2.03324
2.07676
2.10328
2.16539
2.17624
2.23711
2.28598
2.3678
2.38945
2.46751
2.47365
2.45573
2.23669
1.94328
1.80861
1.82576
1.8213
1.80695
1.75074
1.75887
1.77539
1.83762
1.88229
1.99945
1.99446
2.00437
1.97128
1.83847
1.69872
1.55281
1.44324
1.43481
1.42906
1.42312
1.41878
1.42169
1.42768
1.4356
1.4448
1.45503
1.57138
1.94964
2.55044
2.99683
3.07702
2.9913
2.8396
2.69476
2.61653
2.51694
2.4339
2.32657
2.28698
2.30812
2.40577
2.56132
2.71986
2.85911
2.9878
3.04336
3.12009
3.19252
3.2243
3.28795
3.39389
3.46695
3.37327
2.82333
1.74008
1.33747
1.48088
1.9975
2.68871
3.30799
3.53698
3.48614
3.50754
6.18639
5.78566
7.60962
9.13943
9.36423
9.3053
9.15671
9.00904
8.94179
8.99005
9.11765
9.29628
9.42215
9.40985
8.82465
7.08772
5.45851
4.69591
4.42184
4.16855
3.96806
3.793
3.71353
3.68139
3.69626
3.70976
3.71816
3.69832
3.74259
3.81375
3.62243
3.64414
3.6364
3.61128
3.58114
3.54873
3.50298
3.46468
3.42257
3.38232
3.33821
3.28499
3.22325
3.16664
3.13027
3.14105
3.19529
3.27269
3.33006
3.37467
3.41666
3.47209
3.51329
3.46679
3.25758
3.0033
2.87203
2.84564
2.82405
2.856
3.0828
3.22206
3.23434
3.23978
3.23606
3.24029
3.25559
3.24992
3.29185
3.32589
3.34297
3.36225
3.38185
3.37753
3.35701
3.32404
3.29669
3.27264
3.24989
3.23374
3.20628
3.15414
3.13918
3.09705
3.10548
3.10133
3.10163
3.12339
3.15612
3.16991
3.2762
3.21228
3.02185
3.04468
3.12442
3.11704
3.0858
3.08828
3.10391
3.11215
3.15639
3.24644
3.26235
3.36488
3.38269
3.42421
3.42399
3.41332
3.39674
3.38156
3.37147
3.37443
3.3387
3.27224
3.23752
3.21439
3.23079
3.22477
3.39406
3.58874
3.52942
3.44204
3.40152
3.33726
3.30959
3.18853
3.21371
3.19266
3.19546
3.1819
3.16932
3.14924
3.11657
3.06955
3.01621
2.97422
2.95083
2.93318
2.96973
2.98948
3.04109
3.07676
3.07107
3.15981
3.36939
3.33037
3.23866
3.17187
3.15104
3.1775
3.193
3.18262
3.18453
3.1514
3.12644
3.13446
3.17076
3.19431
3.27446
3.28435
3.20749
3.08746
3.02524
2.95054
2.89784
2.91586
2.89844
2.90019
2.91846
2.93128
2.9317
2.92693
2.89928
2.87008
2.80802
2.62398
2.4438
2.44747
2.4847
2.53888
2.59994
2.67881
2.77822
2.89465
2.92736
2.80222
2.65661
2.56155
2.30249
2.06884
1.9898
1.98657
2.01249
2.03374
2.06372
2.11882
2.15652
2.23407
2.30606
2.40791
2.50693
2.64127
2.77114
2.87857
2.93272
3.02643
3.08745
3.18687
3.25542
3.35156
3.41533
3.5599
3.73155
3.83439
3.68094
3.36947
3.31822
3.28617
3.24964
3.22315
3.17579
3.14084
3.16313
3.1557
3.19349
3.23695
3.25985
3.27682
3.27549
3.2569
3.23441
3.20568
3.18832
3.16849
3.17606
3.17504
3.20003
3.19823
3.22794
3.24043
3.27692
3.3149
3.36443
3.38703
3.28867
3.23562
3.24837
3.25483
3.21896
3.15012
3.10221
3.07642
3.03242
3.03754
3.10238
3.10868
3.18226
3.20469
3.28702
3.30983
3.39769
3.4002
3.44346
3.407
3.45415
3.43818
3.50864
3.52044
3.58133
3.61338
3.64058
3.64985
3.68362
3.73657
3.85779
3.93739
3.65594
3.05809
2.88116
2.82815
2.74598
2.63686
2.59794
2.54744
2.45554
2.52155
2.52336
2.53536
2.56611
2.59241
2.5963
2.58025
2.541
2.50909
2.51007
2.48146
2.50271
2.49306
2.54281
2.52925
2.57712
2.56748
2.57669
2.55489
2.58282
2.50012
2.18202
2.02145
2.00987
1.98672
1.97017
1.87805
1.87184
1.82402
1.82688
1.82433
1.92472
1.95225
1.95918
2.05301
2.03814
2.06572
2.11601
2.10359
2.15911
2.16158
2.1669
2.25043
2.27356
2.28921
2.37604
2.39844
2.4821
2.47427
2.3657
1.93279
1.78805
1.82627
1.88201
1.90261
1.92214
1.88493
1.90989
1.82335
1.89994
1.78313
1.86965
1.75864
1.7938
1.70096
1.6587
1.54023
1.48463
1.42231
1.40611
1.40689
1.41468
1.42638
1.44172
1.45035
1.46129
1.46634
1.47004
1.52389
1.68788
2.31584
2.95549
3.07258
2.97942
2.9084
2.83809
2.78436
2.67774
2.59573
2.50794
2.48586
2.47821
2.49766
2.54028
2.60426
2.67355
2.72951
2.85449
2.89009
3.029
3.10492
3.26247
3.42429
3.40604
2.9543
2.73014
2.56283
2.6229
2.79032
3.05583
3.3066
3.48081
3.49061
3.45761
3.48739
7.78455
7.5062
7.17358
6.89107
6.68084
6.59323
6.61853
6.72471
6.90606
7.15775
7.51214
7.95326
8.35663
9.0843
3.1054
3.4076
3.37482
3.35535
3.57147
3.9299
4.17731
4.26369
4.27097
4.21781
4.15143
4.08717
4.0278
3.9608
3.90282
3.84996
3.81365
3.78561
3.76832
3.77827
3.76822
3.80028
3.82693
3.82048
3.84644
3.809
3.66014
3.44748
3.24864
2.65159
3.1903
3.20243
3.22275
3.22358
3.22284
3.19645
3.21283
3.20759
3.22366
3.21895
3.22185
3.22201
3.23084
3.23276
3.22807
3.21805
3.20618
3.19138
3.18562
3.18763
3.20696
3.2048
3.24767
3.27082
3.30718
3.32649
3.3466
3.33396
3.25338
3.27763
3.28927
3.35303
3.28134
3.21418
3.15643
3.13326
3.13237
3.11397
3.12385
3.13222
3.14368
3.14543
3.13795
3.1326
3.13377
3.1262
3.11624
3.12243
3.09987
3.06358
3.07425
3.06815
3.05591
3.06801
3.08385
3.10502
3.11297
3.12389
3.09255
3.01118
3.61797
3.52596
3.51798
3.54189
3.55944
3.59479
3.61555
3.63762
3.62449
3.56899
3.59201
3.55746
3.42967
3.47012
3.46638
3.45585
3.47834
3.48799
3.52017
3.55361
3.54119
3.40923
3.03796
2.97674
3.00694
3.0323
3.02578
3.02198
3.00366
2.97592
3.1453
3.15265
3.18646
3.2323
3.27078
3.27874
3.2837
3.27487
3.25784
3.23184
3.21653
3.21526
3.20702
3.18996
3.17464
3.1499
3.13835
3.09546
3.08739
3.04948
3.06789
3.02152
3.08803
3.10515
3.10179
3.16324
3.19208
3.22121
3.34642
3.42721
1.80223
1.90693
1.96924
2.07257
2.1752
2.25313
2.2768
2.32314
2.36624
2.37981
2.38056
2.3743
2.34896
2.30742
2.24886
2.20339
2.17874
2.10743
2.07595
2.07313
2.09293
2.10036
2.12351
2.1235
2.10667
1.9987
1.46052
1.41594
1.45763
1.4967
2.73706
3.06759
3.20833
3.33811
3.41129
3.43454
3.43193
3.40299
3.38085
3.30052
3.31138
3.21215
3.23537
3.23086
3.2604
3.37819
3.44197
3.55699
3.62726
3.62097
3.34081
3.10217
3.09066
3.11636
3.11743
3.13688
3.1554
3.15959
3.15237
3.13843
2.84751
2.92406
2.97968
2.99752
2.99645
2.9696
2.92355
2.86847
2.81667
2.74006
2.76356
2.72646
2.73394
2.79155
2.86054
2.93559
3.00657
3.02235
2.93188
2.91576
2.9314
2.92465
2.92848
2.92977
2.94907
2.97628
2.99481
2.98248
2.88453
2.76605
2.89186
2.85653
2.86429
2.87789
2.90775
2.92026
2.8609
2.84695
2.64789
2.63149
2.38466
2.40227
2.2172
2.24204
2.18619
2.21281
2.20924
2.21771
2.24477
2.29165
2.22926
2.23405
2.20199
2.21651
2.19493
2.20205
2.19264
2.20783
2.22159
2.23288
2.06088
2.07795
2.13441
2.15622
2.17689
2.17806
2.13713
2.0869
2.06319
2.03392
2.03109
1.99844
2.07286
2.03838
2.15442
2.11921
2.13013
2.02254
2.08008
1.99702
2.08619
2.03182
2.14862
2.12503
2.23423
2.23387
2.29673
2.3512
2.43558
2.60991
1.43692
1.43242
1.51934
1.79671
1.70368
1.5906
1.57512
1.48177
1.47886
1.46549
1.45325
1.45372
1.45656
1.45839
1.46062
1.46169
1.46354
1.47351
1.47372
1.48359
1.48406
1.48245
1.47072
1.46648
1.4589
1.45614
1.45895
1.47196
1.51756
1.44938
1.77111
1.74413
1.71137
1.72643
1.76898
1.79854
2.02616
2.99787
3.33961
3.33399
3.31097
3.29689
3.25805
3.29144
3.25239
3.30323
3.26544
3.30805
3.27885
3.32363
3.31796
3.40572
3.43004
3.50435
3.51634
3.54647
3.54941
3.54849
3.40139
3.17316
7.05377
6.5851
5.97913
5.65837
5.58641
5.63745
5.72025
5.81283
5.91471
6.10625
6.48865
7.19181
8.05957
9.01157
3.15087
3.40494
3.34594
3.48962
4.01037
4.60912
4.88661
4.77792
4.55035
4.32984
4.16549
4.05071
3.9411
3.81042
3.69839
3.61536
3.58507
3.58934
3.60784
3.63188
3.67637
3.70685
3.74388
3.82795
3.84655
3.84727
3.77672
3.59303
3.39695
3.04615
3.19848
3.20268
3.20984
3.18936
3.18512
3.2142
3.27281
3.34026
3.40955
3.44637
3.44153
3.40721
3.36261
3.31264
3.25871
3.20902
3.17034
3.14729
3.13324
3.1302
3.13945
3.16328
3.19968
3.2253
3.25907
3.29354
3.34373
3.35302
3.3184
3.28956
3.3243
3.32299
3.22931
3.17784
3.14532
3.13324
3.11997
3.13199
3.15089
3.16424
3.17772
3.18837
3.19304
3.18784
3.17218
3.16017
3.15377
3.10671
3.07377
3.0742
3.04796
3.01579
3.01524
3.02198
3.04052
3.06098
3.09521
3.1191
3.12521
3.09127
3.61825
3.50854
3.49367
3.52453
3.5551
3.56358
3.60269
3.60737
3.57922
3.61291
3.56648
3.46153
3.48869
3.46803
3.40156
3.42443
3.45261
3.48712
3.49566
3.51129
3.54967
3.51572
3.2699
3.01444
3.02161
3.05443
3.02863
3.00638
3.05217
3.07779
3.15461
3.17
3.24317
3.3329
3.40895
3.43438
3.39101
3.29848
3.19753
3.12596
3.07816
3.05784
3.06735
3.06658
3.07269
3.08365
3.08588
3.09879
3.11385
3.10903
3.11207
3.14412
3.14278
3.14644
3.16325
3.19352
3.19645
3.21447
3.30562
3.40884
1.82056
1.97442
2.15207
2.36186
2.45072
2.41948
2.42058
2.4324
2.4221
2.40001
2.34778
2.2752
2.22023
2.16616
2.13678
2.11635
2.04837
2.01915
2.02077
2.00148
2.02033
2.05271
2.07181
2.084
2.08496
2.05716
1.77448
1.48694
1.47533
1.56334
2.65976
3.04942
3.29737
3.419
3.40919
3.3625
3.30439
3.25399
3.19329
3.15463
3.07312
3.06081
3.04252
3.06772
3.09053
3.17444
3.25642
3.36025
3.4702
3.5672
3.52605
3.30291
3.09851
3.06482
3.08551
3.10118
3.1374
3.17585
3.20907
3.20715
2.81829
2.90062
2.99207
2.99937
2.94979
2.87948
2.80945
2.7205
2.64694
2.61277
2.54342
2.55608
2.57892
2.60364
2.67774
2.7679
2.87018
2.96805
3.00296
2.92692
2.88616
2.86995
2.84986
2.84175
2.86263
2.86633
2.93108
3.04146
3.03617
2.84233
2.87647
2.8506
2.88412
2.97756
3.03707
3.01704
2.89159
2.77116
2.55769
2.46447
2.24728
2.2168
2.07876
2.07958
2.07653
2.07403
2.10618
2.13578
2.18967
2.27025
2.27102
2.24023
2.19718
2.21632
2.20076
2.17792
2.18415
2.22653
2.25891
2.26852
2.02562
2.04029
2.07631
2.10466
2.10387
2.04689
1.97597
1.93481
1.88773
1.84566
1.84548
1.88213
1.95629
1.9748
2.09139
2.09922
2.22059
2.1396
2.13216
1.93773
1.97275
1.89015
2.01659
2.01421
2.12056
2.16612
2.24541
2.30515
2.40539
2.60542
1.44192
1.6048
1.75587
1.78986
1.6749
1.6086
1.59678
1.59303
1.5393
1.55876
1.54324
1.50345
1.49893
1.48092
1.48065
1.47992
1.49328
1.4996
1.50369
1.49412
1.47847
1.46128
1.45543
1.45429
1.4548
1.45521
1.45727
1.46027
1.50871
1.47487
1.96811
1.77022
1.61054
1.64929
1.7477
1.99134
2.70642
3.30759
3.38479
3.38909
3.39853
3.41406
3.44129
3.4191
3.44431
3.4279
3.39568
3.34796
3.25975
3.20686
3.14315
3.18522
3.29078
3.39188
3.47631
3.53827
3.55735
3.54023
3.37843
3.157
6.31059
5.66081
5.36406
5.38706
5.55714
5.77976
6.03916
6.24125
6.30199
6.22023
6.17182
6.47404
7.46335
8.83077
3.21988
3.42053
3.36101
3.62004
4.39579
5.10785
5.28401
5.05641
4.77866
4.56597
4.3172
4.05802
3.88727
3.71019
3.56702
3.52183
3.53764
3.57607
3.61887
3.67191
3.73945
3.80158
3.81961
3.89213
3.9082
3.89904
3.8663
3.71883
3.5089
3.23714
3.18427
3.18613
3.18074
3.17974
3.22447
3.33242
3.46792
3.59634
3.71087
3.74208
3.73452
3.64233
3.50706
3.36146
3.25413
3.18576
3.15219
3.14812
3.14308
3.14508
3.1572
3.1649
3.19969
3.20388
3.23662
3.27096
3.30798
3.34425
3.35926
3.29558
3.30161
3.26929
3.18806
3.16478
3.1733
3.16626
3.1423
3.13288
3.1405
3.16681
3.19566
3.22629
3.25042
3.22753
3.20499
3.18169
3.12086
3.07164
3.05967
3.009
2.96246
2.95788
2.96877
2.97997
2.99083
3.02032
3.04748
3.08655
3.12051
3.11434
3.61708
3.49096
3.48261
3.50518
3.4993
3.51521
3.53566
3.56415
3.60924
3.60769
3.51009
3.50617
3.51968
3.41879
3.4165
3.42161
3.43336
3.45935
3.48287
3.48168
3.48787
3.52019
3.42349
3.15949
3.02522
2.98777
2.93365
2.92504
2.95961
3.0375
3.13754
3.18025
3.3098
3.46218
3.56523
3.54262
3.41338
3.26092
3.11657
3.01936
2.97439
2.95997
2.97441
3.01543
3.07635
3.14527
3.22434
3.30683
3.31312
3.33384
3.32068
3.31798
3.33822
3.28227
3.27009
3.25184
3.22434
3.21575
3.2678
3.3816
1.83243
2.06159
2.34651
2.54281
2.52931
2.40285
2.3561
2.36712
2.3537
2.27948
2.18286
2.11472
2.07523
2.0804
2.09502
2.06194
2.06008
2.08919
2.07225
2.06331
2.04814
2.04941
2.06046
2.05949
2.05609
2.05771
1.95611
1.65953
1.48809
1.54076
2.60073
3.0354
3.42261
3.38674
3.30046
3.2429
3.1967
3.17434
3.14531
3.11222
3.06208
3.06648
3.06374
3.06719
3.07622
3.11179
3.17951
3.23403
3.3139
3.41806
3.49915
3.44725
3.24939
3.07413
3.01084
3.01371
3.06059
3.11648
3.19365
3.2382
2.82783
2.96383
3.01529
2.9566
2.86727
2.77652
2.68985
2.5832
2.52287
2.4611
2.44442
2.43344
2.46577
2.49936
2.5338
2.60233
2.70882
2.81559
2.92659
2.9531
2.88199
2.8342
2.80529
2.82769
2.81813
2.81552
2.80733
2.91773
3.05092
2.91498
2.84532
2.84771
2.9625
3.12039
3.1093
2.9707
2.73778
2.58318
2.32959
2.26007
2.02008
2.01764
1.87249
1.90834
1.87843
1.9262
1.96766
2.02854
2.08072
2.19219
2.26252
2.26544
2.23148
2.21046
2.1694
2.16923
2.1364
2.18206
2.24001
2.27079
1.98725
1.97278
2.0661
2.06997
1.99468
1.88542
1.79359
1.69476
1.59871
1.59177
1.614
1.65267
1.76232
1.83962
1.95211
2.01175
2.16918
2.19927
2.25212
2.00014
1.95826
1.87303
1.99711
2.0477
2.17939
2.27574
2.32304
2.33442
2.40316
2.59822
1.63611
1.82827
1.85716
1.75264
1.73173
1.69453
1.72159
1.78138
1.77223
1.75056
1.76896
1.71502
1.658
1.59566
1.53132
1.49535
1.47602
1.4796
1.47304
1.46579
1.45176
1.44201
1.42869
1.42144
1.42554
1.43811
1.44916
1.44762
1.48703
1.47425
2.18918
1.77509
1.57888
1.71438
1.99599
2.59333
3.21441
3.42936
3.45206
3.5025
3.55682
3.59973
3.62775
3.69008
3.67888
3.68029
3.65806
3.54964
3.47229
3.24527
3.08519
2.94946
3.01489
3.10912
3.22065
3.3825
3.49752
3.45141
3.22085
3.11136
5.43214
5.20088
5.36342
5.66958
5.91367
6.06372
6.20334
6.51982
6.94991
6.96959
6.59645
6.38577
6.99363
8.65151
3.223
3.40849
3.33095
3.60195
4.48606
5.28493
5.5799
5.51594
5.38935
5.15458
4.77227
4.24383
3.88508
3.64536
3.5049
3.51295
3.5588
3.64495
3.74312
3.84092
3.90556
3.98444
3.99925
4.02976
4.02625
4.00203
3.95559
3.82365
3.59241
3.32802
3.16735
3.16715
3.16735
3.17815
3.26422
3.40486
3.52876
3.62629
3.7231
3.78904
3.77412
3.65902
3.45401
3.2758
3.18623
3.17105
3.17702
3.18075
3.184
3.18895
3.18453
3.1945
3.20987
3.21457
3.25094
3.25056
3.29434
3.34908
3.35887
3.32497
3.26842
3.21296
3.1513
3.17083
3.19407
3.17251
3.1564
3.13216
3.11155
3.12527
3.18362
3.24352
3.25228
3.21493
3.18205
3.1123
3.05314
3.02768
2.94816
2.87037
2.85658
2.85157
2.85237
2.88447
2.9362
2.96593
3.00697
3.05299
3.09978
3.12431
3.62169
3.48734
3.47339
3.47562
3.40486
3.46752
3.54438
3.61446
3.62245
3.59339
3.57182
3.63249
3.51719
3.56149
3.56615
3.53258
3.47238
3.44788
3.46062
3.47161
3.47035
3.4788
3.47695
3.30815
3.11123
3.00459
2.94232
2.88345
2.91501
2.97558
3.11935
3.17429
3.34365
3.55954
3.67673
3.64816
3.50711
3.3042
3.11949
3.00469
2.94935
2.94813
2.98842
3.0875
3.20532
3.36826
3.51232
3.60351
3.67297
3.72998
3.73456
3.6598
3.59609
3.53418
3.45312
3.35624
3.28702
3.23808
3.24871
3.35198
1.83502
2.14294
2.48595
2.64552
2.57345
2.45274
2.31996
2.32967
2.3244
2.191
2.06404
2.02216
2.04438
2.08666
2.10115
2.1514
2.23067
2.22569
2.22575
2.22987
2.20644
2.14543
2.0971
2.07463
2.04498
2.0387
2.00698
1.81945
1.53676
1.52405
2.64215
3.30127
3.41656
3.29422
3.22839
3.19041
3.17246
3.16998
3.14254
3.12843
3.14077
3.10379
3.09645
3.08949
3.11518
3.1177
3.14503
3.1975
3.23463
3.29992
3.39666
3.45171
3.37117
3.18563
3.00261
2.96185
3.02238
3.08201
3.14676
3.23884
2.95289
3.04074
3.00727
2.89737
2.78221
2.68466
2.59056
2.50039
2.46115
2.40022
2.37425
2.32497
2.32963
2.39889
2.46119
2.50492
2.57228
2.68298
2.8077
2.91069
2.90629
2.83498
2.81879
2.82414
2.84989
2.79389
2.78429
2.81389
3.037
3.02546
2.82767
2.87435
3.13067
3.23464
3.06036
2.7958
2.53109
2.35114
2.1747
2.09014
1.91439
1.88371
1.8089
1.7478
1.79055
1.79807
1.86865
1.91667
1.99602
2.09777
2.23932
2.2591
2.22947
2.25635
2.17751
2.14655
2.1655
2.19869
2.26961
2.32936
1.93692
2.02759
2.12773
2.00876
1.85164
1.71675
1.5879
1.46044
1.43637
1.44883
1.42342
1.50431
1.54439
1.65485
1.81751
1.89079
2.08177
2.15683
2.28805
2.0737
1.92719
1.90167
1.98213
2.05609
2.20866
2.33717
2.40629
2.38729
2.45576
2.61153
1.73402
1.89989
1.87033
1.82165
1.8046
1.9147
1.94724
2.06108
2.1087
2.12764
2.10017
2.06047
1.95847
1.83036
1.69091
1.57492
1.49327
1.46409
1.4675
1.46193
1.44727
1.42851
1.40743
1.38733
1.38492
1.40549
1.43231
1.44582
1.46905
1.46659
2.33116
1.77455
1.59651
1.97106
2.45614
3.06689
3.41982
3.50373
3.56014
3.64105
3.71606
3.78736
3.8315
3.83866
3.90462
3.85689
3.88875
3.77795
3.73002
3.51273
3.2309
2.91131
2.81623
2.85105
2.94605
2.99154
3.15506
3.16228
3.0221
3.1197
5.04987
5.28488
5.63033
5.73347
5.65564
5.53571
5.48547
5.6567
6.35299
7.17735
7.10721
6.58635
6.81076
8.42044
3.26283
3.44137
3.329
3.52917
4.3277
5.22511
5.68209
5.82905
5.7698
5.54436
5.10211
4.38245
3.85236
3.56976
3.48455
3.53694
3.64312
3.79321
3.96932
4.13018
4.22691
4.27148
4.25878
4.23278
4.20119
4.13453
4.05349
3.91107
3.66149
3.36949
3.14695
3.15016
3.15393
3.18035
3.2627
3.3543
3.43606
3.50482
3.64447
3.74835
3.73927
3.52667
3.29761
3.18228
3.1812
3.19828
3.21074
3.22354
3.23741
3.2438
3.25285
3.25202
3.24978
3.24665
3.26038
3.26627
3.31761
3.33331
3.36647
3.3498
3.21571
3.15039
3.12287
3.16977
3.1757
3.13985
3.08898
3.08359
3.11564
3.11952
3.15773
3.24416
3.24891
3.18567
3.10361
3.0413
3.00477
2.90169
2.80456
2.79748
2.79792
2.77722
2.7896
2.81149
2.86843
2.91301
2.9634
3.01847
3.07707
3.1245
3.63377
3.49481
3.46119
3.36991
3.38488
3.50515
3.60161
3.63188
3.65922
3.66276
3.69742
3.71788
3.7102
3.73843
3.67744
3.64939
3.61293
3.5315
3.46466
3.44741
3.44487
3.4544
3.46235
3.39072
3.21889
3.08095
3.01026
2.89938
2.92029
3.01308
3.0967
3.15104
3.34353
3.5857
3.70217
3.71197
3.5739
3.31147
3.09338
2.98696
2.93472
2.96299
3.04263
3.21451
3.38378
3.63738
3.74964
3.91605
4.06265
4.15176
4.16441
4.11935
3.95882
3.80222
3.66881
3.49881
3.37038
3.2701
3.23612
3.3224
1.85446
2.19787
2.57144
2.74264
2.6797
2.53665
2.32794
2.32745
2.28367
2.11625
1.98451
1.97955
2.03569
2.0795
2.17803
2.31698
2.3552
2.37125
2.39182
2.37045
2.34809
2.29273
2.18464
2.12031
2.06057
2.02761
2.02152
1.89865
1.58146
1.52904
2.81295
3.47067
3.33164
3.23915
3.20156
3.18022
3.16609
3.16049
3.16577
3.15618
3.1683
3.09989
3.12078
3.15636
3.18104
3.1886
3.19267
3.17805
3.20141
3.23457
3.31158
3.39212
3.40483
3.27869
3.07869
2.9607
3.00715
3.08147
3.12253
3.21164
3.11057
3.1155
2.98004
2.82821
2.72552
2.61018
2.5241
2.44045
2.39211
2.32542
2.2811
2.33237
2.30152
2.28033
2.33647
2.42385
2.49537
2.5863
2.70567
2.84281
2.91267
2.87436
2.8322
2.86816
2.85261
2.83
2.76988
2.80758
2.98256
3.02933
2.83267
2.99717
3.36135
3.21759
2.87998
2.6115
2.38819
2.23369
2.07669
2.01487
1.82573
1.82836
1.69544
1.71731
1.6778
1.72416
1.75569
1.83248
1.90604
2.04532
2.1926
2.31114
2.26291
2.28846
2.24138
2.17854
2.16342
2.22665
2.27293
2.32184
1.99038
2.1832
2.12841
1.91358
1.70961
1.55593
1.45875
1.4207
1.39434
1.33371
1.3592
1.34094
1.42904
1.48679
1.70566
1.75826
1.99402
2.08865
2.25405
2.09844
1.92851
1.87112
1.99007
2.00269
2.13445
2.29247
2.43663
2.49197
2.51844
2.61342
1.83282
1.99192
1.92685
1.90504
2.00023
2.09752
2.30596
2.3693
2.45972
2.55941
2.50117
2.43434
2.31542
2.1629
1.94889
1.76316
1.57081
1.47306
1.46273
1.46221
1.44802
1.42741
1.40488
1.36963
1.36323
1.38146
1.41588
1.43836
1.46405
1.45637
2.45347
1.88671
1.64413
2.25887
2.83968
3.31796
3.51291
3.57838
3.66722
3.76034
3.84252
3.91894
3.99997
4.04576
4.00801
4.01892
4.01375
3.94281
3.88024
3.76428
3.54652
3.10279
2.78074
2.78617
2.93596
2.98667
2.96806
2.96928
2.99343
3.21569
5.21352
5.55678
5.56498
5.4574
5.37855
5.3033
5.12725
5.10556
5.40803
6.5709
7.37446
6.95126
6.8439
8.333
3.25183
3.43606
3.28735
3.34232
3.90878
4.74568
5.33153
5.57607
5.57324
5.4052
5.16301
4.43437
3.83146
3.53375
3.49696
3.59627
3.78625
4.05273
4.3468
4.60962
4.75535
4.75995
4.63119
4.50949
4.40202
4.28924
4.1544
3.98598
3.70388
3.38836
3.11893
3.13478
3.16443
3.18173
3.21739
3.27695
3.34053
3.43542
3.58298
3.69525
3.63726
3.36675
3.18193
3.18379
3.20926
3.23124
3.26083
3.26094
3.25102
3.24873
3.2443
3.27854
3.27218
3.27636
3.27861
3.31099
3.30161
3.34135
3.38285
3.34983
3.15762
3.10905
3.09858
3.13143
3.10817
3.04664
2.9979
3.00855
3.05271
3.0804
3.14508
3.27388
3.23607
3.10625
3.04743
3.00344
2.88376
2.77667
2.78446
2.77815
2.74993
2.74953
2.77725
2.76102
2.81824
2.86757
2.92552
2.98904
3.05682
3.11751
3.64562
3.49948
3.41156
3.30219
3.43091
3.571
3.62549
3.6844
3.69572
3.71707
3.80282
3.83084
3.83636
3.79956
3.77121
3.74996
3.6891
3.62938
3.53989
3.44382
3.4365
3.44523
3.45812
3.42218
3.3047
3.17368
3.09945
2.90481
2.94243
3.02402
3.07933
3.11169
3.27415
3.50672
3.65389
3.64814
3.48421
3.21396
3.05234
2.96897
2.94849
2.99526
3.13915
3.36385
3.56386
3.82506
3.94327
4.17458
4.37395
4.42123
4.40963
4.38459
4.29966
4.09828
3.86429
3.66153
3.45312
3.30305
3.22909
3.28442
1.85754
2.21536
2.60848
2.83178
2.80987
2.62949
2.34281
2.35837
2.26729
2.03186
1.94236
1.94396
1.98957
2.11064
2.26946
2.36376
2.47138
2.57308
2.61544
2.57492
2.47943
2.41155
2.26581
2.17372
2.08878
2.0283
2.00975
1.92544
1.63105
1.53158
3.0859
3.45781
3.29499
3.24496
3.19864
3.1714
3.15131
3.16448
3.18675
3.17298
3.14956
3.12206
3.10133
3.04463
3.08876
3.14643
3.18946
3.20376
3.21266
3.18894
3.2485
3.32479
3.38616
3.32847
3.1476
2.99114
3.00875
3.06933
3.11001
3.18856
3.17545
3.11823
2.95637
2.78287
2.67035
2.57348
2.47678
2.40885
2.3731
2.29949
2.33325
2.28894
2.32523
2.32959
2.34282
2.35158
2.46759
2.51393
2.64201
2.76778
2.88887
2.89988
2.87954
2.8993
2.9039
2.85027
2.80724
2.77086
2.96953
3.13185
2.89427
3.31889
3.47847
3.07003
2.71471
2.50155
2.33217
2.16125
2.00417
1.94442
1.78192
1.76672
1.72673
1.66114
1.67306
1.65951
1.72115
1.76796
1.89443
1.9892
2.13139
2.31967
2.35739
2.30568
2.23554
2.27325
2.25627
2.25964
2.34473
2.39642
2.25212
2.29972
2.0595
1.78578
1.58214
1.49715
1.41186
1.3173
1.29238
1.27993
1.27925
1.29527
1.39312
1.38997
1.54086
1.69122
1.86456
2.03593
2.21169
2.04571
1.93792
1.91243
1.9614
2.02094
2.05633
2.17173
2.33393
2.47574
2.56045
2.60261
1.86093
2.03843
1.99979
2.04115
2.16844
2.38659
2.52412
2.75656
2.78998
2.90626
2.8303
2.81281
2.67754
2.48538
2.2389
1.99132
1.72709
1.52361
1.45792
1.46281
1.44884
1.43371
1.41267
1.3769
1.36049
1.37382
1.40673
1.43248
1.4598
1.45039
2.53817
2.13128
1.66087
2.45362
3.05804
3.44173
3.57515
3.63974
3.74278
3.84953
3.96295
4.04788
4.06467
4.1257
4.17046
4.17165
4.06431
4.0847
3.96866
3.83197
3.79483
3.45214
2.82018
2.71504
2.92102
3.24556
3.21649
3.11719
3.20985
3.34715
5.56798
5.60565
5.44783
5.6303
6.14764
6.35531
5.93833
5.32871
5.24874
6.05404
7.33903
7.1243
6.89775
8.2921
3.24931
3.48612
3.32209
3.2578
3.53057
4.11372
4.60666
4.82866
4.83213
4.92287
4.95797
4.39987
3.75379
3.49612
3.53221
3.68828
3.97891
4.42136
4.84476
5.2323
5.40121
5.3609
5.08844
4.82527
4.61498
4.43791
4.25552
4.03618
3.71802
3.38791
3.10234
3.10661
3.14668
3.18265
3.20891
3.24258
3.30445
3.4296
3.56862
3.62482
3.49605
3.19577
3.16936
3.21725
3.23334
3.26836
3.27786
3.24022
3.26419
3.27649
3.27373
3.33036
3.26508
3.32634
3.31022
3.30644
3.31079
3.36169
3.37952
3.35115
3.12502
3.07665
3.03931
3.05901
3.05635
3.02648
2.995
2.9988
3.04545
3.0338
3.14396
3.28808
3.1755
3.05318
3.01858
2.88779
2.78383
2.79732
2.7717
2.68832
2.66024
2.6545
2.71116
2.71089
2.78366
2.83302
2.90297
2.96692
3.042
3.12116
3.6485
3.47632
3.35112
3.31602
3.50654
3.61548
3.6589
3.70918
3.7288
3.78368
3.8706
3.88022
3.88313
4.00191
4.0032
3.89314
3.78428
3.65548
3.62047
3.48264
3.44271
3.4055
3.45162
3.44392
3.35376
3.25
3.13931
2.92943
2.99859
3.06765
3.06557
3.07819
3.18306
3.3506
3.46512
3.44227
3.26274
3.09735
3.00519
2.96367
2.97288
3.05962
3.25596
3.48713
3.67635
3.92193
4.0584
4.3504
4.53363
4.59199
4.66015
4.58825
4.47924
4.31287
4.02783
3.77212
3.53712
3.31999
3.20256
3.26163
1.85113
2.20698
2.61582
2.86399
2.90438
2.71787
2.38287
2.37752
2.2824
1.99683
1.89065
1.89352
2.00052
2.12344
2.23045
2.41282
2.61187
2.69375
2.77424
2.74733
2.6213
2.53928
2.34309
2.19724
2.11106
2.02625
1.9959
1.92488
1.64588
1.53129
3.28463
3.3752
3.31958
3.26468
3.20178
3.15908
3.14754
3.16958
3.17739
3.17349
3.16757
3.08906
3.07163
3.09478
3.10446
3.13303
3.19894
3.17667
3.22357
3.17915
3.21419
3.27567
3.35025
3.33179
3.18824
3.02904
3.02258
3.10796
3.1459
3.19713
3.22441
3.09141
2.90643
2.78566
2.65446
2.54227
2.46865
2.38429
2.3593
2.28471
2.27893
2.25176
2.26261
2.26402
2.31045
2.34217
2.42663
2.52579
2.59348
2.72595
2.86957
2.90499
2.96605
2.92949
2.88781
2.87757
2.80557
2.80142
3.01201
3.13897
3.01704
3.72155
3.47027
2.91397
2.63814
2.46044
2.24981
2.15937
1.94977
1.88859
1.74641
1.8027
1.6925
1.70535
1.66108
1.64879
1.66713
1.79311
1.84954
1.96477
2.19591
2.32352
2.38987
2.4005
2.2548
2.31388
2.39226
2.36829
2.38772
2.42127
2.48225
2.29849
1.9404
1.68491
1.54326
1.46672
1.36126
1.29435
1.38221
1.3632
1.38322
1.29536
1.35408
1.35282
1.47983
1.56856
1.84444
1.9419
2.1848
1.97137
1.923
2.01089
2.06042
2.08552
2.13427
2.15553
2.19857
2.26382
2.35153
2.42714
1.86601
2.09915
2.11662
2.1605
2.33825
2.57345
2.80846
2.91977
3.13173
3.12227
3.07749
3.03015
2.90884
2.73568
2.4852
2.21933
1.9029
1.63664
1.45501
1.46041
1.4557
1.44268
1.4264
1.40112
1.37758
1.38117
1.40484
1.42938
1.46472
1.45022
2.57607
2.44732
1.66542
2.42949
3.14948
3.47652
3.59974
3.69595
3.79633
3.94576
4.02624
4.12508
4.22141
4.21642
4.22423
4.21771
4.16387
4.13314
4.05414
3.9152
3.81028
3.75499
3.07325
2.57466
2.67131
3.22011
3.38001
3.35129
3.33064
3.32695
5.74454
5.4673
5.69115
6.92475
8.00386
8.27184
7.78061
6.64291
5.74019
6.19684
7.39768
7.23927
6.97509
8.49273
3.21079
3.46947
3.35385
3.20894
3.22395
3.47743
3.72717
3.84267
3.98005
4.37176
4.72695
4.29531
3.72203
3.51143
3.5816
3.81161
4.22304
4.78484
5.35134
5.79145
5.98855
5.86703
5.4814
5.10277
4.78465
4.57138
4.32442
4.05311
3.69742
3.3807
3.09474
3.08395
3.12964
3.15316
3.18058
3.21828
3.30314
3.45216
3.51217
3.52224
3.32116
3.11654
3.20088
3.24701
3.25955
3.28444
3.26859
3.26612
3.27499
3.28703
3.25602
3.32584
3.2789
3.37368
3.28325
3.31969
3.33503
3.3592
3.37616
3.34923
3.10083
3.03319
2.99124
3.04336
3.03358
2.98025
2.92154
2.95963
3.03907
3.05353
3.15708
3.26548
3.12751
3.04464
2.93942
2.82635
2.80199
2.75158
2.67831
2.66749
2.70917
2.69765
2.75135
2.69865
2.76358
2.81605
2.90577
2.95829
3.04686
3.12252
3.67248
3.47993
3.31799
3.41047
3.56589
3.64118
3.67061
3.71907
3.74894
3.81536
3.86148
3.89234
3.96224
4.05629
4.01364
3.98064
3.88468
3.64354
3.60111
3.50466
3.45414
3.41107
3.44786
3.44056
3.38596
3.30861
3.10611
2.99448
3.07143
3.09512
3.03975
3.03412
3.09296
3.18176
3.22325
3.18597
3.09845
3.03044
2.99323
2.97243
3.00988
3.13926
3.36632
3.56214
3.71231
3.93111
4.10733
4.38679
4.61248
4.673
4.77917
4.75665
4.55493
4.42502
4.12933
3.83195
3.56721
3.35608
3.19813
3.2356
1.84438
2.15022
2.54692
2.85487
2.92768
2.76327
2.45687
2.40935
2.30435
2.00664
1.87306
1.88045
1.96265
2.05862
2.21275
2.40838
2.5645
2.70866
2.80211
2.76331
2.61342
2.56
2.3854
2.20656
2.10416
2.01924
1.97283
1.90907
1.63124
1.52347
3.42066
3.43173
3.42653
3.32419
3.213
3.15677
3.14765
3.15211
3.16684
3.19311
3.15548
3.07037
3.03096
3.00872
3.02389
3.07158
3.21469
3.17935
3.20029
3.20223
3.1965
3.24606
3.31318
3.32115
3.2174
3.06861
3.06948
3.12034
3.1641
3.23031
3.28586
3.11732
2.91573
2.78068
2.68145
2.5586
2.44327
2.37978
2.38577
2.3068
2.27018
2.23606
2.30023
2.23122
2.38497
2.27651
2.48003
2.45538
2.61514
2.72702
2.82058
2.94013
2.93014
2.93869
2.93141
2.94337
2.88459
2.88512
3.06931
3.22495
3.34691
4.04368
3.43211
2.85443
2.62475
2.43343
2.2236
2.09639
1.91827
1.87918
1.76548
1.79105
1.71828
1.71285
1.70768
1.67093
1.72466
1.75604
1.87184
2.0205
2.1849
2.39195
2.43211
2.40403
2.33867
2.39954
2.44913
2.46354
2.45753
2.4634
2.52221
2.17373
1.8366
1.65741
1.53178
1.42646
1.35729
1.34926
1.37959
1.31207
1.30272
1.37769
1.31595
1.39619
1.422
1.54355
1.75762
1.93565
2.07366
1.95331
1.91695
2.09217
2.20956
2.24132
2.30617
2.35598
2.35617
2.35494
2.29051
2.20629
1.85556
2.13547
2.15833
2.27308
2.42799
2.69324
2.91595
3.16038
3.1921
3.32383
3.21737
3.20107
3.06308
2.89685
2.64316
2.38891
2.05261
1.75675
1.5112
1.45468
1.46037
1.44776
1.4397
1.42422
1.40556
1.39822
1.41142
1.43125
1.46455
1.44903
2.31611
2.60909
2.26183
2.16173
3.02203
3.505
3.61797
3.70501
3.83328
3.98342
4.00117
4.15759
4.22605
4.32473
4.26615
4.33397
4.18962
4.2196
4.05323
3.98204
3.82128
3.77023
3.43947
2.56982
2.32756
2.79725
3.28277
3.32085
3.20432
2.95631
5.81363
5.56112
6.78266
8.54651
9.06764
8.92189
8.63127
7.77702
6.70009
6.7774
7.59691
7.244
7.06559
8.4135
7.10849
4.81793
3.33116
3.43535
3.42478
3.28639
3.18764
3.19793
3.27127
3.33102
3.51753
4.03908
4.56379
4.1811
3.66468
3.50016
3.64153
3.93191
4.44057
5.08337
5.69201
6.0824
6.19568
6.08642
5.67344
5.22963
4.91193
4.64552
4.33556
4.00461
3.64521
3.36679
3.09953
3.14154
3.10094
3.05424
3.07948
3.12222
3.16012
3.2135
3.35915
3.41509
3.39481
3.38439
3.16545
3.13482
3.23371
3.26023
3.26898
3.28332
3.2554
3.2856
3.25496
3.27972
3.26977
3.3303
3.2979
3.35589
3.28735
3.34674
3.33073
3.35719
3.37312
3.31054
3.16464
3.03484
3.03814
3.01206
2.98646
2.95899
2.93498
2.90305
2.89156
2.95384
3.00326
3.01874
3.19947
3.2884
3.09547
2.99215
2.91185
2.8165
2.76525
2.74293
2.7101
2.7236
2.74096
2.6959
2.77029
2.71533
2.77558
2.82941
2.90839
2.96776
3.05191
3.16055
3.58972
3.64687
3.56291
3.33304
3.27142
3.43737
3.56976
3.6397
3.66491
3.71397
3.74424
3.79875
3.82635
3.86326
3.92319
3.99699
3.97527
3.89506
3.84059
3.65148
3.58167
3.4854
3.45954
3.40852
3.46144
3.42882
3.40645
3.26851
2.96535
3.06589
3.08896
3.09478
3.07904
3.05304
3.05022
3.02195
3.04505
3.0719
3.08521
3.06573
3.03699
3.01258
2.99352
2.9936
3.07164
3.20978
3.43263
3.56254
3.68272
3.85281
4.05639
4.3346
4.49235
4.62855
4.68362
4.70761
4.54993
4.39271
4.15379
3.8414
3.55331
3.30885
3.16546
3.17838
2.81015
2.20115
1.86408
2.11738
2.4962
2.79172
2.93182
2.76565
2.50713
2.47593
2.3583
2.03995
1.88278
1.855
1.91407
2.01645
2.13962
2.31009
2.4736
2.60497
2.70411
2.67832
2.56381
2.50806
2.34726
2.18851
2.07154
1.98786
1.94673
1.86969
1.60063
1.55807
2.89671
3.49968
3.46767
3.53659
3.53699
3.39637
3.23981
3.1606
3.14585
3.14125
3.17548
3.19588
3.16558
3.10523
2.9869
2.99662
3.02056
3.0636
3.22073
3.17797
3.18386
3.21479
3.20662
3.22701
3.30138
3.31324
3.21645
3.09589
3.17201
3.22801
3.28781
3.33736
3.31911
3.30511
3.22319
3.07297
2.92792
2.78929
2.69229
2.61913
2.48804
2.40008
2.40517
2.39001
2.3564
2.30927
2.33362
2.2928
2.3765
2.33146
2.46771
2.50433
2.65992
2.70273
2.90368
2.92338
3.00395
2.9321
2.98583
3.01115
2.97653
2.93535
3.18654
3.30309
3.30837
3.62232
4.08023
4.23135
3.48993
2.87616
2.59949
2.45119
2.23101
2.04424
1.93397
1.88468
1.78938
1.79973
1.68609
1.67829
1.64447
1.65459
1.7081
1.82845
1.91355
2.04289
2.26055
2.46846
2.52553
2.37217
2.37929
2.47765
2.45863
2.47983
2.53596
2.58709
2.78014
2.78765
2.57357
2.07488
1.82883
1.67245
1.54591
1.39188
1.39743
1.32088
1.35747
1.30223
1.3059
1.34419
1.39134
1.27804
1.50761
1.5258
1.73281
1.91366
1.99395
1.8643
2.00178
2.12137
2.26363
2.33397
2.35007
2.41341
2.46206
2.45152
2.44189
2.30948
2.01685
1.91352
1.84255
2.10386
2.2492
2.30211
2.49052
2.67864
2.97885
3.13943
3.32225
3.29185
3.36479
3.23591
3.1326
2.98206
2.73777
2.46925
2.14003
1.84402
1.59354
1.44847
1.46106
1.45852
1.44723
1.44276
1.43108
1.42224
1.42482
1.44677
1.50462
1.459
1.45362
1.49171
1.81822
2.36175
2.86156
2.53211
2.65475
3.26895
3.59626
3.7201
3.82457
3.94746
3.99866
4.17189
4.20119
4.25306
4.26435
4.29341
4.22143
4.17625
4.10939
3.96944
3.83288
3.77621
3.59328
2.72434
2.13968
2.22734
2.69444
2.82528
2.49027
2.41327
3.94688
4.13967
5.78417
5.81839
7.96203
9.2357
9.01528
8.54298
8.48234
8.27532
7.56881
7.53344
7.67733
7.22131
7.20215
8.26497
6.85174
4.48923
3.34132
3.37836
3.4689
3.36824
3.20181
3.12315
3.11073
3.15883
3.34891
3.9199
4.4548
4.06488
3.66426
3.55161
3.70325
4.02426
4.54158
5.14352
5.75579
6.10853
6.2021
6.02851
5.66346
5.26411
4.94491
4.6256
4.26897
3.91255
3.57549
3.32555
3.11061
3.21883
3.13851
3.05822
3.07825
3.10805
3.15682
3.31178
3.32884
3.26279
3.22729
3.24513
3.08979
3.16411
3.24596
3.26614
3.27675
3.28311
3.26086
3.29446
3.28984
3.31536
3.29474
3.32863
3.30132
3.3348
3.31091
3.35
3.33469
3.36741
3.35992
3.21786
3.07868
3.03494
3.06152
3.00805
2.94055
2.93259
2.90465
2.90224
2.92186
2.96835
3.00304
3.03799
3.22004
3.26482
3.08295
2.99809
2.90561
2.79982
2.77341
2.77658
2.70247
2.68277
2.68693
2.72648
2.77035
2.75114
2.80229
2.86614
2.92755
3.00183
3.10177
3.32478
3.71671
3.57266
3.37939
3.242
3.2879
3.41175
3.54657
3.62325
3.6469
3.68141
3.71538
3.75472
3.75306
3.78762
3.81602
3.8637
3.81435
3.79197
3.76162
3.62321
3.55227
3.45908
3.45878
3.43694
3.46263
3.444
3.35389
3.1437
3.04253
3.10106
3.08699
3.05275
3.02686
3.00525
3.02147
3.00434
3.01658
3.02231
3.02635
3.02204
3.00893
3.0034
3.00111
3.03706
3.12754
3.27002
3.4508
3.51441
3.58787
3.72183
3.90492
4.14132
4.29322
4.40485
4.52198
4.51758
4.41667
4.28573
4.05175
3.77385
3.52545
3.29574
3.18496
3.20937
2.91939
2.25752
1.8724
2.07045
2.40276
2.68655
2.87815
2.7296
2.55553
2.55889
2.4498
2.12342
1.89745
1.83798
1.87018
1.96092
2.04856
2.18558
2.30685
2.40429
2.51633
2.55927
2.47377
2.40098
2.24347
2.14338
2.02229
1.96096
1.92272
1.82388
1.5716
1.57947
2.85294
3.59877
3.56333
3.72186
3.71796
3.53834
3.30551
3.18264
3.14607
3.14419
3.17247
3.17035
3.16398
3.21741
3.16165
3.11049
3.10767
3.17206
3.24434
3.18086
3.18793
3.2323
3.21308
3.23968
3.29065
3.29317
3.17603
3.10608
3.21658
3.25588
3.31292
3.36867
3.35992
3.34211
3.27451
3.16511
3.00267
2.88753
2.76565
2.63345
2.57214
2.49234
2.40385
2.32466
2.33126
2.34469
2.29785
2.27674
2.33738
2.40004
2.50259
2.59093
2.67552
2.80766
2.88998
2.99845
2.94651
2.97837
3.14713
3.17381
3.06771
3.1329
3.27296
3.27554
3.64689
4.17394
4.51635
4.47045
3.68623
2.90595
2.62777
2.46047
2.26664
2.05021
1.97432
1.87263
1.76106
1.84466
1.80779
1.74941
1.73337
1.76944
1.81713
1.85472
1.96187
2.11855
2.36888
2.49693
2.50228
2.38497
2.36946
2.46578
2.57023
2.69728
2.87124
2.98771
2.97404
2.86638
2.4637
1.98149
1.8243
1.7054
1.56162
1.42392
1.38911
1.34512
1.33695
1.34219
1.35676
1.3564
1.34187
1.38912
1.39519
1.62375
1.70287
1.94117
1.89514
1.84985
1.99348
2.18581
2.21961
2.32132
2.34316
2.3866
2.43247
2.50017
2.48487
2.50382
2.40048
2.2223
1.91792
1.92035
2.10041
2.26196
2.43961
2.65185
2.87087
3.04282
3.2944
3.2432
3.31479
3.25767
3.10186
2.96818
2.74426
2.47192
2.17062
1.87913
1.63832
1.45086
1.45413
1.46565
1.4632
1.45368
1.44659
1.44088
1.44404
1.48428
1.51108
1.48178
1.45118
1.44471
1.68523
2.27684
2.87192
3.00214
2.7136
2.87945
3.36336
3.66886
3.78151
3.91507
3.96965
4.08524
4.1598
4.18456
4.18935
4.24789
4.14524
4.14414
4.06722
3.95395
3.78104
3.74839
3.64236
2.82111
1.99921
1.76359
1.92119
1.89392
1.65188
2.42198
3.82794
3.96205
5.8298
6.32297
8.70579
9.24047
8.42605
7.79444
7.9375
8.12728
7.93953
7.71059
7.52713
7.26577
7.67788
8.18097
6.97928
4.66412
3.31935
3.3912
3.53269
3.46579
3.34437
3.23482
3.20708
3.24746
3.44734
3.94254
4.35644
3.96835
3.65755
3.56916
3.71816
4.05191
4.5269
5.0481
5.51606
5.83454
5.89881
5.76352
5.46381
5.15807
4.84271
4.48001
4.11757
3.76943
3.47288
3.25259
3.15106
3.26296
3.18824
3.11342
3.12395
3.20318
3.32042
3.27314
3.11583
3.03812
3.08756
3.13464
3.05857
3.1744
3.25214
3.26203
3.28493
3.28566
3.26756
3.25869
3.26156
3.27969
3.28622
3.32974
3.34079
3.32084
3.32948
3.33108
3.34778
3.36085
3.28015
3.11845
3.03221
3.00618
3.04196
3.01628
2.96567
2.91549
2.9063
2.90706
2.93383
2.97607
2.98212
3.05003
3.26561
3.24783
3.06932
3.00709
2.91369
2.81305
2.78376
2.79968
2.79993
2.75799
2.78289
2.74041
2.78463
2.76213
2.83835
2.89901
2.95924
3.06996
3.2305
3.50571
3.60517
3.39148
3.28677
3.22979
3.2811
3.34998
3.49845
3.60512
3.61998
3.6363
3.68397
3.69972
3.69906
3.70829
3.73404
3.67914
3.72594
3.70143
3.6029
3.50421
3.50942
3.45405
3.46955
3.45709
3.46231
3.38505
3.2114
3.04558
3.07823
3.11236
3.11405
3.06795
3.01254
2.95873
2.99636
2.97052
2.99858
2.99535
3.00491
3.00264
3.00841
3.01941
3.04285
3.09934
3.16572
3.29207
3.44093
3.44261
3.44989
3.53418
3.66364
3.86578
4.03148
4.15697
4.21311
4.22887
4.15711
4.0643
3.87248
3.65662
3.4508
3.26695
3.19357
3.20606
2.95335
2.27812
1.90637
1.98544
2.28461
2.55828
2.79364
2.67288
2.60091
2.6506
2.55738
2.25867
1.96037
1.85667
1.8534
1.89854
1.96332
2.06237
2.17005
2.21458
2.26058
2.27716
2.25693
2.21222
2.1359
2.04858
1.98522
1.9357
1.90126
1.77973
1.56871
1.66809
2.92678
3.71326
3.70571
3.88673
3.88855
3.68571
3.41237
3.22323
3.15519
3.15144
3.18342
3.18789
3.13824
3.11311
3.15956
3.22457
3.21253
3.18476
3.20025
3.19531
3.21982
3.23358
3.22556
3.26054
3.2878
3.26149
3.14799
3.16331
3.26674
3.28508
3.34796
3.40566
3.40484
3.3639
3.3287
3.23473
3.06296
2.94368
2.8519
2.74322
2.63361
2.54618
2.52601
2.50618
2.4174
2.31267
2.39087
2.40265
2.47512
2.44765
2.60854
2.63125
2.79763
2.85014
2.98322
3.01805
2.93428
3.16498
3.31115
3.21048
3.20302
3.25344
3.23119
3.38129
3.96422
4.37613
4.59761
4.58286
3.90597
3.00658
2.66942
2.50068
2.3099
2.14129
2.01455
1.95234
1.76269
1.7429
1.74098
1.79193
1.78646
1.78926
1.82432
1.93908
2.09691
2.27586
2.43898
2.56034
2.46013
2.34311
2.37341
2.44305
2.63577
2.90458
3.04331
3.05617
2.95255
2.8132
2.45199
1.99479
1.86671
1.7462
1.62857
1.46328
1.4051
1.29668
1.32059
1.27876
1.25465
1.33201
1.28856
1.40081
1.49562
1.59804
1.81156
1.92175
1.85721
1.85855
2.03118
2.15262
2.25004
2.26536
2.34458
2.33798
2.42501
2.45854
2.48645
2.50292
2.50167
2.42099
2.2153
1.95536
1.90674
2.02157
2.23621
2.42464
2.70516
2.80661
3.09675
3.11509
3.12355
3.1682
3.06494
2.8554
2.65124
2.42148
2.13243
1.85187
1.63323
1.47904
1.44747
1.46404
1.47964
1.48716
1.47246
1.45821
1.47222
1.46886
1.49963
1.48375
1.44776
1.52849
2.03248
2.66652
3.05966
3.12727
2.94353
2.74768
2.96287
3.36861
3.66636
3.84382
3.8969
3.97657
4.05876
4.13141
4.15152
4.10011
4.08937
4.06692
4.00516
3.86173
3.73039
3.68135
3.62249
2.88927
1.77476
1.3925
1.26114
1.1929
1.13435
2.35277
3.7129
3.76021
5.89585
6.63167
8.91248
9.11415
7.93627
7.26748
7.33712
7.63259
7.67478
7.46793
7.30907
7.53204
8.27779
8.54035
8.24335
5.86127
3.48295
3.36827
3.49474
3.55714
3.50496
3.45027
3.40495
3.44259
3.60846
3.97501
4.22987
3.88121
3.68377
3.60807
3.73185
3.98968
4.36226
4.76786
5.14384
5.38905
5.47433
5.36786
5.16278
4.8851
4.56424
4.23556
3.90882
3.60559
3.35111
3.14745
3.14313
3.26682
3.25861
3.21816
3.23599
3.21997
3.07618
2.95716
2.9195
2.93107
2.99897
3.04574
3.0309
3.17476
3.25348
3.26247
3.2788
3.29385
3.30401
3.29945
3.27927
3.29129
3.32732
3.34121
3.29907
3.32526
3.33123
3.3427
3.34964
3.3202
3.21661
3.10449
3.02711
2.99353
3.04332
3.03824
2.98763
2.95189
2.93324
2.95707
2.97155
2.95711
2.99345
3.08575
3.30137
3.23755
3.06999
3.02148
2.93936
2.86722
2.80202
2.75257
2.75838
2.78239
2.72919
2.78408
2.76709
2.83885
2.87298
2.96441
3.06959
3.22821
3.42635
3.57456
3.47797
3.3303
3.26596
3.25695
3.25446
3.28608
3.42694
3.57852
3.60172
3.60845
3.63212
3.66118
3.64771
3.64112
3.60433
3.61055
3.54754
3.5029
3.49858
3.51374
3.53213
3.48916
3.48297
3.46708
3.39023
3.23988
3.04524
2.98247
3.02949
3.06425
3.11599
3.13031
3.09437
3.00778
3.00201
3.00616
3.01548
3.0265
3.03473
3.05617
3.0694
3.09642
3.11565
3.16249
3.17684
3.28478
3.40479
3.38142
3.30543
3.31666
3.41353
3.53355
3.66865
3.786
3.83171
3.87771
3.86908
3.77632
3.64987
3.51348
3.37124
3.268
3.22431
3.23907
2.82154
2.14083
1.8974
1.9203
2.15349
2.46492
2.69287
2.63944
2.62573
2.72546
2.66624
2.43539
2.09341
1.89999
1.84719
1.87114
1.90169
1.93039
2.00417
2.07875
2.09798
2.10738
2.10806
2.08286
2.02329
1.97464
1.94619
1.91017
1.85851
1.73736
1.62481
1.97026
3.23792
3.87383
3.94429
4.03721
4.01707
3.81377
3.56559
3.30304
3.20005
3.16235
3.15553
3.18655
3.22499
3.18614
3.13479
3.12603
3.17592
3.19724
3.21017
3.22336
3.21044
3.24014
3.26131
3.28816
3.28369
3.23812
3.16116
3.24088
3.30574
3.31724
3.37504
3.43449
3.41312
3.39927
3.36512
3.29475
3.18208
3.04551
2.95562
2.86575
2.7501
2.65331
2.55653
2.49761
2.53582
2.53152
2.43611
2.48646
2.50325
2.60054
2.65208
2.76016
2.83069
2.94846
2.96926
2.95376
2.99851
3.23469
3.27456
3.27217
3.26859
3.21031
3.21425
3.37079
3.69571
4.04457
4.43044
4.58813
4.18538
3.17717
2.74772
2.56998
2.4062
2.24759
2.08122
2.05605
1.9264
1.83829
1.76006
1.781
1.79877
1.84676
1.95851
2.07532
2.18833
2.36723
2.52852
2.54173
2.44262
2.31236
2.32774
2.4367
2.57639
2.86723
3.035
3.02263
2.88891
2.78514
2.50578
2.06109
1.91589
1.82371
1.70607
1.54943
1.48991
1.38302
1.34291
1.32229
1.34652
1.33513
1.38335
1.47522
1.55356
1.74349
1.82884
1.93773
1.82333
1.9299
2.02598
2.17495
2.18559
2.28521
2.26584
2.35432
2.35008
2.46631
2.47949
2.49651
2.50386
2.46172
2.32536
2.0949
1.89871
1.83576
1.90462
2.07865
2.35735
2.50465
2.68842
2.85812
2.85831
2.87816
2.78969
2.71176
2.5057
2.30017
2.03443
1.774
1.59406
1.48006
1.44116
1.45049
1.49782
1.62664
1.73267
1.76602
1.7461
1.71303
1.76145
1.68813
1.72225
2.15288
2.7169
3.01983
3.10821
3.10705
3.05192
2.81845
2.72038
2.98054
3.35604
3.6487
3.80622
3.88086
3.92182
3.94386
3.95219
3.99567
3.99099
3.97376
3.88176
3.72896
3.6435
3.63235
3.55454
2.7787
1.51201
1.2272
1.17971
1.12504
1.16601
2.67076
3.60103
3.67056
5.96652
6.68916
8.94284
9.15245
7.96724
7.08189
6.93363
7.06605
7.19193
7.15771
7.28907
7.87614
8.80384
9.20936
9.38105
8.0993
4.64849
3.52948
3.46285
3.52315
3.59347
3.60354
3.61514
3.62604
3.72648
3.9391
4.06085
3.80121
3.7087
3.62775
3.70701
3.88983
4.13963
4.40555
4.641
4.80671
4.84934
4.81925
4.67934
4.48021
4.23178
3.96787
3.69879
3.42864
3.15318
2.95752
3.00312
3.19064
3.23796
3.15491
3.06948
2.95889
2.97647
3.01936
2.99713
2.95123
2.9388
2.97368
2.99099
3.1507
3.24883
3.26593
3.27517
3.28093
3.27867
3.29011
3.30875
3.30566
3.3055
3.28212
3.31345
3.34679
3.33732
3.34266
3.34937
3.30944
3.26125
3.1947
3.06265
2.97515
3.03055
3.02124
3.00906
2.98666
2.95712
2.97594
2.95306
2.93368
3.01228
3.13059
3.32229
3.23318
3.06566
3.05069
2.9801
2.9168
2.88645
2.83445
2.78198
2.76167
2.80131
2.7945
2.87417
2.93227
3.02261
3.14752
3.28313
3.43216
3.54548
3.5164
3.38554
3.31027
3.31014
3.30066
3.26134
3.24072
3.34387
3.53475
3.60043
3.57867
3.58975
3.61156
3.60702
3.58781
3.58915
3.52191
3.55215
3.554
3.54026
3.51887
3.50069
3.48489
3.47474
3.39535
3.25654
3.07635
2.93121
2.90255
2.91334
2.93166
3.02379
3.11303
3.1955
3.16016
3.10192
3.09912
3.10975
3.11641
3.12799
3.15164
3.16582
3.17771
3.19151
3.20193
3.17322
3.25494
3.35941
3.33591
3.22696
3.14887
3.13406
3.1972
3.31332
3.42038
3.5314
3.55551
3.55222
3.53844
3.48128
3.41459
3.33944
3.28232
3.23222
3.18388
2.43611
1.93181
1.86335
1.88932
2.08425
2.42753
2.60046
2.60225
2.64767
2.76305
2.78328
2.62714
2.29125
1.99366
1.8929
1.87165
1.88847
1.88829
1.89068
1.91172
1.94397
1.96292
1.94328
1.93631
1.91048
1.89974
1.88542
1.85771
1.81154
1.78995
1.93714
2.69492
3.66574
4.07923
4.17873
4.17515
4.06677
3.85203
3.71402
3.42591
3.2715
3.20899
3.17902
3.1604
3.16815
3.20607
3.22225
3.18113
3.16154
3.1917
3.21401
3.2167
3.24285
3.27754
3.28404
3.29503
3.25774
3.20451
3.19821
3.29866
3.37622
3.41318
3.44397
3.45811
3.45091
3.40073
3.36902
3.33744
3.28317
3.14573
3.06797
2.98616
2.89482
2.81168
2.72442
2.64112
2.55187
2.5379
2.57892
2.56501
2.62651
2.66379
2.77672
2.81896
2.93015
2.94358
2.96799
3.00222
3.14541
3.17433
3.19581
3.21513
3.15839
3.12567
3.10274
3.15258
3.23803
3.61858
4.15478
4.45928
4.33259
3.44935
2.85841
2.66724
2.52337
2.37314
2.20868
2.11856
2.05088
1.99576
1.95728
1.8952
1.94114
2.04263
2.13181
2.22281
2.35948
2.50222
2.57539
2.52314
2.37989
2.34055
2.31226
2.39818
2.53192
2.73176
2.90396
2.95801
2.83252
2.74621
2.58415
2.17202
1.97773
1.9049
1.80119
1.67802
1.55979
1.47977
1.42617
1.38626
1.36378
1.41757
1.4816
1.58048
1.68045
1.82399
1.91746
1.86977
1.87972
1.96516
2.04362
2.15066
2.18756
2.24608
2.24767
2.36249
2.32758
2.43646
2.48459
2.48924
2.50018
2.45537
2.29317
2.0696
1.87753
1.73427
1.72378
1.80217
1.91404
2.09504
2.30894
2.36252
2.55542
2.50796
2.5425
2.42946
2.33286
2.10735
1.87432
1.67054
1.52899
1.46242
1.43953
1.4304
1.44726
1.55149
1.7772
1.96005
2.13945
2.27436
2.4609
2.46799
2.65049
2.94148
3.06903
3.05626
2.95645
2.90814
2.90493
2.77676
2.61719
2.65803
2.92453
3.25937
3.53107
3.69677
3.7798
3.82873
3.86008
3.84151
3.88473
3.78368
3.67193
3.59166
3.53958
3.59125
3.44258
2.5106
1.25794
1.15348
1.16905
1.16656
1.63157
3.18509
3.54913
3.596
5.99975
6.50353
8.80601
9.34662
8.52724
7.47428
7.01348
6.96004
7.05134
7.24516
7.5611
8.27559
9.11288
9.57939
9.52295
8.51048
6.69804
4.84375
3.94932
3.55553
3.49071
3.51151
3.52362
3.53749
3.62085
3.78738
3.86129
3.73338
3.73817
3.65666
3.67139
3.78236
3.90486
4.05045
4.17202
4.25148
4.28883
4.25895
4.18135
4.04432
3.87377
3.67471
3.45227
3.20542
2.98568
2.9234
3.01942
3.02764
3.08112
3.01997
3.05082
3.17662
3.27698
3.28222
3.1711
3.01674
2.91047
2.91221
2.92792
3.09801
3.22851
3.2582
3.2797
3.28601
3.28435
3.27129
3.2653
3.27434
3.26945
3.31306
3.34321
3.341
3.35065
3.36223
3.34647
3.33934
3.32961
3.30482
3.14603
3.01372
2.98873
2.98555
2.96893
2.97596
2.94181
2.94772
2.93259
2.95631
3.08149
3.19428
3.32509
3.23137
3.05501
3.07755
3.04145
2.97112
2.93826
2.93568
2.92005
2.92059
2.91154
2.9885
3.05181
3.13575
3.25584
3.37136
3.48244
3.55326
3.54495
3.48498
3.40457
3.36662
3.36999
3.34288
3.29089
3.23161
3.26788
3.45323
3.60125
3.57286
3.54471
3.55533
3.55288
3.55272
3.49795
3.48873
3.45099
3.45896
3.4733
3.48074
3.47384
3.4425
3.37377
3.24167
3.08067
2.92296
2.82798
2.83171
2.80722
2.85695
2.9269
3.02015
3.10923
3.2364
3.32618
3.31119
3.22119
3.15195
3.16046
3.18699
3.21798
3.24349
3.24494
3.22653
3.1624
3.21368
3.29205
3.31496
3.2324
3.09686
2.98475
2.9041
2.93715
2.9632
3.02472
3.11066
3.14153
3.14411
3.13846
3.10779
3.04992
2.96078
2.82096
2.60963
2.07388
1.96558
1.88425
1.92221
2.13745
2.42717
2.5532
2.56598
2.65717
2.81488
2.87172
2.741
2.51722
2.18211
1.97364
1.90598
1.89155
1.90239
1.88861
1.86304
1.85165
1.85228
1.86552
1.85534
1.87647
1.88387
1.89376
1.91141
1.98964
2.25695
2.93894
3.60464
4.04238
4.13903
4.19032
4.14327
3.95933
3.74929
3.77475
3.61651
3.35112
3.27439
3.21923
3.18994
3.16051
3.13982
3.14525
3.1704
3.18807
3.19133
3.19411
3.23297
3.27059
3.29144
3.29878
3.28628
3.25298
3.20725
3.22737
3.29052
3.35293
3.3999
3.43219
3.44936
3.41709
3.39585
3.36617
3.34491
3.35615
3.24906
3.16517
3.11639
3.04589
2.95854
2.87482
2.79792
2.73866
2.65385
2.65874
2.68867
2.71506
2.81704
2.83546
2.93313
2.96807
3.03626
3.14371
3.37702
3.53234
3.56677
3.51111
3.36436
3.2725
3.1948
3.14797
3.17803
3.33223
3.69986
4.08138
4.2701
4.27201
3.78537
3.03366
2.78895
2.65019
2.53186
2.40532
2.26585
2.17564
2.11666
2.10917
2.13173
2.15691
2.19535
2.27079
2.38894
2.5081
2.5689
2.55313
2.48238
2.37799
2.34492
2.34539
2.4186
2.5009
2.68997
2.76961
2.83802
2.7528
2.692
2.61274
2.3345
2.03373
1.97829
1.90577
1.80077
1.70758
1.6343
1.56291
1.52794
1.54635
1.60064
1.62812
1.74264
1.81252
1.90418
1.9235
1.90235
1.91948
2.00802
2.0387
2.14072
2.13515
2.23549
2.2115
2.3226
2.3301
2.43252
2.44978
2.48384
2.48403
2.39588
2.16324
1.919
1.80533
1.74037
1.69984
1.70645
1.68327
1.83174
1.97041
2.0244
2.15539
2.24972
2.21658
2.21685
2.07563
1.90813
1.69853
1.55088
1.46108
1.44451
1.43758
1.42462
1.41974
1.42618
1.44967
1.48933
1.70486
1.98732
2.33658
2.72005
3.02172
3.07347
3.06621
2.90478
2.74566
2.63645
2.6556
2.59869
2.47867
2.4209
2.54431
2.78395
3.05058
3.28055
3.43724
3.54456
3.57347
3.6017
3.53678
3.53198
3.43479
3.45202
3.49178
3.51542
3.22626
2.06952
1.19393
1.17651
1.25487
1.69062
2.68432
3.50904
3.50229
3.55167
6.07615
6.1463
8.34239
9.33904
9.27369
8.56512
7.96268
7.67448
7.68929
7.90909
8.28339
8.83683
9.39463
9.66649
9.32307
7.72641
6.39504
5.50005
4.67492
4.02133
3.66014
3.4649
3.43054
3.44833
3.53424
3.65371
3.71982
3.68899
3.75887
3.72864
3.63828
3.69499
3.73221
3.76579
3.79563
3.78816
3.76307
3.73308
3.6667
3.58608
3.48127
3.34857
3.19146
3.02957
2.92258
2.95489
3.06065
3.1597
3.17219
3.21054
3.30363
3.41187
3.46479
3.40963
3.28948
3.04408
2.90984
2.86708
2.8677
3.00366
3.18383
3.24392
3.26173
3.28169
3.29137
3.28261
3.26878
3.25371
3.29963
3.31666
3.32568
3.35475
3.37341
3.36806
3.35025
3.3331
3.31994
3.30786
3.2541
3.18225
3.09003
3.04732
3.01209
3.0173
2.97939
3.00733
3.03145
3.08095
3.14681
3.21761
3.30631
3.22616
3.04192
3.08883
3.10301
3.0548
3.01412
3.0154
3.03052
3.03918
3.09099
3.16088
3.22411
3.34768
3.3958
3.48389
3.50661
3.50608
3.48278
3.46451
3.45455
3.44728
3.42867
3.36017
3.29621
3.23521
3.24216
3.32665
3.56154
3.59744
3.52658
3.49201
3.47079
3.4557
3.41449
3.35733
3.36369
3.36454
3.35944
3.34078
3.31826
3.2688
3.18212
3.07631
2.95546
2.86959
2.81683
2.80914
2.80634
2.86632
2.95384
3.03344
3.08355
3.15164
3.35259
3.39287
3.27514
3.16354
3.15446
3.19479
3.22558
3.24568
3.24916
3.19477
3.13946
3.16413
3.2167
3.28193
3.28252
3.18466
3.02792
2.91915
2.81317
2.77079
2.71206
2.70473
2.69713
2.69771
2.69038
2.65976
2.60495
2.52352
2.42298
2.33729
2.27682
2.13447
1.99818
2.07658
2.25426
2.42318
2.49186
2.56285
2.69929
2.87454
2.90146
2.78972
2.65309
2.43236
2.11772
1.98516
1.94351
1.94416
1.9518
1.94772
1.94248
1.95484
1.96021
1.99545
2.03745
2.08739
2.17503
2.33285
2.60749
2.98741
3.38387
3.64242
3.73956
3.75661
3.78868
3.69231
3.58687
3.56825
3.72598
3.79834
3.4962
3.35152
3.29252
3.24286
3.19271
3.15493
3.12787
3.10327
3.13681
3.14849
3.19839
3.24134
3.26579
3.28457
3.29572
3.26935
3.23774
3.2101
3.21429
3.21767
3.24
3.27859
3.31904
3.31969
3.33136
3.32834
3.31588
3.329
3.37715
3.35848
3.24487
3.21796
3.18576
3.12826
3.0498
2.96804
2.89723
2.88263
2.82918
2.84515
2.88898
2.93909
2.99835
3.06257
3.152
3.24636
3.42861
3.58668
3.64823
3.70382
3.70067
3.72795
3.71082
3.66313
3.66017
3.70921
3.83927
3.97695
4.04877
4.03981
4.07348
3.98916
3.32406
2.93099
2.79767
2.68374
2.58195
2.48053
2.38305
2.31814
2.24631
2.29291
2.32258
2.37527
2.4598
2.52339
2.5631
2.56975
2.52438
2.44726
2.41034
2.40295
2.38471
2.46712
2.49853
2.6049
2.65829
2.68965
2.65271
2.62207
2.59467
2.47562
2.11012
2.02972
1.98745
1.94794
1.83323
1.7829
1.73792
1.7032
1.71492
1.7005
1.8229
1.84507
1.90647
1.95744
1.94653
1.98325
1.98832
2.03528
2.07307
2.12408
2.13303
2.19797
2.2237
2.30047
2.34318
2.42444
2.4304
2.49169
2.45177
2.24118
1.93868
1.81057
1.82021
1.83222
1.79025
1.77264
1.74196
1.77866
1.8299
1.92443
1.93317
2.02488
2.0241
1.95181
1.85245
1.68859
1.55982
1.44372
1.43447
1.429
1.42326
1.41917
1.4213
1.4282
1.43514
1.44507
1.45503
1.57029
1.95048
2.55264
3.01238
3.06901
2.99672
2.83266
2.7073
2.59947
2.5333
2.42192
2.32872
2.28719
2.30729
2.4065
2.55524
2.7182
2.86243
2.95997
3.06999
3.13006
3.17075
3.23388
3.28723
3.38945
3.47295
3.37074
2.81019
1.7246
1.35739
1.47995
1.95174
2.67469
3.28348
3.52367
3.48444
3.50798
6.19379
5.78403
7.58503
9.12179
9.37553
9.29065
9.16906
8.99949
8.93688
8.99109
9.12645
9.28436
9.42153
9.42911
8.77963
7.12569
5.4321
4.72047
4.39969
4.18544
3.95612
3.80272
3.70813
3.68777
3.69225
3.7113
3.71678
3.69735
3.74348
3.81245
3.62298
3.64576
3.63698
3.61027
3.58594
3.54587
3.50148
3.46328
3.42357
3.38386
3.33808
3.28411
3.22479
3.1658
3.12845
3.14105
3.20425
3.27786
3.33359
3.37457
3.41546
3.46069
3.53197
3.44534
3.27028
2.98682
2.8853
2.84419
2.81822
2.8587
3.08137
3.22173
3.23466
3.2375
3.23843
3.24616
3.25079
3.27932
3.28951
3.30576
3.34615
3.37069
3.3773
3.37689
3.35651
3.32748
3.2923
3.2734
3.25153
3.23353
3.20383
3.1636
3.12562
3.11951
3.08272
3.10516
3.10602
3.11936
3.13293
3.19471
3.27291
3.19587
3.02879
3.04897
3.1187
3.119
3.08519
3.08673
3.09768
3.12628
3.15872
3.20239
3.31298
3.32519
3.40307
3.41658
3.42484
3.41344
3.39732
3.38169
3.37257
3.37309
3.33998
3.27367
3.23739
3.21486
3.23075
3.22509
3.39413
3.58854
3.52916
3.44424
3.38435
3.36994
3.25134
3.25117
3.16827
3.19061
3.18254
3.18696
3.1739
3.1472
3.11381
3.06878
3.01582
2.97559
2.94267
2.94583
2.95525
3.0084
3.02961
3.0505
3.09611
3.17236
3.33554
3.36575
3.22846
3.16163
3.16704
3.17066
3.18152
3.19839
3.17397
3.15839
3.1313
3.12907
3.17013
3.1982
3.25927
3.29443
3.2
3.11365
2.99388
2.94713
2.92394
2.89498
2.9016
2.91378
2.91902
2.92604
2.93156
2.92446
2.90393
2.86722
2.80951
2.61651
2.44741
2.43927
2.49557
2.53224
2.59819
2.66755
2.81658
2.90781
2.90031
2.79552
2.65924
2.56447
2.30665
2.06289
1.99581
1.98894
2.00143
2.04004
2.07916
2.11244
2.17441
2.22374
2.3134
2.3965
2.51403
2.64092
2.77154
2.88022
2.94105
3.02522
3.1024
3.16564
3.2719
3.32784
3.44304
3.55179
3.73069
3.83503
3.68092
3.37084
3.31474
3.2864
3.26103
3.21286
3.17997
3.15449
3.13752
3.17594
3.20219
3.2271
3.25917
3.27618
3.27736
3.25865
3.22819
3.20915
3.18958
3.17986
3.16249
3.17883
3.18487
3.21409
3.21273
3.25385
3.27409
3.31564
3.36245
3.38803
3.28722
3.23625
3.25025
3.25183
3.21224
3.16319
3.09679
3.04104
3.06659
3.07057
3.06519
3.14095
3.1567
3.2311
3.25704
3.34248
3.36339
3.43309
3.40953
3.44479
3.41454
3.47594
3.47531
3.54572
3.56776
3.61778
3.63227
3.65243
3.67567
3.73547
3.85832
3.93374
3.65849
3.05653
2.88621
2.81463
2.74623
2.68123
2.56574
2.50093
2.54052
2.46973
2.49784
2.54274
2.57582
2.59295
2.59585
2.57474
2.54598
2.52248
2.48193
2.50036
2.49583
2.51934
2.5089
2.56511
2.54322
2.58651
2.55692
2.56431
2.57484
2.4981
2.18477
2.01852
2.01412
2.00599
1.9337
1.9196
1.8417
1.84131
1.83209
1.87858
1.86501
1.93829
2.02852
2.00105
2.05863
2.07784
2.08015
2.13989
2.12746
2.16951
2.21725
2.20776
2.25505
2.33513
2.35017
2.42886
2.44758
2.49412
2.35768
1.9362
1.78658
1.8272
1.87575
1.91277
1.90598
1.91625
1.85268
1.9064
1.80028
1.88927
1.77165
1.83599
1.74137
1.73721
1.63012
1.57057
1.45242
1.42136
1.40659
1.40695
1.41434
1.42661
1.44106
1.45114
1.46053
1.46703
1.48151
1.51048
1.70769
2.3204
2.97548
3.05695
2.99602
2.89453
2.84978
2.77197
2.69234
2.58225
2.51899
2.47926
2.47957
2.49792
2.54223
2.59969
2.67133
2.76849
2.80128
2.93734
2.98584
3.13427
3.23813
3.44724
3.38582
2.97214
2.71078
2.59577
2.58924
2.80648
3.05399
3.30802
3.47556
3.49602
3.4641
3.48324
)
;

boundaryField
{
    wand
    {
        type            zeroGradient;
    }
    frontAndBack
    {
        type            empty;
    }
}


// ************************************************************************* //
