/*--------------------------------*- C++ -*----------------------------------*\
| =========                 |                                                 |
| \\      /  F ield         | OpenFOAM: The Open Source CFD Toolbox           |
|  \\    /   O peration     | Version:  2.1.1                                 |
|   \\  /    A nd           | Web:      www.OpenFOAM.org                      |
|    \\/     M anipulation  |                                                 |
\*---------------------------------------------------------------------------*/
FoamFile
{
    version     2.0;
    format      ascii;
    class       volScalarField;
    location    "0.002400000";
    object      cSound;
}
// * * * * * * * * * * * * * * * * * * * * * * * * * * * * * * * * * * * * * //

dimensions      [0 1 -1 0 0 0 0];

internalField   nonuniform List<scalar> 
12384
(
1042.53
1042.22
1035.41
1030.29
1033.61
1033.62
1024.01
1001.62
725.832
493.405
465.156
468.174
476.833
481.054
440.206
445.789
463.916
507.673
556.081
675.939
910.993
912.208
912.591
912.588
910.265
905.625
901.129
903.629
910.843
893.621
673.16
619.275
584.861
536.985
497.162
454.455
438.039
436.586
440.545
446.268
452.906
454.972
454.519
454.499
446.401
462.148
546.324
702.51
977.507
975.344
977.611
989.084
993.87
1000.65
1001.65
1020.33
1011.51
1032.98
684.433
618.501
582.474
558.018
541.82
519.145
495.327
454.662
438.171
437.39
442.129
451.066
463.697
472.592
473.894
470.943
496.288
483.174
485.245
491.533
503.577
572.167
676.409
696.998
759.718
781.965
775.648
711.481
643.41
561.901
537.621
502.228
496.673
489.729
483.433
473.995
460.97
458.629
455.034
459.566
465.711
472.936
478.119
480.794
481.527
482.247
425.52
422.86
420.481
416.368
412.73
410.261
409.84
413.58
413.786
417.896
419.743
422.967
425.382
427.899
431.309
434.663
439.023
443.015
447.673
451.389
454.398
455.925
455.263
454.978
454.72
452.838
453.767
453.319
452.909
452.311
419.841
418.908
419.074
419.146
419.572
419.994
420.078
419.957
420.665
419.944
420.105
419.888
419.15
419.143
417.897
417.635
417.361
415.764
415.592
415.339
414.069
414.327
413.114
413.258
412.287
412.56
411.645
411.996
411.44
411.681
406.564
406.459
406.42
406.361
406.322
406.24
406.219
406.096
406.081
405.954
405.949
405.809
405.827
405.658
405.705
405.541
405.592
405.455
405.504
405.383
405.426
405.319
405.362
405.281
405.277
405.279
405.235
405.253
405.224
405.328
405.145
405.053
405.046
405.043
405.04
405.036
405.03
405.027
405.022
405.02
405.014
405.012
405.003
404.999
404.993
404.994
404.996
404.999
405.006
405.007
405.01
405.011
405.014
405.016
405.018
405.021
405.023
405.026
405.031
405.124
405.124
405.031
405.026
405.022
405.021
405.017
405.016
405.013
405.011
405.008
405.006
405.003
404.997
404.992
404.989
404.989
404.992
404.996
405.002
405.005
405.007
405.009
405.013
405.015
405.018
405.021
405.022
405.025
405.03
405.124
405.124
405.032
405.025
405.022
405.02
405.017
405.014
405.012
405.009
405.007
405.005
405.003
404.997
404.993
404.989
404.988
404.991
404.996
405.003
405.006
405.008
405.012
405.015
405.016
405.019
405.022
405.024
405.025
405.031
405.124
405.124
405.031
405.025
405.022
405.021
405.017
405.015
405.012
405.011
405.007
405.006
405.002
404.998
404.992
404.989
404.988
404.991
404.996
405.002
405.005
405.007
405.009
405.013
405.015
405.018
405.021
405.022
405.025
405.03
405.124
405.124
405.03
405.025
405.022
405.022
405.018
405.016
405.013
405.01
405.007
405.005
405.001
404.997
404.991
404.988
404.988
404.992
404.996
405.002
405.006
405.007
405.01
405.012
405.015
405.017
405.02
405.021
405.024
405.029
405.124
405.123
405.029
405.024
405.02
405.02
405.015
405.015
405.011
405.011
405.007
405.006
405.002
404.998
404.992
404.99
404.988
404.992
404.995
405.001
405.003
405.007
405.009
405.013
405.014
405.018
405.02
405.022
405.024
405.03
405.124
1036.47
1006.39
955.254
920.053
909.661
921.616
909.838
898.055
593.948
490.925
460.438
454.546
461.291
473.329
445.942
482.184
629.866
910.013
921.117
918.038
914.59
918.551
917.758
919.235
916.856
912.388
909.278
904.884
899.952
910.924
902.647
901.803
904.551
893.387
885.723
689.794
504.287
449.112
435.777
434.83
441.696
451.277
454.244
455.834
454.816
563.13
963.89
970.659
970.898
975.309
982.394
992.878
1001.16
1005.08
1012.85
1017.12
1029.63
1016.07
1033.61
1025.78
1025.39
1020.4
1025.42
1023.28
1017.68
711.185
534.594
478.382
447.343
437.33
444.07
456.721
468.683
472.642
488.152
482.509
485.476
491.643
565.966
817.483
1062.11
1068.76
1073.63
1078.18
1084.96
1094.22
1093.95
1072.09
1058.23
755.353
665.37
613.427
543.527
516.026
498.56
476.129
454.893
443.242
441.043
445.655
457.412
471.671
480.682
482.161
414.744
406.702
401.44
399.468
399.962
405.637
406.306
418.22
417.47
430.571
430.396
433.512
429.873
424.819
419.478
416.476
415.73
416.757
417.929
420.146
422.416
425.119
429.385
432.615
440.657
445.775
449.355
451.203
451.252
451.691
393.253
391.643
391.923
392.137
392.884
393.406
394.779
396.745
397.326
399.459
400.674
402.288
403.486
404.316
406.038
405.457
407.277
407.064
407.416
408.13
407.865
408.556
408.156
408.719
408.286
408.672
408.186
408.465
408.022
410.049
401.519
400.148
399.957
400.377
400.406
400.769
400.761
400.982
400.995
401.079
401.083
401.094
401.039
400.971
400.906
400.873
400.893
400.946
401.044
401.066
401.125
401.145
401.153
401.194
401.174
401.215
401.19
401.196
401.239
403.658
403.423
400.944
400.823
400.796
400.741
400.716
400.653
400.625
400.567
400.54
400.479
400.448
400.357
400.291
400.227
400.237
400.273
400.367
400.427
400.492
400.52
400.585
400.608
400.671
400.7
400.757
400.784
400.828
400.961
403.358
403.363
400.976
400.832
400.808
400.752
400.729
400.668
400.645
400.585
400.56
400.497
400.46
400.364
400.29
400.225
400.237
400.273
400.364
400.423
400.489
400.518
400.584
400.608
400.672
400.701
400.758
400.786
400.829
400.962
403.357
403.353
400.96
400.824
400.77
400.747
400.688
400.662
400.602
400.581
400.522
400.498
400.437
400.385
400.292
400.252
400.223
400.272
400.346
400.455
400.519
400.561
400.626
400.654
400.714
400.735
400.789
400.802
400.848
400.949
403.438
403.352
400.968
400.824
400.799
400.745
400.722
400.661
400.637
400.578
400.554
400.492
400.458
400.367
400.296
400.228
400.234
400.267
400.358
400.421
400.488
400.518
400.585
400.611
400.675
400.704
400.762
400.789
400.828
400.963
403.358
403.445
400.941
400.818
400.804
400.75
400.726
400.66
400.632
400.567
400.538
400.472
400.439
400.351
400.286
400.23
400.229
400.282
400.352
400.443
400.477
400.542
400.568
400.63
400.655
400.719
400.739
400.794
400.817
400.937
403.443
403.363
400.964
400.814
400.789
400.729
400.708
400.643
400.624
400.564
400.547
400.484
400.457
400.373
400.307
400.235
400.234
400.266
400.354
400.419
400.484
400.514
400.581
400.606
400.671
400.699
400.759
400.788
400.828
400.963
403.361
1008.57
931.606
872.305
845.728
837.701
840.95
824.453
839.465
693.441
624.187
528.684
460.49
444.127
457.055
464.45
625.817
853.889
916.311
917.136
934.143
936.168
943.396
938.095
936.141
934.927
933.141
931.882
927.836
923.773
922.258
914.295
907.696
902.809
884.75
856.188
833.633
821.488
523.511
450.279
433.713
430.7
437.876
451.503
453.125
455.7
575.398
958.173
958.169
953.326
961.391
967.146
982.029
993.423
996.642
1000.09
1008.64
1011.36
1022.34
1012.52
1018.96
1027.28
1035.64
1042.59
1051.36
1059.39
1067.34
1053.94
1032.09
639.151
464.81
435.505
438.974
457.608
474.58
480.768
480.536
487.342
493.71
524.33
713.051
1051.25
1068.58
1067.37
1071.01
1073.4
1077.51
1096.91
1106.63
1089.5
1095.23
1085.34
1072.47
798.686
627.098
554.822
527.335
510.435
478.972
450.475
436.324
437.319
449.018
469.269
481.24
395.977
394.267
396.414
404.659
415.716
427.613
437.786
446.089
450.505
459.279
462.223
471.97
474.738
473.27
460.842
443.007
429.086
419.948
415.372
412.401
410.777
410.288
409.369
409.503
408.662
410.032
414.677
422.065
427.582
431.225
378.605
379.776
380.545
380.808
380.486
380.492
380.188
378.792
379.14
377.672
377.299
377.421
375.997
375.917
375.834
374.585
374.346
374.353
372.521
373.436
371.45
372.409
370.711
371.61
370.204
371.222
370.213
371.167
370.493
369.295
362.903
364.92
364.905
365.19
364.908
365.131
364.905
365.104
364.888
365.067
364.892
365.016
364.934
365.024
364.998
364.982
364.925
364.799
364.694
364.617
364.498
364.509
364.373
364.413
364.301
364.336
364.271
364.288
364.185
361.938
361.782
364.112
364.22
364.272
364.303
364.338
364.375
364.409
364.441
364.475
364.513
364.552
364.623
364.696
364.743
364.744
364.697
364.623
364.551
364.508
364.469
364.43
364.396
364.362
364.323
364.291
364.256
364.223
364.113
361.761
361.762
364.092
364.212
364.253
364.281
364.313
364.346
364.379
364.411
364.448
364.486
364.536
364.609
364.691
364.737
364.739
364.692
364.622
364.551
364.509
364.468
364.43
364.394
364.36
364.321
364.289
364.254
364.222
364.112
361.761
361.76
364.108
364.229
364.272
364.303
364.334
364.369
364.4
364.431
364.463
364.5
364.538
364.603
364.674
364.726
364.741
364.71
364.629
364.538
364.477
364.449
364.399
364.361
364.327
364.295
364.266
364.241
364.205
364.087
361.762
361.762
364.104
364.22
364.26
364.287
364.319
364.352
364.386
364.417
364.453
364.49
364.537
364.605
364.686
364.734
364.742
364.697
364.628
364.553
364.51
364.469
364.429
364.393
364.358
364.318
364.286
364.25
364.221
364.11
361.761
361.763
364.108
364.222
364.246
364.281
364.316
364.356
364.393
364.429
364.468
364.508
364.553
364.618
364.691
364.74
364.739
364.694
364.617
364.55
364.504
364.465
364.427
364.393
364.359
364.321
364.29
364.256
364.221
364.112
361.764
361.762
364.107
364.229
364.27
364.298
364.33
364.361
364.394
364.422
364.456
364.491
364.536
364.596
364.674
364.727
364.744
364.701
364.633
364.558
364.516
364.474
364.433
364.395
364.359
364.32
364.287
364.25
364.222
364.112
361.761
943.29
891.047
867.992
868.535
855.264
831.925
838.497
834.523
861.886
831.442
683.837
549.422
463.267
442.034
517.384
807.444
928.867
928.859
946.564
970.28
973.61
976.328
974.109
981.468
990.188
999.814
1003.26
997.383
985.836
977.698
974.219
980.354
988.565
977.286
952.346
916.383
845.548
772.221
710.591
465.922
427.955
428.387
443.697
456.539
452.77
563.857
961.46
954.119
945.451
938.004
942.473
952.993
963.681
967.754
968.065
975.39
984.581
977.604
978.833
984.73
1000.55
1035.5
1049.9
1060.19
1065.97
1064.69
1053.37
1047.6
1052.03
672.371
464.619
434.013
447.329
473.714
471.511
476.301
485.682
483.881
483.036
490.814
528.03
518.171
530.927
562.067
665.736
1015.24
1067.58
1116.13
1118.53
1106.47
1090.42
1087.95
1083.63
1080.43
824.459
605.5
540.093
527.811
498.179
459.591
439.541
438.234
452.799
473.485
391.874
395.129
408.645
422.787
435.157
437.538
435.221
433.63
432.549
442.628
447.25
464.03
478.07
491.286
497.66
492.183
472.249
451.289
435.831
426.688
421.616
417.627
415.645
413.251
411.157
409.325
407.939
406.982
408.873
409.283
386.225
392.927
395.044
394.452
392.565
390.175
387.345
385.966
383.139
382.562
379.741
379.321
378.072
376.699
376.17
375.608
374.057
374.585
372.346
373.389
371.125
372.13
370.19
371.033
369.453
370.104
368.927
369.378
368.603
368.543
364.866
364.85
364.994
364.643
364.764
364.462
364.537
364.276
364.347
364.104
364.177
363.954
364.028
363.828
363.897
363.726
363.776
363.636
363.666
363.567
363.548
363.532
363.47
363.485
363.424
363.443
363.402
363.409
363.376
362.971
362.839
363.233
363.263
363.26
363.265
363.263
363.265
363.265
363.266
363.267
363.265
363.27
363.269
363.277
363.274
363.278
363.271
363.269
363.261
363.261
363.255
363.256
363.25
363.251
363.245
363.247
363.24
363.24
363.208
362.811
362.81
363.209
363.237
363.244
363.243
363.248
363.246
363.252
363.251
363.255
363.255
363.26
363.262
363.27
363.269
363.272
363.267
363.265
363.258
363.259
363.253
363.254
363.249
363.251
363.244
363.246
363.24
363.239
363.208
362.811
362.811
363.208
363.241
363.24
363.247
363.245
363.251
363.249
363.254
363.253
363.258
363.257
363.264
363.265
363.272
363.27
363.271
363.262
363.26
363.254
363.252
363.253
363.247
363.249
363.243
363.245
363.24
363.24
363.209
362.802
362.811
363.209
363.237
363.244
363.243
363.248
363.247
363.252
363.251
363.256
363.255
363.26
363.262
363.269
363.269
363.273
363.267
363.266
363.258
363.259
363.254
363.254
363.249
363.25
363.244
363.246
363.24
363.239
363.208
362.811
362.801
363.21
363.238
363.243
363.242
363.248
363.247
363.252
363.251
363.257
363.255
363.261
363.262
363.269
363.269
363.269
363.269
363.262
363.261
363.255
363.256
363.251
363.252
363.247
363.248
363.243
363.243
363.237
363.21
362.802
362.81
363.209
363.237
363.244
363.243
363.248
363.247
363.252
363.251
363.256
363.254
363.26
363.26
363.268
363.268
363.272
363.266
363.265
363.258
363.258
363.254
363.255
363.249
363.251
363.245
363.246
363.24
363.24
363.208
362.81
904.975
911.015
954.611
973.465
949.808
937.068
991.196
1008.53
1006.25
968.374
880.458
767.164
565.557
444.701
551.978
890.98
965.973
971.768
1003.98
1022.69
1023.95
1034.88
1052.73
1071.07
1084.01
1087.65
1082.25
1070.75
1060.67
1057.9
1060.98
1067.06
1066.09
1060.68
1040.33
995.903
917.036
827.277
751.671
679.952
433.079
418.014
432.487
450.09
448.099
538.9
970.458
958.596
950.152
939.765
934.771
933.055
936.423
938.257
939.606
944.394
953.725
958.627
960.038
962.373
967.39
991.937
1042.59
1056.53
1061.59
1063.25
1072.39
1074.43
1059.29
1051.91
608.702
446.182
441.852
466.896
459.817
470.737
480.379
479.738
465.424
466.502
459.497
463.982
475.9
482.4
491.985
623.085
1036.41
1126.05
1136.89
1118.34
1097.32
1085.37
1090.91
1091.75
1091.68
1086.59
774.797
571.177
532.749
504.934
462.55
440.751
442.04
460.683
392.286
406.664
423.972
437.868
433.208
427.317
412.05
410.376
409.236
421.546
425.961
446.359
459.458
479.193
496.69
508.227
507.121
489.873
467.527
449.321
437.519
431.602
426.651
423.292
420.233
417.114
413.45
410.147
407.459
406.69
396.97
411.631
418.031
419.416
415.92
409.274
403.749
398.516
395.133
391.499
390.033
386.853
385.697
384.343
382.325
382.38
380.195
380.56
378.452
378.798
377.094
377.221
375.839
375.961
374.866
374.702
374.126
373.683
373.452
373.041
370.295
370.509
370.104
370.201
369.81
369.838
369.517
369.526
369.242
369.271
369.017
369.059
368.833
368.879
368.68
368.73
368.556
368.603
368.456
368.501
368.377
368.416
368.32
368.345
368.275
368.29
368.245
368.251
368.225
368.183
368.045
368.091
368.089
368.086
368.088
368.079
368.083
368.073
368.079
368.069
368.075
368.066
368.075
368.064
368.073
368.062
368.071
368.06
368.068
368.057
368.067
368.056
368.066
368.054
368.065
368.054
368.064
368.054
368.05
368.016
368.015
368.05
368.064
368.052
368.064
368.052
368.064
368.053
368.064
368.053
368.065
368.054
368.066
368.056
368.066
368.057
368.066
368.055
368.064
368.054
368.065
368.054
368.064
368.053
368.065
368.053
368.064
368.054
368.049
368.016
368.012
368.047
368.053
368.063
368.051
368.064
368.052
368.063
368.052
368.064
368.053
368.065
368.055
368.065
368.056
368.066
368.056
368.066
368.058
368.061
368.063
368.054
368.065
368.052
368.064
368.052
368.064
368.051
368.058
368.005
368.016
368.05
368.064
368.052
368.064
368.052
368.064
368.052
368.064
368.053
368.065
368.054
368.066
368.056
368.066
368.056
368.066
368.056
368.065
368.054
368.065
368.054
368.064
368.053
368.064
368.053
368.063
368.055
368.049
368.016
368.006
368.055
368.054
368.053
368.064
368.052
368.064
368.052
368.064
368.053
368.065
368.053
368.066
368.056
368.064
368.064
368.056
368.066
368.054
368.065
368.053
368.064
368.052
368.065
368.053
368.065
368.053
368.057
368.054
368.008
368.015
368.049
368.063
368.051
368.064
368.052
368.064
368.052
368.064
368.052
368.064
368.053
368.065
368.055
368.066
368.056
368.067
368.056
368.065
368.053
368.065
368.053
368.064
368.053
368.065
368.053
368.063
368.055
368.048
368.014
920.494
995.613
1045.6
1059.61
1054.98
1068.26
1085.2
1080.2
1026.92
956.517
911.606
851.889
761.717
470.047
615.518
943.09
1013.3
1037.19
1062.54
1070.3
1078.96
1093.7
1108.39
1120.18
1122.75
1116.81
1106.42
1096.77
1092.12
1091.87
1092.57
1091.04
1084.04
1072.83
1060.33
1041.9
983.087
891.798
799.977
759.746
444.26
426.512
429.334
449.812
445.841
529.845
975.075
972.632
961.203
957.059
945.066
939.105
931.657
927.045
927.475
940.783
961.913
986.881
1004.54
1003.96
990.841
983.954
997.975
1024.93
1030.95
1044.47
1072.37
1083.65
1075.31
1048.91
1024.89
517.455
443.027
463.676
450.332
464.384
478.655
477.391
471.785
457.908
459.889
459.793
471.189
484.17
530.509
762.643
1002.63
1120.4
1157.73
1132.2
1107.06
1106.87
1110.15
1107.02
1104.54
1091.39
1089.67
834.31
597.19
535.593
500.211
457.832
440.805
448.66
401.009
417.89
439.343
437.477
430.275
413.851
407.866
404.621
399.432
416.731
418.199
440.207
453.129
471.141
487.474
504.435
516.029
516.456
502.346
481.01
463.044
449.771
442.282
436.751
432.219
427.506
422.563
416.792
411.813
407.617
409.954
424.092
430.762
437.244
440.615
436.022
425.694
416.728
409.457
405.326
400.49
399.1
394.672
394.476
391.043
390.815
388.421
388.273
385.959
386.366
383.76
384.674
382.099
382.951
380.772
381.352
379.662
379.942
378.78
378.456
377.966
377.575
377.616
376.76
376.777
376.147
376.143
375.664
375.666
375.294
375.305
375.014
375.022
374.798
374.78
374.637
374.584
374.51
374.43
374.409
374.314
374.319
374.232
374.243
374.182
374.171
374.146
374.12
374.097
373.703
373.62
373.97
374
373.982
373.99
373.974
373.98
373.968
373.972
373.964
373.968
373.961
373.965
373.96
373.961
373.958
373.959
373.955
373.956
373.952
373.955
373.951
373.954
373.95
373.954
373.95
373.952
373.947
373.92
373.538
373.537
373.922
373.951
373.948
373.952
373.947
373.951
373.948
373.951
373.948
373.952
373.949
373.953
373.95
373.954
373.95
373.953
373.949
373.952
373.948
373.952
373.948
373.953
373.948
373.953
373.948
373.952
373.946
373.92
373.537
373.534
373.917
373.947
373.952
373.948
373.952
373.947
373.951
373.947
373.951
373.948
373.952
373.949
373.953
373.949
373.953
373.95
373.954
373.951
373.95
373.951
373.948
373.952
373.947
373.951
373.947
373.951
373.946
373.924
373.539
373.536
373.922
373.952
373.948
373.952
373.947
373.951
373.948
373.952
373.948
373.951
373.948
373.953
373.95
373.954
373.95
373.953
373.949
373.952
373.948
373.952
373.948
373.953
373.948
373.952
373.948
373.951
373.947
373.92
373.537
373.54
373.922
373.944
373.947
373.95
373.947
373.952
373.948
373.952
373.948
373.952
373.948
373.953
373.95
373.952
373.952
373.951
373.954
373.949
373.953
373.948
373.952
373.948
373.952
373.948
373.952
373.948
373.945
373.922
373.54
373.535
373.922
373.95
373.948
373.952
373.947
373.952
373.947
373.951
373.947
373.952
373.949
373.954
373.951
373.955
373.951
373.955
373.951
373.954
373.949
373.952
373.949
373.953
373.949
373.953
373.947
373.951
373.946
373.919
373.536
1003.49
1063.44
1087.47
1098.46
1112.28
1127.21
1125.23
1097.95
987.011
880.559
841.29
830.786
792.445
521.194
717.368
992.681
1062.18
1081.49
1093.18
1101.81
1115.61
1130.55
1142.5
1147.42
1144.73
1136.66
1126.27
1118.56
1114.7
1113.19
1111.32
1104.22
1087.37
1064.74
1041.15
1034.54
1021.03
947.049
861.644
801.93
474.499
461.527
429.597
444.838
449.487
535.094
978.613
985.967
987.766
985.21
991.437
980.837
951.687
926.346
929.359
967.611
1029.71
1081.05
1096.65
1098.43
1087.48
1054.45
1015.44
996.643
983.658
991.668
1041.03
1076.28
1084.59
1075.09
1049.62
687.772
463.332
458.369
438.105
459.812
476.809
482.829
479.738
470.782
473.462
488.28
528.67
647.13
708.218
973.398
1007.83
1096.31
1171.46
1157.47
1142.71
1139.77
1138.69
1137.02
1126.41
1110.93
1101.28
1096.84
826.352
597.572
534.478
494.608
455.422
442.281
406.894
432.33
442.229
444.829
427.947
419.705
405.362
406.307
401.065
419.192
419.094
447.682
456.864
475.545
487.931
502.266
515.017
523.548
523.244
512.07
492.818
475.697
462.784
454.49
448.221
442.484
436.13
429.084
420.037
413.771
417.41
417.971
423.749
434.993
449.315
456.161
450.479
438.311
428.089
421.058
416.16
412.37
409.096
406.387
404.089
402.69
400.21
400.137
397.347
397.831
395.151
395.603
393.506
393.437
392.128
391.568
390.611
389.711
388.887
387.713
389.799
389.482
388.348
388.131
387.309
387.209
386.592
386.568
386.071
386.106
385.698
385.763
385.415
385.488
385.187
385.264
385.015
385.084
384.887
384.939
384.787
384.825
384.705
384.724
384.655
384.632
384.617
384.571
384.57
384.651
384.586
384.46
384.437
384.44
384.43
384.423
384.415
384.409
384.406
384.4
384.399
384.394
384.395
384.39
384.391
384.387
384.389
384.384
384.387
384.381
384.387
384.381
384.386
384.38
384.387
384.381
384.385
384.379
384.381
384.496
384.495
384.383
384.384
384.38
384.385
384.378
384.383
384.377
384.383
384.377
384.383
384.378
384.382
384.378
384.382
384.379
384.382
384.378
384.382
384.378
384.383
384.378
384.384
384.379
384.385
384.38
384.384
384.378
384.38
384.496
384.49
384.376
384.38
384.385
384.38
384.384
384.378
384.383
384.378
384.382
384.377
384.382
384.378
384.382
384.378
384.382
384.378
384.383
384.38
384.378
384.381
384.379
384.384
384.378
384.384
384.379
384.384
384.377
384.385
384.502
384.494
384.382
384.384
384.38
384.385
384.378
384.383
384.377
384.383
384.377
384.382
384.378
384.382
384.378
384.382
384.378
384.382
384.378
384.382
384.378
384.384
384.379
384.384
384.379
384.385
384.38
384.382
384.379
384.381
384.496
384.503
384.382
384.376
384.378
384.384
384.379
384.384
384.378
384.384
384.378
384.383
384.377
384.383
384.378
384.38
384.379
384.379
384.382
384.377
384.383
384.377
384.384
384.378
384.384
384.379
384.385
384.38
384.376
384.381
384.503
384.493
384.382
384.384
384.38
384.385
384.378
384.384
384.377
384.384
384.377
384.382
384.376
384.382
384.378
384.382
384.378
384.381
384.377
384.382
384.377
384.382
384.377
384.383
384.378
384.384
384.378
384.381
384.377
384.378
384.491
1069.98
1099.58
1112.59
1123.91
1142.52
1157.16
1150.02
1108.63
946.572
849.295
833.642
841.699
822.77
806.978
830.787
1034.24
1085.63
1096.87
1108.21
1121.15
1135.56
1148.48
1156.22
1159.42
1158.38
1152.28
1144.53
1138.1
1134.81
1133.95
1127.71
1106.45
1076.1
1009.41
970.876
988.137
1003.17
962.408
875.779
815.848
778.351
654.162
441.914
442.346
450.318
541.095
975.987
1008.19
1009.09
1030.45
1040.72
1033.67
976.559
927.144
941.652
1012.38
1092.7
1118.63
1132.34
1139.14
1136.29
1121.03
1092.84
1057.95
1016.63
995.162
998.89
1052.22
1080.99
1087.98
1076.28
1055.2
560.136
463.904
435.72
451.674
475.487
486.347
484.555
485.21
518.362
644.892
735.205
990.165
973.391
974.695
1018.04
1098.16
1177.8
1183.38
1176.97
1177.79
1177.17
1169
1154.41
1137.66
1127.55
1111.18
1105.98
789.874
582.383
532.085
486.267
448.29
424.444
431.507
445.384
439.112
438.27
429.572
417.396
413.712
402.671
428.783
429.891
461.665
470.385
486.367
495.844
506.397
515.451
523.662
529.313
527.857
518.879
503.265
487.746
475.858
467.088
459.77
451.879
442.293
430.033
416.621
404.256
407.463
410.769
429.407
446.775
464.239
467.55
459.182
447.162
439.262
432.31
429.393
423.58
422.458
417.3
417.306
412.927
413.426
409.65
410.272
406.957
407.539
404.611
405.188
402.331
402.918
400.207
400.344
397.766
397.213
403.1
402.167
401.12
399.538
398.979
398.125
397.744
397.202
396.916
396.592
396.316
396.149
395.928
395.806
395.605
395.549
395.368
395.345
395.193
395.186
395.053
395.062
394.942
394.956
394.856
394.867
394.781
394.776
394.709
394.828
394.858
394.665
394.664
394.641
394.647
394.63
394.632
394.62
394.621
394.613
394.615
394.608
394.61
394.605
394.606
394.602
394.602
394.6
394.599
394.598
394.597
394.595
394.597
394.595
394.594
394.589
394.586
394.576
394.576
394.708
394.708
394.578
394.578
394.583
394.589
394.59
394.593
394.591
394.593
394.592
394.594
394.593
394.594
394.593
394.594
394.593
394.594
394.593
394.594
394.593
394.594
394.592
394.594
394.592
394.593
394.587
394.584
394.575
394.576
394.708
394.703
394.572
394.576
394.585
394.588
394.591
394.591
394.593
394.591
394.593
394.592
394.594
394.593
394.593
394.593
394.594
394.593
394.596
394.595
394.593
394.593
394.593
394.595
394.592
394.592
394.587
394.584
394.575
394.577
394.714
394.706
394.577
394.578
394.584
394.589
394.589
394.593
394.591
394.593
394.592
394.594
394.593
394.594
394.593
394.594
394.593
394.594
394.593
394.594
394.593
394.594
394.593
394.595
394.593
394.593
394.587
394.583
394.575
394.576
394.708
394.714
394.576
394.574
394.581
394.588
394.589
394.593
394.592
394.594
394.592
394.594
394.593
394.594
394.593
394.593
394.593
394.593
394.594
394.593
394.594
394.592
394.594
394.592
394.594
394.59
394.59
394.584
394.573
394.575
394.714
394.708
394.577
394.578
394.583
394.589
394.59
394.593
394.592
394.594
394.592
394.593
394.593
394.595
394.594
394.595
394.594
394.594
394.593
394.594
394.593
394.594
394.593
394.594
394.592
394.591
394.585
394.577
394.56
394.537
394.668
1115.93
1130.88
1136.02
1148.03
1170.02
1183.96
1166.77
1107.61
937.605
868.049
893.931
948.568
958.306
943.58
929.631
901.797
936.745
1072.56
1089.31
1096.59
1106.81
1120.87
1134.54
1145.44
1155.73
1163.07
1166.37
1164.33
1158.4
1154.48
1155.19
1152.47
1130.54
1090.02
1007.95
919.353
903.571
934.807
965.153
936.381
875.981
848.018
842.236
835.096
447.854
439.349
438.03
448.958
455.794
499.818
693.095
1030.18
1026.09
1036.99
1051.09
1048.14
989.149
926.812
941.758
1020.31
1087.01
1102.97
1113.23
1121.85
1137.32
1145.91
1141.64
1120.09
1093.19
1061.34
1013.47
1011.36
1061.48
1088.09
1087.93
1068.02
939.158
540.733
455.116
447.405
435.373
449.325
467.526
476.689
484.858
519.329
681.422
948.145
951.306
980.712
975.531
992.561
1036.44
1100.3
1173.42
1194.63
1195.28
1194.57
1193.46
1189.78
1181.85
1172.14
1155.87
1137.97
1115.12
1108.87
727.91
570.446
520.286
462.185
418.531
416.846
421.718
435.927
436.569
444.415
438.004
436.855
434.698
439.029
432.426
454.569
460.021
480.755
490.116
501.371
506.913
514.195
519.765
525.912
530.056
532.93
530.852
523.535
511.805
499.196
488.6
479.942
470.864
460.954
446.484
421.533
399.863
395.058
402.56
406.373
420.801
433.37
452.756
469.131
477.896
474.551
465.435
457.152
450.966
446.67
441.763
439.254
435.036
433.676
430.341
429.552
426.8
426.423
423.812
423.855
421.211
421.528
418.9
419.117
416.366
415.9
412.621
411.027
413.259
416.227
417.579
419.53
416.644
416.492
414.611
414.756
413.501
413.65
412.775
412.863
412.289
412.292
411.917
411.906
411.606
411.625
411.363
411.408
411.183
411.231
411.048
411.078
410.939
410.955
410.841
410.845
410.752
410.738
410.697
411.303
411.909
411.949
411.372
410.729
410.609
410.615
410.582
410.585
410.567
410.564
410.555
410.548
410.544
410.541
410.539
410.535
410.535
410.531
410.532
410.527
410.528
410.523
410.524
410.521
410.522
410.518
410.517
410.511
410.507
410.505
410.56
411.221
411.833
411.833
411.222
410.562
410.508
410.505
410.51
410.512
410.517
410.516
410.518
410.517
410.519
410.519
410.521
410.52
410.521
410.52
410.521
410.52
410.52
410.518
410.519
410.518
410.519
410.516
410.515
410.509
410.506
410.504
410.559
411.221
411.833
411.833
411.217
410.555
410.506
410.507
410.509
410.514
410.515
410.518
410.517
410.518
410.518
410.52
410.52
410.521
410.52
410.522
410.52
410.522
410.521
410.518
410.517
410.519
410.519
410.516
410.514
410.508
410.506
410.505
410.562
411.225
411.833
411.833
411.22
410.561
410.508
410.505
410.51
410.511
410.517
410.516
410.518
410.516
410.519
410.519
410.521
410.52
410.521
410.52
410.521
410.52
410.52
410.518
410.519
410.518
410.52
410.517
410.515
410.509
410.504
410.505
410.559
411.221
411.833
411.833
411.225
410.559
410.503
410.503
410.509
410.512
410.517
410.517
410.518
410.518
410.52
410.519
410.521
410.52
410.519
410.52
410.52
410.521
410.519
410.519
410.517
410.518
410.517
410.517
410.512
410.51
410.506
410.503
410.558
411.225
411.832
411.833
411.221
410.562
410.508
410.504
410.51
410.512
410.518
410.516
410.518
410.516
410.517
410.516
410.518
410.519
410.52
410.52
410.521
410.52
410.52
410.518
410.519
410.516
410.517
410.512
410.512
410.506
410.501
410.502
410.558
411.217
411.794
411.299
1153.31
1157.34
1159.69
1173.19
1193.18
1200.07
1175.1
1113.09
970.927
913.798
950.628
997.144
1004.85
997.419
988.579
1000.61
1050.25
1078.54
1075.51
1072.18
1082.73
1099.53
1115.24
1132.16
1148.37
1164.32
1172.74
1171.84
1168.93
1167.64
1168.82
1156.52
1115.96
1049.07
912.762
860.228
860.784
889.69
911.135
898.166
872.662
862.032
861.188
876.109
472.271
470.666
468.552
465.722
466.425
478.427
512.059
619.416
660.264
1046.43
1051.43
1048.16
979.774
931.589
939.926
977.431
1012.24
1031.02
1046.87
1059.42
1080.01
1106.06
1138.15
1149.75
1139.9
1111.92
1075.86
1016.28
1023.11
1071.63
1090.35
1086.06
1049.88
705.38
536.882
498.568
483.591
481.841
488.463
499.533
527.917
611.627
915.987
1008.61
1026.55
1027.78
1040.43
1061.44
1083.32
1105.37
1156.37
1187.48
1196
1197.34
1195.55
1192.67
1190.96
1189.25
1182.81
1164.4
1138.34
1114.87
955.758
667.899
563.732
509.297
468.118
461.736
454.649
457.327
473.117
470.668
478.038
471.825
472.196
467.671
475.598
484.573
493.151
501.235
513.226
515.48
519.59
521.298
525.642
528.649
532.313
533.957
534.544
532.166
527.038
518.863
509.462
500.045
491.603
481.254
468.705
446.533
427.294
423.885
417.779
425.732
436.598
452.713
465.98
479.466
485.96
486.254
480.469
474.556
468.017
464.698
458.633
457.172
451.263
450.983
446.095
446.312
442.193
442.643
438.934
439.541
436.051
436.689
433.442
433.937
430.817
431.376
427.91
428.019
427.041
430.4
431.156
433.393
430.865
430.853
429.065
429.101
427.903
427.892
427.047
427.083
426.389
426.508
425.909
426.066
425.558
425.721
425.301
425.444
425.105
425.225
424.955
425.053
424.836
424.909
424.736
424.78
424.642
424.684
424.574
424.676
425.237
425.299
424.664
424.601
424.531
424.536
424.505
424.506
424.492
424.493
424.478
424.482
424.47
424.475
424.468
424.47
424.464
424.466
424.462
424.462
424.457
424.456
424.453
424.452
424.45
424.448
424.443
424.438
424.435
424.435
424.445
424.524
425.172
425.171
424.523
424.446
424.436
424.434
424.436
424.44
424.445
424.446
424.448
424.449
424.45
424.451
424.452
424.453
424.453
424.453
424.453
424.452
424.451
424.45
424.449
424.448
424.447
424.445
424.441
424.436
424.434
424.434
424.444
424.523
425.171
425.171
424.522
424.441
424.436
424.435
424.436
424.44
424.445
424.447
424.447
424.448
424.45
424.451
424.452
424.453
424.453
424.453
424.452
424.453
424.453
424.449
424.448
424.449
424.448
424.445
424.441
424.436
424.434
424.435
424.445
424.526
425.171
425.171
424.522
424.445
424.437
424.434
424.436
424.44
424.445
424.446
424.448
424.448
424.45
424.451
424.452
424.453
424.453
424.453
424.453
424.452
424.451
424.45
424.449
424.449
424.447
424.445
424.441
424.436
424.433
424.435
424.444
424.523
425.171
425.171
424.524
424.443
424.434
424.434
424.436
424.441
424.445
424.447
424.448
424.449
424.45
424.451
424.452
424.453
424.452
424.452
424.452
424.452
424.451
424.45
424.449
424.448
424.446
424.445
424.441
424.437
424.435
424.434
424.444
424.526
425.171
425.171
424.524
424.446
424.437
424.434
424.437
424.441
424.446
424.447
424.448
424.449
424.449
424.45
424.45
424.452
424.452
424.453
424.454
424.453
424.453
424.451
424.45
424.447
424.446
424.443
424.44
424.436
424.436
424.449
424.48
424.545
425.088
424.193
1186.07
1183.11
1184.41
1194.09
1204.59
1203.86
1180.66
1130.57
1046.24
975.089
983.449
1014.95
1029.28
1038.67
1043.07
1052.23
1060.18
1052.94
1038.81
1028.26
1036.69
1057.55
1092.36
1120.1
1148.29
1167.72
1174.62
1174.51
1176.93
1179.77
1172.45
1148.31
1100.93
990.254
875.917
842.455
847.642
866.193
875.145
876.334
872.207
872.432
866.419
866.622
874.576
894.288
908.805
910.7
935.141
995.248
1037.24
1040.79
1040.44
1040.37
1048.08
1054.88
1029.87
984.948
985.287
1015.34
1040.85
1048.8
1036.76
1025.62
1033.65
1060.79
1095.58
1131.54
1152.22
1144.49
1114.21
1073.05
1018.62
1035.78
1074.58
1087.19
1081.59
1063.79
1027.74
983.057
981.45
958.08
938.692
936.616
971.079
1023.02
1053.24
1067.48
1084.02
1090.81
1096.62
1102.46
1108.91
1116.77
1134.26
1155.67
1171.03
1178.45
1182.13
1185.24
1187.89
1189.4
1189.76
1184.29
1163.16
1140.3
1127.03
910.634
688.844
573.977
531.009
519.353
516.608
515.427
515.793
521.541
517.144
516.794
509.742
511.717
505.26
502.98
518.153
518.162
526.916
527.173
527.27
527.924
529.317
532.51
534.196
535.856
535.654
535.036
533.032
529.54
524.636
518.404
510.445
500.969
493.085
480.448
459.567
462.779
447.852
460.456
465.218
472.331
482.327
488.736
494.47
495.208
493.095
488.713
484.843
480.553
476.543
474.353
469.736
468.794
464.808
464.589
461.188
461.218
458.321
458.298
455.791
455.715
453.374
453.375
451.01
451.094
448.588
448.313
448.106
449.413
449.828
450.877
449.329
449.29
448.092
448.074
447.084
447.134
446.289
446.4
445.706
445.817
445.278
445.373
444.956
445.026
444.711
444.754
444.513
444.54
444.355
444.368
444.225
444.232
444.115
444.124
444.02
444.031
443.95
443.961
444.022
444.033
443.918
443.891
443.851
443.844
443.815
443.813
443.786
443.788
443.77
443.768
443.758
443.754
443.749
443.747
443.741
443.742
443.737
443.737
443.732
443.731
443.728
443.727
443.725
443.724
443.722
443.721
443.721
443.72
443.726
443.735
443.848
443.848
443.734
443.727
443.722
443.719
443.719
443.72
443.72
443.721
443.723
443.723
443.724
443.724
443.726
443.727
443.727
443.727
443.727
443.726
443.725
443.724
443.723
443.723
443.722
443.721
443.72
443.719
443.719
443.719
443.725
443.733
443.847
443.847
443.734
443.722
443.721
443.72
443.72
443.72
443.721
443.722
443.723
443.723
443.724
443.724
443.726
443.728
443.727
443.728
443.726
443.727
443.726
443.722
443.722
443.723
443.722
443.72
443.72
443.719
443.719
443.722
443.727
443.737
443.847
443.847
443.734
443.726
443.723
443.719
443.719
443.72
443.72
443.721
443.722
443.723
443.724
443.724
443.726
443.727
443.727
443.727
443.727
443.725
443.724
443.724
443.723
443.723
443.722
443.721
443.72
443.719
443.718
443.72
443.725
443.734
443.847
443.847
443.735
443.725
443.72
443.719
443.718
443.72
443.721
443.722
443.723
443.723
443.724
443.724
443.726
443.726
443.727
443.726
443.726
443.726
443.723
443.723
443.722
443.721
443.721
443.72
443.72
443.719
443.72
443.718
443.723
443.734
443.847
443.848
443.733
443.725
443.722
443.718
443.72
443.718
443.719
443.719
443.721
443.722
443.723
443.723
443.723
443.725
443.726
443.725
443.725
443.725
443.723
443.722
443.72
443.719
443.719
443.719
443.718
443.717
443.716
443.72
443.73
443.741
443.862
444.452
1207.64
1203.85
1202.56
1204.76
1205.88
1203.48
1191.45
1159.09
1114
1054.79
1022.3
1019.19
1019.93
1026.8
1034.55
1038.74
1038.08
1033.43
1034.35
1038.65
1041.85
1064.08
1102.52
1130.39
1154.26
1169.43
1177.77
1182.64
1180.57
1175.39
1168.38
1139.91
1092.15
978.74
873.856
838.835
834.866
849.651
862.457
866.716
873.732
878.657
881.695
889.372
898.03
909.458
926.508
956.135
1002.49
1015.33
1024.93
1035.71
1043.43
1045.54
1052.76
1060.32
1060.67
1057.22
1061.14
1064.71
1057.77
1059.53
1047.41
1046.34
1054.29
1078.76
1102.63
1127.88
1151.57
1159.16
1144.57
1110.64
1072.32
1027.48
1039.92
1067.98
1078.88
1073.97
1059.72
1051.79
1052.35
1056.76
1059.85
1062.36
1069.81
1076.73
1086.99
1097
1102.85
1107.53
1111.95
1112.94
1117.5
1124.9
1135.4
1144.79
1155.15
1164.81
1171.37
1176.14
1180.83
1184.87
1186.33
1184.99
1178.25
1161.08
1147.75
1142.97
1135.25
862.627
678.245
607.79
600.735
588.274
575.415
561.744
548.544
525.418
527.798
519.962
525.599
521.934
527.533
527.381
531.977
530.867
532.483
531.486
532.784
534.406
536.489
537.046
536.835
536.085
534.405
533.231
531.28
528.072
524.546
519.055
511.319
506.075
490.282
491.328
483.579
486.139
486.079
491.961
494.599
499.648
501.095
502.317
500.224
498.901
495.183
493.532
488.937
488.367
483.089
483.436
478.706
479.086
475.361
475.675
472.535
472.907
469.958
470.476
467.598
468.174
465.55
466.068
463.875
464.21
462.973
464.146
463.514
464.67
462.963
463.549
462.058
462.475
461.201
461.527
460.482
460.767
459.939
460.164
459.539
459.691
459.233
459.333
458.983
459.075
458.775
458.874
458.618
458.703
458.496
458.563
458.395
458.452
458.312
458.361
458.253
458.288
458.25
458.279
458.198
458.21
458.158
458.173
458.132
458.141
458.111
458.115
458.097
458.099
458.087
458.09
458.08
458.083
458.075
458.078
458.071
458.073
458.068
458.068
458.064
458.064
458.062
458.061
458.061
458.062
458.062
458.062
458.064
458.065
458.099
458.099
458.064
458.064
458.062
458.061
458.059
458.059
458.058
458.059
458.06
458.06
458.061
458.061
458.063
458.063
458.063
458.063
458.063
458.062
458.061
458.061
458.06
458.059
458.059
458.059
458.059
458.06
458.06
458.061
458.063
458.064
458.099
458.098
458.064
458.061
458.062
458.06
458.06
458.059
458.059
458.059
458.059
458.06
458.061
458.061
458.062
458.063
458.063
458.063
458.062
458.063
458.063
458.06
458.06
458.06
458.059
458.059
458.059
458.06
458.06
458.062
458.064
458.065
458.099
458.099
458.064
458.063
458.062
458.06
458.06
458.059
458.059
458.059
458.059
458.06
458.061
458.062
458.063
458.063
458.063
458.063
458.063
458.062
458.061
458.061
458.06
458.059
458.059
458.059
458.059
458.06
458.06
458.061
458.063
458.064
458.099
458.098
458.065
458.063
458.062
458.06
458.059
458.059
458.059
458.058
458.059
458.06
458.061
458.061
458.062
458.062
458.063
458.063
458.063
458.062
458.061
458.061
458.059
458.059
458.058
458.058
458.059
458.059
458.061
458.061
458.063
458.065
458.099
458.1
458.064
458.063
458.062
458.061
458.06
458.058
458.058
458.057
458.059
458.06
458.061
458.061
458.061
458.062
458.062
458.062
458.061
458.061
458.061
458.06
458.059
458.058
458.058
458.058
458.058
458.058
458.058
458.059
458.06
458.06
458.084
458.033
1216.85
1214.28
1211.77
1208.06
1203.33
1198.57
1196.08
1179.25
1142.1
1095.98
1049.82
1030.31
1026.39
1029.14
1040.38
1058.24
1071.75
1082.49
1087.21
1088.26
1094.01
1105.31
1124.93
1149.51
1166.78
1173.23
1177.09
1175.84
1175.81
1176.95
1167.27
1132.51
1086.39
970.315
874.159
833.956
828.2
839.582
849.57
865.195
879.403
890.145
904.032
919.993
937.358
954.734
974.959
1005.42
1036.13
1035.32
1023.6
1044.03
1050.6
1056.93
1062.07
1067.94
1071.1
1072.42
1069.23
1065.14
1054.83
1045.11
1047.32
1066.64
1093.08
1118.17
1138.08
1152.51
1161.97
1166.96
1160.98
1140.8
1108.98
1079.32
1043.21
1044.6
1058.75
1070.12
1074.69
1071.4
1073.29
1079.36
1084.53
1088.39
1091.23
1098.44
1106.06
1109.99
1113.31
1116.86
1121.41
1124.48
1126.1
1127.42
1132.42
1142.55
1152.4
1161.06
1170.09
1176.14
1180.87
1183.32
1184.36
1184.24
1180.48
1173.92
1163.92
1152.57
1138
1140.72
1135.66
1128.13
1121.77
988.352
848.496
773.361
692.854
594.968
531.994
532.062
527.062
530.673
531.146
529.532
532.366
532.115
533.509
534.1
534.657
535.769
537.334
537.839
537.488
536.293
535.429
534.083
532.981
532.767
530.911
528.335
524.027
523.129
511.753
512.707
509.751
501.218
506.595
503.314
505.822
505.849
506.265
505.707
505.115
503.956
502.904
501.017
498.832
498.414
494.676
495.131
491.382
492.024
488.771
489.378
486.582
487.133
484.635
485.033
482.867
483.032
481.237
481.252
479.793
479.769
478.838
479.066
478.415
478.6
477.708
477.694
476.966
476.922
476.251
476.22
475.665
475.622
475.202
475.144
474.824
474.78
474.513
474.506
474.264
474.285
474.075
474.094
473.927
473.939
473.8
473.814
473.698
473.709
473.615
473.619
473.547
473.554
473.527
473.528
473.462
473.45
473.417
473.413
473.39
473.382
473.365
473.359
473.345
473.342
473.328
473.327
473.316
473.314
473.306
473.304
473.3
473.3
473.297
473.298
473.294
473.295
473.29
473.29
473.288
473.288
473.287
473.286
473.285
473.293
473.319
473.318
473.293
473.284
473.285
473.285
473.286
473.286
473.287
473.287
473.29
473.29
473.291
473.289
473.29
473.289
473.289
473.289
473.289
473.29
473.289
473.29
473.29
473.289
473.287
473.287
473.286
473.286
473.285
473.285
473.283
473.293
473.318
473.318
473.292
473.282
473.285
473.285
473.286
473.286
473.287
473.287
473.29
473.289
473.291
473.289
473.29
473.289
473.289
473.289
473.29
473.288
473.291
473.289
473.291
473.289
473.289
473.287
473.286
473.286
473.285
473.285
473.284
473.293
473.318
473.318
473.293
473.283
473.286
473.285
473.286
473.286
473.286
473.288
473.288
473.291
473.289
473.29
473.289
473.29
473.289
473.289
473.289
473.289
473.289
473.29
473.29
473.29
473.288
473.287
473.286
473.286
473.285
473.285
473.283
473.293
473.319
473.319
473.293
473.283
473.285
473.285
473.286
473.286
473.287
473.286
473.289
473.289
473.29
473.289
473.289
473.289
473.29
473.289
473.29
473.289
473.29
473.29
473.29
473.289
473.288
473.287
473.286
473.286
473.287
473.285
473.283
473.293
473.318
473.319
473.293
473.283
473.286
473.286
473.287
473.287
473.288
473.289
473.289
473.29
473.29
473.29
473.288
473.29
473.289
473.289
473.288
473.291
473.289
473.291
473.288
473.29
473.288
473.288
473.286
473.283
473.281
473.279
473.277
473.283
473.357
474.18
1212.75
1212.88
1210.08
1204.4
1196.9
1191.72
1191.31
1185.71
1158.06
1119.5
1079.92
1056.41
1070
1090.42
1108.01
1122.04
1132.77
1136.05
1136.37
1133.71
1132.38
1140.43
1149.27
1158.83
1168.95
1175.25
1174.98
1175.54
1176.76
1174.66
1165.8
1137.43
1092.68
995.249
896.612
853.702
844.491
852.028
875.813
902.506
924.626
942.306
956.925
971.079
988.211
1004.6
1016.1
1026.39
1035.14
1038.63
1038.36
1051.18
1055.28
1055.76
1059.95
1064.17
1066.25
1062.35
1053.2
1030.4
1013.59
1032.06
1076.46
1111.02
1141.28
1158.93
1167.28
1170.23
1170.74
1169.6
1167.36
1158.33
1140.89
1117.2
1094.07
1075.54
1064.55
1061.05
1065.85
1067.63
1074.5
1078.77
1088.26
1090.63
1097.65
1100.68
1104.67
1109.88
1113.92
1117.88
1123.12
1127.35
1131.46
1135.46
1139.47
1146.39
1157.27
1167.17
1175.21
1181.66
1184.29
1185.76
1187.28
1185.98
1182.8
1178.38
1172.71
1162.87
1156.59
1143.46
1140.54
1130.49
1124.68
1118.26
1110.08
1100.02
1117.5
769.964
594.663
530.99
537.915
532.381
535.838
531.246
532.774
533.018
532.441
534.237
534.895
536.289
537.149
537.946
537.228
536.178
535.29
534.316
533.768
532.633
532.281
530.406
530.119
526.371
520.773
522.694
519.083
512.91
515.496
507.556
510.25
508.255
507.232
507.917
505.096
506.096
503.435
504.163
501.031
501.762
498.185
499.399
495.42
497.039
493.336
494.85
491.67
492.9
490.19
491.125
488.782
489.546
487.432
488.11
486.229
486.795
485.148
485.704
484.283
484.754
483.571
483.884
482.948
483.141
482.425
482.529
481.979
482.053
481.613
481.674
481.312
481.37
481.072
481.123
480.882
480.916
480.729
480.751
480.602
480.62
480.496
480.51
480.41
480.42
480.337
480.349
480.275
480.291
480.228
480.241
480.187
480.192
480.155
480.16
480.131
480.133
480.11
480.113
480.094
480.097
480.082
480.083
480.074
480.072
480.067
480.066
480.06
480.061
480.056
480.058
480.055
480.055
480.053
480.053
480.052
480.052
480.051
480.051
480.05
480.052
480.054
480.053
480.052
480.049
480.049
480.05
480.05
480.051
480.05
480.05
480.051
480.051
480.051
480.05
480.051
480.051
480.051
480.051
480.051
480.051
480.05
480.051
480.051
480.051
480.05
480.051
480.05
480.05
480.05
480.049
480.049
480.051
480.052
480.053
480.051
480.049
480.049
480.05
480.05
480.05
480.05
480.051
480.051
480.051
480.051
480.051
480.051
480.052
480.051
480.051
480.051
480.051
480.051
480.051
480.051
480.051
480.051
480.05
480.051
480.051
480.05
480.049
480.049
480.051
480.053
480.053
480.051
480.049
480.049
480.05
480.05
480.05
480.05
480.05
480.051
480.05
480.051
480.05
480.051
480.051
480.051
480.051
480.051
480.051
480.051
480.051
480.051
480.051
480.051
480.05
480.05
480.05
480.05
480.049
480.049
480.051
480.053
480.053
480.051
480.049
480.049
480.051
480.051
480.051
480.05
480.05
480.051
480.051
480.051
480.05
480.051
480.051
480.051
480.052
480.051
480.051
480.051
480.051
480.051
480.051
480.051
480.05
480.05
480.05
480.05
480.049
480.048
480.051
480.052
480.053
480.051
480.048
480.049
480.05
480.05
480.051
480.052
480.053
480.052
480.052
480.051
480.051
480.052
480.051
480.052
480.052
480.052
480.052
480.051
480.051
480.052
480.052
480.051
480.05
480.05
480.049
480.048
480.047
480.046
480.047
480.081
480.53
1208.86
1207.4
1203.61
1198.54
1190.73
1184.34
1183.01
1182.92
1174.6
1152.51
1127.29
1115.33
1117.82
1135.82
1149.82
1162.1
1168.97
1171.39
1169.34
1166.89
1164.88
1164.07
1167.09
1171.27
1172.17
1171.72
1172.56
1172.75
1171.87
1171.81
1169.39
1149.35
1108.03
1053.53
951.207
904.183
894.78
904.299
933.187
957.193
976.536
989.739
998.975
1008.65
1016.07
1024.29
1031.15
1033.71
1034.16
1032.88
1033.59
1031.39
1021.3
1013.34
1013.26
1014.89
1013.03
1001.19
996.177
993.165
1031.65
1084.06
1122.46
1154.31
1167.7
1171.33
1170.3
1169.94
1169.58
1169.28
1167.14
1165.3
1161.44
1153.68
1139.85
1126.38
1111.22
1100.58
1092.25
1087.59
1090.53
1090.99
1100.67
1109.51
1111.14
1114.01
1114.85
1118.25
1124.59
1130.89
1135.83
1142.82
1145.47
1148.89
1154.25
1161.05
1169.75
1179.34
1183.59
1183.45
1184.39
1185.81
1186.03
1186.62
1186.34
1182.99
1177.13
1171.57
1166.28
1154.82
1151.03
1142.05
1130.57
1124.92
1114.92
1105.11
1084.66
930.051
675.121
559.157
538.026
542.877
534.441
536.796
531.689
532.183
532.323
533.12
534.614
535.694
536.841
537.322
537.302
536.713
535.476
533.794
533.959
533.029
531.425
531.311
530.429
526.555
525.786
523.614
519.233
516.545
516.565
510.728
511.57
508.662
508.187
507.592
506.179
506.262
504.312
504.628
501.773
502.64
499.034
500.251
496.583
497.751
494.679
495.57
493.125
493.758
491.68
492.212
490.252
490.812
488.922
489.476
487.72
488.24
486.65
487.112
485.71
486.116
484.921
485.276
484.277
484.589
483.753
484.031
483.333
483.57
483.004
483.194
482.739
482.886
482.526
482.636
482.352
482.438
482.208
482.28
482.09
482.151
481.995
482.044
481.915
481.958
481.85
481.886
481.797
481.827
481.751
481.776
481.716
481.736
481.688
481.706
481.667
481.68
481.651
481.659
481.639
481.644
481.63
481.635
481.623
481.627
481.619
481.621
481.614
481.616
481.611
481.612
481.608
481.609
481.607
481.608
481.607
481.607
481.606
481.605
481.604
481.605
481.604
481.604
481.605
481.604
481.604
481.605
481.605
481.605
481.604
481.604
481.604
481.605
481.605
481.606
481.605
481.605
481.606
481.606
481.605
481.605
481.606
481.605
481.605
481.604
481.604
481.604
481.605
481.605
481.605
481.603
481.603
481.604
481.603
481.603
481.604
481.604
481.604
481.604
481.605
481.605
481.604
481.604
481.604
481.605
481.604
481.606
481.605
481.605
481.606
481.606
481.605
481.605
481.605
481.605
481.604
481.604
481.604
481.604
481.605
481.605
481.605
481.604
481.603
481.604
481.603
481.603
481.605
481.604
481.604
481.605
481.605
481.605
481.604
481.604
481.604
481.604
481.605
481.606
481.605
481.605
481.606
481.606
481.605
481.605
481.606
481.605
481.605
481.604
481.604
481.604
481.605
481.605
481.604
481.604
481.603
481.605
481.603
481.603
481.604
481.604
481.604
481.605
481.605
481.605
481.604
481.604
481.604
481.605
481.605
481.606
481.605
481.605
481.605
481.606
481.605
481.605
481.606
481.605
481.605
481.605
481.605
481.605
481.605
481.605
481.604
481.603
481.603
481.604
481.604
481.604
481.604
481.604
481.604
481.604
481.605
481.605
481.605
481.605
481.605
481.605
481.605
481.605
481.607
481.605
481.606
481.607
481.606
481.607
481.605
481.605
481.606
481.605
481.605
481.605
481.605
481.604
481.605
481.604
481.604
481.604
481.612
481.724
1203.89
1202.74
1198.61
1192.8
1187.23
1182.09
1177.34
1178.37
1178.61
1177.23
1173.64
1165.88
1165.57
1168.23
1169.22
1173.21
1175.26
1175.52
1175.95
1175.37
1175.37
1174.97
1174.16
1173.65
1174.06
1174.08
1171.16
1170.05
1167.37
1168.49
1168.41
1163.24
1131.15
1090.39
1048.75
1013.05
1000.01
1005.36
1005.82
1010.81
1013.43
1015.06
1016.92
1019.16
1020.5
1021.35
1025.11
1027.82
1029.44
1027.36
1029.19
1030.63
1040.16
1053.88
1069.39
1074.49
1078.12
1078.09
1077.54
1083.27
1101.86
1128.84
1156.31
1167.47
1169.96
1170.44
1170.84
1168.54
1167.93
1166.87
1167.74
1168.69
1169.7
1168.1
1169.34
1166.75
1164.08
1159.87
1156.35
1147.53
1149.94
1137.45
1166.28
1158.89
1166.57
1159.83
1156.63
1156.03
1155.87
1158.05
1163.09
1168.36
1169.19
1174.44
1176.1
1179.55
1183.88
1185.32
1177.14
1174.03
1173.55
1178.02
1181.76
1186.84
1188.64
1186.8
1181.34
1172.02
1162.1
1156.82
1138.77
1129.79
1122.58
1110.44
1112.87
1100.34
1097.69
1117.14
783.165
579.274
543.879
534.482
540.799
527.181
533.838
529.441
531.087
532.833
533.375
535.234
536.756
537.384
537.365
535.465
535.768
534.018
532.97
532.439
532.154
529.802
530.436
525.831
527.679
520.545
523.355
515.299
513.595
513.937
508.838
510.472
507.149
508.227
505.72
506.395
503.939
504.666
501.579
502.648
498.901
500.3
496.471
497.937
494.544
495.846
492.977
494.066
491.548
492.496
490.176
491.036
488.897
489.671
487.728
488.425
486.683
487.302
485.761
486.302
484.994
485.444
484.362
484.736
483.853
484.158
483.449
483.692
483.125
483.318
482.86
483.016
482.643
482.774
482.466
482.577
482.323
482.418
482.209
482.287
482.115
482.181
482.038
482.093
481.975
482.021
481.924
481.962
481.881
481.914
481.846
481.874
481.82
481.841
481.8
481.816
481.785
481.797
481.775
481.784
481.768
481.773
481.76
481.765
481.756
481.76
481.752
481.754
481.749
481.752
481.748
481.749
481.746
481.747
481.745
481.746
481.744
481.745
481.744
481.744
481.744
481.744
481.743
481.744
481.743
481.743
481.743
481.743
481.743
481.743
481.744
481.744
481.745
481.744
481.744
481.744
481.745
481.745
481.744
481.744
481.743
481.744
481.744
481.743
481.743
481.743
481.743
481.743
481.743
481.743
481.744
481.743
481.744
481.744
481.743
481.744
481.743
481.743
481.743
481.743
481.743
481.743
481.743
481.744
481.744
481.744
481.744
481.744
481.745
481.745
481.744
481.744
481.744
481.744
481.744
481.744
481.743
481.743
481.743
481.743
481.743
481.743
481.744
481.743
481.744
481.744
481.743
481.744
481.743
481.743
481.743
481.743
481.743
481.743
481.744
481.744
481.745
481.744
481.743
481.744
481.745
481.745
481.744
481.744
481.744
481.744
481.744
481.744
481.743
481.743
481.743
481.743
481.743
481.743
481.744
481.743
481.744
481.744
481.742
481.744
481.743
481.743
481.743
481.743
481.743
481.743
481.743
481.744
481.744
481.744
481.744
481.744
481.745
481.745
481.744
481.744
481.744
481.744
481.745
481.744
481.744
481.743
481.744
481.743
481.743
481.743
481.743
481.743
481.742
481.743
481.743
481.743
481.743
481.744
481.743
481.743
481.744
481.744
481.745
481.745
481.744
481.744
481.745
481.744
481.745
481.744
481.744
481.744
481.744
481.744
481.745
481.744
481.743
481.744
481.744
481.744
481.744
481.743
481.743
481.743
481.743
481.747
1044.34
1040.43
1034.79
1035.4
1029.95
1028.63
1016.37
1006.61
756.033
510.1
464.589
468.75
475.46
481.993
441.513
444.728
462.336
506.399
577.584
687.372
909.334
911.602
915.223
913.014
913.51
906.286
902.78
897.612
886.271
932.423
653.518
614.555
581.287
532.313
493.251
457.567
439.517
437.294
439.208
446.578
451.851
455.054
455.649
453.271
446.385
459.566
538.011
692.842
982.891
971.504
978.384
985.983
995.361
996.979
1010.72
1011.67
1038.39
821.909
666.728
604.684
577.076
553.255
536.196
516.817
487.005
452.154
439.752
436.596
441.342
451.266
462.497
472.09
473.251
469.801
496.35
483.4
486.977
494.339
507.33
554.129
657.146
748.807
764.462
771.223
712.997
688.906
611.984
567.71
537.466
502.96
496.558
489.783
482.997
473.525
463.378
453.63
456.541
460.114
466.497
472.265
478.017
481.362
481.948
481.391
426.006
423.568
419.85
416.403
412.651
410.669
411.176
410.702
415.574
417.265
420.599
422.728
425.407
428.294
431.21
435.164
438.864
443.373
447.438
451.581
454.181
455.638
456.724
454.818
452.859
454.019
453.435
453.53
452.695
452.46
419.661
418.882
418.77
419.277
419.31
419.546
419.997
420.523
419.937
420.53
420.004
419.634
419.57
418.522
418.591
417.497
416.422
416.746
415.638
414.677
414.872
413.557
413.763
412.699
412.863
411.919
412.276
411.488
411.738
411.432
406.519
406.444
406.416
406.378
406.31
406.28
406.166
406.15
406.026
406.013
405.883
405.886
405.729
405.767
405.595
405.645
405.496
405.546
405.419
405.464
405.349
405.393
405.294
405.324
405.285
405.249
405.265
405.225
405.244
405.312
405.146
405.053
405.048
405.042
405.04
405.035
405.031
405.026
405.023
405.017
405.017
405.01
405.005
404.997
404.995
404.993
404.996
405.001
405.004
405.008
405.009
405.012
405.014
405.016
405.018
405.021
405.023
405.025
405.03
405.124
405.124
405.031
405.026
405.023
405.021
405.018
405.015
405.014
405.01
405.008
405.006
405.003
404.997
404.991
404.988
404.989
404.992
404.997
405.002
405.006
405.007
405.011
405.013
405.015
405.017
405.02
405.021
405.024
405.03
405.124
405.124
405.031
405.024
405.021
405.02
405.017
405.014
405.011
405.01
405.007
405.006
405.002
404.997
404.993
404.989
404.989
404.99
404.996
405.003
405.007
405.008
405.012
405.014
405.017
405.018
405.022
405.023
405.026
405.031
405.124
405.124
405.03
405.025
405.023
405.02
405.018
405.015
405.013
405.01
405.008
405.006
405.003
404.997
404.992
404.989
404.988
404.991
404.997
405.002
405.005
405.007
405.011
405.012
405.015
405.017
405.021
405.022
405.024
405.03
405.124
405.124
405.03
405.025
405.023
405.021
405.018
405.015
405.014
405.009
405.007
405.005
405.002
404.996
404.992
404.988
404.988
404.991
404.996
405.002
405.005
405.008
405.009
405.013
405.014
405.017
405.02
405.022
405.025
405.03
405.123
405.124
405.029
405.024
405.022
405.019
405.016
405.014
405.012
405.009
405.009
405.005
405.003
404.997
404.993
404.989
404.988
404.991
404.996
405
405.004
405.006
405.01
405.012
405.015
405.017
405.021
405.022
405.024
405.029
405.124
1038.02
1005.75
961.93
920.695
921.862
934.837
925.559
923.751
601.308
498.139
460.738
450.734
459.092
471.526
445.244
493.6
632.833
916.797
914.861
915.087
911.951
913.421
914.8
910.224
912.606
911.592
907.831
905.776
902.147
889.885
899.708
907.444
903.748
896.606
881.6
698.948
506.651
452.247
435.377
434.251
442.311
448.268
454.698
453.949
453.24
552.843
966.832
975.582
974.473
974.776
982.743
991.836
999.327
1006.52
1012.52
1023.33
1019.94
1041
1023.3
1026.96
1021.03
1022.95
1022.25
1021.8
1007.85
702.948
524.785
480.36
447.765
438.168
443.586
456.182
470.59
473.19
488.456
482.069
486.328
493.437
556.207
798.337
1052.58
1060.44
1070.55
1078.69
1086.33
1096.29
1090.93
1076.5
1049.28
766.445
675.26
615.66
538.677
514.445
496.475
477.28
455.497
442.507
442.025
446.158
456.82
472.045
480.696
482.921
414.044
406.463
401.352
399.258
400.834
402.434
411.518
411.869
425.457
424.76
433.268
431.818
429.763
424.147
419.444
416.263
416.019
416.552
418.19
419.943
422.451
425.648
428.645
434.718
438.61
445.659
449.913
451.201
451.495
451.398
392.404
391.011
391.184
392.165
392.777
394.045
395.001
395.737
398.112
398.997
400.843
402.151
403.498
404.865
404.942
406.891
406.173
407.288
407.735
407.678
408.389
408.025
408.672
408.244
408.726
408.226
408.556
408.074
408.295
409.896
401.799
400.177
400.109
400.143
400.584
400.573
400.887
400.899
401.046
401.055
401.096
401.081
401.043
400.965
400.909
400.874
400.881
400.965
401.018
401.09
401.104
401.144
401.17
401.158
401.21
401.186
401.209
401.188
401.269
403.585
403.333
400.968
400.839
400.785
400.757
400.7
400.669
400.609
400.584
400.523
400.496
400.432
400.373
400.278
400.24
400.225
400.287
400.353
400.444
400.476
400.539
400.567
400.628
400.653
400.717
400.739
400.796
400.817
400.941
403.444
403.443
400.947
400.84
400.789
400.771
400.712
400.688
400.628
400.606
400.544
400.516
400.445
400.381
400.278
400.239
400.226
400.288
400.35
400.441
400.473
400.537
400.566
400.628
400.654
400.718
400.74
400.797
400.818
400.943
403.445
403.441
400.939
400.807
400.783
400.729
400.706
400.643
400.62
400.562
400.54
400.481
400.453
400.37
400.306
400.24
400.235
400.258
400.356
400.442
400.522
400.568
400.608
400.67
400.693
400.753
400.772
400.822
400.84
400.979
403.358
403.44
400.938
400.831
400.78
400.763
400.705
400.681
400.62
400.598
400.537
400.511
400.443
400.384
400.284
400.242
400.223
400.281
400.344
400.439
400.472
400.538
400.569
400.631
400.657
400.722
400.744
400.8
400.818
400.942
403.445
403.361
400.964
400.825
400.794
400.768
400.708
400.678
400.612
400.586
400.519
400.489
400.422
400.365
400.271
400.233
400.232
400.267
400.366
400.426
400.494
400.523
400.587
400.611
400.674
400.702
400.758
400.784
400.829
400.958
403.359
403.444
400.936
400.824
400.767
400.75
400.687
400.667
400.603
400.589
400.525
400.508
400.438
400.392
400.292
400.25
400.222
400.28
400.341
400.436
400.468
400.534
400.562
400.627
400.652
400.718
400.74
400.799
400.819
400.942
403.447
1011.88
934.142
871.125
849.074
844.626
842.622
837.875
697.426
696.063
632.471
561.447
471.027
444.102
452.811
505.914
867.86
902.296
905.492
918.612
928.266
942.351
938.395
938.735
934.87
935.819
935.989
931.208
927.592
922.489
920.325
912.24
909.334
901.096
885.301
859.158
829.213
811.082
534.417
455.139
436.975
429.53
436.843
448.342
457.001
458.829
580.166
962.939
954.564
958.238
957.391
967.127
977.26
989.074
992.174
995.112
1007.46
1014.77
1004.8
1016.34
1018
1025.67
1035.3
1043.34
1049.6
1062.28
1067.01
1054.87
1029.94
638.395
470.106
436.886
440.279
458.897
475.511
481.271
480.123
487.639
491.885
515.567
694.438
1054.59
1050.09
1066.3
1069.75
1075.46
1081.66
1099.9
1105.44
1090.17
1091.53
1088.71
1075.19
771.306
628.341
548.655
528.137
509.371
477.506
449.519
436.425
437.88
450.006
470.564
480.388
397.558
393.087
397.223
404.177
415.529
427.354
436.974
444.47
452.376
454.93
465.825
469.517
475.034
472.466
460.223
442.969
428.658
419.978
415.062
412.731
410.898
409.733
409.855
409.09
409.436
410.064
414.782
421.652
427.98
430.868
378.369
380.33
380.674
380.645
380.738
380.064
379.584
379.751
378.19
378.406
377.533
376.429
376.909
375.921
375.028
375.299
374.431
373.245
373.938
371.937
372.92
371.053
371.954
370.415
371.357
370.139
371.161
370.322
371.204
368.968
363.186
364.8
365.237
364.942
365.155
364.906
365.119
364.897
365.087
364.889
365.041
364.899
365.015
364.978
365.016
364.986
364.909
364.814
364.69
364.596
364.563
364.422
364.46
364.333
364.37
364.279
364.313
364.26
364.202
361.933
361.784
364.113
364.225
364.268
364.306
364.337
364.376
364.408
364.441
364.476
364.511
364.555
364.622
364.696
364.743
364.744
364.697
364.623
364.551
364.509
364.469
364.431
364.396
364.362
364.323
364.291
364.256
364.224
364.11
361.764
361.763
364.091
364.213
364.254
364.282
364.313
364.346
364.379
364.411
364.448
364.487
364.535
364.61
364.69
364.739
364.737
364.694
364.621
364.552
364.508
364.469
364.429
364.395
364.36
364.321
364.289
364.255
364.223
364.109
361.764
361.765
364.104
364.229
364.272
364.302
364.334
364.369
364.4
364.431
364.464
364.499
364.54
364.602
364.676
364.724
364.743
364.709
364.631
364.536
364.48
364.449
364.399
364.361
364.327
364.295
364.265
364.24
364.204
364.088
361.761
361.763
364.103
364.221
364.261
364.288
364.319
364.352
364.386
364.417
364.452
364.49
364.535
364.607
364.684
364.736
364.74
364.699
364.626
364.554
364.51
364.469
364.429
364.393
364.358
364.319
364.285
364.251
364.222
364.107
361.763
361.761
364.111
364.22
364.245
364.281
364.315
364.356
364.392
364.429
364.468
364.509
364.552
364.619
364.689
364.741
364.74
364.692
364.618
364.549
364.504
364.465
364.428
364.393
364.359
364.321
364.29
364.255
364.22
364.115
361.761
361.762
364.106
364.23
364.271
364.298
364.33
364.361
364.394
364.422
364.456
364.491
364.535
364.597
364.673
364.728
364.743
364.703
364.632
364.559
364.515
364.475
364.433
364.396
364.36
364.321
364.287
364.251
364.223
364.109
361.764
950.235
894.204
866.923
866.555
850.774
841.422
843.775
848.067
862.651
836.594
776.616
583.62
464.696
438.969
528.601
877.409
901.457
923.389
947.15
969.467
979.32
975.803
978.785
984.708
997.188
1002.58
1001.21
995.336
985.52
981.361
974.539
977.67
983.577
980.978
953.671
925.168
845.301
769.436
730.916
466.98
426.057
422.694
439.11
452.471
455.923
572.922
962.257
955.996
947.606
944.606
941.292
946.977
958.19
963.029
963.806
973.658
983.357
983.008
978.344
983.147
998.806
1031.52
1053.75
1062.32
1065.74
1059.67
1053.63
1048.47
1051.34
676.588
469.777
434.879
446.532
472.316
471.027
476.559
485.87
487.012
478.619
489.081
518.232
520.941
528.37
558.3
661.247
1010.04
1069.62
1116.53
1118.42
1104.07
1091.57
1084.19
1086.48
1079.99
809.046
592.147
536.745
527.509
495.986
458.51
439.787
437.892
453.453
473.374
390.266
396.443
407.576
424.02
434.005
437.961
433.916
430.78
434.387
436.291
452.016
462.701
477.997
490.46
497.241
492.057
472.384
451.263
436.052
426.567
421.078
418.434
415.159
413.109
411.34
409.64
407.743
407.617
407.995
409.737
386.355
393.881
395.122
394.565
392.475
389.94
388.263
385.258
384.138
381.27
381.027
378.709
377.715
377.273
376.15
375.082
375.111
373.14
374.011
371.68
372.743
370.631
371.56
369.799
370.549
369.151
369.701
368.76
369.119
368.371
364.603
364.96
364.683
364.856
364.538
364.642
364.369
364.438
364.185
364.259
364.026
364.1
363.887
363.961
363.776
363.837
363.681
363.719
363.594
363.611
363.553
363.504
363.508
363.445
363.462
363.411
363.425
363.399
363.374
362.984
362.836
363.232
363.256
363.264
363.262
363.265
363.264
363.265
363.265
363.265
363.268
363.266
363.273
363.272
363.279
363.274
363.274
363.265
363.264
363.257
363.259
363.252
363.254
363.247
363.249
363.243
363.244
363.238
363.21
362.802
362.802
363.21
363.241
363.24
363.246
363.244
363.25
363.248
363.254
363.252
363.258
363.257
363.265
363.267
363.272
363.269
363.269
363.262
363.261
363.255
363.257
363.251
363.253
363.247
363.248
363.242
363.244
363.237
363.209
362.802
362.802
363.21
363.237
363.244
363.243
363.248
363.247
363.252
363.251
363.256
363.255
363.26
363.261
363.268
363.269
363.273
363.267
363.266
363.257
363.256
363.255
363.25
363.251
363.245
363.247
363.242
363.244
363.236
363.209
362.81
362.802
363.21
363.242
363.241
363.247
363.244
363.25
363.248
363.254
363.252
363.258
363.257
363.264
363.266
363.273
363.269
363.27
363.262
363.261
363.255
363.257
363.251
363.252
363.246
363.248
363.242
363.243
363.237
363.21
362.801
362.811
363.208
363.239
363.24
363.246
363.244
363.25
363.249
363.254
363.254
363.259
363.258
363.265
363.266
363.271
363.271
363.266
363.265
363.258
363.259
363.253
363.254
363.249
363.25
363.244
363.246
363.24
363.24
363.208
362.81
362.801
363.209
363.241
363.241
363.247
363.244
363.251
363.249
363.254
363.252
363.258
363.256
363.264
363.264
363.271
363.268
363.269
363.262
363.261
363.255
363.257
363.251
363.253
363.247
363.249
363.242
363.244
363.237
363.21
362.801
905.834
912.471
960.817
975.483
943.417
948.764
988.062
1023.81
1008.77
955.666
902.113
780.505
582.51
444.96
569.866
895.108
941.943
966.643
1001.12
1018.72
1024.81
1031.77
1049.97
1071.14
1083.58
1086.84
1082.11
1070.7
1060.04
1057.55
1061.88
1065.06
1066.94
1057.92
1040.68
999.5
916.691
831.497
753.35
694.149
436.123
422.232
433.337
454.345
450.622
555.359
965.95
961.28
946.089
938.533
932.373
932.41
934.291
936.823
937.139
943.539
952.668
956.648
960.606
962.247
966.733
992.354
1040.03
1056.29
1058.78
1065.3
1073.55
1072.76
1059.32
1052.68
592.271
447.844
440.842
468.739
460.259
470.223
481.212
477.397
472.585
457.725
462.832
466.215
473.55
482.408
491.995
630.23
1031.39
1128.09
1141.97
1117.8
1092.63
1090.68
1092.77
1093.6
1088.58
1083.36
761.174
565.21
531.651
502.831
460.73
440.761
441.829
460.255
394.142
405.735
425.617
436.642
437.317
425.762
417.974
408.326
413.838
414.576
432.918
441.095
461.523
477.121
495.896
507.717
507.122
490.268
467.173
449.147
438.266
430.846
426.974
423.411
420.229
417.061
413.729
409.855
407.766
406.287
397.051
412.742
417.549
418.658
415.278
409.805
403.276
398.753
394.635
392.343
388.938
387.869
385.413
383.819
383.38
381.194
381.442
379.281
379.687
377.738
377.95
376.45
376.577
375.304
375.32
374.479
374.133
373.762
373.344
373.243
370.538
370.369
370.441
370.001
370.031
369.671
369.674
369.373
369.392
369.123
369.161
368.92
368.966
368.753
368.801
368.615
368.665
368.505
368.549
368.414
368.458
368.346
368.379
368.296
368.317
368.259
368.27
368.237
368.237
368.182
368.059
368.083
368.091
368.09
368.082
368.085
368.075
368.08
368.07
368.076
368.067
368.074
368.065
368.074
368.062
368.073
368.06
368.07
368.057
368.068
368.055
368.066
368.054
368.065
368.054
368.065
368.054
368.056
368.054
368.008
368.004
368.058
368.051
368.064
368.051
368.063
368.051
368.064
368.052
368.064
368.053
368.065
368.055
368.066
368.055
368.066
368.055
368.065
368.053
368.064
368.052
368.064
368.052
368.064
368.053
368.065
368.053
368.056
368.054
368.007
368.01
368.052
368.062
368.052
368.064
368.052
368.064
368.052
368.064
368.053
368.064
368.054
368.065
368.055
368.066
368.056
368.066
368.056
368.066
368.055
368.055
368.065
368.053
368.064
368.052
368.064
368.052
368.063
368.049
368.014
368.004
368.058
368.051
368.064
368.05
368.063
368.051
368.063
368.052
368.064
368.053
368.065
368.054
368.066
368.055
368.066
368.055
368.065
368.053
368.064
368.053
368.064
368.052
368.064
368.052
368.064
368.052
368.056
368.054
368.007
368.017
368.05
368.057
368.063
368.054
368.064
368.053
368.065
368.053
368.064
368.054
368.064
368.055
368.066
368.056
368.056
368.066
368.055
368.065
368.054
368.065
368.053
368.064
368.052
368.064
368.053
368.064
368.053
368.049
368.015
368.004
368.057
368.05
368.063
368.05
368.063
368.05
368.063
368.051
368.063
368.051
368.064
368.053
368.066
368.055
368.066
368.056
368.066
368.054
368.064
368.053
368.065
368.052
368.065
368.052
368.064
368.052
368.056
368.053
368.005
915.131
993.975
1049.56
1060.53
1057.32
1069.54
1090.73
1078.83
1027.1
962.151
906.773
856.681
776.076
486.295
618.798
932.906
1006.59
1032.94
1057.84
1067.24
1078.39
1092.49
1108.54
1119.78
1123.4
1118.88
1108.49
1098.81
1092.98
1092.18
1092.48
1091.09
1083.93
1072.98
1064.51
1043.47
988.461
894.528
807.11
757.406
442.787
423.726
428.173
447.856
447.808
539.401
978.069
969.158
963.994
950.113
945.666
938.593
932.784
925.999
927.512
939.342
961.841
987.551
1004.67
1005.55
993.105
983.975
996.161
1018.91
1025.64
1047.44
1072.33
1084.54
1073.2
1051.03
1023.46
522.787
444.529
463.538
447.992
465.876
477.531
480.61
468.221
464.087
453.393
464.229
465.367
486.276
529.839
766.615
1003.66
1113.49
1155.6
1130.35
1110.64
1104.97
1108.7
1109.04
1105.85
1094.16
1088.4
806.254
584.932
534.188
499.379
457.135
441.267
449.396
398.544
421.539
436.816
442.45
428.89
415.518
402.746
399.174
410.611
406.619
427.484
435.242
455.384
469.327
485.564
503.456
516.104
516.437
502.629
481.352
462.175
450.382
442.163
436.806
432.182
427.51
422.362
417.326
411.821
407.876
407.317
423.063
428.919
435.311
440.465
435.326
426.11
416.272
409.856
404.445
401.941
397.279
396.633
392.656
392.532
389.689
389.416
387.174
387.277
384.808
385.517
382.858
383.8
381.408
382.131
380.178
380.602
379.181
379.306
378.297
377.301
377.877
377.026
377.143
376.413
376.431
375.889
375.888
375.463
375.473
375.145
375.156
374.9
374.897
374.711
374.673
374.571
374.505
374.456
374.365
374.364
374.271
374.281
374.203
374.205
374.164
374.144
374.134
374.084
373.71
373.597
373.974
373.985
373.996
373.978
373.984
373.971
373.976
373.965
373.97
373.961
373.966
373.96
373.962
373.959
373.96
373.956
373.957
373.953
373.955
373.951
373.954
373.95
373.953
373.949
373.953
373.948
373.945
373.922
373.54
373.539
373.924
373.946
373.951
373.947
373.951
373.947
373.951
373.947
373.951
373.948
373.952
373.949
373.953
373.95
373.953
373.949
373.952
373.948
373.952
373.948
373.951
373.948
373.952
373.948
373.952
373.948
373.944
373.922
373.539
373.541
373.921
373.948
373.948
373.952
373.947
373.951
373.947
373.951
373.948
373.952
373.948
373.952
373.949
373.953
373.95
373.953
373.951
373.953
373.947
373.948
373.952
373.948
373.952
373.947
373.952
373.948
373.95
373.921
373.535
373.54
373.924
373.947
373.952
373.947
373.951
373.947
373.951
373.947
373.951
373.947
373.952
373.949
373.953
373.95
373.953
373.949
373.953
373.948
373.952
373.948
373.952
373.948
373.951
373.947
373.951
373.947
373.944
373.922
373.54
373.538
373.922
373.948
373.951
373.947
373.953
373.948
373.953
373.948
373.953
373.949
373.952
373.949
373.953
373.95
373.95
373.954
373.95
373.953
373.949
373.952
373.948
373.953
373.948
373.952
373.948
373.952
373.946
373.92
373.537
373.539
373.924
373.946
373.951
373.947
373.951
373.947
373.951
373.947
373.951
373.948
373.952
373.95
373.954
373.952
373.954
373.951
373.954
373.95
373.953
373.948
373.952
373.948
373.952
373.948
373.951
373.947
373.944
373.921
373.54
986.308
1058.28
1088.23
1099.18
1113.1
1125.74
1127.8
1100.61
983.514
880.514
843.947
830.234
794.239
533.597
712.024
982.52
1063.84
1078.69
1091.52
1100.25
1112.67
1129.05
1142.55
1148.17
1145.56
1137.01
1127.09
1118.93
1115.08
1113.84
1111.33
1103.41
1087.67
1066.32
1040.3
1035.86
1017.83
949.512
862.634
806.263
484.579
470.892
431.283
446.301
447.855
536.774
973.763
992.084
980.627
991.849
991.525
980.902
949.946
925.243
930.653
969.977
1031.28
1081.3
1096.34
1097.86
1087.58
1056.07
1016.16
995.584
984.987
987.885
1045.8
1078.18
1085.05
1071.99
1049.86
699.905
465.975
458.354
440.731
458.554
479.572
483.995
477.533
473.954
474.273
489.634
529.138
648.729
690.706
976.153
1001.15
1096.97
1169.22
1157.74
1141.52
1140.21
1143.43
1136.08
1129.57
1112.77
1101.19
1097.26
810.333
588.993
532.314
494.441
454.252
443.867
412.404
429.556
447.037
440.665
435.339
416.206
409.87
400.713
410.333
407.924
433.026
438.118
462.388
472.335
487.005
499.561
513.271
523.314
523.698
511.699
493.387
475.199
462.778
454.377
448.285
442.436
436.158
428.722
421.518
411.116
416.566
418.441
422.174
434.216
447.572
455.274
450.263
438.595
427.942
421.011
416.229
412.287
409.076
406.423
404.31
402.015
401.347
398.669
398.972
396.184
396.716
394.262
394.493
392.816
392.466
391.38
390.65
389.798
388.72
388.086
389.958
389.213
388.781
387.821
387.63
386.921
386.865
386.314
386.319
385.868
385.923
385.548
385.619
385.294
385.37
385.095
385.17
384.948
385.008
384.834
384.878
384.743
384.776
384.678
384.675
384.639
384.598
384.595
384.554
384.658
384.59
384.45
384.451
384.436
384.431
384.422
384.415
384.41
384.404
384.402
384.397
384.397
384.393
384.392
384.389
384.39
384.385
384.388
384.382
384.387
384.38
384.387
384.38
384.386
384.38
384.386
384.38
384.377
384.381
384.502
384.502
384.385
384.378
384.384
384.378
384.383
384.377
384.382
384.377
384.382
384.377
384.382
384.378
384.382
384.379
384.382
384.378
384.382
384.377
384.382
384.377
384.384
384.378
384.384
384.379
384.384
384.379
384.376
384.381
384.501
384.503
384.379
384.381
384.38
384.386
384.378
384.384
384.378
384.383
384.377
384.382
384.377
384.382
384.378
384.381
384.378
384.381
384.379
384.383
384.377
384.379
384.383
384.379
384.384
384.379
384.385
384.379
384.384
384.383
384.494
384.502
384.384
384.378
384.384
384.378
384.383
384.377
384.382
384.377
384.382
384.377
384.382
384.378
384.381
384.378
384.381
384.377
384.382
384.377
384.383
384.377
384.384
384.378
384.384
384.379
384.384
384.378
384.376
384.381
384.502
384.496
384.383
384.379
384.382
384.38
384.385
384.379
384.384
384.378
384.384
384.378
384.382
384.378
384.381
384.377
384.377
384.381
384.378
384.382
384.378
384.383
384.378
384.384
384.379
384.385
384.38
384.384
384.377
384.38
384.495
384.502
384.385
384.378
384.384
384.378
384.383
384.377
384.383
384.377
384.382
384.376
384.382
384.377
384.382
384.378
384.381
384.377
384.381
384.377
384.381
384.376
384.382
384.376
384.383
384.378
384.383
384.377
384.375
384.379
384.499
1065.18
1099.33
1114.84
1124.59
1142.55
1155.82
1150.74
1107.96
940.588
847.236
833.606
841.82
827.748
802.024
827.697
1031.92
1085.03
1097.22
1107.77
1120.42
1135.65
1147.97
1156.58
1159.6
1158.32
1153.53
1145.58
1138.69
1135.83
1134.25
1126.64
1107.09
1077.88
1007.47
969.71
987.313
1005.73
957.737
875.246
811.089
749.932
627.193
439.968
443.121
454.715
526.82
966.675
1002.3
1012.44
1029.83
1043.6
1032.39
976.194
928.043
937.856
1013.86
1093.27
1117.97
1132.78
1139.57
1136.31
1120.63
1093.6
1058.32
1015.81
994.103
999.956
1057.17
1083.41
1087.88
1072.04
1057.2
575.009
465.421
432.79
455.053
478.016
484.972
484.608
485.842
521.062
652.019
746.636
990.467
955.807
975.174
1016.07
1094.13
1177.52
1183.56
1176.9
1176.45
1177.62
1171.14
1158.6
1141.19
1126.15
1111.14
1105.56
784.702
584.175
533.429
484.499
448.044
418.981
437.832
437.929
444.168
435.693
427.88
421.48
416.212
422.481
406.703
443.783
454.213
474.681
483.554
495.139
504.214
514.043
523.364
528.968
528.683
518.597
502.962
487.542
475.753
467.284
459.682
451.714
442.663
431.168
415.709
413.092
406.554
414.894
425.126
446.003
461.982
466.948
458.835
447.866
438.395
433.618
427.555
425.683
420.157
419.688
414.925
415.243
411.196
411.787
408.249
408.863
405.76
406.314
403.464
404.075
401.232
401.658
399.103
398.885
396.89
402.904
402.355
400.546
399.853
398.735
398.271
397.618
397.305
396.865
396.582
396.357
396.107
395.964
395.757
395.67
395.478
395.442
395.274
395.26
395.12
395.121
394.993
395.007
394.898
394.911
394.819
394.821
394.743
394.737
394.808
394.819
394.682
394.644
394.655
394.635
394.639
394.625
394.626
394.616
394.617
394.61
394.613
394.607
394.608
394.604
394.604
394.601
394.6
394.599
394.598
394.596
394.596
394.595
394.596
394.592
394.59
394.584
394.574
394.576
394.715
394.715
394.578
394.576
394.584
394.587
394.591
394.591
394.592
394.591
394.593
394.593
394.594
394.593
394.594
394.593
394.594
394.593
394.594
394.593
394.594
394.592
394.593
394.592
394.594
394.59
394.589
394.583
394.574
394.575
394.714
394.713
394.574
394.576
394.583
394.59
394.589
394.593
394.591
394.593
394.591
394.593
394.592
394.593
394.592
394.593
394.593
394.594
394.594
394.596
394.592
394.593
394.594
394.593
394.594
394.59
394.589
394.583
394.577
394.577
394.707
394.715
394.577
394.576
394.584
394.587
394.59
394.591
394.593
394.591
394.593
394.593
394.594
394.593
394.594
394.593
394.594
394.593
394.594
394.593
394.594
394.593
394.594
394.592
394.594
394.59
394.588
394.582
394.574
394.576
394.714
394.709
394.578
394.576
394.582
394.587
394.592
394.592
394.594
394.593
394.594
394.593
394.594
394.593
394.593
394.592
394.593
394.593
394.593
394.594
394.593
394.594
394.592
394.594
394.592
394.593
394.588
394.585
394.575
394.575
394.707
394.716
394.577
394.575
394.583
394.587
394.591
394.592
394.594
394.592
394.594
394.592
394.594
394.593
394.595
394.594
394.595
394.593
394.594
394.593
394.594
394.593
394.594
394.592
394.593
394.589
394.586
394.576
394.558
394.537
394.676
1111.45
1129.57
1136.84
1148.43
1170.41
1184.62
1167.86
1106.93
936.079
867.998
893.525
942.711
958.676
953.898
924.785
901.227
934.917
1072.26
1089.72
1095.9
1107.79
1121.77
1134.22
1145.58
1155.02
1164
1167.36
1164.39
1159.1
1154.73
1154.6
1150.76
1131.33
1091.55
1004.94
918.029
902.605
939.006
966.635
935.37
874.484
844.062
844.821
834.185
446.019
439.541
437.618
448.214
454.181
489.08
682.479
1032.75
1026.5
1038.72
1049.71
1047.16
985.883
927.977
942.921
1019.08
1088.64
1103.65
1111.61
1121.13
1136.73
1145.86
1142.38
1120.6
1093.59
1060.09
1012.25
1013.28
1066.63
1088.82
1087.8
1066.76
965.211
544.777
461.912
449.491
436.855
449.849
465.791
477.09
484.707
518.273
678.86
953.032
970.788
971.685
977.522
992.92
1041.88
1096.84
1173.81
1194.85
1195.19
1195.26
1193
1188.57
1183.44
1170.98
1158.96
1135.48
1116.63
1110.15
739.785
572.818
519.117
460.522
420.211
424.493
423.26
428.276
444.924
441.277
443.544
437.169
428.253
426.311
439.704
435.722
467.844
477.909
492.751
499.719
506.923
511.826
518.695
524.405
530.477
532.539
531.204
523.625
511.685
499.227
488.613
479.852
471.69
459.826
442.96
421.107
399.495
407.065
397.529
404.639
413.251
433.131
449.715
468.181
476.939
474.434
465.627
457.12
451.144
446.005
442.728
438.113
436.255
432.487
431.463
428.48
427.891
425.25
425.091
422.469
422.684
420.031
420.349
417.724
417.729
414.784
413.801
410.316
414.472
415.191
419.856
418.558
418.039
415.493
415.529
413.977
414.137
413.099
413.228
412.507
412.549
412.096
412.082
411.753
411.756
411.476
411.51
411.267
411.315
411.111
411.152
410.992
411.012
410.889
410.9
410.797
410.791
410.708
410.733
411.275
411.958
411.904
411.418
410.693
410.642
410.593
410.598
410.573
410.575
410.561
410.555
410.549
410.544
410.541
410.538
410.536
410.532
410.533
410.529
410.53
410.525
410.526
410.522
410.523
410.52
410.52
410.514
410.511
410.506
410.503
410.559
411.225
411.833
411.833
411.226
410.562
410.505
410.506
410.508
410.513
410.515
410.517
410.517
410.518
410.518
410.52
410.52
410.521
410.52
410.521
410.52
410.521
410.519
410.52
410.518
410.519
410.517
410.517
410.512
410.51
410.504
410.503
410.558
411.224
411.833
411.833
411.223
410.556
410.505
410.506
410.51
410.512
410.517
410.517
410.518
410.517
410.519
410.519
410.521
410.52
410.521
410.521
410.522
410.52
410.522
410.517
410.518
410.519
410.518
410.517
410.513
410.51
410.505
410.507
410.562
411.221
411.833
411.833
411.225
410.561
410.506
410.506
410.507
410.513
410.515
410.518
410.516
410.518
410.518
410.52
410.52
410.521
410.52
410.521
410.52
410.521
410.519
410.52
410.518
410.519
410.518
410.517
410.512
410.509
410.503
410.503
410.559
411.224
411.833
411.833
411.222
410.56
410.505
410.503
410.509
410.514
410.516
410.519
410.518
410.519
410.519
410.52
410.52
410.52
410.519
410.519
410.52
410.52
410.52
410.518
410.519
410.517
410.519
410.516
410.515
410.51
410.507
410.504
410.559
411.222
411.833
411.832
411.226
410.562
410.505
410.506
410.507
410.514
410.515
410.518
410.516
410.518
410.516
410.517
410.517
410.519
410.519
410.52
410.52
410.52
410.519
410.519
410.517
410.517
410.514
410.514
410.509
410.507
410.5
410.5
410.557
411.221
411.793
411.303
1149.77
1156.54
1160.77
1173.98
1193.78
1199.34
1174.97
1112.15
971.67
915.181
952.148
995.718
1004.63
994.724
988.938
1002.31
1051.8
1076.81
1077.44
1072.03
1082.32
1100.63
1115.95
1130.6
1149.21
1164.23
1171.1
1170.86
1169.43
1170.22
1168.96
1157.73
1117.67
1049.18
914.819
860.32
862.34
891.624
913.638
901.183
871.694
863.04
859.773
875.109
470.168
469.909
468.537
466.016
465.436
477.057
510.013
621.03
653.997
1044.67
1051.71
1047.95
978.524
930.94
942.752
975.958
1010
1033.27
1043.89
1059.36
1080.04
1106.97
1138.2
1149.88
1140.08
1112.18
1073.36
1014.84
1025.24
1074.85
1091.17
1085
1052.5
723.44
545.888
498.861
483.18
482.666
490.272
497.192
530.26
610.217
922.472
995.754
1020.63
1032.58
1039.18
1059.53
1079.42
1107.98
1155.53
1187.58
1195.97
1196.97
1195.29
1193.43
1190.69
1188.61
1181.59
1165.38
1140.81
1117.11
950.937
670.1
562.421
511.65
472.431
459.518
457.764
465.133
467.32
478.609
473.406
476.453
470.644
475.83
473.015
476.6
489.232
504.706
510.471
517.577
517.596
521.275
523.845
528.546
531.579
534.389
534.355
532.554
527.112
518.894
509.479
500.247
490.841
480.428
467.545
450.614
431.979
422.216
421.756
425.477
436.163
449.093
465.623
477.329
485.843
485.862
481.178
473.958
469.142
463.091
460.783
454.631
453.875
448.462
448.484
444.036
444.386
440.508
441.039
437.449
438.106
434.727
435.273
432.131
432.669
429.39
430.023
425.957
429.67
428.588
433.214
432.081
432.119
429.879
429.908
428.423
428.43
427.448
427.448
426.69
426.775
426.132
426.273
425.721
425.884
425.419
425.575
425.197
425.328
425.025
425.135
424.893
424.979
424.785
424.841
424.688
424.729
424.604
424.651
424.605
425.309
425.24
424.725
424.561
424.564
424.516
424.518
424.498
424.499
424.484
424.487
424.473
424.478
424.469
424.472
424.467
424.467
424.463
424.464
424.46
424.459
424.454
424.454
424.451
424.451
424.447
424.443
424.438
424.435
424.434
424.444
424.525
425.172
425.172
424.526
424.445
424.436
424.434
424.436
424.44
424.445
424.446
424.448
424.448
424.45
424.451
424.452
424.453
424.453
424.453
424.453
424.452
424.451
424.45
424.449
424.448
424.447
424.445
424.44
424.436
424.434
424.433
424.443
424.525
425.171
425.171
424.523
424.441
424.435
424.434
424.436
424.44
424.445
424.447
424.448
424.449
424.449
424.451
424.452
424.453
424.453
424.453
424.453
424.452
424.453
424.448
424.449
424.449
424.448
424.445
424.441
424.436
424.434
424.436
424.446
424.523
425.171
425.171
424.525
424.445
424.436
424.434
424.435
424.44
424.444
424.447
424.448
424.449
424.45
424.451
424.452
424.453
424.452
424.453
424.453
424.452
424.451
424.45
424.449
424.448
424.447
424.445
424.441
424.436
424.434
424.434
424.443
424.524
425.171
425.171
424.523
424.444
424.435
424.433
424.437
424.441
424.445
424.447
424.448
424.449
424.45
424.451
424.452
424.453
424.452
424.452
424.452
424.452
424.451
424.449
424.449
424.448
424.447
424.445
424.441
424.437
424.435
424.435
424.445
424.525
425.171
425.171
424.526
424.446
424.436
424.435
424.436
424.441
424.445
424.447
424.447
424.449
424.449
424.45
424.451
424.452
424.452
424.453
424.453
424.453
424.452
424.451
424.449
424.448
424.445
424.443
424.44
424.436
424.436
424.448
424.478
424.547
425.086
424.188
1183.95
1182.34
1184.37
1193.71
1204.24
1204.23
1181.79
1132.05
1050.14
977.126
986.363
1013.17
1030.5
1037.35
1044.7
1052.72
1059.97
1054.45
1036.65
1033.03
1035.94
1059.49
1095.97
1124.35
1147.59
1165.65
1176.48
1179.1
1176.58
1174.21
1172.62
1150.4
1099.79
989.998
874.956
843.488
846.564
865.463
877.739
875.546
874.318
871.411
863.191
864.348
875.281
896.335
905.415
906.853
932.262
1006.33
1041.02
1044.82
1036.7
1040.3
1047.65
1055.14
1030.49
984.84
983.804
1018.05
1043.3
1042.76
1039.06
1026.24
1033.42
1060.38
1095.24
1131.07
1152.15
1144.35
1114.17
1071.75
1018.69
1039.23
1076.48
1086.2
1079.97
1064.6
1031.93
987.57
972.836
957.4
938.377
934.721
967.463
1026.69
1047.25
1067.03
1080.99
1088
1094.34
1102.23
1109.22
1115.86
1133.97
1156.26
1170.91
1178.57
1181.84
1184.74
1187.35
1190.04
1189.58
1183.57
1165.41
1137.97
1129.77
926.74
698.848
584.025
528.222
518.814
511.562
513.084
518.319
516.552
520.33
513.88
513.019
506.431
512.672
514.17
506.628
522.864
525.13
527.986
527.22
527.051
529.386
531.539
534.497
535.55
535.997
534.84
532.975
529.697
524.558
517.743
511.069
503.186
491.482
478.381
470.547
450.677
458.464
453.978
462.248
472.698
480.221
488.913
493.456
495.394
492.908
489.091
484.408
480.756
477.398
472.826
471.407
467.084
466.544
462.865
462.832
459.694
459.712
457.031
456.967
454.577
454.525
452.211
452.235
449.764
449.984
446.945
448.785
448.529
450.564
449.968
450.075
448.699
448.66
447.566
447.57
446.657
446.744
445.972
446.091
445.478
445.58
445.106
445.189
444.825
444.882
444.608
444.64
444.43
444.45
444.288
444.296
444.168
444.176
444.065
444.076
443.983
443.996
443.919
444.055
444.006
443.937
443.878
443.867
443.833
443.827
443.799
443.8
443.777
443.777
443.764
443.76
443.753
443.751
443.745
443.744
443.739
443.74
443.735
443.734
443.73
443.729
443.727
443.725
443.723
443.722
443.72
443.721
443.719
443.725
443.735
443.848
443.847
443.736
443.727
443.721
443.719
443.719
443.72
443.72
443.721
443.722
443.724
443.724
443.725
443.726
443.727
443.727
443.727
443.727
443.726
443.725
443.724
443.723
443.722
443.722
443.72
443.72
443.719
443.72
443.719
443.724
443.735
443.847
443.847
443.735
443.721
443.721
443.72
443.72
443.72
443.721
443.722
443.722
443.723
443.724
443.725
443.726
443.727
443.728
443.727
443.727
443.726
443.725
443.722
443.722
443.723
443.721
443.721
443.72
443.719
443.719
443.722
443.728
443.734
443.847
443.847
443.736
443.726
443.722
443.719
443.719
443.72
443.72
443.721
443.722
443.723
443.724
443.724
443.726
443.727
443.727
443.727
443.727
443.726
443.724
443.724
443.723
443.722
443.722
443.72
443.72
443.718
443.719
443.719
443.724
443.734
443.847
443.847
443.734
443.725
443.721
443.718
443.719
443.72
443.721
443.722
443.722
443.724
443.724
443.725
443.725
443.727
443.726
443.726
443.727
443.725
443.724
443.723
443.722
443.721
443.721
443.72
443.72
443.72
443.719
443.719
443.724
443.734
443.847
443.847
443.735
443.725
443.72
443.719
443.718
443.719
443.719
443.72
443.721
443.722
443.723
443.722
443.724
443.725
443.726
443.725
443.726
443.724
443.724
443.721
443.721
443.719
443.719
443.718
443.718
443.716
443.716
443.719
443.727
443.742
443.859
444.439
1207.96
1203.65
1202.82
1204.42
1206.2
1203.27
1192.25
1160.5
1114
1052.39
1023.76
1018.64
1019.98
1026.3
1035.23
1038.95
1037.37
1033.15
1034.72
1034.72
1044.19
1059.55
1098.26
1129.1
1156.97
1172.21
1177.25
1175.76
1177.61
1180.57
1170.26
1137.15
1092.33
978.085
873.621
837.049
837.66
849.575
860.132
869.659
873.109
877.562
884.158
890.216
899.202
910.629
926.877
960.573
1003.75
1015.69
1026.6
1038.07
1038.69
1044.22
1052.51
1061.53
1060.26
1056.91
1061.04
1063.28
1064.6
1051.98
1051.43
1046.56
1054.27
1078.27
1102.19
1128.41
1151.58
1158.98
1144.71
1110.53
1071.36
1028.28
1042.06
1069.19
1076.29
1072.26
1059.35
1046.47
1051.5
1056.19
1058.72
1061.89
1066.44
1078.75
1088.92
1095.11
1102.55
1109.16
1112.29
1113.57
1117.4
1126.56
1133.69
1145.17
1156.12
1164.23
1171.1
1176.61
1181.01
1184.11
1186.18
1186.14
1177.15
1161.42
1145.28
1141.51
1134.65
876.795
685.7
611.002
598.843
587.087
576.511
566.068
542.786
533.625
523.578
525.973
520.455
525.012
522.728
529.832
530.285
532.915
531.379
531.756
532.196
534.461
536.149
537.239
536.792
535.681
534.805
532.938
531.202
528.911
524.152
518.131
511.807
500.649
499.799
485.179
485.689
482.466
487.239
489.166
495.667
498.256
501.574
501.456
501.188
497.932
496.218
492.152
490.935
485.862
485.858
480.711
481.144
476.946
477.278
473.906
474.233
471.22
471.663
468.745
469.322
466.534
467.064
464.642
465.231
462.955
464.145
462.873
464.547
463.369
464.103
462.51
463.01
461.621
461.979
460.818
461.124
460.188
460.448
459.724
459.914
459.377
459.498
459.102
459.194
458.873
458.97
458.69
458.785
458.554
458.629
458.443
458.505
458.352
458.404
458.281
458.326
458.227
458.305
458.233
458.237
458.175
458.192
458.144
458.156
458.121
458.126
458.104
458.105
458.092
458.094
458.083
458.087
458.077
458.081
458.073
458.076
458.07
458.071
458.066
458.066
458.063
458.063
458.061
458.062
458.061
458.063
458.062
458.064
458.065
458.099
458.098
458.065
458.064
458.062
458.06
458.059
458.059
458.059
458.058
458.059
458.06
458.061
458.061
458.062
458.063
458.063
458.064
458.063
458.063
458.061
458.061
458.06
458.059
458.059
458.059
458.059
458.059
458.061
458.061
458.063
458.065
458.098
458.098
458.064
458.061
458.061
458.061
458.06
458.059
458.059
458.059
458.059
458.06
458.061
458.061
458.063
458.063
458.064
458.063
458.063
458.062
458.062
458.06
458.06
458.06
458.059
458.059
458.06
458.059
458.06
458.061
458.064
458.064
458.099
458.099
458.065
458.063
458.062
458.06
458.059
458.059
458.058
458.059
458.059
458.06
458.061
458.061
458.062
458.063
458.063
458.064
458.063
458.062
458.061
458.061
458.06
458.059
458.059
458.059
458.06
458.059
458.06
458.061
458.062
458.064
458.098
458.099
458.064
458.063
458.062
458.06
458.06
458.06
458.059
458.059
458.059
458.06
458.06
458.061
458.062
458.063
458.063
458.062
458.063
458.062
458.061
458.061
458.06
458.059
458.059
458.059
458.059
458.06
458.061
458.062
458.063
458.065
458.1
458.099
458.065
458.063
458.061
458.06
458.06
458.059
458.058
458.058
458.058
458.06
458.061
458.061
458.061
458.062
458.062
458.061
458.061
458.061
458.061
458.059
458.059
458.058
458.058
458.057
458.058
458.057
458.058
458.059
458.059
458.061
458.082
458.017
1214.93
1213.22
1210.46
1207.43
1202.68
1198.74
1196.58
1179.83
1141.19
1096.43
1050.45
1030.48
1024.57
1028.66
1042.11
1056.74
1071.63
1080.13
1085.67
1089.22
1091.3
1108.31
1127.61
1146.17
1163.77
1173.98
1176.78
1180.26
1180.6
1175.49
1164.55
1132.48
1086.31
968.872
873.483
835.608
829.39
835.944
852.784
865.193
877.252
891.972
904.525
919.735
937.714
955.055
975.958
1008.28
1035.7
1033.39
1021.84
1044.39
1053.77
1057.16
1062.96
1068.02
1071.24
1071.74
1070.7
1062.02
1055.51
1047.66
1045.15
1066.78
1093.99
1117.97
1138.06
1152.02
1162.47
1166.68
1160.72
1140.57
1108.72
1078.74
1045.3
1042.7
1061.02
1069.12
1072.91
1071.27
1074.32
1080.19
1084.44
1084.66
1091.14
1099.01
1105.91
1110.72
1112.95
1116.55
1121.04
1124.52
1124.94
1127.41
1133.81
1141.57
1151.74
1162.13
1169.93
1175.71
1179.98
1183.18
1185.06
1183.49
1180.74
1173.76
1161.42
1149.85
1144.23
1137.77
1140.32
1130.07
1115.02
991.905
852.274
779.19
688.974
593.553
540.412
527.07
532.526
528.657
528.679
532.123
530.812
533.597
533.728
533.917
534.311
535.677
537.1
537.848
537.266
536.571
535.305
534.425
533.46
531.53
530.807
528.843
525.542
517.73
520.343
509.454
502.654
507.297
501.047
505.389
505.088
506.25
506.029
505.84
504.992
504.163
502.49
501.192
499.841
496.627
496.791
492.926
493.533
490.009
490.638
487.639
488.223
485.585
486.072
483.73
484.019
482.05
482.118
480.477
480.531
479.068
479.358
478.518
478.867
478.091
478.139
477.36
477.311
476.602
476.563
475.94
475.905
475.421
475.368
475.004
474.948
474.66
474.633
474.379
474.392
474.162
474.185
473.998
474.012
473.861
473.874
473.747
473.759
473.655
473.662
473.581
473.58
473.527
473.553
473.503
473.485
473.432
473.432
473.404
473.397
473.377
473.369
473.354
473.351
473.336
473.335
473.321
473.32
473.311
473.308
473.303
473.302
473.298
473.299
473.296
473.296
473.292
473.292
473.289
473.289
473.288
473.287
473.286
473.284
473.294
473.319
473.319
473.293
473.284
473.285
473.286
473.286
473.286
473.287
473.287
473.289
473.29
473.29
473.29
473.289
473.29
473.289
473.289
473.29
473.289
473.29
473.29
473.29
473.289
473.288
473.286
473.286
473.286
473.286
473.285
473.283
473.293
473.318
473.318
473.293
473.282
473.285
473.285
473.286
473.286
473.286
473.289
473.288
473.291
473.29
473.29
473.289
473.29
473.289
473.289
473.289
473.289
473.289
473.29
473.289
473.29
473.287
473.287
473.286
473.286
473.286
473.285
473.284
473.293
473.319
473.319
473.293
473.284
473.285
473.285
473.285
473.285
473.287
473.287
473.29
473.289
473.291
473.289
473.29
473.289
473.289
473.289
473.29
473.289
473.29
473.29
473.29
473.289
473.288
473.287
473.287
473.286
473.286
473.285
473.283
473.293
473.318
473.318
473.293
473.283
473.286
473.285
473.286
473.287
473.286
473.287
473.288
473.29
473.289
473.29
473.288
473.29
473.289
473.289
473.29
473.289
473.29
473.29
473.29
473.289
473.288
473.287
473.286
473.287
473.286
473.285
473.283
473.294
473.319
473.319
473.293
473.284
473.285
473.286
473.287
473.287
473.288
473.289
473.289
473.29
473.29
473.29
473.289
473.289
473.289
473.287
473.29
473.289
473.291
473.289
473.291
473.288
473.289
473.287
473.286
473.282
473.28
473.28
473.275
473.285
473.354
474.17
1215
1214.15
1210.91
1205.54
1197.76
1191.31
1190.07
1184.6
1159.74
1118.72
1079.77
1059.12
1068.84
1091.82
1107.32
1122.03
1131.68
1136.21
1134.66
1132.39
1133.59
1137.18
1149.4
1162.92
1169.85
1171.97
1175.23
1175.41
1174.91
1173.9
1167.02
1137.15
1091.63
994.873
898.092
852.838
841.311
855.001
875.951
900.688
925.271
942.237
956.331
971.43
988.113
1003.65
1016.3
1026.59
1034.47
1039.39
1039.36
1051.28
1054.48
1056.55
1058.55
1064.33
1065.96
1064.4
1051.58
1030.86
1016.29
1030.25
1075.08
1111.54
1140.53
1158.93
1167.1
1169.89
1170.47
1170.56
1167.02
1158.17
1141.19
1118.09
1092.25
1076.75
1062.03
1063.26
1065.02
1068.32
1070.32
1080.67
1085.62
1094.64
1097.41
1102.89
1106.1
1109.62
1113.74
1118.39
1122.5
1127.98
1131.51
1134.33
1139.69
1147.41
1156.3
1166.22
1175.4
1179.9
1184.17
1187.08
1186.51
1185.33
1182.64
1179.07
1170.77
1163.81
1155.55
1149.52
1136.31
1130.04
1124.46
1117.5
1109.1
1100.78
1123.73
771.024
596.492
537.984
531.844
537.327
531.156
534.121
532.476
532.433
533.926
533.399
534.998
535.807
537.382
537.722
537.492
536.32
534.991
534.234
533.846
533.558
532.014
531.458
527.894
525.884
525.662
519.008
517.02
517.588
509.519
512.803
507.723
508.452
508.5
506.006
506.982
504.358
505.197
502.338
502.989
499.645
500.59
496.723
498.21
494.306
495.913
492.47
493.849
490.915
491.99
489.481
490.312
488.096
488.821
486.826
487.449
485.719
486.244
484.724
485.228
483.93
484.307
483.256
483.505
482.68
482.817
482.191
482.276
481.786
481.853
481.454
481.514
481.185
481.241
480.971
481.015
480.801
480.827
480.663
480.683
480.546
480.563
480.451
480.462
480.373
480.383
480.305
480.317
480.252
480.266
480.208
480.217
480.169
480.175
480.143
480.146
480.12
480.123
480.102
480.105
480.088
480.089
480.078
480.077
480.07
480.069
480.064
480.063
480.058
480.059
480.055
480.057
480.054
480.054
480.053
480.053
480.052
480.052
480.05
480.05
480.052
480.054
480.053
480.052
480.049
480.05
480.05
480.05
480.051
480.05
480.051
480.051
480.051
480.051
480.05
480.051
480.051
480.051
480.051
480.051
480.051
480.05
480.051
480.051
480.051
480.05
480.05
480.05
480.05
480.05
480.049
480.049
480.051
480.053
480.053
480.051
480.049
480.049
480.05
480.05
480.051
480.05
480.051
480.051
480.051
480.051
480.051
480.051
480.052
480.051
480.051
480.051
480.051
480.051
480.051
480.051
480.051
480.051
480.05
480.05
480.05
480.05
480.049
480.049
480.051
480.053
480.053
480.051
480.049
480.049
480.05
480.05
480.05
480.05
480.05
480.051
480.05
480.051
480.05
480.051
480.051
480.052
480.051
480.051
480.051
480.051
480.051
480.051
480.051
480.05
480.05
480.05
480.05
480.051
480.049
480.049
480.051
480.053
480.053
480.051
480.049
480.049
480.051
480.051
480.051
480.05
480.05
480.051
480.051
480.051
480.05
480.051
480.051
480.051
480.052
480.051
480.051
480.051
480.051
480.05
480.051
480.051
480.05
480.05
480.051
480.05
480.049
480.048
480.051
480.053
480.053
480.051
480.048
480.049
480.049
480.051
480.051
480.052
480.052
480.052
480.051
480.051
480.051
480.052
480.051
480.052
480.052
480.052
480.052
480.051
480.051
480.051
480.051
480.05
480.05
480.05
480.048
480.048
480.047
480.046
480.047
480.081
480.529
1207.8
1207.48
1204.47
1198.2
1191.34
1185.66
1182.81
1183.73
1174.31
1152.26
1127.83
1113.89
1121.19
1132.91
1150.84
1162.76
1169.54
1170.54
1169.83
1166.56
1164.62
1165.58
1166.32
1167.85
1171.85
1174.89
1173.74
1172.23
1172.52
1171.92
1168.57
1149.62
1107.77
1052.02
955.574
901.323
892.373
909.599
930.195
957.314
977.07
989.145
999.176
1007.7
1017.96
1025.02
1029.98
1033.43
1034.4
1032.29
1033.11
1030.69
1021.65
1013.61
1013.17
1015.93
1012.15
1003.84
988.908
998.291
1032.63
1082.91
1123.51
1153.44
1168.64
1171.25
1171.9
1170.34
1168.84
1167.75
1168.36
1166.32
1160.83
1151.91
1141.51
1125.57
1111.56
1100.17
1093.51
1088.96
1083.76
1094.29
1101.37
1107.12
1111.69
1111.8
1115.95
1120.63
1124.88
1130.71
1137.91
1141.6
1146.59
1149.32
1153.14
1160.63
1171.55
1180.69
1183.37
1185.69
1184.13
1183.29
1185.74
1186.83
1186.26
1183.55
1178.65
1170.97
1164.27
1159.77
1147
1138.91
1134.56
1120.27
1109.18
1102.7
1097.6
929.866
685.472
559.274
542.661
537.079
540.097
532.412
534.135
531.964
532.417
533.376
534.281
535.659
536.75
537.58
537.369
536.307
535.402
534.909
532.787
532.42
532.569
530.693
528.627
528.91
525.505
521.824
520.509
518.466
513.226
513.82
509.243
509.569
508.263
507.163
506.951
505.304
505.527
503.069
503.666
500.421
501.495
497.735
498.978
495.571
496.611
493.875
494.623
492.399
492.959
490.962
491.504
489.571
490.138
488.313
488.852
487.19
487.668
486.18
486.601
485.308
485.682
484.587
484.916
484.003
484.297
483.53
483.789
483.159
483.372
482.865
483.031
482.626
482.754
482.435
482.531
482.276
482.356
482.146
482.212
482.041
482.095
481.953
481.999
481.881
481.92
481.823
481.855
481.774
481.8
481.733
481.756
481.701
481.72
481.676
481.692
481.658
481.669
481.644
481.651
481.634
481.638
481.627
481.63
481.62
481.624
481.616
481.618
481.612
481.615
481.609
481.61
481.608
481.608
481.606
481.608
481.606
481.606
481.605
481.605
481.605
481.604
481.604
481.605
481.604
481.604
481.605
481.605
481.605
481.604
481.604
481.604
481.604
481.605
481.606
481.605
481.605
481.606
481.606
481.605
481.605
481.606
481.605
481.604
481.604
481.604
481.604
481.605
481.605
481.604
481.604
481.603
481.604
481.603
481.603
481.604
481.603
481.604
481.604
481.605
481.605
481.604
481.604
481.604
481.604
481.605
481.606
481.605
481.605
481.606
481.606
481.605
481.605
481.605
481.605
481.605
481.604
481.604
481.604
481.605
481.605
481.605
481.604
481.604
481.604
481.603
481.603
481.605
481.604
481.604
481.605
481.605
481.605
481.604
481.604
481.604
481.605
481.605
481.606
481.605
481.605
481.606
481.606
481.605
481.605
481.606
481.605
481.605
481.604
481.604
481.604
481.605
481.605
481.605
481.604
481.603
481.605
481.603
481.603
481.604
481.604
481.604
481.605
481.605
481.605
481.604
481.604
481.604
481.604
481.605
481.606
481.605
481.605
481.606
481.606
481.606
481.605
481.606
481.605
481.605
481.605
481.604
481.605
481.605
481.605
481.604
481.603
481.603
481.604
481.604
481.604
481.604
481.604
481.604
481.604
481.605
481.605
481.605
481.606
481.605
481.605
481.605
481.605
481.606
481.606
481.606
481.606
481.607
481.606
481.606
481.605
481.605
481.606
481.605
481.605
481.605
481.604
481.605
481.604
481.604
481.604
481.612
481.724
1204.97
1202.36
1198.71
1193.6
1186.73
1181.18
1178.75
1177.1
1179.24
1177.65
1171.33
1168.78
1165
1165.15
1171.12
1173.59
1175.24
1176.04
1175.57
1175.71
1174.92
1174.72
1175.14
1175.54
1174.17
1171.87
1170.93
1168.3
1168.69
1167.55
1168.55
1163.64
1132.53
1091.21
1048.14
1009.34
1003.73
1001.55
1008.86
1010.76
1012.44
1014.98
1017.33
1017.98
1020.03
1023.15
1024.81
1027.92
1029.07
1027.46
1028.84
1031.7
1038.76
1055.01
1067.3
1076.58
1077.75
1075.6
1079.77
1085.96
1100.48
1129.63
1155.9
1167.92
1169.66
1170.64
1169.64
1169.98
1168.53
1168.85
1168.19
1167.88
1167.96
1169.48
1167.42
1167.44
1164.27
1159.81
1153.42
1151.82
1141.12
1155.18
1145.7
1171.19
1163.13
1159.7
1155.76
1153.49
1156.01
1159.87
1162.07
1165.64
1173.04
1173.6
1176.29
1178.17
1183.42
1184.02
1178.85
1176.8
1175.34
1177.13
1182.41
1186.54
1188.56
1186.66
1180.66
1173.87
1164.97
1148.71
1144.21
1131.45
1118.75
1115.02
1102.91
1112.96
1102.91
1098.36
792.491
587.556
536.084
544.485
529.332
536.577
528.037
532.699
531.948
532.086
533.926
535.254
536.571
537.432
536.934
536.735
534.106
534.113
533.7
532.688
531.061
531.417
528.138
529.194
523.444
525.813
517.379
519.283
515.264
510.224
512.049
507.898
509.249
506.473
507.302
504.9
505.548
502.813
503.706
500.248
501.498
497.626
499.098
495.448
496.85
493.731
494.922
492.256
493.263
490.854
491.756
489.526
490.342
488.305
489.036
487.209
487.851
486.22
486.789
485.366
485.858
484.664
485.074
484.094
484.433
483.64
483.912
483.279
483.495
482.986
483.158
482.746
482.888
482.551
482.67
482.391
482.493
482.263
482.35
482.159
482.231
482.075
482.135
482.004
482.055
481.948
481.991
481.901
481.937
481.864
481.892
481.833
481.856
481.809
481.828
481.792
481.806
481.78
481.789
481.771
481.778
481.763
481.768
481.758
481.762
481.754
481.756
481.75
481.753
481.749
481.751
481.746
481.748
481.745
481.746
481.744
481.745
481.744
481.745
481.743
481.745
481.744
481.743
481.744
481.743
481.743
481.743
481.743
481.743
481.743
481.744
481.744
481.744
481.744
481.744
481.744
481.745
481.745
481.744
481.744
481.744
481.744
481.744
481.744
481.743
481.743
481.743
481.743
481.743
481.743
481.744
481.743
481.744
481.744
481.743
481.744
481.743
481.743
481.743
481.743
481.743
481.743
481.744
481.744
481.744
481.743
481.744
481.744
481.745
481.745
481.744
481.743
481.743
481.744
481.744
481.743
481.743
481.743
481.743
481.743
481.743
481.743
481.744
481.743
481.744
481.744
481.743
481.744
481.743
481.743
481.743
481.743
481.743
481.743
481.743
481.744
481.745
481.744
481.744
481.744
481.745
481.745
481.744
481.744
481.744
481.744
481.744
481.743
481.743
481.743
481.743
481.743
481.743
481.743
481.744
481.743
481.744
481.744
481.742
481.744
481.743
481.743
481.743
481.743
481.743
481.743
481.744
481.744
481.745
481.744
481.744
481.744
481.745
481.745
481.744
481.744
481.744
481.745
481.744
481.744
481.744
481.744
481.743
481.743
481.743
481.743
481.743
481.743
481.742
481.743
481.743
481.743
481.744
481.743
481.743
481.743
481.743
481.744
481.745
481.744
481.745
481.745
481.744
481.744
481.744
481.744
481.744
481.745
481.745
481.745
481.744
481.744
481.744
481.744
481.744
481.744
481.743
481.743
481.743
481.743
481.743
481.747
)
;

boundaryField
{
    wand
    {
        type            zeroGradient;
    }
    frontAndBack
    {
        type            empty;
    }
}


// ************************************************************************* //
