/*--------------------------------*- C++ -*----------------------------------*\
| =========                 |                                                 |
| \\      /  F ield         | OpenFOAM: The Open Source CFD Toolbox           |
|  \\    /   O peration     | Version:  2.1.1                                 |
|   \\  /    A nd           | Web:      www.OpenFOAM.org                      |
|    \\/     M anipulation  |                                                 |
\*---------------------------------------------------------------------------*/
FoamFile
{
    version     2.0;
    format      ascii;
    class       volScalarField;
    location    "0.002400000";
    object      Tu;
}
// * * * * * * * * * * * * * * * * * * * * * * * * * * * * * * * * * * * * * //

dimensions      [0 0 0 1 0 0 0];

internalField   nonuniform List<scalar> 
12384
(
583.15
595.874
526.968
350.82
270
270
270
270
270
398.58
406.671
406.874
411.965
415.153
374.823
388.874
382.895
340.353
292.111
270
270
270
270
270
270
270
270
270
270
270
270
282.763
312.539
342.294
359.065
373.48
379.934
379.17
377.3
374.027
372.049
370.791
369.115
369.206
377.975
378
319.673
270
270
270
270
270
270
270
270
270
270
270
270
290.534
299.985
317.311
320.888
335.375
353.29
371.598
376.469
382.907
394.609
405.528
412.985
410.985
403.153
396.409
461.799
457.261
457.526
455.484
448.346
420.15
270
270
270
270
270
289.251
347.047
392.816
418.638
437.073
441.657
443.414
444.523
435.407
426.052
425.189
419.748
421.657
421.042
419.692
416.488
414.659
415.238
417.188
331.202
331.407
332.316
331.994
332.207
331.271
331.991
338.833
340.061
348.195
351.936
358.129
362.783
366.218
369.983
372.156
375.328
377.214
379.761
380.849
381.071
379.394
374.888
371.72
370.781
367.433
368.715
368.034
367.443
366.462
319.641
319.751
319.979
319.769
319.98
319.922
319.033
318.04
318.048
316.744
315.845
315.964
313.815
314.466
311.851
312.041
311.138
309.201
308.39
308.596
306.13
306.981
304.782
305.287
303.601
304.18
302.682
303.296
302.405
302.711
295.074
295.071
294.968
294.973
294.846
294.785
294.719
294.562
294.538
294.353
294.36
294.147
294.192
293.941
294.025
293.78
293.858
293.649
293.713
293.533
293.589
293.435
293.487
293.377
293.357
293.37
293.295
293.329
293.278
293.3
293.031
293.032
293.03
293.03
293.028
293.027
293.022
293.023
293.018
293.021
293.015
293.018
293.011
293.013
293.009
293.01
293.008
293.007
293.008
293.006
293.005
293.005
293.003
293.003
293.002
293.003
293.001
293.002
293.001
293
293
293.001
293
293.002
293.001
293.001
293.001
293.001
293.002
293.002
293.002
293.003
293.001
293.002
293.002
293.002
293.002
293.002
293.003
293.003
293.001
293.002
293.001
293.001
293.001
293.003
293
293.002
293
292.999
293
293.001
293.001
293
293.003
293.001
293.001
293.002
293.002
293.001
293.003
293.003
293.002
293.001
293.002
293.002
293.002
293.001
293.003
293.002
293.002
293.001
293.001
293.001
293.001
293.003
293
293.001
293
293
293
293.001
293
293.001
293.002
293.001
293.001
293.001
293.002
293.003
293.002
293.003
293.002
293.002
293.002
293.002
293.001
293.002
293.003
293.002
293.001
293.002
293.001
293.001
293
293.003
293
293.001
293
293
293
293.001
293.001
293
293.002
293
293.001
293.002
293.001
293.002
293.002
293.003
293.002
293.002
293.001
293.002
293.001
293.001
293.003
293.003
293.001
293.001
293.002
293.001
293.001
293.001
293
293
293
292.999
292.999
292.999
293
293
293.001
293
293
293
293
293.002
293.002
293.002
293.001
293.001
293.003
293.002
293.003
293.002
293.001
293.001
293
293.001
293.001
293
293
293.002
293.001
293
293.001
293
580.354
561.08
516.652
437.199
270
270
270
270
329.208
393.043
406.399
408.002
410.009
413.727
386.436
373.099
270
270
270
270
270
270
270
270
270
270
270
270
270
270
270
270
270
270
270
270
339.788
370.288
377.841
376.72
371.644
372.934
369.513
370.49
375.601
286.807
270
270
270
270
270
270
270
270
270
270
270
270
270
270
270
270
270
270
270
270
321.133
359.623
386.237
398.494
406.164
407.064
403.238
399.442
463.238
457.383
450.879
446.72
433.797
270
270
270
270
270
270
270
270
270
270
270
353.772
378.391
424.594
433.606
429.062
422.12
419.754
420.824
420.871
420
418.956
416.918
416.6
415.864
332.115
331.708
331.762
331.866
331.03
333.265
329.831
340.584
335.538
350.587
350.168
359.52
363.294
367.532
370.08
372.471
373.742
375.468
376.443
377.95
377.645
376.612
375.651
371.007
372.397
368.953
368.892
368.099
367.128
366.607
319.224
319.836
319.763
320.106
320.056
319.262
319.285
319.365
317.457
317.461
315.987
315.653
314.203
313.328
313.134
310.934
310.981
310.191
307.761
308.951
305.941
307.248
304.54
305.726
303.38
304.393
302.598
303.399
302.192
302.807
295.303
295.13
295.228
294.91
295.035
294.73
294.843
294.521
294.639
294.317
294.432
294.116
294.229
293.934
294.013
293.79
293.826
293.665
293.674
293.565
293.539
293.494
293.413
293.444
293.335
293.374
293.308
293.315
293.293
293.295
293.043
293.037
293.04
293.034
293.034
293.03
293.029
293.026
293.023
293.023
293.018
293.02
293.013
293.016
293.011
293.013
293.009
293.011
293.008
293.01
293.006
293.007
293.005
293.006
293.004
293.006
293.003
293.006
293.004
293.005
293.003
293.004
293.003
293.004
293.003
293.004
293.003
293.004
293.003
293.005
293.004
293.005
293.003
293.005
293.003
293.005
293.004
293.005
293.004
293.005
293.004
293.005
293.003
293.005
293.003
293.004
293.003
293.006
293.003
293.004
293.004
293.003
293.004
293.003
293.004
293.003
293.004
293.003
293.005
293.004
293.005
293.003
293.005
293.004
293.006
293.004
293.005
293.004
293.005
293.004
293.004
293.005
293.002
293.004
293.003
293.004
293.002
293.004
293.003
293.006
293.003
293.004
293.003
293.004
293.003
293.004
293.003
293.005
293.003
293.005
293.004
293.005
293.003
293.005
293.004
293.005
293.003
293.005
293.004
293.005
293.003
293.005
293.003
293.004
293.003
293.004
293.003
293.006
293.003
293.004
293.006
293.004
293.001
293.004
293.003
293.005
293.003
293.004
293.003
293.005
293.004
293.005
293.003
293.006
293.004
293.004
293.005
293.003
293.004
293.003
293.004
293.003
293.004
293.002
293.004
293.002
293.004
293.001
293.003
293.005
293.002
293.003
293.001
293.004
293.002
293.004
293.002
293.004
293.003
293.005
293.003
293.004
293.003
293.004
293.003
293.005
293.003
293.005
293.003
293.005
293.003
293.004
293.003
293.004
293.002
293.004
293.002
293.004
293.003
293.003
545.771
515.272
488.346
431.533
322.085
270
270
270
275.75
340.99
363.798
398.975
409.744
413.05
378.685
270
270
270
270
270
270
270
270
270
270
270
270
270
270
270
270
270
270
270
270
270
270
318.334
369.251
372.065
374.055
370.962
371.451
366.37
369.916
270
270
270
270
270
270
270
270
270
270
270
270
270
270
270
270
270
270
270
270
270
270
270
270
383.339
398.846
402.036
403.929
405.281
457.296
450.701
445.133
449.24
436.757
270
270
270
270
270
270
270
270
270
270
270
270
270
270
370.866
418.447
422.333
418.809
420.715
421.655
421.257
419.782
418.586
417.996
419.018
331.189
332.481
331.559
331.914
330.971
329.085
329.018
335.902
333.866
349.876
347.533
360.179
362.925
368.225
370.801
372.276
373.425
373.506
373.841
373.265
373.234
374.155
373.469
373.987
371.76
370.769
368.867
368.507
366.873
366.356
319.171
319.134
319.738
320.44
320.403
320.915
320.495
318.821
319.175
317.047
316.342
316.242
314.056
313.492
313.465
310.897
310.926
310.222
307.909
308.728
306.037
307.037
304.624
305.507
303.414
304.292
302.546
303.322
302.108
302.667
295.126
295.252
295.011
295.167
294.878
294.967
294.687
294.738
294.476
294.504
294.283
294.253
294.114
294.015
293.966
293.809
293.82
293.654
293.67
293.558
293.496
293.513
293.381
293.432
293.316
293.361
293.285
293.309
293.275
293.281
293.028
293.032
293.026
293.029
293.023
293.024
293.019
293.02
293.016
293.014
293.013
293.01
293.01
293.008
293.008
293.005
293.006
293.003
293.003
293.001
293.001
293.001
293
292.999
292.999
292.999
292.998
292.997
292.998
292.997
292.997
292.997
292.997
292.997
292.998
292.997
292.997
292.998
292.999
292.998
292.998
292.998
292.998
292.999
292.998
292.999
292.999
292.998
292.998
292.998
292.998
292.999
292.998
292.997
292.997
292.998
292.997
292.996
292.997
292.996
292.996
292.998
292.997
292.997
292.998
292.997
292.997
292.998
292.999
292.998
292.998
292.998
292.998
292.998
292.998
292.999
292.998
292.998
292.999
292.998
292.998
292.999
292.997
292.997
292.997
292.998
292.997
292.997
292.997
292.996
292.997
292.998
292.997
292.997
292.998
292.997
292.997
292.998
292.999
292.998
292.998
292.998
292.998
292.999
292.999
292.999
292.999
292.999
292.998
292.998
292.998
292.999
292.997
292.997
292.997
292.998
292.997
292.997
292.997
292.996
292.996
292.996
292.997
292.997
292.997
292.997
292.998
292.998
292.999
292.998
292.998
292.998
292.998
292.998
292.998
292.998
292.998
292.998
292.998
292.997
292.998
292.997
292.997
292.997
292.997
292.997
292.998
292.997
292.997
292.996
292.997
292.996
292.997
292.997
292.997
292.997
292.996
292.997
292.997
292.998
292.998
292.997
292.997
292.998
292.998
292.998
292.998
292.998
292.998
292.998
292.997
292.997
292.998
292.998
292.996
292.998
292.998
292.996
292.997
292.995
514.723
513.849
558.725
558.6
453.062
338.884
387.558
354.357
431.532
320.498
338.96
355.566
399.251
409.812
343.898
270
270
270
270
337.686
353.186
395.25
359.779
357.124
368.326
392.544
409.038
397.219
395.531
412.842
426.397
437.694
420.834
334.942
270
270
270
270
270
357.655
373.844
378.744
375.301
375.788
372.294
278.364
270
270
270
270
270
270
270
270
270
270
270
270
270
270
270
270
270
270
270
270
270
270
270
270
383.207
399.839
404.88
409.978
449.159
438.352
435.766
433.605
443.115
417.811
399.9
389.228
389.753
373.794
270.784
270
270
270
270
270
270
270
270
270
270
380.171
415.107
417.64
419.616
421.904
422.779
422.314
420.772
419.77
334.183
332.23
333.842
329.868
329.031
325.892
328.473
330.948
332.094
346.704
345.311
358.031
362.208
366.976
369.71
371.201
371.453
371.405
370.71
370.648
371.424
371.109
373.209
373.71
373.405
372.497
370.862
368.356
367.992
366.05
317.93
318.759
319.477
320.056
321.115
321.345
320.593
320.699
318.761
319.111
316.115
316.138
315.013
312.989
312.902
311.811
310.125
310.549
307.699
308.946
305.894
307.175
304.502
305.621
303.414
304.297
302.616
303.21
302.138
302.503
295.501
295.28
295.445
295.066
295.202
294.859
294.928
294.62
294.683
294.387
294.45
294.167
294.232
293.969
294.033
293.804
293.854
293.667
293.699
293.561
293.524
293.507
293.406
293.43
293.336
293.363
293.298
293.304
293.289
293.278
293.048
293.039
293.044
293.029
293.036
293.024
293.029
293.019
293.024
293.016
293.016
293.015
293.012
293.012
293.01
293.01
293.007
293.008
293.006
293.005
293.004
293.003
293.001
293.001
293
293.001
293
293.001
293
293
292.999
292.999
293
293
293
292.999
292.999
292.999
293.001
293
293.001
293
293.002
293.001
293.001
293.001
293.001
293.001
293.001
293
293.001
293
292.999
292.999
292.999
293
293
293
292.999
292.999
293
292.999
293
292.999
292.999
292.999
292.999
292.999
293
293.001
293
293.001
293
293.002
293.002
293.002
293.002
293
293.001
293.001
293.001
293.001
292.999
292.999
292.999
293
293
293
293
293
292.999
293
293
292.999
292.999
292.999
292.999
292.999
293.001
293
293.001
293
293.002
293.001
293.001
293.001
293.001
293.001
293
293
293.001
293
292.999
292.999
292.999
293
292.999
293
292.999
292.999
293
292.999
292.998
293
293
292.998
292.999
292.999
293
293.001
293
293
293.001
293
293.001
293.001
293
293
293
293
293
293
292.999
292.999
292.998
292.999
292.999
292.998
293
292.998
292.998
293
292.999
292.999
292.999
292.998
292.999
292.999
293
292.999
293
292.999
293
292.999
293
293
293
293
293
292.999
293
293
292.999
292.999
292.999
292.999
293
292.999
292.998
292.998
549.771
691.231
799.237
771.041
619.913
522.609
557.291
605.485
566.596
503.822
344.834
270
334.483
404.655
325.968
270
270
305.465
459.209
515.251
516.023
512.706
498.955
509.032
531.279
548.061
536.393
521.254
520.681
543.709
568.234
584.359
546.183
452.833
306.255
270
270
270
270
270
370.929
376.374
373.874
372.561
375.115
308.564
270
270
270
270
270
270
270
270
270
270
270
270
270
270
270
270
270
270
270
270
270
270
270
270
270
394.469
409.971
409.173
434.73
427.805
421.255
424.755
423.248
428.452
423.099
414.566
420.885
423.039
408.477
293.183
270
270
270
270
270
270
270
270
270
270
270
401.067
416.573
419.768
424.187
424.435
424.742
423.079
334.266
336.122
331.329
332.501
326.122
329.359
323.902
331.838
328.854
345.509
344.835
357.884
359.017
364.884
367.282
369.296
369.983
369.734
369.457
369.045
368.111
370.131
370.391
372.322
373.858
374.074
372.773
370.571
367.887
366.899
316.121
317.17
318.065
319.818
321.389
321.668
322.322
321.274
320.691
318.57
318.694
315.669
315.268
314.353
311.923
312.899
309.854
311.061
307.963
308.949
306.447
306.939
304.949
305.339
303.839
303.742
303.151
302.639
302.604
302.146
295.363
295.646
295.196
295.488
295.05
295.211
294.82
294.922
294.555
294.654
294.312
294.405
294.091
294.181
293.896
293.985
293.727
293.814
293.586
293.673
293.472
293.555
293.392
293.454
293.332
293.376
293.29
293.32
293.272
293.287
293.041
293.05
293.037
293.045
293.033
293.037
293.027
293.028
293.021
293.023
293.016
293.018
293.013
293.011
293.011
293.009
293.009
293.007
293.006
293.005
293.005
293.004
293.003
293.002
293.002
293.001
293.002
293
293
293.001
293.001
292.999
293.001
293
293.001
293
293.001
292.999
293.002
293.001
293.002
293.001
293.001
293.001
293.001
293.001
293.001
293.001
293.001
293.001
293.002
293.001
293
293
293.001
293
293.001
292.999
292.999
293
292.999
293
292.999
293.001
293
293
293
293
293.001
293.002
293.001
293.001
293.001
293.001
293.001
293.002
293.001
293.001
293.001
293.001
293.001
293.001
293.001
293
293.001
293
293.001
293
293
292.999
293.001
292.999
293.001
293
293
293
293
292.999
293.001
293.001
293.001
293.001
293.001
293.001
293.001
293.001
293.001
293.001
293.001
293.001
293.001
293.001
293
293
293.001
292.999
293
292.999
292.999
293
293
293
293.001
293
293.001
293
293
293
293.001
293.001
293.001
293
293.002
293.001
293.001
293.001
293.001
293.002
293.001
293.002
293.001
293.001
292.999
293
292.999
293
292.999
293
292.999
293
292.999
292.999
293
292.999
293
293
293
292.999
292.999
293
293.001
293.001
293
293.001
293.001
293.001
293.001
293.001
293.001
293.001
293.001
293
293
292.999
293
292.999
293
292.999
292.999
292.999
726.633
940.054
1003.63
917.104
756.98
654.963
631.266
600.565
545.024
437.111
339.889
270
270
377.874
285.867
270
351.094
522.382
588.253
572.864
559.385
564.806
576.725
584.352
578.514
567.771
560.685
555.58
562.068
577.051
588.956
573.15
528.364
432.249
305.92
270
270
270
270
270
376.331
388.529
384.216
384.666
379.011
333.953
270
270
270
270
270
270
270
270
270
270
270
270
270
270
270
270
270
270
270
270
270
270
270
270
270
337.997
405.554
417.509
425.544
416.674
414.219
410.656
415.997
411.444
409.164
410.865
413.731
409.327
389.666
270
270
270
270
270
270
270
270
270
270
270
270
270
388.156
418.81
422.034
426.341
426.405
426.32
338.323
335.969
339.151
329.846
332.822
326.799
330.36
333.343
328.509
346.773
345.01
358.237
356.744
362.112
364.51
366.54
368.11
368.806
368.568
367.815
368.696
367.427
369.185
370.565
373.055
374.268
374.294
372.075
369.224
367.064
315.559
316.479
318.135
319.755
320.522
322.46
322.352
322.565
321.231
320.721
317.826
318.439
314.389
315.634
312.293
312.723
310.614
310.639
308.47
309.033
306.292
307.48
304.695
305.759
303.535
304.256
302.655
303.101
302.103
302.293
296.043
295.654
295.996
295.337
295.59
295.061
295.209
294.77
294.871
294.501
294.582
294.265
294.322
294.063
294.063
293.907
293.833
293.773
293.647
293.659
293.502
293.548
293.403
293.454
293.348
293.358
293.31
293.294
293.287
293.267
293.07
293.051
293.06
293.041
293.048
293.034
293.037
293.027
293.028
293.021
293.022
293.016
293.016
293.013
293.009
293.01
293.007
293.007
293.005
293.006
293.004
293.004
293.002
293.002
293.001
293.001
293
293
292.999
293
292.999
292.999
292.999
292.999
293
293
293
293
292.999
293.001
293.001
293.001
293.001
293
293.001
293
293.001
293
293.001
293.001
293.001
293
293
293
293
292.999
292.999
292.999
292.999
292.999
292.999
292.999
292.999
292.999
292.999
293
293
293
293
293.001
293.001
293.001
293
293.001
293
293.001
293
293.001
293
293.001
293.001
293
293
293
293
292.999
292.999
292.999
292.999
292.999
292.998
292.999
293
292.999
293
293
293
293
293
293.001
293.001
293.001
293.001
293
293
293
293.001
293
293.001
293.001
293.001
293
293
292.999
292.999
292.999
292.999
292.999
292.999
292.999
292.999
292.999
292.999
292.999
292.999
293
293
293
293
293.001
293.001
293
293
293
293.001
293.001
293
293.001
293
293
293
292.999
293
292.999
292.999
293
292.999
292.999
292.999
292.999
292.998
293
292.999
292.999
292.999
292.999
293
293
292.999
293
293
293
293
293
293
293
293
293.001
293
293
293
293
293
292.999
292.999
292.999
292.999
292.999
292.998
292.998
972.351
1068
1023.43
857.542
701.725
629.666
586.065
537.093
431.391
324.328
270
270
270
348.466
270
270
535.54
622.485
610.614
595.628
591.225
581.205
576.954
566.41
556.214
547.304
540.452
544.728
556.156
569.817
576.281
564.869
490.802
362.161
294.173
270
270
270
270
270
367.085
372.67
389.239
389.126
386.527
338.054
270
270
270
270
270
270
270
270
270
276.268
395.282
451.233
456.132
420.657
330.288
270
270
270
270
270
270
270
270
270
270
270
391.631
413.51
412.187
413.306
408.017
409.495
408.905
403.75
405.006
407.232
384.912
313.619
270
270
270
270
270
270
270
270
270
270
270
270
270
270
270
392.249
421.005
424.25
427.803
428.646
341.329
344.748
338.896
343.065
335.878
331.972
326.105
329.203
330.724
348.559
339.839
358.874
353.904
361.343
361.701
365.052
366.913
367.684
367.756
368.138
366.992
367.575
367.845
369.273
371.127
373.123
373.446
372.672
369.096
370.604
312.546
315.597
318.235
319.084
321.151
322.189
323.176
322.728
322.525
321.114
319.849
318.013
316.659
314.757
313.658
312.795
310.695
311.353
308.353
309.568
306.502
307.484
305.175
305.283
304.181
303.569
303.198
302.345
302.435
301.776
295.927
296.324
295.536
296.04
295.315
295.614
294.973
295.217
294.639
294.87
294.369
294.573
294.137
294.309
293.922
294.078
293.745
293.881
293.606
293.713
293.493
293.58
293.405
293.46
293.358
293.346
293.329
293.284
293.288
293.261
293.057
293.075
293.049
293.063
293.043
293.048
293.034
293.037
293.026
293.028
293.02
293.02
293.014
293.015
293.011
293.01
293.009
293.007
293.006
293.005
293.005
293.004
293.003
293.001
293.002
293
293.002
293
293
292.999
292.999
292.999
292.999
293
293
292.999
293
292.999
293
293
293.001
293
293.001
293
293.001
293
293.001
293
293.001
293
293.001
293
293
292.999
293
292.999
293
292.999
292.999
292.999
292.999
292.999
292.999
292.999
292.999
292.999
292.999
293
293
293.001
293
293
293
293
293
293
293
293
293
293.001
293.001
293
293
292.999
293
292.999
293
292.999
292.999
292.999
292.999
292.999
292.999
293
292.999
292.999
293
293
293
293
293.001
293
293
293
293
293
293
293
293
293
293.001
293
293
292.999
292.999
292.999
293
292.999
292.999
292.999
292.999
293
293
293
293
292.999
293
293
293
293
293.001
293
293
293
293.001
293
293
293
293
293
293.001
293.001
293
293
292.999
293
293
292.999
292.999
292.999
293
292.999
292.999
293
292.999
293
293
292.999
293.001
293.001
293.001
293
293
293.001
293.001
293.001
293.001
293.001
293.001
293
293
293
293
292.999
292.999
292.998
292.999
292.999
292.999
292.999
1082.94
1081.48
921.281
729.911
612.526
578.36
563.255
462.924
355.067
277.648
270
270
270
270
270
372.063
619.637
617.285
612.572
600.84
587.094
578.035
565.923
554.928
540.946
528.134
527.545
536.193
547.728
558.575
556.133
505.371
318.959
270
270
270
270
270
270
270
270
270
393.905
394.306
389.717
351.988
270
270
270
270
270
270
270
270
270
381.367
508.55
555.468
541.691
530.001
512.212
461.832
318.475
270
270
270
270
270
270
270
270
270
318.02
410.039
407.661
405.072
408.41
409.902
404.188
403.322
388.26
271.479
270
270
270
270
270
270
270
270
270
270
270
270
270
270
270
270
270
270
401.708
423.249
429.014
433.515
344.92
349.445
351.263
349.468
347.61
342.539
341.758
336.327
325.101
352.765
335.509
357.175
352.56
360.285
360.903
363.329
364.8
366.301
367.643
367.085
367.455
366.817
367.319
367.896
369.744
371.612
372.827
372.608
370.593
368.831
315.149
318.538
315.089
320.555
320.187
322.846
323.18
323.616
322.496
322.297
319.727
320.036
315.968
317.111
312.764
314.332
310.381
311.897
308.455
309.639
306.701
307.556
305.078
305.855
303.522
304.476
302.383
303.273
301.654
302.271
297.056
295.628
296.888
295.406
296.159
295.225
295.576
294.932
295.061
294.684
294.619
294.437
294.339
294.202
294.062
294.007
293.848
293.833
293.681
293.687
293.539
293.57
293.429
293.468
293.348
293.388
293.293
293.324
293.259
293.277
293.107
293.056
293.086
293.049
293.061
293.041
293.046
293.033
293.033
293.025
293.025
293.018
293.018
293.013
293.012
293.009
293.008
293.007
293.005
293.006
293.003
293.003
293.001
293.002
293
293
293
293
292.999
292.999
292.998
292.999
292.999
292.999
292.998
292.998
293
292.999
292.999
293
293
293
292.999
293
292.999
292.999
292.999
293
293
293
293
292.999
292.999
292.999
292.999
292.998
292.999
292.999
292.998
292.999
292.999
292.998
292.999
292.999
292.998
292.998
292.999
292.999
292.999
293
293
293
293
292.999
292.999
292.999
292.999
292.999
293
293
293
292.999
292.999
292.999
292.999
292.998
292.999
292.999
292.998
292.999
292.998
292.999
292.999
292.999
292.998
292.998
293
292.999
292.999
293
293
293
292.999
292.999
292.999
292.999
292.999
292.999
293
293
293
292.999
292.999
292.999
292.999
292.998
292.999
292.999
292.998
292.999
292.999
292.999
292.999
292.999
292.999
292.998
292.999
292.999
292.999
292.999
293
293
292.999
292.999
292.999
292.999
292.999
292.999
293
292.999
293
292.999
292.999
292.999
292.998
292.998
292.999
292.999
292.999
292.998
292.999
292.999
292.999
292.999
292.998
292.999
292.999
292.999
292.999
293
292.999
293
292.999
292.999
293
293
293
293
293
293
292.999
292.999
292.999
292.999
292.999
292.999
292.998
292.998
292.998
292.998
1101.91
1011.26
842.002
675.197
586.643
557.058
548.353
413.378
342.578
299.282
270
270
270
270
270
270
270
491.151
604.48
598.754
591.08
592.786
593.164
582.108
568.541
546.111
528.027
520.246
518.688
523.587
536.173
541.978
510.061
337.05
270
270
270
270
270
270
270
270
270
270
389.316
396.408
399.865
403.347
396.52
380.137
270
270
270
270
270
270
270
270
270
391.513
428.546
424.913
422.746
439.231
472.198
499.608
496.205
452.516
348.899
270
270
270
270
270
270
270
270
305.824
380.676
403.468
401.282
408.45
411.685
406.303
397.106
381.22
270
270
270
270
270
270
270
270
270
270
270
270
270
270
270
270
270
270
270
270
278.544
409.189
417.965
409.228
356.966
378.739
391.443
390.654
381.761
383.162
369.121
363.239
354.723
349.216
331.272
348.603
340.167
353.768
353.397
359.415
359.93
362.856
363.531
365.674
366.234
367.292
366.725
366.571
366.418
367.068
368.16
369.193
369.66
369.485
367.166
359.748
322.512
326.784
324.994
321.326
322.69
320.525
322.708
322.683
324.019
323.593
323.444
322.208
321.29
319.761
317.488
316.743
314.087
313.843
311.449
311.362
309.225
309.361
307.056
307.65
305.06
306.059
303.419
304.421
302.165
302.445
301.112
300.534
298.399
299.198
296.729
297.937
296.319
297.065
295.672
296.247
295.213
295.607
294.839
295.074
294.551
294.64
294.279
294.344
294.02
294.114
293.809
293.923
293.649
293.758
293.531
293.607
293.434
293.489
293.351
293.394
293.29
293.312
293.231
293.237
293.161
293.182
293.093
293.131
293.072
293.094
293.053
293.066
293.041
293.044
293.034
293.031
293.025
293.023
293.018
293.015
293.015
293.01
293.011
293.007
293.008
293.005
293.006
293.003
293.003
293.002
293.002
293.001
293.001
293.001
293
293
292.998
292.998
293
292.999
293
293
292.999
292.999
293
292.999
293
293
293.001
293
293
293
293
293
293
293
293
293
293
293
293
292.999
292.999
292.999
292.999
293
292.999
292.999
292.998
292.998
293
292.999
293
292.999
292.999
292.999
292.999
293
293
293
293
293
293
293
293
293
293
293
293
293
293
293
292.999
292.999
293
292.999
293
293
292.999
293
292.998
292.997
293
292.999
293
293
292.999
292.999
292.999
292.999
293
293
293
293
293
293
293
293
293
293
293
293
293
293
293
293
292.999
292.999
293
293
292.999
293
292.998
292.997
293
292.999
293
293
293
292.999
292.999
292.999
293
293
293
293
293
293
293
293
293
293
293
293
292.999
293
292.999
293
292.999
292.999
292.999
293
292.999
293
292.997
292.998
293
292.999
293
292.999
293
293
293
292.999
293
293
293.001
293
293
293.001
293.001
293.001
293.001
293.001
293
293
293.001
293
293
292.999
293
293
293
292.999
292.999
292.999
292.996
292.997
1003.36
949.288
822.582
668.281
567.435
545.699
536.4
411.719
366.98
346.137
300.556
270.597
270
270
270
270
361.644
557.042
543.542
556.188
566.226
568.824
580.881
585.791
562.486
539.425
522.156
508.663
505.854
503.159
516.273
509.493
431.462
270
270
270
270
270
270
270
270
270
270
270
377.965
383.579
384.948
390.764
391.132
383.652
367.31
270
270
270
270
270
270
270
270
270
270
270
270
270
270
340.18
463.211
513.324
511.106
459.009
308.663
270
270
270
270
270
270
270
304.935
352.241
378.448
382.317
385.092
371.51
332.764
305.933
270
270
270
270
270
270
270
270
270
270
270
270
270
270
270
270
270
270
270
270
270
342.318
405.357
407.019
368.311
375.072
364.843
360.823
369.405
358.181
364.239
352.825
349.821
336.752
340.986
343.407
344.524
347.825
357.325
357.079
361.078
361.149
363.499
363.988
365.975
366.172
366.728
366.149
366.002
366.02
366.594
366.944
368.068
366.567
362.089
352.181
335.041
330.38
319.932
321.343
320.799
324.435
323.19
324.597
323.858
324.214
323.152
323.122
320.845
321.101
317.092
318.285
313.482
315.113
310.806
312.41
308.642
310.166
306.685
308.163
304.901
306.254
303.373
304.507
301.781
303.058
300.373
301.624
298.083
299.812
296.847
297.973
296.531
296.983
295.889
296.124
295.424
295.47
294.989
295.056
294.568
294.739
294.234
294.451
293.981
294.193
293.791
293.969
293.639
293.787
293.517
293.642
293.419
293.518
293.342
293.411
293.273
293.335
293.213
293.267
293.147
293.2
293.093
293.132
293.079
293.09
293.062
293.061
293.046
293.048
293.03
293.037
293.022
293.027
293.016
293.018
293.012
293.014
293.007
293.01
293.005
293.006
293.003
293.004
293.002
293.002
293.001
293.001
293
292.999
293
292.999
292.999
292.999
292.999
292.999
292.999
292.999
292.999
292.999
292.999
292.999
293
292.999
292.999
293
293
293
293
293
293
293
292.999
292.999
292.999
292.999
292.999
292.999
292.999
292.999
292.998
292.998
292.998
292.998
292.998
292.998
292.998
292.998
292.999
292.998
292.999
292.999
292.999
292.999
292.999
292.999
292.999
292.999
293
293
293
293
293
292.999
293
292.999
292.999
293
293
292.999
292.999
292.999
292.999
292.998
292.998
292.998
292.998
292.998
292.998
292.999
292.998
292.999
292.999
292.999
292.999
292.999
292.999
292.999
292.999
292.999
293
293
293
293
292.999
293
292.999
292.999
292.999
293
293
292.999
292.998
292.999
292.999
292.999
292.998
292.998
292.998
292.998
292.998
292.999
292.999
293
292.999
292.999
292.999
292.999
293
292.999
292.999
292.999
292.999
293
293
293
293
292.999
292.999
292.999
292.999
292.999
292.999
292.999
292.999
292.999
292.999
292.999
292.999
292.999
292.999
292.998
292.999
292.999
292.999
293
292.999
292.999
292.999
292.999
292.999
293
293
293
292.999
293
292.999
292.999
292.999
292.999
293
293
293
293
292.998
292.998
292.999
292.998
292.999
292.998
292.998
292.998
292.999
292.997
879.122
877.214
771.912
618.056
540.746
537.18
532.838
452.134
384.341
411.104
399.096
405.377
376.288
396.724
399.403
443.107
496.759
511.821
540.571
532.658
557.209
574.545
553.972
546.105
541.23
519.174
494.544
480.112
491.259
509.472
498.907
484.429
349.211
270
270
270
270
270
270
270
270
270
270
270
270
270
270
270
270
270
270
270
270
270
270
270
270
270
270
270
270
270
270
270
270
270
331.602
473.432
524.052
522.015
474.636
304.797
270
270
270
270
270
270
270
270
270
270
270
270
270
270
270
270
270
270
270
270
270
270
270
270
270
270
270
270
270
270
270
270
270
270
270
270
334.767
394.847
396.301
386.086
379.933
370.462
359.141
365.515
353.037
358.541
344.545
352.274
341.723
341.55
353.013
349.605
357.868
357.574
359.718
361.768
362.379
364.207
364.656
366.088
366.028
366.13
365.653
365.163
364.999
365.838
364.028
361.749
360.283
355.993
333.13
343.681
324.292
329.404
325.3
323.557
325.173
324.191
325.151
324.083
324.033
322.548
322.374
320.233
318.471
318.046
314.489
314.931
311.408
312.284
309.044
309.994
307.092
307.886
305.273
306.069
303.484
304.523
301.816
302.936
300.358
301.377
298.659
299.698
297.407
298.059
296.815
297.025
296.108
296.257
295.489
295.695
294.978
295.229
294.575
294.828
294.264
294.491
294.024
294.202
293.842
293.964
293.688
293.777
293.559
293.623
293.45
293.505
293.356
293.416
293.278
293.334
293.218
293.261
293.158
293.2
293.106
293.138
293.085
293.1
293.062
293.077
293.045
293.058
293.036
293.038
293.029
293.026
293.022
293.02
293.015
293.015
293.01
293.011
293.008
293.007
293.006
293.005
293.005
293.002
293.003
293.002
293.001
293
293
292.999
293
293
292.999
293
292.999
293
293
293
293
293.001
293.001
293
293.001
293.001
293.001
293.001
293.001
293.001
293.001
293.001
293.001
293
293.001
293.001
293.001
293
293
293
293
292.998
293
292.998
292.999
292.999
292.998
293
292.999
293
293
293
293
293.001
293.001
293
293.001
293.001
293.001
293.001
293.001
293.001
293.001
293.001
293
293.001
293.001
293.001
293.001
293
293
293
293
292.999
293
292.999
292.999
292.999
292.999
292.999
292.999
293
293
293.001
293
293.001
293.001
293
293.001
293
293.001
293.001
293.001
293.001
293.001
293.001
293.001
293
293.001
293.001
293.001
293
293
293
293
292.999
293
292.999
293
292.999
292.999
293
292.999
293
293
293
292.999
293.001
293.001
293.001
293
293
293.001
293.001
293.001
293.001
293.001
293.001
293
293.001
293.001
293.001
293.001
293.001
293.001
293.001
293.001
293
293
293
293
293
293
293
293
293
293
293
293
293
293.001
293.001
293.001
293.001
293.001
293
293.001
293.001
293.001
293.001
293.001
293.001
293.001
293.001
293.001
293
293.001
293
293
293
292.999
292.999
293
292.999
720.843
761.615
684.407
572.605
525.57
534.916
541.786
525.967
480.072
472.633
467.947
468.628
446.983
460.574
458.088
473.493
492.418
494.425
504.519
536.62
541.171
560.687
552.542
523.46
496.693
478.672
479.455
493.314
481.23
468.507
478.758
474.161
291.238
270
270
270
270
270
270
270
270
270
270
270
270
270
270
270
270
270
270
270
270
270
270
270
270
270
270
270
270
270
270
270
270
270
366.627
477.888
516.137
519.028
510.749
458.67
302.261
270
270
270
270
270
270
270
270
270
270
270
270
270
270
270
270
270
270
270
270
270
270
270
270
270
270
270
270
270
270
270
270
270
270
270
270
270
325.877
362.22
359.778
353.121
351.543
342.777
357.908
347.863
356.865
350.531
358.791
351.909
357.282
355.216
358.747
357.414
360.218
360.905
362.921
363.582
364.762
365.23
365.799
365.958
364.921
364.603
364.147
362.625
362.894
361.694
356.786
357.315
338.818
344.769
332.623
332.474
327.258
327.956
325.223
326.419
325.044
325.172
323.512
323.673
321.295
321.553
317.703
319.009
314.025
315.857
311.276
312.718
309.047
310.204
307.024
308.165
305.071
306.402
303.262
304.706
301.664
303.046
300.199
301.515
298.627
299.953
297.419
298.519
296.646
297.462
295.964
296.594
295.391
295.909
294.926
295.357
294.566
294.895
294.288
294.507
294.062
294.203
293.859
293.987
293.679
293.815
293.54
293.661
293.435
293.531
293.343
293.43
293.269
293.344
293.208
293.269
293.154
293.205
293.108
293.15
293.082
293.112
293.061
293.08
293.047
293.056
293.037
293.041
293.027
293.031
293.019
293.023
293.012
293.016
293.008
293.012
293.006
293.008
293.004
293.005
293.003
293.003
293.001
293.001
293.001
293
292.999
292.999
292.999
292.999
292.999
292.999
292.999
293
292.999
292.999
292.999
293
293
293
293
293
293
293
293
293
292.999
293
293
293
293
293
293
293
292.999
292.999
292.999
292.998
292.998
292.998
292.998
292.998
292.998
292.998
292.998
292.999
292.999
292.999
292.999
293
293
293
293
293
293
292.999
293
293
293
293
293
293
293
293
293
292.999
292.999
292.999
293
292.998
292.998
292.998
292.998
292.998
292.998
292.998
292.998
293
292.999
292.999
292.999
293
293
293
292.999
293
293
293
292.999
293
292.999
293
293
293
293
293
293
293
292.999
292.999
292.999
292.998
292.998
292.998
292.998
292.998
292.998
292.998
292.999
292.999
292.999
292.999
292.999
292.999
293
292.999
293
293
293
292.999
292.999
292.999
293
293
293
293
293
293
293
292.999
292.999
292.999
293
292.999
292.999
292.999
292.999
292.999
293
292.999
292.999
293
292.999
292.999
292.999
292.999
293
293.001
293
293.001
293
293
293
293
293
293
293
293.001
293
293
293
293
292.999
293
292.999
292.999
292.999
292.999
292.999
292.999
584.092
625.716
584.785
529.077
518.354
528.536
537.471
542.809
531.644
498.71
497.368
480.988
462.878
452.6
445.617
445.715
442.744
457.645
482.989
500.42
522.273
498.355
489.586
499.144
485.977
463.884
463.195
450.501
450.925
475.655
478.681
446.511
270
270
270
270
270
270
270
270
270
270
270
270
270
270
270
270
270
270
270
270
270
270
270
270
270
270
270
270
270
270
270
270
270
386.238
461.066
494.853
499.369
499.357
500.893
495.27
451.803
320.405
270
270
270
270
270
270
270
270
270
270
270
270
270
270
270
270
270
270
270
270
270
270
270
270
270
270
270
270
270.4
270
270
270
270
270
270
270
270
270
270
270
270
270
270
331.845
350.27
363.954
355.784
359.765
358.918
357.333
361.314
358.906
359.682
361.153
362.709
363.627
364.489
364.985
365.559
365.01
364.669
363.378
362.297
362.495
360.764
358.857
355.454
356.67
343.413
343.681
341.51
331.391
333.818
327.39
328.451
326.01
326.394
324.57
324.401
322.807
322.579
320.671
318.695
318.696
314.633
315.745
311.555
312.881
309.068
310.465
306.937
308.413
305.054
306.475
303.372
304.618
301.8
302.955
300.292
301.408
298.871
299.922
297.715
298.52
296.898
297.39
296.17
296.547
295.547
295.869
295.069
295.303
294.689
294.857
294.363
294.513
294.082
294.251
293.852
294.032
293.685
293.833
293.552
293.671
293.439
293.545
293.348
293.436
293.276
293.344
293.216
293.271
293.16
293.21
293.115
293.159
293.089
293.112
293.07
293.081
293.053
293.06
293.039
293.047
293.028
293.036
293.021
293.025
293.017
293.018
293.013
293.013
293.01
293.009
293.006
293.006
293.004
293.004
293.003
293.002
293.002
293.001
293.001
293.001
293.001
293.001
293
293.001
293
293
293
293
293
293
293.001
293.002
293.002
293.002
293.002
293.002
293.002
293.002
293.002
293.002
293.002
293.002
293.002
293.001
293.001
293
293
293
293
293
293.001
293.001
293
293
293
293.001
293
293
293
293
293
293.001
293.001
293.002
293.002
293.002
293.002
293.002
293.002
293.002
293.002
293.002
293.002
293.002
293.001
293.001
293
293
293
293
293
293
293
293.001
293.001
293
293.001
293.001
293
293
293
293
293
293.001
293.001
293.001
293.002
293.002
293.002
293.002
293.002
293.002
293.002
293.002
293.002
293.002
293.002
293.001
293.001
293.001
293
293
293
293
293.001
293
293
293
293.001
293.001
293
293
293
293
293
293
293.001
293.001
293.002
293.002
293.002
293.002
293.002
293.001
293.002
293.002
293.002
293.002
293.002
293.002
293.002
293.001
293.001
293
293.001
293.001
293
293.001
293.001
293.001
293.001
293.001
293.001
293.001
293.002
293.001
293.001
293.001
293.001
293.002
293.002
293.002
293.002
293.002
293.003
293.002
293.002
293.002
293.002
293.002
293.002
293.001
293.002
293.002
293.001
293.001
293.001
293.001
293
293
293
293
495.289
512.936
510.326
501.697
509.549
524.145
530.216
529.738
518.75
506.513
485.817
466.484
443.468
420.671
424.153
440.091
462.64
474.019
489.953
497.806
488.98
496.84
478.007
458.251
461.765
468.683
455.133
454.9
461.903
466.099
460.083
445.675
277.004
270
270
270
270
270
270
270
270
270
270
270
270
270
270
270
270
270
270
270
270
270
270
270
270
270
270
270
270
270
270
350.296
438.57
456.087
462.065
466.727
470.782
467.91
475.236
480.952
483.218
457.955
382.131
270
270
270
270
270
270
270
270
270
270
270
270
270
270
270
270
270
270
270
270
270
270
270
270
270
270
272.092
286.313
277.348
270
270
270
270
270
270
270
270
270
270
270
270
270
270
332.74
357.75
372.314
360.91
365.551
359.882
362.034
360.868
359.212
361.206
362.091
363.679
363.98
364.961
364.944
364.842
364.391
362.837
361.335
359.157
359.191
356.608
357.488
352.34
346.052
345.903
343.901
331.674
338.139
326.797
330.653
327.136
325.563
326.068
323.324
324.174
320.915
321.944
317.633
319.344
314.25
316.376
311.179
313.428
308.803
310.776
306.864
308.482
305.099
306.433
303.393
304.647
301.734
303.016
300.232
301.471
298.86
300.013
297.711
298.701
296.842
297.609
296.112
296.701
295.527
295.973
295.041
295.407
294.646
294.954
294.322
294.587
294.063
294.286
293.86
294.033
293.699
293.829
293.562
293.669
293.451
293.535
293.359
293.427
293.284
293.342
293.219
293.271
293.164
293.209
293.124
293.157
293.094
293.116
293.069
293.086
293.05
293.066
293.036
293.048
293.027
293.035
293.023
293.025
293.017
293.019
293.011
293.015
293.008
293.009
293.004
293.006
293.004
293.004
293.002
293.002
293.002
293.002
293.001
293.002
293.001
293
293.001
293.001
293.001
293
293
293
293
293.001
293
293
293
293.002
293.002
293.001
293.002
293.002
293.001
293.002
293.002
293
293
293
293.001
293
293
293
293
293
293
293.001
293
293
293.001
293.001
293
293
293
292.999
293
293.001
293
293
293
293.002
293.002
293.001
293.002
293.002
293.001
293.002
293.002
293.001
293
293
293
293.001
293
293
293.001
293
293
293.001
293
293
293.001
293
293
293
293
292.999
293
293
293
293
293
293.001
293.002
293.001
293.002
293.002
293.001
293.002
293.002
293
293
293
293.001
293
292.999
293
293
293
293
293
293
293
293
293.001
293.001
293.001
293
293
293
293.001
293
293
293
293.001
293.001
293.001
293.001
293.001
293.001
293.002
293.001
293
293.001
293
293.001
293.001
293.001
293
293.001
293
293
293
293
293
293
293.001
293
293.001
293.001
293
293.001
293.001
293
293
293
293.001
293.002
293.002
293.002
293.003
293.003
293.003
293.001
293.001
293.001
293.001
293.001
293
293.001
293.001
293
293
293
293
292.999
293
485.19
486.332
488.393
498.255
505.094
511.981
517.752
509.221
509.737
503.805
494.172
485.237
450.95
458.576
441.864
445.91
450.005
459.029
460.216
465.564
466.446
460.522
464.442
470.29
458.968
448.122
451.256
454.128
452.067
459.323
462.548
450.621
335.272
270
270
270
270
270
270
270
270
270
270
270
270
270
270
270
270
270
270
270
270
270
270
270
270
270
270
270
270
270
391.058
446.179
446.9
446.704
439.013
441.593
447.02
451.671
447.369
454.013
464.53
476.269
464.278
449.314
401.123
334.057
270
270
270
270
270
270
270
270
270
270
270
270
270
270
270
270
270
270
306.974
318.206
270
270
270
270
270
270
270
270
270
270
270
270
270
270
270
270
270
270
270
270
270
361.142
371.559
377.469
363.83
365.393
358.27
359.86
359.665
360.231
361.738
362.794
363.909
364.424
364.835
364.664
363.508
361.62
361.72
360.001
357.411
357.077
356.058
350.343
349.61
347.017
341.814
338.072
336.755
329.546
330.642
327.34
326.493
325.742
323.875
324.018
321.237
322.072
317.729
319.496
314.276
316.514
311.293
313.421
308.937
310.709
306.983
308.433
305.179
306.466
303.407
304.695
301.756
303.018
300.265
301.458
298.944
300.013
297.815
298.7
296.927
297.596
296.18
296.708
295.563
296
295.066
295.421
294.671
294.954
294.351
294.574
294.095
294.266
293.885
294.022
293.712
293.827
293.57
293.668
293.457
293.536
293.361
293.43
293.284
293.341
293.22
293.267
293.168
293.207
293.126
293.158
293.092
293.12
293.069
293.088
293.051
293.065
293.038
293.046
293.028
293.035
293.02
293.026
293.015
293.019
293.01
293.014
293.007
293.009
293.004
293.006
293.004
293.003
293.001
293.003
293.001
293.001
293
293.001
293.001
292.999
293
292.999
292.999
293
293
292.999
292.999
293
292.999
293
293
293.001
293
293
293.001
293.001
293
293.001
293
293
293
292.999
293
292.999
292.999
293
293
292.999
292.999
293
292.999
292.999
293
292.999
292.999
293
293
292.999
292.999
293
292.999
293
293
293
293
293
293.001
293.001
293
293
293
293
292.999
293
293
292.999
292.999
293
293
292.999
292.999
293
293
293
293
292.999
292.999
293
293
292.999
293
293
293
292.999
293
293
293
293
293.001
293.001
293
293
293
293
293
293
293
292.999
292.999
293
293
292.999
292.999
293
292.999
293
292.999
293
292.999
293
293
292.999
292.999
293
292.999
293
293
293
293
293
293.001
293.001
293
293
293
293
293
293
293
293
293
293
292.999
292.999
292.999
292.999
292.999
292.999
292.999
292.999
293
293
293.001
293
293
293.001
293
293
293
293
293.001
293
293.001
293.001
293.001
293.002
293.001
293.001
293.001
293
293.001
292.999
293.001
293
293
292.999
293
292.999
292.999
292.998
477.364
483.738
487.15
491.412
504.346
512.805
508.495
511.639
499.896
493.767
496.569
469.295
463.146
457.078
430.902
430.189
430.535
433.213
440.708
441.698
446.773
447.835
445.761
445.807
451.542
458.595
452.502
456.888
447.077
454.112
456.372
455.45
408.778
274.001
270
270
270
270
270
270
270
270
270
270
270
270
270
270
270
270
270
270
270
270
273.473
280.201
282.463
276.884
270
297.358
376.553
419.752
437.134
432.933
440.292
446.307
450.096
439.706
437.054
431.932
434.66
435.773
439.878
435.164
451.358
448.229
455.698
451.979
447.542
411.002
443.234
371.4
516.915
494.831
517.618
467.532
452.501
424.494
419.243
415.914
424.822
436.153
421.06
428.186
415.365
415.133
411.514
285.326
270
270
270
270
270
270
270
270
270
270
270
270
270
270
270
270
270
270
270
270
270
332.951
375.927
358.426
366.736
349.719
361.613
355.457
358.636
360.643
360.359
361.22
362.314
363.575
364.368
363.11
363.8
361.622
359.891
359.068
358.672
355.587
356.19
350.412
352.322
343.171
346.16
336.105
333.517
334.036
327.386
329.838
324.971
326.635
323.117
324.313
320.827
322.075
317.791
319.465
314.429
316.493
311.348
313.495
308.893
310.825
306.902
308.558
305.097
306.574
303.362
304.75
301.731
303.053
300.247
301.496
298.94
300.078
297.811
298.796
296.899
297.689
296.151
296.777
295.545
296.038
295.061
295.446
294.672
294.971
294.353
294.59
294.092
294.284
293.878
294.037
293.705
293.837
293.568
293.673
293.454
293.541
293.36
293.432
293.283
293.342
293.221
293.269
293.168
293.209
293.125
293.16
293.093
293.12
293.069
293.089
293.051
293.065
293.037
293.049
293.029
293.035
293.019
293.026
293.015
293.019
293.01
293.013
293.006
293.01
293.005
293.006
293.002
293.004
293.001
293.002
293
293.001
293.001
293
293
293.001
292.999
293
292.999
292.999
292.999
292.999
292.999
292.999
292.999
293
293.001
293
293
293
293.001
293.001
293
293
293
293
293.001
292.999
292.999
292.999
292.999
292.999
292.999
292.999
293
292.999
293
293
292.999
293
292.999
292.999
292.999
292.999
292.999
292.999
292.999
293.001
293
293
293
293
293.001
293.001
293
293
293
293.001
293
292.999
292.999
292.999
292.999
292.999
292.999
292.999
293
292.999
293
293
292.999
293
292.999
292.999
292.999
292.999
292.999
292.999
292.999
293
293.001
293
293
293
293.001
293.001
293
293
293
293
293
292.999
292.999
292.999
292.999
292.999
292.999
292.999
293
292.999
293
293
292.998
293
292.999
292.999
292.999
292.999
292.999
292.999
292.999
293.001
293
293
293
293
293.001
293.001
293
293
293
293.001
293.001
293
293
292.999
292.999
292.999
292.999
292.998
292.999
292.999
292.999
292.999
292.999
293
292.999
293
292.999
292.999
293
293
293.001
293.001
293
293
293.001
293
293.001
293
293.001
293.001
293.001
293
293.001
293
292.999
293
293
293
293
292.998
292.999
292.999
292.998
292.998
591.657
584.635
522.669
306.476
270
270
270
270
270
392.372
410.275
409.926
411.355
415.623
378.608
385.547
383.592
344.912
286.141
270
270
270
270
270
270
270
270
270
270
270
270
280.138
317.531
341.738
349.462
373.831
380.863
380.228
376.778
374.166
371.407
370.489
370.266
367.484
377.826
374.705
326.09
270
270
270
270
270
270
270
270
270
270
270
277.755
276.759
304.54
312.086
320.231
332.841
348.957
372.624
378.209
381.76
392.937
406.796
412.699
411.041
402.53
395.108
461.493
455.694
459.253
456.754
450.156
405.597
331.422
270
270
270
270
299.707
359.792
393.97
409.077
435.878
442.296
444.525
441.91
437.656
427.884
418.363
421.864
420.98
420.889
418.487
416.654
416.064
416.1
415.736
331.388
331.997
331.956
332.408
331.535
332.09
333.877
334.15
343.513
346.572
353.2
357.656
362.42
366.696
369.258
372.619
374.649
377.563
379.309
381.064
380.632
379.007
377.027
372.08
367.194
369.299
368.408
368.373
367.021
366.699
319.616
319.927
319.786
320.071
319.517
319.062
318.97
318.757
317.278
317.076
316.435
314.748
315.255
312.785
313.547
311.3
310.171
310.175
309.053
307.017
307.847
305.403
306.086
304.193
304.662
303.071
303.732
302.465
302.907
302.327
295.091
295.044
295.059
294.919
294.889
294.793
294.668
294.63
294.457
294.447
294.252
294.274
294.038
294.11
293.856
293.938
293.713
293.782
293.59
293.648
293.482
293.536
293.396
293.429
293.38
293.316
293.348
293.281
293.311
293.275
293.033
293.032
293.032
293.027
293.03
293.024
293.025
293.02
293.023
293.016
293.02
293.013
293.015
293.01
293.011
293.008
293.008
293.008
293.007
293.007
293.005
293.004
293.004
293.002
293.003
293.002
293.002
293.001
293.001
293.001
293
293
293.002
293
293.002
293.001
293.001
293.001
293.002
293.001
293.003
293.003
293.002
293.001
293.002
293.002
293.002
293.002
293.003
293.002
293.003
293.002
293.001
293.001
293.001
293.002
293.001
293
293.001
293
293
293.001
293
293.001
293.002
293.001
293.001
293.002
293.001
293.003
293.002
293.003
293.001
293.002
293.002
293.003
293.001
293.002
293.002
293.003
293.002
293.001
293.001
293.001
293.001
293.002
293.001
293
293.001
293
293
293
293.001
293.001
293.003
293.001
293.001
293.001
293.002
293.001
293.003
293.003
293.002
293.002
293.002
293.001
293.002
293.002
293.003
293.001
293.002
293.001
293.001
293
293.001
293.001
293.001
293
293
292.999
293
293
293.002
293.001
293.002
293.001
293.001
293.002
293.002
293.001
293.003
293.003
293.002
293.001
293.001
293.002
293.001
293.001
293.003
293.002
293.001
293.001
293.001
293.001
292.999
293.002
293
293
293
292.999
292.999
292.999
293
293.001
293
293
293.001
292.999
293.001
293.001
293.002
293.002
293.001
293.002
293.003
293.002
293.003
293.002
293.001
293
293.001
293.001
293.001
293
293
293.002
293.001
293
293.001
293
578.296
556.498
526.563
419.425
270
270
270
270
318.978
392.147
401.357
408.619
410.493
414.98
381.415
368.229
270
270
270
270
270
270
270
270
270
270
270
270
270
270
270
270
270
270
270
270
332.299
372.956
375.901
374.621
373.406
369.766
370.552
367.996
374.496
298.429
270
270
270
270
270
270
270
270
270
270
270
270
270
270
270
270
270
270
270
270
324.531
362.727
386.425
397.457
405.491
406.883
404.927
400.736
463.225
456.516
450.372
447.075
425.972
270
270
270
270
270
270
270
270
270
270
270
350.201
372.877
425.598
433.441
426.894
422.257
421.909
421.174
421.469
420.261
417.157
416.39
416.517
417.778
330.973
331.873
331.968
331.631
331.784
329.733
335.993
331.848
345.224
342.254
355.073
357.635
363.843
367.174
370.358
372.189
374.054
375.101
376.852
377.572
377.938
377.11
374.538
374.548
368.585
369.362
368.407
368.195
367.346
366.415
319.62
319.556
320.041
320.071
320.132
320.458
319.523
318.144
318.496
316.751
316.488
315.086
314.67
313.705
312.077
312.367
310.367
309.175
309.734
306.787
308.095
305.204
306.454
303.926
305.041
302.933
303.831
302.347
303.075
302.202
295.024
295.147
294.937
295.115
294.817
294.938
294.625
294.741
294.417
294.535
294.217
294.329
294.019
294.121
293.86
293.914
293.725
293.746
293.613
293.606
293.524
293.472
293.469
293.367
293.412
293.319
293.339
293.299
293.299
293.288
293.033
293.038
293.033
293.037
293.031
293.032
293.028
293.026
293.024
293.02
293.022
293.015
293.018
293.012
293.015
293.009
293.012
293.008
293.01
293.007
293.008
293.005
293.007
293.004
293.006
293.003
293.005
293.002
293.004
293.005
293.007
293.003
293.004
293.003
293.004
293.003
293.004
293.003
293.005
293.004
293.005
293.004
293.004
293.004
293.005
293.003
293.005
293.003
293.004
293.004
293.005
293.003
293.004
293.003
293.004
293.003
293.005
293.001
293.003
293.005
293.004
293.003
293.002
293.004
293.003
293.004
293.003
293.004
293.003
293.005
293.004
293.005
293.003
293.005
293.004
293.005
293.004
293.005
293.004
293.005
293.004
293.003
293.004
293.003
293.004
293.003
293.004
293.003
293.005
293.003
293.006
293.003
293.005
293.003
293.004
293.003
293.004
293.003
293.005
293.004
293.005
293.004
293.005
293.004
293.005
293.003
293.005
293.003
293.005
293.004
293.005
293.003
293.004
293.003
293.004
293.002
293.005
293.001
293.003
293.005
293.003
293.004
293.004
293.002
293.004
293.003
293.004
293.003
293.005
293.004
293.005
293.004
293.005
293.004
293.005
293.005
293.004
293.005
293.003
293.004
293.003
293.005
293.003
293.004
293.003
293.005
293.003
293.005
293.003
293.004
293.005
293.002
293.004
293.003
293.004
293.002
293.004
293.002
293.004
293.003
293.005
293.003
293.004
293.003
293.005
293.003
293.005
293.003
293.005
293.003
293.004
293.003
293.004
293.002
293.004
293.002
293.004
293
293.003
293.005
555.034
512.506
487.703
452.456
321.06
270
270
270
315.86
327.969
361.454
394.638
411.284
413.855
352.111
270
270
270
270
270
270
270
270
270
270
270
270
270
270
270
270
270
270
270
270
270
270
311.614
367.6
374.123
372.351
374.914
371.086
374.035
370.453
270
270
270
270
270
270
270
270
270
270
270
270
270
270
270
270
270
270
270
270
270
270
270
270
380.479
399.749
403.511
405.613
405.835
458.465
448.914
444.531
443.635
448.329
285.079
270
270
270
270
270
270
270
270
270
270
270
270
270
363.833
418.68
422.282
420.338
419.901
421.641
421.342
420.466
419.09
418.252
416.688
332.842
331.531
332.479
331.335
330.544
330.125
331.134
329.873
342.975
339.183
356.034
356.069
364.36
367.722
370.699
372.453
373.147
373.659
373.375
373.734
373.622
373.177
374.357
373.223
372.845
370.376
369.391
367.641
367.24
366.413
318.733
319.486
319.813
320.096
320.684
319.999
319.786
319.985
317.914
318.045
316.644
314.9
315.237
313.762
311.86
312.509
310.452
309.119
309.534
306.904
307.884
305.294
306.231
303.992
304.862
302.917
303.761
302.253
302.956
302.164
295.337
295.176
295.303
294.988
295.091
294.794
294.855
294.58
294.623
294.378
294.378
294.194
294.132
294.04
293.907
293.893
293.722
293.745
293.597
293.587
293.54
293.428
293.473
293.343
293.394
293.298
293.332
293.277
293.293
293.275
293.035
293.029
293.033
293.024
293.028
293.021
293.022
293.017
293.018
293.014
293.011
293.012
293.009
293.009
293.006
293.006
293.005
293.004
293.002
293.002
293.001
293.001
292.999
292.999
292.998
292.998
292.998
292.998
292.997
292.997
292.996
292.997
292.997
292.997
292.998
292.997
292.997
292.998
292.999
292.998
292.998
292.998
292.998
292.999
292.999
292.998
292.999
292.998
292.998
292.998
292.998
292.999
292.998
292.997
292.997
292.998
292.997
292.997
292.997
292.996
292.997
292.997
292.997
292.997
292.997
292.997
292.997
292.998
292.999
292.998
292.998
292.998
292.998
292.998
292.999
292.998
292.999
292.998
292.998
292.998
292.998
292.999
292.998
292.997
292.997
292.998
292.997
292.997
292.997
292.997
292.996
292.997
292.997
292.997
292.998
292.997
292.998
292.998
292.999
292.998
292.998
292.998
292.999
292.999
292.999
292.998
292.999
292.999
292.998
292.998
292.998
292.998
292.998
292.997
292.997
292.998
292.997
292.997
292.997
292.996
292.996
292.997
292.996
292.997
292.997
292.997
292.998
292.998
292.999
292.998
292.998
292.998
292.998
292.998
292.998
292.998
292.998
292.998
292.997
292.997
292.997
292.997
292.997
292.997
292.997
292.997
292.997
292.996
292.997
292.996
292.995
292.997
292.997
292.997
292.997
292.997
292.997
292.997
292.997
292.997
292.998
292.997
292.997
292.997
292.998
292.998
292.998
292.998
292.998
292.998
292.998
292.997
292.998
292.998
292.997
292.998
292.998
292.997
292.997
292.996
512.931
520.585
564.978
555.801
435.121
341.743
370.921
426.961
435.463
369.34
270
348.697
395.443
413.362
341.08
270
270
270
270
311.907
389.835
382.993
371.488
343.044
356.375
377.182
379.092
379.87
381.131
423.396
434.711
437.968
416.555
344.44
270
270
270
270
270
352.559
374.337
372.299
372.452
370.132
372.138
271.15
270
270
270
270
270
270
270
270
270
270
270
270
270
270
270
270
270
270
270
270
270
270
270
270
380.406
400.529
405.671
408.174
447.061
440.432
436.074
440.803
436.319
431.777
398.281
384.14
391.099
376.054
276.573
270
270
270
270
270
270
270
270
270
270
382.139
415.473
416.414
419.419
422.199
422.685
421.497
420.928
420.606
331.87
333.851
331.561
332.597
328.961
328.308
324.985
328.636
338.695
337.146
353.707
355.51
363.192
366.764
369.384
371.077
371.72
371.457
371.142
370.493
370.399
372.469
372.343
373.389
373.982
373.044
370.77
369.145
366.544
366.843
317.912
318.163
319.128
320.503
320.929
321.235
321.673
320.01
319.983
317.423
317.919
315.338
314.21
314.263
312.417
311.508
311.212
308.844
309.796
306.717
308.041
305.159
306.37
303.926
304.934
302.962
303.695
302.327
302.879
302.28
295.208
295.39
295.07
295.277
294.937
295.05
294.74
294.803
294.502
294.565
294.276
294.339
294.064
294.13
293.883
293.941
293.734
293.772
293.604
293.617
293.54
293.457
293.468
293.366
293.394
293.314
293.332
293.292
293.286
293.286
293.033
293.038
293.03
293.039
293.027
293.032
293.022
293.026
293.017
293.02
293.015
293.014
293.013
293.011
293.011
293.009
293.008
293.007
293.006
293.005
293.004
293.003
293.002
293.001
293
293.001
293.001
293
293
292.999
293
293
293
293
292.999
292.999
292.999
292.999
293.001
293
293
293.001
293.001
293.001
293
293.001
293
293.001
293
293.001
293
293.001
292.999
292.999
292.998
293
293
292.999
293
292.999
292.999
292.999
293
292.999
292.999
292.999
292.999
292.999
293
293
293.001
293
293.001
293.001
293.002
293.001
293.002
293.001
293.001
293.001
293.001
293.001
292.999
292.999
292.999
293
293
293
292.999
292.999
293
293
293
292.999
292.999
292.999
292.999
292.999
293.001
293
293
293.001
293.001
293.001
293.001
293.001
293.001
293.002
293
293.001
293
293
292.999
292.999
292.998
292.999
292.999
292.999
293
292.999
293
292.999
293
293
293
292.999
292.999
292.999
293
293.001
293
293
293.001
293.001
293
293
293.001
293
293.001
293
293
292.999
292.999
292.999
292.999
293
293
292.999
292.999
292.999
292.999
292.999
292.999
292.999
292.999
292.999
292.999
292.999
292.999
293
293
293
292.999
293
292.999
293
293
293
292.999
293
292.999
293
292.999
292.999
292.998
292.999
293
292.998
292.999
292.997
526.376
671.558
816.757
765.242
610.864
528.806
568.196
588.483
578.219
498.122
381.666
270
333.397
399.477
316.681
270
270
291.75
450.912
506.71
523.967
520.727
510.349
516.2
542.544
554.373
550.484
530.558
523.744
542.93
569.989
581.56
552.945
452.703
316.62
270
270
270
270
270
372.511
383.051
380.517
380.127
376.901
298.763
270
270
270
270
270
270
270
270
270
270
270
270
270
270
270
270
270
270
270
270
270
270
270
270
276.085
396.034
403.539
414.14
437.813
426.79
422.867
421.057
432.846
423.803
420.645
420.784
418.684
422.759
409.219
294.335
270
270
270
270
270
270
270
270
270
270
270
403.97
416.141
419.895
423.579
424.662
424.352
423.706
335.631
333.161
335.231
329.534
331.137
325.402
329.904
327.356
339.792
336.158
352.243
352.933
361.926
363.947
367.568
369.02
369.814
369.851
369.214
368.718
369.593
368.737
370.963
372.442
373.749
374.096
372.903
370.283
368.39
366.582
316.712
316.692
318.869
319.713
320.787
322.095
321.601
321.499
320.059
319.787
317.022
317.221
314.887
313.415
313.755
310.844
311.994
308.882
310.05
307.171
307.866
305.687
306.126
304.318
304.519
303.456
303.079
302.845
302.357
302.559
295.75
295.451
295.695
295.198
295.383
294.954
295.066
294.685
294.786
294.43
294.527
294.198
294.29
293.99
294.08
293.807
293.897
293.654
293.739
293.525
293.613
293.429
293.501
293.359
293.413
293.308
293.345
293.279
293.301
293.272
293.058
293.045
293.051
293.036
293.041
293.031
293.033
293.024
293.026
293.018
293.021
293.015
293.014
293.013
293.01
293.011
293.007
293.008
293.006
293.006
293.005
293.004
293.003
293.002
293.002
293.002
293.001
293.001
293
293.001
292.999
293
293
293.001
293
293.001
293
293
293.001
293.002
293.001
293.001
293.001
293.001
293.001
293.002
293.001
293.001
293.001
293.001
293.001
293.002
293
293
293
293.001
293
293
293
293
292.999
292.999
293
293
293.001
293
293
292.999
293.002
293.001
293.001
293.001
293.001
293.001
293.001
293.001
293.001
293.001
293.002
293.001
293.001
293.001
293
293
293
293.001
293
293
292.999
293
292.999
293
293
293.001
292.999
293.001
293
293
293.001
293.001
293.001
293.001
293.001
293.002
293.001
293.002
293.001
293.001
293
293.001
293.001
293.001
293
293.001
293
293
293
293
292.999
293
293.001
293
293
293
293
293
293
293
293
293.002
293.001
293.001
293.001
293.001
293.001
293.001
293.001
293.001
293.001
293.001
293.001
293
293
292.999
293
293
293
292.999
293
292.999
292.998
293
292.999
293
292.999
293
292.999
292.999
292.999
293
293
293.001
293
293.001
293.001
293.001
293.001
293.001
293.001
293.001
293.001
293.001
292.999
292.999
292.999
293
292.999
293
292.999
292.998
704.572
928.733
1006.39
909.238
745.787
668.205
633.496
618.33
547.56
452.903
333.432
270
270
375.177
283.93
270
358.271
512.276
577.534
574.977
565.238
566.527
577.086
580.789
577.488
570.21
559.187
557.505
561.42
575.788
589.166
580.453
530.559
441.846
337.71
270
270
270
270
270
377.782
385.742
381.422
378.752
382.382
323.522
270
270
270
270
270
270
270
270
270
270
270
270
270
270
270
270
270
270
270
270
270
270
270
270
270
337.43
408.963
413.472
423.1
418.451
411.083
414.983
414.429
412.326
410.129
415.869
409.52
416.15
389.296
270
270
270
270
270
270
270
270
270
270
270
270
270
393.394
418.037
421.756
426.052
427.212
425.907
338.03
339.355
332.217
336.395
328.133
330.025
325.434
324.462
340.529
336.476
352.874
351.187
360.098
361.184
364.484
367.179
368.395
368.634
368.53
368.559
367.235
368.729
368.786
370.935
372.767
374.342
373.906
372.41
369.875
366.933
314.112
314.842
317.241
318.709
321.27
321.811
322.831
322.099
321.697
319.699
319.69
315.999
317.072
313.199
314.148
311.502
311.566
309.587
309.819
307.341
308.277
305.405
306.611
304.078
304.963
303.047
303.612
302.296
302.618
302.153
295.557
295.958
295.345
295.735
295.167
295.377
294.909
295.032
294.629
294.722
294.378
294.451
294.16
294.192
293.978
293.938
293.839
293.739
293.713
293.565
293.604
293.45
293.502
293.369
293.403
293.328
293.322
293.298
293.276
293.278
293.048
293.061
293.041
293.053
293.037
293.042
293.03
293.033
293.024
293.025
293.018
293.019
293.014
293.012
293.012
293.008
293.009
293.005
293.007
293.005
293.005
293.003
293.003
293.002
293.002
293.001
293.001
293
293
292.999
292.999
292.999
292.999
293
292.999
293
293
293
292.999
293.001
293.001
293.001
293
293
293.001
293
293
293.001
293
293.001
293.001
293
293
293
293
293
292.999
292.999
292.999
292.999
292.999
292.999
292.999
292.999
293
293
293
293
293
293.001
293.001
293.001
293.001
293
293.001
293.001
293.001
293
293.001
293.001
293
293
293
293
293
293
292.999
292.999
292.999
292.998
292.999
292.999
292.999
293
292.999
293
293
293
292.999
293.001
293.001
293.001
293
293
293
293
293
293
293
293.001
293.001
293
293
293
292.999
293
292.999
292.999
293
292.999
292.999
292.999
292.999
292.999
292.999
293
293
293
293
293.001
293.001
293
293
293
293
293
293.001
293
293
293
293
293
293
292.999
293
292.999
292.999
292.999
292.999
292.999
292.999
293
292.999
292.999
292.999
293
292.999
293
292.999
293
293
293
293
293
293
293
293
293.001
293.001
293
293
293
292.999
292.999
292.999
292.999
292.999
292.999
292.998
292.998
926.623
1057.99
1018.58
854.597
711.55
621.261
588.629
528.079
428.027
318.818
270
270
270
348.224
270
270
548.637
613.289
615.197
596.577
582.214
580.782
574.212
568.982
557.61
544.137
541.248
543.156
556.209
571.503
576.879
559.264
491.519
373.032
283.142
270
270
270
270
270
364.991
371.811
389.986
388.549
385.486
338.07
270
270
270
270
270
270
270
270
270
289.16
399.587
443.167
453.184
413.394
333.213
270
270
270
270
270
270
270
270
270
270
270
391.856
415.36
415.474
410.318
411.818
409.909
407.388
405.589
406.261
403.625
391.095
310.702
270
270
270
270
270
270
270
270
270
270
270
270
270
270
270
396.684
419.101
425.342
426.81
428.802
342.601
341.264
345.893
337.495
337.293
330.87
328.432
328.063
338.065
334.276
353.753
346.443
360.052
357.848
362.586
364.209
366.244
367.779
368.387
367.606
367.983
367.064
367.826
369.179
371.348
372.99
373.708
372.187
370.861
366.652
314.751
316.291
317.809
319.888
320.722
322.334
322.789
323.257
322.169
321.348
319.68
318.222
316.277
315.17
313.626
312.13
312.088
309.437
310.51
307.384
308.564
305.764
306.359
304.67
304.349
303.661
302.867
302.786
301.987
302.235
296.33
295.927
296.348
295.509
295.834
295.147
295.413
294.803
295.037
294.496
294.716
294.252
294.437
294.026
294.189
293.828
293.976
293.672
293.794
293.546
293.641
293.446
293.522
293.377
293.398
293.343
293.308
293.308
293.271
293.277
293.086
293.06
293.072
293.049
293.055
293.038
293.042
293.03
293.032
293.023
293.024
293.017
293.018
293.012
293.013
293.01
293.008
293.008
293.006
293.006
293.004
293.005
293.002
293.002
293.001
293.001
293.001
293.001
293
292.999
292.999
292.999
292.999
293
292.999
293
292.999
293
293
293.001
293
293.001
293
293.001
293
293.001
293
293
293
293.001
293
293.001
293
293
292.999
293
293
292.999
292.999
292.998
292.999
292.999
292.999
292.999
293
292.999
293
293
293.001
293
293.001
293
293
293
293.001
293
293
293
293
293.001
293
293
292.999
293
292.999
293
292.999
292.999
292.999
292.999
292.999
292.999
292.999
293
292.999
293
292.999
293
293
293.001
293
293
293
293
293
293
293
293
293
293.001
293
293.001
292.999
293
292.999
293
293
292.999
292.999
292.999
293
292.999
293
293
292.999
293
292.999
293
293
293.001
293
293
293
293
293
293
293
293
293.001
293
293.001
293
293
292.999
293
292.999
293
292.999
292.999
292.999
292.999
292.999
292.999
293
292.999
293
292.999
293
293
293.001
293
293.001
293.001
293.001
293.001
293.001
293.001
293.001
293.001
293
293
293
292.999
293
292.999
292.999
292.998
292.999
292.999
292.999
1093.28
1079.7
913.087
721.629
608.556
574.554
562.057
463.717
351.63
273.382
270
270
270
270
270
360.865
610.619
627.432
611.342
599.61
591.908
577.088
568.517
554.139
539.213
531.051
527.447
532.519
547.736
558.285
550.343
506.821
326.954
270
270
270
270
270
270
270
270
270
392.053
395.148
396.034
349.538
270
270
270
270
270
270
270
270
270
393.8
511.232
550.962
545.231
530.657
512.295
460.531
324.835
270
270
270
270
270
270
270
270
270
304.36
409.723
400.984
409.703
410.837
407.674
404.651
403.834
388.509
272.27
270
270
270
270
270
270
270
270
270
270
270
270
270
270
270
270
270
270
401.238
424.352
428.97
431.445
346.584
348.27
351.856
351.516
345.119
340.644
333.952
339.537
345.496
319.267
355.885
345.728
356.336
356.616
361.448
362.873
365.237
366.814
367.27
367.925
366.876
366.824
366.802
368.19
369.672
371.529
372.715
372.612
372.744
365.722
318.502
315.845
320.326
318.152
321.815
321.963
323.364
323.138
323.177
321.41
321.279
317.811
318.594
314.265
315.677
311.48
313.077
309.389
310.752
307.568
308.575
305.884
306.64
304.276
305.147
302.856
303.797
301.926
302.753
301.742
294.895
296.895
295.304
296.449
295.312
295.838
295.085
295.325
294.801
294.813
294.562
294.472
294.311
294.195
294.103
293.949
293.918
293.759
293.756
293.608
293.627
293.479
293.516
293.387
293.426
293.317
293.352
293.272
293.297
293.256
293.05
293.091
293.049
293.072
293.045
293.052
293.038
293.038
293.028
293.029
293.021
293.022
293.015
293.015
293.01
293.01
293.008
293.006
293.007
293.004
293.005
293.002
293.002
293.002
293.001
292.999
293
293
293
292.999
292.999
292.999
292.999
292.999
292.998
292.998
292.999
292.999
292.999
293
293
293
293
292.999
292.999
292.999
293
292.999
293
293
293
292.999
292.999
293
292.998
292.998
292.999
292.999
292.999
292.998
292.998
292.999
292.999
292.999
292.998
292.998
293
292.999
292.999
293
293
293
292.999
293
292.999
292.999
292.999
292.999
293
293
293
292.999
292.999
293
292.998
292.998
292.999
292.999
292.999
292.998
292.999
292.999
292.999
292.999
292.998
292.998
292.999
292.999
292.999
293
293
293
293
292.999
292.999
292.999
292.999
292.999
293
293
293
292.999
292.999
293
292.998
292.998
292.999
292.999
292.999
292.998
292.999
292.999
292.999
292.999
292.999
292.998
292.999
292.999
292.999
292.999
293
293
292.999
292.999
292.999
292.999
292.999
292.999
293
293
293
292.999
292.999
292.999
292.999
292.998
292.999
292.999
292.999
292.999
293
292.999
292.999
292.999
292.999
292.999
292.999
292.999
292.999
293
292.999
293
292.999
292.999
293
293
293
293
293
293
292.999
292.999
293
292.999
292.999
292.999
292.999
292.998
292.998
292.998
1105.64
1015.45
848.359
685.012
590.22
562.32
550.168
411.787
344.975
297.758
270
270
270
270
270
270
270
502.777
597.469
592.176
599.364
597.092
585.729
581.516
565.505
550.743
531.338
518.124
520.991
525.716
533.527
533.638
514.379
346.023
270
270
270
270
270
270
270
270
270
270
389.542
396.53
398.857
401.566
394.011
383.472
270
270
270
270
270
270
270
270
270
377.362
438.401
432.563
411.974
435.784
469.83
500.456
499.212
453.907
353.261
270
270
270
270
270
270
270
270
305.426
381.729
407.32
405.816
407.19
409.23
407.266
396.655
380.253
270
270
270
270
270
270
270
270
270
270
270
270
270
270
270
270
270
270
270
270
272.992
409.275
416.68
408.064
360.398
397.666
387.435
385.866
390.11
376.949
376.474
362.931
348.186
340.819
345.337
323.753
349.327
347.735
355.914
357.238
361.037
361.445
363.873
364.999
366.968
366.837
367.138
366.548
366.565
366.986
368.078
369.531
370.643
368.732
360.501
356.555
327.86
336.744
322.053
316.227
314.831
322.161
321.705
323.866
323.636
323.915
323.058
322.639
321.055
319.418
318.281
315.705
315.251
312.677
312.544
310.326
310.309
308.128
308.484
306.027
306.851
304.189
305.258
302.772
303.533
301.707
301.422
300.488
299.864
298.354
298.539
296.894
297.543
295.959
296.636
295.428
295.906
295.018
295.333
294.684
294.837
294.417
294.48
294.144
294.224
293.907
294.014
293.723
293.837
293.585
293.681
293.481
293.543
293.389
293.44
293.32
293.351
293.262
293.277
293.215
293.211
293.14
293.156
293.085
293.112
293.061
293.079
293.046
293.055
293.037
293.036
293.03
293.027
293.021
293.018
293.016
293.012
293.013
293.008
293.009
293.006
293.007
293.004
293.005
293.002
293.003
293.001
293.001
293
293.001
293
293.001
292.998
292.998
293
292.999
293
293
292.999
292.999
292.999
293
293
293.001
293
293
293
293
293
293
293
293
293
293.001
293
293
292.999
293
292.999
292.999
292.999
293
292.999
293
292.997
292.997
293
292.999
293
292.999
293
292.999
292.999
292.999
293
293
293.001
293
293
293
293
293
293
293
293
293
293
293
292.999
292.999
292.999
292.999
293
293
292.999
293
292.998
292.998
293
292.999
293
293
292.999
292.999
292.999
292.999
293
293
293
293
293
293
293
293
293
293
293
293
293
293
292.999
293
292.999
293
293
293
292.999
293
292.998
292.997
293
292.999
293
293
293
292.999
292.999
292.999
292.999
293
293
293
293
293
293
293
293
293
293
293
293
293
293
293
292.999
292.999
293
293
293
293
292.998
292.997
293
292.999
293
292.999
292.999
293
293
293
293
293.001
293.001
293
293
293
293.001
293.001
293.001
293
293
293.001
293
293
293
293
292.999
293
293
292.999
292.999
292.999
292.996
292.998
1021.64
952.49
817.419
666.264
568.797
543.861
535.273
409.377
369.161
344.792
311.308
270
270
270
270
270
377.396
531.249
565.031
547.271
553.902
576.167
584.876
575.716
563.246
536.547
512.437
504.233
509.291
516.348
516.335
515.247
443.885
270
270
270
270
270
270
270
270
270
270
270
377.585
383.822
384.742
390.276
389.673
384.523
371.339
270
270
270
270
270
270
270
270
270
270
270
270
270
270
345.416
464.38
513.49
510.997
462.477
299.277
270
270
270
270
270
270
270
303.515
355.968
379.023
384.901
384.797
371.147
336.203
303.969
270
270
270
270
270
270
270
270
270
270
270
270
270
270
270
270
270
270
270
270
270
342.799
405.409
405.365
377.749
370.715
369.496
368.472
359.053
366.388
356.676
358.875
348.312
349.517
338.243
332.991
341.2
352.719
353.242
360.069
359.45
362.007
362.225
364.641
365.401
366.76
366.494
366.588
366.083
366.122
366.534
367.462
366.594
365.606
360.139
358.928
339.324
331.589
326.629
324.071
324.123
322.165
324.351
323.562
324.58
323.791
323.81
322.227
322.231
319.087
319.809
315.17
316.669
312.045
313.688
309.688
311.248
307.646
309.144
305.763
307.206
304.113
305.33
302.597
303.796
301.056
302.313
299.843
300.674
297.917
298.754
296.956
297.454
296.203
296.54
295.634
295.758
295.214
295.243
294.767
294.893
294.39
294.592
294.099
294.318
293.879
294.076
293.713
293.874
293.575
293.71
293.467
293.578
293.378
293.46
293.309
293.372
293.241
293.3
293.191
293.232
293.129
293.161
293.092
293.11
293.069
293.073
293.054
293.053
293.037
293.043
293.026
293.032
293.019
293.023
293.013
293.016
293.009
293.011
293.006
293.008
293.004
293.005
293.002
293.004
293.001
293.002
293
293
293
292.999
292.999
292.999
292.999
292.998
292.999
292.999
292.999
292.999
292.999
292.999
292.999
293
292.999
293
292.999
293
293
293
293
293
293
293
292.999
292.999
292.999
292.999
292.999
292.999
292.999
292.999
292.998
292.998
292.998
292.998
292.998
292.998
292.998
292.998
292.999
292.999
292.999
292.999
292.999
292.999
292.999
292.999
292.999
292.999
293
293
293
293
293
292.999
292.999
292.999
293
292.999
292.999
292.999
292.999
292.999
292.998
292.998
292.998
292.998
292.998
292.998
292.998
292.999
292.999
292.999
292.999
292.999
293
292.999
292.999
292.999
292.999
292.999
293
293
293
292.999
292.999
292.999
292.999
292.999
292.999
292.999
292.999
292.999
292.999
292.999
292.998
292.998
292.998
292.998
292.998
292.998
292.998
292.999
292.999
292.999
292.999
292.999
292.999
292.999
292.999
292.999
292.999
292.999
293
293
293
292.999
293
292.999
292.999
292.999
292.999
293
292.999
292.999
292.999
292.999
292.999
292.999
292.998
292.999
292.999
292.999
292.999
292.999
293
292.999
292.999
293
292.999
292.999
292.999
293
293
293
293
292.999
292.999
292.999
292.999
293
293
293
292.999
292.999
292.998
292.999
292.999
292.999
292.998
292.999
292.998
292.999
292.997
881.466
879.831
774.578
628.203
542
537.329
536.913
463.924
391.393
414.119
405.322
380.516
398.433
380.339
408.56
439.519
498.698
522.624
521.799
555.83
560.158
568.021
581.867
569.992
535.769
508.17
503.568
502.661
488.25
479.337
499.342
498.731
342.84
270
270
270
270
270
270
270
270
270
270
270
270
270
270
270
270
270
270
270
270
270
270
270
270
270
270
270
270
270
270
270
270
270
329.363
472.379
523.573
520.424
474.736
298.235
270
270
270
270
270
270
270
270
270
270
270
270
270
270
270
270
270
270
270
270
270
270
270
270
270
270
270
270
270
270
270
270
270
270
270
270
331.715
396.404
393.244
388.771
374.95
367.168
368.335
354.894
363.647
348.905
352.728
342.496
351.076
349.152
343.037
356.371
354.821
358.904
360.147
361.082
362.926
363.352
365.294
365.73
366.414
366.02
365.587
365.257
365.214
364.415
365.5
364.624
358.436
351.616
350.841
326.924
335.867
325.034
325.209
325.868
324.293
325.547
324.383
324.645
323.442
323.301
321.401
320.831
319.331
316.301
316.472
312.86
313.537
310.147
311.114
308.04
308.915
306.176
306.933
304.374
305.284
302.63
303.74
301.069
302.142
299.808
300.489
298.249
298.781
297.22
297.504
296.453
296.609
295.784
295.957
295.22
295.455
294.763
295.021
294.411
294.652
294.136
294.34
293.927
294.076
293.763
293.865
293.621
293.695
293.502
293.559
293.401
293.458
293.315
293.376
293.246
293.297
293.193
293.229
293.137
293.164
293.1
293.116
293.074
293.088
293.052
293.068
293.039
293.048
293.032
293.031
293.025
293.023
293.018
293.018
293.012
293.013
293.009
293.009
293.007
293.005
293.006
293.004
293.003
293.002
293.002
293.001
293
293.001
292.999
293
293
292.999
293
292.999
293
293
293
293
293.001
293
293.001
293
293.001
293.001
293.001
293.001
293.001
293.001
293.001
293
293.001
293
293.001
293.001
293
293
293
293
292.999
292.999
292.999
292.999
292.999
292.999
292.999
292.999
293
293
293
293
293.001
293.001
293
293.001
293.001
293.001
293.001
293.001
293.001
293.001
293.001
293.001
293.001
293.001
293.001
293.001
292.999
293.001
293
293
292.999
292.999
292.999
292.999
292.999
292.999
293
292.999
293
293
293.001
293
293.001
293.001
293
293
293.001
293.001
293.001
293.001
293.001
293.001
293.001
293
293.001
293
293.001
293.001
293
293
293
293
292.999
293
292.999
292.999
293
292.999
293
292.999
293
293
293
293
293.001
293.001
293.001
293
293.001
293.001
293.001
293.001
293.001
293.001
293.001
293.001
293
293.001
293.001
293.001
293.001
293.001
293.001
293.001
293
293
293
293
293
293
293
293
293.001
293
293
293
293
293
293.001
293.001
293.001
293
293
293.001
293.001
293.002
293.001
293.001
293.001
293.001
293.001
293.001
293.001
293
293
293
293
292.999
292.999
293
292.999
735.215
769.128
689.151
568.745
526.999
533.199
542.966
529.591
481.361
470.254
474.637
456.507
463.668
446.721
464.548
478.7
485.848
495.592
512.972
518.109
552.899
545.812
514.678
518.246
513.365
492.798
476.876
457.384
465.116
495.957
490.414
456.363
291.74
270
270
270
270
270
270
270
270
270
270
270
270
270
270
270
270
270
270
270
270
270
270
270
270
270
270
270
270
270
270
270
270
270
363.276
481.368
515.553
518.6
511.649
458.28
297.564
270
270
270
270
270
270
270
270
270
270
270
270
270
270
270
270
270
270
270
270
270
270
270
270
270
270
270
270
270
270
270
270
270
270
270
270
270
323.21
364.308
363.046
355.584
347.84
351.896
345.139
360.402
351.249
356.809
349.814
355.968
351.486
358.536
357.321
359.443
359.141
361.709
362.484
363.777
364.389
365.591
365.814
365.457
365.461
364.299
363.589
364.101
362.159
360.164
358.53
348.924
352.62
333.669
337.293
330.054
329.468
325.483
326.773
325.185
325.787
324.376
324.53
322.568
322.675
319.664
320.368
315.762
317.478
312.543
314.22
310.123
311.388
308.023
309.138
306.039
307.262
304.138
305.559
302.448
303.875
300.93
302.254
299.586
300.723
298.126
299.179
297.05
297.964
296.293
297.002
295.664
296.231
295.144
295.62
294.734
295.116
294.419
294.694
294.172
294.343
293.959
294.086
293.765
293.898
293.604
293.736
293.485
293.592
293.387
293.478
293.304
293.387
293.237
293.305
293.184
293.236
293.135
293.175
293.097
293.129
293.071
293.095
293.053
293.067
293.042
293.047
293.032
293.035
293.022
293.028
293.015
293.02
293.01
293.014
293.008
293.01
293.005
293.007
293.003
293.004
293.002
293.002
293
293.002
293
293
292.999
292.999
292.999
292.999
292.999
292.999
293
292.999
292.999
292.999
292.999
293
293
293
293
293
293
293
293
293
293
293
293
293
293
293
293
292.999
292.999
292.999
292.998
292.998
292.998
292.998
292.998
292.998
292.998
292.998
292.999
292.998
292.999
292.999
293
293
293
292.999
293
293
293
293
293
292.999
293
293
293
293
293
293
292.999
292.999
292.999
292.999
292.998
292.998
292.998
292.998
292.998
292.998
292.998
292.998
292.999
292.999
292.999
292.999
293
293
292.999
293
293
293
292.999
293
293
293
293
293
293
293
293
293
293
292.999
292.999
292.999
292.998
292.998
292.998
292.998
292.998
292.998
292.998
292.998
293
292.999
292.999
292.999
292.999
293
293
292.999
293
293
293
293
293
292.999
293
293
293
293
293
293
293
292.999
292.999
293
292.999
292.999
292.999
292.999
292.999
293
292.999
292.999
293
292.999
292.999
292.999
292.999
293
293
293
293
293
293
293
293
293
293
293.001
293
293
293
293
293
293
293
292.999
292.999
292.999
292.999
293
292.999
580.781
625.156
585.904
527.752
516.002
530.129
537.819
542.307
527.397
505.092
494.997
478.689
464.101
450.774
446.033
438.206
446.972
452.132
481.523
511.689
507.416
517.756
509.091
476.559
468.23
469.313
461.395
474.313
476.106
467.886
463.976
446.355
270
270
270
270
270
270
270
270
270
270
270
270
270
270
270
270
270
270
270
270
270
270
270
270
270
270
270
270
270
270
270
270
270
386.558
460.323
492.278
501.874
497.838
500.223
495.564
450.521
320.018
270
270
270
270
270
270
270
270
270
270
270
270
270
270
270
270
270
270
270
270
270
270
270
270
270
270
270
270
273.946
270
270
270
270
270
270
270
270
270
270
270
270
270
270
318.249
362.738
356.649
364.085
356.329
355.92
361.667
358.997
360.156
359.697
361.026
362.63
363.712
364.294
365.043
365.243
365.48
364.365
363.745
363.051
360.849
360.516
359.548
357.813
349.371
353.299
341.774
334.102
337.841
328.918
330.243
326.386
327.311
325.401
325.443
323.751
323.484
321.722
321.095
319.878
316.484
317.26
312.999
314.269
310.257
311.612
307.967
309.412
305.968
307.437
304.19
305.533
302.591
303.778
301.037
302.16
299.66
300.659
298.331
299.198
297.315
297.924
296.529
296.94
295.84
296.195
295.292
295.571
294.87
295.066
294.521
294.673
294.215
294.373
293.959
294.139
293.762
293.929
293.616
293.746
293.492
293.605
293.391
293.488
293.31
293.389
293.245
293.305
293.191
293.239
293.139
293.183
293.104
293.134
293.079
293.095
293.061
293.069
293.046
293.053
293.033
293.041
293.024
293.03
293.019
293.021
293.015
293.015
293.011
293.011
293.008
293.008
293.005
293.005
293.003
293.003
293.002
293.001
293.002
293.001
293.001
293
293.001
293
293.001
293
293
293
293
293
293
293.001
293.001
293.002
293.002
293.002
293.002
293.002
293.002
293.002
293.002
293.002
293.002
293.002
293.001
293.001
293
293
293
293
293
293.001
293.001
293
293
293
293.001
293
293
293
293
293
293.001
293.001
293.002
293.002
293.002
293.002
293.002
293.002
293.002
293.002
293.002
293.002
293.002
293.002
293.001
293.001
293
293
293
293
293
293
293.001
293.001
293
293.001
293.001
293
293
293
293
293
293.001
293.001
293.002
293.002
293.002
293.002
293.002
293.002
293.002
293.002
293.002
293.002
293.002
293.002
293.001
293.001
293.001
293
293
293
293
293.001
293
293
293
293.001
293.001
293
293
293
293
293
293
293.001
293.001
293.002
293.002
293.002
293.002
293.002
293.001
293.002
293.002
293.002
293.002
293.002
293.002
293.002
293
293.001
293
293.001
293.001
293
293.001
293.001
293.001
293.001
293.001
293.001
293.001
293.001
293.001
293.001
293.001
293.001
293.001
293.002
293.002
293.002
293.003
293.002
293.003
293.002
293.003
293.002
293.002
293.002
293.002
293.002
293.002
293.001
293.001
293
293.001
293
293
293.001
293
506.581
523.157
514.431
507.36
511.476
519.578
524.418
525.238
529.438
498.625
483.473
476.616
436.807
422.25
423.776
442.075
458.447
477.705
485.109
491.975
500.173
479.049
477.721
483.221
466.086
449.437
456.487
454.442
453.185
461.61
467.064
442.46
271.387
270
270
270
270
270
270
270
270
270
270
270
270
270
270
270
270
270
270
270
270
270
270
270
270
270
270
270
270
270
270
355.023
436.06
455.999
460.898
465.585
468.925
473.523
472.475
480.53
486.729
462.326
375.715
270
270
270
270
270
270
270
270
270
270
270
270
270
270
270
270
270
270
270
270
270
270
270
270
270
270
279.764
281.913
274.219
270
270
270
270
270
270
270
270
270
270
270
270
270
270
328.19
368.543
361.833
368.146
359.339
364.187
361.066
359.693
360.578
360.5
362.514
363.223
364.478
364.671
365.361
365.025
363.811
362.771
361.323
360.676
358.515
358.874
353.874
352.572
351.18
343.86
337.244
341.621
328.503
334.419
326.966
327.664
326.883
324.382
325.193
322.236
323.074
319.346
320.742
315.925
317.871
312.634
314.887
309.915
312.052
307.8
309.593
305.968
307.428
304.245
305.509
302.551
303.829
300.977
302.228
299.588
300.732
298.308
299.339
297.267
298.133
296.46
297.138
295.806
296.314
295.272
295.673
294.833
295.169
294.475
294.762
294.185
294.429
293.955
294.153
293.775
293.925
293.627
293.746
293.503
293.6
293.403
293.477
293.321
293.382
293.25
293.306
293.192
293.239
293.144
293.182
293.11
293.134
293.081
293.1
293.059
293.076
293.043
293.056
293.031
293.041
293.025
293.03
293.019
293.022
293.014
293.016
293.01
293.013
293.005
293.007
293.003
293.005
293.003
293.002
293.002
293.002
293.001
293.001
293.002
293.001
293.001
293.001
293.001
293.001
293
293
293
293
293.001
293
293
293
293.001
293.002
293.001
293.002
293.002
293.001
293.002
293.001
293
293
293
293
293
293
293
293
293
293
293.001
293
293
293.001
293
293
293
293
292.999
293
293
293
293
293
293.002
293.002
293.001
293.002
293.002
293.001
293.002
293.002
293
293
293
293.001
293
293
293
293
293.001
293.001
293.001
293
293
293.001
293
293
293
293
292.999
293
293.001
293
293
293
293.001
293.001
293.001
293.001
293.002
293.001
293.002
293.002
293
293
293
293
293.001
292.999
293
293
293
293.001
293.001
293
293
293
293.001
293.001
293.001
293
293
293
293
293
293
293
293.001
293.002
293.001
293.002
293.001
293.001
293.001
293.002
293.001
293
293
293.001
293.001
293
293.001
293.001
293.001
293
293
293
293
293
293
293.001
293.001
293.001
293
293.002
293.001
293.001
293
293.001
293.001
293.002
293.002
293.002
293.003
293.003
293.003
293.001
293.002
293.001
293.001
293.001
293.001
293.001
293.001
293
293
293
293
292.999
293
477.376
483.4
490.431
493.728
507.527
518.443
516.318
515.023
506.354
503.977
493.869
475.115
472.955
439.016
449.445
449.116
453.504
455.369
464.511
464.99
466.054
470.163
460.786
451.065
457.516
465.611
457.758
451.473
454.993
458.907
460.67
452.383
333.402
270
270
270
270
270
270
270
270
270
270
270
270
270
270
270
270
270
270
270
270
270
270
270
270
270
270
270
270
270
398.004
443.231
451.164
445.599
446.234
443.803
443.208
443.807
454.202
458.424
461.862
465.984
473.835
446.464
402.829
333.749
270
270
270
270
270
270
270
270
270
270
270
270
270
270
270
270
270
270
317.479
324.126
270
270
270
270
270
270
270
270
270
270
270
270
270
270
270
270
270
270
270
270
270
354.408
379.389
370.084
371.504
359.164
361.813
359.184
359.751
360.692
361.573
362.885
363.765
364.766
364.81
364.081
363.43
362.965
360.235
359.262
358.931
356.198
353.312
353.919
349.035
344.857
343.628
339.74
332.756
333.566
328.318
328.414
326.576
325.044
324.895
322.694
323.119
319.552
320.834
315.965
318.052
312.706
314.942
310.046
312.004
307.927
309.525
306.076
307.418
304.284
305.567
302.566
303.847
301.002
302.225
299.624
300.726
298.386
299.339
297.361
298.125
296.538
297.127
295.858
296.336
295.3
295.695
294.858
295.175
294.504
294.754
294.216
294.411
293.986
294.136
293.794
293.92
293.636
293.744
293.511
293.599
293.406
293.48
293.32
293.384
293.251
293.302
293.193
293.236
293.147
293.182
293.109
293.137
293.08
293.104
293.058
293.075
293.045
293.054
293.033
293.04
293.024
293.03
293.017
293.023
293.013
293.016
293.008
293.011
293.005
293.007
293.003
293.005
293.002
293.003
293.002
293.002
293
293
293.001
293
292.999
293
292.999
292.999
293
293
292.999
292.999
293
293
292.999
293
293
293.001
293
293.001
293.001
293
293
293
293
293
293
293
292.999
292.999
293
293
292.999
292.999
293
292.999
292.999
293
292.999
292.999
293
293
292.999
292.999
293
293
292.999
293
293
293
293
293.001
293.001
293
293.001
293.001
293
293
292.999
293
292.999
292.999
293
293
292.999
292.999
293
293
293
293
292.999
292.999
293
293
292.999
292.999
293
292.999
293
293
293
293
293
293.001
293.001
293
293
293.001
293
293
293
293
292.999
292.999
293
293
292.999
292.999
293
292.999
293
292.999
292.999
292.999
293
293
292.999
292.999
293
293
293
293
293
293
293
293.001
293.001
293
293
293.001
293
293
293
293
293
293
293
292.999
292.999
292.999
292.999
292.999
292.999
292.999
292.999
292.999
293.001
293.001
293
293
293.001
293
293
293
293
293.001
293.001
293.001
293.001
293.001
293.002
293.001
293.001
293
293
293.001
293
293
293
292.999
292.999
292.999
293
292.999
292.998
484.96
481.562
485.674
494.592
498.838
507.584
515.466
504.997
504.29
497.497
482.698
487.287
461.848
437.522
440.869
431.206
430.803
435.023
437.887
444.237
444.099
446.41
451.345
455.616
451.994
446.744
451.928
446.746
454.716
448.718
459.06
459.381
417.243
275.219
270
270
270
270
270
270
270
270
270
270
270
270
270
270
270
270
270
270
270
270
270
294.232
278.949
270
275.258
314.693
367.627
422.393
432.878
435.642
438.831
447.516
443.794
446.964
440.924
441.647
436.281
432.977
430.961
442.749
439.261
454.428
454.768
450.833
431.233
439.848
380.15
469.284
427.781
541.794
502.221
477.078
431.11
423.227
416.417
423.097
421.814
421.326
440.311
422.441
416.838
410.971
409.852
281.126
270
270
270
270
270
270
270
270
270
270
270
270
270
270
270
270
270
270
270
270
270
349.007
363.375
372.721
351.366
362.884
352.132
360.357
359.314
359.465
360.791
361.097
362.254
363.718
364.266
364.667
361.853
361.638
360.918
359.414
357.252
357.526
353.468
354.613
347.077
349.755
339.073
340.626
335.575
329.41
331.871
326.054
328.15
324.09
325.43
322.084
323.225
319.379
320.821
316.118
318.011
312.817
314.969
310.045
312.109
307.857
309.646
305.989
307.541
304.22
305.647
302.534
303.888
300.977
302.259
299.599
300.773
298.373
299.422
297.34
298.222
296.508
297.211
295.832
296.389
295.289
295.725
294.857
295.196
294.504
294.77
294.215
294.429
293.98
294.153
293.787
293.931
293.633
293.752
293.507
293.603
293.405
293.484
293.319
293.385
293.25
293.305
293.193
293.238
293.147
293.183
293.109
293.139
293.08
293.103
293.059
293.076
293.044
293.056
293.033
293.042
293.023
293.029
293.017
293.023
293.013
293.015
293.008
293.011
293.006
293.008
293.003
293.005
293.002
293.003
293.001
293.001
293
293.001
292.999
293.001
293
292.999
293
292.999
292.999
292.999
292.999
292.999
292.999
292.999
293
293
293
293
293
293.001
293.001
293
293
293
293.001
293
292.999
292.999
292.999
292.999
292.999
292.999
292.999
293
292.999
293
293
292.999
293
292.999
292.999
292.999
292.999
292.999
292.999
292.999
293
293
293
293
293
293.001
293.001
293
292.999
293
293.001
293.001
292.999
292.999
292.999
292.999
292.999
292.999
292.999
293
292.999
293
293
292.999
293
292.999
292.999
292.999
292.999
292.999
292.999
292.999
293.001
293.001
293
293
293
293.001
293.001
293
293
293
293
293
292.999
292.999
292.999
292.999
292.999
292.999
292.999
293
292.999
293
293
292.998
293
292.999
292.999
292.999
292.999
292.999
292.999
292.999
293
293.001
293
293
293
293.001
293.001
293
293
293
293.001
293.001
293
292.999
293
292.999
292.999
292.999
292.998
292.999
292.999
292.999
292.999
292.999
293
292.999
292.999
293
292.999
292.999
293
293.001
293
293.001
293.001
293.001
293
293.001
293.001
293
293.001
293.001
293.001
293
293
293
293
293
293
292.999
292.999
292.998
292.999
292.998
292.998
)
;

boundaryField
{
    wand
    {
        type            zeroGradient;
    }
    frontAndBack
    {
        type            empty;
    }
}


// ************************************************************************* //
