/*--------------------------------*- C++ -*----------------------------------*\
| =========                 |                                                 |
| \\      /  F ield         | OpenFOAM: The Open Source CFD Toolbox           |
|  \\    /   O peration     | Version:  2.1.1                                 |
|   \\  /    A nd           | Web:      www.OpenFOAM.org                      |
|    \\/     M anipulation  |                                                 |
\*---------------------------------------------------------------------------*/
FoamFile
{
    version     2.0;
    format      ascii;
    class       volScalarField;
    location    "0.008000000";
    object      cSound;
}
// * * * * * * * * * * * * * * * * * * * * * * * * * * * * * * * * * * * * * //

dimensions      [0 1 -1 0 0 0 0];

internalField   nonuniform List<scalar> 
12384
(
1136.4
1132.59
1128.12
1123.75
1121.85
1121.27
1122.1
1123.65
1126.57
1129.76
1134.17
1140.07
1145.28
1150.78
1092.39
1100.88
1114.37
1120.45
1121.78
1121.71
1121.98
1121.67
1121.67
1120.15
1119.44
1117.42
1116.18
1113.65
1111.97
1109.47
1107.84
1106.16
1105.3
1104.22
1103.74
1103.19
1103.01
1102.96
1103.09
1103.88
1104.93
1103.35
1089.35
1075.16
1125.54
1125.35
1123.9
1123.75
1123.29
1122.91
1122.64
1122.44
1122.2
1121.78
1121.14
1120.62
1120.19
1119.83
1119.73
1119.75
1119.74
1119.76
1119.94
1119.91
1120.4
1120.57
1121.4
1121.99
1123.2
1123.95
1124.95
1125.46
1124.84
1124.82
1120
1119.36
1119.12
1119.31
1119.62
1119.79
1120.12
1120.52
1120.88
1121.26
1121.7
1122.05
1122.2
1122.1
1121.86
1121.5
1120.99
1120.46
1120.4
1120.09
1119.89
1119.98
1120.01
1119.83
1119.29
1119.15
1118.88
1118.49
1118.16
1117.96
1121.11
1121.44
1122.11
1122.91
1123.26
1123.1
1122.67
1122.46
1121.65
1120.9
1120.06
1119.64
1119.35
1119.17
1119.41
1119.72
1120.67
1121.63
1122.43
1122.21
1121.53
1119.76
1119.01
1118.17
1117.46
1116.37
1116.36
1116.72
1117.22
1117.51
1126.54
1131.08
1131.73
1129.94
1128.82
1127.98
1127.38
1126.92
1126.65
1126.45
1126.41
1126.35
1126.41
1126.38
1126.22
1125.98
1125.95
1125.72
1125.1
1125.19
1125.43
1125.49
1125.74
1126.22
1126.66
1127.39
1127.22
1124.77
1123.91
1124.05
1113.33
1118.49
1118.9
1118.06
1117.2
1115.62
1114.34
1112.69
1111.57
1110.51
1109.95
1109.55
1109.3
1109.09
1108.74
1108.39
1107.93
1107.67
1107.39
1107.42
1107.07
1107.66
1108.26
1109.21
1110.62
1111.97
1104.56
1077.93
1078.13
1079.28
1127.05
1133.39
1134.06
1133.44
1132.73
1132.43
1132.37
1132.35
1132.12
1131.93
1131.5
1131.23
1130.25
1130.58
1130.16
1130.55
1131.23
1131.66
1132.14
1133.17
1133.04
1124.63
1121.24
1122.02
1123.18
1123.79
1124.75
1125.05
1124.95
1124.84
1134.45
1134.69
1135.06
1135.47
1135.55
1135.5
1135.31
1134.92
1134.11
1133.64
1132.54
1132.54
1131.67
1131.77
1131.83
1132.14
1132.41
1132.76
1133.18
1138.13
1140.63
1140.52
1140.33
1140.26
1140.28
1140.68
1141.4
1142.04
1141.96
1142.01
1133.58
1134.74
1135.92
1137.1
1138.2
1138.61
1138.6
1138.22
1137.39
1136.59
1135.69
1134.9
1134.22
1134.36
1133.77
1135.46
1135.52
1137.52
1137.72
1137.98
1140.19
1143.04
1143.72
1144.57
1145.04
1145.91
1146.34
1146.01
1145.51
1145.45
1145.21
1145.64
1145.8
1146.3
1146.75
1146.99
1147.02
1146.84
1146.48
1146.05
1145.92
1145.78
1146.35
1146.83
1147.24
1148.26
1152.35
1152.22
1151.46
1151.01
1150.67
1150.02
1149.95
1149.25
1149.44
1148.75
1149.23
1148.82
1149.21
1149.77
1135.58
1133.96
1134.72
1140.68
1143.39
1143.48
1144.14
1144.63
1144.77
1144.84
1145.03
1144.8
1145.46
1144.96
1146.02
1145.72
1146.65
1146.46
1146.78
1146.94
1146.62
1146.89
1146.74
1146.59
1146.78
1146.82
1147.56
1148.02
1148.1
1147.68
1164.02
1161.42
1158.2
1155.7
1154.63
1153.74
1159.4
1187.5
1200.78
1197.6
1194.11
1190.08
1188.69
1185.55
1185.16
1182.27
1181.74
1179.41
1179.04
1177.6
1178.45
1178.68
1181.62
1183.2
1186.74
1188.47
1191.01
1190.98
1190.88
1184.74
1128.36
1119.15
1111.06
1108.57
1108.81
1110.65
1112.3
1114.19
1116.04
1118.78
1123.85
1131.4
1141.61
1149.81
1093.02
1104.01
1117.74
1124.12
1127.05
1128.39
1129.85
1129.28
1128.3
1125.56
1123.49
1120.72
1117.73
1112.99
1109.48
1106.43
1105.15
1103.51
1103
1101.81
1101.45
1100.93
1100.56
1100.38
1100.69
1101.58
1103.25
1104.29
1100.93
1091.99
1125.64
1125.17
1124.19
1123.52
1123.3
1123.04
1122.8
1122.04
1120.74
1119.32
1118.17
1117.71
1117.91
1118.43
1119.13
1119.58
1119.86
1120.06
1120.11
1120.45
1120.52
1120.7
1121.16
1121.48
1122.31
1123.38
1124.23
1125.18
1125.77
1125.82
1119.96
1119.19
1118.93
1119.04
1119.25
1119.52
1119.83
1120.42
1121.2
1121.89
1122.26
1122.02
1121.34
1120.47
1119.43
1118.37
1117.74
1117.26
1116.93
1117.11
1117.75
1118.38
1119.06
1119.56
1119.63
1119.29
1119.18
1118.89
1118.53
1118.26
1121
1121.07
1121.74
1122.61
1122.48
1120.84
1119.18
1118.08
1116.97
1115.94
1115.18
1114.48
1113.63
1113.8
1114.17
1114.97
1116.18
1117.99
1119.63
1121.19
1121.61
1120.97
1119.6
1117.62
1115.05
1112.81
1112.92
1114.06
1115.96
1116.45
1127.36
1131.52
1131.34
1129.26
1127.93
1126.81
1126.14
1125.58
1125.21
1125.09
1125.11
1125.31
1125.31
1124.99
1124.71
1124.62
1124.45
1124.3
1124.67
1125.11
1125.11
1125.35
1125.63
1125.84
1126.27
1126.84
1127.26
1126.38
1124.87
1124.04
1113.95
1119.26
1119.14
1118.24
1116.2
1113.88
1111.3
1109.08
1107.79
1107.26
1106.97
1107.35
1107.64
1107.65
1107.27
1106.84
1106.72
1106.47
1106.24
1106.11
1106.14
1106.18
1106.65
1107.42
1108.68
1110.77
1109.03
1095.75
1081.25
1079.33
1126.25
1133.12
1133.72
1132.49
1131.92
1132.12
1132.17
1132.12
1132.08
1132.05
1131.85
1131.53
1131.52
1131.31
1131.4
1131.39
1131.52
1131.9
1132.28
1132.73
1133.49
1130.12
1123.39
1120.22
1122.12
1123.54
1125.52
1126.94
1127.3
1126.54
1134.27
1134.39
1135.3
1135.65
1135.49
1135.09
1134.41
1133.37
1132.12
1131.04
1129.83
1128.95
1128.36
1128.23
1128.77
1129.56
1130.65
1131.62
1132.31
1135.2
1138.92
1140.36
1139.15
1138.14
1137.72
1137.95
1138.88
1140.7
1142.23
1142.29
1133.11
1134
1135.5
1138.23
1139.65
1139.47
1138.21
1136.25
1134.31
1132.47
1130.59
1129.28
1128.51
1127.74
1128.47
1129.51
1131.23
1133.49
1135.46
1137.12
1138.6
1140.55
1142.07
1142.68
1143.18
1145.11
1147.39
1148.19
1146.85
1145.67
1145.65
1145.52
1145.9
1147.17
1147.54
1147.52
1146.89
1145.85
1144.72
1143.69
1142.89
1142.81
1143.21
1144.19
1145.18
1146.78
1149.98
1152.47
1151.83
1150.73
1150.07
1149.33
1149.57
1148.9
1149.43
1148.72
1149.1
1148.76
1149.16
1149.84
1140.22
1139.76
1141.45
1143.06
1143.55
1143.87
1144.42
1144.84
1145.22
1145.46
1145.68
1146.1
1146.18
1146.42
1146.45
1146.16
1146.2
1145.57
1145.85
1145.57
1145.63
1145.51
1144.97
1144.52
1144.16
1144.3
1145.25
1146.69
1148.1
1147.76
1173.17
1163.36
1155.26
1151.88
1152.35
1158.12
1181.59
1198.48
1199.16
1194.93
1192.41
1189.75
1189.54
1188.14
1187.7
1185.96
1184.43
1181.41
1178.63
1175.38
1173.43
1172.39
1174.48
1176.92
1180.81
1184.22
1189.28
1190.72
1190.47
1183.79
1114.12
1105.52
1103.72
1106.15
1110.59
1114.43
1117.43
1119.85
1121.82
1121.84
1122.99
1126.14
1136.1
1148.39
1093.32
1105.99
1120.7
1128.19
1131.3
1132.8
1132.58
1129.06
1124.06
1120.48
1119.63
1118.64
1115.09
1109.94
1107.5
1105.39
1105.41
1104.64
1105.24
1104.77
1104.46
1103.41
1102.22
1101.08
1100.26
1100.16
1101.11
1103.12
1103.81
1098.42
1125.41
1125.03
1124.58
1124.77
1125.67
1126.3
1124.82
1121.38
1117.85
1115.2
1115.27
1116.95
1119.27
1120.86
1121.82
1122.18
1122.32
1122.53
1122.58
1122.46
1122.57
1122.17
1122.18
1122
1122.28
1122.72
1123.59
1124.49
1125.51
1126.06
1119.74
1119.02
1118.83
1118.93
1118.99
1119.2
1119.58
1119.92
1120.68
1121.52
1121.54
1120.09
1118.68
1117.32
1116.33
1115.43
1114.39
1113.35
1112.93
1113.01
1113.64
1114.89
1116.45
1117.79
1118.7
1119.21
1119.16
1118.98
1118.81
1118.47
1120.88
1120.69
1121.76
1121.72
1119.38
1117.74
1116.6
1115.64
1114.49
1113.34
1112.35
1111.36
1110.96
1110.33
1110.48
1111.28
1112.76
1114.4
1116.39
1118.28
1120.19
1120.77
1120.39
1118.7
1115.82
1112.65
1112.53
1113.55
1115.62
1116.31
1127.71
1131.92
1131.58
1130.01
1129.44
1128.85
1127.59
1125.76
1124.94
1124.66
1125.09
1125.13
1124.5
1123.64
1123.35
1123.42
1124.16
1124.84
1126.19
1126.55
1126.87
1127.05
1127.12
1126.83
1126.51
1126.51
1126.88
1126.9
1125.82
1124.47
1114.42
1119.56
1119.57
1118.19
1116.51
1114.14
1112.1
1109.71
1108.35
1107.52
1107.14
1106.98
1107.1
1107.28
1107.54
1107.83
1108.04
1108.26
1108.44
1108.59
1107.8
1107.69
1107.29
1107.19
1107.58
1109.05
1110.04
1106.08
1092.07
1081.09
1124.36
1132.57
1133.48
1132.09
1132.72
1132.88
1132.61
1132.45
1132.69
1132.85
1132.98
1133.41
1133.5
1133.24
1133.11
1133.29
1133.2
1132.96
1132.83
1132.83
1133.27
1132.65
1127.47
1120.69
1119.01
1120.59
1124.05
1127.7
1129.02
1128.21
1133.82
1135.01
1135.85
1135.69
1135.32
1134.49
1133.31
1131.76
1129.94
1128.55
1126.16
1125.23
1124.18
1124.44
1125.04
1126.64
1127.99
1129.51
1130.91
1132.56
1136.08
1139.21
1138.98
1137.69
1136.69
1136.36
1136.75
1138.3
1141.93
1142.83
1132.77
1133.08
1135.54
1139.74
1140.37
1139.12
1136.19
1133.35
1130.64
1128.33
1126.56
1124.67
1123.27
1122.8
1122.47
1123.74
1126.59
1128.38
1131.88
1134.27
1136.57
1138.4
1140.18
1141.26
1140.93
1142.56
1146.69
1149.72
1149.25
1146.58
1145.29
1145.07
1146.4
1147.72
1147.97
1147.03
1145.34
1143.25
1141.06
1139.21
1138.22
1138.04
1138.96
1140.3
1142.18
1144
1146.72
1150.38
1151.77
1150.62
1149.49
1148.99
1149.73
1149.84
1150.67
1149.95
1150.15
1149.17
1149.45
1149.96
1142.67
1143.49
1143.82
1143.52
1143.82
1144.47
1145.32
1146.16
1147.3
1148.6
1149.99
1151.36
1152.1
1152.19
1152.06
1151.13
1150.04
1148.32
1147.01
1146.02
1145.97
1145.9
1145.02
1144.04
1143.25
1142.99
1143.26
1145.57
1147.34
1147.94
1174.29
1159.43
1152.11
1152.56
1159.03
1177.09
1196.47
1200.03
1197.57
1195.11
1194.91
1195.51
1196.94
1196.5
1196.58
1195.31
1193.88
1191.09
1188.16
1183.02
1177.8
1172.98
1173.07
1175.52
1178.68
1180.36
1188.02
1189.99
1188.84
1181.58
1101.26
1102.1
1107.27
1114.05
1120.27
1123.36
1124.52
1124.92
1126.27
1128.37
1127.95
1126.89
1132.64
1146.61
1093.18
1106.13
1122.17
1130.59
1133.69
1134.1
1130.17
1121.22
1111.8
1108.04
1111.93
1114.9
1111.5
1107.68
1106.92
1106.26
1107.14
1107.26
1108.27
1108.17
1108.02
1107.26
1105.74
1103.71
1101.67
1100.35
1100.17
1101.54
1103.53
1100.48
1125.3
1125
1125.11
1126.67
1128.07
1127.96
1125.26
1118.69
1113.17
1112.66
1116.23
1120.46
1122.69
1122.93
1122.84
1122.09
1121.45
1121.03
1121.06
1121.41
1121.88
1122.32
1123.07
1122.66
1122.95
1122.78
1123.35
1124.01
1125
1125.96
1119.59
1118.87
1118.93
1119.46
1119.83
1119.61
1119.41
1119.75
1120.23
1120.86
1120.47
1118.29
1117.12
1116.39
1115.44
1113.89
1112.12
1111
1110.31
1110.1
1110.08
1111.15
1113.17
1115.46
1117.3
1118.37
1118.92
1118.97
1118.89
1118.57
1120.78
1120.38
1122.04
1119.17
1117.33
1116.41
1115.58
1114.36
1112.87
1111.29
1109.8
1108.41
1107.27
1107.12
1106.99
1107.72
1109.08
1111.11
1113.15
1115.54
1117.83
1119.91
1120.26
1119.64
1117.62
1114.94
1115.24
1115.56
1117.72
1118.6
1127.75
1132.38
1132.74
1132.49
1133.6
1133.75
1131.05
1127
1124.88
1124.56
1125.1
1124.63
1123.15
1122.02
1122.15
1123.37
1125.23
1127.21
1129.25
1129.86
1130.92
1130.85
1130.09
1129.16
1127.91
1126.98
1126.88
1126.91
1126.27
1124.86
1114.65
1120
1119.71
1118.56
1117.45
1116.12
1114.33
1112.91
1111.24
1109.74
1108.35
1107.42
1107.1
1107.23
1107.77
1108.41
1109.24
1110.05
1110.54
1110.49
1110.59
1109.88
1109.11
1108.1
1107.58
1108.12
1109.53
1108.66
1099.79
1086.46
1121.87
1131.45
1132.91
1133.38
1134.22
1133.3
1132.57
1132.63
1133.21
1133.82
1134.53
1135.04
1134.94
1135.3
1135.56
1135.21
1135.08
1134.57
1134.11
1133.23
1133.41
1133.44
1130.35
1123.33
1118.17
1117.92
1121.6
1126.72
1130.32
1129.74
1134.55
1135.97
1135.98
1135.8
1135.46
1134.28
1132.39
1130.14
1127.47
1124.85
1122.07
1120.93
1120.11
1119.73
1120.51
1121.9
1124.5
1127.4
1129.12
1130.89
1133.54
1137.65
1139.39
1137.93
1136.64
1136.33
1136.73
1137.11
1140.14
1142.46
1132.42
1132.5
1137.9
1141.89
1141.02
1138.03
1134.25
1130.77
1127.83
1125.07
1122.3
1119.7
1117.43
1116.49
1117.39
1118.33
1120.39
1123.65
1128.05
1131.15
1133.93
1136.37
1138.41
1139.87
1140.35
1141.24
1145.74
1150.09
1150.39
1147.09
1145.15
1145.12
1147.4
1148.38
1147.65
1145.76
1143.05
1139.67
1136.6
1133.89
1130.98
1131.17
1132.92
1136.11
1138.3
1140.92
1143.87
1147.47
1150.13
1150.22
1148.6
1148.86
1150.42
1150.96
1151.78
1150.87
1150.58
1149.59
1149.76
1150.18
1144.18
1144.67
1143.95
1143.82
1144.62
1145.64
1147.07
1149.18
1151.64
1154.23
1156.26
1157.73
1158.27
1158.74
1157.79
1156.77
1155.08
1153.02
1149.84
1147.88
1146.48
1146.73
1145.38
1143.85
1142.41
1141.52
1142.26
1144.44
1147.15
1147.59
1173.67
1159.17
1158.89
1162.46
1174.68
1192.6
1201.61
1199.78
1198.45
1197.86
1199.4
1200.23
1200.07
1199.32
1199.12
1197.85
1197.01
1195.91
1193.59
1190.24
1185.18
1177.72
1173.1
1174.28
1179.2
1177.65
1182.35
1186.55
1184.42
1178.98
1101.43
1108.27
1117.29
1125.47
1131.59
1133.75
1132.62
1128.9
1126.68
1128.49
1131.24
1129.9
1132.26
1145.21
1092.77
1104.36
1121.34
1131.45
1134.31
1133.53
1125.48
1111.05
1098.08
1096.56
1107.25
1111.88
1108.93
1107.13
1107.58
1107.46
1108.84
1109.49
1111.09
1111
1111.09
1110.11
1108.93
1106.85
1104.24
1101.6
1100.19
1100.74
1102.76
1101.17
1125.3
1125.19
1125.56
1127.84
1129.76
1129.23
1123.76
1113.35
1110.17
1114.61
1120.85
1123.17
1123.13
1121.8
1120.39
1119.07
1118.24
1117.75
1117.71
1118.27
1119.27
1120.47
1122.11
1122.66
1123.5
1123.31
1123.37
1123.78
1124.61
1125.76
1119.43
1118.86
1119.51
1120.42
1120.61
1120.4
1119.71
1119.34
1119.87
1120.47
1119.29
1117.51
1117.17
1116.42
1114.5
1112.14
1110.13
1107.87
1106.17
1105.36
1105.93
1107.49
1109.93
1112.68
1115.48
1117.36
1118.35
1118.74
1118.8
1118.59
1120.82
1120.39
1120.26
1117.28
1116.74
1116.04
1114.91
1113.39
1111.45
1109.41
1107.46
1105.92
1104.9
1104.25
1104.61
1104.95
1106.1
1107.94
1110.32
1112.89
1115.62
1118.05
1120.01
1119.9
1118.8
1117.4
1117.45
1117.21
1119.46
1120.98
1127.41
1132.87
1134.43
1135.81
1138.98
1140.24
1135.63
1128.57
1124.95
1124.47
1125.09
1123.97
1121.81
1120.99
1122.15
1124.49
1127.2
1130.38
1132.35
1134.38
1135.49
1135.25
1134.21
1132.4
1130.45
1128.09
1127.18
1126.95
1126.42
1124.99
1114.67
1120.31
1120.35
1119.15
1118.57
1117.77
1117.05
1115.77
1114.71
1112.6
1109.79
1107.54
1107.05
1107.11
1107.66
1108.98
1110.43
1111.63
1112.41
1113.26
1113.16
1112.92
1111.46
1109.62
1107.96
1107.7
1108.89
1109.37
1104.35
1089.67
1119.32
1131.21
1132.62
1135.51
1135.14
1133.23
1132.45
1132.84
1133.95
1135.06
1135.92
1136.18
1136.86
1137.13
1136.9
1136.9
1136.44
1136.05
1135.44
1134.01
1133.83
1133.66
1132.04
1126
1119.03
1117.86
1120
1125.28
1131.03
1130.65
1136.1
1135.95
1136.12
1136.2
1135.88
1134.1
1131.44
1128.56
1124.71
1122.01
1119.26
1118.13
1116.68
1116.99
1117.29
1118.57
1120.92
1124.1
1127.68
1129.35
1131.8
1135.89
1138.91
1138.76
1137.57
1136.52
1136.69
1137.3
1139.35
1143
1132.1
1133.64
1141.69
1144.17
1141.42
1136.66
1132.33
1128.77
1125.57
1121.58
1118.2
1115.13
1114.03
1113.27
1112.4
1113.51
1115.56
1118.43
1123.44
1128
1131.58
1134.29
1136.61
1138.6
1139.32
1140.58
1145.35
1151.04
1151.69
1148.46
1145.16
1146.87
1149.35
1148.46
1146.72
1144.16
1140.12
1135.63
1130.9
1126.75
1124.98
1123.6
1124.74
1128.74
1133.92
1137.87
1141.15
1144.82
1147.95
1149.02
1148.05
1148.9
1151.09
1151.73
1152.15
1151.34
1151.07
1150.35
1150.42
1150.62
1144.7
1144.87
1144.15
1144.56
1145.81
1147.58
1150.06
1153.08
1156.34
1159.16
1161.48
1162.66
1162.54
1163.2
1161.5
1160.58
1158.57
1156.22
1153.46
1149.8
1147.35
1147.3
1146.11
1143.56
1142.27
1141.2
1141.82
1144.06
1147.05
1148.37
1173.7
1164.2
1169.76
1175.62
1188.55
1200.2
1202.7
1200.34
1200.33
1200.31
1201.71
1200.49
1198.48
1198.2
1196.87
1196.52
1196.94
1196.25
1194.85
1192.47
1190.05
1184.41
1175.88
1170.52
1178.45
1179.77
1175.68
1178.11
1178.06
1176.88
1110.39
1117.52
1128.7
1137.76
1142.81
1144.17
1142.46
1136.15
1128.63
1127.82
1132.02
1132.44
1132.84
1144.85
1092.33
1101.19
1117.53
1129.58
1133.21
1131.35
1120.07
1101.16
1088.02
1090.85
1106.65
1110.23
1107.99
1107.4
1108.01
1108.2
1110.67
1112.57
1114.87
1115.22
1114.75
1113.2
1111.4
1109.36
1106.61
1103.28
1100.7
1100.37
1102.25
1101.23
1125.16
1125.38
1125.86
1128.72
1130.65
1128.4
1118.42
1107.96
1110.95
1119.64
1123.2
1123.38
1121.34
1119.29
1117.74
1116.85
1116.39
1116.32
1115.98
1116.36
1116.76
1118.24
1120.21
1121.8
1123.08
1123.61
1123.58
1123.74
1124.39
1125.56
1119.39
1119.02
1119.99
1120.89
1121.08
1120.66
1120.1
1119.25
1119.25
1120
1118.86
1117.69
1117.57
1116.18
1113.37
1110.85
1107.24
1104.45
1102.6
1102.47
1103
1104.22
1106.7
1109.94
1113.18
1116.02
1117.7
1118.4
1118.6
1118.51
1120.71
1120.95
1117.78
1116.93
1116.68
1115.82
1114.5
1112.67
1110.25
1107.88
1105.72
1103.96
1103.25
1102.84
1102.27
1103.14
1103.93
1105.48
1107.56
1110.75
1113.62
1116.63
1118.82
1119.64
1119.51
1118.37
1118.89
1118.11
1121.25
1123.64
1126.78
1133.08
1136.17
1138.61
1142.75
1144.93
1139.37
1130
1124.87
1124.41
1125.11
1123.15
1121.09
1120.75
1122.38
1125.69
1129.21
1132.55
1135.49
1138.35
1139.25
1138.96
1137.7
1135.11
1132.9
1130.04
1127.69
1126.96
1126.47
1124.94
1114.3
1120.97
1121.48
1120.81
1119.9
1119.48
1118.76
1118.77
1117.62
1115.36
1111.77
1108.13
1106.83
1106.67
1107.52
1109.37
1111.05
1112.96
1114.78
1115.53
1115.51
1114.52
1113.39
1111.44
1109.13
1107.58
1108.16
1109.03
1105.66
1090.51
1117.67
1132.5
1134.13
1137.22
1135.7
1132.8
1132.45
1133.22
1134.76
1136.17
1136.83
1137.53
1138.67
1138.46
1139.11
1138.72
1138.13
1137.2
1137.07
1134.69
1134.36
1133.91
1133.01
1127.94
1121.42
1118.9
1120.35
1125.13
1131.17
1131.83
1136.36
1136.21
1136.47
1136.86
1136.28
1134.05
1130.7
1126.94
1122.78
1120.34
1117.03
1114.66
1113.03
1112.63
1113.84
1115.74
1118.52
1121.32
1124.98
1128.34
1130.67
1134.28
1138.4
1139.44
1138.05
1136.3
1137.11
1137.97
1138.86
1142
1132.4
1137.54
1145.66
1145.84
1141.33
1135.58
1130.92
1127.28
1123.2
1118.76
1115.42
1112.57
1110.38
1108.61
1108.59
1110.14
1111.84
1114.99
1119.03
1124.52
1129.17
1132.64
1134.86
1137.16
1138.33
1140.07
1145.05
1151.69
1152.25
1148.69
1146.71
1150.56
1150.03
1148.08
1146.14
1142.51
1137.45
1132.04
1126.24
1121.65
1117.94
1116.64
1117.69
1122.58
1128.1
1134.56
1138.63
1142.52
1146.17
1147.74
1147.42
1149.28
1151.28
1151.88
1151.66
1151.22
1150.83
1151.02
1151.47
1151.41
1145.05
1144.93
1144.54
1145.49
1147.27
1149.78
1152.95
1156.72
1160.03
1162.74
1164.28
1165.55
1165.36
1165.64
1163.98
1163.18
1159.7
1158.26
1155.26
1152.43
1148.25
1148.16
1147.06
1144.25
1142.55
1141.77
1142.2
1144.63
1147.77
1147.93
1174.82
1170.22
1180.23
1186.82
1197
1203.19
1202.9
1201.65
1201.89
1201.06
1201.26
1197.9
1195.3
1194.41
1193.02
1194.62
1195.31
1196.5
1195.66
1193.17
1190.21
1188.36
1182.42
1169.17
1170.59
1184.33
1179.23
1175.21
1176.72
1177.95
1115.53
1126.44
1140.34
1147.35
1148.98
1148.74
1147.95
1142.96
1132.15
1127.33
1131.72
1134.12
1134.32
1145.12
1092.09
1097.28
1110.56
1123.09
1127.9
1124.4
1110.87
1091.56
1082.65
1090.43
1108.07
1109.27
1107.55
1107.43
1107.92
1109.36
1113.1
1115.84
1118.36
1118.88
1118.3
1115.82
1113.24
1110.83
1108.2
1104.42
1101.11
1100.25
1102.01
1101.09
1125.32
1125.73
1126.46
1129.36
1131.03
1125.5
1110.26
1105.57
1115.27
1122.92
1123.6
1121.93
1119.52
1117.99
1116.82
1116.17
1115.63
1115.19
1115.26
1115.85
1115.75
1117.24
1118.46
1120.91
1122.41
1123.67
1123.8
1123.8
1124.26
1125.41
1119.45
1119.17
1120.39
1121.62
1121.97
1121.48
1120.61
1119.62
1118.66
1119.47
1118.82
1118.16
1117.66
1115.91
1113
1109.6
1105.76
1102.98
1101.24
1100.84
1100.98
1102.16
1104.78
1107.96
1111.58
1114.63
1116.84
1117.91
1118.42
1118.4
1120.48
1119.79
1117.04
1116.99
1116.4
1115.5
1114.31
1112.19
1109.58
1106.91
1104.57
1102.83
1102.16
1101.45
1101.72
1101.45
1102.53
1104.18
1105.57
1109.43
1112.05
1115.15
1117.97
1119.19
1119.58
1118.99
1119.3
1118.72
1122.37
1124.96
1126.08
1132.25
1137
1140.31
1144.57
1145.19
1140.27
1130.62
1124.84
1124.44
1125.07
1122.77
1120.84
1120.52
1122.68
1126.48
1130.32
1133.93
1138.08
1140.87
1142.63
1142.91
1141.15
1138.11
1134.31
1131.53
1128.49
1127.04
1126.3
1124.87
1114
1121.44
1123.08
1123.25
1122.86
1121.4
1120.96
1120.41
1119.75
1118.17
1113.95
1108.85
1106.63
1106.49
1107.47
1109.33
1111.47
1113.89
1115.09
1115.91
1116.2
1115.64
1113.9
1111.79
1109.37
1107.85
1107.95
1108.87
1105.97
1091
1117.23
1133.98
1136.93
1139.3
1135.79
1132.72
1132.28
1133.89
1135.2
1137.02
1137.47
1138.29
1139.53
1139.4
1139.9
1139.56
1139.18
1138.35
1137.42
1135.36
1135.38
1134.04
1133.45
1129.72
1123.65
1121.28
1122.56
1126.56
1132.09
1132.84
1136.17
1135.92
1136.85
1137.34
1136.8
1134.17
1130.41
1126.01
1121.82
1119.21
1114.54
1112.5
1110.15
1110.15
1110.78
1112.9
1116.88
1119.12
1123.42
1127.76
1129.53
1133.28
1137.84
1139.47
1138.79
1137.07
1137.68
1138.92
1139.21
1142.39
1133.94
1142.48
1148.71
1146.96
1141.29
1134.68
1130.07
1126.49
1121.63
1116.96
1113.42
1109.9
1106.96
1106.07
1105.84
1107.22
1108.41
1113.17
1115.95
1122.03
1127.39
1131.14
1133.74
1135.77
1137.58
1139.65
1146.16
1153.04
1152.95
1149.64
1151.47
1152.73
1149.65
1147.98
1145.75
1140.84
1135.61
1129.03
1122.27
1116.43
1111.29
1109.12
1110.67
1116.84
1124.35
1130.77
1136.6
1140.84
1144.49
1146.84
1146.99
1149.68
1150.74
1150.56
1149.39
1148.77
1148.29
1148.68
1149.04
1150.89
1145.35
1145.14
1145.07
1146.71
1149
1151.92
1155.55
1159.52
1162.66
1164.71
1165.83
1166.74
1166.3
1167.22
1165.33
1164.54
1160.68
1158.37
1155.83
1153.88
1149.71
1148.39
1148.62
1144.85
1143.85
1143.05
1143.68
1146.29
1147.99
1149.01
1176.75
1175.06
1188.02
1194.82
1201.34
1204.32
1203.74
1202.41
1203.07
1200.52
1198.77
1195.17
1191.55
1190.11
1189.53
1191.51
1193.75
1196.02
1196.86
1194.23
1189.83
1187.54
1187.58
1174.72
1161.01
1179.33
1188.73
1182.26
1183.18
1185.96
1119.05
1135.48
1147.89
1149.62
1146.78
1145.91
1146.87
1144.74
1133.97
1127.71
1132.3
1135.68
1135.91
1146.35
1091.94
1094.52
1103.01
1113.05
1117.56
1112.55
1098.73
1084.04
1081.41
1093.78
1109.15
1108.95
1107.51
1106.96
1108.23
1110.41
1114.5
1117.78
1119.91
1120.7
1119.47
1116.82
1113.6
1111.49
1108.62
1104.47
1101.11
1100.55
1102.05
1100.92
1125.12
1125.93
1126.7
1129.64
1130.14
1119.45
1102.5
1107.38
1119.91
1123.55
1123.33
1120.63
1118.95
1117.64
1116.52
1116.01
1115.31
1115.14
1114.65
1115.31
1115.26
1116.74
1117.64
1120.19
1121.98
1123.43
1123.99
1123.94
1124.29
1125.37
1119.54
1119.35
1120.63
1122.17
1122.29
1121.61
1120.56
1119.41
1118.68
1119.58
1118.95
1118.01
1118
1116.37
1112.76
1109.45
1105.64
1102.16
1100.38
1099.76
1099.85
1100.77
1103.38
1106.57
1110.68
1113.65
1116.19
1117.45
1118.1
1118.33
1120.82
1119.04
1117.3
1117.27
1116.68
1115.55
1114.16
1112.11
1109.43
1106.57
1104.08
1102.29
1101.43
1101.21
1101.09
1101.53
1101.56
1103.31
1104.63
1108.29
1111.07
1114.22
1117.24
1119.07
1119.53
1119.48
1119.42
1119.95
1124.07
1126.42
1125.32
1130.38
1136.14
1140.68
1144.23
1144.32
1138.76
1129.68
1124.51
1124.66
1125.38
1122.59
1120.86
1120.68
1122.71
1126.68
1130.66
1134.52
1139.45
1142.4
1144.41
1144.48
1142.51
1140.05
1135.46
1131.97
1129.08
1127.18
1126.02
1124.64
1112.83
1121.79
1124.99
1126.41
1126.61
1125.16
1123.21
1122
1121.07
1119.74
1116.04
1109.37
1106.49
1106.22
1106.98
1108.97
1111.64
1113.29
1114.81
1116.8
1116.98
1116.03
1114.31
1111.9
1109.36
1107.55
1108
1108.5
1105.39
1088.02
1118.03
1133.7
1140.39
1141.16
1136.25
1132.58
1132.5
1133.97
1135.75
1136.62
1138.48
1138.76
1140.44
1140.12
1140.69
1140.49
1139.41
1139.45
1137.5
1136.76
1135.67
1134.12
1134.17
1130.76
1125.76
1124.58
1124.99
1129.85
1133.99
1133.85
1135.99
1135.95
1136.47
1137.59
1137.35
1134.73
1130.53
1125.88
1121.91
1118.4
1113.57
1111.16
1108.59
1108.91
1109.78
1111.6
1114.37
1118.69
1122.72
1126.18
1129.26
1132.75
1136.92
1139.45
1139.27
1137.32
1137.87
1139.82
1140.09
1142.08
1137.95
1147.01
1150.43
1147.37
1141.65
1134.39
1129.76
1125.94
1121.04
1115.98
1112.51
1108.97
1106.21
1105.77
1104.8
1106.58
1106.66
1111.83
1114.37
1120.52
1125.8
1129.98
1132.95
1134.81
1136.88
1139.68
1147
1153.2
1152.7
1149.73
1155.71
1153.65
1150.13
1148.37
1145.46
1139.69
1133.78
1126.85
1119.53
1113.52
1107.24
1105.99
1106.67
1112.79
1120.74
1128.76
1135.35
1139.71
1143.43
1145.88
1146.92
1149.77
1149.95
1149.52
1148.6
1148.33
1147.96
1146.89
1146.64
1147.21
1145.45
1145.68
1145.78
1147.62
1150.42
1153.56
1157.05
1160.76
1163.76
1165.51
1166.28
1166.88
1166.49
1167.71
1165.64
1165.12
1160.68
1158.25
1155.03
1154.49
1150.59
1148.91
1149.83
1146.33
1144.84
1144.88
1145.8
1147.15
1148.72
1148.5
1179.59
1179
1190.39
1199.8
1203.37
1205.3
1204.21
1202.71
1203.17
1200.14
1196.37
1193.6
1188.84
1188.53
1187.38
1189.92
1192.33
1195.46
1197.28
1195.36
1189.58
1185.78
1187.68
1183.64
1159.1
1160.86
1185.51
1188.92
1187.02
1187.17
1123.41
1142.83
1150.52
1145.7
1140.52
1141.25
1144.19
1141.86
1132.5
1128.97
1134.49
1137.33
1139.35
1144.84
1129.91
1107.82
1093.13
1093.04
1096.37
1102.54
1104.53
1099.28
1088.68
1081.18
1082.36
1098.34
1109.83
1108.52
1107.53
1106.76
1108.06
1111.06
1114.21
1117.35
1119.36
1119.43
1118.34
1115.64
1113.39
1110.79
1107.46
1103.4
1100.9
1100.7
1101.8
1100.23
1102.67
1117.04
1125.2
1126.38
1127.68
1130.26
1126.6
1106.39
1098.21
1111.66
1122
1123.54
1122.67
1120.52
1119.06
1117.94
1116.69
1116.28
1115.29
1115.05
1114.5
1115.31
1115.24
1116.78
1117.53
1120.16
1121.84
1123.57
1124.02
1123.96
1124.18
1125.13
1125.02
1122.61
1119.94
1119.36
1120.71
1122.46
1122.78
1122.43
1121.23
1119.8
1118.28
1119.11
1119.17
1118.3
1118.41
1116.64
1113.54
1110.56
1106.1
1102.84
1101.03
1099.96
1100.2
1100.78
1103.25
1106.42
1110.12
1113.34
1115.66
1117.13
1117.89
1118.29
1120.96
1120.08
1119.76
1117.22
1117.4
1117.48
1116.92
1115.84
1114.42
1112.51
1109.9
1106.7
1104.57
1102.3
1101.24
1100.85
1100.8
1101.46
1101.06
1103.15
1104.23
1108.05
1110.58
1113.87
1116.89
1118.95
1119.35
1119.57
1119.49
1121.75
1126.06
1127.45
1127.91
1127.71
1125.2
1128.25
1133.85
1138.68
1141.51
1140.74
1134.99
1127.94
1124.45
1124.83
1125.56
1123.04
1121.06
1120.8
1122.7
1126.32
1130.43
1134.54
1138.93
1142.13
1143.91
1144.58
1142.5
1139.81
1135.75
1131.85
1128.69
1127.02
1125.66
1124.3
1115.13
1109.14
1111.94
1120.87
1126.29
1129.6
1131.44
1129.97
1127.53
1124.91
1122.99
1121.18
1117.85
1111.12
1107.12
1105.98
1106.53
1108.82
1110.72
1112.29
1114.34
1115.37
1115.52
1114.87
1113.33
1110.91
1108.82
1107.51
1107.84
1108.42
1104.86
1088.81
1119.22
1130.11
1121.81
1136.51
1144.66
1143.79
1136.8
1132.85
1132.57
1134.1
1135.87
1136.56
1138.69
1138.88
1141.08
1140.35
1141.07
1140.88
1139.75
1139.88
1138.05
1137.36
1135.35
1134.8
1134.3
1131.43
1128.28
1126.79
1128.35
1134.29
1135.64
1135.21
1135.37
1135.11
1135.37
1135.15
1135.57
1136.77
1137.77
1135.77
1131.24
1126.5
1122.46
1118.85
1113.96
1111.54
1109.06
1108.58
1109.54
1110.89
1114.36
1118.65
1122.08
1126.27
1129.18
1132.42
1136.93
1139.37
1138.77
1136.98
1138.29
1140.45
1140.98
1142.08
1143.69
1144.95
1144.37
1150.81
1150.56
1147.49
1142.28
1134.81
1130.01
1126.28
1121.45
1116.31
1112.84
1109.23
1106.54
1105.55
1105.19
1106.33
1106.94
1111.57
1114.21
1120.1
1125.43
1129.39
1132.42
1134.21
1136.7
1141.06
1150.36
1153.25
1152.38
1153.74
1157.77
1157.64
1156.59
1154.04
1150.68
1148.59
1145.39
1139.41
1133.5
1126.59
1119.13
1112.5
1106.49
1105.1
1106.51
1112.45
1120.07
1128.15
1134.45
1139.25
1142.86
1145.38
1147.55
1149.93
1150.26
1150.13
1149.95
1150.67
1149.55
1147.97
1147.12
1146.33
1145.96
1145.54
1145.83
1146.03
1146.23
1148.33
1151.08
1154.38
1157.64
1160.9
1163.78
1165.49
1166.17
1166.66
1166.5
1167.12
1165.1
1163.93
1159.7
1156.8
1154.08
1153.59
1151.54
1148.66
1151.16
1148.18
1145.8
1146.56
1147.08
1148.4
1149.34
1151.52
1170.77
1181.01
1183.34
1184.46
1193.21
1202.66
1204.6
1205.8
1204.58
1203.45
1203.01
1199.79
1196.1
1193.55
1188.75
1188.61
1187.9
1189.83
1192.69
1196.08
1197.18
1195.32
1189.34
1184.34
1186.01
1187.43
1163.86
1144.52
1165.71
1177.34
1181.89
1200.19
1235.59
1243.06
1126.99
1146.79
1148.96
1140.37
1136.67
1139.03
1141.87
1138.29
1132.49
1133.15
1137.97
1140.29
1142.18
1138.35
1116.7
1099.26
1092.43
1092.54
1093.22
1094.7
1094.16
1089.83
1083.57
1080.89
1086.17
1102.46
1110.03
1108.55
1107.05
1106.69
1107.75
1109.9
1113.12
1114.91
1116.82
1116.54
1115.39
1113.65
1111.27
1108.49
1105.03
1102.23
1100.97
1101.03
1101.18
1103.54
1114.3
1122.39
1125.57
1127.61
1128.81
1129.56
1118.2
1094.22
1097.43
1113.82
1122.26
1123.7
1122.84
1120.92
1119.56
1118.4
1117.66
1116.68
1116.24
1115.82
1115.52
1115.85
1116.1
1117.47
1118.55
1120.83
1122.43
1124.04
1124.16
1124.08
1124.33
1125.16
1125.42
1123.44
1120.27
1119.52
1120.62
1122.47
1123.48
1123.11
1121.78
1120.26
1118.44
1118.46
1119.7
1118.65
1118.59
1117.88
1114.96
1111.61
1108.02
1104.64
1102.52
1101.6
1100.84
1102.04
1104.44
1107.31
1110.36
1113.37
1115.61
1116.85
1117.63
1118.1
1121.2
1120.29
1118.87
1116.81
1117.57
1117.8
1117.62
1116.37
1114.96
1113.24
1110.89
1107.97
1105.43
1103.37
1102.31
1101.37
1101.05
1101.2
1101.7
1103.51
1104.85
1108.35
1110.91
1114.2
1116.88
1118.78
1119.35
1119.86
1119.82
1124.48
1127.12
1127.46
1127.49
1127.15
1125.83
1126.68
1130.29
1133.98
1136.06
1134.56
1129.87
1125.79
1124.56
1125.28
1126.05
1123.66
1121.83
1121.14
1122.45
1125.61
1129.58
1133.58
1137.72
1141.16
1142.55
1142.4
1141.19
1138.72
1134.85
1130.96
1128.29
1126.68
1125.51
1123.23
1111.73
1108.11
1110.93
1119.59
1126.45
1130.66
1133
1132.82
1130.59
1127.24
1124.19
1122.31
1120.02
1113.28
1107.45
1106.08
1106.33
1107.91
1109.54
1110.85
1112.27
1113.65
1114.09
1113.2
1111.64
1109.7
1108.33
1107.5
1108.13
1107.52
1100.85
1092.23
1127.78
1133.1
1127.64
1141.25
1148.88
1147.11
1138.49
1133.4
1132.72
1134.05
1135.81
1136.53
1138.44
1138.56
1140.14
1140.06
1140.38
1140.19
1139.74
1139.84
1137.72
1137.28
1135.64
1135.15
1134.29
1132.65
1130
1128.34
1130.09
1134.91
1136.28
1135.68
1135.03
1134.86
1134.94
1134.41
1134.79
1135.83
1137.69
1136.83
1132.61
1128.18
1123.21
1120.41
1116.05
1112.62
1111.01
1110.47
1110.39
1112.06
1115.86
1119.05
1122.78
1126.69
1129.36
1132.61
1136.79
1139.01
1137.93
1137.35
1139.71
1141.99
1142.14
1141.97
1143.06
1145.21
1148.79
1151.67
1149.64
1147.07
1143.28
1135.89
1130.7
1126.86
1122.44
1117.88
1114.08
1110.82
1108.67
1106.71
1106.05
1107.06
1108.51
1112.07
1115.61
1121.03
1125.91
1129.55
1132.03
1134.07
1137.06
1143.92
1151.49
1152.45
1152.21
1155.73
1160.6
1159.93
1159.02
1156.48
1152.08
1149.16
1146.05
1140.36
1134.58
1128.11
1121.66
1115.61
1110.28
1107.94
1109.45
1115.17
1122.13
1129.02
1135.16
1139.41
1142.95
1145.46
1148.29
1150.02
1150.63
1151.12
1151.97
1152.77
1151.41
1150.55
1149.58
1148.1
1147.26
1146.71
1147.01
1146.89
1147
1148.64
1151.04
1154.07
1157.27
1159.95
1162.55
1164.56
1165.12
1166.03
1165.46
1165.4
1163.15
1161.28
1157.4
1154.61
1152.63
1152.76
1151.59
1148.47
1152.06
1150.99
1146.73
1147.6
1147.74
1149.51
1151.22
1156.22
1168.28
1180.31
1184.9
1189.52
1195.26
1203.81
1205.8
1206.1
1205.11
1204.33
1202.9
1200.34
1197.57
1194.81
1191.52
1190.81
1190.66
1192.42
1194.22
1196.9
1197.56
1193.7
1187.61
1183.19
1184.79
1188.04
1169.7
1135.77
1140.01
1152.97
1164.53
1196.98
1230.89
1238.48
1129.86
1148.41
1147.02
1138.06
1135.92
1138.59
1140.42
1137.88
1135.09
1137.23
1140.44
1142.76
1142.22
1132.1
1112.65
1096.81
1092.28
1092.49
1091.91
1091.04
1089.2
1086.43
1083.29
1083.57
1090.75
1105.14
1109.99
1108.55
1107.03
1106.12
1107.21
1108.25
1110.49
1112.08
1113.01
1113.1
1112.19
1110.31
1107.94
1105
1102.86
1101.39
1101.01
1102.33
1106.76
1115.32
1122.24
1125.1
1126.7
1128.84
1128.92
1125.35
1102.55
1087.2
1097.63
1114.26
1122.1
1123.48
1123.05
1121.58
1120.37
1119.56
1118.77
1118.23
1117.43
1117.22
1117.22
1117.72
1118.03
1119.19
1120.57
1122.08
1123.28
1124.14
1124.23
1124.18
1124.33
1125.11
1125.31
1123.29
1121.46
1119.74
1120.49
1122.09
1123.41
1123.29
1121.98
1120.42
1118.66
1118.24
1120.02
1118.95
1118.79
1118.75
1116.7
1113.54
1110.43
1107.38
1105.09
1104.04
1104.04
1104.56
1106.31
1108.68
1111.44
1113.95
1115.44
1116.58
1117.49
1118.13
1121.26
1119.96
1118.34
1117.04
1117.74
1117.97
1117.73
1117.15
1115.75
1114.28
1112.55
1109.91
1106.92
1104.39
1103.05
1102.65
1102.05
1102.55
1102.89
1104.54
1106.4
1109.47
1111.88
1114.86
1117.14
1118.84
1119.37
1119.83
1122.17
1125.59
1126.19
1126.77
1126.62
1125.81
1126.53
1126.08
1127.15
1128.92
1129.67
1128.25
1125.86
1124.58
1124.75
1125.93
1126.57
1124.54
1122.58
1121.71
1121.89
1124.81
1128.67
1131.76
1134.56
1137.79
1140.02
1139.98
1138.24
1135.74
1132.3
1129.72
1127.79
1126.22
1124.25
1119.47
1110.48
1107.98
1110.21
1117.75
1124.84
1129.35
1131.78
1131.99
1130.47
1127.86
1124.81
1122.62
1121.06
1115.74
1108.57
1106.53
1105.87
1106.95
1108.72
1109.96
1110.3
1110.64
1110.79
1110.75
1109.88
1108.72
1108.05
1107.99
1107.66
1105.09
1098.25
1107.08
1135.82
1136.56
1133.94
1145.32
1151.71
1150.29
1140.91
1134.34
1132.54
1133.93
1135.52
1136.4
1137.81
1138.56
1139.66
1139.99
1140.37
1140.26
1139.52
1139.07
1137.36
1137.2
1135.58
1135.22
1134.74
1133.21
1131.88
1129.27
1129.96
1134.73
1136.59
1136.11
1135.39
1134.78
1134.7
1134.84
1134.38
1134.71
1137.14
1137.98
1134.34
1130.06
1125.27
1122.1
1119.11
1115.64
1113.05
1112.64
1113.43
1115.19
1117.94
1120.57
1124.1
1127.54
1130.14
1133.2
1136.53
1138.15
1137.12
1137.84
1141.29
1143.19
1142.89
1142.23
1142.65
1145.27
1150.47
1150.77
1147.62
1145.87
1144.21
1137.78
1131.78
1128.36
1124.49
1120.07
1116.41
1113.03
1111.2
1109.61
1108.91
1110.31
1111.8
1114.01
1117.97
1123.01
1127.06
1129.95
1132.19
1134.49
1138.57
1147.16
1151.82
1152.26
1153.12
1157.37
1162.44
1162.02
1161
1158.37
1153.57
1149.74
1147.22
1142.18
1136.41
1130.54
1125.41
1119.56
1115.96
1114.76
1116.11
1120.15
1126.06
1131.19
1136.74
1140.25
1143.45
1146.26
1148.89
1150.4
1150.86
1151.78
1152.94
1153.14
1152.26
1152.31
1151.59
1150.49
1149.31
1147.57
1147.01
1147.13
1147.47
1148.53
1150.22
1152.53
1155.42
1157.91
1159.97
1161.63
1162.97
1163.44
1162.81
1162.13
1159.87
1156.84
1154.85
1151.52
1151.55
1151.54
1151.47
1147.76
1152.06
1154.5
1148.62
1147.54
1148.52
1149.63
1151.79
1154.93
1152.51
1161.25
1172.62
1185.82
1194.68
1200.14
1205.82
1206.84
1205.95
1205.15
1203.26
1201.59
1199.49
1197.65
1194.82
1194.68
1193.91
1195.26
1197.44
1197.73
1196.56
1191.32
1184.35
1181.68
1184.85
1187.15
1169.98
1131.04
1119.36
1127.41
1141.12
1182.59
1223.68
1233.71
1131.43
1148.89
1146.59
1138.01
1135.94
1138.12
1140.09
1139.03
1138.15
1139.08
1141.61
1144.86
1145.77
1138.06
1119.47
1098.23
1092.76
1092.54
1091.8
1090.52
1088.9
1087.1
1086.49
1088.83
1095.11
1106.61
1110.29
1108.5
1106.99
1105.94
1106.06
1106.85
1107.52
1108.61
1108.67
1108.65
1107.39
1105.88
1103.81
1102.49
1101.64
1101.86
1104.53
1110.37
1117.16
1123.11
1124.86
1126.94
1127.94
1128.98
1126.34
1113.2
1086.87
1084.8
1095.8
1112.65
1121.62
1123.46
1123.33
1122.52
1121.47
1120.72
1120.24
1119.68
1119.65
1119.58
1119.62
1119.88
1120.58
1121.12
1122.4
1123.06
1123.79
1124.1
1124.23
1124.29
1124.48
1124.84
1123.94
1121.45
1121.28
1120.13
1120.36
1121.6
1122.82
1123.15
1121.86
1120.51
1118.74
1118.12
1119.82
1119.67
1119.06
1119.2
1118.53
1116.04
1112.99
1110.46
1108.55
1107.26
1106.9
1107.86
1109.24
1111.06
1112.89
1114.23
1115.68
1116.86
1117.57
1118.69
1121.3
1119.56
1117.84
1117.26
1117.82
1118.45
1118.6
1117.97
1116.77
1115.43
1113.84
1112
1109.76
1107.53
1105.58
1103.94
1104.02
1104.18
1105.17
1106.64
1108.84
1110.97
1113.34
1115.73
1117.63
1119.12
1119.69
1120.84
1123.64
1122.51
1123.23
1125.43
1126.76
1126.19
1125.87
1125.32
1125.07
1125.28
1125.23
1124.76
1124.54
1124.94
1125.75
1126.74
1127.2
1125.7
1124.12
1122.85
1122.13
1123.56
1126.81
1130.08
1132.67
1134.14
1135.22
1135.88
1134.97
1132.84
1130.72
1128.79
1126.9
1124.87
1121.63
1116.72
1112.47
1108.58
1109.73
1116.12
1121.5
1125.44
1127.7
1128
1126.66
1124.63
1122.82
1122.01
1121.52
1118.35
1110.21
1107.42
1106.11
1105.89
1107.13
1108.49
1109.53
1109.59
1109.39
1109.01
1108.68
1108.35
1108.14
1107.49
1105.24
1101.18
1103.54
1124.01
1139.29
1140.34
1139.31
1146.15
1152.49
1152.53
1144.12
1135.95
1132.88
1133.5
1135.07
1136.14
1136.86
1137.42
1137.86
1138.07
1138.12
1138.18
1137.78
1137.53
1136.95
1136.53
1135.63
1135.51
1135.15
1133.92
1133.41
1129.48
1129.55
1134.06
1135.89
1136.95
1136.51
1135.82
1135.67
1135.42
1134.93
1134.22
1135.74
1138.76
1136.66
1132.33
1128.3
1124.37
1121.95
1120.15
1118.08
1116.99
1117.57
1118.65
1120.48
1123.03
1126.01
1128.91
1131.02
1134.28
1136.89
1136.84
1136.4
1139.76
1142.86
1143.41
1143
1142.47
1142.97
1145.38
1148.89
1147.99
1144.75
1144.33
1144.55
1139.89
1133.44
1130.07
1126.75
1123.06
1119.59
1116.76
1114.6
1113.38
1113.67
1113.79
1114.69
1118.13
1121.52
1125.14
1128.7
1130.53
1132.86
1136.26
1141.74
1148.92
1151.68
1152.86
1155.56
1159.34
1163.18
1162.56
1161.33
1158.8
1154.83
1150.7
1148.89
1144.67
1139.55
1135.2
1130.13
1126.28
1123.41
1121.99
1123.84
1126.73
1130.3
1135.02
1138.74
1141.73
1144.55
1147.02
1149.45
1150.42
1151.15
1151.89
1153.13
1153.36
1152.37
1152.3
1151.63
1151.28
1151.22
1150.62
1149.11
1147.36
1146.7
1147.15
1148.31
1149.81
1151.98
1154.13
1156.1
1157.69
1158.6
1158.79
1158.16
1156.62
1155.49
1152.4
1151.35
1149.17
1150.68
1150.29
1150.5
1146.58
1150.11
1157.84
1154.52
1148.58
1148.83
1149
1149.85
1150.73
1151.66
1157.86
1166.71
1180.71
1192.97
1198.97
1203.02
1205.79
1206.38
1206.26
1204.24
1203.62
1201.18
1200.27
1198.71
1197.91
1198.41
1198.03
1198.86
1198.1
1193.31
1186.83
1181.23
1180.61
1185.46
1184.93
1161.46
1122.89
1095.84
1101.53
1126.38
1173.87
1217.43
1228.66
1131.83
1149.29
1147.72
1139.52
1136.16
1137.41
1139.31
1139.61
1139.66
1140.45
1143.41
1148.32
1152.09
1148.86
1131.02
1103.16
1093.7
1092.81
1092.45
1091.69
1090.85
1090.29
1091.32
1094.08
1098.51
1107.3
1110.63
1108.93
1106.81
1105.98
1105.18
1105.62
1105.4
1105.18
1105.25
1104.41
1103.97
1102.81
1102.27
1102.44
1103.71
1106.7
1111.33
1117.11
1122.02
1124.79
1126.08
1127.68
1127.74
1126.38
1116.78
1094.12
1083.01
1084.3
1092.51
1108.59
1119.78
1122.9
1123.53
1123.09
1122.46
1122.08
1121.71
1121.31
1121.04
1121.19
1121.28
1121.68
1122.32
1122.54
1123.37
1123.29
1123.66
1123.62
1123.53
1123.29
1123.06
1123.02
1120.9
1119.84
1120.61
1120.29
1120.32
1121.26
1122.08
1122.33
1121.3
1120.24
1118.79
1118.2
1119.21
1120.66
1119.6
1119.4
1119.58
1118.54
1116.07
1113.51
1111.66
1110.78
1110.33
1110.54
1111.67
1112.78
1113.8
1115.16
1116.33
1117.17
1118.21
1120.22
1121.13
1119.54
1117.97
1117.38
1117.7
1118.43
1119.13
1118.89
1117.77
1116.65
1115.56
1113.93
1112.19
1110.36
1109.04
1107.97
1107.03
1107.51
1108.07
1109.61
1111.08
1113.04
1114.89
1116.75
1118.26
1119.7
1120.3
1121.52
1121.32
1118.86
1119.06
1120.29
1123.99
1126.72
1125.47
1125.01
1124.81
1124.74
1124.76
1124.99
1125.53
1126.26
1126.97
1127.64
1127.69
1126.7
1125.42
1124.03
1122.6
1122.79
1125.33
1128
1129.87
1131.29
1131.7
1131.57
1131.27
1130.29
1128.89
1127.25
1125.46
1123.44
1120.86
1119.49
1117.27
1111.11
1108.68
1112.01
1115.44
1117.6
1119.02
1119.43
1119.09
1118.67
1118.62
1119.83
1121.09
1120.33
1112.8
1108.63
1107.09
1105.68
1105.77
1106.81
1107.6
1108.24
1108.6
1108.36
1108.12
1107.82
1107.09
1105.29
1102.43
1102.08
1109.1
1125.26
1134.87
1143.14
1142.73
1145.88
1151.63
1153.19
1146.36
1137.96
1133.76
1133.07
1134.35
1135.66
1136.27
1136.65
1136.83
1136.93
1136.8
1137.01
1136.82
1136.67
1136.16
1135.94
1135.79
1135.69
1135.48
1134.8
1134.08
1130.17
1129.88
1132.46
1135.83
1137.3
1137.57
1137.33
1136.96
1136.24
1135.64
1134.4
1134.32
1137.89
1138.77
1135.3
1131.37
1127.88
1124.7
1123.06
1122.25
1121.8
1121.46
1122.28
1123.85
1125.96
1128.31
1130.28
1132.4
1134.68
1136.18
1135.71
1137.77
1141.48
1143.14
1143.09
1142.9
1142.86
1143.38
1144.9
1145.58
1143.74
1142.02
1142.78
1144.29
1141.93
1135.53
1132.02
1129.36
1126.3
1123.46
1120.97
1119.18
1118.27
1117.15
1118.05
1119.94
1122.25
1124.8
1127.64
1129.74
1131.8
1134.71
1138.61
1145.01
1148.87
1150.38
1152.02
1155.23
1158.71
1160.79
1160.3
1159.38
1157.64
1155.57
1151.84
1150.49
1147.54
1143.19
1139
1135.85
1132.52
1130.28
1129.67
1130.3
1132.33
1135.36
1138.2
1140.8
1143.4
1146.08
1148.26
1149.97
1150.47
1151.12
1151.6
1152.44
1153.2
1152.39
1152.22
1151.4
1150.73
1150.72
1150.9
1150.87
1149.93
1148.03
1146.5
1146.41
1147
1148.1
1149.47
1151.01
1151.99
1152.5
1152.57
1152.57
1151.13
1150.44
1148.33
1148.5
1148.35
1149.69
1149.04
1148.29
1145.12
1146.72
1155.8
1163.87
1160.4
1154.43
1151.86
1151.83
1152.18
1160.35
1175.16
1189.25
1198.99
1203.81
1204.14
1203.34
1203.86
1204.82
1206.07
1205.16
1204.66
1203.37
1202.98
1201.08
1201.33
1200.17
1200.38
1197.98
1194.28
1188.26
1180.93
1179.19
1181.59
1185.28
1175.83
1144.69
1107.47
1084.94
1091.37
1129.18
1181.06
1213.31
1222.72
1130.99
1149.36
1150.42
1143.4
1138.99
1138.26
1139.38
1140.56
1141.93
1143.75
1147.61
1152.06
1154.94
1153.84
1143.52
1121.43
1101.08
1096.83
1095.45
1094.52
1094.4
1094.9
1096.1
1097.52
1101.06
1107.71
1111.22
1109.56
1107.36
1105.66
1104.87
1104.64
1104.46
1103.9
1103.44
1103.01
1102.21
1102.06
1101.59
1101.72
1101.91
1103.52
1106.25
1111.71
1118.41
1123.2
1124.84
1125.97
1124.02
1115.53
1097.47
1084
1083.66
1086
1089.4
1103.41
1114.45
1121.09
1123.37
1123.61
1123.19
1122.73
1122.37
1121.9
1121.7
1121.38
1121.34
1121.08
1121.21
1120.92
1121.34
1121.03
1121.14
1121.02
1121
1121.04
1121.14
1121.2
1120.68
1120.17
1120.27
1120.4
1120.51
1121.11
1121.54
1121.55
1120.73
1119.8
1118.59
1118.34
1119.03
1120.97
1120.86
1119.73
1119.9
1120.07
1119.08
1117.18
1114.95
1113.63
1113.2
1113.19
1113.61
1114.2
1115.26
1116.32
1117.16
1118.38
1119.78
1121.46
1121.22
1119.91
1118.56
1117.75
1117.6
1118.31
1119.33
1119.57
1118.88
1117.67
1116.98
1116.06
1114.71
1113.32
1111.89
1111.03
1110.87
1110.87
1111.37
1112.52
1113.6
1115.04
1116.61
1118.02
1119.42
1120.09
1120.93
1121.06
1119.02
1116.71
1116.06
1116.37
1118.11
1122.02
1128.62
1128.31
1127.46
1127.26
1127.32
1127.39
1127.26
1127.27
1127.77
1128.49
1128.42
1127.58
1126.65
1125.65
1123.87
1122.55
1123.64
1126.13
1127.79
1128.45
1128.99
1129.2
1128.6
1128
1127.01
1125.8
1124.54
1123.05
1122.32
1122.64
1121.68
1117.2
1110.29
1108.4
1108.28
1108.66
1109.36
1110.16
1111.06
1112.16
1113.96
1117.1
1120.07
1121.03
1116.15
1110.21
1108.83
1106.64
1105.13
1104.88
1105.4
1105.91
1106.31
1106.33
1105.96
1105.03
1103.58
1100.55
1098.03
1098.39
1103.9
1109.23
1120.35
1135.92
1144.37
1149.42
1153.72
1152.54
1145.98
1139.87
1135.39
1133.01
1133.53
1134.66
1135.55
1135.67
1135.51
1135.51
1135.21
1135.2
1135.03
1135.62
1135.48
1135.85
1135.95
1136.11
1135.93
1135.47
1133.76
1130.89
1129.76
1131.88
1134.68
1136.87
1137.61
1137.6
1137.41
1136.93
1135.89
1134.64
1133.84
1135.95
1139.58
1138.33
1134.97
1131.58
1129.08
1126.58
1125.43
1125.06
1125.48
1126.04
1127.31
1128.83
1130.17
1131.77
1133.3
1134.51
1134.95
1137.12
1141.34
1143.85
1144.07
1142.74
1142.07
1142.42
1142.76
1142.99
1142.05
1141.12
1140.96
1142.25
1143.55
1143.35
1138.1
1133.98
1131.87
1129.57
1127.22
1125.78
1124.08
1122.84
1122.88
1123.46
1124.33
1126.34
1127.86
1129.81
1131.86
1134.24
1137.51
1141.01
1145.54
1146.92
1148.29
1149.31
1151.69
1153.57
1154.98
1154.95
1155.32
1155.15
1155.15
1152.69
1151.57
1150.52
1147.21
1143.74
1140.55
1138.2
1137.19
1136.49
1136.89
1138.47
1139.6
1141.38
1143.47
1145.74
1147.63
1149.43
1150.42
1150.67
1151.04
1151.03
1151.31
1152.18
1151.41
1151.05
1150.95
1150.33
1150.34
1150.51
1150.6
1149.68
1148.37
1146.74
1145.63
1145.15
1145.47
1145.81
1146.38
1146.91
1147.38
1147.19
1147.43
1146.45
1146.75
1146.43
1147.07
1148.87
1148.26
1146.46
1144.99
1143.92
1143.45
1145.67
1152.76
1160.05
1163.53
1164.29
1165.38
1168.19
1180.17
1194.76
1204.71
1205.92
1204.83
1202.99
1202.22
1202.28
1202.63
1203.79
1204.04
1203.65
1203.89
1202.83
1201.81
1201.35
1199.57
1197.1
1193.41
1187.01
1180.55
1177.55
1179.4
1182.91
1175.95
1151.29
1120.54
1092.63
1092.59
1115.32
1151.52
1196.31
1208.5
1216.46
1129
1148.58
1152.72
1149.36
1144.92
1142.73
1142.89
1144.12
1146.42
1149.01
1152.27
1154.74
1155.99
1153.84
1145.67
1135.3
1122.64
1114.6
1109.11
1105.33
1103.38
1102.03
1101.41
1101.58
1103.96
1108.17
1111.75
1111.08
1108.49
1105.96
1104.62
1103.59
1103.38
1103.37
1102.47
1102.06
1100.91
1099.69
1098.01
1095.68
1092.78
1089.99
1088.08
1089.99
1097.68
1108.31
1114.5
1115.45
1109.84
1096.27
1085.34
1084.51
1087.15
1089.34
1089.68
1098.18
1108.2
1114.57
1120.93
1123.52
1123.9
1123.57
1123.25
1122.93
1122.57
1122.26
1122.31
1121.91
1122.35
1121.86
1121.97
1121.61
1121.26
1120.93
1120.92
1120.89
1121.11
1121.26
1121.11
1120.74
1120.7
1120.86
1121.03
1121.19
1121.09
1120.74
1119.78
1119.22
1118.89
1118.93
1119.74
1121.06
1121.68
1120.69
1119.64
1120.41
1120.65
1120.1
1119.12
1117.62
1116.85
1116.56
1116.56
1117.17
1118.09
1118.8
1119.75
1120.79
1121.74
1122.2
1121.65
1120.79
1119.8
1118.92
1118.72
1119.04
1119.68
1120.16
1119.75
1118.43
1117.82
1117.45
1116.88
1116.09
1115.14
1114.19
1113.77
1114.23
1114.7
1115.62
1116.48
1117.62
1118.83
1119.34
1120.03
1120.57
1120.5
1119.89
1118.44
1116.35
1115.58
1115.59
1116.27
1117.52
1122.56
1129.74
1132.26
1132.58
1131.39
1129.43
1127.91
1127.74
1128.36
1128.79
1128.79
1128.15
1127.34
1126.7
1125.59
1123.21
1122.41
1123.84
1125.67
1126.63
1126.79
1126.98
1126.86
1126.46
1126.04
1125.51
1124.7
1123.96
1123.77
1123.58
1122.15
1119.57
1117.16
1113.26
1110.04
1107.53
1106.27
1106.01
1106.58
1107.95
1111.27
1115.64
1119.13
1120.84
1119.2
1112.31
1110.83
1109.43
1106.71
1104.75
1103.43
1102.32
1101.59
1100.98
1100.03
1098.62
1096.96
1095.44
1094.59
1094.76
1096.77
1103.34
1116.32
1129.29
1140.16
1146.46
1148.52
1146.32
1141.61
1139.42
1137.8
1133.77
1132.92
1133.67
1134.17
1134.62
1134.6
1134.33
1134.3
1134.28
1134.66
1135.02
1135.39
1135.81
1136.11
1136.05
1135.7
1134.95
1132.89
1130.68
1130.13
1130.86
1132.45
1134.65
1135.68
1136.4
1136.34
1135.78
1135.2
1134.39
1133.74
1134.07
1138.61
1140.6
1138.73
1136
1133.31
1131.12
1129.55
1129.17
1129.12
1129.66
1129.92
1130.8
1132.05
1133.24
1134.48
1135.77
1137.86
1141.73
1145.18
1146.58
1146.42
1145.47
1143.96
1142.91
1142.35
1141.95
1141.36
1141.29
1141.81
1142.53
1142.98
1143.42
1140.89
1135.73
1134.08
1132.6
1131.06
1129.64
1128.31
1127.63
1127.17
1128.01
1128.42
1129.93
1131.5
1133.26
1135.12
1137.29
1139.12
1141.27
1142.67
1142.77
1143.51
1144.3
1146.21
1147.65
1149.49
1150.16
1151.24
1152.28
1153.5
1153.29
1151.84
1152.37
1151.12
1148.6
1146.34
1143.93
1142.17
1141.44
1141.64
1142.39
1143.51
1145.04
1146.79
1148.2
1149.64
1150.61
1150.81
1150.86
1150.93
1150.58
1150.32
1150.87
1150.4
1150.08
1149.95
1150.17
1150.13
1150.58
1150.21
1147.98
1145.9
1144.63
1144.09
1143.59
1143.48
1143.54
1143.65
1143.64
1144.2
1143.86
1144.65
1144.7
1145.6
1146.42
1148.1
1148.36
1144.48
1142.14
1141.63
1142.44
1141.8
1142.92
1144.78
1148.65
1152.96
1157.93
1163.19
1170.79
1182.45
1198.49
1204.35
1202.16
1197.59
1194.59
1194.26
1196.24
1197.89
1199.07
1199.87
1199.63
1199.52
1198.8
1197.61
1195.66
1193.08
1188.47
1183.57
1178.46
1175.22
1177.27
1181.7
1175.9
1151.4
1124.09
1113.2
1113.73
1129.14
1149.48
1182.37
1203.43
1204.76
1211.6
1126.92
1146.45
1153.69
1153.59
1152.14
1151.21
1150.89
1151.11
1152.09
1153.18
1154.53
1155.41
1155.84
1153.6
1145.03
1134.01
1127.27
1122.71
1118.82
1115.33
1112.03
1109.66
1108.39
1107.76
1108.41
1109.35
1111.26
1112.55
1110.72
1107.01
1105.09
1102.67
1101.91
1100.82
1099.96
1099.43
1097.86
1097.02
1094.92
1093.26
1090.74
1089.01
1087.75
1087.6
1087.9
1090.39
1092.51
1094.85
1092.94
1089.79
1087.98
1089.45
1090.77
1091.6
1090.62
1095.78
1104.54
1108.15
1112.17
1121.97
1124.18
1123.97
1124.06
1123.81
1123.99
1123.81
1124.07
1124.17
1124.32
1124.99
1125.29
1125.62
1125.31
1124.05
1122.75
1121.89
1121.66
1121.72
1121.45
1121.35
1121.47
1121.49
1121.33
1121.05
1120.59
1120.37
1119.69
1119.7
1119.69
1120.33
1121.14
1121.85
1121.79
1121.86
1119.82
1119.55
1120.97
1121.02
1120.97
1120.96
1120.57
1120.49
1120.71
1120.95
1121.12
1121.46
1121.75
1121.88
1121.88
1121.73
1121.21
1120.83
1120.66
1120.28
1120.11
1120.27
1120.37
1120.38
1119.82
1118.92
1117.71
1117.71
1117.87
1117.65
1117.04
1116.88
1116.53
1116.63
1117.61
1117.99
1118.67
1118.67
1119.18
1119.48
1119.57
1119.34
1118.95
1118.68
1117.41
1116.31
1115.66
1115.57
1116.1
1117.37
1122.37
1129.75
1132.37
1131.59
1129.38
1128.15
1127.87
1127.96
1128.09
1128.07
1127.91
1127.4
1126.85
1126.63
1126.65
1124.67
1122.1
1122.15
1122.99
1123.65
1124
1124.17
1124.36
1124.56
1124.63
1124.5
1124.2
1123.72
1123.35
1121.95
1120.68
1119.28
1119.04
1117.69
1115.45
1112.33
1110.5
1109.64
1110.22
1111.74
1114.29
1117.16
1119.26
1120.48
1120.03
1115.18
1111.29
1112.05
1110.65
1108.67
1107.24
1106.11
1105.12
1104.73
1103.84
1103.21
1102.85
1102.86
1103.46
1104.84
1108.36
1114.83
1122.29
1127.92
1131.69
1133.4
1133.81
1134.05
1134.66
1136.04
1138.95
1135.44
1132.46
1132.68
1132.77
1132.57
1132.23
1132.06
1131.9
1131.98
1132.62
1132.74
1133.3
1133.66
1133.9
1133.77
1133.3
1132.51
1131.29
1130.74
1130.05
1130.68
1131.15
1132.17
1132.88
1133.52
1133.61
1133.82
1133.77
1133.63
1133.35
1133.59
1135.98
1140.33
1140.94
1139.78
1138.48
1137.05
1136.3
1135.64
1135.41
1135.62
1135.97
1136.94
1137.84
1138.92
1140.17
1141.81
1143.39
1145.06
1145.82
1145.67
1145.34
1144.7
1144.29
1143.91
1143.38
1142.97
1142.82
1142.74
1142.66
1142.59
1142.46
1142.94
1141.79
1137.19
1134.89
1134.45
1133.96
1133.26
1132.95
1132.59
1132.92
1132.76
1134.2
1134.72
1136.02
1136.88
1138.04
1138.78
1139.42
1139.63
1139.69
1139.32
1139.88
1139.99
1141.19
1141.83
1143.74
1144.85
1147.29
1149.63
1151.94
1153.03
1151.67
1152.25
1152.98
1152.11
1151.04
1149.96
1149.31
1148.92
1148.83
1149.1
1149.71
1150.48
1151.21
1151.85
1152.1
1152.16
1152.04
1151.79
1151.47
1150.84
1151.24
1150.28
1150.65
1150.06
1150.22
1150.14
1150.59
1150.54
1149.52
1144.54
1142.94
1143.19
1143.19
1143.13
1143.15
1143.11
1143.35
1143.25
1143.85
1143.99
1144.33
1145.61
1146.61
1147.71
1149.26
1143.67
1139.29
1139.62
1140.21
1141.72
1142.08
1144.19
1145.21
1147.71
1149.05
1150.95
1153.04
1158.28
1174.77
1198.26
1201.63
1196.55
1190.69
1186.94
1185.62
1186.24
1187.74
1188.11
1189.26
1187.59
1188.23
1185.35
1185.19
1181.5
1180.28
1177
1175.15
1172.97
1174.69
1181.12
1176.35
1159.76
1154.66
1151.62
1154.51
1161.94
1175.1
1187.21
1199.39
1202.83
1203.16
1208.31
1136.35
1132.76
1128.04
1123.92
1121.7
1121.39
1122
1123.75
1126.53
1129.8
1134.19
1140.12
1145.36
1150.68
1092.37
1100.74
1114.13
1120.45
1121.57
1121.94
1121.7
1121.91
1121.16
1120.74
1118.87
1117.95
1115.77
1114.04
1111.4
1109.98
1107.46
1106.4
1105.08
1104.43
1103.59
1103.28
1103.01
1102.94
1103.12
1103.86
1104.96
1103.38
1089.6
1074.98
1125.54
1125.35
1123.94
1123.79
1123.37
1122.92
1122.56
1122.4
1122.24
1121.78
1121.12
1120.62
1120.22
1119.86
1119.72
1119.7
1119.78
1119.81
1119.76
1120.07
1120.17
1120.84
1121.16
1122.14
1123.13
1124.02
1124.92
1125.46
1124.87
1124.84
1120.02
1119.37
1119.12
1119.3
1119.63
1119.87
1120.13
1120.46
1120.87
1121.28
1121.71
1122.04
1122.21
1122.12
1121.85
1121.42
1121.08
1120.59
1120.14
1120.05
1120.02
1119.98
1120.02
1119.84
1119.28
1119.11
1119
1118.39
1118.14
1117.99
1121.1
1121.28
1122.13
1122.91
1123.25
1123.1
1122.66
1122.49
1121.65
1120.79
1120.29
1119.61
1119.25
1119.26
1119.28
1119.93
1120.51
1121.63
1122.38
1122.24
1121.54
1119.76
1118.92
1118.36
1117.1
1116.59
1116.75
1116.71
1117.25
1117.55
1126.54
1131.1
1131.73
1129.95
1128.82
1127.98
1127.38
1126.93
1126.62
1126.5
1126.38
1126.35
1126.4
1126.33
1126.29
1126.16
1125.7
1125.43
1125.63
1125.27
1125.22
1125.47
1125.87
1126.11
1126.66
1127.4
1127.18
1124.76
1123.92
1123.92
1113.29
1118.5
1118.89
1118.09
1116.97
1115.85
1114.25
1112.84
1111.42
1110.58
1109.95
1109.55
1109.3
1109.08
1108.73
1108.41
1108.08
1107.61
1107.44
1107.39
1107.4
1107.65
1108.23
1109.26
1110.64
1111.96
1104.69
1078.09
1078.08
1079.27
1127
1133.38
1133.98
1133.52
1132.65
1132.45
1132.37
1132.3
1132.22
1131.86
1131.52
1130.93
1130.96
1130.07
1130.47
1130.74
1130.95
1131.66
1132.21
1133.03
1133.27
1124.55
1121.24
1122.18
1122.84
1123.99
1124.66
1125.08
1124.98
1124.78
1134.42
1134.68
1135.14
1135.44
1135.55
1135.51
1135.34
1134.87
1134.34
1133.36
1133.12
1131.91
1132.08
1131.49
1131.82
1132.15
1132.41
1132.76
1133.16
1138.13
1140.69
1140.69
1140.49
1140.38
1140.32
1140.64
1141.26
1142.03
1141.8
1142.04
1133.4
1134.7
1135.89
1137.07
1138.23
1138.6
1138.61
1138.22
1137.62
1136.54
1135.65
1134.87
1134.49
1133.75
1134.74
1134.47
1136.36
1136.88
1138.18
1137.64
1140.58
1142.78
1143.96
1144.38
1145.13
1145.85
1146.37
1145.95
1145.51
1145.41
1145.49
1145.48
1145.83
1146.3
1146.73
1147
1147.02
1146.83
1146.48
1146.13
1145.82
1146.14
1146.35
1146.89
1147.19
1148.29
1152.33
1152.26
1151.35
1151.02
1150.56
1150.33
1149.57
1149.74
1148.91
1149.29
1148.72
1149.16
1149.04
1149.83
1135.64
1134.04
1134.71
1140.8
1143.39
1143.49
1144.17
1144.58
1144.81
1144.9
1144.82
1145.18
1144.87
1145.72
1145.3
1146.35
1146.14
1146.78
1146.7
1146.72
1147.03
1146.66
1146.71
1146.71
1146.7
1146.93
1147.24
1148.05
1148.29
1147.43
1163.93
1161.38
1158.11
1155.81
1154.24
1154.3
1158.61
1187.76
1200.83
1198.03
1193.39
1191.04
1187.55
1186.83
1183.9
1183.41
1180.77
1180.14
1178.15
1178.53
1177.71
1179.32
1180.76
1184.18
1185.97
1189.26
1190.4
1191.46
1190.71
1185.11
1128.37
1119.31
1111.92
1108.54
1108.83
1110.52
1112.42
1114.08
1116.14
1118.8
1123.85
1131.76
1141.74
1149.91
1093.03
1104.01
1117.66
1124.23
1126.85
1128.65
1129.41
1129.62
1128.03
1125.81
1123.23
1121.06
1117.33
1113.51
1109.05
1106.88
1104.66
1103.92
1102.59
1102.14
1101.28
1100.9
1100.51
1100.41
1100.68
1101.6
1103.26
1104.33
1100.99
1091.93
1125.64
1125.15
1124.19
1123.52
1123.24
1123.16
1122.91
1121.96
1120.64
1119.44
1118.16
1117.69
1117.95
1118.45
1119.1
1119.59
1119.9
1120.07
1120.26
1120.28
1120.58
1120.82
1120.97
1121.63
1122.33
1123.38
1124.21
1125.2
1125.75
1125.81
1119.96
1119.22
1118.94
1119.03
1119.19
1119.46
1119.95
1120.48
1121.13
1121.83
1122.28
1122.05
1121.36
1120.4
1119.45
1118.46
1117.64
1117.14
1117.16
1117.45
1117.79
1118.39
1119.13
1119.55
1119.62
1119.33
1119.1
1118.9
1118.52
1118.26
1120.99
1121.01
1121.74
1122.62
1122.49
1120.83
1119.18
1118.07
1116.96
1116
1115.05
1114.36
1114.15
1113.65
1113.96
1114.82
1116.59
1117.96
1119.63
1121.19
1121.6
1121.02
1119.51
1117.83
1114.96
1112.94
1112.79
1114
1115.88
1116.34
1127.37
1131.53
1131.34
1129.28
1127.91
1126.83
1126.12
1125.56
1125.26
1125.08
1125.11
1125.29
1125.27
1125.08
1124.81
1124.42
1124.39
1124.75
1124.67
1124.58
1125.12
1125.17
1125.59
1125.95
1126.17
1126.78
1127.31
1126.38
1124.87
1124.04
1113.93
1119.25
1119.14
1118.16
1116.23
1113.77
1111.44
1109.24
1107.75
1107.18
1107.02
1107.39
1107.27
1107.64
1107.68
1106.82
1106.65
1106.52
1106.31
1106.3
1105.64
1106.18
1106.55
1107.33
1108.72
1110.79
1109.07
1095.78
1081.02
1079.4
1126.2
1133.2
1133.69
1132.51
1131.94
1132.05
1132.15
1132.17
1132.09
1131.97
1131.89
1131.66
1131.29
1131.34
1131.07
1131.35
1131.63
1131.86
1132.25
1132.72
1133.57
1130.09
1123.36
1120.4
1121.74
1123.73
1125.37
1127.1
1127.14
1126.57
1134.19
1134.41
1135.38
1135.65
1135.47
1135.09
1134.4
1133.32
1132.26
1130.9
1129.9
1128.84
1128.5
1128.42
1128.71
1129.55
1130.73
1131.65
1132.31
1135.21
1138.9
1140.22
1139.06
1138.13
1137.56
1137.71
1138.76
1140.89
1142.5
1142.38
1133.09
1134
1135.63
1137.92
1139.64
1139.49
1138.23
1136.25
1134.25
1132.28
1130.75
1129.35
1128.25
1128.3
1128.07
1129.53
1131.31
1133.33
1135.66
1136.95
1138.64
1140.64
1141.99
1142.7
1143.15
1145.16
1147.39
1148.31
1146.94
1145.74
1145.47
1145.47
1146.09
1146.97
1147.68
1147.48
1146.88
1145.84
1144.84
1143.62
1142.93
1142.73
1143.44
1144.27
1145.21
1146.78
1149.97
1152.54
1151.76
1150.9
1149.85
1149.64
1149.15
1149.46
1148.81
1149.21
1148.65
1149.06
1148.99
1149.96
1140
1139.75
1141.3
1143.11
1143.52
1143.91
1144.45
1144.85
1145.2
1145.42
1145.75
1145.91
1146.37
1146.41
1146.34
1146.33
1145.86
1145.99
1145.47
1145.76
1145.72
1145.33
1145.04
1144.54
1144.17
1144.18
1145.14
1147.01
1147.91
1147.87
1173.25
1163.45
1155.15
1152.07
1152.04
1158.64
1181.45
1198.43
1198.98
1195.33
1191.67
1190.69
1188.8
1188.62
1187.32
1186.32
1183.98
1181.78
1178.48
1175.51
1173.08
1173.04
1173.66
1177.83
1179.85
1185.2
1188.66
1191.15
1190.27
1184.03
1114.13
1105.46
1103.82
1106.07
1110.61
1114.37
1117.38
1119.8
1121.77
1121.84
1123.07
1126.26
1136.07
1148.28
1093.33
1106
1120.7
1128.25
1131
1133.06
1132.39
1129.13
1124
1120.59
1119.33
1118.99
1114.74
1110.34
1106.93
1106.04
1104.72
1105.25
1104.83
1105.05
1104.27
1103.49
1102.2
1101.07
1100.28
1100.1
1101.17
1103.08
1103.8
1098.42
1125.39
1125.04
1124.57
1124.78
1125.69
1126.21
1124.82
1121.58
1117.68
1115.2
1115.37
1116.95
1119.24
1120.85
1121.83
1122.17
1122.23
1122.42
1122.46
1122.65
1122.22
1122.4
1122.08
1122.08
1122.16
1122.75
1123.61
1124.5
1125.51
1126.07
1119.76
1118.98
1118.76
1118.92
1119.1
1119.16
1119.43
1119.97
1120.77
1121.5
1121.52
1120.09
1118.63
1117.31
1116.41
1115.33
1114.41
1113.66
1112.98
1112.85
1113.42
1114.75
1116.4
1118.07
1119
1119.09
1119.14
1119.05
1118.83
1118.46
1120.89
1120.69
1121.72
1121.71
1119.38
1117.75
1116.58
1115.63
1114.51
1113.38
1112.25
1111.46
1110.45
1110.4
1110.57
1111.27
1112.53
1114.46
1116.42
1118.32
1120.21
1120.78
1120.34
1118.83
1115.67
1112.8
1112.56
1113.71
1115.79
1116.42
1127.71
1131.91
1131.57
1130.03
1129.43
1128.89
1127.54
1125.78
1124.91
1124.7
1125.1
1125.15
1124.6
1123.69
1123.18
1123.42
1124.15
1125.27
1125.61
1126.63
1127.17
1127.34
1127.13
1126.89
1126.62
1126.41
1126.83
1126.92
1125.83
1124.49
1114.38
1119.51
1119.45
1118.27
1116.38
1114.38
1111.84
1110.03
1108.44
1107.55
1107.01
1106.94
1107.13
1107.32
1107.51
1107.75
1108.07
1108.27
1108.17
1107.99
1108.19
1107.68
1107.35
1107.1
1107.47
1109.16
1110.06
1106.06
1091.98
1081.05
1124.36
1132.55
1133.47
1132.06
1132.77
1132.87
1132.63
1132.49
1132.53
1132.96
1133.29
1133.14
1133.2
1133.51
1133.51
1133.22
1133.12
1133.11
1132.87
1132.71
1133.29
1132.66
1127.45
1120.86
1118.92
1120.65
1124.06
1127.66
1128.95
1128.36
1133.95
1135.04
1135.79
1135.68
1135.31
1134.47
1133.31
1131.75
1130.05
1128.35
1126.7
1124.78
1124.51
1124.12
1124.98
1126.39
1127.78
1129.49
1130.88
1132.52
1136
1139.42
1139.06
1137.51
1136.66
1136.61
1136.89
1138.31
1141.45
1142.45
1132.79
1133.12
1135.54
1139.77
1140.37
1139.05
1136.19
1133.34
1130.62
1128.48
1126.49
1124.39
1122.96
1122.17
1122.8
1123.86
1126.02
1128.98
1131.55
1134.48
1136.39
1138.55
1140.16
1141.2
1140.98
1142.64
1146.72
1149.63
1148.92
1146.24
1145.31
1145.05
1146.32
1147.86
1147.88
1147.05
1145.34
1143.43
1140.95
1139.07
1137.81
1137.76
1138.62
1140.23
1142.26
1144.02
1146.73
1150.33
1151.67
1150.86
1149.24
1149.2
1149.37
1150.35
1150.05
1150.52
1149.55
1149.65
1149.09
1150.12
1142.82
1143.61
1143.85
1143.47
1143.84
1144.42
1145.26
1146.2
1147.32
1148.79
1150.08
1151.06
1152.04
1152.38
1151.91
1151.3
1149.82
1148.55
1146.84
1146.07
1146.05
1145.78
1145.07
1144.05
1143.15
1142.86
1143.53
1145.25
1147.54
1147.65
1174.37
1159.61
1152.06
1152.75
1158.68
1177.38
1196.2
1200.41
1197.18
1195.23
1194.94
1195.83
1196.21
1197.18
1196.32
1195.36
1193.58
1191.64
1187.68
1183.38
1177.37
1173.68
1172.3
1176.41
1177.9
1181.46
1187.25
1190.46
1188.49
1181.73
1101.34
1102.08
1106.93
1114.1
1120.12
1123.46
1124.53
1124.87
1126.32
1128.46
1127.86
1126.83
1132.65
1146.74
1093.2
1106.14
1122.23
1130.6
1133.54
1134.26
1130.06
1121.35
1111.62
1108.3
1111.62
1115.1
1111.3
1108.09
1106.43
1106.71
1106.66
1107.79
1107.84
1108.34
1108.04
1107.19
1105.69
1103.68
1101.64
1100.38
1100.16
1101.57
1103.49
1100.51
1125.34
1124.99
1125.11
1126.7
1128.12
1128.17
1125.1
1118.84
1113.22
1112.53
1116.19
1120.47
1122.62
1122.92
1122.86
1122.07
1121.56
1121.19
1121.11
1121.34
1121.87
1122.48
1122.61
1123.17
1122.68
1122.89
1123.31
1124.01
1125
1125.96
1119.56
1118.88
1119.11
1119.64
1119.75
1119.75
1119.39
1119.61
1120.29
1121.02
1120.4
1118.17
1117.18
1116.49
1115.31
1113.93
1112.49
1110.91
1109.95
1109.56
1110.09
1111.18
1112.94
1115.26
1117.3
1118.58
1118.99
1118.97
1118.88
1118.58
1120.84
1120.46
1121.98
1119.14
1117.34
1116.41
1115.57
1114.38
1112.92
1111.26
1109.65
1108.43
1107.66
1107.05
1107.33
1107.94
1109.34
1110.97
1113.15
1115.58
1117.81
1119.89
1120.31
1119.6
1117.57
1115
1115.09
1115.44
1117.51
1118.46
1127.74
1132.39
1132.77
1132.45
1133.65
1133.86
1131.06
1126.82
1124.92
1124.51
1125.11
1124.7
1123.15
1121.88
1122.17
1123.39
1125.34
1127.23
1128.65
1130.58
1130.73
1130.58
1130.14
1129.15
1128.04
1127.18
1126.6
1126.92
1126.34
1124.84
1114.61
1120
1119.94
1118.48
1117.53
1115.86
1114.32
1112.54
1111.21
1109.87
1108.32
1107.31
1107.14
1107.26
1107.71
1108.44
1109.27
1110.03
1110.61
1111.17
1110.62
1110.32
1109.45
1108.4
1107.45
1107.98
1109.54
1108.78
1099.89
1086.78
1121.78
1131.51
1133.02
1133.36
1134.21
1133.39
1132.62
1132.57
1133.14
1134.05
1134.42
1134.79
1135.39
1135.36
1135.13
1135.27
1134.95
1134.59
1133.9
1133.47
1133.17
1133.48
1130.56
1123.11
1118.11
1118.15
1121.23
1126.68
1130.44
1129.54
1134.47
1135.94
1136.02
1135.78
1135.46
1134.24
1132.44
1130.12
1127.56
1124.57
1122.79
1120.62
1119.96
1120.21
1120.69
1122.34
1124.45
1127.47
1129.1
1130.79
1133.68
1137.55
1139.14
1138.22
1136.91
1136.32
1136.5
1137.05
1140.42
1143.14
1132.43
1132.63
1138.05
1141.81
1141.17
1138.09
1134.16
1130.78
1127.93
1125.08
1122.01
1119.83
1118.47
1117.8
1117.1
1118.28
1120.21
1123.82
1127.87
1131.12
1134.06
1136.3
1138.46
1139.88
1140.28
1141.19
1145.75
1150.27
1150.65
1147.56
1145.23
1145.35
1147.67
1148.47
1147.51
1145.66
1143.12
1139.54
1136.23
1133.91
1132.2
1131.36
1132.68
1135.71
1138.16
1141.14
1143.93
1147.46
1150.14
1150.25
1148.47
1149.11
1149.95
1151.51
1151.21
1151.31
1150.15
1149.97
1149.44
1150.45
1144.06
1144.62
1143.93
1143.86
1144.6
1145.76
1147.19
1149.14
1151.58
1153.94
1156.2
1157.63
1158.68
1158.31
1158.06
1156.71
1155.16
1152.69
1150.44
1147.44
1146.79
1146.47
1145.55
1143.66
1142.53
1141.92
1142.09
1144.35
1147.01
1148.1
1173.83
1159.42
1158.85
1162.5
1174.59
1192.73
1201.34
1200.5
1197.61
1198.48
1199.27
1200.01
1200.15
1199.75
1198.43
1198.16
1197.28
1195.59
1193.62
1190.31
1185.05
1178.06
1172.46
1175
1178.59
1178.15
1181.76
1186.69
1184.2
1178.89
1101.36
1108.37
1116.91
1125.56
1131.49
1133.77
1132.51
1128.97
1126.69
1128.33
1131.39
1129.99
1132.03
1145.26
1092.77
1104.38
1121.36
1131.38
1134.37
1133.57
1125.39
1111.32
1097.83
1096.76
1107.21
1111.99
1108.63
1107.59
1107.14
1108.03
1108.3
1110.05
1110.54
1111.45
1110.83
1110.24
1108.86
1106.96
1104.19
1101.67
1100.19
1100.7
1102.77
1101.17
1125.22
1125.15
1125.52
1127.9
1129.76
1129.29
1123.67
1113.64
1110.21
1114.77
1120.9
1123.23
1123.22
1121.84
1120.32
1119.1
1118.21
1117.78
1117.79
1118.26
1119.29
1120.69
1121.65
1123.04
1123.28
1123.39
1123.35
1123.81
1124.61
1125.76
1119.45
1118.94
1119.41
1120.13
1120.49
1120.18
1119.86
1119.36
1119.63
1120.27
1119.57
1117.68
1117.22
1116.28
1114.59
1112.4
1109.85
1107.27
1106.07
1106.11
1106.38
1107.71
1110.15
1112.46
1115.11
1117.3
1118.45
1118.77
1118.8
1118.57
1120.68
1120.34
1120.33
1117.31
1116.73
1116.03
1114.98
1113.38
1111.47
1109.38
1107.39
1106.15
1104.85
1104.53
1104.11
1104.92
1106.25
1107.99
1110.1
1112.8
1115.79
1118.14
1119.98
1119.93
1118.86
1117.52
1117.61
1117.37
1119.69
1121.16
1127.41
1132.85
1134.44
1135.69
1139.04
1140.24
1135.74
1128.58
1124.92
1124.46
1125.06
1123.99
1121.72
1121.07
1122.08
1124.54
1127.43
1129.92
1132.86
1134.48
1135.18
1134.98
1133.79
1132.06
1129.99
1128.66
1127.18
1126.78
1126.47
1125.02
1114.61
1120.51
1120.36
1119.46
1118.53
1118.22
1117.11
1116.32
1114.39
1112.46
1110.11
1107.85
1106.97
1106.99
1107.71
1108.98
1110.39
1111.82
1113.08
1113.32
1113.24
1112.19
1111.23
1109.93
1108.48
1107.69
1108.65
1109.26
1104.31
1089.37
1119.35
1131.22
1132.49
1135.4
1135.22
1133.21
1132.36
1132.91
1133.96
1135.07
1135.73
1136.73
1136.74
1137.01
1137.33
1137.07
1136.83
1136.16
1135.04
1134.53
1133.37
1133.78
1132.23
1125.75
1119.25
1117.8
1119.92
1125.32
1130.94
1130.88
1136.05
1135.96
1136.12
1136.26
1135.66
1134.07
1131.52
1128.49
1124.92
1121.56
1119.7
1117.45
1117.04
1116.41
1117.12
1118.68
1120.91
1124.05
1127.54
1129.59
1131.72
1135.73
1139.23
1138.72
1137.1
1136.17
1136.94
1137.42
1139.19
1142.26
1132.18
1133.48
1141.66
1144.2
1141.32
1136.75
1132.34
1128.79
1125.45
1121.72
1118.33
1115.88
1113.21
1112.03
1112.8
1113.64
1115.53
1118.9
1122.86
1128.49
1131.47
1134.26
1136.55
1138.67
1139.38
1140.59
1145.24
1150.82
1151.47
1147.99
1145.25
1146.67
1149.21
1148.51
1146.85
1144.02
1140.19
1135.87
1131.33
1127.54
1124.77
1124.64
1126.13
1129.02
1133.71
1137.51
1141.15
1144.93
1147.95
1149.09
1147.97
1149.07
1150.75
1152.22
1151.78
1151.56
1150.68
1150.62
1150.11
1150.71
1144.77
1144.85
1144.16
1144.53
1145.76
1147.47
1149.9
1153.02
1156.28
1159.3
1161.11
1162.36
1163.39
1162.32
1162.28
1160.01
1158.48
1156.44
1153.47
1149.8
1147.4
1147.28
1146.04
1143.83
1142.03
1141.18
1141.75
1144.25
1147.33
1147.92
1173.71
1164.15
1169.6
1175.86
1188.33
1200.47
1202.49
1200.72
1199.6
1201.46
1200.83
1200.36
1199.43
1197.21
1197.12
1197.14
1196.53
1196.34
1194.79
1192.73
1189.69
1184.89
1175.15
1171.27
1177.77
1180.43
1175.2
1178.36
1177.74
1176.68
1110.4
1117.62
1128.44
1137.9
1142.7
1144.21
1142.4
1136.19
1128.52
1127.83
1132.06
1132.25
1133.01
1144.78
1092.35
1101.19
1117.5
1129.51
1133.31
1131.4
1120.22
1101.29
1087.87
1090.94
1106.7
1110.42
1107.66
1107.71
1107.55
1108.9
1110.12
1113.01
1114.49
1115.5
1114.78
1113.13
1111.35
1109.37
1106.65
1103.24
1100.69
1100.41
1102.21
1101.32
1125.28
1125.45
1125.93
1128.66
1130.64
1128.43
1118.26
1107.92
1110.81
1119.56
1123.21
1123.22
1121.38
1119.39
1117.88
1116.84
1116.25
1115.82
1115.97
1116.16
1117.17
1118.39
1120.04
1121.86
1123.05
1123.61
1123.56
1123.77
1124.38
1125.56
1119.39
1119.01
1119.88
1121.12
1121.37
1120.95
1120.09
1119.49
1119.34
1119.9
1118.87
1117.77
1117.38
1116.11
1113.72
1110.59
1107.19
1104.8
1103.56
1102.47
1102.78
1104.39
1106.89
1110.46
1113.31
1115.92
1117.56
1118.38
1118.64
1118.53
1120.77
1120.52
1117.7
1116.91
1116.62
1115.8
1114.49
1112.6
1110.33
1107.76
1105.71
1104.16
1102.94
1102.36
1102.63
1102.48
1103.71
1105.74
1108.02
1110.43
1113.65
1116.65
1118.77
1119.63
1119.46
1118.28
1118.7
1117.94
1121.03
1123.32
1126.8
1133.13
1136.13
1138.65
1142.75
1144.62
1139.42
1130.08
1124.93
1124.47
1125.02
1123.27
1121.03
1120.68
1122.62
1125.54
1129.07
1132.68
1135.76
1137.83
1139.57
1139.65
1138.05
1135.76
1132.33
1129.78
1128.04
1126.92
1126.34
1125.02
1114.66
1120.84
1121.34
1120.63
1120.15
1119.14
1119
1118.77
1117.94
1115.42
1111.67
1108.01
1106.81
1106.81
1107.62
1109.33
1111.4
1113.12
1113.91
1114.71
1114.92
1114.68
1112.9
1110.75
1108.88
1107.8
1108.42
1109.07
1105.71
1091.03
1117.6
1132.44
1134.35
1137.32
1135.59
1132.96
1132.24
1133.41
1134.78
1135.91
1137.22
1137.77
1137.79
1138.83
1138.4
1138.4
1138.12
1137.49
1135.84
1135.74
1133.82
1133.91
1133.02
1128.17
1121.14
1118.96
1120.64
1125.05
1131.28
1131.67
1136.43
1136.21
1136.47
1136.84
1136.32
1133.94
1130.8
1126.86
1123.17
1119.4
1117.82
1114.54
1113.12
1112.92
1113.62
1116.31
1117.94
1121.35
1125.4
1128.16
1130.39
1134.54
1138.25
1139.23
1138.39
1136.89
1137.08
1137.9
1139
1142.65
1132.3
1137.55
1145.7
1145.86
1141.29
1135.56
1130.95
1127.25
1123.15
1119.03
1114.88
1111.97
1110.08
1108.81
1108.37
1109.25
1112.24
1114.9
1119.21
1124.51
1129.17
1132.5
1134.97
1137.1
1138.3
1140.01
1145.35
1152.02
1152.47
1149.08
1146.57
1150.55
1150.02
1148.05
1146.14
1142.69
1137.26
1131.52
1126.47
1121.5
1116.82
1115.08
1117
1122.66
1128.74
1134.49
1138.51
1142.53
1146.18
1147.77
1147.44
1149.22
1151.26
1152.08
1151.55
1151.05
1151.02
1151.13
1151.31
1151.53
1145.03
1144.99
1144.47
1145.47
1147.31
1149.81
1153.11
1156.68
1160.22
1162.79
1164.71
1165.01
1165.76
1165.07
1164.98
1162.05
1160.64
1157.43
1155.9
1151.94
1148.61
1147.72
1147.37
1144.01
1142.8
1141.45
1142.26
1144.86
1147.32
1148.61
1174.82
1170.13
1180.21
1187
1196.64
1203.39
1203.05
1201.29
1201.42
1202.5
1199.67
1198.19
1195.92
1193.48
1194.01
1193.92
1195.74
1196.31
1195.81
1193.06
1190.3
1188.32
1182.31
1169.26
1170.73
1184.67
1178.91
1175.66
1176.46
1178.32
1115.44
1126.49
1140.13
1147.39
1149.01
1148.71
1147.95
1142.86
1132.13
1127.46
1131.56
1134.22
1134.27
1145.19
1092.11
1097.25
1110.58
1123.07
1127.94
1124.22
1110.73
1091.83
1082.4
1090.63
1107.99
1109.42
1107.49
1107.48
1107.55
1109.92
1112.46
1116.2
1118.14
1119.11
1118.05
1115.92
1113.11
1110.93
1108.19
1104.4
1101.13
1100.25
1102.07
1101.08
1125.19
1125.77
1126.37
1129.36
1130.96
1125.52
1110.12
1105.83
1115.45
1122.85
1123.78
1121.9
1119.57
1117.76
1116.76
1116.11
1115.78
1115.67
1115.45
1115.19
1116.18
1116.75
1118.89
1120.52
1122.58
1123.67
1123.73
1123.82
1124.27
1125.38
1119.46
1119.16
1120.4
1121.62
1121.53
1120.93
1120.12
1119.32
1118.92
1119.87
1118.7
1117.74
1117.83
1116.12
1112.85
1109.6
1105.7
1102.86
1101.22
1100.02
1100.49
1101.98
1104.13
1108.09
1111.64
1114.7
1116.79
1117.95
1118.31
1118.43
1120.82
1120
1117.12
1117.06
1116.53
1115.49
1114.28
1112.23
1109.51
1106.82
1104.48
1102.97
1101.87
1101.93
1101.47
1102.26
1102.26
1103.55
1106.69
1108.59
1112
1115.31
1118.03
1119.13
1119.62
1119.05
1119.04
1118.93
1122.45
1125.26
1126.11
1132.25
1136.91
1140.44
1144.47
1145.28
1140.32
1130.45
1124.72
1124.48
1125.18
1122.69
1120.82
1120.65
1122.88
1126.11
1130.22
1134.49
1137.7
1140.75
1142.54
1142.27
1140.63
1138.1
1135.04
1130.96
1128.56
1127.2
1126.25
1124.77
1113.78
1121.51
1123.06
1123.08
1122.31
1121.39
1120.42
1120.18
1119.66
1118.11
1113.51
1108.45
1106.66
1106.37
1107.25
1109.6
1111.6
1113.09
1115.2
1116.88
1116.93
1115.91
1114.61
1111.9
1109.49
1107.58
1108.07
1108.71
1105.9
1090.54
1117.37
1133.59
1136.99
1139.09
1135.91
1132.57
1132.47
1133.65
1135.6
1136.31
1137.81
1138.79
1139.12
1140.25
1140.02
1139.76
1139.11
1138.33
1136.96
1136.68
1134.13
1134.39
1133.62
1129.52
1123.58
1121.61
1122.26
1126.68
1132.11
1132.69
1136.16
1135.92
1136.81
1137.32
1136.81
1134.14
1130.43
1126.05
1122.08
1118.24
1115.83
1111.29
1110.34
1109.8
1110.84
1113.04
1116.23
1119.98
1123.3
1127.09
1129.87
1133.25
1137.53
1139.51
1138.82
1136.83
1137.55
1138.92
1139.22
1141.91
1133.96
1142.26
1148.72
1146.95
1141.22
1134.76
1130.03
1126.57
1121.54
1117.14
1112.94
1110.43
1108.12
1106.5
1106.14
1106.45
1109.52
1111.87
1116.96
1121.31
1127.58
1131.03
1133.79
1135.76
1137.58
1139.66
1145.61
1152.62
1152.78
1149.3
1151.49
1152.68
1149.64
1147.96
1145.74
1140.96
1135.72
1128
1123.6
1115.91
1111.5
1109.63
1110.9
1115.5
1124.73
1130.92
1136.65
1140.76
1144.52
1146.82
1147
1149.72
1150.84
1150.34
1149.51
1148.82
1148.55
1148.2
1149.47
1150.88
1145.33
1145.19
1145.16
1146.54
1148.96
1152.02
1155.69
1159.25
1162.54
1164.83
1165.93
1166.23
1167.2
1166.12
1166.48
1163.59
1161.54
1157.76
1156.11
1153.72
1149.6
1148.52
1148.53
1145.09
1143.72
1143.12
1143.94
1145.75
1148.41
1148.49
1176.62
1175.1
1188.13
1194.81
1201.1
1204.78
1203.31
1202.9
1201.91
1201.94
1198.22
1194.68
1192.04
1189.65
1190.1
1191.15
1193.69
1196.2
1196.79
1194.39
1189.71
1187.46
1187.6
1175.02
1160.43
1179.38
1188.28
1182.68
1182.95
1186
1119.06
1135.5
1147.94
1149.53
1146.83
1145.92
1146.83
1144.82
1134.16
1127.6
1132.4
1135.61
1136.02
1146.47
1091.91
1094.6
1102.91
1112.9
1117.61
1112.67
1099
1084.46
1081.34
1093.7
1109.35
1108.82
1107.37
1107.48
1107.62
1110.98
1114.23
1117.71
1120.15
1120.66
1119.68
1116.67
1113.85
1111.44
1108.61
1104.54
1101.09
1100.51
1102.08
1100.88
1125.28
1125.88
1126.81
1129.73
1130.23
1119.78
1102.18
1107.19
1120.06
1123.5
1123.12
1120.78
1118.91
1117.55
1116.7
1115.86
1115.39
1114.82
1115.12
1114.91
1115.92
1116.08
1118.19
1119.79
1122.09
1123.46
1123.94
1123.92
1124.31
1125.37
1119.54
1119.36
1120.67
1122.07
1122.34
1121.83
1120.89
1119.83
1118.35
1119.31
1118.88
1118.28
1117.98
1115.95
1113.13
1109.41
1105.1
1102.65
1100.55
1099.6
1099.91
1101.23
1103.04
1106.7
1110.52
1113.88
1116.03
1117.49
1118.13
1118.29
1120.5
1118.88
1117.34
1117.33
1116.68
1115.61
1114.11
1112.2
1109.31
1106.69
1104.09
1102.32
1101.5
1101.17
1101.33
1101.16
1101.86
1102.57
1105.62
1107.52
1110.95
1114.44
1117.26
1119.02
1119.46
1119.39
1119.22
1119.67
1124.1
1126.29
1125.39
1130.32
1136.22
1140.59
1144.16
1144.44
1138.59
1129.81
1124.73
1124.51
1125.22
1122.73
1120.83
1120.62
1122.92
1126.31
1130.68
1135.26
1138.53
1142.52
1144.12
1144.18
1142.9
1139.19
1136.16
1131.95
1128.82
1127.16
1126.15
1124.58
1113.01
1121.51
1124.97
1126.74
1127.11
1125.2
1123.65
1122.24
1121.42
1119.87
1116.2
1109.8
1106.78
1106.09
1107.05
1109.43
1111.04
1113.26
1115.39
1116.73
1116.53
1115.72
1114.35
1111.8
1109.32
1107.69
1107.84
1108.61
1105.45
1088.79
1117.82
1134
1140.46
1141.21
1136.07
1132.67
1132.4
1134.17
1135.54
1137.15
1137.63
1139.8
1139.75
1140.8
1140.44
1140.21
1140.28
1138.76
1138.34
1136.58
1134.8
1135.03
1133.65
1130.72
1126.09
1124.28
1125.22
1129.93
1133.84
1134.1
1135.97
1135.95
1136.49
1137.61
1137.4
1134.58
1130.72
1126.02
1121.5
1118.19
1114.61
1110.05
1109.45
1108.78
1109.52
1111.38
1115.07
1118.29
1122.09
1126.86
1129.22
1132.51
1137.36
1139.58
1138.82
1137.02
1137.9
1139.81
1139.9
1142.4
1137.97
1147.05
1150.36
1147.49
1141.5
1134.45
1129.71
1126.14
1120.73
1116.39
1112.22
1108.91
1106.69
1105.14
1105.67
1105.06
1108.5
1110.12
1115.68
1119.64
1126
1130.11
1132.81
1134.88
1136.84
1139.6
1147.57
1153.55
1152.78
1150.07
1155.75
1153.63
1150.14
1148.41
1145.44
1139.78
1133.54
1126.92
1120.25
1112.08
1108.09
1105.74
1107.78
1111.95
1120.95
1128.64
1135.59
1139.61
1143.37
1145.87
1146.87
1149.86
1150.11
1149
1148.98
1148.5
1147.64
1147.17
1146.8
1147.37
1145.44
1145.62
1145.84
1147.83
1150.23
1153.44
1157.23
1160.79
1163.62
1165.44
1166.34
1166.44
1167.44
1166.42
1167.15
1163.88
1161.81
1157.22
1155.75
1153.82
1151.06
1148.56
1150.16
1146.11
1144.88
1144.95
1145.4
1147.47
1148.44
1148.84
1179.52
1178.86
1190.37
1199.8
1203.42
1205.25
1203.98
1203.7
1201.69
1200.65
1197.31
1192.26
1190.34
1187.26
1188.28
1189.14
1192.55
1195.73
1197.2
1195.19
1189.92
1185.54
1187.52
1183.97
1158.48
1160.49
1186.03
1188.5
1187.14
1187.06
1123.34
1142.89
1150.48
1145.71
1140.63
1141.16
1144.2
1141.95
1132.45
1129.01
1134.45
1137.34
1139.38
1144.79
1130.3
1107.96
1093.19
1093
1096.44
1102.37
1104.62
1099.37
1088.53
1081.03
1082.55
1098.22
1109.74
1108.8
1107.13
1107.06
1108.05
1110.84
1114.49
1117.27
1119.09
1119.69
1118.11
1115.76
1113.1
1110.97
1107.38
1103.45
1100.81
1100.65
1101.81
1100.42
1102.51
1117.35
1125.13
1126.53
1127.6
1130.28
1126.42
1106.91
1098.23
1111.54
1121.85
1123.77
1122.73
1120.58
1119.05
1117.72
1117.02
1115.91
1115.59
1114.83
1114.97
1114.72
1115.92
1116.08
1118.15
1119.65
1122.12
1123.46
1124.09
1123.97
1124.14
1125.18
1124.93
1122.58
1119.95
1119.36
1120.71
1122.4
1123.11
1122.39
1121.16
1119.82
1118.49
1118.91
1119.35
1118.38
1118.22
1117.06
1113.89
1109.91
1106.19
1103.29
1100.89
1100.02
1099.96
1101.35
1102.94
1106.28
1110.4
1113.21
1115.67
1117.07
1117.87
1118.29
1120.97
1120.47
1119.95
1117.27
1117.37
1117.46
1116.98
1115.82
1114.43
1112.58
1109.66
1107.02
1104.2
1102.53
1101.48
1101.08
1101.16
1100.84
1101.97
1102.16
1105.38
1106.97
1110.65
1114.07
1116.88
1118.88
1119.4
1119.69
1119.6
1121.92
1126.13
1127.29
1128.03
1127.74
1125.08
1128.35
1133.82
1138.54
1141.72
1140.73
1134.94
1127.93
1124.45
1124.94
1125.67
1122.93
1121.23
1120.8
1122.63
1126.3
1130.5
1134.75
1138.66
1142.66
1144.38
1144.07
1143.19
1139.52
1135.85
1131.95
1128.73
1126.79
1125.76
1124.27
1115.32
1109.4
1112.08
1121.08
1126.41
1129.35
1131.18
1130.27
1127.42
1124.63
1122.54
1121.16
1118.27
1111.16
1106.76
1106.12
1106.85
1108.42
1110.68
1112.45
1113.94
1115.29
1115.75
1114.95
1113.4
1111.05
1108.57
1107.55
1107.97
1108.27
1104.78
1087.87
1118.81
1130.27
1122.05
1136.48
1144.92
1143.81
1136.89
1132.88
1132.55
1134.29
1135.53
1137.32
1137.66
1140.04
1139.69
1141.19
1140.57
1140.32
1140.53
1138.89
1138.58
1136.73
1135.76
1134.69
1134.1
1131.82
1127.92
1127.04
1128.22
1134.07
1135.86
1135.21
1135.2
1135.11
1135.4
1135.17
1135.49
1136.78
1137.87
1135.34
1131.41
1126.83
1121.92
1118.5
1115.14
1110.34
1109.35
1109.21
1109.57
1111.73
1114.4
1118.03
1122.36
1126.33
1129.14
1132.45
1136.64
1139.33
1138.92
1137.35
1138.42
1140.44
1141.14
1141.98
1143.69
1144.99
1144.32
1150.92
1150.54
1147.4
1142.29
1134.84
1129.86
1126.54
1121.13
1116.68
1112.5
1109.58
1106.8
1105.32
1105.14
1105.31
1108.22
1110.13
1115.33
1119.54
1125.4
1129.61
1132.21
1134.32
1136.62
1141.06
1150.13
1153.32
1152.26
1153.73
1157.91
1157.74
1156.39
1154.03
1150.7
1148.42
1145.37
1139.56
1133.28
1126.82
1119.67
1111.78
1107.83
1105.65
1107.32
1111.47
1120.28
1128.04
1134.73
1139.09
1142.93
1145.38
1147.57
1149.98
1150.11
1150.04
1150.67
1149.92
1149.54
1148.51
1146.95
1146.33
1146.06
1145.95
1145.86
1145.99
1146.25
1148.43
1151.09
1154.13
1157.77
1161.16
1163.6
1165.27
1166.22
1166.32
1166.94
1166.23
1166.11
1162.87
1160.47
1156.26
1154.27
1153.62
1151.51
1148.74
1151.24
1147.97
1145.94
1146.36
1147.27
1148.36
1149.42
1151.59
1170.5
1181.03
1183.25
1184.65
1193.3
1202.66
1204.49
1205.76
1204.77
1203.81
1201.79
1200.47
1197
1191.92
1190.36
1187.5
1188.3
1189.92
1192.86
1195.71
1197.54
1195.04
1189.17
1184.69
1185.79
1187.44
1164.06
1144.16
1167.15
1177.15
1180.85
1197.68
1233.92
1243.17
1127.04
1146.85
1149.06
1140.35
1136.57
1139.05
1141.96
1138.13
1132.5
1133.14
1137.94
1140.29
1142.11
1138.27
1116.6
1099.47
1092.44
1092.54
1093.25
1094.7
1094.16
1089.85
1083.75
1080.83
1085.95
1102.56
1109.89
1108.51
1107.19
1106.56
1107.66
1110.28
1112.56
1115.55
1116.23
1116.58
1115.65
1113.53
1111.52
1108.39
1105.05
1102.11
1101.03
1100.94
1101.55
1103.05
1114.47
1121.76
1125.75
1127.25
1129.14
1129.36
1118.03
1094.31
1097.47
1114
1122.22
1123.5
1122.93
1120.81
1119.56
1118.62
1117.51
1116.79
1115.96
1115.51
1115.59
1115.7
1116.48
1116.94
1118.89
1120.59
1122.64
1123.78
1124.23
1124.07
1124.29
1125.18
1125.4
1123.41
1120.27
1119.52
1120.65
1122.44
1123.48
1122.99
1121.72
1120.07
1118.41
1118.65
1119.64
1118.48
1118.67
1117.85
1115.12
1111.46
1107.83
1104.79
1102.56
1101.08
1101.64
1102.28
1103.82
1107.15
1110.88
1113.3
1115.37
1116.85
1117.71
1118.13
1121.24
1120.13
1118.94
1116.87
1117.5
1117.59
1117.11
1116.42
1115.05
1113.1
1110.91
1108.1
1105.48
1103.1
1101.54
1101.14
1100.99
1101.39
1101.91
1102.76
1105.64
1107.55
1111.15
1114.22
1116.88
1118.74
1119.3
1119.68
1119.69
1124.38
1126.91
1127.56
1127.55
1126.98
1125.87
1126.77
1130.21
1134.16
1135.98
1134.54
1130.03
1125.79
1124.38
1125.26
1126.06
1123.63
1121.62
1121.11
1122.25
1125.76
1129.75
1133.52
1137.01
1140.36
1142.93
1143.36
1141.27
1137.96
1134.6
1131.28
1128.3
1126.59
1125.53
1123.25
1111.72
1108.08
1110.89
1119.47
1126.34
1130.77
1133.01
1132.5
1130.66
1127.59
1124.48
1122.1
1119.76
1113.08
1107.62
1106.21
1106.12
1107.73
1110
1111.42
1112.35
1113.16
1113.27
1112.72
1111.4
1109.83
1107.98
1107.84
1108.05
1107.5
1100.69
1092.25
1127.64
1133.23
1127.71
1141.31
1148.7
1147.02
1138.42
1133.35
1132.44
1134.22
1135.53
1137.18
1137.38
1139.75
1139.93
1141
1140.96
1140.71
1140.45
1138.96
1138.85
1136.85
1135.79
1134.91
1134.75
1132.18
1130.24
1128.5
1129.73
1135.17
1136.2
1135.52
1135.21
1134.74
1134.87
1134.38
1134.59
1135.78
1137.81
1136.78
1132.58
1128.13
1123.68
1119.36
1117.13
1112.79
1110.1
1109.46
1110.67
1112.4
1115.09
1119.06
1122.83
1126.73
1129.43
1132.73
1136.59
1138.92
1138.24
1137.16
1139.65
1141.85
1142.06
1142.01
1143.08
1145.21
1148.66
1151.68
1149.8
1147.05
1143.29
1135.99
1130.55
1127.03
1122.48
1117.82
1113.78
1111.28
1107.77
1106.48
1106.46
1106.75
1108.84
1112.1
1116
1120.38
1126.05
1129.63
1132.03
1134
1137.11
1143.76
1151.5
1152.34
1152.18
1155.86
1160.42
1160.18
1158.86
1156.81
1152.07
1149.01
1145.99
1140.35
1134.71
1127.92
1121.47
1114.12
1109.28
1108.24
1109.98
1114.64
1122.49
1129
1135.2
1139.4
1142.92
1145.5
1148.33
1150
1150.34
1151.52
1152.34
1152.01
1152.05
1150.67
1149.31
1148.32
1147.25
1146.79
1147.04
1146.89
1146.88
1148.74
1151.29
1153.97
1156.98
1160.31
1162.67
1164.21
1165.48
1165.43
1166.06
1164.93
1163.96
1160.58
1157.92
1154.27
1152.89
1152.69
1151.67
1148.51
1151.89
1150.78
1146.78
1147.25
1148.25
1148.94
1151.48
1156.09
1167.93
1180.43
1185.11
1189.48
1195.44
1203.89
1205.62
1206.28
1205.36
1203.91
1202.7
1201.01
1197.81
1194.04
1192.19
1190.33
1190.89
1191.72
1194.85
1196.89
1197.22
1194.16
1187.26
1183.07
1185.13
1187.94
1169.35
1136.32
1140.63
1152
1164.35
1195.46
1230.66
1239.6
1129.87
1148.34
1146.97
1138.07
1136.01
1138.65
1140.42
1137.82
1135.13
1137.22
1140.52
1142.68
1142.3
1131.91
1112.34
1096.61
1092.32
1092.48
1091.85
1091
1089.3
1086.33
1083.24
1083.72
1090.72
1104.99
1110.2
1108.42
1106.84
1106.53
1106.68
1108.71
1110.22
1112.13
1113.21
1113.11
1112.02
1110.19
1107.7
1105.18
1102.73
1101.4
1101.02
1102.46
1106.89
1115.12
1122.75
1124.32
1127
1128.38
1129.32
1125.16
1102.28
1087.38
1097.4
1114.24
1122.24
1123.61
1122.97
1121.56
1120.49
1119.51
1118.86
1118.06
1117.79
1117.46
1117.36
1117.42
1118.27
1119.21
1120.51
1121.98
1123.34
1124.15
1124.24
1124.16
1124.37
1125.09
1125.31
1123.28
1121.45
1119.74
1120.51
1122.06
1123.44
1123.18
1122.07
1120.47
1118.67
1118.13
1120.04
1118.93
1118.77
1118.68
1116.75
1113.56
1110.46
1107.29
1105.2
1103.7
1103.2
1104.33
1106.26
1109.37
1111.45
1113.51
1115.62
1116.86
1117.47
1118
1121.36
1120.15
1118.1
1116.99
1117.77
1118.24
1118.1
1117.18
1115.86
1114.36
1112
1109.69
1107.31
1105.36
1103.49
1101.97
1101.74
1101.78
1103.03
1104.35
1106.77
1108.88
1112.14
1114.78
1117.16
1118.88
1119.43
1119.99
1122.23
1125.55
1126.37
1126.78
1126.46
1125.88
1126.59
1125.93
1127.15
1128.89
1129.62
1128.31
1125.76
1124.59
1124.89
1125.91
1126.58
1124.63
1122.81
1121.84
1122.2
1124.68
1128.18
1131.89
1135.45
1137.84
1139.04
1139.4
1138.54
1135.87
1133.24
1130.03
1127.55
1126.15
1124.34
1119.45
1110.5
1108.1
1110.2
1117.82
1124.67
1129.52
1131.83
1131.94
1130.44
1127.59
1124.78
1122.79
1121.13
1115.73
1108.55
1106.61
1105.93
1106.75
1108.37
1109.68
1110.79
1111.45
1111.51
1110.67
1109.68
1108.67
1108.1
1108.04
1107.53
1105.03
1098.33
1107.04
1135.34
1136.66
1134.16
1145.57
1151.91
1150.48
1140.9
1134.45
1132.67
1133.84
1135.41
1136.8
1137.4
1138.31
1138.87
1139.53
1139.44
1139.33
1139.31
1138.36
1138.18
1136.31
1135.91
1135.32
1134.74
1133.15
1132.03
1129
1130.25
1134.88
1136.23
1136.39
1135.27
1134.75
1134.82
1134.64
1134.4
1134.83
1136.95
1138.02
1134.4
1129.92
1125.67
1121.51
1118.79
1116.7
1114.18
1112.62
1112.8
1114.66
1117.82
1120.78
1124.11
1127.58
1129.89
1133.28
1136.94
1138.19
1136.68
1137.88
1141.34
1143.18
1142.82
1142.25
1142.73
1145.3
1150.41
1150.77
1147.71
1145.82
1144.1
1137.8
1131.77
1128.32
1124.59
1119.95
1116.11
1113.8
1111.19
1109.55
1109.13
1109.16
1111.63
1114.65
1118.07
1122.03
1127.4
1130.12
1131.98
1134.68
1138.51
1147.26
1151.71
1152.42
1152.88
1157.8
1162.26
1162.14
1160.96
1158.42
1153.42
1149.86
1147.2
1142
1136.77
1131.03
1126.16
1119.96
1115.28
1113.66
1115.51
1119.89
1126.23
1131.4
1137.17
1140.3
1143.45
1146.29
1149.1
1149.91
1150.86
1152.22
1152.78
1152.61
1152.82
1151.97
1151.55
1150.6
1149.34
1147.65
1147.05
1147.13
1147.48
1148.42
1150.31
1152.77
1155.15
1157.72
1160.22
1162.1
1162.85
1163.25
1163.31
1161.68
1159.76
1157.65
1153.84
1152.38
1150.92
1152.06
1151.01
1148.1
1151.51
1154.85
1148.22
1147.97
1148.31
1149.47
1152.11
1154.73
1152.01
1161.31
1172.88
1185.96
1194.78
1200.21
1205.81
1206.88
1206.33
1204.48
1203.64
1201.77
1199.69
1196.87
1195.78
1193.91
1194.63
1195.31
1196.68
1198.41
1196.38
1191.07
1184.69
1181.56
1184.4
1187.97
1169.03
1130.74
1120.2
1126.44
1142.65
1183.52
1224.35
1234.18
1131.44
1148.9
1146.61
1137.98
1135.85
1138.15
1139.99
1139.15
1137.99
1139.23
1141.56
1145.01
1145.73
1137.74
1118.63
1097.52
1092.76
1092.49
1091.86
1090.53
1088.89
1087.19
1086.33
1088.78
1095.33
1106.48
1110.27
1108.67
1106.74
1106.04
1106.16
1106.64
1107.72
1108.26
1108.95
1108.44
1107.6
1105.9
1104.17
1102.34
1101.57
1101.85
1104.89
1110.07
1117.73
1122.7
1125.54
1126.44
1128.19
1128.62
1126.76
1113.06
1087.04
1084.59
1095.88
1112.5
1121.51
1123.32
1123.32
1122.55
1121.53
1120.74
1120.09
1119.86
1119.46
1119.51
1119.57
1119.92
1120.34
1121.48
1122.12
1123.2
1123.71
1124.2
1124.16
1124.29
1124.47
1124.84
1123.97
1121.42
1121.29
1120.1
1120.38
1121.56
1122.93
1122.82
1121.91
1120.47
1118.86
1118.1
1119.78
1119.71
1119.01
1119.23
1118.61
1115.94
1112.95
1110.58
1108.63
1107.55
1107.21
1107.49
1109.49
1110.71
1112.48
1114.56
1115.88
1116.65
1117.51
1118.95
1121.16
1119.55
1117.98
1117.25
1117.83
1118.42
1118.53
1117.85
1116.71
1115.61
1113.9
1111.88
1109.32
1107.09
1105.94
1105.25
1104.33
1104.71
1105.36
1106.88
1108.69
1110.89
1113.47
1115.7
1117.63
1119.07
1119.67
1120.77
1123.54
1122.58
1123.21
1125.28
1126.87
1126.29
1125.78
1125.42
1125.11
1125.29
1125.24
1124.76
1124.57
1124.9
1125.76
1126.76
1127.09
1125.62
1123.94
1122.68
1122
1123.72
1127.05
1129.91
1132.03
1134.51
1135.96
1135.51
1134.56
1133.03
1130.57
1128.31
1126.77
1124.99
1121.62
1116.75
1112.35
1108.55
1109.74
1116.14
1121.42
1125.56
1127.64
1127.91
1126.65
1124.64
1122.82
1121.98
1121.55
1118.35
1110.18
1107.39
1106.15
1105.98
1107.31
1108.39
1108.71
1109.09
1109.52
1109.42
1108.86
1108.51
1108.17
1107.43
1105.19
1101.19
1103.59
1123.72
1138.73
1140.47
1139.3
1146.5
1152.42
1152.5
1143.98
1135.93
1132.83
1133.5
1134.98
1136.24
1137.05
1137.75
1138.15
1138.72
1138.9
1138.81
1138.53
1137.74
1137.17
1136.14
1135.93
1135.47
1134.93
1134.04
1133.31
1129.72
1129.67
1133.67
1136.14
1136.93
1136.41
1135.93
1135.56
1135.63
1135.1
1134.13
1135.73
1138.79
1136.62
1132.27
1128.51
1124.58
1121.4
1119.1
1118.15
1118
1117.81
1118.79
1120.68
1123.08
1125.89
1128.89
1131.09
1133.88
1136.82
1136.93
1136.79
1139.68
1142.84
1143.56
1143.13
1142.52
1142.92
1145.42
1148.98
1147.9
1144.88
1144.25
1144.56
1139.96
1133.52
1130.11
1126.85
1123.02
1119.39
1116.92
1114.86
1113.57
1112.57
1113.53
1115.94
1117.68
1121.1
1125.14
1128.74
1130.68
1132.73
1136.27
1141.66
1149.1
1151.31
1153.16
1155.03
1159.77
1162.77
1163
1161.23
1158.7
1154.92
1150.74
1148.9
1144.74
1139.27
1134.65
1129.98
1126.74
1123.98
1122.64
1123.68
1126.71
1130.29
1134.54
1138.38
1141.64
1144.48
1147.01
1149.62
1150.23
1150.95
1152.55
1152.93
1152.77
1153.14
1152.04
1151.56
1151.36
1151.16
1150.61
1149.08
1147.36
1146.71
1147.18
1148.15
1150.04
1152.06
1154.04
1156.01
1157.34
1158.44
1158.69
1158.26
1157.1
1154.54
1153.28
1150.24
1150.31
1149.66
1151.32
1149.58
1147.14
1149.76
1158.26
1154.61
1148.95
1148.44
1149.07
1149.96
1150.7
1151.66
1158.09
1166.78
1180.8
1193
1199
1203.08
1205.8
1206.62
1205.49
1205.13
1202.88
1201.97
1199.75
1198.88
1198.15
1197.61
1198.87
1198.94
1197.46
1193.86
1186.65
1180.87
1181.24
1184.78
1185.41
1162.08
1122.45
1097.09
1099.61
1126.79
1174.65
1217.73
1229.6
1131.82
1149.32
1147.75
1139.58
1136.2
1137.34
1139.35
1139.64
1139.56
1140.6
1143.28
1148.51
1151.9
1148.48
1130.61
1102.7
1093.66
1092.85
1092.43
1091.71
1090.81
1090.33
1091.44
1094.01
1098.55
1107.35
1110.58
1108.83
1107.08
1105.56
1105.66
1105.31
1105.46
1105.43
1104.86
1104.75
1103.62
1102.93
1102.19
1102.37
1103.64
1106.86
1111.39
1116.89
1122.38
1124.44
1126.67
1127.24
1128.01
1125.76
1117.16
1093.95
1083.26
1084.19
1092.59
1108.72
1119.71
1122.99
1123.6
1123.08
1122.51
1122.05
1121.78
1121.1
1121.1
1121.13
1121.47
1121.71
1121.97
1122.9
1123.06
1123.59
1123.51
1123.63
1123.57
1123.32
1123.05
1123
1120.93
1119.64
1120.62
1120.25
1120.39
1121.17
1122.17
1122.04
1121.42
1120.24
1118.73
1118.24
1119.24
1120.64
1119.62
1119.42
1119.59
1118.57
1115.97
1113.43
1111.73
1110.69
1110.59
1110.96
1111.44
1112.62
1114.16
1115.2
1116.13
1117.12
1118.24
1120.25
1121.18
1119.57
1118.03
1117.45
1117.75
1118.56
1119.02
1118.88
1117.84
1116.59
1115.63
1114.31
1112.3
1110.24
1108.37
1107.33
1107.52
1107.45
1108.29
1109.25
1111.16
1112.99
1115.01
1116.71
1118.26
1119.69
1120.31
1121.57
1121.36
1118.85
1118.94
1120.6
1123.94
1126.24
1125.52
1125
1124.77
1124.73
1124.78
1124.97
1125.53
1126.25
1126.94
1127.64
1127.81
1126.7
1125.47
1124.08
1122.62
1122.74
1125.31
1128.14
1129.99
1130.88
1131.79
1132.4
1131.45
1130.13
1128.54
1127.19
1125.6
1123.38
1120.89
1119.52
1117.3
1111.04
1108.7
1112.04
1115.49
1117.6
1119
1119.39
1119.12
1118.63
1118.74
1119.73
1121.13
1120.3
1112.81
1108.64
1107.05
1105.68
1105.78
1106.91
1107.88
1108.03
1108.16
1108.3
1108.2
1107.8
1107.01
1105.27
1102.45
1102.1
1109.1
1125.64
1133.78
1143.14
1142.78
1146.01
1151.67
1153.29
1146.36
1137.95
1133.8
1133.13
1134.39
1135.49
1136.28
1136.48
1136.63
1136.67
1136.7
1136.58
1136.47
1136.23
1136.23
1135.97
1135.81
1135.66
1135.42
1134.78
1134.04
1130.32
1129.5
1132.76
1135.71
1137.2
1137.71
1137.19
1137.02
1136.23
1135.47
1134.41
1134.43
1137.91
1138.75
1135.27
1131.26
1128.07
1125.15
1122.99
1121.49
1120.91
1121.53
1122.38
1123.92
1125.86
1128.26
1130.33
1132.54
1134.76
1135.93
1135.69
1137.77
1141.59
1143.15
1142.98
1142.78
1142.84
1143.41
1144.86
1145.67
1143.66
1142.12
1142.81
1144.3
1141.9
1135.48
1131.99
1129.37
1126.34
1123.4
1120.87
1119.17
1118.02
1118.3
1118.68
1119.76
1121.75
1124.94
1127.77
1129.53
1131.83
1134.69
1138.7
1144.88
1149.02
1150.17
1152.37
1154.93
1158.9
1160.63
1160.67
1159
1157.73
1155.62
1151.77
1150.53
1147.6
1143.33
1139.09
1135.5
1132.28
1130.41
1129.68
1130.61
1132.58
1135.47
1138.27
1140.94
1143.51
1146.12
1148.2
1150.02
1150.47
1150.87
1151.97
1152.7
1152.5
1153.01
1152.04
1151.33
1150.83
1150.72
1150.9
1150.87
1149.91
1147.99
1146.62
1146.32
1146.99
1148.15
1149.52
1150.75
1151.97
1152.82
1152.89
1152.01
1151.6
1149.7
1149.25
1147.64
1148.85
1149.36
1149.57
1147.61
1145.82
1146.08
1156.58
1163.61
1160.11
1154.24
1152.17
1151.64
1152.2
1160.25
1175.34
1189.48
1199.06
1203.88
1204.12
1203.34
1203.84
1205.21
1205.31
1205.71
1204.63
1203.7
1201.95
1202
1200.42
1200.77
1199.69
1198.53
1194.33
1187.76
1181.52
1178.81
1181.67
1185.26
1175.54
1144.86
1106.69
1084.37
1092.36
1129.1
1181.3
1213.02
1223.23
1130.98
1149.33
1150.44
1143.41
1138.94
1138.38
1139.28
1140.69
1141.78
1143.95
1147.48
1152.31
1154.7
1153.74
1142.92
1120.83
1101.12
1097.01
1095.3
1094.63
1094.36
1094.9
1096.1
1097.64
1100.89
1107.86
1111.09
1109.62
1107.33
1105.72
1104.77
1104.64
1104.42
1104.06
1103.4
1102.84
1102.55
1101.81
1101.77
1101.58
1102.01
1103.46
1106.31
1111.75
1118.67
1122.87
1125.24
1125.41
1124.32
1114.93
1097.94
1083.54
1084.04
1085.65
1089.76
1103.35
1114.59
1120.91
1123.31
1123.59
1123.17
1122.78
1122.32
1122.03
1121.66
1121.52
1121.1
1121.22
1120.94
1121.32
1120.93
1121.23
1121.05
1121.05
1121.01
1121.04
1121.13
1121.24
1120.63
1120.24
1120.5
1120.38
1120.55
1121.05
1121.62
1121.5
1120.74
1119.74
1118.61
1118.34
1119
1120.97
1120.89
1119.71
1119.88
1120.11
1119.13
1116.85
1115.03
1113.56
1112.92
1113.04
1113.6
1114.51
1115.26
1116.13
1117.19
1118.47
1119.81
1121.42
1121.21
1119.9
1118.54
1117.75
1117.74
1118.23
1119.33
1119.64
1118.84
1117.62
1116.96
1116.08
1114.73
1113.51
1112.17
1110.97
1110.3
1110.71
1111.45
1112.26
1113.71
1115.16
1116.56
1117.95
1119.44
1120.12
1120.92
1121.02
1119
1116.63
1116.14
1116.38
1118.09
1122.08
1128.67
1128.23
1127.47
1127.25
1127.34
1127.4
1127.26
1127.29
1127.78
1128.37
1128.36
1127.64
1126.66
1125.66
1123.87
1122.54
1123.61
1126.07
1127.83
1128.78
1128.66
1128.69
1128.61
1127.93
1127.15
1126.07
1124.56
1123.1
1122.18
1122.8
1121.59
1117.23
1110.3
1108.46
1108.3
1108.67
1109.3
1110.19
1110.97
1112.08
1114.08
1116.97
1120.09
1121.03
1116.16
1110.19
1108.82
1106.63
1105.17
1104.92
1105.44
1106.07
1106.5
1106.28
1105.89
1104.95
1103.6
1100.55
1098.05
1098.37
1103.71
1109.92
1119.44
1135.66
1144.34
1149.67
1153.53
1152.61
1145.97
1139.86
1135.35
1133
1133.55
1134.7
1135.4
1135.8
1135.71
1135.35
1135.12
1135
1135.49
1135.31
1135.78
1135.75
1135.95
1136.12
1135.97
1135.4
1133.79
1130.49
1130.12
1131.77
1134.76
1136.84
1137.52
1137.65
1137.47
1136.78
1135.94
1134.65
1133.82
1135.96
1139.6
1138.34
1134.78
1131.46
1129.21
1126.97
1125.73
1125.33
1125.35
1126.1
1127.19
1128.81
1130.26
1131.73
1133.23
1134.57
1135.12
1137.01
1141.34
1143.97
1144.03
1142.79
1142.11
1142.41
1142.81
1142.88
1142.24
1140.91
1141.14
1142.24
1143.55
1143.36
1138.11
1133.98
1131.91
1129.59
1127.21
1125.73
1123.99
1123.21
1122.57
1122.99
1124.51
1126.45
1127.92
1129.69
1131.84
1134.3
1137.5
1141.06
1145.41
1147.25
1147.89
1149.73
1151.27
1154.03
1154.64
1155.33
1155.2
1155.24
1155.02
1152.76
1151.54
1150.49
1147.21
1143.76
1140.48
1138.1
1137.04
1136.55
1137.02
1138.46
1139.43
1141.38
1143.46
1145.68
1147.67
1149.47
1150.47
1150.59
1150.71
1151.49
1151.73
1151.26
1151.79
1151.4
1150.63
1150.54
1150.25
1150.49
1150.58
1149.75
1148.33
1146.79
1145.53
1145.27
1145.31
1145.9
1146.5
1146.99
1147.19
1147.52
1146.84
1147.09
1146.16
1146.55
1147.48
1148.33
1148.69
1146.3
1144.95
1144.22
1143.25
1145.96
1152.54
1159.93
1163.69
1164.58
1165.13
1168.2
1180.19
1194.69
1204.69
1205.95
1204.82
1203.04
1202.16
1202.19
1203.06
1203.3
1203.96
1204.28
1203.25
1202.92
1202.37
1200.74
1199.71
1197.37
1192.88
1187.44
1180.66
1177.09
1179.73
1182.95
1175.81
1151.66
1121.48
1093.02
1091.44
1116.89
1151.33
1197.64
1208.02
1217
1129.02
1148.63
1152.7
1149.37
1144.85
1142.92
1142.75
1144.27
1146.26
1149.16
1152.18
1154.84
1155.84
1153.87
1145.61
1135.36
1122.78
1114.98
1109.02
1105.57
1103.35
1102.12
1101.3
1101.83
1103.8
1108.38
1111.52
1111.32
1108.21
1106.33
1104.35
1103.66
1103.55
1103.03
1102.88
1101.79
1101.03
1099.7
1097.95
1095.68
1092.74
1089.96
1088.22
1089.71
1098.13
1108.31
1114.78
1115.14
1110.13
1095.53
1085.9
1084
1087.41
1089.19
1089.78
1098.1
1108.19
1114.59
1120.88
1123.56
1123.9
1123.55
1123.29
1122.88
1122.6
1122.37
1121.99
1122.35
1121.87
1122.25
1121.83
1121.62
1121.24
1120.98
1120.9
1120.87
1121.08
1121.32
1121.06
1120.77
1120.69
1120.87
1121.03
1121.19
1121.18
1120.75
1119.74
1119.35
1118.82
1118.98
1119.71
1121.1
1121.67
1120.66
1119.7
1120.38
1120.7
1120.14
1118.97
1118.03
1116.86
1116.48
1116.8
1117.14
1117.91
1118.88
1119.8
1120.77
1121.73
1122.22
1121.63
1120.77
1119.79
1118.82
1118.6
1118.97
1119.86
1120.08
1119.47
1118.46
1117.8
1117.46
1116.9
1116.04
1115.1
1114.5
1114.12
1114.25
1114.52
1115.55
1116.59
1117.65
1118.77
1119.34
1120.05
1120.57
1120.52
1119.91
1118.46
1116.26
1115.48
1115.67
1116.3
1117.47
1122.6
1129.79
1132.23
1132.58
1131.38
1129.42
1128
1127.73
1128.34
1128.82
1128.79
1128.09
1127.33
1126.72
1125.59
1123.23
1122.4
1123.89
1125.59
1126.59
1126.92
1127.01
1126.75
1126.55
1126.1
1125.49
1124.68
1124
1123.64
1123.75
1121.98
1119.72
1117.16
1113.3
1109.98
1107.57
1106.16
1106.14
1106.53
1108.15
1111.37
1115.43
1119.16
1120.87
1119.18
1112.32
1110.84
1109.42
1106.67
1104.72
1103.43
1102.28
1101.63
1101
1100
1098.64
1096.99
1095.43
1094.56
1094.75
1096.71
1103.49
1115.8
1129.17
1140.04
1146.7
1148.31
1146.25
1141.54
1139.42
1137.8
1133.78
1132.92
1133.68
1134.25
1134.45
1134.44
1134.49
1134.3
1134.49
1134.56
1134.97
1135.45
1135.76
1136.11
1136.05
1135.71
1135
1132.83
1130.86
1129.88
1130.79
1132.78
1134.34
1135.89
1136.37
1136.23
1135.82
1135.24
1134.38
1133.73
1134.06
1138.63
1140.61
1138.74
1135.99
1133.17
1131.12
1129.64
1129.27
1129.17
1129.55
1129.86
1130.89
1132.05
1133.22
1134.45
1135.72
1137.87
1141.87
1145.05
1146.53
1146.47
1145.43
1143.97
1142.91
1142.39
1141.84
1141.41
1141.12
1141.86
1142.55
1142.99
1143.42
1140.9
1135.73
1134.05
1132.62
1131.08
1129.63
1128.5
1127.37
1127.42
1127.46
1128.84
1129.86
1131.34
1133.26
1135.21
1137.25
1139.2
1141.33
1142.58
1143.04
1143.22
1144.62
1145.92
1148.04
1149.12
1150.55
1151.13
1152.14
1153.57
1153.28
1151.85
1152.38
1151.11
1148.59
1146.39
1143.94
1142.17
1141.33
1141.5
1142.31
1143.61
1145.07
1146.79
1148.2
1149.59
1150.66
1150.91
1150.75
1150.57
1150.82
1150.88
1150.2
1150.2
1150.31
1150.1
1149.98
1150.29
1150.48
1150.21
1148.04
1145.84
1144.68
1143.99
1143.75
1143.48
1143.45
1143.57
1143.9
1143.71
1144.4
1144.08
1145.01
1145.46
1146.61
1148.11
1148.11
1144.95
1141.61
1142.03
1141.99
1142.31
1142.54
1145
1148.41
1153.33
1157.71
1163.19
1170.87
1182.28
1198.38
1204.37
1202.13
1197.54
1194.65
1194.4
1196.16
1198.1
1199.14
1199.49
1200
1199.43
1198.67
1197.68
1195.93
1192.6
1188.74
1183.64
1178.22
1175.29
1177.6
1181.31
1176.13
1150.33
1124.65
1113.13
1114.27
1127.46
1151.32
1180.8
1203.4
1204.26
1212.02
1126.91
1146.35
1153.7
1153.59
1152.13
1151.23
1150.85
1151.23
1151.94
1153.34
1154.4
1155.55
1155.66
1153.65
1144.95
1134.06
1127.28
1122.76
1118.78
1115.39
1111.97
1109.75
1108.24
1107.94
1108.19
1109.58
1111
1112.89
1110.46
1107.27
1104.81
1102.94
1101.58
1101.04
1100.19
1098.96
1098.32
1096.52
1095.42
1092.85
1091.05
1088.85
1087.94
1087.5
1088.2
1089.82
1093.19
1094.28
1093.53
1089.05
1088.45
1089.2
1090.96
1091.39
1090.84
1095.67
1104.52
1108.1
1112.05
1122.18
1124.03
1124.11
1123.9
1124
1123.78
1124.01
1123.88
1124.17
1124.55
1124.7
1125.31
1125.59
1125.35
1124.03
1122.73
1121.87
1121.65
1121.75
1121.43
1121.3
1121.47
1121.48
1121.35
1121.03
1120.66
1120.28
1119.95
1119.61
1119.81
1120.24
1121.16
1121.81
1121.88
1121.81
1119.83
1119.56
1120.95
1121.09
1121.07
1120.71
1120.77
1120.64
1120.61
1120.81
1121.22
1121.48
1121.72
1121.89
1121.88
1121.72
1121.23
1120.86
1120.65
1120.27
1120.21
1120.13
1120.46
1120.36
1119.78
1118.92
1117.74
1117.75
1117.77
1117.72
1117.48
1116.51
1116.43
1117.09
1117.09
1118.24
1118.08
1118.67
1119.14
1119.53
1119.57
1119.34
1118.94
1118.68
1117.36
1116.34
1115.75
1115.54
1116.09
1117.39
1122.32
1129.73
1132.4
1131.57
1129.4
1128.13
1127.88
1127.97
1128.06
1128.11
1127.86
1127.42
1126.86
1126.62
1126.64
1124.67
1122.1
1122.15
1123.03
1123.6
1123.9
1124.32
1124.45
1124.57
1124.59
1124.51
1124.19
1123.78
1123.16
1122.27
1120.47
1119.51
1119.05
1117.7
1115.36
1112.43
1110.35
1109.77
1110.08
1111.81
1114.42
1117.09
1119.3
1120.46
1120.04
1115.17
1111.29
1112.05
1110.66
1108.67
1107.25
1106.1
1105.1
1104.7
1103.87
1103.22
1102.85
1102.87
1103.46
1104.87
1108.31
1115.01
1122.01
1127.8
1131.67
1133.35
1133.86
1134.06
1134.62
1136.05
1138.96
1135.43
1132.48
1132.62
1132.84
1132.49
1132.26
1131.91
1132.07
1132.28
1132.19
1132.98
1133.31
1133.64
1133.89
1133.78
1133.33
1132.45
1131.49
1130.31
1130.46
1130.39
1131.33
1132.24
1132.97
1133.28
1133.77
1133.8
1133.79
1133.62
1133.37
1133.57
1135.98
1140.31
1141.01
1139.73
1138.38
1137.19
1136.15
1135.59
1135.42
1135.5
1136.12
1136.91
1137.84
1138.91
1140.18
1141.79
1143.35
1145.06
1145.84
1145.81
1145.22
1144.73
1144.26
1143.89
1143.38
1142.94
1142.81
1142.6
1142.68
1142.54
1142.48
1142.94
1141.79
1137.18
1134.9
1134.47
1133.9
1133.36
1132.86
1132.71
1132.46
1133.39
1133.47
1135.04
1135.81
1137.07
1137.94
1138.82
1139.37
1139.72
1139.47
1139.7
1139.48
1140.34
1140.88
1142.27
1143.2
1145.47
1147.06
1149.43
1152.19
1152.93
1151.66
1152.41
1152.96
1152.13
1151.01
1150.05
1149.3
1148.89
1148.86
1149.17
1149.7
1150.46
1151.23
1151.84
1152.11
1152.22
1151.96
1151.73
1151.44
1151.39
1150.49
1150.95
1149.89
1150.38
1150
1150.34
1150.32
1150.9
1149.44
1144.32
1143.09
1143.1
1143.18
1143.17
1143.1
1143.19
1143.15
1143.57
1143.43
1144.04
1144.94
1145.2
1146.22
1148.57
1148.35
1144.53
1139.21
1138.93
1140.88
1141.13
1142.69
1143.39
1145.97
1147.13
1149.18
1150.91
1153.12
1158.31
1174.86
1198.2
1201.66
1196.52
1190.69
1186.93
1185.63
1186.43
1187.29
1188.82
1188.12
1188.99
1186.69
1186.91
1183.78
1182.94
1179.31
1177.59
1174.64
1173.49
1174.05
1181.48
1175.98
1160.4
1153.67
1152.08
1153.15
1162.39
1173.42
1187.96
1198.74
1203
1202.91
1209.03
)
;

boundaryField
{
    wand
    {
        type            zeroGradient;
    }
    frontAndBack
    {
        type            empty;
    }
}


// ************************************************************************* //
