/*--------------------------------*- C++ -*----------------------------------*\
| =========                 |                                                 |
| \\      /  F ield         | OpenFOAM: The Open Source CFD Toolbox           |
|  \\    /   O peration     | Version:  2.1.1                                 |
|   \\  /    A nd           | Web:      www.OpenFOAM.org                      |
|    \\/     M anipulation  |                                                 |
\*---------------------------------------------------------------------------*/
FoamFile
{
    version     2.0;
    format      ascii;
    class       volScalarField;
    location    "0.003550000";
    object      p;
}
// * * * * * * * * * * * * * * * * * * * * * * * * * * * * * * * * * * * * * //

dimensions      [1 -1 -2 0 0 0 0];

internalField   nonuniform List<scalar> 
12384
(
816367
803270
783485
763669
752476
738735
728660
726657
692094
703197
658347
670288
640774
655042
654695
651466
647437
641383
632891
632934
616346
622124
606782
612775
604877
618810
607087
643498
631766
682060
666195
722181
706674
763808
755537
799477
804454
815616
821245
822476
825788
832872
842044
845524
503519
497015
509124
521063
541082
550096
615720
625344
631178
657498
652452
661836
660567
660156
651730
660076
638993
677267
720951
714883
773545
775429
767710
754012
725214
725583
704266
706104
697938
699759
736861
723989
707195
691784
673616
651711
637020
622915
606954
573822
580332
572878
538893
547185
535008
522388
520134
533251
530933
537735
511789
579656
591418
665981
717960
735740
769090
762668
771344
757128
1.01859e+06
992807
957251
953081
888042
911771
855299
864705
859412
841276
847192
800378
806951
723826
742950
696467
707570
693723
702870
703103
705057
706937
699495
688096
672987
658486
643970
635249
630074
625445
594581
602570
607206
612118
630012
626657
633892
646554
650920
660117
666087
665621
668388
661559
634219
644071
586604
611164
536856
585166
499545
667429
544726
818949
818275
864297
851345
844801
837970
830546
1.13591e+06
1.11021e+06
1.06826e+06
1.00399e+06
939746
872506
794511
821439
746552
774743
685766
715765
654589
677240
645511
658772
659575
651614
665729
678012
667335
712624
705926
729186
780133
790116
801935
833370
829656
849005
711320
696619
744180
732636
777626
786922
805286
806188
814238
810848
820324
823627
821203
821533
814459
831444
871903
898184
883617
777265
640506
600190
582382
613678
602837
601028
600347
632614
585696
586720
620713
627381
638859
769172
863549
872463
825240
850102
887860
836757
832868
667178
727473
651825
683704
681763
681441
676851
674489
673077
675107
681994
689269
692974
693098
688981
678912
662844
659965
651624
795530
791874
774175
771848
780374
775765
814066
817536
826034
819726
808869
809058
839267
823948
832070
861665
852654
832031
818837
774242
745052
790140
866148
849247
894915
929547
943991
940842
942511
947848
895850
886560
930642
918048
954802
943715
972036
938294
1.02625e+06
1.01292e+06
1.13561e+06
1.12386e+06
1.06201e+06
756877
758153
713037
740111
787971
835840
876481
919601
930253
935978
926941
911757
914807
920054
915862
936725
924662
868531
998521
980584
1.06492e+06
1.045e+06
1.06118e+06
1.06556e+06
1.06023e+06
1.10309e+06
1.03442e+06
1.03147e+06
733096
859008
708628
779992
758597
793862
787444
819671
834260
856880
865573
874764
870560
867963
859761
859481
856509
874485
869263
2.62911e+06
1.74047e+06
1.38472e+06
1.04656e+06
1.21331e+06
949506
1.07926e+06
979387
1.0214e+06
1.00757e+06
1.0031e+06
1.01793e+06
1.01181e+06
1.02551e+06
981758
999571
989607
973009
908061
827871
1.17143e+06
1.92665e+06
2.18993e+06
2.42039e+06
2.4198e+06
2.37225e+06
2.30818e+06
2.3184e+06
2.29181e+06
2.30488e+06
811423
794453
779347
758916
747142
735565
724230
718603
701414
692980
677329
652422
655893
644834
653824
650367
645077
642959
634279
631898
619496
622069
609254
612362
610877
613819
620012
637867
639410
676609
671382
717562
710869
759779
757155
798794
802711
819126
817191
820164
821234
823546
827719
834297
511222
498271
529227
510005
562620
583618
611848
623338
636275
628669
649732
641708
648458
646066
650089
648587
636947
693977
686578
736193
761423
775262
765615
755562
735034
727286
715452
704264
706750
696581
728853
719105
706550
689543
673466
663811
628397
621466
598985
598227
559457
567598
551928
535416
547355
550212
548014
527391
518034
518154
540104
584295
631204
709189
723434
738478
757693
769078
760815
764607
1.00737e+06
987075
963199
930950
915019
870713
878354
823182
842906
818004
791879
777782
731814
737247
688399
701395
685934
694991
690783
701522
703708
701316
700016
688948
678282
664256
647921
645586
626279
619053
619262
618178
623892
625467
630580
628142
637350
645203
654133
660007
669479
674704
671830
669181
652040
643218
600016
576710
559661
556927
533954
622174
575369
776754
817969
850129
854915
838632
833412
827395
1.11404e+06
1.09286e+06
1.05888e+06
999670
923748
902462
785806
832608
745442
765737
689363
705171
655005
660189
655414
646053
643568
649539
660021
653029
674418
702317
688827
750536
765542
793192
827167
829483
849824
840180
701547
702041
724116
739174
757035
773972
793026
803702
808104
812847
823516
829033
827796
835680
840979
851976
882941
912765
903561
806685
652371
635670
651425
625697
661408
642922
685918
614612
627448
668845
732414
820424
838915
839048
817570
849092
896554
908919
908793
865982
803520
699418
696964
659182
661584
668232
666305
661599
655194
653904
653499
652334
654559
656346
659004
656842
649502
646181
635759
624654
766210
749533
746887
739569
758769
784677
789982
804616
793813
798760
809858
829798
827436
857398
875613
854752
847251
822378
779112
745007
777837
808649
804446
847170
904580
929208
941083
950503
952144
949669
908075
901549
937121
927781
952011
951247
967049
958845
994145
1.03118e+06
1.07618e+06
1.13258e+06
1.01091e+06
820976
729282
721768
744755
804939
835498
880973
894480
920845
923264
913863
912702
910454
904358
915572
927849
945210
904401
900625
958181
1.02777e+06
1.05636e+06
1.02852e+06
1.03355e+06
1.06589e+06
1.06596e+06
1.06028e+06
981149
795185
800734
749571
757075
772170
789900
796226
819578
834095
850062
866032
865890
869650
861433
855740
848441
849434
844306
865978
2.35651e+06
1.59468e+06
1.31491e+06
1.18865e+06
1.09227e+06
1.03024e+06
1.04258e+06
990558
1.01149e+06
1.00965e+06
1.0208e+06
1.02437e+06
1.04638e+06
1.0256e+06
1.03794e+06
1.04413e+06
970326
998827
971805
1.21454e+06
1.42768e+06
1.47481e+06
1.98991e+06
2.06327e+06
2.21455e+06
2.24192e+06
2.26662e+06
2.21156e+06
2.20858e+06
2.21275e+06
802538
788642
775776
754021
747235
726502
720357
718486
700255
694517
677950
657152
663343
641894
652638
647330
647030
644130
632927
634075
620120
622648
610952
612615
616424
614439
629166
639888
645838
678287
673377
719393
710711
760874
755741
797188
802091
810234
816813
809911
812461
813833
817803
819667
498850
506963
514961
538546
583675
608222
625006
621142
623716
622867
614637
632011
630598
636654
644370
645190
638879
698993
672154
738654
762170
765411
766261
755218
746599
729096
722511
714251
705904
710502
720012
712991
701880
690941
676003
655865
630231
633419
596284
601566
567110
579323
576937
577890
549482
554564
532169
561590
561858
589588
596100
638642
679236
717668
736312
746696
734034
726709
722442
708822
1.00251e+06
987135
961034
951703
890883
893565
848623
813268
815868
763801
760769
711675
706068
656431
686253
678702
675108
677920
686941
682917
695560
698387
696158
694748
681714
670564
654169
648587
640196
650524
600717
607271
607306
616673
621834
630128
639424
651188
655825
665982
674777
682463
683840
672792
658822
658802
585536
577252
572855
559630
508186
626025
551939
755069
797763
835076
829907
827808
823279
816651
1.09873e+06
1.07914e+06
1.04638e+06
989894
924158
898732
789826
830855
740376
749892
684439
693107
647143
664186
636665
643609
646631
637403
656351
651391
654854
711285
677153
767298
754994
810645
816286
853674
847501
875058
706114
693523
729252
721745
754142
756371
777405
785161
804502
814589
824565
829706
837184
841804
851436
880298
899124
926837
927204
840438
680907
691280
646034
686138
671486
716005
671271
681141
704913
620112
965571
881836
849346
867413
900431
894816
897007
912737
916858
886698
847347
661469
730855
626358
669228
650709
649742
641476
638833
633936
630393
628354
628950
644598
650360
641439
624251
610716
598934
597865
731645
730347
714481
730604
727148
752887
777715
776178
798049
795358
807532
803607
840451
857549
863931
883063
857494
802372
781976
687341
717396
746433
763722
838384
889010
913148
939246
954264
957636
958172
910897
913638
945875
941468
966190
956205
976962
954753
1.00732e+06
996565
1.05336e+06
1.0286e+06
1.04015e+06
802909
788789
739632
749039
817699
837781
891767
898210
914302
901883
909108
899366
893837
901489
911833
909897
921074
797998
831077
937416
1.00289e+06
1.00544e+06
1.02997e+06
1.00159e+06
1.00539e+06
1.05896e+06
1.00567e+06
1.00276e+06
758656
833510
733536
776411
766829
799456
792913
822126
825130
844508
851634
862574
855713
853216
846255
849748
847166
850681
836662
1.95976e+06
1.50549e+06
1.35728e+06
1.11334e+06
1.08496e+06
1.02717e+06
1.01774e+06
980553
988274
998146
1.01116e+06
1.04205e+06
1.03484e+06
1.05422e+06
1.07986e+06
1.03102e+06
1.11571e+06
1.10182e+06
1.32782e+06
1.53482e+06
1.61372e+06
1.6424e+06
1.48217e+06
1.83131e+06
1.96377e+06
2.07481e+06
2.06726e+06
2.09858e+06
2.1037e+06
2.07206e+06
793542
781146
766644
746889
737486
716230
720326
705037
707446
686132
688765
667883
660526
650475
655789
653477
646291
645084
638283
628410
628831
619845
619989
610776
625474
618431
643318
634964
669104
661956
697792
703555
722725
750711
764799
782137
802153
805786
804529
805603
794391
791696
790351
789252
529362
525714
559752
577650
614452
619939
627170
621502
613308
613387
610902
603406
619357
624516
633359
632912
657043
659856
687382
721597
759578
765316
764385
757303
755929
733716
732885
716831
718189
714886
706009
699202
694105
691796
665353
666239
634776
636126
593826
602368
578821
573609
571081
567754
571170
556313
575593
564678
585320
595905
628181
684888
712637
729839
738921
733494
734354
733740
723468
724360
1.02377e+06
1.00098e+06
971051
939327
923612
854604
862250
791684
773508
746347
681081
679157
645703
666007
622229
631294
665530
662939
670644
682999
675880
694985
696826
691808
689262
675477
665910
659211
648741
635105
655603
649619
649540
643919
648026
647810
648698
654136
662038
671612
681261
689807
690578
685191
665159
647112
594117
591889
554137
528571
527978
581603
575152
728676
778904
809537
813961
807125
801443
795080
1.08719e+06
1.06591e+06
1.01894e+06
1.00496e+06
907451
883607
798279
806555
730637
748556
679524
678051
655246
635362
643581
628772
630403
636839
642091
641749
672923
671629
700152
739560
797312
789598
847539
853123
873686
863417
671361
701707
693937
727439
717001
750282
744637
783076
787785
812243
813264
830458
834331
853459
863155
889690
897851
932724
923027
868420
721509
692390
729012
732337
744161
714104
735233
770978
754155
780784
1.11491e+06
1.05716e+06
966828
902023
888251
896506
907432
911492
919081
885028
878550
673613
727092
609142
644435
633797
627359
629681
624125
617955
620218
623485
628284
618289
610663
603864
598487
588017
584479
587460
695687
686656
706234
672282
708921
729915
756159
773461
767428
777018
777116
807554
828175
844633
865572
860972
866090
795930
801426
639690
690943
774564
725217
828330
871862
904512
934404
960513
973027
973185
933498
932595
943784
969580
964693
974616
967080
980851
970974
1.00892e+06
999665
1.03954e+06
922908
878619
692093
742013
767623
817285
838413
882089
890728
896567
897971
909816
884007
873483
875177
877559
904931
904219
809324
798334
867757
940730
977185
960089
984108
998606
979935
1.01523e+06
853683
869144
739033
775690
771553
778162
789440
806136
811836
826264
825599
834366
832669
838868
837226
841531
839140
841020
830941
830195
1.60316e+06
1.52359e+06
1.16054e+06
1.14129e+06
1.04799e+06
1.02084e+06
972197
980724
968698
981666
1.02509e+06
1.01295e+06
1.06123e+06
1.10755e+06
1.08424e+06
1.16492e+06
1.18663e+06
1.41926e+06
1.62605e+06
1.769e+06
1.74548e+06
1.59697e+06
1.54764e+06
1.39318e+06
1.69885e+06
1.92603e+06
2.05852e+06
2.04673e+06
2.02198e+06
2.02282e+06
783557
772108
751970
746133
715014
718889
702748
707830
695979
697157
684718
672941
665227
661286
650229
653320
647954
638378
641949
635559
620405
617625
615096
618501
623980
625374
645415
651445
663026
681684
692931
717183
724458
749994
761053
777259
784775
796827
792052
786079
783640
771615
771284
772248
518372
550014
569330
615439
628117
637517
626755
622192
608717
605443
604384
603713
600047
616884
618433
632224
658106
640178
690964
719045
735388
760594
761722
760532
753955
740812
740427
728923
725210
728317
692096
692709
693966
679661
677862
662960
641981
634983
602857
612655
587489
596475
589468
601907
591466
621333
604879
618278
618945
640620
680207
693244
710547
719618
724180
724793
713339
695285
683463
672600
1.03828e+06
1.0387e+06
1.00493e+06
953089
914656
876535
806764
798083
735809
693016
692833
638644
647883
613329
638666
623957
617838
645579
638186
653171
663891
663375
687187
692085
689014
682833
675851
672324
673976
685424
657584
654693
651457
651468
645692
650772
656682
662228
669692
676470
686618
690019
691957
688151
663202
633697
616620
595290
519591
545086
504024
581365
585764
708130
760469
771035
775757
781567
791405
797121
1.08148e+06
1.0417e+06
1.02314e+06
986733
892551
864788
814169
756774
745850
701308
691590
648782
661695
627144
638866
625239
632098
630936
642064
639146
676955
654941
740286
718081
783024
809871
827885
874581
871399
899950
679618
671663
695620
680893
715112
699521
737609
743932
776540
793194
810958
818393
829898
844942
861531
860458
881585
896599
922351
846817
739879
743584
734596
741635
738956
764322
775402
761871
782555
783619
1.20968e+06
1.08737e+06
992452
924649
893451
874020
880491
898929
913764
883839
866013
673721
736435
581090
648434
598941
606846
590937
597899
604683
603378
609148
611001
616432
614164
595430
589031
579934
570292
550781
686617
689714
660561
680037
697547
691896
751580
751125
771710
764149
781081
802115
820123
836464
847406
861317
841892
798270
777558
645285
657901
702196
739344
814134
843721
888002
936398
958308
978678
982050
931986
946475
966837
974182
988050
989736
992887
972851
979027
957086
980183
920001
933421
781224
765148
761943
742883
815482
815736
852653
879712
901153
888019
875725
864857
877779
866495
887691
886536
907061
728921
723312
844306
867731
945308
960083
909495
914864
972976
862244
898170
751329
795595
738166
773622
769173
794950
799527
814411
810819
819923
814154
815472
808606
822092
827241
836989
833583
829279
823821
1.63408e+06
1.21604e+06
1.22883e+06
1.02919e+06
1.04349e+06
946811
940247
891863
908044
950945
966097
1.03211e+06
1.09489e+06
1.0903e+06
1.17897e+06
1.23619e+06
1.4319e+06
1.64236e+06
1.80123e+06
1.81158e+06
1.73342e+06
1.62491e+06
1.52944e+06
1.47493e+06
1.3401e+06
1.5109e+06
1.71948e+06
1.82038e+06
1.82748e+06
1.91653e+06
775348
757699
753486
717409
722207
696136
704234
694285
699012
692173
681112
681760
662120
666540
664607
660185
660480
652998
640635
638423
642636
629850
633906
631967
637118
644146
648615
664390
677244
685957
710521
716929
739229
742006
759378
763825
774376
776483
780388
763094
743456
730863
735059
753750
567015
599127
638135
637371
647980
636470
630076
620275
610809
604919
602165
603142
600396
600590
622833
610199
651769
645121
681468
695941
730475
738142
759305
755006
751241
749527
745559
737771
737831
726560
688408
693011
688446
686243
678561
664315
635502
639225
604131
609399
594387
590147
595060
594357
634197
621773
655581
648638
661942
671966
666584
684802
685489
694655
698075
699154
693361
695154
692143
694141
1.08421e+06
1.05258e+06
1.03365e+06
964972
901097
859377
807390
734296
723676
696041
652289
648457
622402
614570
608656
623713
624946
622740
644223
628700
649484
658525
656417
676574
687681
691342
695125
699354
701702
696122
703365
693137
685354
676227
670944
663372
668087
672290
677188
682217
684409
689404
688505
676699
672685
621321
623981
581519
516980
546341
497586
583785
583103
685296
729662
748222
760451
749858
739074
742115
1.06291e+06
1.04232e+06
1.00987e+06
959009
895694
853179
800399
726082
752094
675934
692098
644568
651767
630456
631532
632689
626723
639125
638769
637473
687858
667189
730487
736443
755663
813039
836321
852297
889816
904196
640702
661621
646729
681178
655292
702010
684224
729462
743325
775846
789778
795619
809633
822267
831557
822021
825372
853260
865569
811728
739422
735823
750121
780085
786770
758234
762792
761084
761896
759309
1.16086e+06
1.05808e+06
972777
907051
859077
869268
868559
873970
874358
887099
834322
729821
703515
587025
606026
596049
590800
600533
588905
592107
606496
607995
614414
608207
601720
592303
588227
570489
576278
561029
661088
654320
672868
657712
678666
686620
733543
742307
768820
764423
780626
798149
811829
827016
833409
827193
829920
784491
754323
625352
657686
699145
673664
782253
841504
850559
926883
953867
980405
993449
945122
970328
973109
990385
1.00504e+06
1.01697e+06
1.00282e+06
1.00037e+06
946627
947791
884764
915788
803684
768673
703830
716803
753404
741968
797860
812843
850493
856244
865623
859872
857563
868289
873498
871777
885794
896919
777085
766106
787539
859253
852459
871146
841391
823693
780648
870982
739367
788850
717951
749675
747372
769648
780409
803670
803112
810241
799457
796125
807513
809972
822579
822256
834530
832173
828609
823779
1.29124e+06
1.27311e+06
1.01462e+06
1.07259e+06
945272
955889
848343
855643
882006
905496
934798
1.07167e+06
1.02283e+06
1.18706e+06
1.14939e+06
1.30635e+06
1.6588e+06
1.65901e+06
1.75123e+06
1.74452e+06
1.68352e+06
1.60191e+06
1.52294e+06
1.43258e+06
1.45001e+06
1.38519e+06
1.49611e+06
1.76489e+06
1.85696e+06
1.83074e+06
763637
759970
733775
724065
699577
696901
685832
695405
692372
690911
682110
678700
659616
655996
667666
662192
655953
655030
644622
637018
626631
630048
619436
621206
633868
642950
667705
672823
690985
698999
717782
730161
737486
749004
746532
759192
752247
753389
745058
746518
743739
744123
733945
724044
607220
629408
643718
663347
644453
643011
625840
626866
613613
615288
607320
603028
604990
600218
610777
621725
617101
659504
660792
680252
707491
726021
727857
743050
747147
751479
752181
749619
736871
738654
689343
687175
700889
691375
683721
666854
643638
640423
607028
616327
605801
610554
618817
633562
627411
663585
661426
673985
658117
656845
660321
649689
673914
679429
686036
687104
684945
668305
674661
690670
1.10325e+06
1.08204e+06
1.04107e+06
987885
887785
835772
786135
740556
694068
703044
644210
632995
632855
608574
620571
608506
610157
605449
604036
611306
597091
613478
627224
646054
666979
687591
702605
716804
721336
735240
709832
702487
693009
686296
681608
681315
676204
679484
679625
680548
681717
679385
675027
680232
664186
625205
625879
573734
520239
536766
485321
586165
579554
658291
699186
723523
724399
752421
757531
770659
1.05938e+06
1.0297e+06
989796
947101
893115
828258
779606
729009
738514
671004
694280
636199
658768
626208
638644
628287
641201
634300
656046
661558
673392
713362
719956
738126
779814
770458
839890
848423
878730
896997
647685
625290
643476
615493
658284
635374
688824
681944
725966
725893
757273
779121
782502
784586
785651
797331
781656
806670
817135
787609
748311
741888
772577
773352
767375
783212
745794
737399
725907
710708
1.02846e+06
993380
944126
879554
830414
813930
826842
848869
866422
836317
844891
712197
720354
564710
622281
562571
581357
569177
585242
589559
593637
605217
606382
608657
601666
596459
587079
580400
574997
566219
664321
662403
658839
646701
675968
664110
717952
734248
760320
764472
780481
789453
807221
811661
818003
819634
796490
772545
722968
662938
632856
652403
690609
694362
813897
851356
885498
933618
972899
983786
971604
975274
989881
1.00842e+06
1.01501e+06
1.02176e+06
1.02247e+06
993974
985618
919089
901208
770940
771479
678746
709523
707279
677538
734995
722690
770403
783886
825053
855254
856514
865140
863728
875645
884825
882501
881573
719457
727292
761026
800577
880053
855844
865858
823195
819743
687845
764040
690255
735249
730968
730751
763676
788684
788755
807268
809250
816185
799768
788297
803557
801883
839069
826259
840191
822041
825846
1.34501e+06
1.05906e+06
1.08347e+06
932633
957282
832487
851660
848694
830623
898789
867970
1.01991e+06
1.0205e+06
1.22826e+06
1.07957e+06
1.45971e+06
1.56121e+06
1.70295e+06
1.64662e+06
1.6553e+06
1.62812e+06
1.57361e+06
1.49607e+06
1.40122e+06
1.26034e+06
1.27986e+06
1.25363e+06
1.15067e+06
1.37313e+06
1.42791e+06
767624
746006
747835
707008
703345
681265
686276
688157
689210
689993
681525
669749
642868
608207
684010
680780
668986
661506
669656
659330
661756
656714
668051
667412
663406
675413
673240
691850
699446
722552
723739
743378
740432
747106
751042
747033
753981
747592
733629
714935
700150
677995
671302
674643
677316
685718
681160
661699
656471
634815
631412
624190
620080
617651
614676
609075
606089
605766
601890
618613
623158
625622
669860
662670
686821
708673
724770
737861
747622
750581
751604
749131
747137
745234
717122
721860
712974
709051
684697
673881
641666
642942
607097
608218
600062
604326
619427
639049
684544
685752
691990
664799
665595
635290
641945
647276
636817
652824
655324
655861
655451
673595
702044
667302
1.12517e+06
1.10216e+06
1.05674e+06
974367
875207
817247
762005
755640
681192
708189
628863
650649
616558
629893
620317
632055
622486
617745
605831
609889
613892
602636
623588
621287
646320
680455
694651
714034
728521
735854
715523
709319
702417
694078
690175
687605
687231
679808
677961
674137
670731
667660
675836
673396
662915
648098
618768
589236
537852
523329
486268
581891
544340
661483
668515
710519
713707
731234
752870
769901
1.03927e+06
1.0108e+06
987974
917350
898388
776907
803103
718883
715525
691864
673925
651208
652540
644835
638562
646192
640645
658418
658404
676433
707506
708029
742374
738379
770665
781219
788878
839626
833836
879392
615784
626473
597122
623793
598987
642721
630812
680288
682118
727594
729581
736285
762116
766018
768934
749804
765179
772697
782864
784077
763613
758306
754356
793565
829315
779243
772524
706861
700708
591796
974283
933709
902805
828783
828886
815197
809252
803285
800269
835553
784957
751445
672178
597902
592252
567046
560184
570920
565986
574840
592545
597154
607748
607009
604779
598337
592896
587353
579084
580407
638916
644593
649104
648847
665773
663233
699753
719495
748541
756854
774010
787380
793653
800587
790084
775451
764178
742376
702232
668313
621416
638417
691757
666016
760206
830858
863227
918444
958899
1.00354e+06
933777
961439
998199
1.01681e+06
1.02917e+06
1.02916e+06
1.02173e+06
1.00901e+06
979211
917584
829512
760180
691921
664678
617415
616880
686105
660425
710830
729897
731159
824015
832420
864525
863065
858025
879112
900912
893998
921703
889735
882332
887797
870373
851060
811382
749402
732976
662099
725858
649586
706681
711095
724845
750947
772750
773675
821082
826532
810570
785687
807550
837911
844741
862369
843406
860252
842705
845358
804135
1.11892e+06
1.1142e+06
928937
967169
852643
868567
770023
786649
781398
780894
926106
903068
1.04804e+06
1.08131e+06
1.06342e+06
1.47217e+06
1.49907e+06
1.59816e+06
1.6501e+06
1.57005e+06
1.56255e+06
1.53802e+06
1.47876e+06
1.36338e+06
1.32006e+06
1.22877e+06
1.23836e+06
1.38532e+06
1.30319e+06
1.54351e+06
764525
750036
750856
710151
696613
683345
680837
683679
687790
690288
685920
676155
663068
644396
654506
663320
675183
668720
666103
673924
660653
673843
666678
658976
651193
662338
667760
673188
697173
706342
716827
729783
737568
743657
752357
745623
741604
739409
724895
730330
719988
713850
690200
691463
673432
703051
682123
705712
706736
712672
691470
663777
640220
640480
624191
628739
624859
621718
619315
619045
607900
607623
605299
601799
623433
626390
635791
672380
665602
687919
701418
710326
721627
742796
741801
746943
741746
740889
698364
686062
718334
727515
724992
706230
691642
668082
643827
641565
627730
631065
631786
646397
655872
685474
688874
708751
693646
679335
646315
643193
626868
637527
649455
645840
657123
647155
670480
687933
727224
820262
895271
845406
1.00836e+06
1.04743e+06
1.01525e+06
943060
863642
828282
771032
754775
701876
703395
639773
637648
638939
625682
635424
624106
630609
615938
611989
586304
574129
558806
557150
601300
614201
648612
672796
694784
705286
718243
683233
661679
694055
694936
692669
690477
688202
685592
681811
680010
671495
667175
660578
666851
667841
675155
678363
662108
637843
615195
580884
559318
526988
572648
540710
649032
677754
684494
733967
757802
798892
895897
946365
944718
974103
986635
955190
925753
847176
798914
777733
707798
730615
675237
692811
650607
664983
648872
652281
645905
658896
653893
684218
690419
711849
731475
726431
747721
738168
771108
788805
780675
788237
744829
699158
607362
595540
582546
600903
575135
607601
592952
637890
624687
662634
655530
691472
720613
707036
729203
729260
727481
725857
752518
779062
784510
754544
753835
781829
809827
805374
814453
777481
766158
725652
663270
721694
769307
853268
887504
844916
840805
792043
779681
787465
805641
812669
768784
783617
712798
689623
607090
590920
560339
567747
564332
572301
572683
583019
595209
602006
606741
604998
602260
597782
591099
585746
576360
600732
563375
631118
619639
638024
645738
658945
656131
689541
704237
729893
748774
763659
777233
788367
789587
789863
769509
741750
722489
678222
662182
614601
622387
650218
696798
702108
813644
848310
893640
946917
988346
1.03858e+06
1.00872e+06
972602
1.0223e+06
1.00696e+06
1.02452e+06
1.04046e+06
1.03586e+06
1.02354e+06
1.00579e+06
992053
917682
810595
779541
676015
617994
612310
639398
611663
663942
642492
710257
717494
793698
840423
865408
877811
891274
907496
881430
893727
887751
901027
907725
882163
877769
880044
877137
877677
862694
821942
740327
732154
677787
689969
680918
723714
723013
780234
790080
835117
814580
806206
836570
891454
863011
859664
843860
840801
874229
872184
875845
813581
761179
728506
697701
1.03052e+06
904480
975407
883842
898470
825991
785476
834431
750887
810650
849205
897744
899320
1.0478e+06
1.03083e+06
1.37392e+06
1.50228e+06
1.55577e+06
1.54541e+06
1.57746e+06
1.52577e+06
1.49942e+06
1.4563e+06
1.37219e+06
1.37646e+06
1.17193e+06
1.22016e+06
1.13178e+06
1.18119e+06
1.02085e+06
1.14662e+06
913114
780047
758604
743697
725756
687344
678208
676507
675884
680963
683205
680829
668772
657585
649685
657666
663335
675909
672637
679306
676284
688264
681990
697314
716706
704294
703512
709072
704745
703588
728299
730757
738340
755416
749526
751048
755636
742747
737964
729645
715516
698930
698021
681172
661432
664473
696546
696401
726282
727518
716621
692291
656572
633563
626815
628013
626417
627446
627982
625976
620541
619931
607112
606483
600860
603808
626433
634721
643481
675585
668274
695782
708894
724123
715779
731053
733195
741052
753402
742758
741637
748445
732358
726963
712382
684525
671593
647702
640713
621120
628416
640384
646296
675304
695407
726794
716194
708835
669268
669387
620683
637545
621501
626388
630885
629824
626407
674085
674702
725828
867789
888034
935884
1.01117e+06
1.00837e+06
975302
917125
871370
837760
782479
791547
702794
713166
637999
659804
633233
647027
641909
651841
643600
645654
605461
603630
563477
572748
564831
548406
583123
605929
635911
658394
670823
682238
678104
662179
675557
675860
677173
675923
676377
675138
674045
663993
659188
652719
657382
664046
671220
681186
685793
681685
646050
642520
609157
613369
594990
592994
555026
651468
639512
702154
753457
776591
844587
901179
934996
969996
986513
972601
953049
883389
843244
775833
733359
736197
694108
701139
676328
662082
670544
661862
655164
658028
653661
670938
665840
699375
695813
717457
730807
709696
725971
692922
710097
687093
677689
694406
609598
593883
597050
580119
566750
586903
573270
605833
594004
635475
624099
666340
654737
661696
710506
700124
708785
706987
720302
740139
783782
787855
806369
759782
780102
837365
870133
853065
812213
769874
742620
744449
779106
785409
867577
840408
847804
782739
780294
773299
776144
763679
748082
775515
722303
718106
664774
624063
583779
590505
546529
560369
552591
565723
574801
588657
598852
602721
602997
599959
593798
590005
591420
581388
582055
596032
604874
625261
623866
634362
651468
660767
662950
697622
714335
733442
753389
767698
776095
776398
763587
754974
729106
704199
673646
657107
665855
666058
683247
694044
720153
819342
833934
886056
935546
979144
1.00957e+06
1.00762e+06
991490
978124
995059
1.00647e+06
1.02797e+06
1.02411e+06
1.02106e+06
1.00037e+06
983303
950677
787151
835454
678885
612170
653629
611620
595594
661254
613903
720862
668454
802848
808059
871296
897274
919639
901394
959641
972793
980060
999953
989537
989353
964463
972702
962509
926193
897351
859212
796940
733648
720918
687156
716535
735823
785955
779337
821357
806432
852930
892019
901902
855997
895366
873955
910521
915147
902002
913031
887937
873092
790368
743836
816945
942133
993881
958748
949359
862400
822739
890290
817005
876406
866264
738571
806339
938938
947557
1.07934e+06
1.39527e+06
1.43527e+06
1.58077e+06
1.56487e+06
1.55904e+06
1.49843e+06
1.50096e+06
1.455e+06
1.40857e+06
1.3834e+06
1.23824e+06
1.26986e+06
1.23873e+06
1.15241e+06
1.17016e+06
959857
1.01381e+06
788380
777574
744278
722961
694565
672875
665414
668767
672117
674348
670963
670774
649678
654393
658648
666377
671239
678468
675745
689294
688915
705838
712466
719272
739051
734015
736102
739670
734118
728386
760425
748155
757653
767398
756599
753890
753580
729568
724171
719980
698526
695534
659765
672429
659602
697910
705753
731184
732990
721801
671652
656550
614284
626287
620225
622265
626544
628865
627005
627069
618076
622495
610369
613861
606149
613010
634741
643183
652689
678898
672612
697531
700298
722827
727202
725168
734553
747674
746490
751910
754727
749204
729345
709371
688480
672634
656184
647820
664878
664848
672517
695773
713809
726132
728588
735707
708549
678592
662401
623494
629326
625867
621470
624539
637240
636372
632607
716060
728890
847302
903464
924095
983110
967527
938110
915338
879778
851103
832018
783020
730659
690367
672082
641310
651817
644806
655383
649345
656334
634775
637271
589247
588580
535752
537540
530520
546738
581627
605040
624467
638258
658759
641967
649702
657770
657939
657305
659678
659684
660800
654089
656876
651516
651479
657085
664060
677244
693066
698034
694775
669757
660211
638712
626321
623647
631150
616425
660738
631995
706479
780906
788416
878797
929774
917132
951657
976834
956978
900840
865816
799761
729056
749553
700061
713624
679000
670217
669416
663829
647388
643667
633907
634484
629486
656959
646259
673990
645893
649083
663705
649468
702013
682263
696891
671439
621798
587098
584501
594135
596786
572417
563594
569527
584868
604578
598706
632854
620385
652767
666829
647135
676833
677235
692740
720982
717821
779615
842643
801971
790715
834903
849331
870244
874348
847757
809619
804740
793792
810625
841459
842417
849032
797867
793652
754259
766708
754255
746168
751547
711522
718088
674329
670436
609673
625121
570809
568650
551043
561176
567035
569176
581447
589130
596680
598096
592348
591948
591948
585553
580323
587071
578898
604999
601638
625307
622937
630033
655167
666643
668816
708804
727373
739452
759029
765161
774402
762170
759557
719376
725048
654422
655822
619896
614128
624881
701166
692100
809651
835935
904469
940489
974782
1.00265e+06
1.00045e+06
1.00176e+06
985138
993480
1.00008e+06
1.00987e+06
1.01782e+06
1.01407e+06
999543
966992
967930
838228
810946
775569
679944
616918
646784
604948
656518
624698
700708
670298
790583
784272
881870
916153
911356
961791
974970
962859
998207
1.00376e+06
992273
998663
987472
955548
961831
960701
907880
879962
841861
730391
753725
692389
662559
778111
780814
851365
849600
899234
890075
915895
906766
955425
934702
950086
917923
926089
934300
921600
922043
876335
864895
801476
729096
850465
937732
971666
947527
953631
980856
918489
942795
918747
837613
904075
946455
1.12877e+06
1.01502e+06
1.18984e+06
1.26681e+06
1.51399e+06
1.60291e+06
1.61808e+06
1.55399e+06
1.57898e+06
1.49274e+06
1.52524e+06
1.41881e+06
1.46032e+06
1.28675e+06
1.26962e+06
1.23926e+06
1.0228e+06
1.05086e+06
987209
955309
794960
786495
757493
719863
678027
686167
658144
662928
667725
670168
671893
661748
656513
647615
662834
657943
677406
672682
690084
689436
706298
718813
732715
750215
759636
775901
771737
772005
775649
766748
753364
784341
763940
771299
772002
756109
751305
746210
725286
713002
703303
681427
659172
666627
664654
696235
714636
735119
734037
710451
660373
637198
615517
607041
615334
618532
624844
625462
629624
626945
629457
623074
623877
618183
631888
626966
647579
648168
657279
665780
687768
680672
704324
705325
708267
714751
725700
738117
750677
756392
756110
745040
732208
720180
693241
679520
664602
669885
668342
679805
700128
712703
725515
740047
749645
732765
723545
661188
672217
607477
633851
608943
620546
627111
620195
651419
623490
709277
733218
783674
884862
919273
921243
926960
928390
908645
888213
889234
830918
808509
707160
726905
643510
667080
640229
654149
650104
666102
667487
671701
639938
636090
564282
573742
511116
530909
552123
539017
586566
598253
622843
625506
635558
641995
645037
643964
644213
642541
644664
642422
653262
647428
651594
650858
663136
666963
685596
695174
699963
692225
680209
660956
663213
665749
672731
672447
682467
689743
717319
741820
783387
844183
883644
925738
922640
934741
935220
908271
869097
805425
724327
745760
688913
710024
676237
664549
653364
654043
634331
632564
611245
621139
606401
612099
581273
600716
575241
618094
609343
631655
655422
617579
633016
616840
620959
631802
629300
631425
621839
584917
586261
596464
600148
600027
586738
597764
626143
626554
619997
634448
666937
651000
673665
669743
706578
689773
828168
855425
835277
846005
848018
875022
905482
899417
862482
817458
807269
821969
829914
846410
847827
813865
796978
782410
752576
759579
735646
744461
717679
712076
676941
680172
639805
646478
597946
609215
572726
576170
558067
572562
574985
573849
585719
589938
587286
587803
589757
580559
583967
581868
585610
575302
594944
596939
604634
626254
627789
622613
657599
663527
685794
717490
742973
756154
772844
762488
784455
740025
768309
692926
745103
707558
753609
768465
824279
820708
848221
820984
914248
922553
1.00607e+06
974359
1.00774e+06
1.0031e+06
992531
994325
984821
992887
998980
1.00186e+06
1.00237e+06
994710
956327
945296
920601
801066
862429
683897
737902
603878
619699
665411
621108
707352
652368
786042
754950
881988
877915
960766
991449
1.00135e+06
1.05085e+06
1.06283e+06
1.05317e+06
1.05657e+06
1.05321e+06
1.02519e+06
1.01559e+06
984010
943490
938126
862785
818867
737003
704264
676148
673580
707602
690647
883079
915191
885411
954212
969981
1.00211e+06
963568
968680
946291
953211
929540
932055
936383
915312
902670
845974
833935
736430
754464
862312
860418
1.01619e+06
1.0097e+06
1.00866e+06
1.07429e+06
1.15081e+06
1.13876e+06
1.16346e+06
1.14747e+06
1.18899e+06
1.03662e+06
1.10622e+06
1.20493e+06
1.21304e+06
1.54124e+06
1.67623e+06
1.67394e+06
1.66519e+06
1.55483e+06
1.58146e+06
1.48457e+06
1.53497e+06
1.43003e+06
1.45965e+06
1.32714e+06
1.21981e+06
1.05542e+06
1.08485e+06
1.09191e+06
1.0828e+06
814415
790591
758737
733715
663377
685370
647922
662195
663793
669872
665026
662539
652967
645431
659280
665338
671620
686084
690068
703497
718994
728804
751761
764415
784183
793158
805576
801690
800731
804312
797539
782518
801014
776433
776302
766875
755046
744801
740478
708313
709630
674353
659959
666461
670123
697505
717006
734883
726720
697379
646664
624035
599964
608545
609322
617243
617163
626537
626872
634781
634418
636939
635353
643778
639494
651012
651336
665356
669053
677403
682971
689258
693685
693061
708980
712539
716001
741920
745251
752487
760601
748333
742761
709789
713446
681221
687921
686352
695020
716727
732094
744095
753826
758283
757596
745969
721767
650816
665571
601804
622479
611774
621216
616368
633957
630864
659509
661133
704611
784461
819230
884395
909309
906963
914892
912020
908987
884827
848933
793378
749770
690805
683325
642028
655054
645696
662480
664728
678723
666461
684376
636627
641222
550929
566271
512278
551254
536171
574399
601354
612424
626519
634022
642775
643718
639859
637236
636398
630574
637713
646257
651112
654254
660982
670561
675758
684175
692785
692185
686014
676127
662218
667172
669736
674452
704962
716924
763518
771396
834940
848564
890010
885477
901162
902884
907719
884555
855723
793457
699678
734728
667508
697889
662237
648398
646727
639996
604548
581352
573512
593677
560946
539063
514465
552007
535068
576309
551229
598038
595653
603376
635402
654186
640882
684673
679470
655817
639441
622811
647566
654953
630169
617211
637383
644696
609520
610098
657631
630134
628281
635589
648373
634712
636118
656777
725894
824531
859482
869903
882378
903131
925431
931345
913189
872158
822773
811258
809820
826306
825071
812922
799288
799297
772248
760539
764857
745010
736898
710722
711283
674577
671385
649430
642352
621087
609351
596866
577225
584193
567146
580380
578541
584519
583115
582988
584515
578722
583954
583197
577814
580008
579998
583208
597176
603910
602844
623694
623634
638146
642755
686372
697267
728918
762980
764217
796403
767430
816761
740700
806202
701151
793306
841036
932237
863136
885919
898362
972116
957239
993551
987878
1.05593e+06
1.00694e+06
1.01688e+06
999503
980412
987908
977202
983090
985869
986343
977497
975876
925225
940125
916026
825634
842253
661709
713896
612563
644243
668886
670688
690491
731975
778239
817153
906965
984605
1.00564e+06
1.06595e+06
1.0702e+06
1.055e+06
1.06289e+06
1.05544e+06
1.05938e+06
1.04798e+06
1.02762e+06
1.01096e+06
982662
910572
892415
782294
716612
702320
577530
575336
531572
552256
904581
907766
1.0072e+06
1.01964e+06
1.03573e+06
1.0014e+06
1.00032e+06
958151
963113
934151
941813
921678
921698
914315
884750
867064
826815
788984
730522
732505
792542
970054
888727
1.09789e+06
1.17618e+06
1.22727e+06
1.22691e+06
1.13486e+06
1.1729e+06
1.12016e+06
1.21979e+06
1.13633e+06
1.18028e+06
1.3046e+06
1.55385e+06
1.72887e+06
1.76344e+06
1.69238e+06
1.71799e+06
1.62152e+06
1.63001e+06
1.55672e+06
1.59176e+06
1.45177e+06
1.43019e+06
1.12109e+06
1.13412e+06
1.13101e+06
1.07529e+06
1.07207e+06
824687
807929
750318
738480
661084
681707
643399
657139
664183
666916
666011
658873
654139
640783
666489
656847
684096
687330
704169
710801
728403
745725
757523
781964
794887
813627
822222
833050
829055
826221
826107
817093
800017
804456
776984
772925
765889
740841
746853
707715
715596
667177
679175
660923
678296
699055
724623
731105
718282
679671
638383
602947
608601
596591
611157
604681
621659
619185
633340
633654
642682
646743
657681
661009
673340
673024
678837
677015
681888
683951
688716
685982
690756
702342
695034
713836
714941
732553
738370
760629
762024
755430
737240
727191
701878
706852
697707
703147
723558
739000
751863
765669
771016
775915
771725
746103
738030
621981
672544
586269
628032
608909
609286
629528
624331
650945
638290
676789
707415
703379
832345
817424
889250
906393
908985
914108
911219
886408
841652
814854
723191
740107
645144
679003
640147
657540
654478
675278
678934
694476
688225
701007
647964
652710
531590
573502
551347
553266
584594
609820
630116
645967
657828
663451
659077
646832
640228
630617
633115
635350
650803
654299
664603
672573
676325
681129
683234
681310
680854
675666
668677
664489
658283
657168
680581
691120
741096
783645
857616
936291
967040
938217
907435
876161
855968
861936
840482
767832
668065
713878
636743
666399
634818
628520
602305
595315
568752
568587
558165
536398
497108
496627
485349
500031
472652
503567
500157
579918
560986
600533
634119
662710
649355
692604
700113
701090
723554
720828
712580
691272
685799
701515
699433
681292
688196
700126
661480
640569
684782
643334
635326
649748
644842
630179
656062
668570
791164
877830
942733
912383
924562
944859
946646
930949
880082
820369
794781
803066
791108
802014
791351
798315
781234
781058
772387
764232
748819
743991
705582
721068
666212
691156
635734
662159
622368
639011
599914
608814
580131
591906
579759
587887
589400
586835
582343
579245
576527
575028
571991
576277
571480
575826
589714
587494
598692
607488
604544
618891
641081
621514
690061
667921
746632
738279
800461
790624
847252
806690
878801
776727
878332
919422
1.1209e+06
1.08562e+06
1.06496e+06
999581
1.03467e+06
1.03834e+06
1.07883e+06
1.08379e+06
1.08171e+06
1.04076e+06
1.06662e+06
1.00487e+06
1.00254e+06
995652
968045
979082
967303
972408
966915
979574
962528
933780
960783
903939
949159
779531
816366
609977
699171
650691
646725
705894
661677
765452
690797
887409
861156
1.00455e+06
1.05819e+06
1.08388e+06
1.08125e+06
1.0961e+06
1.08449e+06
1.07619e+06
1.0751e+06
1.0728e+06
1.06003e+06
1.03384e+06
1.00905e+06
954808
881981
817205
715207
742651
604424
491324
596612
458487
694893
919289
1.04193e+06
1.07265e+06
1.05818e+06
1.02089e+06
976624
975988
934402
943822
911027
920498
904885
881267
887548
839698
850724
776217
790775
805712
678612
965175
753024
1.20346e+06
1.07864e+06
1.34599e+06
1.35523e+06
1.38488e+06
1.30809e+06
1.32305e+06
1.21057e+06
1.25499e+06
1.18044e+06
1.44968e+06
1.53794e+06
1.78895e+06
1.78477e+06
1.83935e+06
1.77078e+06
1.80237e+06
1.74267e+06
1.72316e+06
1.6203e+06
1.58874e+06
1.29843e+06
1.1979e+06
1.20562e+06
1.11448e+06
1.14139e+06
1.12688e+06
833026
817181
753610
736767
654141
680482
642729
656220
661113
667161
664316
654486
654472
641016
667262
658508
694135
686863
720008
715817
736928
752484
767779
785551
804202
818044
832397
838154
847362
846558
842337
838573
824289
804922
802456
775186
761348
755666
736467
715081
714764
670568
683550
667220
680884
704226
727828
731332
707834
670702
621617
606752
600715
595695
606431
604060
618756
621935
633230
640727
650302
661745
668426
679622
686058
692568
691519
692461
691725
692693
687965
688003
689406
693629
694840
713876
709982
723129
745655
757074
759418
756192
741921
724308
707873
707368
702884
722221
738642
758362
776704
781909
786392
786003
781050
741312
740057
609034
669552
579743
629436
606483
612833
632223
628179
650993
655793
652714
707044
695987
747116
827235
873154
896412
916126
917780
907878
883676
841762
805584
754670
715626
664839
667407
654409
646611
665806
665342
690714
691252
713489
709090
711136
654274
609494
533041
580706
577681
606996
634669
657032
677063
690861
695893
683004
662545
648270
644254
636160
651701
656464
670485
677916
680470
683465
681525
678489
674412
668413
660436
659899
653840
653852
661006
664732
693799
724368
797022
891428
1.00038e+06
1.04891e+06
1.02558e+06
977930
931308
874930
836922
756729
689224
703209
631006
666292
628875
611385
602595
617560
594185
585176
561155
534677
517347
520659
509974
500008
487206
501467
516547
489686
570452
566434
605945
665384
653199
704434
724306
717489
742211
737430
737829
739173
743038
741218
737146
742844
751082
744418
743499
753554
716260
682082
717950
661702
632512
624828
622327
646533
569034
791624
936164
940455
950186
967727
973777
964380
935413
885323
822383
784065
777421
795812
787502
793686
782836
783931
784949
774329
775177
749196
753511
715406
718356
670107
685951
640375
663012
638969
638257
630958
607120
611728
590021
598114
594904
597455
593677
587238
581250
577115
576853
573570
572401
572870
574261
582840
592239
589877
596912
613185
601603
637856
622908
673227
667202
735050
749793
794085
849253
846155
915194
877260
970341
949849
1.21859e+06
1.32079e+06
1.29555e+06
1.12857e+06
1.14622e+06
1.116e+06
1.15485e+06
1.15121e+06
1.15716e+06
1.14972e+06
1.1259e+06
1.05769e+06
1.04957e+06
977031
1.00543e+06
967960
972974
970893
967593
973535
960874
951405
956720
933705
1.02287e+06
933120
903238
697211
732394
629240
686680
664986
688625
684708
738464
689890
894149
844225
1.04743e+06
1.06829e+06
1.08357e+06
1.10433e+06
1.09674e+06
1.09545e+06
1.08627e+06
1.08869e+06
1.08465e+06
1.07998e+06
1.06541e+06
1.0248e+06
984760
908607
802466
780679
720067
622886
508670
571295
490252
559726
811403
1.09717e+06
1.1009e+06
1.06142e+06
990981
990328
939073
946311
914583
918379
889093
877093
885191
858195
858173
830668
810457
783609
774536
784574
858711
768237
1.11641e+06
969076
1.39184e+06
1.46723e+06
1.46694e+06
1.46415e+06
1.35479e+06
1.34055e+06
1.22908e+06
1.20182e+06
1.4255e+06
1.62891e+06
1.74127e+06
1.86226e+06
1.84572e+06
1.93855e+06
1.93495e+06
1.933e+06
1.83798e+06
1.73762e+06
1.49107e+06
1.32112e+06
1.21586e+06
1.18783e+06
1.13159e+06
1.13315e+06
1.11623e+06
836590
821749
753782
740865
649687
680334
641806
657893
658862
664666
662913
654284
657742
639438
672439
655518
696769
696484
705275
740781
732014
764738
769061
789470
806165
821945
833775
846411
850198
855914
854319
845914
832020
826245
788132
796603
756615
765508
727929
737031
695653
681279
687142
664537
697409
706627
727171
727912
700635
661104
623004
606082
602489
589273
608343
599231
619302
618491
629309
637612
656355
666508
685668
694908
703479
705394
705110
702834
701114
696473
693577
687147
684090
699949
690164
714217
705433
737897
735493
757991
763457
757814
744219
729070
707508
709084
702600
729318
734102
765262
783806
796396
798538
795009
785872
728596
736698
605353
670934
578944
626368
617376
610886
635610
643139
640867
668975
663338
667495
736637
695641
808182
881944
895797
926931
927311
904134
875154
834471
795446
757388
695471
692947
691377
650487
666905
656426
680353
676360
701531
710280
729619
703037
715689
548926
642654
550389
586995
627943
655930
688138
711746
729047
729967
711657
684857
668921
654512
659087
650550
674872
678571
684709
687836
687145
681348
672750
664596
656510
655132
643383
638895
644787
637041
672653
656961
728925
779107
897624
1.031e+06
1.10964e+06
1.1032e+06
1.05712e+06
978996
899334
764304
731856
631411
631807
647011
623079
609932
610425
601418
575528
554173
561897
543752
520931
526260
499939
505204
488424
497173
479990
516012
514750
516136
613075
623387
630686
712880
729153
727076
762579
762718
769767
771206
770916
776440
781883
786119
796025
799510
805776
802507
790005
796111
756556
705602
727022
665520
588964
582041
613717
492770
811579
919979
981571
967995
971020
981272
975783
946869
886108
830424
773632
762459
756526
765138
775176
783230
785957
785114
782836
770024
766870
753335
712415
730510
657980
698349
632588
676975
641028
658765
633797
637716
605779
614681
593323
600456
596274
595445
588559
588664
578880
575264
576229
575664
565691
581414
579152
586225
595280
590869
608356
603778
631142
614351
687402
648118
757042
720039
842797
820822
925792
896994
1.01083e+06
897079
1.20755e+06
1.33405e+06
1.4812e+06
1.37724e+06
1.28837e+06
1.15101e+06
1.19989e+06
1.21792e+06
1.24608e+06
1.23447e+06
1.20775e+06
1.15711e+06
1.11828e+06
990343
1.03457e+06
982538
973946
981736
966846
970783
960261
965220
971761
928066
1.00898e+06
997278
1.03308e+06
849563
866467
574321
762864
602317
706260
717387
666433
766539
677964
901976
847200
1.06183e+06
1.07386e+06
1.09103e+06
1.09748e+06
1.1101e+06
1.10561e+06
1.10054e+06
1.09248e+06
1.09621e+06
1.09865e+06
1.08904e+06
1.05762e+06
994259
915403
847679
820835
676127
550956
635431
570684
438964
502939
791270
1.12063e+06
1.10852e+06
1.04687e+06
1.01644e+06
941078
965903
909166
928811
883901
900567
852951
871512
863781
840859
851333
810052
834112
835939
710687
941718
698005
1.11789e+06
879659
1.47012e+06
1.42468e+06
1.60696e+06
1.5346e+06
1.48198e+06
1.33188e+06
1.33664e+06
1.27457e+06
1.368e+06
1.70903e+06
1.78074e+06
1.79486e+06
1.95911e+06
2.00588e+06
2.09253e+06
2.06823e+06
1.96855e+06
1.73403e+06
1.50608e+06
1.26466e+06
1.29698e+06
1.10393e+06
1.17975e+06
1.12496e+06
1.11566e+06
816482
801902
783808
765988
748552
742106
731370
710167
717675
674571
685610
647227
660433
635869
656451
649891
648076
641573
636790
623667
627767
610961
616692
605283
613034
604133
629058
617033
661500
648034
702565
685775
742435
730191
784092
782208
809430
818089
819490
820675
826561
833746
840573
847773
499308
509207
509195
517161
534601
584781
583017
623704
650518
642753
659983
659016
662244
656255
655306
641619
669844
660666
681203
763475
754830
774042
770669
747120
737401
712050
715155
699506
697988
689323
736319
723983
709669
688772
671826
659639
638760
614501
595625
599792
566150
552749
564184
539365
533819
538528
538217
524205
526526
517120
553860
526486
612107
660376
706133
745688
763803
779645
775493
782337
1.01782e+06
993628
967994
915896
933198
867929
889386
856163
853572
856654
820685
831018
762464
774520
705457
722364
692067
701255
696245
703628
708921
706240
700758
687487
673245
658582
646588
630991
617623
616366
611021
608125
613825
622289
617694
632647
639397
641552
652669
658933
665463
672602
665423
655119
655463
610906
627903
557341
592376
523387
615383
489679
742536
699332
857679
849609
858573
839073
840472
826835
1.1339e+06
1.11229e+06
1.06391e+06
1.01502e+06
922465
851684
847702
773590
799305
717866
745384
666126
693503
652004
667576
649521
648618
662235
657705
662179
695212
681472
724236
747585
753432
792485
819235
815057
837966
835212
682556
725595
711020
761701
761291
794076
800460
810221
809309
818120
817160
823236
824029
816118
820089
832458
864162
902355
896313
763312
639889
594239
620627
599666
631012
636884
633823
585048
610370
601566
704604
744928
775479
758386
749409
789773
890224
898558
876922
877943
751670
777405
639765
695954
668679
681282
680585
678065
672877
672392
676196
683017
690578
693664
691631
686530
677412
669078
655042
649861
799098
781488
778370
761343
772706
807610
802180
819704
813501
815527
825425
834036
822932
866072
877214
852689
844424
830241
789628
787206
804285
798265
789611
886003
909443
922811
935556
949048
950211
940933
887223
916681
898200
943174
935258
962608
939080
991266
954849
1.07599e+06
1.07339e+06
1.17743e+06
1.01393e+06
815840
621534
697921
744232
787853
833046
883031
911691
934702
930955
925773
922227
908310
903355
924077
926764
954731
969583
888632
1.04208e+06
1.03709e+06
1.06393e+06
1.0584e+06
1.0514e+06
1.0841e+06
1.07742e+06
1.09914e+06
846627
937985
690331
804488
734814
780404
771526
808115
811237
837366
851499
869513
873192
873588
863254
859706
856742
867588
863848
878971
2.59098e+06
1.73886e+06
1.31427e+06
1.30343e+06
978664
1.13498e+06
955726
1.03827e+06
988152
1.00407e+06
1.01596e+06
1.0124e+06
1.02126e+06
1.00098e+06
1.02721e+06
983693
967866
936231
920089
997877
1.18714e+06
1.69565e+06
2.32337e+06
2.4181e+06
2.42021e+06
2.35069e+06
2.33556e+06
2.28769e+06
2.29795e+06
2.30976e+06
809900
796382
777768
761530
744916
734993
728011
715903
709160
686194
668151
668132
648532
647543
652160
648465
648670
640258
637157
626814
627087
613601
617548
609628
611259
614770
621751
626947
657480
654939
697039
690489
738167
732797
781340
782878
812592
813195
820071
817145
820606
825362
830220
832330
497602
513557
498052
544793
541875
586588
611182
626450
627220
645525
634020
647998
645306
649540
644414
648167
672421
644716
711346
739936
766902
767885
768215
752421
740682
724578
714479
709852
700492
702686
728554
719492
707049
692225
674060
649171
648737
617170
602469
573768
589108
563954
559393
563084
536479
525503
523322
541787
548124
554947
550362
573441
640578
679081
734859
749384
746203
733230
734349
720020
1.00851e+06
986629
959138
940275
900150
894773
843685
865124
822487
816004
801891
766204
754456
698661
714244
687107
695942
688728
698139
695130
700205
704809
698018
691738
676425
662306
654134
634190
636290
636933
593948
599986
605885
613456
619265
634495
638434
644878
651336
662359
668669
674047
677087
665873
656586
625234
617271
586345
559709
542480
572416
525672
698877
706004
834947
853787
850230
843046
834555
824241
1.11518e+06
1.09631e+06
1.05437e+06
1.00273e+06
938445
830512
862273
769147
802565
715966
731571
669600
681246
652631
646772
650449
651898
651025
649494
671291
670207
674065
731452
723653
770954
801049
813081
843176
842114
862171
688460
714102
723197
739660
753829
777215
793355
799439
807997
816867
819625
827643
828983
823385
833132
852900
882631
912233
904920
804082
698812
609873
599782
640703
620202
641621
618110
656872
621866
568267
725340
695383
739539
815096
886459
885442
873543
892826
897481
882668
792525
735908
652680
674600
674357
668661
666491
659440
656297
650807
648318
649208
650416
656623
660017
660349
656600
641072
634304
631247
762728
763585
748588
749860
748335
765700
797273
800871
814630
808742
806714
811470
843045
843754
849378
870298
853258
818736
784184
750138
724829
752790
833089
873980
894764
921298
945122
947567
949507
949765
891675
915877
906056
947287
946751
959044
949364
976693
984852
1.03036e+06
1.09849e+06
1.09386e+06
1.05149e+06
807291
679082
696274
759695
793614
847693
869128
905133
906057
916646
924778
912319
905620
915013
916330
928169
926090
846290
912703
984907
1.02458e+06
1.02976e+06
1.05061e+06
1.04222e+06
1.04293e+06
1.08407e+06
1.05294e+06
936150
884089
738400
757630
761500
771457
781302
805328
813750
834069
851654
861446
870793
864644
861344
854081
855176
853136
862806
846332
2.31735e+06
1.66444e+06
1.31446e+06
1.16298e+06
1.09156e+06
1.06075e+06
999083
1.02795e+06
1.00252e+06
1.01481e+06
1.01597e+06
1.03122e+06
1.02316e+06
1.04675e+06
1.02636e+06
1.00844e+06
1.05675e+06
993774
1.05724e+06
1.11827e+06
1.42274e+06
1.77715e+06
1.69743e+06
2.09476e+06
2.24855e+06
2.27594e+06
2.20191e+06
2.21341e+06
2.19552e+06
2.19545e+06
803586
790197
772933
760247
736985
733583
722509
710293
709965
687750
674763
670467
646872
656579
650382
651388
647224
640023
639543
626098
628182
614730
618834
614334
612750
621878
623766
637036
659541
658624
698361
690946
740342
731420
781401
779920
805898
814381
811659
815453
810203
808188
809633
815199
518567
514994
530311
554455
575889
608162
617831
623580
618374
617448
631979
621837
632989
637492
637894
645536
669829
643082
724862
726455
755334
770305
765205
759863
742449
734438
718838
711954
714001
704009
720391
712098
704552
688661
673619
657794
645819
608868
615313
579375
587308
562395
556036
547914
561467
551694
562142
534873
536594
525852
575402
626587
691371
725636
739132
736708
748114
750999
740865
742804
1.00717e+06
988448
972625
925349
923617
861358
851696
837575
786415
786522
740054
728859
681312
701257
657071
664032
674623
683647
682596
696169
691921
697419
700213
690936
682845
668311
659742
644696
638939
623238
635183
632601
634976
633405
637757
639965
643023
645810
657847
665904
675233
681213
682908
680193
663498
618910
632797
579095
539263
531954
584372
501514
689912
700714
818970
826270
834664
825574
822551
817439
1.10167e+06
1.07747e+06
1.04298e+06
994923
932417
837124
865093
761806
789578
711866
718489
663325
677309
639838
652254
638902
636092
650961
641493
659395
678963
658092
741642
711326
790214
791288
836945
836767
861968
845586
682226
715468
706640
743163
736730
761772
771834
797419
803835
815001
823182
833929
831442
841387
854879
872920
900594
929329
927295
833751
737029
632204
693670
675692
700903
668716
719814
705264
679488
740810
880234
912930
919290
881385
863634
888393
908207
912779
916279
894251
788345
789295
612838
689546
642676
654000
649943
646459
640243
636890
634432
633009
638273
642723
643833
636948
618198
609176
606975
596919
729985
719273
722974
702983
730148
751203
770414
792835
775829
781762
786850
822344
828104
852953
875344
867256
863670
831916
728826
755922
720242
743252
808023
828406
869485
916540
940050
954226
961362
957904
904227
925394
924751
959670
955077
971641
954552
988864
968666
1.02459e+06
1.03515e+06
1.09217e+06
955938
872922
677025
716484
774024
796115
858933
870540
909392
915088
921261
893527
891428
895846
897504
899521
917115
919392
844152
886595
914724
977251
1.0354e+06
999491
1.0043e+06
1.02969e+06
1.02639e+06
1.04522e+06
888335
914714
713909
788183
755901
787218
780480
810879
807179
833071
840508
853532
853462
857685
853601
853732
845917
850300
841026
851263
2.02873e+06
1.57927e+06
1.21188e+06
1.19037e+06
1.07169e+06
1.04251e+06
992056
997314
990026
1.00041e+06
1.01852e+06
1.02214e+06
1.05809e+06
1.05827e+06
1.05038e+06
1.1076e+06
1.02872e+06
1.13476e+06
1.24975e+06
1.54379e+06
1.68598e+06
1.61807e+06
1.74331e+06
1.62294e+06
1.91784e+06
2.10886e+06
2.17021e+06
2.1255e+06
2.11397e+06
2.1113e+06
793656
780077
766307
750525
728106
727521
710284
713693
697482
700598
674061
671119
659978
652286
646394
647467
649413
640728
635285
633295
622048
620276
613274
620712
611608
632071
625519
656294
647623
683603
679434
708971
728903
741306
767820
788027
794871
805158
808188
798391
799371
793497
799209
804943
501084
521932
532511
579332
604487
630927
624913
621485
613894
603683
604632
617211
612478
623000
631542
648469
639280
666522
694327
729318
747002
765361
766247
760719
744134
744512
724142
724665
716514
717012
707433
702881
695150
680567
682985
652546
648185
611132
624198
589354
591341
586158
587641
590945
577896
593937
565925
582307
584745
616760
650349
675902
716476
734024
737400
739588
724279
709430
699305
687946
1.01301e+06
998712
980262
944903
889782
893271
823205
824897
762711
713466
715229
664487
661205
626018
661464
658605
640924
661182
665408
667081
686389
682960
690993
694495
685322
679416
666726
654862
655583
667767
620634
623546
621034
629925
628871
635670
644529
653258
662512
671673
681732
688290
690595
682675
670365
636713
624777
561590
551779
549010
542050
523515
645620
695400
796388
802853
806503
807418
806304
803559
1.08672e+06
1.05832e+06
1.04226e+06
964881
945063
844185
838928
762810
780757
700830
710324
663761
652788
650783
630853
638145
635893
635741
643073
656531
647323
684214
711963
742411
758761
827668
823059
862097
861783
886632
692796
686195
714355
704295
739200
729596
760023
765672
796603
801753
825534
824748
838499
846749
877487
870682
909204
925107
943777
839845
750547
703903
694372
716420
714995
755614
743353
727019
768269
735896
1.16585e+06
1.01592e+06
952273
919175
901480
905279
899117
914513
915411
918381
796210
808244
607992
674020
628094
632224
628167
615157
614953
616611
612261
611411
609853
619603
623489
612441
604011
593052
574274
562023
705812
703655
675813
709756
695208
729093
756450
765340
779536
776951
798657
802854
824716
848094
858064
872515
849251
842687
684659
755642
704351
679528
811702
808552
863627
902026
935849
962531
971023
975402
911364
934470
949177
952905
976930
972259
980324
968816
990774
983704
1.02161e+06
979516
991215
796843
796050
740866
769265
802586
856216
869330
896208
903616
891355
908148
892303
878774
868477
889741
884294
905714
724413
791799
856562
933379
974756
996940
958273
974894
1.02891e+06
954743
954448
762760
803644
747140
761373
779252
791183
802604
819306
819323
831360
832654
840466
833524
836664
837707
843864
838345
837369
826169
1.78119e+06
1.3155e+06
1.28824e+06
1.08957e+06
1.06408e+06
1.00526e+06
988976
945924
959116
978203
984638
1.05039e+06
1.06451e+06
1.07512e+06
1.13694e+06
1.09562e+06
1.21682e+06
1.36963e+06
1.66002e+06
1.78356e+06
1.7347e+06
1.623e+06
1.48901e+06
1.66254e+06
1.63474e+06
1.80156e+06
1.90902e+06
1.97098e+06
1.96913e+06
1.98972e+06
781867
770610
760378
730398
731150
707043
712242
699287
703620
689878
683756
674890
665585
648274
661372
654877
652017
651899
636933
630691
635117
627013
624027
621561
626109
638593
636987
653602
667176
676865
697989
708616
736203
742429
762405
775554
792396
791869
794441
787893
773178
769286
771069
773456
542573
551811
596272
612145
635280
632678
632541
617211
612737
604405
598653
599826
609811
606590
623493
629942
629934
680132
676012
708697
746512
754533
761277
758291
752361
749833
734289
731965
727127
718013
693561
688715
683956
688788
671884
658867
649579
621269
620553
591227
599800
583855
591277
583885
601315
580297
610266
617580
641988
655012
667069
697280
709581
718894
723388
719965
714887
713876
705071
705465
1.05334e+06
1.02279e+06
1.0118e+06
966173
906962
854755
842978
767838
744629
716054
658826
668121
621558
637355
607375
627689
649981
636854
659286
657238
660179
685760
680384
685972
690850
687645
682309
675539
670788
661492
682575
671914
664330
656423
658312
653569
654800
661016
668850
678295
683899
691643
690252
680761
672648
650844
599512
552491
575629
517494
547531
503664
627189
688055
757955
779641
786096
781854
767827
762037
1.07211e+06
1.05821e+06
1.01374e+06
959909
940552
846867
794766
783050
728810
712244
672143
675895
635896
649635
625303
632680
626998
635207
633856
652480
647072
712458
681506
764462
763309
800440
846586
857418
886459
882564
658545
684973
673363
706240
690388
727619
715897
755237
771245
792337
807118
816889
829467
839711
860183
865525
873201
906162
897270
842923
755292
714217
747230
763819
768637
748395
749624
779976
780081
786313
1.21767e+06
1.10556e+06
986770
908196
876882
887224
892013
901270
897481
908302
807976
804544
594411
681994
588333
624033
606364
616309
606503
603899
612884
615820
619983
613384
604897
602220
587199
575902
570079
576628
676492
663558
686520
668338
671366
730190
727333
765840
759351
777223
783632
798749
819290
837232
851563
846411
852127
820829
685157
717004
686752
691954
743560
773523
853055
901874
926615
960583
980374
979209
943431
953569
956157
977373
984053
993132
983975
987639
971235
981719
946992
984178
869660
834437
723094
719978
785350
774739
834468
856231
876537
879825
891917
875095
846818
869072
875889
872031
895033
909874
759797
793520
781841
903262
905262
925012
923648
916141
871564
954884
805190
833897
735273
770842
752931
785693
788104
807177
805901
814120
810015
812655
813816
824846
822503
832963
835324
835905
829169
823094
1.38517e+06
1.39671e+06
1.06772e+06
1.11231e+06
995780
987533
911505
933475
934819
944001
1.01124e+06
1.03326e+06
1.06136e+06
1.13845e+06
1.11738e+06
1.23357e+06
1.4091e+06
1.6833e+06
1.79706e+06
1.80734e+06
1.73106e+06
1.61735e+06
1.52095e+06
1.44011e+06
1.57652e+06
1.67555e+06
1.83454e+06
1.93799e+06
1.97598e+06
1.91146e+06
769626
766834
741239
739525
702113
708684
693090
701835
694745
691711
687441
668884
673857
645080
659722
659165
647773
642488
645251
634102
621225
622964
616251
622191
625349
635702
653122
661832
674379
693695
700934
725155
730988
751289
751416
767272
774516
779187
768216
767305
765227
761671
751321
737937
562764
588786
605550
645011
642220
639896
629080
619789
613247
607876
603527
598175
602316
610175
603515
637807
623468
663509
668954
702944
719483
750664
746486
754122
754613
750652
744804
741594
732213
734767
683413
683230
691444
686720
674973
661071
655167
617952
625336
597684
603172
602662
602366
615905
603270
641212
634431
652436
654258
659061
678705
675650
690356
696945
705836
704652
697515
681382
671564
664488
1.07615e+06
1.06305e+06
1.01532e+06
976026
915960
842226
789142
771784
710216
681177
674894
633807
625328
616428
621281
607763
613305
623904
614783
637055
628173
639938
669192
675266
683355
689034
694502
697801
698578
708730
687207
682192
675378
670505
663976
668975
666637
670781
675613
680576
686111
686050
684907
683626
657336
660888
588633
557420
565039
499990
537969
494255
622803
674839
727309
743310
745165
764426
774534
778923
1.07572e+06
1.03688e+06
1.0033e+06
961769
912347
830585
784439
781577
698620
721366
658478
669038
635240
638773
627664
624716
634157
627679
640596
664067
646612
709452
695718
744329
783205
788296
830611
874260
878024
908167
665005
652556
667407
644983
687989
666379
715818
714522
755740
766591
787195
802714
814463
820049
822457
832197
836286
849484
861850
821680
762471
749475
761762
758849
753051
773474
763639
761230
766083
756559
1.13954e+06
1.06862e+06
985925
893630
867164
839069
854878
873590
892208
867983
853382
758312
610371
646614
597371
589787
586297
576201
589781
597712
597611
607883
608823
610924
604447
594352
580606
581807
565443
570885
672691
676684
653805
667800
660593
700128
718037
760271
755366
774092
778868
795146
815647
824411
832765
841685
822581
804745
714668
718421
644411
644000
751364
747222
800719
897700
911422
955815
978400
995734
951918
958981
979418
992296
999852
1.00449e+06
1.01221e+06
979154
981619
933197
941318
851052
850433
748811
743051
730338
729187
785347
777768
818278
833017
863519
871051
871779
861457
852430
887304
868548
881139
902972
701935
724705
792199
827771
913624
893189
890751
885101
898932
774434
836093
720409
759773
726094
751414
767016
788382
795213
810662
803469
812506
806645
797363
801677
810680
832034
831176
833726
828477
821926
1.47004e+06
1.12596e+06
1.1528e+06
977031
1.01295e+06
888220
910900
877149
873121
911460
992681
981439
1.13528e+06
1.06896e+06
1.24732e+06
1.36312e+06
1.45618e+06
1.76617e+06
1.75169e+06
1.72729e+06
1.68177e+06
1.62236e+06
1.50982e+06
1.40019e+06
1.24504e+06
1.31793e+06
1.43661e+06
1.47407e+06
1.59484e+06
1.70579e+06
770402
752117
747506
711815
700944
687848
696007
689591
693679
690030
685705
668656
667172
647543
667656
668438
664435
654960
654827
650247
651099
638055
648515
650650
646911
659861
657879
677925
686686
706390
714585
728378
743222
742646
754181
751262
762113
762662
760215
735791
715141
699883
697301
713587
624311
652793
665960
652047
653925
635592
633170
618107
619259
608377
609296
607164
601666
608249
604992
611779
643555
633986
668079
687779
702838
723747
749146
748697
751680
753015
750683
744717
745683
737910
690181
701464
694841
696744
683051
664791
651505
621287
626369
600999
600034
593520
598535
613309
662137
658776
682701
664629
665419
655100
648398
667017
656298
672083
674702
677231
670143
680298
679012
677273
1.10758e+06
1.07881e+06
1.04694e+06
967702
915888
829794
768840
734781
725937
666495
672649
636160
611068
625273
611347
622935
617893
621639
623420
613625
633958
626174
637319
657519
676412
687470
701140
712247
728342
725676
712789
703655
696613
688552
682668
677810
682169
679719
681097
680467
679368
681391
684525
671020
662812
656562
588087
567413
560636
504014
547746
491559
610843
664015
702121
716365
737103
722067
731383
737168
1.05256e+06
1.0224e+06
998773
951921
881438
825188
774420
758421
696635
716849
651366
674911
628456
646781
626835
638917
631323
647911
641533
663726
688520
691350
725689
751781
751682
812394
804473
857591
865725
901514
619279
640419
621650
651803
623139
672362
654511
704171
712273
756851
762989
769428
785725
795877
796210
776495
787624
797414
820406
798594
753344
742393
749262
787681
806843
762530
767212
741395
736830
703260
1.05858e+06
992763
935616
873337
847379
841549
838412
836591
836513
864100
798877
785343
604869
660844
559939
598324
572719
586487
575026
584289
598563
602111
610944
607017
603788
594933
588038
580135
575255
570444
645668
650595
653529
667415
650864
694979
697732
742960
755515
770441
773509
796971
802455
813504
811323
801350
798229
768255
726419
675690
641265
638432
675441
773924
766428
839530
904559
937850
959315
987132
944646
979980
989113
1.00364e+06
1.02062e+06
1.02494e+06
1.01572e+06
1.01622e+06
951188
921388
830893
846984
721266
717540
659121
670286
725957
702383
748631
745894
800116
829985
844257
858289
854467
863418
863916
888341
874588
899292
821025
821326
832979
852195
828518
826802
774034
756336
695754
786241
677346
738952
702053
725342
751044
752441
772551
808108
804570
803236
796180
805460
821920
813465
838563
821323
843620
825572
832729
821988
1.20655e+06
1.18565e+06
959517
1.00863e+06
897788
910626
812533
785757
815635
816428
959750
966652
1.10653e+06
1.02277e+06
1.35486e+06
1.29199e+06
1.569e+06
1.63794e+06
1.70999e+06
1.6594e+06
1.63243e+06
1.58249e+06
1.48305e+06
1.36916e+06
1.33888e+06
1.21486e+06
1.2778e+06
1.56633e+06
1.58045e+06
1.71898e+06
760094
760903
729087
725053
688643
691432
683643
687221
691599
689058
683822
665304
651756
612937
683416
677484
671474
667345
650161
651538
641572
641172
629117
630620
646828
654871
679520
687487
707913
709626
732366
733750
747068
747130
743750
742178
731905
731397
730420
728471
718068
719988
713060
716986
652309
674326
677724
672140
645788
641557
628520
625728
622582
617137
613637
612011
607571
604138
611004
604159
621376
651374
642362
679747
685989
699196
714516
729527
735099
745206
749483
752448
744873
745566
701655
712244
718547
702225
696305
663868
654176
618024
631470
616519
617943
624224
634272
658589
661257
688062
678958
680894
646850
652601
636594
636734
662756
659965
669636
673480
671567
662088
669827
723496
1.1237e+06
1.10601e+06
1.05372e+06
966359
891152
812445
772436
713684
734135
651466
677644
617503
632981
615509
624803
612330
617716
611232
607343
592825
585469
595572
589427
618516
644182
667406
699892
720369
727184
739114
715653
709436
701990
694829
690170
687784
683960
684807
678417
674844
672979
674169
668347
670454
671523
649153
615182
577092
568482
534712
554887
494042
622785
623452
699298
697600
722516
732464
751215
811394
1.03134e+06
1.01976e+06
974568
947525
844324
849915
735577
754790
709200
690813
669414
663150
642922
639588
639760
635385
649396
643599
666127
684179
690667
728906
724054
755548
746658
774993
822883
818918
851167
841023
636965
607632
622396
593030
628471
610526
660362
649034
689350
687972
722073
748822
745306
754260
757037
763128
738813
764545
798964
782479
744225
732256
778113
786034
782327
798749
747359
745733
684802
620800
938643
935879
889242
868310
803564
798784
808300
828618
841160
802101
814243
738684
667354
626949
573063
573777
574120
566245
577953
584090
587365
601748
603632
607667
604045
600231
592185
583764
581535
569306
653633
649757
650602
655364
651950
681192
687734
724037
743324
765127
769619
785645
798475
800560
803168
796212
770428
740247
711968
660404
642809
621824
618841
737037
757861
801417
876546
918128
958330
1.00288e+06
911824
973252
991346
1.01944e+06
1.03047e+06
1.0326e+06
1.02295e+06
1.01171e+06
964559
916620
854112
752854
681136
629668
661798
674641
633646
679244
663817
702628
782220
781058
849155
856818
871814
880263
876598
878345
897951
880245
765732
785528
798467
828642
841791
849279
833203
764746
761431
657246
710973
666794
697909
735325
752612
768439
812229
792934
801600
820637
852939
826287
802185
808083
813116
852855
843656
859340
831283
820952
1.23979e+06
1.00404e+06
1.03004e+06
892661
915653
797754
812072
751920
755071
812732
790848
959128
952466
1.04648e+06
1.29049e+06
1.23778e+06
1.55493e+06
1.60977e+06
1.57147e+06
1.60539e+06
1.5744e+06
1.53023e+06
1.46369e+06
1.40235e+06
1.26584e+06
1.22708e+06
1.1655e+06
1.08305e+06
1.25813e+06
1.23584e+06
769462
761103
730599
724842
694747
684022
679766
684215
688046
690040
686469
675298
664250
641099
660663
656904
677245
676605
673752
665915
679242
666893
673165
686035
689683
679056
681920
690332
687443
703957
720054
728915
740275
746953
746104
750468
747847
739895
744478
721560
713300
696265
687427
656506
664759
674027
673247
712780
720254
709277
689755
667290
648708
625759
633107
624289
625037
624735
621328
613356
614357
605429
603628
612667
607234
630328
656271
649977
681904
683953
703466
725675
736649
734468
746023
738204
732756
740199
718152
718686
740752
728320
719717
711511
689568
665655
649153
619570
619282
607917
615028
622249
648152
666859
705572
703420
698448
670268
659081
633025
638036
630026
628158
644124
639486
649855
634537
671807
775936
819160
870553
848967
1.01203e+06
1.04282e+06
1.01498e+06
942278
874808
803163
787752
742999
731489
662982
669468
639071
626389
640157
632442
642375
631046
629970
603076
601553
589448
589780
597067
574505
617040
648693
669459
691877
703907
711711
697697
656365
693144
694781
693845
688819
689269
686002
683684
674902
670268
663680
665897
662398
669614
671832
672085
662440
638349
599223
575505
550284
550770
515846
611302
604748
667152
715947
705775
752291
820594
880049
947410
891730
982722
968184
971137
910590
870033
798179
736968
754744
691684
709819
657445
677020
649948
657775
648474
653510
647806
669444
665710
697388
715764
719872
739751
732720
760293
753146
772085
806619
790491
800021
607638
633480
602793
600115
574169
602699
581758
621592
608081
656042
649886
695036
689938
697585
737938
732711
739652
727065
735721
745779
782218
789150
777242
754725
764468
810617
851490
817866
790892
730455
712543
687526
723338
725186
877250
872813
882865
807630
797077
790481
789418
777372
771581
805163
754572
746496
655196
629131
578060
576568
558187
559714
556437
570596
583454
594140
603565
606124
605747
601724
596702
591881
586775
590837
573601
611457
600199
632983
639311
640632
647820
675823
675585
706565
727391
748606
766883
775170
784147
786985
772397
761719
744576
710218
695309
648751
645086
622630
627501
660826
773412
771076
847817
904369
946869
987682
1.03973e+06
1.00985e+06
976322
1.01381e+06
1.00942e+06
1.0259e+06
1.04002e+06
1.03568e+06
1.0291e+06
1.01679e+06
960106
920297
871795
708825
662134
642489
619400
597574
648204
623927
679690
665630
746023
778288
831905
871196
887161
884214
882825
931144
921905
945760
960855
969415
949740
937535
930270
913768
887367
850512
792500
777272
695859
692910
661848
692239
697017
753558
754251
790855
788978
832148
860607
843440
805857
835300
843956
874448
892582
872261
884732
853748
829684
745085
580438
891309
911286
1.02197e+06
903566
932171
851701
836245
794927
702141
768433
709537
772467
859714
993859
971515
1.1867e+06
1.24661e+06
1.49663e+06
1.58243e+06
1.59018e+06
1.52072e+06
1.52186e+06
1.49163e+06
1.45854e+06
1.42157e+06
1.26652e+06
1.32526e+06
1.20018e+06
1.26496e+06
1.19585e+06
1.34473e+06
908894
1.05495e+06
770233
767130
746058
710917
702895
680152
672056
675526
679820
682430
678445
670886
657284
646630
659878
661882
674464
675760
672599
682211
676220
693732
690851
685007
699373
702573
696404
705166
719350
715549
733337
743006
741337
756400
755502
747830
750702
737229
723338
716793
715724
693153
679036
671479
666958
699688
702331
724505
724817
717443
686293
660761
639675
628204
622973
626321
628072
627263
625196
623129
613414
614957
604497
609680
616559
616383
638325
658904
656217
685784
684301
697947
708717
738968
730698
733856
733558
754654
740031
735718
735941
738858
726480
708687
691664
663511
649224
631902
648795
642808
649059
671938
683871
708232
710495
725422
700104
685764
636039
650603
620309
635342
634703
636406
644914
652594
622278
693366
797175
803321
914008
923109
1.01437e+06
1.01004e+06
976429
920855
865462
824211
819463
744399
751605
661995
681665
630174
647785
637408
648491
639813
644745
623088
624230
584819
585198
547613
542661
571248
577801
610649
637582
657748
672299
690035
661601
660359
676962
676993
675479
677454
676514
675567
670194
669507
662092
661328
657946
661230
671638
683425
690747
678931
670197
624564
615860
577987
563759
552038
612216
587588
685155
699396
722725
799959
846284
896846
942768
949971
989998
972618
945958
902758
820126
777342
755789
713173
720845
680656
678378
677916
661113
660570
659342
653129
661808
656150
686639
683508
712969
710113
703065
724183
711498
749428
732419
729063
723446
643641
619361
600217
574521
580779
585635
569048
592753
582247
620159
608427
645999
633743
669279
694363
672472
702154
706337
709495
712547
737543
782211
820573
765461
785802
800895
821575
833178
840914
817246
791057
774014
736135
770401
823754
843627
861267
813427
812791
772420
765599
764375
775525
784542
737846
751641
693536
666797
628123
605463
557003
576626
555333
566260
564691
577431
587557
596693
603000
602873
598554
597574
592505
584342
588494
591812
583778
619434
608635
630099
641447
642994
651541
682637
687484
717773
733696
751011
771679
774968
778479
775806
751235
729154
701096
678950
642927
601560
594754
608004
661873
746372
744173
837875
889351
938920
978545
1.0093e+06
1.00784e+06
981739
1.00272e+06
996053
1.01105e+06
1.0298e+06
1.028e+06
1.02143e+06
1.0117e+06
968935
893068
920184
703251
711412
680389
585261
617765
645037
603076
688550
632421
760153
724837
839425
871451
892969
897032
941117
914559
932018
951553
928296
946450
928723
933509
923855
921976
934504
907761
859927
800640
756999
689059
697407
699795
751060
751890
810835
813627
864937
843233
836966
861787
927100
898063
920997
887461
885566
909248
897918
901382
861693
819674
693960
798730
983836
981806
978683
927683
927561
913901
801400
854699
783704
775298
926757
964736
980033
1.06182e+06
1.10284e+06
1.17819e+06
1.54508e+06
1.56062e+06
1.56456e+06
1.52345e+06
1.53916e+06
1.485e+06
1.47149e+06
1.42596e+06
1.32145e+06
1.329e+06
1.19892e+06
1.14463e+06
1.1054e+06
960229
1.02883e+06
947436
785349
768356
757129
716436
691405
676437
671260
669117
673464
675687
674694
660265
663900
651690
660540
663017
674382
671867
684380
680800
696495
701231
718728
733458
730753
743714
740426
731660
737730
752297
734952
760198
760559
755813
762907
756138
742084
743641
724771
707211
705837
679295
683457
650660
673898
689769
709350
730443
735698
711129
687407
633918
636592
613955
621348
624592
625964
627709
628778
624119
625170
611942
610655
602131
616594
627808
630503
647941
664193
660736
691094
689384
712518
707439
714375
729418
732706
745706
744354
743559
755145
737704
732037
711957
687459
667767
655784
657160
639017
652312
669777
677118
697517
720556
741802
727276
714859
684774
641630
641223
618074
616732
623845
626282
623433
632413
660136
651023
783278
825798
892671
946097
966092
962386
944078
903077
883719
861842
821165
785571
736344
689615
654578
660553
640734
651518
648516
659688
655822
659460
619272
613088
558887
566209
533557
541900
561202
573266
599751
623480
642672
649755
654232
650277
656886
656493
659112
658098
659705
658454
662415
653592
653983
654058
655547
665245
678553
690894
699515
689536
677522
646462
646567
649793
643258
624513
626641
606828
694566
700489
731179
840085
857444
931858
925368
952349
961791
951252
924787
838747
784653
775619
712588
730883
684992
689042
677321
664994
658657
660856
653237
658400
641756
652357
636756
668617
649783
683737
684818
666007
681160
626530
633233
607644
614837
629163
625619
602282
575782
559943
579370
586696
586323
589083
590300
618890
610109
645894
630635
640423
684888
672744
685642
689240
683539
747746
812411
813118
820203
810978
804238
858276
882177
878813
842616
809286
788529
799416
816039
829932
861946
824365
820986
769224
774601
752558
757397
752275
728756
741524
694868
689536
640727
650043
586279
596152
562521
566130
558269
560038
572457
580809
591673
595073
595391
595634
591815
586174
587860
586457
581021
592839
587490
614297
607884
630822
643698
641263
656518
691218
695822
728995
740631
756294
768549
767998
768867
742483
739200
685391
709185
668365
699816
719332
745704
719560
802175
782658
862969
900109
954550
984914
996463
1.00321e+06
987044
997962
996162
1.00234e+06
1.0138e+06
1.01542e+06
1.01206e+06
1.00049e+06
984241
900058
915260
808788
718478
700337
673423
601655
641115
608134
673802
643040
739736
714333
844906
859062
894517
945616
934941
972688
1.02907e+06
1.01564e+06
1.03508e+06
1.03329e+06
1.02544e+06
996231
997400
970347
939315
934136
876674
802358
803088
685593
694264
735474
710766
832931
831458
870846
845619
891214
918545
964090
920126
944999
921209
943165
927404
924048
931597
909255
894081
853831
773017
776076
798822
875567
937696
982139
943263
899034
975892
988744
997145
1.04638e+06
966569
1.00576e+06
909439
1.07703e+06
1.03379e+06
1.30634e+06
1.50069e+06
1.63099e+06
1.60252e+06
1.59566e+06
1.50641e+06
1.53499e+06
1.45187e+06
1.48659e+06
1.35776e+06
1.39821e+06
1.26767e+06
1.12421e+06
1.16904e+06
1.02391e+06
1.04488e+06
1.05737e+06
806499
778840
753113
719183
702779
653966
668643
664092
667383
670989
667212
663355
654197
658400
652445
669802
666657
683268
679875
696790
702090
718603
735240
746829
764311
765794
775527
770704
759732
764616
782472
758580
782096
772071
763193
765039
751675
736834
733534
717079
692033
679384
672529
649162
674897
691989
713617
736056
733693
703448
670801
622583
614779
618237
613492
618408
621589
628442
628287
630887
623256
627426
619978
623302
615317
629885
630969
651326
659556
673172
672282
696579
694153
705642
715487
721405
727305
739020
743115
755896
759736
751419
736245
710134
696790
676357
674466
662399
677256
694513
704355
721291
736444
741961
742713
743343
702838
697804
622563
649783
604134
622371
614205
618691
637977
619808
676698
645520
730015
834710
856205
909201
951268
934247
914549
910046
904336
863633
856515
777613
767464
663438
690933
636012
654450
645243
659691
657844
670201
648702
650660
600966
607007
535638
547354
517270
520089
574705
573753
602949
612557
639308
632973
646007
644831
645090
643211
644011
642423
647771
641258
649405
650070
657487
656739
673607
682426
696927
698939
691810
680446
671187
658448
659547
666659
685936
687057
688055
680504
728045
793723
848092
872035
932778
918749
939902
944175
922915
847474
784989
774491
704484
729330
682520
684902
670322
653279
635278
633085
616136
615750
590494
587929
574814
597695
577356
610615
578160
609760
600823
598543
648616
636621
667926
660247
637463
622548
599492
591311
608878
600985
582939
582131
586774
611666
615422
603797
621350
641344
648564
634352
659397
648755
667856
670466
765678
789742
845231
848755
826912
864856
895928
904862
898486
863743
825292
820408
817976
835145
841736
829884
824901
791685
768132
773668
751705
757199
729811
729461
699212
695049
657611
664233
617582
628065
582596
584848
559260
572526
560494
566712
582340
583433
585913
589904
586861
583144
589731
582847
579509
576947
590211
585980
600749
614590
614870
625596
646009
634739
667235
692851
713268
739358
764282
764025
780815
755771
780325
718654
751937
665724
692120
689654
742789
713996
743526
759961
879430
875120
957468
938826
1.0167e+06
998125
999284
998881
984185
990681
986148
994188
1.0012e+06
999595
988915
986796
933890
862305
898898
752266
807783
623373
681970
647581
615371
680651
635251
743323
688652
831329
830288
933209
925570
974382
1.03673e+06
1.0213e+06
1.03326e+06
1.04095e+06
1.03186e+06
1.0346e+06
1.02797e+06
991302
981899
968400
899945
879085
806642
770953
698585
624612
593277
620589
819595
854986
896131
947981
952105
994015
965981
982383
959020
959658
933992
943579
939152
928157
928079
886677
871990
767562
800130
804179
809295
972807
928529
1.00889e+06
1.04775e+06
1.07476e+06
1.10276e+06
1.07665e+06
972334
975671
995398
1.17433e+06
1.11682e+06
1.08019e+06
1.35482e+06
1.51396e+06
1.66646e+06
1.67812e+06
1.61439e+06
1.63742e+06
1.53451e+06
1.5718e+06
1.46805e+06
1.52938e+06
1.38544e+06
1.30024e+06
1.15993e+06
1.15845e+06
1.03988e+06
1.01077e+06
1.00817e+06
811617
795459
759955
703079
711789
647774
666427
659465
666375
667856
669231
658904
652843
657613
653207
663981
676105
679662
695272
702919
713687
735679
746333
768216
781038
798013
801549
810258
806756
792694
790387
802038
778429
791440
772973
763591
757234
748004
727655
728766
688362
682864
668394
653361
675483
692255
718001
734162
728356
691556
655721
611973
613521
603610
608683
611167
622621
622711
630908
630463
637868
635376
641129
638679
651385
647725
659626
659988
669682
674526
679736
687429
697739
704731
701120
709869
728326
727950
747620
760650
757662
753469
730664
729182
692896
698409
680859
689233
699030
709234
725249
740799
749880
757546
758706
746675
709136
692528
612318
640923
604637
612544
607662
626177
624291
644497
637618
677007
715828
758842
844809
872811
895597
915333
916469
916234
901499
885616
850519
805022
734337
705387
656135
666820
641130
655960
653695
671201
672387
684011
665775
667590
594863
607134
518524
542760
516265
563915
572355
590227
613757
629806
633895
643865
644379
639708
636470
632280
637461
636775
639465
646991
657063
661727
665129
676103
685959
691734
692477
684914
674233
670057
662209
666253
684317
692569
733335
747571
791751
811519
860296
883970
893908
889618
894526
906194
903865
843834
768994
766478
678921
713028
655999
667109
651873
630641
608809
613816
598029
568851
525169
536078
535033
545077
499589
527376
516770
581755
573502
604254
631790
625866
633756
673844
646938
658457
674079
674688
674490
637433
621172
634122
640860
616200
605705
640950
643610
605852
639770
645651
647668
637476
656916
665680
674999
690383
805961
889519
884180
872885
890866
911302
926028
914947
871222
825038
804706
821597
822422
831477
825063
805480
777700
782211
775597
752139
749317
728401
724297
689750
692030
664786
655990
631887
626386
611572
596025
587834
565413
580661
572327
581170
583603
586157
582654
577700
582855
578620
578119
580205
577584
581026
589116
591146
599886
617012
609633
627172
636968
660944
661359
708211
733314
747392
781872
769467
809885
759847
813828
714968
802314
778853
890083
892380
925351
897094
913718
911332
982193
1.00045e+06
1.0428e+06
999372
1.0398e+06
1.00117e+06
993027
994200
973756
979887
978954
985716
987150
989749
958235
964783
889916
871609
898532
746744
774061
615822
680058
650029
646080
678944
697584
714294
764698
859210
902616
949575
1.04066e+06
1.04891e+06
1.06522e+06
1.08685e+06
1.06971e+06
1.067e+06
1.06715e+06
1.04898e+06
1.03247e+06
1.00701e+06
969274
943373
842521
816982
753200
646032
657031
562708
578399
671503
713015
968008
949595
1.02431e+06
1.02335e+06
1.01827e+06
974223
979729
944826
952056
924100
932796
920313
906935
895362
860790
821724
776418
775529
773459
828250
822264
1.06537e+06
1.03129e+06
1.15124e+06
1.25881e+06
1.26211e+06
1.27108e+06
1.21206e+06
1.26742e+06
1.15202e+06
1.20957e+06
1.19297e+06
1.32001e+06
1.59965e+06
1.73662e+06
1.73617e+06
1.75632e+06
1.65229e+06
1.66536e+06
1.57924e+06
1.60212e+06
1.51836e+06
1.52304e+06
1.25623e+06
1.29031e+06
1.15209e+06
1.07477e+06
1.11576e+06
1.10343e+06
824547
796747
775981
697009
706489
641708
667876
657583
664331
668173
665522
658986
648822
659164
645200
674798
672910
693383
700679
717243
727049
740764
763460
776468
798703
810837
824292
827234
834824
832038
819385
813607
811876
787484
791001
770505
754822
757780
725667
732482
687233
697509
657287
670097
676805
699982
720443
733785
717061
678165
635130
617505
594239
606724
598712
616058
611535
627954
625660
637316
641355
648709
654110
666360
666113
674407
672425
679931
681238
686743
685802
689985
690626
689544
707892
700937
719102
727849
750347
752417
760361
753262
741915
718701
715809
692667
699637
707482
717712
738545
756469
764274
771232
775159
773667
760998
684940
705803
590185
646238
597918
615551
620665
616831
638663
629591
664825
657800
681358
773962
755072
870332
868381
896323
918363
917522
903401
885117
859222
787358
774288
671526
705952
636138
662836
644202
665801
666381
686592
684326
699928
679783
685636
597123
607965
506993
543342
572746
585040
606341
629478
647146
657675
663285
659192
646664
638440
637392
633686
642465
643330
660699
664577
669990
676991
679982
681975
684390
680556
675871
670144
662277
661198
668080
669165
703724
724963
796042
848278
942908
970879
945248
917104
911558
895105
877022
814042
763007
749854
650810
698207
640531
648243
631231
633871
619550
617450
579546
551086
535989
559167
529169
521853
495821
523035
508479
553139
525111
598816
608509
621488
639031
689113
676384
695655
715844
699904
693389
687385
704914
706049
685934
686197
700892
686067
665119
687786
686963
630769
660604
657178
628653
627378
632719
609610
690568
818365
911128
892858
923292
939661
949903
951282
925488
876828
824578
793017
785833
808920
801802
801644
783453
790099
777997
773765
763362
754522
727936
733782
685774
706556
649484
676940
627290
648377
610919
626571
592345
598022
577813
590696
586480
588792
587597
584184
580436
579068
578485
578822
571361
578234
580826
579621
595652
596262
600260
616115
615612
615853
667057
640404
716777
701385
775218
770018
822506
800722
867356
802195
886476
804608
989618
1.08709e+06
1.1421e+06
1.01526e+06
1.03181e+06
1.02256e+06
1.06966e+06
1.05488e+06
1.06971e+06
1.07048e+06
1.0941e+06
1.02164e+06
1.03598e+06
1.00002e+06
980045
986240
966470
976792
975028
981716
965007
962867
959488
912714
974937
878048
890426
663056
749129
618718
663068
688375
660841
730087
666687
818213
751721
952977
982736
1.04884e+06
1.07757e+06
1.09725e+06
1.07908e+06
1.08035e+06
1.07443e+06
1.07296e+06
1.06674e+06
1.05874e+06
1.04379e+06
998483
948191
891824
816540
775244
621158
641551
633476
449780
568813
588610
934580
1.05823e+06
1.08574e+06
1.04787e+06
1.01337e+06
997422
950393
956961
922880
932567
900645
895076
898584
864154
872457
809489
821346
756753
725468
862570
662670
1.08295e+06
894217
1.30095e+06
1.29831e+06
1.38533e+06
1.30339e+06
1.32941e+06
1.24625e+06
1.28553e+06
1.18467e+06
1.28692e+06
1.25092e+06
1.67057e+06
1.73371e+06
1.82317e+06
1.77965e+06
1.83399e+06
1.77478e+06
1.75334e+06
1.67745e+06
1.68795e+06
1.4772e+06
1.38932e+06
1.22149e+06
1.12993e+06
1.17141e+06
1.12244e+06
1.12276e+06
834712
803293
782128
693546
703531
639217
667023
653062
661354
665514
664712
661161
647379
657554
645005
680211
673774
708268
700983
727999
735095
750359
768616
786533
802453
820608
829667
841096
842164
847717
847007
834571
824250
814130
785808
782203
768430
747547
737890
726397
690060
698586
660417
672418
682638
704952
725838
730357
707838
664696
634557
603011
595530
600779
597153
612781
612459
624896
631327
641409
651498
659061
671365
676681
689362
691282
693103
692204
692853
690469
690264
686984
688410
692273
702427
697994
719311
731260
739345
754682
762868
753986
739713
724580
714654
699813
709163
715687
739339
761876
774096
784752
786448
785842
774168
766644
665259
702366
584744
644674
591376
615897
621477
620705
643193
638377
653994
682281
661454
725397
763685
802088
861512
908134
919522
921330
907373
881809
850047
794621
752244
707418
701687
655273
646111
656601
653899
677721
679448
700571
706156
721598
688449
673169
594498
569565
548718
589467
603766
629529
657530
676901
691577
695378
683229
663374
651738
639614
647092
644247
660966
667884
675491
682334
683061
682717
677125
671361
666119
663993
653262
653861
654512
655234
672428
686397
731482
791543
892668
1.00505e+06
1.05074e+06
1.01062e+06
974499
927197
887811
815724
758596
702859
627210
670764
618256
629078
622368
606688
572770
572108
558229
550643
540453
528119
500078
489007
488061
491236
482928
482311
548395
521619
590019
622323
627930
692108
683338
702217
738630
735100
746985
746104
742744
738513
736162
743074
748313
746223
755694
749511
717293
725672
727721
659862
674928
661940
629996
585129
538802
704690
787515
899212
962882
949674
958163
970078
964371
939627
881063
819535
782823
772519
762218
776448
776085
789519
786233
779799
780971
763472
767085
733149
736006
694771
701808
650474
673030
639193
653420
635762
621244
622841
596348
603021
590063
596537
596763
593331
587336
582450
578802
574018
572224
569475
572480
579971
581906
584894
597204
600387
597378
624514
607922
651888
643666
703579
701560
764732
803720
820897
882717
866036
940512
866299
1.01108e+06
1.11877e+06
1.33649e+06
1.24264e+06
1.18749e+06
1.08275e+06
1.13339e+06
1.14065e+06
1.16401e+06
1.15706e+06
1.13692e+06
1.10131e+06
1.087e+06
1.01599e+06
1.02327e+06
964339
986508
972011
965957
964414
958382
965593
962360
939606
976019
951435
991040
822038
808035
646071
701678
639957
681945
688619
708138
682792
795464
731207
992640
983628
1.06756e+06
1.0972e+06
1.09647e+06
1.10393e+06
1.09762e+06
1.09104e+06
1.08502e+06
1.08619e+06
1.08111e+06
1.06271e+06
1.03548e+06
967501
905797
868712
736786
651099
627764
622154
482976
509678
492073
954250
1.10622e+06
1.10964e+06
1.04613e+06
1.01826e+06
957045
967342
925635
929053
899986
902396
892717
866803
872645
845343
838025
814292
809176
788972
770789
750095
966098
824115
1.28805e+06
1.22943e+06
1.44593e+06
1.5132e+06
1.43019e+06
1.39558e+06
1.2708e+06
1.29208e+06
1.32496e+06
1.33007e+06
1.59452e+06
1.8109e+06
1.81977e+06
1.89876e+06
1.89154e+06
1.9514e+06
1.9208e+06
1.86262e+06
1.68312e+06
1.5418e+06
1.34593e+06
1.22587e+06
1.14842e+06
1.15152e+06
1.13419e+06
1.13876e+06
837237
807652
789149
683252
705574
643068
668057
648890
659524
663880
664542
661991
646480
662759
641612
684892
670641
703095
721253
717032
753142
748414
775647
788678
805848
821474
835699
843499
852878
853245
856005
848896
835343
808086
812411
770892
780725
743700
751370
709717
714395
693247
664494
683461
674739
709534
728245
723894
701275
663972
629721
601709
589312
603569
592543
613963
608152
623160
629018
641379
650171
671669
682659
696896
701684
706110
704843
703002
700030
698187
691792
692020
694458
684779
706437
697186
724371
716816
750390
754944
761386
758816
745299
721935
717243
699009
711899
707590
745570
765039
785039
793982
799979
794788
774210
765095
656255
702050
580267
642969
596083
609038
628287
622278
635497
659612
649604
673438
697355
672004
779414
776298
841182
925075
925989
921884
908213
875928
838449
787024
738703
734108
690657
666832
678236
653157
670487
665602
691627
687739
719264
722799
731108
646782
687981
458980
607615
616651
621136
658552
688043
712998
728074
730340
711674
685243
663901
660425
645196
666196
663279
679761
686366
687976
686961
681572
673650
665241
660638
650408
649708
646498
640015
659175
642580
695745
697782
795236
894437
1.02705e+06
1.11201e+06
1.10419e+06
1.04677e+06
989436
892979
803079
663885
683805
664194
629642
634788
626246
599735
587992
590196
584878
555648
540336
537901
508649
515098
493060
497452
483705
505213
481333
517441
574393
548495
618509
691587
674048
710565
756146
748950
768323
769545
770637
772900
772541
780453
791018
794142
802218
802481
806183
802571
763757
759355
758557
669282
650112
638988
571636
509389
695644
712763
955423
971939
975902
976443
982143
973975
948874
895533
815507
781476
765671
778378
779206
781695
783668
785370
784173
781182
779738
758084
739537
744742
686215
713709
641390
686416
634955
667638
642432
648390
618338
626053
596687
605117
594602
598391
593633
592100
583306
581617
578756
569538
564515
578402
571893
584232
586913
587688
602153
596192
615903
610190
657107
625776
719941
679354
798962
769816
885788
863245
966992
915843
1.08341e+06
1.03002e+06
1.41376e+06
1.45834e+06
1.41645e+06
1.22341e+06
1.23425e+06
1.18819e+06
1.23082e+06
1.23794e+06
1.23917e+06
1.21206e+06
1.15935e+06
1.06493e+06
1.08041e+06
970848
988632
986730
970615
975485
962839
969565
955121
946582
973062
918254
1.06067e+06
986494
923689
664921
809095
560944
726267
659707
674543
734524
665070
817580
718392
1.00265e+06
993664
1.07496e+06
1.09679e+06
1.10943e+06
1.10526e+06
1.10731e+06
1.09906e+06
1.09869e+06
1.09791e+06
1.09887e+06
1.08879e+06
1.04911e+06
999536
937301
853656
724478
713969
691385
505012
506676
573689
467699
882710
1.13516e+06
1.1009e+06
1.04648e+06
985612
993947
927343
945701
895315
911955
868823
893975
856816
850561
858008
829417
840028
790098
762944
878006
691859
1.02199e+06
748596
1.25399e+06
1.10686e+06
1.56113e+06
1.54243e+06
1.57706e+06
1.44886e+06
1.3811e+06
1.24167e+06
1.31268e+06
1.47671e+06
1.54418e+06
1.76486e+06
1.90617e+06
1.88287e+06
2.02373e+06
2.08466e+06
2.0793e+06
1.94807e+06
1.74591e+06
1.48739e+06
1.36956e+06
1.14237e+06
1.22584e+06
1.11109e+06
1.13318e+06
1.11683e+06
)
;

boundaryField
{
    wand
    {
        type            zeroGradient;
    }
    frontAndBack
    {
        type            empty;
    }
}


// ************************************************************************* //
