/*--------------------------------*- C++ -*----------------------------------*\
| =========                 |                                                 |
| \\      /  F ield         | OpenFOAM: The Open Source CFD Toolbox           |
|  \\    /   O peration     | Version:  2.1.1                                 |
|   \\  /    A nd           | Web:      www.OpenFOAM.org                      |
|    \\/     M anipulation  |                                                 |
\*---------------------------------------------------------------------------*/
FoamFile
{
    version     2.0;
    format      ascii;
    class       volScalarField;
    location    "0.003550000";
    object      Xi;
}
// * * * * * * * * * * * * * * * * * * * * * * * * * * * * * * * * * * * * * //

dimensions      [0 0 0 0 0 0 0];

internalField   nonuniform List<scalar> 
12384
(
2.13033
3.38146
4.29575
4.85084
5.5321
6.0564
6.65059
7.31711
7.73307
9.11415
15.7512
11.7218
8.008
5.65856
19.5117
47.6151
70.372
86.9442
90.4253
92.996
100.837
99.5908
104.002
101.746
103.948
97.1529
97.9297
83.4268
81.6445
67.4642
65.8005
53.3971
50.4338
39.0917
32.3625
27.1451
26.8949
29.6195
33.5957
38.9035
44.1777
32.1931
19.6943
9.99085
37.6233
54.4959
67.8591
80.2667
91.8331
98.8458
108.254
110.042
111.281
90.4776
80.7588
62.3225
53.8487
45.7603
39.936
33.7989
32.8357
27.6999
25.5614
24.7374
22.4981
21.2394
21.6408
20.9005
23.9803
26.785
38.3803
34.5923
28.999
17.2611
45.9499
60.0997
68.1107
74.2112
79.155
85.5422
93.5412
103.117
112.667
120.042
128.879
136.089
141.634
149.458
155.707
159.635
162.57
164.672
162.392
157.419
145.655
136.741
120.299
104.484
83.1885
62.0532
50.9979
40.0022
30.4553
16.2672
60.4378
78.1998
86.2806
93.1562
98.5731
108.739
117.992
129.288
138.98
146.237
146.992
145.496
141.032
131.575
127.814
119.92
115.189
110.292
107.567
104.381
100.572
96.2145
90.6855
84.2001
74.9084
62.7844
50.8505
42.637
35.5081
18.6847
25.4832
44.1863
55.3497
61.2579
69.4547
80.3947
108.125
125.867
134.052
135.268
136.015
136.397
138.043
139.73
142.854
145.977
146.432
144.81
137.103
124.181
115.734
118.442
105.114
88.2163
72.1816
78.6836
55.9636
42.0902
29.9694
15.2705
40.0833
62.5953
74.8887
77.5285
74.3491
74.4702
74.0595
79.2165
96.6207
118
124.357
126.759
120.449
119.165
119.107
125.626
130.144
133.657
136.294
139.701
140.57
143.748
137.759
126.072
119.21
97.0385
75.0467
51.6275
34.4381
16.675
14.0535
32.2245
43.518
41.9565
45.5356
36.8954
31.8217
24.2217
20.376
14.0338
11.9926
9.39959
10.1946
12.5963
9.89166
9.913
11.0051
13.4162
21.3746
28.1941
31.0006
29.9005
29.7072
28.3237
23.5873
19.893
14.8782
10.7946
9.01613
5.36617
4.44279
5.56654
5.85363
4.89654
4.78765
5.62007
6.45949
6.46325
6.7252
7.93479
8.32905
16.3983
11.1572
17.5659
18.772
19.3293
21.382
20.83
20.0139
18.6674
16.9438
15.0732
13.0636
11.0302
9.20508
7.49739
5.96739
4.80641
4.01297
3.08154
3.89515
4.64896
5.06291
5.39189
5.23344
5.29507
5.73608
6.53385
7.44491
9.10659
10.0927
10.5387
10.6161
10.8762
10.633
9.34055
8.40944
7.61441
6.90762
6.80248
7.06975
5.93362
5.10085
5.15303
4.61185
4.21457
3.84215
3.67436
3.49041
3.09297
4.76409
4.90744
4.95864
5.50605
5.05894
4.99248
4.91298
5.31516
6.64039
6.90837
6.39729
6.7464
8.12873
10.1662
10.3745
9.04004
9.08169
8.17201
7.3383
6.36535
5.30572
5.08682
4.73165
4.72918
4.45922
4.408
3.94893
3.7441
3.27205
3.00084
4.78402
5.54097
5.54436
5.74298
5.52668
5.64746
5.92349
6.10098
6.73272
7.01215
6.44387
5.87831
5.726
5.46409
5.13602
4.86628
4.69297
4.39768
4.38149
4.3924
4.69515
4.78725
5.06721
5.09897
4.98919
4.84758
4.73073
4.17373
3.88603
3.35273
2.91626
3.77892
4.36962
6.08776
5.25265
5.80109
5.89909
5.84818
5.79271
5.92288
5.80935
5.88823
5.70266
5.56048
5.27391
5.00658
4.64556
4.39011
4.27359
4.6688
3.94228
2.89655
2.82483
2.77234
2.76083
2.6925
2.60361
2.48173
2.18464
1.93207
2.54202
3.10715
4.04722
4.9192
5.7026
6.51487
7.2912
8.50995
10.2667
12.5956
16.4777
26.855
15.2446
12.9067
40.1484
51.291
49.978
51.5088
56.0517
61.381
69.3927
77.4729
91.4554
103.49
117.487
124.222
128.49
121.445
118.042
102.352
97.7155
82.4065
77.3932
62.6159
52.0952
41.7373
39.3864
42.6413
51.0629
61.7126
73.1486
50.6848
28.7449
19.6969
56.5808
56.6558
62.1831
68.216
83.7006
97.8925
112.208
123.398
132.89
137.282
139.956
137.778
122.931
94.1498
70.1363
54.6773
46.2078
35.7409
32.4839
28.2046
26.1349
25.5454
26.1492
27.4346
30.8024
38.5213
58.2896
61.4392
48.5494
34.1262
62.8389
50.0448
54.771
63.9335
76.9597
94.1686
111.939
130.21
149.179
166.87
181.936
196.76
208.541
216.296
223.762
228.224
230.129
230.131
229.081
228.152
228.397
228.475
222.492
205.181
161.801
112.168
82.7002
66.2241
51.1913
39.7841
80.8174
73.4185
77.7837
87.901
104.379
124.151
146.384
163.581
180.497
191.824
196.741
195.921
190.156
179.268
165.388
155.749
145.217
136.723
128.772
122.898
118.031
114.946
113.121
111.152
106.996
96.8183
82.5657
71.1648
57.839
37.8263
49.6398
60.6284
80.2211
94.3457
101.24
102.456
102.505
104.551
109.938
103.682
100.891
103.97
117.364
138.819
176.797
194.189
208.186
222.678
233.92
245.317
247.099
257.81
230.889
138.286
127.477
153.567
176.951
126.866
71.9525
41.6843
56.9315
65.706
78.0662
82.8326
86.9296
95.3149
103.838
129.038
167.338
190.89
186.226
173.862
153.782
139.496
126.576
114.912
105.206
98.1511
93.0295
90.7493
91.2184
94.9218
101.81
113.401
125.914
126.734
114.071
82.854
51.7778
37.6557
27.509
45.7561
55.4033
59.4702
58.5184
53.147
44.6092
36.0879
27.3161
20.9409
17.6118
18.8834
22.7586
27.9866
24.72
28.8371
34.0676
32.8655
30.3485
37.8652
37.7294
37.8857
36.8782
32.0124
22.9256
13.8672
8.62069
7.4761
5.54288
6.06614
5.84837
3.29284
3.83429
4.83629
6.46931
8.14943
10.426
13.7269
17.7627
22.8743
29.6924
39.0412
39.4937
43.0414
42.2467
41.0241
36.6837
31.8086
27.4381
23.5021
20.0122
16.8912
13.9648
11.3543
8.87226
6.79232
5.33087
4.04652
3.21667
4.17576
5.09828
3.26205
3.95655
4.52567
4.9298
5.34365
6.13634
7.19784
8.35717
9.62838
10.7996
11.3046
11.9107
11.629
11.5984
12.0959
11.9146
11.6847
11.9472
11.727
9.76244
8.12608
7.15717
5.7773
4.60747
3.82175
3.15831
2.64708
2.40474
3.48921
6.66046
3.65014
4.37615
5.06262
5.81416
6.77071
7.87266
8.90718
8.71098
9.05333
8.94342
8.49953
9.58537
13.1063
11.4123
9.64177
8.22329
6.49411
5.01792
4.05383
3.63294
3.36092
3.18532
3.07972
2.89989
2.732
2.59068
2.43965
2.25068
3.46831
5.70743
3.30134
3.75077
4.38612
4.98637
5.60051
6.02686
5.89571
6.07661
6.31675
8.17268
8.90831
8.4367
7.38007
6.52122
5.61069
4.85708
4.20191
3.7143
3.4509
3.43946
3.51826
3.59862
3.47258
3.447
3.40239
3.24069
2.94278
2.61053
3.92752
3.73026
2.57243
2.86754
3.1269
3.45997
3.84976
3.86585
4.33783
4.43661
4.5108
4.49003
4.32149
4.10448
4.05579
3.83712
3.58051
3.28825
2.88258
2.67059
2.14086
2.13518
2.12327
2.03682
2.12334
2.04912
2.01678
1.95304
1.95265
1.80841
2.58697
3.00977
4.83383
6.39516
7.43664
8.42553
8.95062
9.35592
9.45199
9.68638
11.1812
14.8748
22.2619
29.3908
23.8762
60.2777
49.0276
47.4334
45.4949
42.6375
40.5468
41.2757
43.861
50.6773
60.2881
75.1144
91.3348
104.064
109.142
108.643
97.0591
92.4079
78.1821
72.4921
57.2344
46.9397
37.041
35.6374
40.4652
51.0056
66.6751
78.2358
52.6201
33.4492
24.4914
62.5065
60.7264
63.816
82.2859
103.848
120.848
133.258
139.168
141.499
140.109
136.859
134.786
131.509
115.107
87.363
67.7276
55.3217
41.8498
37.9259
30.4793
26.5884
24.5378
23.1467
23.1561
25.2843
33.4175
52.7973
66.3145
55.4709
38.1694
68.7575
54.1158
62.022
72.5302
82.0254
91.7681
103.871
118.674
131.539
146.783
157.637
170.645
179.812
186.417
189.921
194.926
198.25
203.092
205.659
210.669
212.97
218.239
219.722
212.594
184.245
138.131
98.7025
76.9763
60.9185
48.6977
87.877
82.9352
93.3656
112.739
132.405
152.841
166.423
177.216
184.554
186.339
189.681
186.432
185.112
175.988
168.018
157.472
145.799
135.777
127.561
120.586
116
113.033
111.886
112.054
109.508
101.611
90.9446
85.4489
80.2721
55.2923
70.6679
80.8323
96.5829
102.081
98.9832
96.0382
97.8007
95.804
96.7297
99.6177
111.548
118.039
127.535
139.679
154.724
173.124
185.381
201.401
215.945
225.241
224.166
238.084
225.583
136.406
102.669
111.228
144.261
142.011
90.8034
53.8419
70.4317
73.2764
78.9178
85.8663
94.2839
107.351
128.938
163.748
182.534
181.137
163.8
154.365
143.294
137.939
129.616
123.019
116.157
109.027
104.441
100.199
97.7074
97.1422
94.899
100.695
110.434
126.427
136.73
118.539
85.6034
66.1637
46.4881
81.4734
91.889
93.2115
88.7893
76.2869
60.0954
43.6496
30.6296
22.1712
20.6237
24.7613
29.1888
28.1393
29.7477
38.7297
35.7026
32.5026
42.4115
62.3509
77.4893
85.6704
85.2293
77.2082
58.4428
35.0628
14.5124
9.1914
8.27533
10.5127
5.43371
3.87056
4.98779
5.96522
7.16193
9.21025
11.9409
14.822
18.951
24.8134
35.365
40.2435
36.2478
32.8423
30.6101
28.0275
25.8941
23.2783
20.4642
17.4817
14.5192
11.8786
9.60798
8.02249
6.83691
6.06921
5.54721
4.9687
4.32706
6.08578
5.52981
3.44434
3.97753
4.5099
4.94409
5.46096
6.38281
7.69697
8.399
10.1946
11.5268
12.8564
12.8259
12.8479
13.0866
12.7755
14.1543
15.1847
14.3074
12.8532
11.5968
10.3763
9.2137
8.30106
5.99019
4.61399
3.69709
3.16102
2.91119
4.00325
7.36383
3.70642
4.33233
4.98589
5.87755
6.91199
7.45033
7.79829
7.84471
9.48103
8.72278
9.21015
9.50307
12.6242
10.9347
8.74326
6.85695
5.37067
4.22644
3.61729
2.93775
2.63699
2.71227
2.76284
2.82826
2.76055
2.65892
2.55135
2.50739
4.18267
6.45975
3.55632
3.9309
4.45637
5.07148
4.84439
5.04413
5.19369
5.24789
6.26096
7.43961
8.69803
8.38309
7.24686
6.42068
5.5203
4.56061
3.86458
3.38981
3.12703
2.97721
3.0339
3.07787
3.00012
3.02877
3.00479
2.8969
2.90447
2.69232
4.58896
4.47105
2.7171
2.81892
3.14113
3.37776
3.61326
3.80486
4.07754
4.06728
3.88621
3.73033
3.44187
3.25939
3.02469
2.80513
2.75109
2.4825
2.38005
2.02207
1.8709
1.9535
2.00817
2.08948
1.94269
1.86263
1.78349
1.72715
1.74404
1.8531
2.9899
4.39098
8.01695
9.97441
11.0164
11.4222
11.6354
11.6018
11.5315
11.2404
11.3383
12.7769
19.0436
36.0958
41.95
55.6543
50.5584
50.7244
42.8442
35.2464
31.9633
31.569
33.1247
35.6278
40.6203
48.4947
64.5422
80.0753
97.3291
94.9413
95.5204
83.7256
76.6885
65.0218
51.2291
39.2798
32.6949
32.9718
40.8967
56.957
78.0441
82.2777
58.7579
40.9309
29.4813
69.4936
65.1504
73.9507
98.1466
120.516
135.235
141.633
139.834
133.872
126.529
115.679
112.662
102.432
103.397
91.0501
79.8773
64.7357
56.001
46.3705
38.5847
30.7254
26.1478
23.178
21.9996
22.6661
30.7601
51.9504
73.9173
66.8703
44.2149
74.6349
60.4649
68.7119
71.2242
78.5285
92.0365
105.532
120.828
131.491
144.923
153.447
161.358
166.608
169.457
171.489
171.856
175.879
176.625
182.046
186.645
193.656
202.381
207.093
205.853
187.369
148.308
110.169
87.6131
72.2757
62.117
96.6683
94.5204
113.088
129.741
146.884
161.826
176.491
180.776
179.529
172.157
160.356
154.836
150.652
150.147
143.287
137.877
132.32
124.146
117
111.336
107.053
106.702
108.151
109.939
109.751
105.09
100.644
101.961
103.047
72.4515
96.3343
102.105
108.891
104.076
99.3658
98.6765
100.547
101.688
101.934
102.845
106.424
112.263
121.892
133.917
146.928
159.766
168.794
180.863
188.81
195.549
201.26
207.316
202.799
171.593
95.5955
93.7502
120.327
148.326
106.935
63.2175
87.1294
83.1112
85.6533
96.4064
109.142
130.684
166.813
185.745
176.656
168.828
160.07
157.267
151.376
144.27
138.322
130.464
124.06
119.181
115.6
112.083
110.073
104.009
99.0544
97.5953
103.626
118.63
148.309
144.914
120.227
89.0257
62.9224
115.788
124.376
127.952
117.581
99.9395
75.0913
52.6109
36.6105
29.1529
29.9665
35.113
39.7604
36.3645
41.2365
42.5142
45.5307
60.4586
91.294
116.554
132.468
142.871
146.336
125.347
88.8761
60.0165
31.8111
19.1383
12.3368
12.2353
6.0934
4.80719
6.18725
8.01616
9.78031
12.151
15.2138
18.9444
25.7994
36.1073
36.6791
35.765
38.2298
37.0264
37.6142
36.1955
33.6961
30.5549
26.7826
22.7641
18.7891
15.0544
11.586
8.72187
6.47333
4.88147
4.11182
4.25038
4.86118
7.85876
6.46502
3.92453
4.49083
5.05183
5.92531
7.14411
8.85074
10.4449
12.9725
15.3373
18.1265
18.5347
18.9365
18.9237
18.7844
19.401
18.3486
17.4194
17.6436
16.0974
14.9664
13.2429
10.7389
8.99565
7.76319
6.40168
5.38309
3.88369
3.40578
4.77361
9.06808
4.26695
4.94902
6.00059
7.31499
8.22462
10.0785
10.8526
12.4989
13.3325
11.6695
11.3613
13.393
14.0861
15.2865
12.6225
9.89051
6.87825
4.89963
3.46483
2.82912
2.47318
2.56382
2.50017
2.61096
2.75312
2.79427
2.7003
2.64835
4.66101
7.58688
4.03467
4.4319
5.17767
5.57435
6.24004
6.19583
6.17344
6.35664
6.82141
10.2364
8.86267
10.3352
8.78328
7.09758
5.57949
4.45547
3.65811
3.37908
2.85588
2.73084
2.74062
2.90898
2.92217
2.9591
2.97932
2.85165
2.89355
2.90887
5.32222
5.20912
2.52995
2.7396
3.01857
3.35833
3.68961
4.09472
4.13232
4.18783
4.06357
3.78768
3.60426
3.18324
2.75189
2.55229
2.30373
2.20851
2.00519
1.84675
1.78208
1.79471
1.85464
1.86163
1.84974
1.67949
1.55151
1.50526
1.59111
1.76533
2.91563
6.23646
12.9971
16.0451
16.262
15.1271
13.6793
13.1294
12.8142
12.6763
12.4967
12.8168
16.1792
29.7546
68.4539
55.1874
55.2337
53.0163
40.4689
31.9292
29.4743
30.1058
31.7127
33.9555
37.3475
43.8938
56.1352
70.3508
84.1692
89.5486
86.147
80.4109
69.3201
57.054
41.9715
32.3362
29.3428
33.4258
47.638
71.6531
101.427
95.7499
75.138
56.8279
40.2159
73.5124
70.3263
85.3016
111.024
129.306
136.062
133.477
124.294
111.895
87.7918
63.4797
63.5712
69.9399
74.7248
81.8704
77.4071
70.6816
67.8577
53.5715
43.8978
35.0657
27.4717
23.3993
21.6493
22.16
30.1493
56.0638
82.4166
77.3625
52.4686
82.098
65.5948
64.7191
72.1482
87.9278
104.458
120.43
133.675
142.712
150.946
154.141
157.398
157.323
156.852
154.331
155.146
153.571
156.364
160.045
166.996
175.898
182.368
189.831
193.25
180.371
145.499
110.092
90.6811
79.218
71.3215
106.98
90.2839
121.348
132.653
151.431
172.217
186.94
198.642
197.596
185.642
171.503
149.706
138.257
127.907
122.714
116.215
110.11
105.164
99.792
97.8026
98.4915
101.254
106.03
108.881
109.984
109.932
111.772
118.138
121.51
89.6422
124.389
118.656
115.403
108.308
104.164
104.34
105.196
105.359
105.792
107.621
111.676
117.785
128.26
140.622
151.369
157.07
159.066
159.406
155.644
161.104
161.396
171.66
172.863
179.472
90.7501
90.2508
120.089
156.926
133.28
74.3341
104.737
92.8408
97.444
110.934
129.351
163.492
187.439
183.671
172.459
167.499
165.602
158.92
154.405
145.464
139.6
132.694
128.564
125.453
124.586
123.684
124.668
117.335
109.817
99.3071
101.467
116.59
143.105
154.826
142.58
122.242
87.6212
136.379
151.124
147.433
131.497
108.647
81.8142
59.7602
47.6479
43.3087
48.8988
53.7813
58.9213
56.0847
57.7292
58.9121
75.6573
97.9152
125.804
154.636
173.745
188.93
191.355
182.429
156.289
90.6324
49.8359
37.0238
22.705
24.4292
7.4043
6.82039
8.6432
11.1529
13.6736
17.228
21.9383
28.9649
38.8826
40.6948
46.2429
47.2589
50.521
47.1151
47.113
43.4699
40.3136
36.7222
33.2193
29.2242
24.6214
19.9075
14.8726
10.9658
7.95543
5.77885
4.32209
3.58107
4.1833
9.22197
7.90191
4.72862
5.26679
6.21829
7.93006
10.8749
14.09
18.7911
22.1347
26.5845
28.523
28.7658
27.1684
25.1787
24.288
23.7519
23.9952
25.5339
27.8733
27.4135
25.17
21.4897
17.5081
13.56
11.8803
8.99422
6.47554
5.10328
4.33287
5.60093
10.5159
5.15366
6.13557
7.48108
9.01077
11.3144
13.8017
16.0035
17.4404
15.7175
15.2425
16.9673
16.3195
21.8778
20.5577
18.4874
15.2456
10.5876
7.62691
5.25577
3.64747
2.85987
2.46516
2.40844
2.63923
2.67761
2.78612
2.89545
3.05605
5.6662
8.74464
4.60784
5.19108
6.35018
7.11387
7.72564
7.9682
7.9632
7.83097
10.2817
9.9372
14.2066
11.2631
10.4151
8.42816
6.57751
4.78529
3.7185
3.09621
2.8847
2.85631
2.72423
2.83362
2.95144
3.04867
3.09726
3.04697
3.1378
3.28878
6.37086
5.01854
2.52134
2.51613
3.0575
3.41981
4.1309
4.41889
4.80463
4.68656
4.36167
4.01024
3.41932
2.90343
2.55622
2.22525
2.05298
1.86886
1.76124
1.7096
1.66825
1.66892
1.71515
1.73393
1.7254
1.70309
1.54564
1.49223
1.50422
1.60652
2.68317
8.50181
19.7625
22.2703
22.1604
19.3949
16.8184
14.6388
14.1784
14.171
14.3299
14.3824
16.0972
25.992
93.32
59.4854
60.6333
50.748
36.037
31.508
32.39
35.5235
39.454
41.0514
42.9455
47.4165
56.3076
69.1865
78.3609
82.0141
81.2107
72.3718
60.792
44.5926
32.4738
27.6046
29.2834
41.2272
65.902
93.4159
124.426
109.611
95.4705
79.1019
55.3338
80.7449
78.6044
98.374
117.406
124.992
123.224
116.585
104.582
90.5165
60.902
47.0326
47.2766
51.4833
58.9075
60.0263
67.3376
59.7801
58.3247
48.686
40.377
32.3942
26.95
23.042
21.7894
23.5207
35.2139
70.6989
89.8183
86.1415
65.0472
91.9397
63.9425
68.671
85.1133
108.089
130.959
148.607
155.355
151.215
147.674
141.576
138.368
135.064
130.267
128.811
123.942
123.833
123.978
130.597
139.696
150.605
163.063
173.928
179.942
166.571
133.958
107.332
93.3603
86.6949
84.0372
105.928
90.5416
115.953
138.735
157.964
178.184
195.113
204.246
210.509
207.677
194.614
179.168
157.803
140.239
125.942
115.868
107.142
100.508
97.7622
96.4723
99.4723
102.298
105.363
109.917
114.237
118.883
126.196
136.029
139.287
106.895
154.39
134.765
124.952
111.414
111.992
110.903
111.038
111.285
111.716
113.262
116.343
123.758
136.85
150.799
162.422
160.004
151.391
137.279
125.101
124.053
122.839
134.933
141.483
149.258
85.7747
93.4396
134.11
168.3
161.481
85.7915
122.859
103.484
111.245
127.543
157.883
189.77
190.934
176.515
174.568
167.391
165.156
156.093
149.963
141.762
136.333
132.359
129.661
129.709
130.773
135.086
144.91
142.804
131.264
114.367
109.128
120.778
140.416
153.852
156.548
141.502
123.694
152.518
158.706
148.454
126.425
105.338
85.9228
72.7984
67.6002
71.9614
82.1788
87.1193
92.4296
93.7919
74.0581
79.0037
93.0649
111.935
136.726
165.525
188.79
207.73
217.451
215.601
195.722
156.42
97.5863
60.3892
38.2392
32.5424
9.96901
9.77446
12.5823
15.8504
19.9814
24.3884
34.118
41.8028
44.3709
50.5177
55.92
57.2298
57.1189
52.4558
50.4506
48.1161
47.0602
46.7515
44.9021
41.5884
36.7513
30.288
21.8952
15.1076
10.0979
7.0579
5.1757
3.90709
3.52844
9.46577
10.0059
5.46344
6.05475
7.30263
9.86749
15.0218
22.2875
27.9891
32.5245
36.4125
38.3296
34.6151
30.8444
28.9025
29.0683
30.754
35.2489
42.1111
49.4508
51.2178
48.8758
40.0749
33.142
24.7337
22.2894
15.8041
10.2098
6.81203
5.30529
8.30632
13.0183
6.10352
7.28656
8.41298
10.7956
13.7875
16.9113
18.6088
17.8375
16.8615
18.4959
16.4773
19.6148
19.993
26.6132
27.0074
23.2126
21.9708
14.1846
10.2029
6.12545
4.43238
3.26158
2.78673
2.54562
2.54232
2.99063
3.02544
3.38946
6.70479
10.2169
5.45416
5.79103
7.28333
8.87834
9.70051
8.99525
9.94037
11.563
9.36168
12.3933
11.3227
14.0054
13.2205
11.1852
8.40945
6.31676
4.2836
3.29188
2.73085
2.5706
2.64791
2.89762
2.91796
3.0276
3.15645
3.26819
3.4522
3.78639
7.59296
5.58659
2.40395
2.77919
2.97318
3.73421
3.98709
4.80265
4.85477
4.81695
4.65739
4.19542
3.46431
3.24316
2.56032
2.33427
1.96481
1.70996
1.67114
1.64625
1.63417
1.63715
1.64201
1.66101
1.65421
1.61037
1.65302
1.65385
1.64409
1.70053
2.55992
11.2442
24.1088
25.9835
24.312
22.8515
20.6892
18.8504
18.6091
19.6481
19.5416
19.0243
20.029
31.8035
82.4532
68.6874
61.6173
45.1564
33.5606
33.9165
41.7765
50.2682
51.5208
51.0447
51.4741
55.0665
64.0475
71.1203
77.4995
78.486
74.9106
61.6671
45.9847
32.1053
27.5116
29.0257
42.5881
69.8599
96.7301
117.834
117.025
104.149
101.044
96.2469
73.6076
94.1375
89.5541
104.753
113.403
114.024
112.823
107.356
98.4529
86.1794
65.0202
47.2861
43.8819
41.8514
42.4514
41.1042
41.1676
43.0863
39.6264
39.106
34.5352
29.8462
26.1236
23.8893
23.2518
27.4077
43.4553
84.4679
99.209
95.0374
81.3054
101.304
69.4607
82.8857
107.557
139.28
163.524
175.52
170.95
157.178
144.103
133.082
125.939
119.555
114.066
108.222
105.239
102.033
104.284
111.333
122.668
136.882
152.13
167.115
167.921
150.331
122.374
103.724
92.7054
93.5402
96.0141
104.703
80.8852
118.675
150.549
166.048
180.32
193.231
201.034
204.28
206.212
197.962
186.969
174.028
158.299
143.208
130.272
116.882
107.481
99.4047
95.0709
92.3397
94.2399
98.3144
105.447
115.818
127.512
140.46
151.727
155.875
126.768
180.219
147.845
122
124.3
118.842
117.246
116.33
115.555
114.667
115.21
119.026
128.704
144.144
161.757
172.484
165.82
147.681
121.749
102.619
96.3909
95.1718
110.252
121.835
120.973
93.8288
115.336
179.118
185.183
186.547
103.639
140.678
112.3
123.055
146.414
182.998
195.494
185.496
175.072
173.371
164.064
159.929
148.891
143.683
136.152
133.142
130.031
130.074
130.531
135.315
145.858
166.669
181.865
172.709
154.641
141.272
140.606
151.007
158.705
167.885
168.367
170.761
160.401
155.869
133.796
116.649
101.246
95.4596
90.8236
97.1272
110.404
128.79
135.548
143.609
135.911
100.918
101.589
106.01
112.042
126.978
153.099
182.238
208.325
227.266
230.464
217.043
186.241
136.083
87.8836
59.2833
43.6107
15.8011
14.9885
18.3106
22.5865
29.0784
42.0865
45.0957
47.4789
54.0007
59.8879
64.712
63.1168
62.2988
55.8041
56.3758
56.5788
60.7295
63.4619
64.4814
62.0917
57.118
49.6268
36.5322
24.2752
14.5971
9.19678
6.35486
4.72065
3.79129
8.26703
14.3592
6.27729
6.33618
7.21991
10.3125
16.3315
27.2642
36.5784
42.2581
46.1021
47.5269
39.1459
34.9426
34.4731
37.3172
44.4337
57.5269
73.6791
85.9282
88.8327
84.3231
67.9673
60.9435
45.5981
37.1928
27.3305
18.6772
10.5333
6.70099
10.9955
15.1621
6.75037
6.85942
8.15037
11.3597
15.2415
17.9378
18.8622
16.6624
17.0401
15.6821
17.1849
14.9158
24.0411
28.1301
36.8183
40.8835
38.3651
29.4072
22.2564
13.5187
7.97744
4.89916
3.75154
3.0043
2.68965
2.6448
3.34018
3.58825
8.02622
11.2015
6.01453
6.11742
7.49618
9.1529
9.00671
8.26974
8.99412
8.29719
9.36871
7.22263
9.86493
12.8448
16.0265
15.4252
11.8447
8.65522
6.067
4.15228
3.27359
2.70128
2.52753
2.57873
2.95065
3.37684
3.19382
3.45938
3.74578
4.34244
8.85571
5.10951
2.46975
2.57994
3.10099
3.20929
3.96785
3.86013
3.87802
4.04478
4.02628
4.64049
3.99622
3.61961
2.71794
2.61262
2.02216
1.82669
1.70348
1.66412
1.62766
1.60878
1.62002
1.62819
1.63841
1.71058
1.76036
1.88061
2.02287
1.88834
2.85479
13.364
25.4894
24.6978
22.6565
22.9902
24.0765
25.3905
28.7991
31.4538
29.3481
30.075
41.1055
60.9764
90.1391
86.7082
50.5193
37.894
33.9998
40.1336
52.9314
61.2345
62.1668
58.2458
58.774
65.9327
71.2331
78.3947
78.7281
74.7396
60.1033
44.4473
31.8529
29.0146
32.8788
50.7508
81.1755
95.8324
112.015
113.886
99.7702
99.5008
108.207
114.25
101.792
123.604
101.643
105.962
109.967
115.66
118.102
116.905
110.865
102.155
93.8247
88.4663
83.5649
78.2963
72.4656
67.5816
66.3272
62.7354
58.258
46.1623
42.3921
34.9688
29.8669
27.5539
29.1606
38.9832
64.3541
104.749
106.497
103.388
103.425
112.951
83.1805
101.507
134.543
166.197
190.907
199.832
194.227
177.531
164.682
154.348
145.861
139.976
135.427
133.51
130.832
130.107
129.956
133.38
138.384
148.164
158.616
161.73
154.633
135.362
114.533
101.189
97.2611
102.953
110.591
101.338
81.3873
138.599
166.899
179.613
189.114
196.958
203.524
202.364
202.532
191.137
181.629
166.517
152.527
136.582
123.069
109.585
97.6407
87.2751
80.2589
75.2018
74.5547
78.876
87.6867
103.593
124.765
145.207
162.574
172.381
149.675
206.678
163.353
132.137
132.694
125.08
122.17
120.175
117.74
115.591
115.598
120.009
130.83
148.835
168.426
179.23
174.481
150.155
120.534
98.7163
89.9693
91.2364
107.607
120.798
133.842
132.57
177.474
186.156
196.691
202.714
127.483
156.769
118.421
134.149
167.084
196.707
190.353
183.65
172.219
166.515
158.443
149.828
141.53
136.277
132.227
129.829
129.408
129.253
132.349
137.192
151.055
177.032
195.637
197.747
188.06
180.515
174.537
170.671
166.876
164.518
195.993
218.213
162.005
141.84
123.402
108.302
105.774
104.988
111.043
120.061
144.754
159.642
165.138
179.832
172.531
134.126
124.243
120.418
110.281
107.627
125.888
160.451
195.134
220.674
235.647
233.532
204.855
162.936
116.58
89.6851
67.7757
27.546
23.8395
26.1788
33.5351
42.2779
54.1957
53.1213
58.0256
65.1905
71.4761
72.6807
71.6491
67.0604
63.4163
65.0942
69.5568
76.1846
81.0696
82.7376
83.1138
81.459
75.4593
60.148
40.8363
23.6169
13.4299
8.40862
5.94895
4.71353
11.6054
25.5384
8.31664
6.74676
7.2621
10.0764
15.2608
25.3378
42.0859
53.5474
57.9265
58.8339
48.3586
43.2681
46.2153
55.5098
74.5181
99.1662
114.531
133.226
133.007
124.581
106.116
88.98
77.4184
60.2407
44.6577
32.4777
18.4845
10.6367
16.528
23.0741
9.17703
7.74241
8.43577
11.1605
15.4733
19.168
18.4673
17.3218
16.8403
16.4807
13.2253
17.2198
30.5641
57.8062
76.3233
64.353
66.5986
54.665
41.2654
28.1669
14.5216
8.24091
5.25326
3.98643
3.39424
2.90014
2.89246
3.88174
9.55257
11.9272
7.31538
6.69512
7.9793
9.46354
9.9362
11.0462
10.4323
10.8566
6.35907
7.69533
11.465
16.2458
20.2305
22.5427
17.699
12.4145
7.9228
5.53186
4.36206
3.71124
3.05588
2.7078
2.60516
2.75161
3.41695
3.64851
4.00466
4.74848
10.0651
6.21952
2.64256
2.73958
2.80692
3.38017
3.36777
3.79882
3.23704
3.17762
3.95625
4.45001
5.56199
4.35181
3.53204
2.87866
2.14465
1.97516
1.81048
1.69357
1.6355
1.59862
1.59947
1.5941
1.63951
1.6978
1.86944
1.94007
1.97076
2.13971
3.69924
14.5568
23.1223
20.3027
18.7049
21.716
27.5035
34.9211
44.6425
44.8022
40.3536
49.9884
76.5168
93.8173
92.1889
85.7288
80.2364
55.8789
40.8624
37.3375
37.8034
47.6883
59.7831
72.6275
78.9233
81.6525
81.2717
83.6676
86.3399
80.6816
71.1297
55.7921
41.7657
34.6438
34.158
42.9825
68.7885
96.7151
107.695
118.62
122.998
113.464
113.255
127.52
143.96
147.773
139.17
151.156
160.639
133.034
122.388
123.77
132.725
140.398
144.414
142.785
139.422
134.09
127.632
121.393
114.277
106.154
98.0681
90.8366
84.7339
83.6615
84.0872
86.1342
76.6006
59.7025
45.5858
41.7235
45.8696
61.7012
96.8259
114.228
109.331
106.784
118.457
155.636
161.554
135.642
118.864
132.563
156.755
185.113
211.005
222.167
218.512
206.726
196.399
188.422
182.779
177.781
175.04
171.283
170.545
168.965
168.207
167.092
167.461
166.639
166.066
159.811
145.021
128.333
113.259
106.771
106.638
111.621
123.876
172.51
178.544
117.816
120.964
171.763
188.146
199.511
209.468
214.928
220.618
219.467
218.12
205.024
194.395
181.146
165.822
152.548
139.283
128.284
118.713
110.574
101.942
94.1535
85.4984
83.1846
85.7158
93.6841
111.847
135.872
164.458
185.947
186.587
206.165
264.974
225.492
176.967
155.649
139.16
129.037
124.768
121.988
118.87
115.942
115.367
119.127
130.457
148.693
169.949
183.069
181.956
159.757
133.818
115.007
108.148
110.02
122.618
134.054
155.053
169.847
182.486
194.824
204.386
210.168
171.133
212.246
180.478
133.821
126.007
146.674
183.92
195.578
186.255
176.314
164.312
159.355
147.81
141.615
133.029
130.156
127.841
127.398
126.989
127.785
129.023
135.476
147.369
166.982
179.802
182.198
180.607
180.188
178.456
169.805
167.124
177.92
183.537
207.705
219.924
171.452
150.664
133.78
118.696
114.773
112.038
117.263
121.005
138.681
158.086
168.814
174.235
184.555
184.763
158.632
142.225
132.609
115.102
95.4531
95.2965
130.799
171.788
208.693
229.515
231.905
217.821
182.444
145.964
123.676
96.6447
75.6255
109.221
100.183
42.7675
40.6638
45.465
68.619
62.6878
65.509
74.0983
81.9903
85.015
86.4639
82.5908
77.9964
74.019
75.1713
79.7591
86.3093
90.832
95.059
99.1383
102.742
101.717
88.1524
64.4267
39.2247
21.7483
12.4016
7.98701
6.11515
8.2969
17.027
21.8229
23.9794
16.4017
10.8526
9.59848
12.2341
17.3416
25.185
38.7552
64.1808
80.9241
88.0191
84.2754
78.366
86.7861
103.343
129.425
148.825
151.13
161.596
160.785
165.334
143.026
106.637
87.0614
86.3173
65.1661
52.2698
33.8028
20.1693
14.5645
21.3225
20.8826
28.501
20.8812
14.9795
13.496
14.9365
18.6382
22.7915
22.4802
20.3524
19.6968
21.689
21.6989
37.2374
72.9573
97.1755
117.926
123.12
111.337
91.2901
71.6964
50.4269
29.2773
14.1703
8.03002
5.3598
4.26474
3.63385
3.39108
4.38612
15.03
24.0463
21.6715
21.0049
9.60409
8.00976
8.34212
9.43665
10.6293
11.7247
12.9234
11.0394
12.5313
18.7966
27.2484
30.8098
35.19
32.1624
26.5197
16.9282
12.2024
8.3144
5.61663
4.1274
3.74301
3.35757
3.16321
3.02052
3.02852
3.46182
4.56884
6.17064
18.5716
25.718
17.2026
8.05904
5.5032
3.95642
4.22561
4.28995
4.94465
4.94254
4.56038
5.20877
5.86669
7.553
8.00428
7.2675
4.53505
3.38108
2.34869
2.05899
1.88307
1.74332
1.61959
1.55225
1.54765
1.55538
1.61213
1.68314
1.90714
1.97529
2.17476
2.42062
2.84926
2.76535
2.15612
14.5487
19.4994
17.076
16.7466
21.1209
32.0919
46.1944
57.3075
53.0354
44.707
48.3685
68.1897
89.238
93.0011
79.8641
66.141
53.5347
46.7263
41.84
41.6854
47.1393
57.2827
68.8011
77.3251
84.3809
85.5942
82.0416
75.0079
64.8033
51.8829
44.5457
42.5418
47.7773
69.0036
108.514
127.598
122.297
126.556
134.312
130.834
123.314
128.16
143.068
158.875
171.774
176.848
171.222
168.884
154.75
151.444
161.704
170.838
177.44
180.167
180.864
176.426
168.501
159.772
153.415
148.539
143.71
136.534
128.321
118.812
112.13
109.734
108.862
111.555
104.486
80.4429
70.9211
85.264
125.971
126.413
119.654
117.362
128.86
147.366
156.9
165.142
155.382
139.786
148.568
167.134
188.826
212.283
230.163
236.253
228.725
220.254
214.08
208.869
205.705
203.435
202.625
198.857
197.071
192.004
189.276
181.803
176.587
166.215
154.553
140.47
128.268
120.98
121.641
124.813
132.844
148.281
163.335
140.916
124.5
153.466
192.419
207.29
220.605
233.289
240.928
252.359
247.11
247.687
234.112
226.182
211.482
200.687
189.678
182.127
175.361
171.684
165.22
157.941
150.618
137.248
125.232
112.918
110.99
117.116
130.632
154.836
182.922
192.992
175.643
211.395
221.099
182.985
161.568
141.211
127.368
121.229
119.251
117.556
115.768
114.309
117.418
127.175
145.022
166.548
182.013
186.225
170.567
151.029
134.186
131.574
133.826
141.32
148.545
165.344
171.184
185.116
195.091
204.034
206.062
198.294
121.496
109.157
123.56
135.699
166.071
191.943
192.455
178.122
164.087
156.292
145.015
137.221
129.311
124.239
123.847
124.262
124.544
120.183
123.684
125.275
128.448
137.792
146.547
153.247
154.164
154.979
161.454
159.067
157.276
156.252
171.257
186.195
180.385
173.561
168.77
152.189
139.639
131.292
124.238
123.948
124.343
133.42
147.848
164.138
164.448
164.859
177.103
177.704
167.982
153.708
143.304
124.828
96.3062
75.4153
111.889
148.75
189.184
218.16
227.009
219.785
196.549
161.824
135.269
119.993
106.617
125.73
118.004
65.8031
57.313
71.736
80.2167
75.6365
81.1867
89.7001
95.7615
100.682
97.6428
95.0538
88.7295
85.1437
83.9198
87.5549
90.3112
96.0186
101.376
109.71
118.364
122.259
113.506
90.2673
59.7732
34.5735
19.3482
11.6964
8.22234
8.24085
10.4481
11.9837
14.4507
20.9824
20.6498
19.442
20.4463
24.4074
32.4278
44.4595
67.1047
110.904
156.423
168.915
152.922
151.517
163.205
182.406
201.191
191.316
181.67
173.378
146.954
136.594
110.503
100.262
98.0866
85.8075
78.41
57.0604
38.0322
25.5813
23.2941
28.1197
31.3796
30.3818
31.4498
26.3378
23.4617
24.7161
30.0291
34.4717
37.5343
41.0528
72.3686
71.0553
109.62
151.927
166.245
198.579
184.192
166.825
139.115
114.271
81.2881
49.1431
26.6837
12.8492
7.62098
5.54508
4.87822
4.18541
4.22902
11.9764
19.5534
20.0524
26.6007
13.6005
11.291
11.5509
13.1543
15.1451
17.3892
20.4622
25.8406
33.4942
47.5941
55.4896
61.9078
56.3084
54.0583
39.0165
28.2624
16.2169
9.91445
6.9915
5.84993
4.63322
4.26474
3.68374
3.4609
3.42221
3.53371
4.17752
6.20933
15.3764
27.24
21.2608
15.0986
11.4463
11.0451
10.8144
12.7114
13.3565
11.8753
14.3701
12.5768
13.7566
21.1575
15.6947
9.08022
6.59877
3.64919
2.51571
2.18166
1.9134
1.76017
1.62089
1.53379
1.49854
1.51763
1.57767
1.66796
1.81658
1.82958
1.86997
2.01078
2.07145
2.03118
2.51318
14.0012
16.689
16.2802
16.9105
21.1572
37.2034
59.543
69.8914
61.9201
48.7233
45.9736
54.6687
75.4158
84.4351
76.5696
66.9224
60.2514
55.8851
50.0841
46.3451
46.7545
49.6796
55.0256
61.8263
64.3474
64.8604
61.9707
57.8731
55.3092
56.178
61.2778
85.9299
140.799
145.621
142.832
143.223
148.246
152.368
150.615
143.38
141.438
148.611
156.42
166.053
171.076
175.466
171.229
173.082
173.554
183.798
194.58
204.621
205.67
206.364
199.725
192.485
188.743
189.122
191.996
194.601
191.315
184.325
172.059
161.007
151.397
146.065
145.253
145.444
145.048
133.21
142.354
155.42
152.187
138.858
129.356
133.268
144.837
154.185
157.397
160.482
152.906
142.951
149.373
165.135
183.479
199.36
213.717
225.527
230.888
227.703
222.903
220.194
218.066
216.691
216.438
216.746
212.987
207.266
201.416
191.017
183
172.547
162.062
154.515
150.276
149.116
149.119
152.558
151.482
162.41
139.43
128.758
119.219
142.832
201.636
216.809
232.033
247.257
264.033
273.744
276.203
272.353
267.338
256.167
247.763
238.318
234.069
228.095
224.337
217.207
214.398
202.985
196.417
184.882
172.779
163.086
146.127
141.664
143.353
155.676
179.896
199.096
196.963
215.925
218.082
182.849
160.285
134.318
106.619
99.5968
105.215
108.902
111.359
112.408
114.748
122.031
137.591
158.426
175.877
184.378
179.188
165.25
149.57
142.397
144.85
151.17
157.067
166.204
165.84
180.975
192.997
202.581
201.883
178.003
102.643
111.295
130.077
152.445
179.821
190.961
180.619
163.177
153.758
140.7
132.675
123.141
117.208
114.988
116.414
118.264
118.92
117.547
116.086
115.518
119.695
123.789
131.438
132.754
135.817
140.28
146.158
157.949
163.832
168.811
176.077
182.753
180.28
179.784
176.181
168.201
156.274
145.454
138.395
135.163
136.701
142.191
154.121
156.84
153.974
151.238
153.171
160.412
161.016
156.745
149.999
135.991
119.47
83.3551
112.067
137.348
173.689
200.393
210.918
208.365
196.87
167.434
138.12
118.796
116.037
131.718
141.161
92.3913
92.4933
109.873
95.0956
90.1611
95.0053
102.217
107.461
109.394
108.018
104.502
100.475
96.0635
96.1334
96.0032
99.2685
103.534
110.301
118.825
128.642
135.107
129.55
109.448
79.4151
49.9919
29.2254
17.4567
12.034
10.4118
12.2496
14.879
17.4245
19.5829
26.1092
35.1565
42.7941
48.4857
54.0462
62.7453
81.4924
113.591
167.667
209.209
210.836
198.753
202.972
218.795
233.836
227.702
237.469
198.474
188.73
172.567
139.969
118.325
126.083
107.7
104.222
81.94
62.637
45.5298
35.2132
34.4491
38.6402
40.634
41.855
44.5432
40.0198
37.0347
42.0879
54.5963
74.9126
89.6595
135.753
149.484
174.258
246.29
255.952
255.704
238.606
220.998
191.063
161.502
118.741
77.5869
45.279
19.7342
11.4329
7.89077
6.04385
5.74013
5.89822
8.14461
16.4543
22.5702
24.8275
18.9154
17.6541
17.8042
19.1338
23.0152
26.9739
32.9102
51.5108
63.0985
98.3391
115.024
119.59
111.652
73.508
51.7331
30.8079
20.6485
13.2691
9.31921
6.55329
5.59556
4.79649
4.61661
4.31498
4.16999
4.27547
4.59325
5.63579
9.78316
19.5565
28.0201
24.7468
21.4934
20.5345
21.347
21.6731
22.2582
25.261
23.9875
23.6318
26.2187
18.8718
13.7491
7.69865
5.95691
3.72612
2.84424
2.21786
1.94894
1.77622
1.63911
1.51344
1.48095
1.48568
1.56485
1.62516
1.7419
1.80665
1.77909
1.96178
1.97032
1.8686
2.57632
13.3699
15.4711
17.0705
18.3057
22.9963
40.2037
70.9595
83.9765
73.8251
55.053
47.8992
51.5815
65.4056
77.8828
69.1592
64.7225
66.2445
70.7022
64.9914
59.5082
55.781
53.5066
53.6381
54.9567
57.4334
58.4566
61.3747
66.8517
78.1618
108.013
164.21
162.933
160.013
161.531
165.927
169.902
172.351
168.863
162.055
159.649
162.608
165.734
166.68
169.295
170.534
173.69
174.336
173.561
182.805
195.687
205.074
210.2
208.819
204.899
203.21
203.839
208.269
215.127
222.373
226.411
227.868
223.012
213.646
203.68
198.671
193.068
193.426
192.585
192.715
193.435
192.83
181.509
164.124
146.275
139.762
140.818
144.365
146.828
147.929
147.436
139.689
131.232
135.696
150.932
168.732
184.246
193.998
201.641
208.426
211.759
211.111
209.871
210.19
213.378
219.328
224.207
229.801
222.32
223.474
210.511
207.782
197.68
192.415
186.658
182.006
177.978
168.913
165.487
162.898
167.747
118.972
105.546
102.738
110.183
131.683
182.957
225.138
247.023
267.158
289.587
291.469
300.041
293.335
292.044
280.686
274.181
264.982
258.833
249.206
244.379
240.521
241.107
236.308
237.014
227.784
222.019
206.099
183.321
176.688
179.318
198.182
215.684
216.067
219.974
214.058
162.823
134.089
88.1968
61.5216
56.5605
63.5317
87.9984
102.133
106.593
110.87
116.448
127.479
144.147
162.577
174.535
178.867
173.168
163.221
153.318
148.722
149.855
154.156
159.893
166.049
178.707
193.094
196.287
165.921
125.693
113.896
127.401
145.885
168.297
182.795
177.89
161.796
150.252
134.959
125.755
115.404
108.155
104.46
105.86
109.819
113.866
112.48
110.89
107.522
106.442
105.782
110.507
114.233
121.335
123.49
129.689
137.705
144.948
155.226
160.224
169.578
177.834
181.489
182.128
179.512
174.238
170.417
165.068
157.132
151.489
147.838
148.75
150.086
144.382
134.375
130.469
133.715
137.663
145.262
149.316
150.891
144.941
142.9
118.371
130.113
141.245
163.443
185.041
193.504
189.949
179.587
157.597
135.588
123.066
121.369
131.957
139.069
134.603
130.975
118.092
104.664
101.273
104.232
110.567
114.386
118.02
117.482
118.423
115.114
115.058
112.506
114.947
114.936
117.98
121.047
128.14
136.03
140.615
136.119
118.416
90.0319
60.3485
37.9517
23.8742
16.8804
14.1736
14.9997
17.8432
21.9586
25.6904
29.9009
37.688
49.3539
66.175
83.8199
98.4788
110.526
126.842
152.216
188.425
218.783
226.198
232.097
241.303
262.656
273.05
242.275
226.612
175.105
148.663
125.866
120.293
119.246
126.705
111.323
104.71
79.1171
71.7645
51.3932
44.7012
47.7993
53.2058
57.7081
63.5402
65.6899
63.4286
66.8019
79.115
104.939
128.124
158.353
213.007
194.003
283.539
286.339
279.847
279.062
265.171
234.353
204.598
153.783
111.431
71.4643
30.0154
17.9669
10.6431
8.12914
7.35093
7.23451
8.63859
12.4269
18.6862
25.9954
28.9051
30.7626
32.158
34.5667
37.7359
49.9448
68.0917
106.453
129.411
155.277
170.798
167.721
147.111
86.1056
55.6837
39.3678
23.4117
15.4866
10.391
8.3007
6.72269
5.99584
5.43569
5.33119
5.23534
5.28526
5.71112
6.43853
8.60931
12.716
20.084
25.6226
29.5262
34.0908
26.2506
28.3326
28.9381
23.5869
20.3755
18.0698
14.8703
12.4058
9.28353
8.09106
5.48401
3.91955
3.10145
2.33123
1.9822
1.80404
1.64431
1.54908
1.47388
1.50017
1.52233
1.59395
1.63759
1.69589
1.72298
1.79197
1.75448
1.64381
2.1171
12.3809
15.1251
19.7708
21.1056
25.4163
39.4532
72.4138
90.9381
90.1143
67.7611
56.2013
57.8364
69.5075
77.4848
64.0885
57.1399
66.5532
80.8352
84.8129
79.3641
74.7771
70.9438
67.117
67.414
69.6871
75.8659
86.2914
113.288
175.424
171.394
167.699
166.622
170.81
174.259
178.254
178.712
176.216
172.106
170.829
169.95
173.403
172.594
172.195
172.434
172.001
172.714
173.283
151.027
154.396
192.081
198.237
202.513
201.778
202.784
203.585
207.087
212.026
219.838
228.526
240.029
250.237
257.17
257.921
254.558
248.223
246.221
244.047
245.359
241.323
231.11
213.687
188.34
165.313
151.043
144.782
140.366
137.378
135.407
132.056
123.171
109.985
112.475
114.102
123.493
142.425
159.293
174.294
182.686
189.34
196.311
200.605
205.301
212.497
221.573
233.139
245.76
256.304
253.175
257.083
244.844
240.594
229.388
219.272
206.687
195.913
183.724
175.895
167.59
165.118
141.379
111.863
87.0613
79.6531
80.5126
87.7794
108.586
148.476
225.099
251.29
276.942
302.33
312.486
319.643
313.715
309.687
297.819
286.857
273.138
263.962
258.832
261.87
267.045
286.407
292.536
299.151
289.722
272.893
242.817
228.699
224.16
229.197
233.607
223.975
218.874
195.849
127.1
96.1362
64.8281
52.1613
53.0502
58.828
72.028
97.6775
102.431
106.81
110.126
115.649
126.486
142.754
157.358
167.288
170.986
169.98
164.611
158.339
156.385
157.078
163.52
169.873
182.36
181.043
160.729
135.491
130.477
134.717
147.384
161.364
173.226
170.01
156.137
147.136
129.608
118.949
107.154
99.0553
95.1076
95.9328
98.7701
103.879
107.309
107.298
102.457
98.2054
94.5084
96.2529
97.7793
104.166
107.343
113.974
116.933
121.542
129.009
136.417
145.48
156.956
166.324
170.87
172.612
171.371
170.892
169.561
165.183
160.676
157.27
151.352
141.884
131.999
123.758
114.962
111.656
114.179
120.415
128.476
137.235
146.317
155.597
160.799
157.666
153.869
153.135
164.507
175.317
176.66
170.363
160.758
146.584
135.668
128.272
124.428
123.864
124.584
124.155
123.421
115.445
108.795
106.891
109.518
114.677
119.284
124.775
128.082
132.524
134.989
137.525
137.121
137.022
135.716
134.18
135.568
136.529
140.371
140.517
132.773
114.97
88.7579
61.9929
41.4512
28.1253
20.6692
17.4265
17.7392
20.4139
25.1323
31.1696
38.4309
46.2499
56.2929
68.5689
86.5082
108.302
130.303
146.449
162.167
180.88
203.941
227.598
242.16
251.508
274.834
259.864
310.504
233.489
178.894
139.616
138.139
128.729
124.739
115.665
119.985
110.246
104.208
88.7988
66.7577
55.8733
57.1607
64.459
74.5203
85.7826
100.904
109.227
111.94
122.586
135.797
162.885
176.603
198.76
230.401
243.416
307.635
320.609
302.915
294.387
271.492
231.366
181.709
134.035
88.4521
47.1395
23.3927
14.483
10.7586
9.10298
9.17236
10.3634
12.6712
16.0253
21.322
30.929
42.2949
49.668
59.0966
78.696
96.8268
141.642
161.497
171.418
168.56
169.057
156.282
146.385
87.2697
64.4514
37.8587
24.8769
16.5969
12.2428
9.3437
8.06563
7.08754
6.68514
6.30661
6.38357
6.54174
6.94428
7.97176
9.27645
12.1391
16.3127
24.5921
29.7278
30.7789
23.6594
31.3454
22.6888
19.9163
18.8191
16.5456
14.5875
11.3193
9.63368
6.77262
5.42053
4.19335
3.22687
2.49017
2.07361
1.84773
1.70212
1.56655
1.51233
1.49241
1.53332
1.55122
1.60397
1.60735
1.70462
1.63719
1.58591
1.51721
1.97717
11.4108
14.963
23.7999
25.8705
27.415
33.0409
54.8829
79.1343
95.0551
93.9511
81.8925
77.8983
83.8748
84.0888
61.8219
49.9155
55.1937
77.6178
90.4348
91.0637
86.5444
82.5496
80.0977
78.1727
81.5264
90.1893
111.525
157.861
160.113
155.907
155.822
158.947
165.538
172.784
174.72
174.931
173.372
170.222
170.907
168.837
171.766
169.686
172.717
171.625
171.881
172.097
173.937
161.528
154.534
177.745
188.636
189.881
193.054
193.301
195.666
196.523
201.133
206.454
217.451
231.602
249.875
267.463
281.506
288.859
291.553
288.93
284.985
274.906
259.061
234.233
208.169
184.052
165.977
154.078
143.391
136.436
128.658
122.123
115.35
100.011
91.7806
92.1825
95.2979
98.7072
108.098
124.919
141.53
157.641
171.575
182.864
194.176
205.042
217.598
231.738
246.813
259.892
272.855
265.032
272.024
254.863
248.459
233.053
218.041
206.175
192.68
182.417
169.732
162.366
152.871
136.998
84.5284
79.4932
64.0769
62.1367
62.3212
68.4502
85.1418
122.695
201.328
243.009
267.901
300.709
312.811
327.108
321.423
316.077
302.68
289.275
275.287
269.384
270.524
285.152
301.587
335.632
334.28
341.016
324.697
304.672
283.984
268.952
252.545
235.837
217.864
205.944
135.681
91.5234
71.1631
60.7432
61.6023
68.8956
81.9782
103.63
109.62
108.142
108.669
108.854
108.943
111.762
120.135
133.556
146.048
156.279
162.111
163.522
163.959
162.557
164.411
166.803
170.355
173.561
163.93
152.595
146.347
145.861
152.491
163.569
164.983
158.245
143.724
137.013
120.072
108.97
97.5803
90.2699
86.4932
88.1816
91.3643
97.2627
103.017
104.364
98.5441
94.8659
91.2437
89.3697
86.6207
88.8426
91.4043
99.4395
101.951
107.449
111.377
114.688
116.682
122.892
130.815
140.791
151.406
155.377
155.069
150.816
146.75
143.991
139.68
132.861
125.346
117.181
106.808
98.6571
97.1819
96.7057
100.074
108.567
119.102
130.376
145.849
158.476
174.805
181.172
178.8
168.367
168.907
168.924
164.261
156.468
149.708
141.558
134.879
130.131
123.371
117.492
110.573
106.114
103.631
102.865
103.999
105.272
109.116
115.812
121.634
130.432
135.956
145.875
149.578
157.243
156.628
158.836
154.588
152.671
147.736
145.669
140.869
134.185
120.746
100.928
74.6517
50.4132
34.2272
24.4356
19.0588
17.2612
17.9688
20.7758
25.6706
32.4132
41.6956
52.8977
66.1698
81.1585
97.305
111.41
130.541
145.624
165.218
181.511
201.549
221.612
245.978
255.915
218.301
272.561
229.791
195.82
140.397
132.843
127.802
131.156
128.402
127.378
119.286
110.311
104.981
98.1455
72.5145
59.979
61.8857
72.0507
86.1822
104.618
126.074
152.641
185.167
180.177
191.671
211.199
214.089
241.898
233.269
338.862
349.521
328.788
338.81
314.548
285.701
248.125
196.706
153.598
105.806
50.0274
32.6674
17.3532
12.7116
10.9744
10.834
11.6208
13.6485
16.603
20.5649
26.1417
33.7648
44.2694
57.5211
76.2239
104.818
141.514
150.76
164.58
164.048
158.028
165.043
145.78
144.457
68.404
40.2971
26.7217
18.2514
13.1259
10.5405
8.84104
8.32233
7.64721
7.65117
7.47099
7.77139
8.49119
9.14335
11.1213
12.6161
17.5098
20.5631
23.9576
35.3935
24.2223
40.2362
21.4504
22.4999
17.5209
14.6648
11.8867
10.0306
7.9348
6.72451
5.19144
4.37179
3.31014
2.72896
2.23261
1.97365
1.75439
1.61352
1.52469
1.51796
1.5399
1.57234
1.58285
1.64169
1.64254
1.52819
1.47465
1.37841
1.74223
9.85239
14.3318
28.0682
33.493
33.7751
33.9697
42.3484
54.4824
71.7922
89.3592
100.342
102.511
97.4894
88.6487
63.2398
45.3958
41.7829
60.2437
80.4133
87.8423
77.871
67.9936
60.9847
57.6955
58.1752
63.3116
74.0762
90.1427
102.646
106.107
103.312
118.994
133.397
143.07
151.515
158.063
159.143
160.239
159.024
158.33
159.497
158.625
161.899
162.79
165.439
168.01
170.05
172.178
175.097
177.831
178.441
179.77
180.886
180.55
181.21
179.873
180.874
183.729
190.789
203.256
222.559
247.296
270.676
287.698
295.94
296.055
286.777
271.999
250.23
227.503
205.452
186.176
169.306
154.824
141.829
131.01
119.915
110.784
103.015
96.3708
91.3003
88.1707
86.6375
87.2639
88.6443
93.6181
102.499
118.396
138.337
158.391
176.971
192.992
207.806
222.33
238.109
249.775
261.363
253.431
258.281
242.214
237.217
222.448
209.019
196.07
180.413
167.227
152.454
138.202
118.764
106.561
84.2712
63.2296
58.7665
57.8999
55.0848
51.0873
52.6078
65.1711
92.9755
135.62
205.111
233.499
264.615
299.59
314.127
313.14
309.264
299.722
290.038
280.684
276.535
282.93
299.739
318.022
336.004
329.685
324.743
310.234
289.386
264.047
236.63
210.995
172.504
121.161
89.245
70.9448
67.9835
73.5587
89.0309
109.759
140.16
137.173
131.986
126.123
121.842
117.371
112.136
108.421
109.01
114.944
123.086
131.558
139.768
145.227
148.288
150.872
152.331
154.3
154.888
154.521
152.397
148.982
146.188
144.27
142.639
138.06
128.97
118.327
110.171
97.7408
92.4115
86.8787
85.4701
87.1724
91.1797
94.4007
97.6611
101.594
104.687
104.229
99.8225
96.1167
93.3792
90.446
89.1934
88.7172
87.5943
93.3728
94.9735
99.7766
104.283
104.82
107.776
108.98
111.288
117.029
122.034
127.108
130.692
131.074
127.511
121.283
115.283
109.185
102.08
95.2177
90.0527
85.72
84.2235
89.3205
94.7945
104.476
118.531
135.278
154.335
163.936
192.469
203.483
195.203
183.515
174.736
167.29
158.808
151.13
145.172
136.37
127.486
121.06
114.392
105.884
97.7692
90.2275
86.8954
86.645
90.1463
95.6396
102.924
112.295
121.517
133.225
143.63
157.625
165.249
175.282
176.974
177.517
174.152
166.963
159.905
148.911
137.431
120.684
100.79
76.4964
50.6251
30.6752
19.6916
15.0605
13.2488
13.4905
14.8984
17.7717
22.1667
28.9452
38.0863
50.7391
66.6335
83.7413
103.396
119.096
136.774
148.775
165.337
178.756
196.001
215.049
235.602
259.945
256.714
220.208
215.14
150.161
131.287
126.252
137.335
137.2
141.334
134.209
125.256
110.596
110.207
83.2428
56.1131
49.9927
55.2466
69.4741
87.9311
112.66
141.83
174.03
207.995
240.643
273.174
289.405
298.74
238.866
275.651
308.757
331.468
341.22
324.01
318.575
290.419
257.043
212.045
165.346
114.99
54.3843
35.7245
17.8639
13.896
12.2834
11.9862
12.8754
14.515
17.131
20.6293
25.4185
31.4307
38.8963
49.2088
61.4085
80.0847
113.588
131.548
168.266
170.349
163.27
165.258
148.309
137.94
79.6362
36.921
24.8314
17.2141
13.5295
10.8873
9.97717
9.07798
8.85968
8.54668
8.79805
9.13169
9.44528
10.7048
11.8851
14.073
17.0184
20.9068
25.352
28.0797
27.4364
36.4785
22.128
26.3141
16.6565
14.5206
12.0422
9.67788
8.22812
6.57929
5.61447
4.61316
3.49757
2.81529
2.37454
2.04731
1.81204
1.61055
1.52631
1.52534
1.56561
1.58701
1.63009
1.64123
1.59167
1.50638
1.40748
1.31676
1.67874
5.04077
8.81681
20.7959
29.5014
37.7117
39.6829
48.3139
54.9038
62.9299
70.8653
79.4664
87.4022
87.3295
85.0841
67.9703
54.8569
40.8149
39.599
56.1913
61.2616
59.5965
48.6512
41.9417
36.6433
35.3585
35.4904
36.771
38.6139
40.3059
41.0783
40.4665
40.0053
40.3025
41.9248
48.4434
62.8444
110.925
120.149
122.704
128.541
125.826
125.088
121.847
117.455
117.597
116.811
117.453
118.475
116.762
113.202
111.018
111.379
113.584
116.371
121.275
125.926
131.554
135.25
138.906
142.097
146.396
151.521
159.086
164.712
170.639
182.383
190.225
198.332
196.049
195.662
192.884
188.585
182.097
176.857
168.869
162.855
156.108
150.046
144.488
139.432
134.768
130.668
125.275
121.122
116.733
114.279
111.809
111.846
99.7859
98.7644
115.693
134.163
150.899
164.381
175.511
180.208
180.101
174.504
177.549
174.896
178.857
177.998
176.938
177.064
174.809
170.042
166.821
159.376
153.257
149.646
139.91
127.997
102.548
98.5031
86.7515
79.5852
71.3544
64.2164
59.6378
59.5209
64.4425
85.6967
109.616
130.16
153.05
168.758
178.736
190.477
200.627
208.063
200.383
190.769
188.759
187.057
178.991
182.657
200.157
202.881
212.009
216.781
196.952
165.236
141.232
124.386
110.803
107.085
110.561
130.61
133.965
132.219
133.995
137.05
140.472
142.904
144.053
142.149
136.022
129.706
129.429
135.053
146.424
151.302
150.779
149.411
155.984
159.774
168.323
174.154
181.554
185.115
169.633
162.094
167.908
159.581
149.556
136.535
129.492
120.086
117.045
116.248
115.208
114.91
116.972
119.116
120.491
121.296
126.036
129.221
133.036
132.615
124.412
120.258
117.293
116.34
113.152
113.698
110.684
108.908
112.671
110.862
111.083
115.265
116.179
116.845
119.587
120.373
122.3
125.034
129.004
133.73
138.532
143.291
147.751
150.639
153.098
154.074
153.872
155.234
154.437
152.329
155.911
155.132
152.783
155.793
161.987
158.953
186.66
202.416
206.501
206.947
203.05
187.462
143.661
103.975
68.0311
63.2875
69.7473
75.0295
79.5604
82.1697
84.478
87.9831
92.744
98.7234
105.754
112.333
120.444
126.814
133.288
139.997
143.292
150.315
151.748
158.743
159.213
161.596
159.331
155.495
142.946
126.064
102.194
75.7773
45.3137
22.3862
13.5111
13.1306
14.7438
15.8828
17.6735
18.8486
20.5376
23.3642
26.3851
32.4262
38.2982
48.5911
58.5425
73.3453
87.0882
105.039
123.686
141.57
164.428
181.394
205.541
219.461
236.867
247.988
244.279
271.634
184.938
152.212
134.657
132.123
124.42
118.975
87.6503
62.5408
40.8901
29.3674
28.464
27.5414
32.8756
38.5173
46.934
55.457
65.4434
76.8956
89.5348
103.367
119.436
136.223
154.324
170.071
172.332
201.08
166.55
174.892
150.405
119.63
112.032
90.5191
77.3234
60.1055
43.29
31.3051
21.1308
10.8742
9.00009
5.87114
8.34339
8.57471
9.77971
10.8533
12.7276
15.3974
18.1069
21.7527
24.7483
28.646
32.294
37.5404
41.7365
47.0876
46.4662
53.1014
45.6193
43.6859
37.3241
30.0675
25.918
17.0184
11.7419
12.3801
8.37965
10.5877
9.16071
8.51062
8.37847
7.81165
7.89985
8.00201
8.6643
9.34398
9.59566
11.3843
11.6388
14.1463
15.0955
13.2315
25.4124
14.1533
29.6148
13.6221
18.5065
9.52467
9.9707
6.81674
5.23543
4.77139
4.38875
3.79326
3.44911
3.03482
2.61505
2.54245
2.27865
2.03387
1.92914
1.78711
1.84166
1.8197
1.8698
1.81088
1.9715
1.8027
1.84823
1.66278
1.60158
1.55869
2.07355
3.46218
4.10645
4.96118
5.4272
5.99262
6.59657
7.0327
7.71389
8.91303
13.8781
13.3165
10.1943
6.71941
19.6848
46.9506
70.455
84.9236
90.5019
96.9898
97.0804
103.343
101.224
104.494
100.556
101.681
90.396
89.7947
74.7878
73.2657
59.6078
57.4011
46.2157
40.6606
31.2973
27.7376
27.1838
29.1767
34.1081
38.9645
42.9696
30.6514
18.5635
9.47693
37.7354
55.4392
68.1322
80.1485
91.1754
101.542
105.309
111.322
104.182
99.4911
74.7656
63.4373
53.1814
46.4085
39.282
35.9085
30.1448
29.4555
26.319
23.1237
22.5331
21.7556
20.2055
21.6219
21.6666
28.6139
37.0275
34.8122
29.3413
17.4625
46.7843
61.0123
69.0841
74.0516
79.2715
85.385
93.2865
102.026
111.434
121.625
127.774
134.77
142.89
149.356
155.4
160.91
163.927
163.454
161.046
154.016
146.688
131.521
120.924
105.764
85.5424
66.6145
52.3873
43.42
32.8705
18.9118
57.7903
77.6462
86.9995
92.0428
100.577
107.909
118.53
129.301
140.23
146.192
148.337
145.352
140.107
135.696
125.755
121.412
115.702
113.057
110
106.95
103.498
98.416
92.7974
85.2302
76.0286
63.78
51.6476
45.8151
37.0152
20.4729
27.3454
47.1005
52.977
61.0457
69.7596
81.5611
107.753
126.899
133.34
135.565
135.88
136.892
137.792
140.382
143.094
145.626
147.34
144.236
138.912
130.433
121.274
107.83
106.233
90.7665
79.6755
76.3746
55.7742
40.9608
29.7198
15.4083
40.7007
62.7717
73.8632
76.0304
73.5982
72.6554
75.2455
76.9657
94.0728
115.612
124
119.897
118.792
116.43
119.507
121.717
126.958
131.096
134.162
135.799
139.749
136.992
134.258
127.487
107.657
92.9777
72.7347
50.3386
31.4833
15.6107
14.2978
34.4705
39.3247
45.1955
38.4607
36.8389
28.9148
24.3915
17.4306
15.0695
10.042
9.47801
10.9474
11.9232
12.7813
11.0541
11.4575
12.7852
17.479
31.4007
28.7891
30.1068
30.5361
28.688
25.0735
18.2212
15.3862
11.964
8.44411
5.19044
4.44039
5.34165
5.2244
5.60011
6.19947
6.44168
6.04512
6.54752
7.20504
7.94105
12.9762
10.3252
17.473
16.2581
18.7898
20.8925
20.194
20.6558
19.928
18.6677
17.1125
15.1615
12.9547
10.7025
8.56055
6.80795
5.39644
4.3632
3.72313
2.93844
3.71836
4.68019
5.69923
5.7114
5.45095
5.25492
5.64927
6.65767
8.076
8.9434
9.77628
10.5185
10.7078
10.3532
10.0884
9.82262
8.63013
7.68332
7.61054
7.0722
6.20656
6.18271
5.92815
4.79697
4.46397
4.16588
3.96556
3.60163
3.44914
3.08619
4.69262
4.93475
5.34955
5.07312
5.38384
5.02582
5.06653
5.10997
5.8334
6.75444
6.73157
6.6519
8.74499
11.4439
9.7674
10.0737
8.93958
8.56415
7.88758
6.33648
5.71145
5.15971
5.07316
4.79057
4.65638
4.28201
4.21119
3.70561
3.267
2.77567
4.83579
5.03452
5.60066
5.56243
5.72935
5.71259
5.87404
6.48701
6.45233
6.49312
6.77229
6.07895
5.85954
5.36084
5.06601
4.94491
4.62848
4.47479
4.19838
4.3699
4.63467
5.07717
5.14398
5.20829
5.19722
4.96238
4.52623
4.36639
3.72085
3.25068
2.80044
3.47868
4.63867
4.63949
5.81276
5.9668
5.79424
5.83235
5.87815
5.7913
5.96211
5.88328
5.88746
5.70353
5.45227
5.01024
4.63388
4.3162
4.46483
4.7954
4.24189
3.01394
2.67071
2.69112
2.6331
2.60178
2.51888
2.40043
2.24436
1.95822
2.33693
3.10845
3.93883
4.87123
5.72149
6.40523
7.32731
8.46201
10.1612
12.867
16.7956
27.1867
15.5685
13.58
41.1472
52.54
48.6492
51.7169
55.9435
61.9321
68.1788
78.8001
89.4175
104.898
115.592
125.685
126.477
125.945
112.453
108.081
91.9987
87.3886
73.4334
65.3954
50.3753
42.2472
39.2782
42.7718
50.9094
62.0146
73.1323
51.6725
30.0629
20.9682
55.4672
57.1375
61.0764
69.7111
82.406
98.2644
111.93
123.944
131.971
138.301
139.048
138.557
127.505
92.2337
70.6297
55.212
43.0038
39.0709
31.1427
27.9145
26.2409
25.7672
26.0016
27.5316
30.5047
38.5197
62.2882
60.9927
47.9096
32.7222
62.386
49.7745
54.8175
64.0723
77.3047
93.6063
112.282
130.905
148.655
166.1
183.666
196.999
208.597
217.809
222.638
226.299
229.158
231.421
231.578
231.579
228.986
227.302
222.706
203.488
163.241
112.02
81.2497
64.1995
49.1708
36.4267
79.9498
73.7062
77.9066
87.9833
104.254
125.369
144.809
165.397
180.182
191.325
197.027
196.618
189.567
178.107
167.281
155.342
145.482
136.146
128.806
122.203
117.749
114.967
112.98
111.436
107.489
97.0713
83.1913
72.4059
61.1798
41.7122
50.6886
60.8765
80.1864
93.5826
101.072
102.646
102.369
104.688
109.711
103.145
100.838
103.904
115.647
139.621
176.448
192.347
209.824
223.55
235.155
241.772
251.983
246.955
180.357
143.127
129.322
150.165
179.974
128.091
72.3573
41.9143
56.7664
65.9176
76.7565
82.6561
86.9769
93.0072
105.822
128.98
166.573
187.892
189.798
170.574
155.135
137.44
124.443
114.39
105.15
97.5914
92.278
90.6237
89.8284
93.0076
100.341
109.952
117.289
121.525
105.512
74.205
43.8231
34.8625
28.2199
45.1274
54.5011
57.8758
56.7745
51.4108
44.067
35.016
27.3392
20.65
17.4349
18.8017
22.8791
28.3582
24.9031
28.4728
34.3718
29.9592
29.9722
38.9997
38.2627
37.8876
36.7931
31.981
23.3586
12.5184
8.73112
7.08732
5.62453
7.30523
6.3565
3.92499
4.46108
4.95504
5.75819
7.84933
10.6774
13.7908
17.6822
22.6769
29.7977
35.5843
44.5588
41.1998
40.6405
40.0512
37.0723
32.402
27.9723
23.9248
20.29
16.9168
13.8313
10.941
8.56078
6.61394
4.97257
3.78426
3.06929
4.00469
5.0695
3.29054
3.95788
4.50963
4.92874
5.36383
6.10144
7.26908
7.86498
9.20554
10.7084
11.8066
11.7525
12.1479
12.209
11.624
11.6164
11.844
11.8858
11.6951
10.8029
8.83942
6.79181
5.54653
4.56858
3.73438
3.04136
2.59671
2.37784
3.50094
6.05364
3.60148
4.28315
5.07579
5.82525
6.72827
7.98825
8.52758
8.63727
8.5359
8.62293
8.63755
8.92404
13.5783
11.5149
9.88693
8.27594
6.61157
4.90842
4.03488
3.51858
3.36613
3.1997
3.00734
2.93898
2.72832
2.54627
2.4113
2.25605
3.54342
6.03665
3.26408
3.83528
4.3607
4.97827
5.57625
5.90314
5.95201
6.03591
6.48867
7.97355
9.23522
8.25521
7.60978
6.57679
5.58733
4.71347
4.01168
3.56971
3.4086
3.45963
3.57563
3.47152
3.44611
3.38948
3.34932
3.25646
3.03524
2.61436
4.19365
3.92381
2.50733
2.89172
3.24506
3.48358
3.64694
4.12744
4.09623
4.33626
4.43383
4.39794
4.25308
4.05249
3.84249
3.824
3.68442
3.09873
2.88871
2.3895
2.34939
2.07675
2.06499
2.17321
2.05726
2.06314
2.00103
1.97323
1.93335
1.81415
2.71654
2.8975
4.9714
6.22443
7.5586
8.32035
8.96512
9.29917
9.43515
9.70675
11.1005
14.7768
21.3728
30.6131
24.5316
61.4928
48.214
47.5662
45.7509
42.2158
40.9204
40.7857
44.3146
50.0009
60.5191
74.6928
90.9111
104.396
110.39
104.978
101.492
87.7031
82.7577
68.5537
60.1654
45.2301
37.7114
35.6579
40.1331
51.7353
66.0592
78.5622
52.8308
33.579
24.4126
64.1096
61.1161
64.5354
82.8837
103.379
120.86
132.526
139.565
140.958
139.924
137.935
134.073
131.594
115.776
88.7734
67.4371
52.1062
46.0985
34.9967
30.892
27.0098
24.3237
23.1684
23.0853
25.5599
32.4143
54.2179
65.8122
55.7941
38.2881
69.1496
54.3891
62.3187
72.6609
82.0398
91.6327
104.249
117.294
133.089
144.816
159.58
168.688
177.965
184.342
191.298
195.558
199.553
200.909
203.433
203.995
210.92
217.223
221.285
212.815
184.13
138.402
100.857
78.7269
61.7782
50.4364
89.0343
82.7965
93.3711
112.292
133.492
150.716
167.541
177.575
183.18
188.39
187.342
188.488
182.68
178.319
166.668
155.875
145.976
136.253
127.558
121.124
115.596
112.813
111.912
111.424
109.137
101.445
91.9858
86.8224
83.3919
58.7032
69.8241
81.4533
97.7645
103.204
99.7181
96.5859
97.9152
97.5639
95.7616
99.676
111.467
117.991
127.454
140.146
155.251
169.71
189.469
202.415
212.108
221.537
233.338
223.911
239.684
143.076
99.0892
113.132
142.793
139.839
87.5954
49.7844
70.4197
72.8176
78.5232
85.7237
94.5041
105.59
128.771
164.01
184.669
177.896
166.715
151.739
145.252
135.885
130.037
122.19
114.639
109.232
103.528
100.973
98.1393
94.5387
96.6205
97.1869
107.305
124.966
130.049
109.245
74.853
54.4852
42.7063
81.8188
89.8439
93.2711
87.2233
75.4248
59.7808
43.8254
30.5238
22.122
20.8896
24.1738
29.5383
28.2238
30.5681
40.5002
35.3891
32.786
40.9132
68.2741
79.1169
83.8698
87.13
77.6869
59.9679
31.7112
15.6459
9.08201
8.37379
7.65384
6.03906
3.96067
4.64068
5.88517
7.61201
9.45282
11.6209
14.7761
18.7401
25.6447
40.5695
38.6876
35.8722
33.2657
30.6143
28.7325
26.4234
23.9705
21.0607
17.976
15.0613
12.3623
10.2127
8.45169
7.20495
6.35388
5.67271
4.9031
4.26691
5.90388
5.59936
3.53671
4.05268
4.47131
4.92642
5.4727
6.3479
7.12655
8.90555
10.4695
12.1941
12.496
12.9607
12.8674
12.563
13.4618
14.2938
15.4186
14.024
13.0079
11.6396
10.1772
8.90862
7.88912
6.03027
4.44943
3.63382
3.10586
2.88655
4.20329
6.86823
3.71574
4.29102
5.02904
5.88409
7.02715
6.9539
7.46119
8.59767
8.20234
9.04012
8.39969
9.75711
12.6992
10.2573
8.61376
6.86808
5.29702
4.19089
3.45311
2.88439
2.59642
2.60191
2.77812
2.84358
2.80063
2.67541
2.54604
2.42063
3.9464
6.6665
3.53079
3.9081
4.40571
4.78609
5.1566
4.94208
4.88272
5.46726
6.04585
8.93838
8.93797
7.60844
7.18139
6.14333
5.48776
4.83254
3.98066
3.6243
3.26448
3.09175
2.95325
2.91592
3.02061
2.95387
2.91141
2.91297
2.78726
2.71831
4.55084
4.35266
2.58405
2.97084
3.06974
3.28117
3.56989
3.92593
4.01659
4.03578
3.93696
3.6895
3.50229
3.16109
2.96646
2.85656
2.63636
2.64583
2.31266
2.05288
1.86226
1.88517
2.00208
2.00838
2.04041
1.89474
1.77887
1.74944
1.78696
1.88765
2.86233
4.04559
8.22387
9.80646
11.0814
11.4921
11.5594
11.644
11.5206
11.306
11.1286
12.9724
19.2115
36.9911
43.9759
56.0747
50.5829
50.0696
42.943
35.352
31.8965
31.7493
33.2227
35.7643
40.0936
49.7171
62.8331
82.9775
92.3332
100.211
90.8511
87.2729
75.4729
64.6058
51.8766
39.1742
32.4689
33.2817
40.9641
57.3736
80.1206
83.384
58.5367
41.5129
31.4459
68.3625
65.0012
72.9775
98.1751
120.051
135.766
141.416
140.261
133.835
125.543
120.377
102.428
109.723
101.633
93.1921
76.3469
67.3399
55.1219
46.1286
37.5882
31.6759
26.0576
23.077
21.7567
23.2516
29.3611
52.9498
73.6116
66.1733
43.815
74.2979
60.4419
68.2286
70.6094
79.0777
91.3422
106.551
119.135
133.991
143.773
154.873
162.617
168.275
171.829
172.095
175.064
174.7
178.896
182.429
189.081
195.672
201.706
207.67
206.386
187.717
148.192
108.397
85.5961
70.7138
59.529
95.5665
95.6424
109.979
130.035
144.923
163.532
175.016
182.284
179.14
169.945
162.434
153.596
151.732
147.714
145.378
139.151
130.818
124.051
116.799
110.818
107.703
106.37
108.213
110.514
109.326
105.328
100.965
102.357
104.413
74.9962
96.6315
100.788
107.695
103.628
98.3179
98.2732
100.216
101.652
101.915
103.065
106.29
112.413
121.662
133.99
147.127
158.883
171.554
178.418
188.404
197.135
203.572
201.554
208.716
180.183
93.1771
95.029
121.589
146.917
105.456
58.4652
86.8885
82.5079
86.2431
95.3412
109.719
131.976
163.693
183.842
180.808
164.887
162.057
156.021
151.089
145.118
137.306
130.965
124.476
119.298
115.377
112.667
108.723
104.246
99.4695
97.1872
100.512
122.72
138.871
135.945
109.372
87.3789
63.841
113.892
126.046
126.969
118.563
98.3037
74.9854
53.2327
37.787
28.9229
31.1102
34.8626
40.6225
36.5135
42.2334
43.5565
44.0273
61.2992
92.6603
115.075
132.843
143.401
144.382
131.633
88.9462
50.6986
32.0031
18.4837
12.4782
12.91
5.87843
5.04094
6.37085
7.88225
10.1449
12.4932
15.5078
19.6586
26.0509
36.2513
35.3141
37.8077
36.5684
38.4625
37.4479
36.2605
33.8591
30.4673
26.7753
22.7992
18.7453
14.8711
11.5114
8.67776
6.47555
4.92481
4.17211
4.40326
4.88809
7.75508
6.54307
4.01446
4.48152
5.15237
5.96131
7.263
8.73417
10.7463
12.6882
15.4976
17.075
18.9742
19.0039
18.6865
19.4263
19.0629
18.1421
17.8788
16.9479
17.0547
15.4231
13.027
11.0178
9.11301
7.57359
6.40697
5.3465
3.85166
3.39336
5.01487
8.32198
4.26988
4.95459
5.93806
6.85869
8.39304
9.27235
11.1949
12.323
13.4027
12.0774
12.2811
12.1543
18.3274
15.9744
12.8649
10.1559
7.24824
4.68841
3.50469
2.73686
2.45707
2.4571
2.48353
2.54354
2.7218
2.81347
2.68812
2.71611
4.64854
7.59727
3.99824
4.40407
5.17424
5.68731
5.80685
6.91063
6.17355
6.13178
7.53049
7.87273
11.7051
9.45849
8.70895
7.0724
5.64275
4.51782
3.75659
3.28861
2.85824
2.80152
2.76765
2.75254
2.90407
2.92737
2.887
2.86922
2.80597
2.91909
5.51781
4.82833
2.62296
2.70638
3.04502
3.39322
3.73469
3.94006
4.2329
4.16379
4.01228
3.86151
3.45799
3.2099
2.84489
2.46297
2.39916
2.18048
2.00713
1.83768
1.75988
1.79836
1.84342
1.85872
1.78706
1.69285
1.56745
1.51622
1.51449
1.681
2.7918
5.71299
13.0921
15.7513
16.5793
15.0169
13.764
13.0805
12.8673
12.6737
12.545
12.8847
16.1235
30.3047
68.2637
54.8769
55.8101
53.1468
39.6524
32.0519
29.8998
29.859
31.2772
33.5445
37.2644
43.763
54.7409
71.5561
83.9454
88.6598
87.2325
79.42
70.3695
55.8483
42.5933
32.2783
29.4263
33.3343
47.6306
71.9811
100.913
96.846
74.7001
57.1682
41.372
74.861
70.3553
86.6212
110.725
129.682
135.993
133.431
124.571
111.666
83.9886
66.0157
62.5534
68.2308
79.4802
78.7188
79.7018
75.3861
61.7889
55.7931
44.3423
34.3544
27.8715
23.4167
21.7181
22.5235
30.332
58.5956
81.9355
76.8981
52.4879
82.1297
65.3127
64.2675
72.4992
87.8146
104.22
120.297
133.248
143.207
148.551
155.46
157.325
157.761
155.603
154.771
151.544
154.356
156.361
161.872
167.899
174.545
182.903
189.651
193.302
180.055
145.632
111.18
91.8012
79.988
72.6168
108.998
92.9026
121.609
133.319
150.931
170.451
189.665
197.171
196.744
188.209
167.82
152.786
136.125
129.144
121.363
116.69
111.506
104.363
100.299
97.5474
97.7853
101.625
104.955
108.419
110.426
110.457
112.337
119.512
123.631
90.3675
127.44
120.057
115.764
108.454
104.76
104.656
105.049
105.404
105.937
107.599
111.356
118.23
127.784
140.452
151.807
158.441
157.898
155.806
160.269
158.778
165.246
165.207
176.234
177.332
92.2944
88.2113
117.652
154.601
130.073
68.9541
104.381
92.9896
97.4063
109.692
130.927
165.187
187.226
183.349
171.385
168.256
164.088
160.917
152.404
146.754
138.606
133.318
128.38
125.966
124.141
124.277
123.323
120.085
107.169
100.571
99.864
117.094
142.392
148.797
134.667
109.513
90.5555
137.991
148.433
147.851
132.78
108.1
82.4976
60.8435
47.8899
44.2043
49.1589
52.6435
58.968
54.4325
56.1751
59.7398
76.1194
97.2376
125.056
153.031
174.403
186.497
192.266
183.738
150.51
98.6979
54.9437
36.7579
22.6129
22.6237
7.41613
6.69087
8.87152
11.192
14.4568
17.5836
21.623
29.0911
37.6743
40.9855
45.2393
49.5664
47.3265
49.2228
45.694
43.8169
40.3134
37.1582
33.4096
29.2662
24.7351
19.6309
15.0615
10.882
7.89113
5.81759
4.3485
3.5837
4.2352
9.26082
8.09769
4.66885
5.2726
6.19417
7.92451
10.5588
15.0516
18.2874
22.8101
25.3671
28.3236
28.228
26.0504
24.6968
23.8985
23.5281
24.0931
25.9028
27.4574
28.2531
26.3245
22.0474
17.039
14.3091
11.4173
9.1648
6.58706
5.17085
4.43059
5.66497
11.1051
5.20806
6.15506
7.50341
8.90658
11.3146
13.9319
16.1122
17.0261
15.8873
16.1076
15.2849
18.5551
18.7714
21.8316
18.8796
14.8133
11.724
7.61618
5.13949
3.7837
2.93523
2.49964
2.39732
2.60037
2.64992
2.72993
2.97004
3.03152
5.33952
9.04682
4.6974
5.05721
6.38265
7.79605
8.62337
7.5166
7.70615
9.21753
8.74478
12.6098
10.8134
12.6934
10.6111
8.56275
6.41708
4.84931
3.69542
3.1358
2.88809
2.92155
2.78341
2.75946
2.90022
3.00089
3.04031
3.06115
3.05855
3.31693
6.54957
5.71256
2.37584
2.71602
2.9361
3.54762
3.95524
4.59414
4.568
4.58594
4.38994
3.82526
3.44575
3.00807
2.53364
2.31594
2.09336
1.89497
1.73726
1.7018
1.68817
1.67456
1.70128
1.73139
1.71018
1.60101
1.52397
1.48475
1.54632
1.65549
2.69758
8.09452
19.3597
22.6035
21.7339
19.7859
16.6054
14.8031
14.0642
14.2203
14.3156
14.3321
16.088
25.732
92.6363
59.2911
60.1553
51.5615
36.3019
31.0038
32.3321
36.6971
39.9744
42.1573
43.4591
48.4804
57.3858
68.3391
79.011
82.5167
79.7536
73.7799
59.716
45.3862
32.0806
27.8521
29.2138
41.5812
65.7288
96.5566
121.07
111.313
96.7845
80.7354
57.6541
80.8056
78.5524
96.6601
117.463
124.765
123.483
116.316
104.848
90.3542
58.742
47.114
47.3633
52.0264
56.2279
65.1681
61.0212
65.0412
55.7755
49.6407
40.1566
32.7479
26.6492
23.3328
21.6772
23.1612
34.0339
67.0818
90.5769
85.87
64.483
92.0689
63.9392
68.7321
85.2231
107.343
131.535
149.348
154.957
152.38
144.902
141.132
138.372
135.39
132.354
126.725
125.297
122.189
124.703
130.174
138.95
150.626
162.105
174.404
180.351
167.173
134.053
106.887
92.1587
85.574
82.7175
107.502
88.8921
120.049
138.715
159.194
176.942
193.679
207.215
209.623
206.002
196.724
177.39
158.555
140.541
126.826
115.338
106.821
100.544
96.6656
97.3863
98.9062
102.622
106.434
109.453
113.592
118.362
125.97
135.696
139.359
107.743
153.243
134.006
124.394
113.109
111.562
111.035
111.16
111.296
111.618
112.947
116.541
123.806
136.15
151.854
160.703
163.242
149.103
135.42
128.284
120.833
125.37
128.606
144.315
143.789
89.83
91.4398
142.826
168.575
161.155
84.076
123.158
103.475
111.137
127.588
157.954
188.252
189.395
180.485
170.709
170.9
162.864
157.846
148.78
142.54
136.011
131.528
129.719
128.624
130.872
136.768
142.98
147.163
132.059
116.532
109.861
118.764
138.686
151.536
150.399
137.123
124.201
152.069
160.146
147.04
128.208
105.77
86.954
72.2806
68.5859
71.0499
83.0056
87.4152
93.8071
93.9805
73.1322
79.6044
94.1492
110.978
136.297
165.067
190.707
208.837
218.159
213.822
193.446
157.372
97.0091
60.3724
37.9028
31.9934
10.2792
9.76249
12.391
16.0897
20.2741
26.6974
35.6369
41.5027
44.2763
50.6688
56.4616
58.2216
54.9013
53.9437
50.1764
48.1041
46.8388
46.1141
45.0534
41.9694
36.7578
29.6265
22.3569
14.9696
10.0474
7.07168
5.20359
3.92962
3.48521
9.34171
10.083
5.55333
6.0219
7.15825
9.81953
15.1038
22.496
27.4646
33.4534
36.6593
38.032
33.221
29.7268
28.6266
29.1979
31.2276
35.4488
42.6951
49.0185
52.6937
48.7953
42.1218
31.4227
27.2558
21.1068
15.1434
10.2824
6.88109
5.3244
8.21713
12.2117
6.06848
7.1497
8.34374
10.5566
13.8565
16.5248
19.2189
17.1715
17.4074
16.4829
19.0765
17.1103
22.3759
23.0786
26.0953
25.8189
18.8866
16.1867
9.7166
6.73714
4.34794
3.34857
2.73453
2.48949
2.61175
2.83441
3.03314
3.46632
6.57953
10.1267
5.27275
5.77915
7.16942
8.86799
8.7653
8.0872
8.60936
8.48751
11.4878
10.0709
12.9821
13.4616
13.6358
11.2737
8.68321
6.24794
4.3934
3.26045
2.73214
2.48307
2.69732
2.93109
3.0117
2.99754
3.10809
3.27967
3.45605
3.80939
7.46355
5.06722
2.40926
2.58915
3.23181
3.4346
4.37435
4.416
4.699
4.78134
4.51681
4.04841
3.77638
2.98745
2.74992
2.21083
1.95748
1.78297
1.63691
1.6445
1.64426
1.63654
1.63484
1.6561
1.6763
1.70802
1.65273
1.64967
1.68294
1.67841
2.67331
10.6361
24.1478
25.7611
24.6191
22.8793
20.8747
18.7127
18.6502
19.6935
19.5794
18.8596
20.4571
31.4893
81.3375
69.5586
61.0044
44.0968
33.7329
34.1923
41.0141
48.1427
50.9689
48.6151
48.418
53.9661
61.462
73.2657
76.8795
78.7453
73.7088
62.198
46.0672
31.8959
27.6671
29.0494
42.7084
68.9457
94.4354
116.114
116.915
103.383
98.3908
94.2481
75.8067
95.054
90.526
105.798
112.792
114.68
112.328
107.831
98.1127
86.4269
65.4066
47.6438
42.842
42.6104
40.9617
42.0821
42.0983
40.1858
42.2953
38.0039
34.3554
29.9924
26.1819
23.3742
23.1979
27.8461
46.0659
89.7744
98.1475
94.5879
80.7289
101.136
69.5966
82.4277
107.701
138.432
164.53
175.515
170.677
158.959
143.736
133.447
124.415
118.237
113.14
110.218
104.871
103.105
104.107
111.533
122.738
136.272
153.578
165.562
167.591
149.603
121.886
103.261
93.3716
93.2477
96.3078
103.951
81.6015
118.229
149.953
166.67
180.656
191.468
200.59
206.464
203.852
199.478
188.164
172.743
157.891
142.904
128.753
118.013
107.117
99.8631
94.2837
93.0072
93.5135
97.8909
106.254
116.173
128.071
140.409
151.53
155.992
127.667
181.06
148.145
120.387
124.487
118.885
116.907
116.749
115.69
114.774
115.102
119.103
128.662
144.714
161.437
171.35
169.211
144.786
121.121
104.719
94.4507
99.0312
104.223
124.634
108.191
97.0451
114.59
179.816
181.02
185.371
100.754
141.475
111.81
123.09
147.121
182.787
194.288
184.189
177.658
169.669
167.432
156.66
151.62
141.781
137.379
132.341
130.958
129.893
131.954
134.981
146.253
166.691
177.87
171.394
154.531
141.725
141.196
148.196
156.227
164.388
169.595
167.877
162.193
155.145
136.799
113.367
102.639
94.3994
92.693
95.776
112.139
129.362
135.485
144.709
136.178
102.315
100.805
107.094
111.314
126.439
152.588
182.565
208.277
225.334
231.965
220.229
184.869
136.87
87.7857
59.3554
42.6648
15.0703
14.9036
17.9675
22.8719
28.6406
38.8064
45.3786
47.7633
53.3974
60.6037
63.4102
64.7471
58.9768
58.0978
54.5755
57.4334
60.4148
63.9335
64.1607
62.3139
57.7565
48.5692
37.6041
24.123
14.5132
9.20871
6.4443
4.7594
3.82031
8.1281
13.986
6.4237
6.46136
7.3235
10.0114
16.2942
27.1172
37.1075
42.759
46.2781
47.9187
38.4247
33.8592
34.1266
37.4997
44.7003
58.042
74.494
86.8002
91.0843
82.8688
74.2608
55.3882
47.6669
41.3891
28.7439
16.811
10.7102
7.1091
11.5634
15.832
6.52293
6.7132
8.25536
11.0966
14.9147
18.0486
18.27
17.871
17.3966
18.3988
14.657
17.8623
20.1809
34.8901
40.9547
39.0335
37.2718
31.6134
22.3181
13.729
7.72532
5.13692
3.65947
3.08696
2.67883
2.65503
3.23286
3.68174
8.02387
11.1188
6.05884
6.25642
7.53609
9.10161
9.79773
10.862
11.0133
12.1438
7.41973
8.41873
9.13815
13.8101
17.0474
15.4799
12.454
8.69637
5.90402
4.28183
3.23172
2.76744
2.49317
2.53685
2.93393
3.15444
3.23161
3.38968
3.83602
4.31583
8.85156
5.61196
2.41492
2.84981
2.8681
3.40733
3.53812
4.13606
4.26657
4.05456
4.388
4.20752
4.32012
3.39505
3.06405
2.3085
2.13238
1.82618
1.70758
1.64985
1.62859
1.61878
1.60757
1.63088
1.66339
1.67088
1.8109
1.8489
1.79247
1.87406
2.71751
13.0013
25.3395
25.0405
22.3568
23.2493
23.8445
25.3363
28.8563
31.3595
29.2078
30.0738
41.8361
60.7105
90.5589
86.7436
50.8668
37.7862
33.5302
41.1149
53.6341
63.4343
63.561
62.173
63.6714
68.2008
75.1947
76.902
79.7246
73.3535
61.612
43.7964
32.2186
28.9017
32.7508
51.6731
80.1976
102.706
112.155
113.124
100.623
101.266
113.116
114.725
103.909
121.743
101.428
105.967
110.467
115.13
118.317
116.765
110.927
102.062
94.1346
88.3049
83.9499
78.3624
72.3768
67.9008
66.182
63.4009
52.7884
50.6435
40.5765
35.0707
30.3201
27.8935
29.1745
38.2388
61.4055
105.06
107.351
102.497
103.144
113.217
82.9457
101.753
134.185
166.938
191.058
199.633
191.14
179.218
165.925
155.903
147.551
141.289
136.658
132.094
130.861
129.764
130.836
132.506
139.488
148.174
157.68
163.774
155.313
136.376
115.478
102.127
96.6449
101.882
113.421
102.478
80.0187
138.932
166.668
180.137
189.453
196.9
201.098
205.621
198.933
194.136
179.775
167.114
151.808
136.851
122.077
108.873
97.38
87.6355
79.0675
74.3575
73.2134
77.4704
87.7959
103.524
123.819
145.754
162.7
173.641
150.444
207.526
163.341
133.342
132.763
125.095
122.13
120.234
117.775
115.591
115.588
120.064
131.08
148.725
167.693
179.974
175
149.374
120.176
100.268
90.8488
95.0941
102.601
125.401
132.856
129.263
175.434
187.703
195.778
201.754
130.071
156.068
119.278
134.133
167.346
194.575
196.318
178.569
174.531
166.383
158.649
149.624
142.34
135.456
131.936
130.003
128.637
129.506
130.831
136.919
151.605
177.929
198.877
197.069
189.593
179.513
175.954
173.699
164.521
165.99
199.929
221.146
161.242
142.827
120.418
109.784
105.622
106.435
108.266
121.398
140.922
158.837
166.454
179.097
170.997
134.92
124.434
119.497
110.261
108.263
125.772
158.752
193.311
222.717
234.403
229.366
206.585
160.979
118.309
89.3313
69.9022
29.9102
23.6783
26.8746
31.2521
44.5279
52.1328
52.88
59.0211
65.8419
70.6497
73.6658
71.3275
67.3426
64.229
64.5131
70.6876
76.9477
81.0258
83.3422
83.7833
82.0547
74.6355
61.1824
40.9393
23.5366
13.5089
8.52617
6.03406
4.79943
11.5459
25.1547
8.40805
6.90215
7.21775
9.73415
15.0161
25.0346
42.7758
53.2307
56.8524
60.2685
48.5815
42.6381
45.5381
54.9384
73.8013
96.1974
116.432
128.969
136.579
124.576
110.326
89.2466
69.0484
61.4117
49.8121
30.451
18.6637
10.7424
16.7685
23.9737
9.02833
7.73702
8.46307
11.3056
15.6577
19.2326
18.6309
17.7435
17.1564
15.4242
13.8549
17.6479
35.8508
50.2631
59.805
74.944
66.1199
55.0707
41.585
28.0722
16.4674
8.2738
5.21829
3.98644
3.28211
2.93846
2.93426
3.8194
10.574
12.0118
6.88222
6.78277
7.93386
9.66771
9.06078
9.06862
9.77899
7.7706
7.31599
7.25896
10.953
16.4203
21.7508
21.6937
18.1608
12.3932
8.64158
5.89651
4.24803
3.29931
3.00088
2.82444
2.78568
2.89907
3.39859
3.67695
3.98321
4.87987
9.53182
5.23052
2.63023
2.58145
3.00179
3.12327
3.77687
3.43714
3.38677
3.28953
3.73678
5.77739
5.04607
4.97837
3.41614
2.50496
2.34305
1.93457
1.79814
1.71785
1.63501
1.59326
1.58501
1.60535
1.61412
1.74586
1.83554
2.02865
2.20591
2.13997
3.9955
14.1995
23.2198
20.5282
18.5504
21.6899
27.4336
35.0149
44.815
44.7028
40.3057
49.8216
76.3539
93.4135
92.9656
84.5738
81.2234
55.7469
40.3018
37.3979
38.5302
46.5946
60.7851
71.8467
75.8609
75.7007
78.2381
81.6536
82.5331
82.0108
71.7465
55.9698
41.5123
34.6111
34.1152
43.7133
66.8845
97.7697
104.394
119.482
122.832
113.227
112.019
126.955
142.248
148.073
140.452
148.077
161.654
132.325
122.249
123.259
132.548
141.117
143.337
143.332
139.323
134.041
128.094
121.308
114.15
106.324
97.995
90.6225
85.1996
83.1231
84.1598
87.0131
84.0883
56.2681
46.412
41.6152
45.8774
64.0506
107.676
113.587
110.021
107.2
119.141
160.124
164.382
135.914
118.597
131.888
156.524
184.652
210.679
223.439
216.876
206.455
194.413
186.36
181.139
176.817
173.469
172.774
170.359
169.268
167.654
167.88
166.813
167.568
165.305
157.966
144.813
127.015
113.336
104.441
106.832
115.07
123.307
170.723
178.87
117.068
122.368
171.951
188.184
200.411
207.523
216.082
219.915
222.187
213.746
208.679
194.497
179.693
167.125
151.787
140.459
128.289
119.419
110.227
102.557
94.4345
88.2441
84.0582
84.8257
94.026
111.377
135.468
163.767
185.626
184.803
208.219
263.177
226.101
177.32
155.758
138.98
129.118
124.931
122.089
118.483
115.841
115.141
119.378
130.099
148.988
169.383
183.477
180.953
160.334
132.491
114.868
107.367
111.038
118.658
138.195
151.591
169.911
183.458
191.713
205.436
210.5
170.448
212.922
177.508
133.083
125.074
146.626
183.308
197.533
187.112
172.627
168.08
156.18
149.963
139.073
134.598
129.46
128.47
127.407
127.681
127.616
130.491
134.889
147.863
167.467
179.658
182.838
181.877
183.512
180.451
172.649
165.616
172.596
185.264
197.529
221.676
172.728
151.374
131.384
121.452
112.971
114.322
114.804
123.52
137.133
160.977
168.679
172.804
188.464
184.608
158.877
142.265
133.405
114.971
92.0047
92.408
131.313
172.285
207.194
230.04
235.338
218.188
183.374
144.425
122.935
97.851
75.7758
106.64
96.5194
43.0333
37.5268
47.8413
68.3643
63.1981
65.9457
73.8166
80.9888
85.8403
85.3169
82.6887
77.1373
73.8408
75.0101
80.8556
86.4238
90.8528
94.2902
99.3674
103.443
101.273
89.094
64.7412
39.2045
21.809
12.4749
8.13907
6.18291
8.29647
16.6744
19.9721
23.779
16.8996
11.0947
9.49672
12.0657
17.4316
24.7232
39.4714
63.7695
80.8869
86.6745
84.8966
78.2815
85.9799
100.548
128.862
146.893
157.333
153.353
162.827
153.912
142.778
121.427
92.4521
73.8254
74.5449
51.5087
33.2737
20.5234
14.5664
20.9445
20.6906
30.2828
20.8302
15.0562
13.4514
15.0636
19.1155
22.8129
22.3135
21.4388
19.9492
18.0601
26.1463
43.7373
64.8208
101.123
126.207
124.414
109.99
93.1953
71.9084
50.9849
30.793
14.8708
7.92966
5.3586
4.2993
3.73573
3.23883
3.99851
13.682
22.9223
19.5142
21.7616
9.56375
7.04908
7.67651
9.47433
10.6867
11.9204
11.3575
12.1933
13.5887
20.9943
26.1276
31.0584
33.5128
34.8347
28.4777
20.0781
11.8219
7.50865
5.63504
4.81797
3.90945
3.41592
3.01761
2.85682
2.97853
3.47456
4.74572
6.17418
19.4092
30.7275
11.8877
9.36901
4.36664
4.08107
3.9747
4.62652
4.68307
5.10967
6.06996
5.39217
7.44374
8.75373
8.01287
6.28945
4.90175
2.96602
2.46945
2.07002
1.86551
1.74098
1.63893
1.55931
1.5431
1.55614
1.59105
1.74265
1.81021
1.97106
2.09089
2.41215
2.55172
3.29824
2.03487
14.5611
19.4779
17.0421
17.0116
20.7176
31.7413
46.9796
57.5986
53.1162
44.7658
48.5959
67.9319
89.2448
92.9717
79.5119
66.2503
53.7669
46.8172
42.0198
41.1348
47.2819
56.4669
69.8226
81.8833
84.8686
85.2936
83.6505
75.4824
62.6293
52.5667
44.8234
42.1258
48.745
67.8909
108.467
127.625
122.359
126.807
133.276
131.288
123.828
128.19
142.587
159.989
172.334
178.274
171.351
168.811
154.725
151.059
160.741
171.627
177.475
180.721
180.174
176.473
168.564
159.763
153.284
148.678
143.291
137.02
128.193
119.773
112.758
108.875
109.654
111.833
112.198
76.6795
72.3063
84.2876
126.063
128.946
119.208
117.296
129.212
147.918
155.361
164.395
154.072
140.013
148.719
167.171
189.751
211.979
229.424
233.213
228.742
220.006
213.823
210.216
206.574
204.502
201.133
199.961
195.745
193.043
186.956
184.022
175.545
167.827
154.825
141.198
129.473
122.158
118.845
125.706
135.548
145.656
156.711
145.44
124.619
152.699
192.479
207.53
220.229
231.791
244.804
246.621
252.951
242.235
238.335
223.745
212.618
199.932
190.457
182.197
176.074
170.314
165.723
158.083
148.534
140.074
122.388
113.407
111.143
117.414
130.147
155.073
181.887
192.727
174.796
211.24
221.734
182.65
161.568
141.297
127.259
121.36
119.165
117.814
115.688
114.727
117.327
126.928
145.087
166.72
183.027
184.938
173.252
149.316
135.213
129.436
132.269
138.811
152.414
160.367
176.718
182.263
193.229
205.52
206.269
199.195
123.079
107.474
123.541
135.858
165.212
194.439
190.405
177.251
166.078
154.612
146.829
136.382
129.289
125.215
123.14
123.886
124.224
123.773
123.708
124.338
129.871
137.1
148.227
152.671
153.174
154.567
158.09
162.495
158.674
161.044
173.932
182.061
180.927
175.801
165.586
152.943
141.201
130.532
125.206
122.066
126.613
130.696
149.582
162.009
165.937
168.18
173.253
178.825
167.743
153.749
143.057
125.082
91.9146
71.7636
109.186
150.357
190.074
216.434
224.721
218.752
196.31
161.805
135.864
119.522
108.645
128.631
129.397
64.4959
61.0731
70.6372
82.3286
75.8404
80.9741
89.7971
97.7908
98.6186
99.5756
93.3349
89.1485
85.0126
84.6665
86.2077
91.8068
96.0969
102.341
110.016
118.63
122.096
113.479
90.4227
60.1811
35.2226
19.7876
11.9747
8.26157
8.40069
10.6936
12.2255
14.8858
19.1668
21.6715
18.8847
20.5811
24.3492
32.2264
43.7799
65.6007
109.426
154.426
169.543
152.274
151.152
163.543
182.548
201.097
193.037
179.476
172.836
182.864
156.641
133.587
102.477
93.7693
100.849
77.4023
56.8091
38.428
26.0309
22.748
26.7547
30.2953
29.9751
30.815
27.1222
23.6498
24.6955
29.9197
34.7555
37.3618
47.6362
51.1094
101.255
99.2219
125.935
192.63
202.958
188.317
163.817
143.799
112.289
83.6812
54.1076
24.9465
13.0096
7.80814
5.63318
4.61607
4.44845
4.4862
11.3135
21.9082
19.423
24.8716
13.9178
12.0236
12.2414
13.1262
14.8112
17.1311
20.1535
23.6622
35.1221
48.5368
59.3069
58.9234
64.6806
51.796
40.4672
24.6223
17.1627
11.3842
7.41022
5.1959
4.6078
3.94761
3.78799
3.5639
3.39008
3.5448
4.15237
6.17621
14.8579
30.8417
21.6491
14.4698
12.155
10.9155
11.7429
10.851
10.8069
13.0283
11.689
14.4903
15.4302
11.688
10.3797
8.80005
5.25209
3.73171
2.74195
2.10514
1.91746
1.75625
1.63021
1.51732
1.49364
1.51377
1.57859
1.69103
1.76008
1.88564
1.94512
2.06702
2.32249
1.93504
2.60648
14.1858
16.6758
16.1958
17.0702
21.553
36.8627
58.5257
69.8854
61.8267
48.6033
45.8526
55.8952
73.367
84.5119
76.4914
67.1828
59.8089
56.2198
49.8657
46.9193
47.2341
49.961
54.8875
60.4838
65.1919
64.1386
61.4696
58.5888
55.5219
54.4909
63.3781
84.5642
137.624
145.03
142.738
143.78
147.555
153.744
150.295
142.503
141.763
147.509
158.092
164.45
171.909
174.15
172.363
172.39
174.383
182.028
195.588
201.681
208.558
205.53
199.675
192.71
188.742
189.125
192.252
194.258
192.28
183.2
171.702
160.202
151.997
147.354
145.519
145.801
145.842
143.74
134.93
154.214
151.767
138.376
128.758
133.428
144.751
153.813
156.808
159.437
152.945
142.403
149.405
165.236
183.141
199.047
214.561
227.131
231.119
228.2
223.5
218.978
216.797
216.592
216.931
216.526
213.327
208.269
199.008
192.437
181.861
171.887
162.349
154.592
149.825
148.429
151.377
149.562
153.367
160.983
143.225
123.039
123.115
145.412
201.793
215.989
232.023
248.587
263.26
273.909
275.871
272.997
265.242
258.362
246.367
239.111
232.381
228.754
223.617
220.364
212.525
205.136
193.366
185.819
176.81
159.891
149.591
140.004
142.997
155.955
180.305
198.538
198.23
216.076
218.232
183.645
160.501
134.11
107.209
99.236
105.519
108.626
111.538
112.636
114.789
122.269
137.443
158.341
176.195
183.809
179.981
164.14
149.822
144.022
146.419
150.684
157.494
160.688
174.008
176.409
190.635
205.622
201.459
177.568
103.064
110.842
129.506
152.343
181.057
188.403
178.595
166.703
151.291
142.752
131.043
123.474
117.507
115.049
116.355
119.493
119.839
106.383
115.625
116.792
118.008
124.928
129.291
135.7
137.444
140.911
149.679
152.89
158.778
160.616
172.036
181.657
184.365
181.153
174.362
164.942
156.619
147.38
139.274
135.358
135.607
143.055
152.65
158.481
152.134
149.848
155.753
160.27
161.31
156.386
148.307
138.096
113.144
89.9414
112.388
138.71
171.739
201.507
211.385
208.94
197.198
167.378
137.223
118.663
116.58
133.121
143.291
98.4558
89.2396
110.253
94.5434
89.6412
95.2119
101.968
107.371
108.922
108.14
104.218
99.668
97.5472
94.4212
96.5942
99.1727
104.387
110.108
118.638
128.84
135.115
130.077
109.933
79.5021
50.003
29.2717
17.6727
12.1451
10.6118
12.3018
15.2222
17.5717
20.3657
27.5604
36.9301
40.54
47.6553
53.727
62.6609
80.5422
112.788
165.879
208.502
211.614
197.805
203.303
217.372
235.419
246.285
201.394
190.462
156.086
135.392
121.868
116.906
107.458
114.699
99.652
83.303
60.9604
44.7965
34.9008
33.0681
36.707
39.3722
40.6718
43.4383
39.7216
38.4144
42.7466
55.1709
70.9451
103.614
112.57
156.889
207.675
217.537
262.005
251.064
241.201
217.87
194.869
159.365
122.168
81.2727
38.3854
21.3006
11.8011
7.63861
6.24114
5.65791
5.4736
8.13641
16.7248
20.0166
23.7221
18.6167
16.2986
17.668
19.9528
21.9341
27.0546
36.2314
43.1067
77.9675
99.2445
119.272
127.647
98.1402
79.4354
49.8054
35.2227
20.9093
12.983
8.55161
6.95743
5.55455
5.04719
4.47254
4.31627
4.21475
4.22697
4.63271
5.5572
9.85095
19.6779
29.3858
26.3828
23.396
21.3096
20.5775
21.9097
24.0087
22.4329
21.6075
20.4909
17.6341
17.0386
12.3691
10.5107
5.83451
4.41091
2.786
2.21634
1.94179
1.77371
1.62645
1.52757
1.47436
1.4977
1.5452
1.65526
1.71698
1.77301
1.87105
1.83309
2.00155
1.82009
2.41508
13.4141
15.4182
17.1844
18.5287
22.1101
42.1364
69.6428
83.6849
74.1574
55.0314
48.2165
51.4489
65.4206
76.5062
70.3755
63.4026
67.4867
69.4165
65.6051
58.7929
55.375
53.4069
52.8268
55.0425
56.8335
59.168
61.1868
66.7212
80.1342
109.109
165.86
161.653
160.928
161.96
165.31
170.13
172.209
168.487
162.521
160.042
161.872
165.014
168.004
167.838
171.368
173.001
174.713
173.121
181.174
194.959
205.923
208.925
208.673
206.235
202.925
203.731
208.008
215.411
222.148
226.746
227.299
223.724
213.209
204.15
196.369
194.34
190.519
193.364
193.271
193.766
191.29
183.808
163.611
145.957
140.221
141.216
144.073
146.655
147.427
147.25
139.779
131.579
136.037
150.449
169.137
183.872
194.404
200.548
208.687
212.531
211.062
210.163
211.037
213.743
218.382
225.272
226.545
229.013
215.913
216.346
203.966
198.603
191.595
186.419
182.511
177.161
172.172
160.753
163.342
159.29
130.087
106.721
98.5385
107.851
136.353
182.909
226.272
245.096
270.627
284.101
298.461
294.401
298.178
287.454
283
273.02
266.561
256.818
249.738
242.262
241.742
238.645
240.192
233.86
231.282
221.293
203.306
186.721
175.309
179.914
197.45
217.067
216.302
220.515
214.003
162.151
134.09
87.7939
62.0147
55.8061
65.3461
88.1623
102.198
106.93
110.644
116.439
126.977
144.448
162.679
174.689
178.622
174.1
162.644
152.585
148.404
150.205
154.923
159.886
164.409
175.324
194.971
196.746
166.171
125.624
114.192
127.429
145.238
169.279
181.017
176.227
166.093
147.515
137.126
124.275
115.413
108.551
104.793
104.965
108.957
112.53
112.988
109.432
106.73
104.744
107.047
109.44
116.507
118.885
124.325
127.476
134.466
146.681
154.96
164.702
170.899
177.592
180.866
181.166
178.607
177.05
171.767
163.171
155.716
150.184
149.817
150.04
148.661
144.364
135.425
131.083
131.381
138.238
144.05
149.224
148.94
149.23
140.398
129.198
129.713
140.668
164.032
186.588
193.389
189.982
179.97
157.065
136.211
122.826
122.337
132.156
139.356
135.478
131.322
117.802
105.15
100.782
105.426
109.306
115.419
116.76
118.782
116.698
116.839
113.699
114.876
113.476
115.748
117.174
122.107
127.453
135.466
141.445
136.006
117.921
90.5055
61.1815
38.3992
24.3857
16.9627
14.2149
15.0325
18.3316
22.2429
26.4035
30.6546
37.848
49.788
65.4881
85.3171
100.388
110.923
126.52
151.572
188.474
218.005
227.533
230.112
245.136
257.512
266.105
285.181
235.131
193.444
149.564
143.077
132.916
130.968
112.463
116.916
97.5217
90.2315
66.6216
51.3978
43.8277
46.3351
51.3688
56.4463
61.6366
67.3542
65.0857
68.6394
80.8782
99.0419
132.609
171.118
180.094
243.027
219.66
281.094
294.572
281.004
259.703
240.858
199.766
159.34
108.905
57.5614
33.7751
16.8438
11.3681
8.16436
7.09275
7.49157
8.71024
12.3106
18.1723
25.6046
28.4758
31.5263
30.7543
32.4296
40.5808
48.9741
70.5246
101.107
131.009
153.711
164.286
164.173
139.157
94.8243
57.1665
35.3966
23.6119
14.8893
10.9033
8.06184
6.81324
5.93108
5.59707
5.24643
5.17757
5.32504
5.59698
6.55674
8.33751
14.949
20.0955
25.6386
31.5758
25.1674
31.9726
27.0979
24.9048
25.0668
21.7446
20.0242
20.2
15.8608
11.5253
6.98704
5.46582
4.31883
2.99321
2.32243
1.98887
1.79958
1.66522
1.5346
1.49295
1.47456
1.53855
1.57683
1.65463
1.71007
1.75846
1.7035
1.7882
1.69558
2.28751
12.7248
15.1474
19.6607
21.8156
23.793
41.5679
69.5687
91.4868
89.9198
67.9899
55.6937
58.1684
69.9349
75.6723
64.747
57.4633
66.0326
81.6685
83.7434
79.8512
75.4819
70.42
67.8408
67.0556
70.1701
74.9941
87.1017
111.497
175.649
170.716
167.287
167.647
169.464
175.111
177.988
178.692
176.344
172.634
169.613
171.858
171.449
173.553
172.965
171.498
172.214
172.22
173.883
150.388
154.121
191.535
198.94
201.214
203.374
202.29
203.544
206.602
212.554
219.356
229.184
239.772
249.824
257.2
258.415
254.25
250.191
245.722
245.651
244.309
241.475
231.5
212.993
188.375
165.728
151.862
144.374
140.41
137.981
134.688
132.119
119.508
111.955
113.128
113.714
124.414
141.245
160.286
173.449
183.382
189.562
195.721
200.042
205.118
212.128
221.782
233.176
245.2
254.624
259.89
249.025
250.28
238.591
229.524
217.679
207.66
195.242
185.003
173.842
169.096
165.375
157.847
103.92
89.7882
80.9563
79.3888
87.228
108.351
150.893
225.015
250.872
278.533
299.381
315.514
315.985
317.316
307.788
299.715
286.66
274.359
262.781
260.913
258.969
271.892
280.895
298.152
293.304
289.635
269.219
248.096
227.454
222.623
229.94
234.29
223.961
219.069
195.754
127.184
96.6328
65.343
51.4033
52.8253
60.6213
71.6713
97.7301
102.274
106.439
110.209
115.845
126.534
142.596
157.015
167.199
171.707
169.41
164.546
158.997
155.768
158.102
162.41
170.728
179.549
182.828
160.229
136.649
129.814
133.356
147.327
163.916
172.136
168.247
161.064
143.601
131.976
117
107.528
99.2478
94.4543
94.3139
99.1433
105.183
107.311
103.366
100.432
97.3794
95.8327
93.0809
97.2586
100.798
109.13
112.328
117.563
123.041
127.944
136.422
146.5
156.269
165.603
172.969
174.212
172.56
168.958
167.414
166.716
163.573
155.807
148.17
142.346
134.187
121.821
114.846
112.642
115.013
120.036
129.438
139.452
146.558
152.472
160.301
160.547
152.883
154.086
163.17
174.943
176.264
170.541
160.976
146.893
135.581
128.651
124.607
125.172
124.734
124.651
122.596
116.221
108.855
106.351
109.702
114.084
119.903
123.775
128.867
132.042
135.378
136.393
137.739
136.746
135.65
134.966
134.263
137.517
139.868
140.778
132.801
115.294
88.9425
61.8436
41.7003
28.3623
20.6915
17.5753
17.7112
20.6308
25.3941
31.619
38.7366
47.2992
56.278
69.2734
86.4346
108.938
130.474
146.83
162.081
180.137
204.619
226.509
245.639
257.776
249.027
292.476
255.748
237.448
169.494
148.894
131.905
127.308
128.032
128.599
117.535
109.691
94.1506
91.4458
67.1486
55.2546
56.2526
63.7776
73.1602
84.677
99.0528
110.901
112.784
119.992
140.101
154.587
193.973
203.741
208.591
290.971
310.1
307.54
313.17
294.383
269.723
232.81
183.497
132.879
92.4227
42.2807
24.5683
15.0087
10.5987
9.19877
9.08311
10.0116
12.6122
15.8436
21.4594
31.5711
42.2903
49.8022
60.6769
73.1876
109.901
142.846
160.225
170.928
172.666
164.377
161.268
153.257
131.939
57.4204
40.9775
24.3741
16.467
11.9466
9.68465
7.95944
7.20901
6.55943
6.42987
6.29972
6.52934
7.04875
7.78759
9.42086
12.1399
17.0362
21.7053
26.9749
28.1799
32.8553
22.2571
25.3713
21.9335
17.9234
15.8271
13.4403
11.4389
8.27107
6.85418
5.23772
4.17114
3.23891
2.45246
2.07083
1.85832
1.68152
1.57886
1.50182
1.51176
1.52471
1.56328
1.57827
1.68132
1.63077
1.61694
1.60902
1.4983
1.89501
11.6428
15.2302
23.2861
26.5503
26.2339
34.8148
52.6394
78.7802
95.0938
94.1564
82.0234
77.151
84.2459
81.3697
63.275
49.073
54.9544
77.0303
91.967
90.0204
86.6158
83.3024
79.1905
78.8493
81.0298
90.5837
111.128
160.575
160.326
156.519
154.962
159.124
166.18
171.724
175.718
174.815
172.267
171.734
169.053
170.86
169.103
172.569
171.131
172.091
171.843
172.049
173.625
159.854
153.205
179.769
188.611
191.324
191.585
194.156
194.628
197.695
199.938
207.395
216.72
232.006
249.758
267.741
281.326
289.259
290.684
289.44
284.216
275.391
258.543
234.695
207.686
184.162
165.975
152.96
144.162
135.525
129.032
121.984
114.512
102.561
92.6037
91.8433
95.146
97.5928
108.59
124.484
142.118
157.699
171.224
182.91
194.324
205.02
217.5
231.789
247.218
261.804
265.435
276.295
261.732
262.248
245.581
233.555
219.409
204.755
193.948
180.663
172.017
160.22
152.366
110.759
102.257
70.47
67.8484
62.4369
61.8528
67.5833
86.3518
123.423
191.965
240.405
274.14
292.838
320.052
321.861
323.768
313.451
304.046
288.727
275.54
267.609
272.476
281.881
307.938
323.565
350.764
329.856
322.035
306.519
286.034
267.681
252.607
236.008
217.849
205.901
135.812
91.4361
71.0406
60.1415
61.1365
68.2751
83.0591
102.232
109.645
108.138
108.864
108.891
108.775
111.8
120.173
133.754
146.189
156.03
162.308
164.153
163.008
163.231
163.641
167.992
172.051
172.924
163.994
152.566
146.899
148.832
155.163
162.671
164.002
158.053
150.228
132.885
123.541
108.286
97.7308
90.3203
88.0611
89.1207
93.5622
97.8838
103.123
103.988
102.026
96.677
93.3196
89.3197
89.1028
89.3056
94.2516
96.3899
104.359
107.549
110.64
113.707
118.506
122.011
130.485
141.281
148.756
154.492
155.466
153.248
148.142
142.247
138.07
133.769
125.912
115.982
107.791
100.268
95.0678
96.777
101.186
107.578
117.996
131.303
142.882
160.555
177.276
183.038
174.761
170.7
168.741
169.64
164.039
156.593
149.604
141.697
135.124
129.438
124.376
117.737
111.271
105.619
104.33
103.176
103.198
105.596
109.637
114.848
122.789
128.784
138.336
143.202
152.872
154.35
159.087
156.538
156.73
151.48
149.108
144.549
141.686
134.165
120.862
101.389
75.1387
50.6849
34.4088
24.4527
19.1929
17.2237
18.0644
20.8916
25.6744
32.8239
41.7663
53.2502
66.7743
81.4754
96.5817
114.099
127.94
147.508
163.717
182.888
200.592
222.889
243.17
227.756
254.253
221.234
261.029
177.369
144.065
125.913
130.426
127.036
126.612
121.573
122.331
112.81
106.831
99.9154
71.7347
60.5835
61.7624
71.4118
86.2219
103.771
125.714
151.836
181.888
186.395
192.077
202.946
229.802
219.528
261.485
276.707
332.092
348.566
327.143
317.56
288.903
245.483
201.739
149.196
97.5951
71.4351
27.5916
18.1109
12.9352
11.013
10.6758
11.6839
13.5792
16.5965
20.6635
26.5586
34.2532
44.2555
58.8333
77.9961
101.613
139.644
154.409
155.811
166.056
170.871
152.717
153.647
139.377
64.6947
39.9455
26.0281
18.0188
13.3915
10.3972
9.14293
8.07094
7.84771
7.41707
7.65487
7.92412
8.30118
9.51043
10.5031
13.6295
15.7802
22.0767
29.455
24.1144
39.8779
23.1952
30.8611
20.0065
17.2483
14.2271
12.6623
10.083
8.29677
6.37509
5.44549
4.28259
3.59283
2.63551
2.25883
1.97298
1.77449
1.60637
1.5301
1.5201
1.55022
1.55576
1.59821
1.60988
1.60244
1.58557
1.47565
1.4003
1.7808
10.1406
14.9713
27.3273
34.4753
32.5082
35.476
41.0074
54.929
71.6786
90.2669
101.179
99.5592
99.6834
86.0671
64.7148
44.6991
42.5557
57.6922
83.9205
85.7674
78.0467
68.2686
61.1036
57.5385
58.1421
63.4066
74.0295
89.4887
105.212
104.522
102.587
121.283
133.992
142.668
151.982
156.925
160.512
159.688
159.192
158.827
158.09
160.544
160.011
163.189
165.74
168.149
170.057
172.118
175.112
177.238
179.148
179.865
180.071
181.539
180.152
180.571
180.487
183.849
190.664
203.276
222.68
246.971
271.165
287.69
296.139
295.737
288.109
271.277
250.283
227.415
205.547
185.977
169.308
154.822
142.241
130.181
120.445
110.957
102.722
96.4698
91.8142
88.6338
87.533
87.4843
90.2317
93.2371
103.102
117.822
138.398
158.521
176.765
193.124
207.811
222.616
236.778
252.192
254.767
262.596
248.561
249.59
233.86
222.873
209.916
194.943
181.846
166.078
152.438
139.939
125.489
98.6038
78.5164
69.4927
59.1004
56.2938
54.9803
50.8187
52.5452
65.5592
91.5327
138.671
204.573
232.317
267.923
298.951
312.912
313.422
307.373
301.75
289.311
280.529
276.265
284.479
296.779
320.739
333.808
335.914
320.118
312.886
288.992
263.393
236.697
211.036
172.232
121.537
89.3445
70.8745
67.6953
74.6199
85.4382
116.287
140.632
137.098
131.511
125.966
121.328
117.302
111.852
108.203
108.894
115.044
122.551
131.647
139.755
145.171
148.696
150.276
152.433
153.44
155.232
155.427
152.415
147.971
145.562
144.349
143.501
137.492
129.247
118.677
106.12
99.3555
90.0465
87.0446
85.9269
87.2884
89.5512
92.8253
96.5959
100.773
105.046
104.751
98.9917
95.0521
92.8644
90.7789
88.1398
87.2756
90.7273
90.495
96.5094
100.012
102.723
106.7
106.434
108.296
112.265
116.796
123.138
128.072
130.186
129.313
126.334
122.308
116.326
109.215
102.46
95.6137
88.554
85.3931
86.1464
87.2983
94.6878
106.072
119.125
132.703
146.312
175.336
191.912
200.802
196.792
183.911
174.21
166.909
158.778
151.525
145.06
136.351
127.503
120.787
113.271
105.557
97.0926
90.655
86.996
86.7896
89.8802
95.6902
103.292
111.95
121.697
131.771
145.253
154.508
167.929
172.681
178.333
177.015
173.482
168.168
158.775
149.866
136.896
120.841
101.082
77.4912
51.7445
31.5338
20.1565
15.0183
13.4529
13.385
15.0064
17.7556
22.2965
28.866
38.4897
50.9026
66.3565
84.9343
101.992
121.086
134.841
151.393
162.961
179.887
195.947
214.238
236.088
259.106
234.798
256.15
195.205
167.655
130.831
131.888
132.315
146.296
139.209
136.685
124.737
109.95
108.796
83.8807
56.7682
49.5019
56.0339
68.618
88.4996
112.802
141.708
174.008
207.14
241.086
274.007
303.229
273.995
266.851
243.878
341.367
346.222
330.052
334.244
310.981
292.808
257.697
214.653
163.132
117.159
78.4054
28.5206
19.4525
13.8252
12.1466
12.0147
12.7162
14.4428
17.0625
20.6094
25.2898
31.2638
39.0271
48.4504
62.705
80.0833
97.9293
149.05
162.54
169.905
173.747
158.464
148.991
133.725
63.6888
38.1783
23.9817
17.7153
13.3369
11.3982
9.69243
9.20654
8.6615
8.6613
8.63
8.90371
9.70412
10.4028
12.0844
13.9204
16.6926
20.0114
23.7994
30.1294
35.6876
25.2023
33.6047
18.9162
19.199
14.1748
11.5892
9.96563
8.12762
6.7882
5.40393
4.40667
3.70656
2.83992
2.33486
2.05646
1.79928
1.62717
1.52481
1.52595
1.55641
1.60553
1.61625
1.62255
1.59289
1.51138
1.40598
1.30659
1.64445
5.26979
9.32448
19.591
32.3022
34.5602
41.7644
46.3234
55.6794
62.9367
70.7241
79.4566
85.8574
89.8449
80.7107
71.1372
52.7013
41.7606
39.6692
53.9251
64.3433
57.4572
50.1022
41.5407
36.8575
35.2327
35.5994
36.6943
38.6268
40.3488
41.0114
40.6183
39.7523
40.2463
42.8272
47.0313
64.3073
113.1
117.076
125.484
125.439
128.858
125.488
121.32
118.912
115.352
116.416
117.926
118.118
116.447
113.791
111.556
111.268
112.817
116.617
120.324
125.932
130.414
135.31
138.844
142.312
145.685
151.824
158.679
165.178
169.828
180.065
193.386
193.707
196.883
195.217
192.787
188.324
183.301
175.504
169.9
162.626
156.28
150.209
144.658
139.368
134.448
129.306
125.354
119.888
116.53
113.297
112.101
111.398
100.543
98.8775
115.754
134.421
152.017
167.03
175.494
180.771
177.796
178.021
173.184
177.74
177.131
177.753
178.417
175.929
174.254
171.985
165.137
160.827
154.607
145.928
141.549
137.438
114.761
90.702
87.6818
79.8016
71.6097
63.5109
59.1365
60.438
68.3997
76.2531
109.745
129.211
154.303
168.522
179.332
188.411
199.246
202.563
203.301
196.838
186.234
182.323
187.608
185.699
186.987
205.457
211.205
217.317
196.556
164.766
141.583
124.371
110.778
107.074
111.796
130.443
133.867
132.681
133.739
137.032
140.425
143.585
144.39
142.262
136.325
129.876
129.479
134.828
146.516
151.995
149.943
150.985
153.848
162.52
166.745
175.192
180.077
184.72
165.128
161.326
168.668
160.07
149.523
138.724
125.904
122.846
119.143
115.659
115.039
116.186
116.587
118.116
120.509
124
125.152
129.283
133.8
131.231
125.492
119.636
117.914
115.362
115.112
111.027
111.59
112.238
108.482
111.619
113.951
113.093
115.801
118.537
118.602
120.821
122.686
125.429
128.736
133.232
138.438
143.718
147.694
151.012
152.737
154.033
154.771
153.522
154.162
156.146
152.139
152.957
155.871
155.286
155.27
173.006
182.422
200.913
206.867
206.996
203.643
186.793
143.448
106.36
71.1407
66.3381
70.4128
76.8762
80.2349
82.871
85.1446
87.9665
92.7604
98.6567
105.623
113.726
120.109
128.243
134.636
139.917
146.888
148.651
155.871
156.846
161.744
161.391
160.745
153.956
144.2
124.828
102.693
75.9462
46.3262
22.8649
13.3708
12.2733
13.8149
15.8662
16.9338
18.679
20.764
22.8885
27.2464
31.535
39.5735
47.6005
59.9955
72.1341
88.9866
105.233
123.172
144.462
161.729
185.915
201.642
223.122
235.332
251.468
261.931
220.345
236.156
143.889
136.871
132.608
137.447
111.475
90.5907
63.3375
42.1761
28.7573
28.5688
28.3612
32.6719
38.7049
45.2719
54.1231
64.2531
75.4906
88.1378
102.732
118.472
135.555
151.775
166.435
198.635
179.31
173.699
151.177
126.703
120.88
100.137
93.0382
75.424
59.4741
44.497
30.2087
19.5099
15.4345
7.25661
8.05037
6.87731
8.74731
9.8463
11.6359
13.4674
15.3622
18.3916
21.2118
25.0203
28.0846
32.9412
36.5778
42.1018
47.0548
59.6236
55.8493
50.8945
40.8205
35.5335
30.5373
24.1063
16.4632
10.5085
7.72492
12.4315
9.42668
9.20188
8.48116
7.91841
8.02635
7.95171
8.27235
8.52804
9.11321
10.4583
10.619
12.6887
13.1028
15.6838
21.6962
14.5201
28.4203
14.0102
27.647
11.9672
13.8834
8.386
7.19899
5.14259
4.191
3.96155
3.91372
3.36176
2.91912
2.73626
2.35454
2.23966
2.05227
1.83693
1.81737
1.8076
1.87265
1.87353
2.0029
1.8751
1.97225
1.72795
1.72773
1.61155
1.54911
)
;

boundaryField
{
    wand
    {
        type            zeroGradient;
    }
    frontAndBack
    {
        type            empty;
    }
}


// ************************************************************************* //
