/*--------------------------------*- C++ -*----------------------------------*\
| =========                 |                                                 |
| \\      /  F ield         | OpenFOAM: The Open Source CFD Toolbox           |
|  \\    /   O peration     | Version:  2.1.1                                 |
|   \\  /    A nd           | Web:      www.OpenFOAM.org                      |
|    \\/     M anipulation  |                                                 |
\*---------------------------------------------------------------------------*/
FoamFile
{
    version     2.0;
    format      ascii;
    class       volScalarField;
    location    "0.000800000";
    object      c;
}
// * * * * * * * * * * * * * * * * * * * * * * * * * * * * * * * * * * * * * //

dimensions      [0 0 0 0 0 0 0];

internalField   nonuniform List<scalar> 
12384
(
0.00817796
0.00290938
0.000504354
2.00266e-05
5.68976e-07
1.48895e-08
3.18149e-10
5.18974e-12
8.08277e-14
1.25693e-15
2.04972e-17
2.95134e-19
3.76186e-21
4.19952e-23
5.46438e-36
1.5227e-36
2.77309e-38
2.16335e-40
1.4845e-42
8.85853e-45
4.83275e-47
2.47883e-49
1.21721e-51
5.76258e-54
2.61367e-56
1.13837e-58
4.70734e-61
1.86205e-63
7.14392e-66
2.66796e-68
1.0178e-70
3.92157e-73
1.56439e-75
6.30916e-78
2.545e-80
1.01348e-82
3.96686e-85
1.51766e-87
5.74114e-90
2.11841e-92
7.85886e-95
2.87222e-97
1.06614e-99
4.02662e-102
6.29295e-110
1.35269e-111
5.56546e-114
2.07956e-116
7.67151e-119
2.94827e-121
1.23285e-123
5.88011e-126
3.2076e-128
1.93177e-130
1.21188e-132
7.56844e-135
4.62034e-137
2.72647e-139
1.56091e-141
8.69776e-144
4.74413e-146
2.54714e-148
1.35167e-150
7.09799e-153
3.7095e-155
1.92623e-157
1.00001e-159
5.18676e-162
2.68548e-164
5.86164e-167
6.00336e-171
1.11328e-173
5.2536e-176
1.54007e-179
7.78418e-193
1.38105e-190
4.73703e-193
8.19021e-196
1.04536e-198
1.07625e-201
9.52125e-205
7.6278e-208
5.64238e-211
3.93759e-214
2.62874e-217
1.71582e-220
1.12832e-223
7.82492e-227
5.47459e-230
3.28051e-233
1.52962e-236
6.15122e-240
2.28665e-243
8.31788e-247
2.9912e-250
1.08677e-253
3.96026e-257
1.45116e-260
5.34281e-264
1.97754e-267
7.26252e-271
2.70042e-274
9.97166e-278
8.26545e-282
4.05577e-304
5.59841e-302
1.20937e-304
1.36025e-307
1.14681e-310
8.00868e-314
4.97341e-317
2.72082e-320
0
0
0
0
0
0
0
0
0
0
0
0
0
0
0
0
0
0
0
0
0
0
0
0
0
0
0
0
0
0
0
0
0
0
0
0
0
0
0
0
0
0
0
0
0
0
0
0
0
0
0
0
0
0
0
0
0
0
0
0
0
0
0
0
0
0
0
0
0
0
0
0
0
0
0
0
0
0
0
0
0
0
0
0
0
0
0
0
0
0
0
0
0
0
0
0
0
0
0
0
0
0
0
0
0
0
0
0
0
0
0
0
0
0
0
0
0
0
0
0
0
0
0
0
0
0
0
0
0
0
0
0
0
0
0
0
0
0
0
0
0
0
0
0
0
0
0
0
0
0
0
0
0
0
0
0
0
0
0
0
0
0
0
0
0
0
0
0
0
0
0
0
0
0
0
0
0
0
0
0
0
0
0
0
0
0
0
0
0
0
0
0
0
0
0
0
0
0
0
0
0
0
0
0
0
0
0
0
0
0
0
0
0
0
0
0
0
0
0
0
0
0
0
0
0
0
0
0
0
0
0
0
0
0
0
0
0
0
0
0
0
0
0
0
0
0
0
0
0
0
0
0
0
0
0
0
0
0
0
0
0
0
0.105108
0.0560423
0.0131776
0.000573259
2.22351e-05
6.17147e-07
1.90249e-08
1.78331e-10
1.30826e-12
1.10435e-14
1.08176e-16
1.22208e-18
1.41073e-20
1.40968e-22
1.09516e-33
3.15856e-34
6.51883e-36
4.84795e-38
3.18607e-40
1.76254e-42
8.92084e-45
4.22674e-47
1.97806e-49
8.94609e-52
3.90911e-54
1.68439e-56
6.80064e-59
2.65481e-61
9.87418e-64
3.61183e-66
1.35207e-68
5.36069e-71
2.23406e-73
9.49802e-76
3.96729e-78
1.61121e-80
6.31413e-83
2.40909e-85
8.86904e-88
3.17922e-90
1.15154e-92
4.00215e-95
1.42143e-97
4.95169e-100
2.21772e-107
4.63726e-109
1.49169e-111
4.90035e-114
1.67482e-116
6.0065e-119
2.23512e-121
8.76004e-124
3.67279e-126
1.68306e-128
8.53604e-131
4.65909e-133
2.66988e-135
1.54544e-137
8.90545e-140
5.08447e-142
2.86225e-144
1.60482e-146
8.90269e-149
4.94615e-151
2.73471e-153
1.52399e-155
8.51401e-158
4.82299e-160
2.75253e-162
1.57997e-164
8.03371e-168
2.57429e-170
1.31281e-172
6.34944e-176
1.17483e-188
7.4682e-187
2.63529e-189
4.74904e-192
6.2274e-195
6.49683e-198
5.79882e-201
4.62546e-204
3.40237e-207
2.34395e-210
1.54123e-213
9.79143e-217
6.19587e-220
4.00561e-223
2.62521e-226
1.57303e-229
7.95202e-233
3.43408e-236
1.35464e-239
5.13822e-243
1.92846e-246
7.22611e-250
2.71746e-253
1.0189e-256
3.82113e-260
1.42724e-263
5.26912e-267
1.93653e-270
7.09213e-274
9.67969e-278
1.04147e-299
5.0183e-298
1.0623e-300
1.20128e-303
1.01739e-306
7.0612e-310
4.34964e-313
2.41984e-316
1.23798e-319
0
0
0
0
0
0
0
0
0
0
0
0
0
0
0
0
0
0
0
0
0
0
0
0
0
0
0
0
0
0
0
0
0
0
0
0
0
0
0
0
0
0
0
0
0
0
0
0
0
0
0
0
0
0
0
0
0
0
0
0
0
0
0
0
0
0
0
0
0
0
0
0
0
0
0
0
0
0
0
0
0
0
0
0
0
0
0
0
0
0
0
0
0
0
0
0
0
0
0
0
0
0
0
0
0
0
0
0
0
0
0
0
0
0
0
0
0
0
0
0
0
0
0
0
0
0
0
0
0
0
0
0
0
0
0
0
0
0
0
0
0
0
0
0
0
0
0
0
0
0
0
0
0
0
0
0
0
0
0
0
0
0
0
0
0
0
0
0
0
0
0
0
0
0
0
0
0
0
0
0
0
0
0
0
0
0
0
0
0
0
0
0
0
0
0
0
0
0
0
0
0
0
0
0
0
0
0
0
0
0
0
0
0
0
0
0
0
0
0
0
0
0
0
0
0
0
0
0
0
0
0
0
0
0
0
0
0
0
0
0
0
0
0
0
0
0
0
0
0
0
0
0
0
0
0
0
0
0
0
0
0
0.256522
0.207457
0.115114
0.0328525
0.00469817
6.79808e-05
4.54079e-06
2.55303e-08
7.77226e-11
1.54301e-13
2.34923e-16
4.00683e-19
8.41286e-22
6.54788e-24
4.63668e-31
1.42022e-31
2.87906e-33
2.31529e-35
1.49076e-37
7.51776e-40
3.45903e-42
1.45733e-44
6.1328e-47
2.59139e-49
1.01524e-51
4.26882e-54
1.57416e-56
5.97985e-59
2.04464e-61
6.97461e-64
2.38218e-66
9.5478e-69
4.02371e-71
1.8053e-73
7.6383e-76
3.12105e-78
1.21297e-80
4.47359e-83
1.51726e-85
5.21242e-88
1.79645e-90
5.75631e-93
1.98488e-95
6.17859e-98
8.57741e-105
1.76344e-106
3.64679e-109
1.183e-111
4.12823e-114
1.49209e-116
5.35338e-119
1.97594e-121
7.229e-124
2.77198e-126
1.06378e-128
4.32105e-131
1.77094e-133
7.68717e-136
3.38406e-138
1.56874e-140
7.45097e-143
3.747e-145
1.97611e-147
1.11118e-149
6.54143e-152
4.0953e-154
2.65868e-156
1.80431e-158
1.25006e-160
8.84866e-163
6.21352e-165
4.03463e-167
1.87094e-169
8.72941e-173
1.48669e-184
2.1505e-183
7.18512e-186
1.27606e-188
1.62804e-191
1.65543e-194
1.43664e-197
1.10815e-200
7.8412e-204
5.1744e-207
3.23734e-210
1.93597e-213
1.12969e-216
6.50579e-220
3.70521e-223
1.98055e-226
9.54641e-230
4.19502e-233
1.76463e-236
7.31389e-240
3.01704e-243
1.23082e-246
4.96215e-250
1.96521e-253
7.65435e-257
2.92436e-260
1.08928e-263
3.96253e-267
1.40703e-270
1.84559e-274
2.34344e-295
2.47414e-294
4.77212e-297
5.10146e-300
4.08064e-303
2.6975e-306
1.57733e-309
8.36231e-313
4.11988e-316
1.89963e-319
0
0
0
0
0
0
0
0
0
0
0
0
0
0
0
0
0
0
0
0
0
0
0
0
0
0
0
0
0
0
0
0
0
0
0
0
0
0
0
0
0
0
0
0
0
0
0
0
0
0
0
0
0
0
0
0
0
0
0
0
0
0
0
0
0
0
0
0
0
0
0
0
0
0
0
0
0
0
0
0
0
0
0
0
0
0
0
0
0
0
0
0
0
0
0
0
0
0
0
0
0
0
0
0
0
0
0
0
0
0
0
0
0
0
0
0
0
0
0
0
0
0
0
0
0
0
0
0
0
0
0
0
0
0
0
0
0
0
0
0
0
0
0
0
0
0
0
0
0
0
0
0
0
0
0
0
0
0
0
0
0
0
0
0
0
0
0
0
0
0
0
0
0
0
0
0
0
0
0
0
0
0
0
0
0
0
0
0
0
0
0
0
0
0
0
0
0
0
0
0
0
0
0
0
0
0
0
0
0
0
0
0
0
0
0
0
0
0
0
0
0
0
0
0
0
0
0
0
0
0
0
0
0
0
0
0
0
0
0
0
0
0
0
0
0
0
0
0
0
0
0
0
0
0
0
0
0
0
0
0
1
1
1
0.351725
0.126985
0.0356467
0.00614214
3.26558e-05
1.16765e-07
1.99529e-10
3.07149e-13
3.71455e-16
4.32093e-19
3.6475e-22
1.57279e-27
4.3685e-28
8.23254e-30
8.5139e-32
5.95977e-34
3.1803e-36
1.48998e-38
6.39763e-41
2.7348e-43
1.14189e-45
4.68352e-48
1.92465e-50
7.46372e-53
2.78818e-55
9.85744e-58
3.23695e-60
1.03331e-62
3.79917e-65
1.50336e-67
7.01165e-70
3.01694e-72
1.28834e-74
5.27111e-77
1.93439e-79
6.88001e-82
2.26955e-84
7.23856e-87
2.36618e-89
7.33269e-92
2.35717e-94
5.35995e-101
9.66717e-103
2.06937e-105
6.61033e-108
2.31087e-110
8.16738e-113
2.89904e-115
1.03298e-117
3.70602e-120
1.36095e-122
5.08022e-125
1.97347e-127
7.77112e-130
3.22142e-132
1.34035e-134
5.86678e-137
2.57599e-139
1.17957e-141
5.49884e-144
2.67385e-146
1.34842e-148
7.20578e-151
4.04073e-153
2.41157e-155
1.50126e-157
9.87036e-160
6.66138e-162
4.60775e-164
3.23828e-166
2.27305e-169
2.14349e-180
5.432e-180
1.68793e-182
2.89471e-185
3.58111e-188
3.55576e-191
3.01155e-194
2.26618e-197
1.55961e-200
1.00167e-203
6.0847e-207
3.52418e-210
1.95532e-213
1.04217e-216
5.34784e-220
2.64775e-223
1.26782e-226
5.88506e-230
2.65456e-233
1.16598e-236
4.99642e-240
2.09187e-243
8.5677e-247
3.43623e-250
1.35081e-253
5.20921e-257
1.9725e-260
7.33996e-264
2.63428e-267
4.53116e-271
5.90725e-291
1.10755e-290
1.93386e-293
1.91519e-296
1.42922e-299
8.94387e-303
4.95219e-306
2.50417e-309
1.18054e-312
5.26322e-316
2.23377e-319
0
0
0
0
0
0
0
0
0
0
0
0
0
0
0
0
0
0
0
0
0
0
0
0
0
0
0
0
0
0
0
0
0
0
0
0
0
0
0
0
0
0
0
0
0
0
0
0
0
0
0
0
0
0
0
0
0
0
0
0
0
0
0
0
0
0
0
0
0
0
0
0
0
0
0
0
0
0
0
0
0
0
0
0
0
0
0
0
0
0
0
0
0
0
0
0
0
0
0
0
0
0
0
0
0
0
0
0
0
0
0
0
0
0
0
0
0
0
0
0
0
0
0
0
0
0
0
0
0
0
0
0
0
0
0
0
0
0
0
0
0
0
0
0
0
0
0
0
0
0
0
0
0
0
0
0
0
0
0
0
0
0
0
0
0
0
0
0
0
0
0
0
0
0
0
0
0
0
0
0
0
0
0
0
0
0
0
0
0
0
0
0
0
0
0
0
0
0
0
0
0
0
0
0
0
0
0
0
0
0
0
0
0
0
0
0
0
0
0
0
0
0
0
0
0
0
0
0
0
0
0
0
0
0
0
0
0
0
0
0
0
0
0
0
0
0
0
0
0
0
0
0
0
0
0
0
0
0
0
1
1
1
1
1
0.39574
0.1435
0.0267385
0.000346902
4.51964e-07
6.39053e-10
9.41556e-13
1.02799e-15
8.11069e-19
2.68647e-24
6.20192e-25
1.1784e-26
1.53743e-28
1.24078e-30
7.38004e-33
3.71911e-35
1.7059e-37
7.61551e-40
3.34045e-42
1.44025e-44
6.1638e-47
2.54419e-49
1.00916e-51
3.72428e-54
1.28032e-56
4.03463e-59
1.36311e-61
5.02119e-64
2.3104e-66
1.00599e-68
4.48684e-71
1.92019e-73
7.53058e-76
2.82937e-78
9.43579e-81
3.11801e-83
9.83579e-86
3.03588e-88
9.5277e-91
2.48346e-97
4.43164e-99
9.80112e-102
3.14111e-104
1.09641e-106
3.90409e-109
1.37315e-111
4.87521e-114
1.71583e-116
6.18167e-119
2.24892e-121
8.47503e-124
3.24827e-126
1.30192e-128
5.27732e-131
2.23813e-133
9.51258e-136
4.19629e-138
1.85386e-140
8.44757e-143
3.88697e-145
1.85604e-147
9.0654e-150
4.65933e-152
2.46285e-154
1.38629e-156
8.08818e-159
4.96455e-161
3.18018e-163
7.90592e-166
3.72739e-176
1.14469e-176
2.92954e-179
4.49764e-182
5.16659e-185
4.82403e-188
3.8532e-191
2.7328e-194
1.77076e-197
1.07103e-200
6.14144e-204
3.37177e-207
1.78261e-210
9.10045e-214
4.49311e-217
2.14777e-220
9.95405e-224
4.48013e-227
1.962e-230
8.37574e-234
3.49174e-237
1.42353e-240
5.68252e-244
2.22306e-247
8.53018e-251
3.21251e-254
1.1883e-257
4.31986e-261
1.51578e-264
2.60953e-268
1.48974e-286
4.15166e-287
6.00259e-290
5.13647e-293
3.39132e-296
1.90802e-299
9.61064e-303
4.46115e-306
1.94457e-309
8.06323e-313
3.21089e-316
1.2238e-319
0
0
0
0
0
0
0
0
0
0
0
0
0
0
0
0
0
0
0
0
0
0
0
0
0
0
0
0
0
0
0
0
0
0
0
0
0
0
0
0
0
0
0
0
0
0
0
0
0
0
0
0
0
0
0
0
0
0
0
0
0
0
0
0
0
0
0
0
0
0
0
0
0
0
0
0
0
0
0
0
0
0
0
0
0
0
0
0
0
0
0
0
0
0
0
0
0
0
0
0
0
0
0
0
0
0
0
0
0
0
0
0
0
0
0
0
0
0
0
0
0
0
0
0
0
0
0
0
0
0
0
0
0
0
0
0
0
0
0
0
0
0
0
0
0
0
0
0
0
0
0
0
0
0
0
0
0
0
0
0
0
0
0
0
0
0
0
0
0
0
0
0
0
0
0
0
0
0
0
0
0
0
0
0
0
0
0
0
0
0
0
0
0
0
0
0
0
0
0
0
0
0
0
0
0
0
0
0
0
0
0
0
0
0
0
0
0
0
0
0
0
0
0
0
0
0
0
0
0
0
0
0
0
0
0
0
0
0
0
0
0
0
0
0
0
0
0
0
0
0
0
0
0
0
0
0
0
0
1
1
1
1
1
1
1
0.349185
0.0493197
0.000901772
9.41525e-07
1.46407e-09
2.0188e-12
1.63742e-15
2.07323e-21
3.48455e-22
6.3667e-24
1.01514e-25
1.03589e-27
7.3186e-30
4.19131e-32
2.10893e-34
1.0164e-36
4.68261e-39
2.18186e-41
9.6977e-44
4.26562e-46
1.81797e-48
7.1314e-51
2.64615e-53
8.60452e-56
2.74373e-58
9.41073e-61
4.06216e-63
1.79286e-65
8.15643e-68
3.54444e-70
1.48135e-72
5.82968e-75
2.06876e-77
7.08612e-80
2.27477e-82
7.05636e-85
2.16468e-87
5.91087e-94
1.01205e-95
2.45539e-98
7.83655e-101
2.75389e-103
9.82262e-106
3.47962e-108
1.22073e-110
4.30706e-113
1.51001e-115
5.45491e-118
1.97911e-120
7.4772e-123
2.88278e-125
1.14886e-127
4.73068e-130
1.97731e-132
8.54263e-135
3.69743e-137
1.64297e-139
7.30952e-142
3.32447e-144
1.52784e-146
7.21865e-149
3.47834e-151
1.74377e-153
9.01773e-156
4.88998e-158
2.79683e-160
1.05593e-162
8.87701e-172
2.52791e-173
4.82962e-176
6.26335e-179
6.53536e-182
5.70603e-185
4.29995e-188
2.88062e-191
1.76057e-194
1.00306e-197
5.41877e-201
2.8097e-204
1.40896e-207
6.85888e-211
3.24598e-214
1.49397e-217
6.6895e-221
2.91612e-224
1.23905e-227
5.13876e-231
2.08343e-234
8.2687e-238
3.21628e-241
1.22716e-244
4.5962e-248
1.69073e-251
6.11151e-255
2.17173e-258
7.45845e-262
1.28605e-265
3.71556e-282
1.54179e-283
1.77404e-286
1.28146e-289
7.36855e-293
3.68524e-296
1.67445e-299
7.08893e-303
2.84234e-306
1.09159e-309
4.04865e-313
1.45922e-316
5.01477e-320
0
0
0
0
0
0
0
0
0
0
0
0
0
0
0
0
0
0
0
0
0
0
0
0
0
0
0
0
0
0
0
0
0
0
0
0
0
0
0
0
0
0
0
0
0
0
0
0
0
0
0
0
0
0
0
0
0
0
0
0
0
0
0
0
0
0
0
0
0
0
0
0
0
0
0
0
0
0
0
0
0
0
0
0
0
0
0
0
0
0
0
0
0
0
0
0
0
0
0
0
0
0
0
0
0
0
0
0
0
0
0
0
0
0
0
0
0
0
0
0
0
0
0
0
0
0
0
0
0
0
0
0
0
0
0
0
0
0
0
0
0
0
0
0
0
0
0
0
0
0
0
0
0
0
0
0
0
0
0
0
0
0
0
0
0
0
0
0
0
0
0
0
0
0
0
0
0
0
0
0
0
0
0
0
0
0
0
0
0
0
0
0
0
0
0
0
0
0
0
0
0
0
0
0
0
0
0
0
0
0
0
0
0
0
0
0
0
0
0
0
0
0
0
0
0
0
0
0
0
0
0
0
0
0
0
0
0
0
0
0
0
0
0
0
0
0
0
0
0
0
0
0
0
0
0
0
0
1
1
1
1
1
1
1
1
0.466786
0.0570612
0.000892981
1.31153e-06
2.41087e-09
2.3419e-12
7.85963e-19
8.79679e-20
1.27713e-21
2.25115e-23
3.20957e-25
2.99121e-27
2.05684e-29
1.18882e-31
6.30265e-34
3.16553e-36
1.56609e-38
7.51119e-41
3.4947e-43
1.6116e-45
6.85464e-48
2.80876e-50
9.82765e-53
3.20243e-55
1.02142e-57
4.07257e-60
1.80729e-62
8.40742e-65
3.70994e-67
1.62464e-69
6.63824e-72
2.53763e-74
9.09039e-77
3.02379e-79
9.60241e-82
2.96245e-84
7.50629e-91
1.17606e-92
3.29186e-95
1.08729e-97
3.85776e-100
1.39889e-102
4.99881e-105
1.76754e-107
6.21535e-110
2.17275e-112
7.72418e-115
2.75537e-117
1.01686e-119
3.81204e-122
1.48538e-124
5.94636e-127
2.44804e-129
1.03681e-131
4.44242e-134
1.94859e-136
8.5511e-139
3.82022e-141
1.70852e-143
7.76876e-146
3.56876e-148
1.67441e-150
8.05144e-153
4.0006e-155
2.07475e-157
9.71929e-160
2.25228e-167
5.88513e-170
7.85411e-173
7.85548e-176
7.1118e-179
5.72009e-182
4.05494e-185
2.56914e-188
1.4846e-191
7.9811e-195
4.06199e-198
1.98481e-201
9.404e-205
4.34506e-208
1.96236e-211
8.66494e-215
3.7389e-218
1.57602e-221
6.49093e-225
2.6139e-228
1.03033e-231
3.9799e-235
1.50817e-238
5.61164e-242
2.05151e-245
7.37225e-249
2.60505e-252
9.05372e-256
3.04445e-259
5.2745e-263
9.28832e-278
5.71752e-280
4.92836e-283
2.91136e-286
1.42945e-289
6.27056e-293
2.5455e-296
9.75842e-300
3.57938e-303
1.26764e-306
4.36358e-310
1.46745e-313
4.84038e-317
1.46836e-320
0
0
0
0
0
0
0
0
0
0
0
0
0
0
0
0
0
0
0
0
0
0
0
0
0
0
0
0
0
0
0
0
0
0
0
0
0
0
0
0
0
0
0
0
0
0
0
0
0
0
0
0
0
0
0
0
0
0
0
0
0
0
0
0
0
0
0
0
0
0
0
0
0
0
0
0
0
0
0
0
0
0
0
0
0
0
0
0
0
0
0
0
0
0
0
0
0
0
0
0
0
0
0
0
0
0
0
0
0
0
0
0
0
0
0
0
0
0
0
0
0
0
0
0
0
0
0
0
0
0
0
0
0
0
0
0
0
0
0
0
0
0
0
0
0
0
0
0
0
0
0
0
0
0
0
0
0
0
0
0
0
0
0
0
0
0
0
0
0
0
0
0
0
0
0
0
0
0
0
0
0
0
0
0
0
0
0
0
0
0
0
0
0
0
0
0
0
0
0
0
0
0
0
0
0
0
0
0
0
0
0
0
0
0
0
0
0
0
0
0
0
0
0
0
0
0
0
0
0
0
0
0
0
0
0
0
0
0
0
0
0
0
0
0
0
0
0
0
0
0
0
0
0
0
0
0
1
1
1
1
1
1
1
1
1
0.414149
0.0533419
0.000932592
2.10752e-06
2.02983e-09
2.04646e-16
1.43694e-17
1.30947e-19
1.91586e-21
3.47658e-23
5.05127e-25
4.42493e-27
2.96586e-29
1.78183e-31
9.59131e-34
5.03527e-36
2.59914e-38
1.24154e-40
6.12886e-43
2.79402e-45
1.26682e-47
4.86892e-50
1.73619e-52
5.15232e-55
1.9246e-57
8.50173e-60
3.98502e-62
1.80367e-64
8.08749e-67
3.41514e-69
1.38421e-71
5.20071e-74
1.84566e-76
6.10413e-79
1.94739e-81
4.63247e-88
6.65577e-90
1.96397e-92
6.90449e-95
2.53793e-97
9.32482e-100
3.37285e-102
1.19641e-104
4.22185e-107
1.46725e-109
5.17382e-112
1.81795e-114
6.56603e-117
2.40399e-119
9.11472e-122
3.55149e-124
1.43097e-126
5.93861e-129
2.51586e-131
1.0919e-133
4.76615e-136
2.11543e-138
9.37236e-141
4.19986e-143
1.8844e-145
8.52894e-148
3.93041e-150
1.8367e-152
8.92531e-155
4.32946e-157
2.81552e-164
1.25656e-166
1.15814e-169
8.39484e-173
6.23348e-176
4.50762e-179
2.98219e-182
1.78467e-185
9.76361e-189
4.96277e-192
2.38255e-195
1.09647e-198
4.89527e-202
2.13764e-205
9.16856e-209
3.86664e-212
1.60216e-215
6.51428e-219
2.59664e-222
1.01446e-225
3.88594e-229
1.46057e-232
5.39135e-236
1.95602e-239
6.97945e-243
2.45031e-246
8.466e-250
2.87895e-253
9.50635e-257
1.7421e-260
2.28488e-273
2.04057e-276
1.20021e-279
5.56394e-283
2.27889e-286
8.6392e-290
3.10176e-293
1.06897e-296
3.56765e-300
1.16031e-303
3.69485e-307
1.15626e-310
3.56657e-314
1.08689e-317
2.49009e-321
0
0
0
0
0
0
0
0
0
0
0
0
0
0
0
0
0
0
0
0
0
0
0
0
0
0
0
0
0
0
0
0
0
0
0
0
0
0
0
0
0
0
0
0
0
0
0
0
0
0
0
0
0
0
0
0
0
0
0
0
0
0
0
0
0
0
0
0
0
0
0
0
0
0
0
0
0
0
0
0
0
0
0
0
0
0
0
0
0
0
0
0
0
0
0
0
0
0
0
0
0
0
0
0
0
0
0
0
0
0
0
0
0
0
0
0
0
0
0
0
0
0
0
0
0
0
0
0
0
0
0
0
0
0
0
0
0
0
0
0
0
0
0
0
0
0
0
0
0
0
0
0
0
0
0
0
0
0
0
0
0
0
0
0
0
0
0
0
0
0
0
0
0
0
0
0
0
0
0
0
0
0
0
0
0
0
0
0
0
0
0
0
0
0
0
0
0
0
0
0
0
0
0
0
0
0
0
0
0
0
0
0
0
0
0
0
0
0
0
0
0
0
0
0
0
0
0
0
0
0
0
0
0
0
0
0
0
0
0
0
0
0
0
0
0
0
0
0
0
0
0
0
0
0
0
1
1
1
1
1
1
1
1
1
1
1
0.089403
0.00227041
2.43641e-06
4.03001e-09
1.1953e-11
5.8784e-14
4.05133e-16
5.98389e-18
9.39469e-20
8.50099e-22
5.50999e-24
3.27715e-26
1.92861e-28
1.18366e-30
7.43373e-33
4.75662e-35
3.10832e-37
1.97809e-39
1.25828e-41
7.79521e-44
4.73266e-46
2.73728e-48
1.5464e-50
8.25107e-53
4.26699e-55
2.11186e-57
1.01493e-59
4.74168e-62
2.17104e-64
9.43066e-67
3.97496e-69
1.58482e-71
6.04657e-74
2.16541e-76
7.35065e-79
2.98703e-81
1.52413e-83
1.71159e-85
1.12413e-87
5.38051e-90
2.34811e-92
9.23285e-95
3.50965e-97
1.28935e-99
4.60901e-102
1.63239e-104
5.69911e-107
1.97975e-109
7.00475e-112
2.44081e-114
8.94683e-117
3.24259e-119
1.25426e-121
4.85001e-124
1.9887e-126
8.24101e-129
3.54937e-131
1.5366e-133
6.85978e-136
3.01593e-138
1.36348e-140
6.0244e-143
2.70272e-145
1.21039e-147
5.4428e-150
2.51163e-152
1.17324e-154
5.6189e-157
2.54971e-159
1.14427e-161
4.98493e-164
1.67175e-166
7.02864e-170
3.98768e-173
2.55371e-176
1.56336e-179
8.78693e-183
4.54166e-186
2.18316e-189
9.89689e-193
4.29132e-196
1.80292e-199
7.41584e-203
3.0066e-206
1.205e-209
4.77354e-213
1.86596e-216
7.18311e-220
2.71926e-223
1.01168e-226
3.69929e-230
1.33011e-233
4.70579e-237
1.63905e-240
5.62271e-244
1.90011e-247
6.32594e-251
2.07457e-254
6.52608e-258
1.13356e-261
5.99231e-266
1.52602e-269
6.04893e-273
2.24971e-276
7.87922e-280
2.64156e-283
8.56181e-287
2.70065e-290
8.32999e-294
2.52165e-297
7.51414e-301
2.20956e-304
6.42522e-308
1.85111e-311
5.29227e-315
1.50226e-318
0
0
0
0
0
0
0
0
0
0
0
0
0
0
0
0
0
0
0
0
0
0
0
0
0
0
0
0
0
0
0
0
0
0
0
0
0
0
0
0
0
0
0
0
0
0
0
0
0
0
0
0
0
0
0
0
0
0
0
0
0
0
0
0
0
0
0
0
0
0
0
0
0
0
0
0
0
0
0
0
0
0
0
0
0
0
0
0
0
0
0
0
0
0
0
0
0
0
0
0
0
0
0
0
0
0
0
0
0
0
0
0
0
0
0
0
0
0
0
0
0
0
0
0
0
0
0
0
0
0
0
0
0
0
0
0
0
0
0
0
0
0
0
0
0
0
0
0
0
0
0
0
0
0
0
0
0
0
0
0
0
0
0
0
0
0
0
0
0
0
0
0
0
0
0
0
0
0
0
0
0
0
0
0
0
0
0
0
0
0
0
0
0
0
0
0
0
0
0
0
0
0
0
0
0
0
0
0
0
0
0
0
0
0
0
0
0
0
0
0
0
0
0
0
0
0
0
0
0
0
0
0
0
0
0
0
0
0
0
0
0
0
0
0
0
0
0
0
0
0
0
0
0
0
0
0
0
0
0
0
0
0
0
0
0
0
0
0
0
0
0
0
0
1
1
1
1
1
1
1
1
1
1
1
0.425634
0.0536014
0.00106243
1.15047e-06
2.8588e-09
1.39895e-11
7.52593e-14
3.46757e-16
1.34992e-18
5.00811e-21
1.94824e-23
8.22723e-26
3.86821e-28
2.01148e-30
1.17826e-32
7.56364e-35
5.20028e-37
3.6513e-39
2.60042e-41
1.82372e-43
1.25093e-45
8.37043e-48
5.37563e-50
3.39814e-52
2.0508e-54
1.23083e-56
7.07827e-59
4.0595e-61
2.22359e-63
1.21037e-65
6.32598e-68
3.23707e-70
1.59889e-72
7.6909e-75
3.56846e-77
1.68605e-79
7.84287e-82
3.50745e-84
1.54432e-86
6.59085e-89
2.77444e-91
1.14414e-93
4.65646e-96
1.87506e-98
7.4389e-101
2.939e-103
1.15205e-105
4.51403e-108
1.77919e-110
7.05569e-113
2.85128e-115
1.17163e-117
4.93621e-120
2.12848e-122
9.38403e-125
4.22578e-127
1.93042e-129
8.94318e-132
4.17261e-134
1.9608e-136
9.23269e-139
4.36212e-141
2.05936e-143
9.74888e-146
4.61465e-148
2.19487e-150
1.0474e-152
5.03751e-155
2.42098e-157
1.15502e-159
5.45092e-162
2.53279e-164
6.12381e-167
2.00147e-170
8.88939e-174
4.54031e-177
2.30914e-180
1.10881e-183
5.00013e-187
2.13307e-190
8.70176e-194
3.43495e-197
1.32692e-200
5.06176e-204
1.91716e-207
7.2212e-211
2.70143e-214
1.00104e-217
3.66459e-221
1.32278e-224
4.70355e-228
1.64723e-231
5.68313e-235
1.93243e-238
6.47838e-242
2.14169e-245
6.98206e-249
2.24442e-252
7.11159e-256
2.18866e-259
6.5306e-263
1.95003e-266
5.83778e-270
1.72435e-273
5.02744e-277
1.4478e-280
4.12143e-284
1.16073e-287
3.23709e-291
8.94826e-295
2.4542e-298
6.68506e-302
1.81037e-305
4.87897e-309
1.3098e-312
3.50579e-316
9.27509e-320
0
0
0
0
0
0
0
0
0
0
0
0
0
0
0
0
0
0
0
0
0
0
0
0
0
0
0
0
0
0
0
0
0
0
0
0
0
0
0
0
0
0
0
0
0
0
0
0
0
0
0
0
0
0
0
0
0
0
0
0
0
0
0
0
0
0
0
0
0
0
0
0
0
0
0
0
0
0
0
0
0
0
0
0
0
0
0
0
0
0
0
0
0
0
0
0
0
0
0
0
0
0
0
0
0
0
0
0
0
0
0
0
0
0
0
0
0
0
0
0
0
0
0
0
0
0
0
0
0
0
0
0
0
0
0
0
0
0
0
0
0
0
0
0
0
0
0
0
0
0
0
0
0
0
0
0
0
0
0
0
0
0
0
0
0
0
0
0
0
0
0
0
0
0
0
0
0
0
0
0
0
0
0
0
0
0
0
0
0
0
0
0
0
0
0
0
0
0
0
0
0
0
0
0
0
0
0
0
0
0
0
0
0
0
0
0
0
0
0
0
0
0
0
0
0
0
0
0
0
0
0
0
0
0
0
0
0
0
0
0
0
0
0
0
0
0
0
0
0
0
0
0
0
0
0
0
0
0
0
0
0
0
0
0
0
0
0
0
0
0
0
0
1
1
1
1
1
1
1
1
1
1
1
1
0.184753
0.0151038
4.2204e-05
1.13181e-07
3.10408e-10
8.81605e-13
2.20875e-15
5.42993e-18
1.32895e-20
3.57111e-23
1.09066e-25
3.64631e-28
1.344e-30
5.31077e-33
2.32153e-35
1.16024e-37
6.53496e-40
4.05977e-42
2.63821e-44
1.73177e-46
1.13008e-48
7.21909e-51
4.54623e-53
2.74241e-55
1.65194e-57
9.50671e-60
5.48916e-62
3.02283e-64
1.67707e-66
8.90854e-69
4.83495e-71
2.54612e-73
1.34326e-75
7.14675e-78
3.32876e-80
1.52067e-82
6.56682e-85
2.77614e-87
1.15527e-89
4.73971e-92
1.90575e-94
7.55566e-97
2.9477e-99
1.13735e-101
4.35971e-104
1.66335e-106
6.37115e-109
2.4525e-111
9.57244e-114
3.80534e-116
1.54684e-118
6.46601e-121
2.77592e-123
1.22524e-125
5.54319e-128
2.55811e-130
1.20151e-132
5.70432e-135
2.73653e-137
1.31734e-139
6.375e-142
3.0815e-144
1.4934e-146
7.22375e-149
3.50422e-151
1.7007e-153
8.28799e-156
4.04719e-158
1.9816e-160
9.7034e-163
4.67868e-165
2.52015e-168
1.87237e-171
1.29392e-174
7.37334e-178
3.64546e-181
1.64264e-184
6.95975e-188
2.84152e-191
1.13928e-194
4.53714e-198
1.80102e-201
7.10842e-205
2.77634e-208
1.06847e-211
4.04166e-215
1.50178e-218
5.485e-222
1.97154e-225
6.98239e-229
2.43868e-232
8.40266e-236
2.85611e-239
9.57371e-243
3.1634e-246
1.03001e-249
3.30415e-253
1.04429e-256
3.25115e-260
9.97793e-264
3.02197e-267
9.03584e-271
2.66919e-274
7.79625e-278
2.25344e-281
6.45109e-285
1.83071e-288
5.15455e-292
1.44125e-295
4.00559e-299
1.1076e-302
3.04992e-306
8.37082e-310
2.29167e-313
6.26194e-317
1.63931e-320
0
0
0
0
0
0
0
0
0
0
0
0
0
0
0
0
0
0
0
0
0
0
0
0
0
0
0
0
0
0
0
0
0
0
0
0
0
0
0
0
0
0
0
0
0
0
0
0
0
0
0
0
0
0
0
0
0
0
0
0
0
0
0
0
0
0
0
0
0
0
0
0
0
0
0
0
0
0
0
0
0
0
0
0
0
0
0
0
0
0
0
0
0
0
0
0
0
0
0
0
0
0
0
0
0
0
0
0
0
0
0
0
0
0
0
0
0
0
0
0
0
0
0
0
0
0
0
0
0
0
0
0
0
0
0
0
0
0
0
0
0
0
0
0
0
0
0
0
0
0
0
0
0
0
0
0
0
0
0
0
0
0
0
0
0
0
0
0
0
0
0
0
0
0
0
0
0
0
0
0
0
0
0
0
0
0
0
0
0
0
0
0
0
0
0
0
0
0
0
0
0
0
0
0
0
0
0
0
0
0
0
0
0
0
0
0
0
0
0
0
0
0
0
0
0
0
0
0
0
0
0
0
0
0
0
0
0
0
0
0
0
0
0
0
0
0
0
0
0
0
0
0
0
0
0
0
0
0
0
0
0
0
0
0
0
0
0
0
0
0
0
0
1
1
1
1
1
1
1
1
1
1
1
1
0.229987
0.0249052
8.61509e-05
2.64314e-07
6.97836e-10
1.57672e-12
3.21664e-15
5.85209e-18
1.08457e-20
1.99544e-23
4.24603e-26
9.86421e-29
2.64071e-31
7.69772e-34
2.41716e-36
8.29866e-39
3.23165e-41
1.46451e-43
7.86637e-46
4.60454e-48
2.81469e-50
1.72381e-52
1.05032e-54
6.12048e-57
3.61609e-59
2.00654e-61
1.13541e-63
6.07313e-66
3.27245e-68
1.68653e-70
8.65001e-73
4.29077e-75
2.11499e-77
1.01979e-79
4.77693e-82
2.16857e-84
9.38517e-87
3.95238e-89
1.6404e-91
6.64932e-94
2.65379e-96
1.04239e-98
4.05191e-101
1.56556e-103
6.01318e-106
2.31472e-108
8.94112e-111
3.49374e-113
1.38807e-115
5.63334e-118
2.3472e-120
1.00577e-122
4.42839e-125
2.00241e-127
9.24608e-130
4.34757e-132
2.07187e-134
9.97004e-137
4.83454e-139
2.35224e-141
1.14949e-143
5.6165e-146
2.75351e-148
1.34941e-150
6.64425e-153
3.27545e-155
1.62351e-157
8.05444e-160
4.0109e-162
1.99344e-164
3.29611e-167
9.07448e-171
7.81893e-174
6.5903e-177
4.54961e-180
2.57578e-183
1.29398e-186
6.02439e-190
2.66636e-193
1.14118e-196
4.77645e-200
1.96744e-203
7.99448e-207
3.20448e-210
1.26578e-213
4.92219e-217
1.88341e-220
7.09165e-224
2.62882e-227
9.5994e-231
3.4549e-234
1.22606e-237
4.29119e-241
1.48147e-244
5.0454e-248
1.69528e-251
5.62131e-255
1.84009e-258
5.94864e-262
1.90056e-265
6.0065e-269
1.87918e-272
5.82509e-276
1.7908e-279
5.46559e-283
1.6577e-286
5.00134e-290
1.50249e-293
4.49876e-297
1.34368e-300
4.00628e-304
1.19309e-307
3.55019e-311
1.05566e-314
3.13531e-318
7.90505e-323
0
0
0
0
0
0
0
0
0
0
0
0
0
0
0
0
0
0
0
0
0
0
0
0
0
0
0
0
0
0
0
0
0
0
0
0
0
0
0
0
0
0
0
0
0
0
0
0
0
0
0
0
0
0
0
0
0
0
0
0
0
0
0
0
0
0
0
0
0
0
0
0
0
0
0
0
0
0
0
0
0
0
0
0
0
0
0
0
0
0
0
0
0
0
0
0
0
0
0
0
0
0
0
0
0
0
0
0
0
0
0
0
0
0
0
0
0
0
0
0
0
0
0
0
0
0
0
0
0
0
0
0
0
0
0
0
0
0
0
0
0
0
0
0
0
0
0
0
0
0
0
0
0
0
0
0
0
0
0
0
0
0
0
0
0
0
0
0
0
0
0
0
0
0
0
0
0
0
0
0
0
0
0
0
0
0
0
0
0
0
0
0
0
0
0
0
0
0
0
0
0
0
0
0
0
0
0
0
0
0
0
0
0
0
0
0
0
0
0
0
0
0
0
0
0
0
0
0
0
0
0
0
0
0
0
0
0
0
0
0
0
0
0
0
0
0
0
0
0
0
0
0
0
0
0
0
0
0
0
0
0
0
0
0
0
0
0
0
0
0
0
0
1
1
1
1
1
1
1
1
1
1
1
1
0.174229
0.0135756
3.5078e-05
8.04754e-08
1.66875e-10
3.1361e-13
5.46584e-16
9.01031e-19
1.39448e-21
2.20565e-24
3.49466e-27
6.07506e-30
1.14826e-32
2.41661e-35
5.58771e-38
1.49399e-40
4.94606e-43
2.11312e-45
1.11397e-47
6.53605e-50
3.88279e-52
2.34202e-54
1.36739e-56
7.82339e-59
4.43302e-61
2.39235e-63
1.30894e-65
6.80464e-68
3.55154e-70
1.78762e-72
8.85594e-75
4.30275e-77
2.03542e-79
9.54794e-82
4.30068e-84
1.90605e-86
8.09408e-89
3.36321e-91
1.37281e-93
5.46791e-96
2.154e-98
8.35207e-101
3.2255e-103
1.23876e-105
4.75666e-108
1.83803e-110
7.15736e-113
2.83832e-115
1.14751e-117
4.764e-120
2.03566e-122
8.93831e-125
4.03379e-127
1.86071e-129
8.74568e-132
4.16973e-134
2.00972e-136
9.75659e-139
4.7654e-141
2.33142e-143
1.14483e-145
5.61708e-148
2.76551e-150
1.36173e-152
6.73725e-155
3.33875e-157
1.66256e-159
8.28046e-162
4.13221e-164
1.35091e-166
2.40418e-170
1.66084e-173
1.77305e-176
1.76844e-179
1.44151e-182
9.40009e-186
5.1947e-189
2.60794e-192
1.23036e-195
5.56561e-199
2.4452e-202
1.05141e-205
4.44194e-209
1.84634e-212
7.5513e-216
3.03791e-219
1.20205e-222
4.67916e-226
1.79283e-229
6.76616e-233
2.51707e-236
9.23614e-240
3.34489e-243
1.19618e-246
4.22624e-250
1.47598e-253
5.09849e-257
1.74326e-260
5.90347e-264
1.98194e-267
6.60329e-271
2.18503e-274
7.18764e-278
2.35241e-281
7.66607e-285
2.48916e-288
8.05734e-292
2.60113e-295
8.37676e-299
2.6914e-302
8.62687e-306
2.7582e-309
8.79381e-313
2.79474e-316
8.64763e-320
0
0
0
0
0
0
0
0
0
0
0
0
0
0
0
0
0
0
0
0
0
0
0
0
0
0
0
0
0
0
0
0
0
0
0
0
0
0
0
0
0
0
0
0
0
0
0
0
0
0
0
0
0
0
0
0
0
0
0
0
0
0
0
0
0
0
0
0
0
0
0
0
0
0
0
0
0
0
0
0
0
0
0
0
0
0
0
0
0
0
0
0
0
0
0
0
0
0
0
0
0
0
0
0
0
0
0
0
0
0
0
0
0
0
0
0
0
0
0
0
0
0
0
0
0
0
0
0
0
0
0
0
0
0
0
0
0
0
0
0
0
0
0
0
0
0
0
0
0
0
0
0
0
0
0
0
0
0
0
0
0
0
0
0
0
0
0
0
0
0
0
0
0
0
0
0
0
0
0
0
0
0
0
0
0
0
0
0
0
0
0
0
0
0
0
0
0
0
0
0
0
0
0
0
0
0
0
0
0
0
0
0
0
0
0
0
0
0
0
0
0
0
0
0
0
0
0
0
0
0
0
0
0
0
0
0
0
0
0
0
0
0
0
0
0
0
0
0
0
0
0
0
0
0
0
0
0
0
0
0
0
0
0
0
0
0
0
0
0
0
0
0
0
1
1
1
1
1
1
0.341493
0.171824
0.143109
0.149941
0.153881
0.110418
0.024281
0.000288701
5.08485e-07
1.32716e-09
3.15967e-12
6.44027e-15
1.10943e-17
1.67215e-20
2.28895e-23
2.9581e-26
3.98811e-29
5.96169e-32
1.04114e-34
2.13627e-37
5.06723e-40
1.45132e-42
5.36469e-45
2.52514e-47
1.36833e-49
8.02908e-52
4.68307e-54
2.72893e-56
1.53747e-58
8.55233e-61
4.63535e-63
2.42563e-65
1.27967e-67
6.43101e-70
3.25362e-72
1.58886e-74
7.6417e-77
3.60601e-79
1.65429e-81
7.53284e-84
3.29319e-86
1.42891e-88
5.94348e-91
2.44139e-93
9.75586e-96
3.84842e-98
1.49671e-100
5.76762e-103
2.216e-105
8.48378e-108
3.26566e-110
1.26782e-112
4.9903e-115
2.01172e-117
8.28635e-120
3.52764e-122
1.53984e-124
6.92545e-127
3.18573e-129
1.49415e-131
7.11966e-134
3.42753e-136
1.66598e-138
8.13392e-141
3.99091e-143
1.95884e-145
9.63897e-148
4.73683e-150
2.33556e-152
1.15118e-154
5.70516e-157
2.8283e-159
1.40889e-161
6.99694e-164
2.76845e-166
4.19448e-170
2.10012e-173
2.44321e-176
3.05536e-179
3.44136e-182
3.22662e-185
2.38335e-188
1.43652e-191
7.69912e-195
3.8391e-198
1.82443e-201
8.38273e-205
3.75582e-208
1.64837e-211
7.10094e-215
3.00472e-218
1.24925e-221
5.10514e-225
2.05178e-228
8.11643e-232
3.16306e-235
1.21551e-238
4.60984e-242
1.72675e-245
6.39293e-249
2.34091e-252
8.48364e-256
3.04501e-259
1.08325e-262
3.82207e-266
1.33851e-269
4.65606e-273
1.60973e-276
5.53433e-280
1.89304e-283
6.44453e-287
2.1841e-290
7.37009e-294
2.47639e-297
8.28516e-301
2.7598e-304
9.15126e-308
3.02012e-311
9.91766e-315
3.23853e-318
0
0
0
0
0
0
0
0
0
0
0
0
0
0
0
0
0
0
0
0
0
0
0
0
0
0
0
0
0
0
0
0
0
0
0
0
0
0
0
0
0
0
0
0
0
0
0
0
0
0
0
0
0
0
0
0
0
0
0
0
0
0
0
0
0
0
0
0
0
0
0
0
0
0
0
0
0
0
0
0
0
0
0
0
0
0
0
0
0
0
0
0
0
0
0
0
0
0
0
0
0
0
0
0
0
0
0
0
0
0
0
0
0
0
0
0
0
0
0
0
0
0
0
0
0
0
0
0
0
0
0
0
0
0
0
0
0
0
0
0
0
0
0
0
0
0
0
0
0
0
0
0
0
0
0
0
0
0
0
0
0
0
0
0
0
0
0
0
0
0
0
0
0
0
0
0
0
0
0
0
0
0
0
0
0
0
0
0
0
0
0
0
0
0
0
0
0
0
0
0
0
0
0
0
0
0
0
0
0
0
0
0
0
0
0
0
0
0
0
0
0
0
0
0
0
0
0
0
0
0
0
0
0
0
0
0
0
0
0
0
0
0
0
0
0
0
0
0
0
0
0
0
0
0
0
0
0
0
0
0
0
0
0
0
0
0
0
0
0
0
0
0
0
0
1
1
0.293583
0.168011
0.113836
0.066593
0.021478
0.00843197
0.00600861
0.00688216
0.00682867
0.00359297
0.000295683
9.13286e-07
2.59272e-09
6.54318e-12
1.46698e-14
2.79687e-17
4.66193e-20
6.836e-23
9.44132e-26
1.28777e-28
1.87843e-31
3.19994e-34
6.24471e-37
1.43719e-39
3.91336e-42
1.33014e-44
5.75892e-47
2.98469e-49
1.64204e-51
9.55238e-54
5.41796e-56
3.05601e-58
1.65986e-60
8.94693e-63
4.62152e-65
2.36868e-67
1.18112e-69
5.84228e-72
2.82222e-74
1.34888e-76
6.26399e-79
2.87945e-81
1.28038e-83
5.65594e-86
2.41623e-88
1.01968e-90
4.18899e-93
1.68597e-95
6.69795e-98
2.60876e-100
1.01218e-102
3.87719e-105
1.48768e-107
5.70013e-110
2.20621e-112
8.63587e-115
3.45231e-117
1.41406e-119
5.95444e-122
2.58867e-124
1.15376e-126
5.29003e-129
2.4686e-131
1.17212e-133
5.63616e-136
2.732e-138
1.33509e-140
6.53992e-143
3.2177e-145
1.58103e-147
7.78723e-150
3.82622e-152
1.88633e-154
9.29029e-157
4.59904e-159
2.27641e-161
1.1306e-163
4.89079e-166
6.32299e-170
2.28609e-173
2.53224e-176
3.53298e-179
4.76761e-182
5.84171e-185
5.96105e-188
4.63301e-191
2.90213e-194
1.61057e-197
8.29559e-201
4.06524e-204
1.92308e-207
8.85605e-211
3.98822e-214
1.7602e-217
7.62164e-221
3.23991e-224
1.3531e-227
5.55666e-231
2.24606e-234
8.94543e-238
3.51389e-241
1.36261e-244
5.22043e-248
1.97746e-251
7.41093e-255
2.74973e-258
1.01074e-261
3.68302e-265
1.33112e-268
4.77448e-272
1.70063e-275
6.01782e-279
2.11614e-282
7.39693e-286
2.57068e-289
8.88361e-293
3.05283e-296
1.04326e-299
3.54522e-303
1.19789e-306
4.02414e-310
1.34388e-313
4.46068e-317
1.29445e-320
0
0
0
0
0
0
0
0
0
0
0
0
0
0
0
0
0
0
0
0
0
0
0
0
0
0
0
0
0
0
0
0
0
0
0
0
0
0
0
0
0
0
0
0
0
0
0
0
0
0
0
0
0
0
0
0
0
0
0
0
0
0
0
0
0
0
0
0
0
0
0
0
0
0
0
0
0
0
0
0
0
0
0
0
0
0
0
0
0
0
0
0
0
0
0
0
0
0
0
0
0
0
0
0
0
0
0
0
0
0
0
0
0
0
0
0
0
0
0
0
0
0
0
0
0
0
0
0
0
0
0
0
0
0
0
0
0
0
0
0
0
0
0
0
0
0
0
0
0
0
0
0
0
0
0
0
0
0
0
0
0
0
0
0
0
0
0
0
0
0
0
0
0
0
0
0
0
0
0
0
0
0
0
0
0
0
0
0
0
0
0
0
0
0
0
0
0
0
0
0
0
0
0
0
0
0
0
0
0
0
0
0
0
0
0
0
0
0
0
0
0
0
0
0
0
0
0
0
0
0
0
0
0
0
0
0
0
0
0
0
0
0
0
0
0
0
0
0
0
0
0
0
0
0
0
0
0
0
0
0
0
0
0
0
0
0
0
0
0
0
0
0
0
0
0.089868
0.0482317
0.0191123
0.00871532
0.0036379
0.00106356
0.00027695
9.32706e-05
7.98096e-05
8.29595e-05
6.65916e-05
2.78768e-05
2.14711e-06
4.89517e-09
1.07823e-11
2.37583e-14
4.80428e-17
8.71036e-20
1.40246e-22
2.07793e-25
3.02839e-28
4.50117e-31
7.7248e-34
1.48972e-36
3.41865e-39
9.21725e-42
3.07716e-44
1.2779e-46
6.31098e-49
3.40902e-51
1.92054e-53
1.07774e-55
5.99197e-58
3.26231e-60
1.71739e-62
8.89264e-65
4.42073e-67
2.20553e-69
1.048e-71
5.08728e-74
2.35055e-76
1.09907e-78
4.9409e-81
2.20877e-83
9.6161e-86
4.11663e-88
1.73618e-90
7.13174e-93
2.90933e-95
1.15239e-97
4.5525e-100
1.76052e-102
6.79119e-105
2.60082e-107
9.94633e-110
3.83606e-112
1.4913e-114
5.91558e-117
2.40102e-119
1.00113e-121
4.31195e-124
1.90412e-126
8.66062e-129
4.01363e-131
1.89565e-133
9.06711e-136
4.37915e-138
2.13074e-140
1.04276e-142
5.11035e-145
2.51287e-147
1.23274e-149
6.0551e-152
2.96426e-154
1.45363e-156
7.10745e-159
3.48491e-161
1.70188e-163
7.6184e-166
7.69827e-170
1.45529e-173
1.0211e-176
1.30631e-179
1.73329e-182
2.17804e-185
2.46049e-188
2.19615e-191
1.44707e-194
8.2647e-198
4.34084e-201
2.15823e-204
1.03279e-207
4.80234e-211
2.18121e-214
9.70193e-218
4.23137e-221
1.81093e-224
7.61128e-228
3.14443e-231
1.27821e-234
5.11806e-238
2.02068e-241
7.87388e-245
3.03065e-248
1.15311e-251
4.33996e-255
1.61688e-258
5.9666e-262
2.18223e-265
7.91576e-269
2.84868e-272
1.0178e-275
3.61247e-279
1.27383e-282
4.46422e-286
1.5552e-289
5.38636e-293
1.85484e-296
6.35071e-300
2.1619e-303
7.31676e-307
2.46167e-310
8.23248e-314
2.73613e-317
7.47027e-321
0
0
0
0
0
0
0
0
0
0
0
0
0
0
0
0
0
0
0
0
0
0
0
0
0
0
0
0
0
0
0
0
0
0
0
0
0
0
0
0
0
0
0
0
0
0
0
0
0
0
0
0
0
0
0
0
0
0
0
0
0
0
0
0
0
0
0
0
0
0
0
0
0
0
0
0
0
0
0
0
0
0
0
0
0
0
0
0
0
0
0
0
0
0
0
0
0
0
0
0
0
0
0
0
0
0
0
0
0
0
0
0
0
0
0
0
0
0
0
0
0
0
0
0
0
0
0
0
0
0
0
0
0
0
0
0
0
0
0
0
0
0
0
0
0
0
0
0
0
0
0
0
0
0
0
0
0
0
0
0
0
0
0
0
0
0
0
0
0
0
0
0
0
0
0
0
0
0
0
0
0
0
0
0
0
0
0
0
0
0
0
0
0
0
0
0
0
0
0
0
0
0
0
0
0
0
0
0
0
0
0
0
0
0
0
0
0
0
0
0
0
0
0
0
0
0
0
0
0
0
0
0
0
0
0
0
0
0
0
0
0
0
0
0
0
0
0
0
0
0
0
0
0
0
0
0
0
0
0
0
0
0
0
0
0
0
0
0
0
0
0
0
0
0
0
0.0076467
0.00285349
0.000544603
2.10616e-05
5.68818e-07
1.65852e-08
4.45321e-10
6.59059e-12
9.09446e-14
1.28685e-15
1.99605e-17
2.96289e-19
3.74405e-21
4.50051e-23
6.51047e-36
1.40591e-36
2.12236e-38
2.03144e-40
1.4525e-42
8.77509e-45
4.79667e-47
2.46424e-49
1.20949e-51
5.69839e-54
2.58927e-56
1.12187e-58
4.65626e-61
1.8472e-63
7.04544e-66
2.67127e-68
1.00481e-70
3.92928e-73
1.56346e-75
6.3266e-78
2.552e-80
1.01655e-82
3.96956e-85
1.52312e-87
5.70535e-90
2.1325e-92
7.79076e-95
2.88121e-97
1.06603e-99
4.026e-102
7.18585e-110
1.42804e-111
5.64285e-114
2.043e-116
7.4682e-119
2.86933e-121
1.21222e-123
5.81042e-126
3.19466e-128
1.93009e-130
1.21155e-132
7.58758e-135
4.62245e-137
2.73158e-139
1.5627e-141
8.70515e-144
4.74879e-146
2.54885e-148
1.35127e-150
7.10773e-153
3.70605e-155
1.92829e-157
9.99636e-160
5.18646e-162
2.68637e-164
5.85676e-167
6.03703e-171
1.11682e-173
5.30728e-176
1.557e-179
7.78825e-193
1.39349e-190
4.73086e-193
8.21495e-196
1.04668e-198
1.07709e-201
9.53736e-205
7.62156e-208
5.65458e-211
3.93101e-214
2.63576e-217
1.71142e-220
1.13225e-223
7.79693e-227
5.47485e-230
3.26775e-233
1.53494e-236
6.1314e-240
2.29257e-243
8.30022e-247
2.99778e-250
1.08521e-253
3.96699e-257
1.44981e-260
5.34391e-264
1.976e-267
7.25907e-271
2.70023e-274
9.88272e-278
8.19309e-282
4.05716e-304
5.63841e-302
1.21029e-304
1.36415e-307
1.14475e-310
8.0192e-314
4.98285e-317
2.72082e-320
0
0
0
0
0
0
0
0
0
0
0
0
0
0
0
0
0
0
0
0
0
0
0
0
0
0
0
0
0
0
0
0
0
0
0
0
0
0
0
0
0
0
0
0
0
0
0
0
0
0
0
0
0
0
0
0
0
0
0
0
0
0
0
0
0
0
0
0
0
0
0
0
0
0
0
0
0
0
0
0
0
0
0
0
0
0
0
0
0
0
0
0
0
0
0
0
0
0
0
0
0
0
0
0
0
0
0
0
0
0
0
0
0
0
0
0
0
0
0
0
0
0
0
0
0
0
0
0
0
0
0
0
0
0
0
0
0
0
0
0
0
0
0
0
0
0
0
0
0
0
0
0
0
0
0
0
0
0
0
0
0
0
0
0
0
0
0
0
0
0
0
0
0
0
0
0
0
0
0
0
0
0
0
0
0
0
0
0
0
0
0
0
0
0
0
0
0
0
0
0
0
0
0
0
0
0
0
0
0
0
0
0
0
0
0
0
0
0
0
0
0
0
0
0
0
0
0
0
0
0
0
0
0
0
0
0
0
0
0
0
0
0
0
0
0
0
0
0
0
0
0
0
0
0
0
0
0
0
0
0
0
0
0.104732
0.0547446
0.0114642
0.000541894
2.10811e-05
6.85429e-07
3.48371e-08
3.13547e-10
2.2506e-12
1.65121e-14
1.41161e-16
1.43292e-18
1.53969e-20
1.59338e-22
1.3474e-33
2.87943e-34
4.74699e-36
4.60422e-38
3.14278e-40
1.76099e-42
8.86343e-45
4.26362e-47
1.94615e-49
8.78071e-52
3.88964e-54
1.63213e-56
6.7174e-59
2.60259e-61
9.72692e-64
3.5601e-66
1.33611e-68
5.32694e-71
2.23752e-73
9.48316e-76
3.96804e-78
1.61043e-80
6.33701e-83
2.39062e-85
8.81674e-88
3.21021e-90
1.12851e-92
4.05944e-95
1.41027e-97
4.97028e-100
2.50805e-107
5.05796e-109
1.54219e-111
4.89079e-114
1.67135e-116
5.97458e-119
2.2341e-121
8.73417e-124
3.65626e-126
1.68014e-128
8.48677e-131
4.66382e-133
2.6654e-135
1.54668e-137
8.92095e-140
5.07914e-142
2.87048e-144
1.60152e-146
8.92664e-149
4.93614e-151
2.74142e-153
1.5209e-155
8.53143e-158
4.81393e-160
2.75556e-162
1.57671e-164
8.04875e-168
2.58279e-170
1.31761e-172
6.4012e-176
1.17545e-188
7.47726e-187
2.63325e-189
4.76321e-192
6.22194e-195
6.51072e-198
5.79596e-201
4.6336e-204
3.40159e-207
2.34713e-210
1.54084e-213
9.79946e-217
6.19385e-220
4.00898e-223
2.61863e-226
1.57239e-229
7.94989e-233
3.43555e-236
1.35405e-239
5.14149e-243
1.92771e-246
7.2314e-250
2.71599e-253
1.01976e-256
3.81763e-260
1.4285e-263
5.26774e-267
1.93628e-270
7.07824e-274
9.59766e-278
1.04161e-299
5.01404e-298
1.06449e-300
1.20168e-303
1.01789e-306
7.08001e-310
4.34816e-313
2.42334e-316
1.23847e-319
0
0
0
0
0
0
0
0
0
0
0
0
0
0
0
0
0
0
0
0
0
0
0
0
0
0
0
0
0
0
0
0
0
0
0
0
0
0
0
0
0
0
0
0
0
0
0
0
0
0
0
0
0
0
0
0
0
0
0
0
0
0
0
0
0
0
0
0
0
0
0
0
0
0
0
0
0
0
0
0
0
0
0
0
0
0
0
0
0
0
0
0
0
0
0
0
0
0
0
0
0
0
0
0
0
0
0
0
0
0
0
0
0
0
0
0
0
0
0
0
0
0
0
0
0
0
0
0
0
0
0
0
0
0
0
0
0
0
0
0
0
0
0
0
0
0
0
0
0
0
0
0
0
0
0
0
0
0
0
0
0
0
0
0
0
0
0
0
0
0
0
0
0
0
0
0
0
0
0
0
0
0
0
0
0
0
0
0
0
0
0
0
0
0
0
0
0
0
0
0
0
0
0
0
0
0
0
0
0
0
0
0
0
0
0
0
0
0
0
0
0
0
0
0
0
0
0
0
0
0
0
0
0
0
0
0
0
0
0
0
0
0
0
0
0
0
0
0
0
0
0
0
0
0
0
0
0
0
0
0
0
0.285353
0.214433
0.111434
0.0307707
0.00416826
7.51451e-05
8.69778e-06
4.9306e-08
1.35787e-10
2.3813e-13
4.08489e-16
5.55419e-19
1.17913e-21
6.63548e-24
5.96739e-31
1.28806e-31
2.26962e-33
2.25306e-35
1.48099e-37
7.71711e-40
3.43475e-42
1.48094e-44
6.11616e-47
2.46595e-49
1.04827e-51
3.98193e-54
1.61059e-56
5.7454e-59
2.03856e-61
6.75712e-64
2.40746e-66
9.28587e-69
4.12504e-71
1.77352e-73
7.67718e-76
3.13326e-78
1.20962e-80
4.37104e-83
1.55178e-85
5.19692e-88
1.72761e-90
6.05303e-93
1.93154e-95
6.22937e-98
9.4377e-105
1.92081e-106
3.72824e-109
1.18651e-111
4.24429e-114
1.51423e-116
5.49624e-119
1.97079e-121
7.33924e-124
2.73426e-126
1.07527e-128
4.2499e-131
1.78642e-133
7.58229e-136
3.40555e-138
1.55537e-140
7.47653e-143
3.73236e-145
1.98273e-147
1.10605e-149
6.57252e-152
4.07348e-154
2.66975e-156
1.79721e-158
1.25324e-160
8.80974e-163
6.21091e-165
4.03782e-167
1.86395e-169
8.72476e-173
1.48754e-184
2.14882e-183
7.19155e-186
1.27879e-188
1.62697e-191
1.65787e-194
1.43596e-197
1.10996e-200
7.8393e-204
5.18243e-207
3.23594e-210
1.93839e-213
1.12872e-216
6.51616e-220
3.70064e-223
1.98244e-226
9.54599e-230
4.19814e-233
1.76406e-236
7.32056e-240
3.01566e-243
1.2316e-246
4.959e-250
1.96642e-253
7.65143e-257
2.92793e-260
1.09069e-263
3.96306e-267
1.41125e-270
1.859e-274
2.34361e-295
2.46957e-294
4.77817e-297
5.10058e-300
4.0843e-303
2.70449e-306
1.57675e-309
8.37111e-313
4.11612e-316
1.90028e-319
0
0
0
0
0
0
0
0
0
0
0
0
0
0
0
0
0
0
0
0
0
0
0
0
0
0
0
0
0
0
0
0
0
0
0
0
0
0
0
0
0
0
0
0
0
0
0
0
0
0
0
0
0
0
0
0
0
0
0
0
0
0
0
0
0
0
0
0
0
0
0
0
0
0
0
0
0
0
0
0
0
0
0
0
0
0
0
0
0
0
0
0
0
0
0
0
0
0
0
0
0
0
0
0
0
0
0
0
0
0
0
0
0
0
0
0
0
0
0
0
0
0
0
0
0
0
0
0
0
0
0
0
0
0
0
0
0
0
0
0
0
0
0
0
0
0
0
0
0
0
0
0
0
0
0
0
0
0
0
0
0
0
0
0
0
0
0
0
0
0
0
0
0
0
0
0
0
0
0
0
0
0
0
0
0
0
0
0
0
0
0
0
0
0
0
0
0
0
0
0
0
0
0
0
0
0
0
0
0
0
0
0
0
0
0
0
0
0
0
0
0
0
0
0
0
0
0
0
0
0
0
0
0
0
0
0
0
0
0
0
0
0
0
0
0
0
0
0
0
0
0
0
0
0
0
0
0
0
0
0
1
1
1
0.339599
0.120967
0.0411078
0.0108093
0.000122125
3.12445e-07
3.80642e-10
4.67371e-13
6.16096e-16
6.01026e-19
4.46877e-22
2.1428e-27
4.05931e-28
7.40346e-30
8.21141e-32
5.8801e-34
3.19684e-36
1.4784e-38
6.47287e-41
2.68712e-43
1.12196e-45
4.66776e-48
1.86606e-50
7.38529e-53
2.75295e-55
9.58533e-58
3.16986e-60
1.04463e-62
3.62357e-65
1.58246e-67
6.73613e-70
3.06791e-72
1.29677e-74
5.16184e-77
1.97983e-79
6.81351e-82
2.24793e-84
7.26042e-87
2.28979e-89
7.56957e-92
2.32319e-94
5.70985e-101
1.09414e-102
2.12836e-105
6.75208e-108
2.36491e-110
8.4019e-113
2.96565e-115
1.04772e-117
3.74827e-120
1.35989e-122
5.10631e-125
1.9529e-127
7.83369e-130
3.16902e-132
1.35326e-134
5.78888e-137
2.59303e-139
1.1722e-141
5.51447e-144
2.66452e-146
1.35206e-148
7.17522e-151
4.05933e-153
2.40066e-155
1.50636e-157
9.83031e-160
6.66183e-162
4.60042e-164
3.2375e-166
2.266e-169
2.14543e-180
5.4338e-180
1.68895e-182
2.89714e-185
3.58396e-188
3.55831e-191
3.01336e-194
2.26735e-197
1.56025e-200
1.00203e-203
6.08641e-207
3.52509e-210
1.95575e-213
1.0424e-216
5.34894e-220
2.64834e-223
1.26809e-226
5.88651e-230
2.6552e-233
1.16631e-236
4.99782e-240
2.09253e-243
8.5704e-247
3.43741e-250
1.35127e-253
5.21118e-257
1.97325e-260
7.34284e-264
2.63517e-267
4.53193e-271
5.90796e-291
1.10818e-290
1.93464e-293
1.91615e-296
1.43002e-299
8.94882e-303
4.95478e-306
2.50542e-309
1.18107e-312
5.26546e-316
2.23234e-319
0
0
0
0
0
0
0
0
0
0
0
0
0
0
0
0
0
0
0
0
0
0
0
0
0
0
0
0
0
0
0
0
0
0
0
0
0
0
0
0
0
0
0
0
0
0
0
0
0
0
0
0
0
0
0
0
0
0
0
0
0
0
0
0
0
0
0
0
0
0
0
0
0
0
0
0
0
0
0
0
0
0
0
0
0
0
0
0
0
0
0
0
0
0
0
0
0
0
0
0
0
0
0
0
0
0
0
0
0
0
0
0
0
0
0
0
0
0
0
0
0
0
0
0
0
0
0
0
0
0
0
0
0
0
0
0
0
0
0
0
0
0
0
0
0
0
0
0
0
0
0
0
0
0
0
0
0
0
0
0
0
0
0
0
0
0
0
0
0
0
0
0
0
0
0
0
0
0
0
0
0
0
0
0
0
0
0
0
0
0
0
0
0
0
0
0
0
0
0
0
0
0
0
0
0
0
0
0
0
0
0
0
0
0
0
0
0
0
0
0
0
0
0
0
0
0
0
0
0
0
0
0
0
0
0
0
0
0
0
0
0
0
0
0
0
0
0
0
0
0
0
0
0
0
0
0
0
0
0
1
1
1
1
1
0.424276
0.176336
0.0391979
0.00117331
1.07957e-06
1.12411e-09
1.37032e-12
1.49163e-15
1.13644e-18
3.88939e-24
6.36561e-25
1.14782e-26
1.47148e-28
1.23671e-30
7.43289e-33
3.72426e-35
1.72437e-37
7.57779e-40
3.29631e-42
1.43048e-44
6.05859e-47
2.50795e-49
9.86196e-52
3.66712e-54
1.24773e-56
4.06888e-59
1.30483e-61
5.28266e-64
2.20724e-66
1.02674e-68
4.4874e-71
1.89096e-73
7.68282e-76
2.78058e-78
9.52864e-81
3.04357e-83
9.80823e-86
3.10037e-88
9.30435e-91
2.59119e-97
4.71484e-99
1.01204e-101
3.22075e-104
1.13655e-106
4.0159e-109
1.42079e-111
4.94556e-114
1.74843e-116
6.19442e-119
2.26453e-121
8.42004e-124
3.2653e-126
1.28593e-128
5.31153e-131
2.20924e-133
9.58297e-136
4.15802e-138
1.86417e-140
8.39517e-143
3.90338e-145
1.84569e-147
9.1245e-150
4.62516e-152
2.48056e-154
1.37713e-156
8.11768e-159
4.94026e-161
3.19014e-163
7.91088e-166
3.72976e-176
1.14388e-176
2.92885e-179
4.50013e-182
5.17005e-185
4.82705e-188
3.85517e-191
2.73408e-194
1.77139e-197
1.07139e-200
6.14295e-204
3.37261e-207
1.78295e-210
9.10237e-214
4.49392e-217
2.14822e-220
9.95599e-224
4.4812e-227
1.96244e-230
8.3781e-234
3.49267e-237
1.42399e-240
5.68427e-244
2.22386e-247
8.53318e-251
3.21376e-254
1.18875e-257
4.32158e-261
1.51641e-264
2.61057e-268
1.48973e-286
4.1537e-287
6.00424e-290
5.1389e-293
3.39317e-296
1.90905e-299
9.61579e-303
4.46354e-306
1.94552e-309
8.06711e-313
3.21225e-316
1.22291e-319
0
0
0
0
0
0
0
0
0
0
0
0
0
0
0
0
0
0
0
0
0
0
0
0
0
0
0
0
0
0
0
0
0
0
0
0
0
0
0
0
0
0
0
0
0
0
0
0
0
0
0
0
0
0
0
0
0
0
0
0
0
0
0
0
0
0
0
0
0
0
0
0
0
0
0
0
0
0
0
0
0
0
0
0
0
0
0
0
0
0
0
0
0
0
0
0
0
0
0
0
0
0
0
0
0
0
0
0
0
0
0
0
0
0
0
0
0
0
0
0
0
0
0
0
0
0
0
0
0
0
0
0
0
0
0
0
0
0
0
0
0
0
0
0
0
0
0
0
0
0
0
0
0
0
0
0
0
0
0
0
0
0
0
0
0
0
0
0
0
0
0
0
0
0
0
0
0
0
0
0
0
0
0
0
0
0
0
0
0
0
0
0
0
0
0
0
0
0
0
0
0
0
0
0
0
0
0
0
0
0
0
0
0
0
0
0
0
0
0
0
0
0
0
0
0
0
0
0
0
0
0
0
0
0
0
0
0
0
0
0
0
0
0
0
0
0
0
0
0
0
0
0
0
0
0
0
0
0
1
1
1
1
1
1
1
0.383216
0.061103
0.00206305
1.92388e-06
2.27289e-09
2.73674e-12
2.2426e-15
3.15943e-21
4.0609e-22
6.45776e-24
9.66861e-26
1.03956e-27
7.49119e-30
4.21711e-32
2.14333e-34
1.01166e-36
4.73059e-39
2.11894e-41
9.64728e-44
4.22231e-46
1.76501e-48
7.10429e-51
2.54939e-53
8.62635e-56
2.67464e-58
9.6059e-61
3.95231e-63
1.82125e-65
8.0772e-68
3.54972e-70
1.48684e-72
5.7916e-75
2.08549e-77
6.93481e-80
2.27667e-82
7.14543e-85
2.13322e-87
6.05847e-94
1.01717e-95
2.43997e-98
8.00564e-101
2.84894e-103
1.01678e-105
3.58848e-108
1.25698e-110
4.35768e-113
1.53967e-115
5.43887e-118
1.99757e-120
7.4352e-123
2.87882e-125
1.14753e-127
4.69177e-130
1.98637e-132
8.46739e-135
3.71845e-137
1.63241e-139
7.33319e-142
3.31234e-144
1.53223e-146
7.19458e-149
3.4911e-151
1.73693e-153
9.03926e-156
4.87546e-158
2.79849e-160
1.05583e-162
8.87859e-172
2.52618e-173
4.82625e-176
6.26481e-179
6.53829e-182
5.7085e-185
4.30145e-188
2.88149e-191
1.761e-194
1.00329e-197
5.41978e-201
2.81022e-204
1.40919e-207
6.86007e-211
3.24652e-214
1.49424e-217
6.69074e-221
2.91674e-224
1.23932e-227
5.14008e-231
2.08397e-234
8.27119e-238
3.21725e-241
1.22758e-244
4.59781e-248
1.69137e-251
6.11392e-255
2.17265e-258
7.46187e-262
1.2867e-265
3.71516e-282
1.54253e-283
1.77488e-286
1.2821e-289
7.3724e-293
3.68722e-296
1.67535e-299
7.09274e-303
2.84379e-306
1.09213e-309
4.05048e-313
1.45984e-316
5.02514e-320
0
0
0
0
0
0
0
0
0
0
0
0
0
0
0
0
0
0
0
0
0
0
0
0
0
0
0
0
0
0
0
0
0
0
0
0
0
0
0
0
0
0
0
0
0
0
0
0
0
0
0
0
0
0
0
0
0
0
0
0
0
0
0
0
0
0
0
0
0
0
0
0
0
0
0
0
0
0
0
0
0
0
0
0
0
0
0
0
0
0
0
0
0
0
0
0
0
0
0
0
0
0
0
0
0
0
0
0
0
0
0
0
0
0
0
0
0
0
0
0
0
0
0
0
0
0
0
0
0
0
0
0
0
0
0
0
0
0
0
0
0
0
0
0
0
0
0
0
0
0
0
0
0
0
0
0
0
0
0
0
0
0
0
0
0
0
0
0
0
0
0
0
0
0
0
0
0
0
0
0
0
0
0
0
0
0
0
0
0
0
0
0
0
0
0
0
0
0
0
0
0
0
0
0
0
0
0
0
0
0
0
0
0
0
0
0
0
0
0
0
0
0
0
0
0
0
0
0
0
0
0
0
0
0
0
0
0
0
0
0
0
0
0
0
0
0
0
0
0
0
0
0
0
0
0
0
0
1
1
1
1
1
1
1
1
0.502912
0.0693964
0.00169416
2.16145e-06
3.04616e-09
2.75953e-12
1.28186e-18
1.22335e-19
1.46073e-21
2.2724e-23
3.23871e-25
3.11285e-27
2.10691e-29
1.2107e-31
6.35966e-34
3.20331e-36
1.54746e-38
7.40156e-41
3.49458e-43
1.56767e-45
6.89632e-48
2.68877e-50
9.92234e-53
3.13227e-55
1.01591e-57
4.02259e-60
1.83177e-62
8.24586e-65
3.76284e-67
1.60934e-69
6.66169e-72
2.54599e-74
8.96649e-77
3.03363e-79
9.63587e-82
2.93169e-84
7.80107e-91
1.12759e-92
3.15421e-95
1.08243e-97
3.98148e-100
1.44293e-102
5.16605e-105
1.81902e-107
6.33385e-110
2.21656e-112
7.7519e-115
2.78677e-117
1.01219e-119
3.82319e-122
1.47825e-124
5.9261e-127
2.44736e-129
1.03102e-131
4.45844e-134
1.9365e-136
8.58268e-139
3.80284e-141
1.71337e-143
7.75427e-146
3.57128e-148
1.67332e-150
8.05069e-153
3.99659e-155
2.07547e-157
9.71928e-160
2.25197e-167
5.90171e-170
7.84493e-173
7.85364e-176
7.11327e-179
5.72151e-182
4.05559e-185
2.56944e-188
1.48471e-191
7.98175e-195
4.0623e-198
1.985e-201
9.40497e-205
4.34559e-208
1.96263e-211
8.66626e-215
3.73953e-218
1.57632e-221
6.49226e-225
2.61451e-228
1.03059e-231
3.98102e-235
1.50863e-238
5.61349e-242
2.05223e-245
7.37496e-249
2.60608e-252
9.05754e-256
3.04611e-259
5.27865e-263
9.28628e-278
5.72097e-280
4.93049e-283
2.91268e-286
1.43015e-289
6.27376e-293
2.54685e-296
9.76369e-300
3.58126e-303
1.26829e-306
4.36571e-310
1.46812e-313
4.84248e-317
1.46836e-320
0
0
0
0
0
0
0
0
0
0
0
0
0
0
0
0
0
0
0
0
0
0
0
0
0
0
0
0
0
0
0
0
0
0
0
0
0
0
0
0
0
0
0
0
0
0
0
0
0
0
0
0
0
0
0
0
0
0
0
0
0
0
0
0
0
0
0
0
0
0
0
0
0
0
0
0
0
0
0
0
0
0
0
0
0
0
0
0
0
0
0
0
0
0
0
0
0
0
0
0
0
0
0
0
0
0
0
0
0
0
0
0
0
0
0
0
0
0
0
0
0
0
0
0
0
0
0
0
0
0
0
0
0
0
0
0
0
0
0
0
0
0
0
0
0
0
0
0
0
0
0
0
0
0
0
0
0
0
0
0
0
0
0
0
0
0
0
0
0
0
0
0
0
0
0
0
0
0
0
0
0
0
0
0
0
0
0
0
0
0
0
0
0
0
0
0
0
0
0
0
0
0
0
0
0
0
0
0
0
0
0
0
0
0
0
0
0
0
0
0
0
0
0
0
0
0
0
0
0
0
0
0
0
0
0
0
0
0
0
0
0
0
0
0
0
0
0
0
0
0
0
0
0
0
0
0
1
1
1
1
1
1
1
1
1
0.424476
0.0608864
0.00102203
2.18523e-06
2.31914e-09
3.53215e-16
2.34601e-17
1.87106e-19
2.22559e-21
3.71502e-23
5.42548e-25
4.69353e-27
3.11719e-29
1.78272e-31
9.85084e-34
5.09902e-36
2.51151e-38
1.27077e-40
5.94044e-43
2.82888e-45
1.20433e-47
4.9767e-50
1.66645e-52
5.11989e-55
1.9022e-57
8.56647e-60
3.92847e-62
1.82136e-64
8.01945e-67
3.44319e-69
1.37475e-71
5.20196e-74
1.83371e-76
6.13123e-79
1.93507e-81
4.82297e-88
4.80189e-90
1.7777e-92
6.76114e-95
2.58127e-97
9.58995e-100
3.47106e-102
1.23506e-104
4.30196e-107
1.50417e-109
5.20654e-112
1.84316e-114
6.56109e-117
2.41316e-119
9.0797e-122
3.54559e-124
1.42787e-126
5.91656e-129
2.51986e-131
1.08656e-133
4.78019e-136
2.10542e-138
9.40362e-141
4.19046e-143
1.88398e-145
8.54298e-148
3.91444e-150
1.84461e-152
8.8818e-155
4.34837e-157
2.80685e-164
1.26421e-166
1.15854e-169
8.40271e-173
6.23339e-176
4.50796e-179
2.98213e-182
1.7845e-185
9.76236e-189
4.9622e-192
2.38235e-195
1.09642e-198
4.8953e-202
2.13774e-205
9.16932e-209
3.86708e-212
1.60239e-215
6.51536e-219
2.59713e-222
1.01468e-225
3.88686e-229
1.46095e-232
5.39292e-236
1.95664e-239
6.98185e-243
2.4512e-246
8.46931e-250
2.88016e-253
9.51064e-257
1.74302e-260
2.28413e-273
2.04167e-276
1.20065e-279
5.56614e-283
2.27989e-286
8.64336e-290
3.10335e-293
1.06954e-296
3.56955e-300
1.16093e-303
3.69675e-307
1.15683e-310
3.56823e-314
1.08741e-317
2.49009e-321
0
0
0
0
0
0
0
0
0
0
0
0
0
0
0
0
0
0
0
0
0
0
0
0
0
0
0
0
0
0
0
0
0
0
0
0
0
0
0
0
0
0
0
0
0
0
0
0
0
0
0
0
0
0
0
0
0
0
0
0
0
0
0
0
0
0
0
0
0
0
0
0
0
0
0
0
0
0
0
0
0
0
0
0
0
0
0
0
0
0
0
0
0
0
0
0
0
0
0
0
0
0
0
0
0
0
0
0
0
0
0
0
0
0
0
0
0
0
0
0
0
0
0
0
0
0
0
0
0
0
0
0
0
0
0
0
0
0
0
0
0
0
0
0
0
0
0
0
0
0
0
0
0
0
0
0
0
0
0
0
0
0
0
0
0
0
0
0
0
0
0
0
0
0
0
0
0
0
0
0
0
0
0
0
0
0
0
0
0
0
0
0
0
0
0
0
0
0
0
0
0
0
0
0
0
0
0
0
0
0
0
0
0
0
0
0
0
0
0
0
0
0
0
0
0
0
0
0
0
0
0
0
0
0
0
0
0
0
0
0
0
0
0
0
0
0
0
0
0
0
0
0
0
0
0
1
1
1
1
1
1
1
1
1
1
1
0.0890059
0.00208978
3.24921e-06
5.9585e-09
1.98891e-11
1.11966e-13
8.39681e-16
1.19365e-17
1.59918e-19
1.38751e-21
8.38763e-24
4.50716e-26
2.42878e-28
1.35924e-30
8.07827e-33
5.01214e-35
3.13045e-37
1.99927e-39
1.25219e-41
7.77054e-44
4.66684e-46
2.74449e-48
1.52503e-50
8.26039e-53
4.25216e-55
2.10836e-57
1.0114e-59
4.75653e-62
2.15143e-64
9.51808e-67
3.97857e-69
1.59631e-71
6.02031e-74
2.1628e-76
7.30971e-79
2.90391e-81
1.44313e-83
1.85962e-85
1.09402e-87
5.52263e-90
2.32725e-92
9.4003e-95
3.5734e-97
1.31589e-99
4.7443e-102
1.66548e-104
5.80847e-107
2.02391e-109
6.97908e-112
2.49742e-114
8.80888e-117
3.30231e-119
1.23121e-121
4.90239e-124
1.96742e-126
8.28202e-129
3.52234e-131
1.54843e-133
6.77424e-136
3.05513e-138
1.347e-140
6.06782e-143
2.69316e-145
1.20679e-147
5.47644e-150
2.49346e-152
1.18371e-154
5.55472e-157
2.57553e-159
1.13676e-161
5.02029e-164
1.66463e-166
7.14108e-170
3.98865e-173
2.55242e-176
1.56302e-179
8.78442e-183
4.54022e-186
2.18248e-189
9.89431e-193
4.29051e-196
1.80271e-199
7.41545e-203
3.00662e-206
1.20507e-209
4.77404e-213
1.86622e-216
7.18433e-220
2.71978e-223
1.0119e-226
3.70021e-230
1.33049e-233
4.70721e-237
1.6396e-240
5.62468e-244
1.90083e-247
6.32855e-251
2.07547e-254
6.52942e-258
1.13456e-261
5.98806e-266
1.52554e-269
6.04873e-273
2.25009e-276
7.88172e-280
2.64264e-283
8.56581e-287
2.70203e-290
8.33445e-294
2.52305e-297
7.51831e-301
2.21077e-304
6.42868e-308
1.85208e-311
5.29488e-315
1.50272e-318
0
0
0
0
0
0
0
0
0
0
0
0
0
0
0
0
0
0
0
0
0
0
0
0
0
0
0
0
0
0
0
0
0
0
0
0
0
0
0
0
0
0
0
0
0
0
0
0
0
0
0
0
0
0
0
0
0
0
0
0
0
0
0
0
0
0
0
0
0
0
0
0
0
0
0
0
0
0
0
0
0
0
0
0
0
0
0
0
0
0
0
0
0
0
0
0
0
0
0
0
0
0
0
0
0
0
0
0
0
0
0
0
0
0
0
0
0
0
0
0
0
0
0
0
0
0
0
0
0
0
0
0
0
0
0
0
0
0
0
0
0
0
0
0
0
0
0
0
0
0
0
0
0
0
0
0
0
0
0
0
0
0
0
0
0
0
0
0
0
0
0
0
0
0
0
0
0
0
0
0
0
0
0
0
0
0
0
0
0
0
0
0
0
0
0
0
0
0
0
0
0
0
0
0
0
0
0
0
0
0
0
0
0
0
0
0
0
0
0
0
0
0
0
0
0
0
0
0
0
0
0
0
0
0
0
0
0
0
0
0
0
0
0
0
0
0
0
0
0
0
0
0
0
0
0
0
0
0
0
0
0
0
0
0
0
0
0
0
0
0
0
0
0
1
1
1
1
1
1
1
1
1
1
1
0.637662
0.0784422
0.00331083
4.54638e-06
8.65455e-09
4.01012e-11
1.88634e-13
8.00309e-16
2.75492e-18
9.03993e-21
3.18501e-23
1.24593e-25
5.36159e-28
2.57626e-30
1.38419e-32
8.32877e-35
5.41756e-37
3.7373e-39
2.60691e-41
1.82022e-43
1.24799e-45
8.29442e-48
5.40166e-50
3.36072e-52
2.06995e-54
1.21963e-56
7.15704e-59
4.01694e-61
2.24827e-63
1.20289e-65
6.34442e-68
3.22631e-70
1.59988e-72
7.67311e-75
3.56326e-77
1.68461e-79
7.79534e-82
3.52484e-84
1.54028e-86
6.62117e-89
2.77253e-91
1.14631e-93
4.66652e-96
1.87237e-98
7.46127e-101
2.93468e-103
1.15145e-105
4.51165e-108
1.77219e-110
7.05298e-113
2.83918e-115
1.16974e-117
4.92211e-120
2.12302e-122
9.37201e-125
4.21465e-127
1.92953e-129
8.92606e-132
4.17186e-134
1.95813e-136
9.23528e-139
4.35668e-141
2.06072e-143
9.73834e-146
4.6179e-148
2.19296e-150
1.04777e-152
5.03264e-155
2.42061e-157
1.1536e-159
5.44781e-162
2.53049e-164
6.12314e-167
1.9995e-170
8.88146e-174
4.53703e-177
2.30772e-180
1.1082e-183
4.99769e-187
2.13219e-190
8.69887e-194
3.43412e-197
1.32672e-200
5.06144e-204
1.91718e-207
7.22171e-211
2.70175e-214
1.0012e-217
3.66528e-221
1.32307e-224
4.70472e-228
1.6477e-231
5.68491e-235
1.93311e-238
6.4808e-242
2.14256e-245
6.98509e-249
2.24545e-252
7.11507e-256
2.18979e-259
6.53411e-263
1.95111e-266
5.84113e-270
1.72536e-273
5.03051e-277
1.4487e-280
4.12401e-284
1.16146e-287
3.23915e-291
8.95391e-295
2.45573e-298
6.68918e-302
1.81146e-305
4.88185e-309
1.31055e-312
3.50771e-316
9.29486e-320
0
0
0
0
0
0
0
0
0
0
0
0
0
0
0
0
0
0
0
0
0
0
0
0
0
0
0
0
0
0
0
0
0
0
0
0
0
0
0
0
0
0
0
0
0
0
0
0
0
0
0
0
0
0
0
0
0
0
0
0
0
0
0
0
0
0
0
0
0
0
0
0
0
0
0
0
0
0
0
0
0
0
0
0
0
0
0
0
0
0
0
0
0
0
0
0
0
0
0
0
0
0
0
0
0
0
0
0
0
0
0
0
0
0
0
0
0
0
0
0
0
0
0
0
0
0
0
0
0
0
0
0
0
0
0
0
0
0
0
0
0
0
0
0
0
0
0
0
0
0
0
0
0
0
0
0
0
0
0
0
0
0
0
0
0
0
0
0
0
0
0
0
0
0
0
0
0
0
0
0
0
0
0
0
0
0
0
0
0
0
0
0
0
0
0
0
0
0
0
0
0
0
0
0
0
0
0
0
0
0
0
0
0
0
0
0
0
0
0
0
0
0
0
0
0
0
0
0
0
0
0
0
0
0
0
0
0
0
0
0
0
0
0
0
0
0
0
0
0
0
0
0
0
0
0
0
0
0
0
0
0
0
0
0
0
0
0
0
0
0
0
0
1
1
1
1
1
1
1
1
1
1
1
1
0.259447
0.0269464
8.64478e-05
2.80381e-07
8.71327e-10
2.37275e-12
5.65189e-15
1.20646e-17
2.55921e-20
6.04445e-23
1.66139e-25
5.30709e-28
1.86184e-30
7.06698e-33
2.90659e-35
1.34285e-37
7.16879e-40
4.24948e-42
2.69489e-44
1.75588e-46
1.14085e-48
7.30687e-51
4.52594e-53
2.78691e-55
1.64154e-57
9.68705e-60
5.45036e-62
3.07575e-64
1.66248e-66
9.11737e-69
4.80204e-71
2.56877e-73
1.34429e-75
7.16681e-78
3.36882e-80
1.52913e-82
6.59142e-85
2.78156e-87
1.15753e-89
4.72652e-92
1.90545e-94
7.54565e-97
2.94966e-99
1.13976e-101
4.3655e-104
1.66876e-106
6.37318e-109
2.45558e-111
9.57057e-114
3.80036e-116
1.54654e-118
6.456e-121
2.77538e-123
1.22538e-125
5.54339e-128
2.56194e-130
1.20198e-132
5.71696e-135
2.73749e-137
1.32069e-139
6.37629e-142
3.08924e-144
1.49363e-146
7.23919e-149
3.50534e-151
1.70343e-153
8.29206e-156
4.05101e-158
1.98233e-160
9.7075e-163
4.67953e-165
2.52317e-168
1.87517e-171
1.29454e-174
7.37612e-178
3.64619e-181
1.64295e-184
6.96091e-188
2.84215e-191
1.13954e-194
4.53837e-198
1.80152e-201
7.11058e-205
2.77725e-208
1.06883e-211
4.04314e-215
1.50234e-218
5.48721e-222
1.97234e-225
6.98549e-229
2.4398e-232
8.40667e-236
2.85748e-239
9.57848e-243
3.16501e-246
1.03054e-249
3.30589e-253
1.04484e-256
3.25288e-260
9.98321e-264
3.02361e-267
9.04069e-271
2.67067e-274
7.8006e-278
2.25472e-281
6.45476e-285
1.83176e-288
5.15753e-292
1.44209e-295
4.00796e-299
1.10826e-302
3.05175e-306
8.3758e-310
2.29305e-313
6.26574e-317
1.63931e-320
0
0
0
0
0
0
0
0
0
0
0
0
0
0
0
0
0
0
0
0
0
0
0
0
0
0
0
0
0
0
0
0
0
0
0
0
0
0
0
0
0
0
0
0
0
0
0
0
0
0
0
0
0
0
0
0
0
0
0
0
0
0
0
0
0
0
0
0
0
0
0
0
0
0
0
0
0
0
0
0
0
0
0
0
0
0
0
0
0
0
0
0
0
0
0
0
0
0
0
0
0
0
0
0
0
0
0
0
0
0
0
0
0
0
0
0
0
0
0
0
0
0
0
0
0
0
0
0
0
0
0
0
0
0
0
0
0
0
0
0
0
0
0
0
0
0
0
0
0
0
0
0
0
0
0
0
0
0
0
0
0
0
0
0
0
0
0
0
0
0
0
0
0
0
0
0
0
0
0
0
0
0
0
0
0
0
0
0
0
0
0
0
0
0
0
0
0
0
0
0
0
0
0
0
0
0
0
0
0
0
0
0
0
0
0
0
0
0
0
0
0
0
0
0
0
0
0
0
0
0
0
0
0
0
0
0
0
0
0
0
0
0
0
0
0
0
0
0
0
0
0
0
0
0
0
0
0
0
0
0
0
0
0
0
0
0
0
0
0
0
0
0
1
1
1
1
1
1
1
1
1
1
1
1
0.262209
0.031128
0.000123839
4.27181e-07
1.2688e-09
3.16245e-12
6.54303e-15
1.19835e-17
2.01096e-20
3.51187e-23
6.57799e-26
1.45126e-28
3.66991e-31
1.04236e-33
3.19108e-36
1.0477e-38
3.84724e-41
1.66932e-43
8.40113e-46
4.78926e-48
2.87722e-50
1.75124e-52
1.0467e-54
6.28159e-57
3.56231e-59
2.06171e-61
1.12249e-63
6.19545e-66
3.25539e-68
1.71023e-70
8.63662e-73
4.3335e-75
2.11035e-77
1.02548e-79
4.79602e-82
2.1754e-84
9.40347e-87
3.97299e-89
1.63977e-91
6.66195e-94
2.65334e-96
1.04427e-98
4.06563e-101
1.5688e-103
6.03796e-106
2.31811e-108
8.95739e-111
3.4961e-113
1.38765e-115
5.63361e-118
2.34647e-120
1.00526e-122
4.432e-125
2.00263e-127
9.25693e-130
4.35232e-132
2.07428e-134
9.98666e-137
4.83793e-139
2.35713e-141
1.1498e-143
5.6284e-146
2.75345e-148
1.35214e-150
6.64253e-153
3.28142e-155
1.62328e-157
8.06511e-160
4.01206e-162
1.9954e-164
3.2971e-167
9.0922e-171
7.82356e-174
6.5928e-177
4.55182e-180
2.57663e-183
1.29435e-186
6.02612e-190
2.66711e-193
1.14152e-196
4.77795e-200
1.9681e-203
7.99731e-207
3.20568e-210
1.26627e-213
4.92419e-217
1.8842e-220
7.09473e-224
2.62999e-227
9.60379e-231
3.45651e-234
1.22664e-237
4.29326e-241
1.48219e-244
5.04789e-248
1.69613e-251
5.62412e-255
1.84101e-258
5.95163e-262
1.90152e-265
6.00951e-269
1.88012e-272
5.82797e-276
1.79168e-279
5.46825e-283
1.6585e-286
5.00373e-290
1.50321e-293
4.50089e-297
1.34432e-300
4.00818e-304
1.19366e-307
3.55191e-311
1.05618e-314
3.13612e-318
7.90505e-323
0
0
0
0
0
0
0
0
0
0
0
0
0
0
0
0
0
0
0
0
0
0
0
0
0
0
0
0
0
0
0
0
0
0
0
0
0
0
0
0
0
0
0
0
0
0
0
0
0
0
0
0
0
0
0
0
0
0
0
0
0
0
0
0
0
0
0
0
0
0
0
0
0
0
0
0
0
0
0
0
0
0
0
0
0
0
0
0
0
0
0
0
0
0
0
0
0
0
0
0
0
0
0
0
0
0
0
0
0
0
0
0
0
0
0
0
0
0
0
0
0
0
0
0
0
0
0
0
0
0
0
0
0
0
0
0
0
0
0
0
0
0
0
0
0
0
0
0
0
0
0
0
0
0
0
0
0
0
0
0
0
0
0
0
0
0
0
0
0
0
0
0
0
0
0
0
0
0
0
0
0
0
0
0
0
0
0
0
0
0
0
0
0
0
0
0
0
0
0
0
0
0
0
0
0
0
0
0
0
0
0
0
0
0
0
0
0
0
0
0
0
0
0
0
0
0
0
0
0
0
0
0
0
0
0
0
0
0
0
0
0
0
0
0
0
0
0
0
0
0
0
0
0
0
0
0
0
0
0
0
0
0
0
0
0
0
0
0
0
0
0
0
1
1
1
1
1
1
1
1
1
1
1
1
0.188462
0.0165835
4.7078e-05
1.17066e-07
2.53805e-10
4.85738e-13
8.37042e-16
1.32204e-18
2.01349e-21
2.98852e-24
4.67867e-27
7.85119e-30
1.46519e-32
3.01712e-35
6.91581e-38
1.78705e-40
5.64264e-43
2.31918e-45
1.17376e-47
6.64945e-50
3.98381e-52
2.34518e-54
1.3807e-56
7.93583e-59
4.39736e-61
2.45194e-63
1.29642e-65
6.93282e-68
3.54639e-70
1.80219e-72
8.91062e-75
4.30491e-77
2.05052e-79
9.52635e-82
4.33648e-84
1.90647e-86
8.12143e-89
3.37379e-91
1.3709e-93
5.48732e-96
2.15247e-98
8.39031e-101
3.23375e-103
1.24267e-105
4.77373e-108
1.83908e-110
7.17393e-113
2.83633e-115
1.14788e-117
4.76469e-120
2.03443e-122
8.94755e-125
4.03495e-127
1.86265e-129
8.75557e-132
4.1751e-134
2.01195e-136
9.7739e-139
4.76762e-141
2.33636e-143
1.14484e-145
5.62822e-148
2.76514e-150
1.36399e-152
6.73565e-155
3.34375e-157
1.66213e-159
8.29131e-162
4.13157e-164
1.3517e-166
2.40775e-170
1.66225e-173
1.77276e-176
1.7719e-179
1.44437e-182
9.40883e-186
5.19739e-189
2.60888e-192
1.23074e-195
5.5674e-199
2.44601e-202
1.05178e-205
4.44358e-209
1.84706e-212
7.55433e-216
3.03917e-219
1.20257e-222
4.68121e-226
1.79363e-229
6.76925e-233
2.51823e-236
9.24044e-240
3.34647e-243
1.19675e-246
4.22824e-250
1.47668e-253
5.10089e-257
1.74407e-260
5.90622e-264
1.98286e-267
6.6063e-271
2.18601e-274
7.19086e-278
2.35345e-281
7.66945e-285
2.49025e-288
8.06086e-292
2.60227e-295
8.38046e-299
2.69261e-302
8.6308e-306
2.75949e-309
8.79801e-313
2.79611e-316
8.64862e-320
0
0
0
0
0
0
0
0
0
0
0
0
0
0
0
0
0
0
0
0
0
0
0
0
0
0
0
0
0
0
0
0
0
0
0
0
0
0
0
0
0
0
0
0
0
0
0
0
0
0
0
0
0
0
0
0
0
0
0
0
0
0
0
0
0
0
0
0
0
0
0
0
0
0
0
0
0
0
0
0
0
0
0
0
0
0
0
0
0
0
0
0
0
0
0
0
0
0
0
0
0
0
0
0
0
0
0
0
0
0
0
0
0
0
0
0
0
0
0
0
0
0
0
0
0
0
0
0
0
0
0
0
0
0
0
0
0
0
0
0
0
0
0
0
0
0
0
0
0
0
0
0
0
0
0
0
0
0
0
0
0
0
0
0
0
0
0
0
0
0
0
0
0
0
0
0
0
0
0
0
0
0
0
0
0
0
0
0
0
0
0
0
0
0
0
0
0
0
0
0
0
0
0
0
0
0
0
0
0
0
0
0
0
0
0
0
0
0
0
0
0
0
0
0
0
0
0
0
0
0
0
0
0
0
0
0
0
0
0
0
0
0
0
0
0
0
0
0
0
0
0
0
0
0
0
0
0
0
0
0
0
0
0
0
0
0
0
0
0
0
0
0
0
1
1
1
1
1
1
0.378403
0.199719
0.172631
0.175883
0.162691
0.121515
0.0275419
0.000395433
6.37419e-07
1.57281e-09
3.73591e-12
7.54789e-15
1.31185e-17
1.98524e-20
2.70833e-23
3.56789e-26
4.81703e-29
7.27092e-32
1.27776e-34
2.59602e-37
6.08114e-40
1.68471e-42
5.9118e-45
2.6634e-47
1.42695e-49
8.10722e-52
4.75988e-54
2.73666e-56
1.56114e-58
8.59726e-61
4.63408e-63
2.47871e-65
1.26676e-67
6.55309e-70
3.24566e-72
1.60068e-74
7.68277e-77
3.60379e-79
1.66813e-81
7.50121e-84
3.32844e-86
1.42271e-88
5.98428e-91
2.43534e-93
9.787e-96
3.85243e-98
1.50003e-100
5.79275e-103
2.22004e-105
8.51599e-108
3.27137e-110
1.26863e-112
5.0013e-115
2.00777e-117
8.30666e-120
3.52097e-122
1.54251e-124
6.92605e-127
3.18841e-129
1.49642e-131
7.12405e-134
3.43401e-136
1.66701e-138
8.14915e-141
3.9924e-143
1.96249e-145
9.63825e-148
4.74581e-150
2.33434e-152
1.15335e-154
5.70023e-157
2.83366e-159
1.40748e-161
7.0093e-164
2.76847e-166
4.19599e-170
2.10185e-173
2.44151e-176
3.05704e-179
3.44517e-182
3.22566e-185
2.38323e-188
1.43664e-191
7.70053e-195
3.84e-198
1.82493e-201
8.38542e-205
3.75714e-208
1.64899e-211
7.10375e-215
3.00597e-218
1.24979e-221
5.10737e-225
2.05269e-228
8.1201e-232
3.16451e-235
1.21607e-238
4.612e-242
1.72756e-245
6.39592e-249
2.34201e-252
8.48757e-256
3.04641e-259
1.08374e-262
3.8238e-266
1.33911e-269
4.65811e-273
1.61043e-276
5.53671e-280
1.89385e-283
6.44732e-287
2.18505e-290
7.37333e-294
2.4775e-297
8.28895e-301
2.76109e-304
9.15566e-308
3.02161e-311
9.92271e-315
3.23981e-318
0
0
0
0
0
0
0
0
0
0
0
0
0
0
0
0
0
0
0
0
0
0
0
0
0
0
0
0
0
0
0
0
0
0
0
0
0
0
0
0
0
0
0
0
0
0
0
0
0
0
0
0
0
0
0
0
0
0
0
0
0
0
0
0
0
0
0
0
0
0
0
0
0
0
0
0
0
0
0
0
0
0
0
0
0
0
0
0
0
0
0
0
0
0
0
0
0
0
0
0
0
0
0
0
0
0
0
0
0
0
0
0
0
0
0
0
0
0
0
0
0
0
0
0
0
0
0
0
0
0
0
0
0
0
0
0
0
0
0
0
0
0
0
0
0
0
0
0
0
0
0
0
0
0
0
0
0
0
0
0
0
0
0
0
0
0
0
0
0
0
0
0
0
0
0
0
0
0
0
0
0
0
0
0
0
0
0
0
0
0
0
0
0
0
0
0
0
0
0
0
0
0
0
0
0
0
0
0
0
0
0
0
0
0
0
0
0
0
0
0
0
0
0
0
0
0
0
0
0
0
0
0
0
0
0
0
0
0
0
0
0
0
0
0
0
0
0
0
0
0
0
0
0
0
0
0
0
0
0
0
0
0
0
0
0
0
0
0
0
0
0
0
0
0
1
0.591097
0.28658
0.169576
0.109901
0.0705064
0.0274245
0.0112712
0.00885843
0.00873617
0.00828262
0.00474516
0.000366632
1.15429e-06
3.09715e-09
7.84181e-12
1.73889e-14
3.34155e-17
5.53689e-20
8.20915e-23
1.12406e-25
1.53861e-28
2.28613e-31
3.81814e-34
7.56947e-37
1.71542e-39
4.55473e-42
1.48952e-44
6.16214e-47
3.04785e-49
1.70542e-51
9.58948e-54
5.49869e-56
3.06289e-58
1.68868e-60
8.92211e-63
4.68322e-65
2.37326e-67
1.19217e-69
5.85141e-72
2.84609e-74
1.34896e-76
6.32075e-79
2.86973e-81
1.29144e-83
5.63787e-86
2.42885e-88
1.01822e-90
4.18687e-93
1.69006e-95
6.6835e-98
2.62245e-100
1.01138e-102
3.89585e-105
1.489e-107
5.71905e-110
2.20667e-112
8.64932e-115
3.45265e-117
1.41393e-119
5.96329e-122
2.58541e-124
1.15688e-126
5.28681e-129
2.47248e-131
1.1737e-133
5.63932e-136
2.73756e-138
1.33537e-140
6.55368e-143
3.21724e-145
1.58423e-147
7.78337e-150
3.83382e-152
1.88484e-154
9.30736e-157
4.59482e-159
2.28003e-161
1.12978e-163
4.893e-166
6.32352e-170
2.28658e-173
2.53189e-176
3.52979e-179
4.77311e-182
5.83521e-185
5.95264e-188
4.63138e-191
2.90185e-194
1.61075e-197
8.2974e-201
4.06636e-204
1.92371e-207
8.8593e-211
3.98977e-214
1.76093e-217
7.6249e-221
3.24134e-224
1.3537e-227
5.55918e-231
2.24708e-234
8.94955e-238
3.51551e-241
1.36324e-244
5.22285e-248
1.97837e-251
7.4143e-255
2.75096e-258
1.01118e-261
3.68465e-265
1.33171e-268
4.77656e-272
1.70137e-275
6.0204e-279
2.11704e-282
7.40009e-286
2.57179e-289
8.88753e-293
3.05422e-296
1.04374e-299
3.54689e-303
1.19848e-306
4.02618e-310
1.34458e-313
4.46307e-317
1.28655e-320
0
0
0
0
0
0
0
0
0
0
0
0
0
0
0
0
0
0
0
0
0
0
0
0
0
0
0
0
0
0
0
0
0
0
0
0
0
0
0
0
0
0
0
0
0
0
0
0
0
0
0
0
0
0
0
0
0
0
0
0
0
0
0
0
0
0
0
0
0
0
0
0
0
0
0
0
0
0
0
0
0
0
0
0
0
0
0
0
0
0
0
0
0
0
0
0
0
0
0
0
0
0
0
0
0
0
0
0
0
0
0
0
0
0
0
0
0
0
0
0
0
0
0
0
0
0
0
0
0
0
0
0
0
0
0
0
0
0
0
0
0
0
0
0
0
0
0
0
0
0
0
0
0
0
0
0
0
0
0
0
0
0
0
0
0
0
0
0
0
0
0
0
0
0
0
0
0
0
0
0
0
0
0
0
0
0
0
0
0
0
0
0
0
0
0
0
0
0
0
0
0
0
0
0
0
0
0
0
0
0
0
0
0
0
0
0
0
0
0
0
0
0
0
0
0
0
0
0
0
0
0
0
0
0
0
0
0
0
0
0
0
0
0
0
0
0
0
0
0
0
0
0
0
0
0
0
0
0
0
0
0
0
0
0
0
0
0
0
0
0
0
0
0
0
0.101688
0.0479025
0.0204934
0.00849959
0.00342657
0.00125513
0.000340269
0.000152135
0.000109495
0.000107086
8.83389e-05
3.60419e-05
2.53973e-06
6.07618e-09
1.33599e-11
2.87951e-14
5.83864e-17
1.0528e-19
1.69493e-22
2.50447e-25
3.57265e-28
5.45151e-31
9.08792e-34
1.79133e-36
4.05261e-39
1.07565e-41
3.44434e-44
1.37666e-46
6.57176e-49
3.49528e-51
1.93609e-53
1.09064e-55
6.04844e-58
3.2746e-60
1.73745e-62
8.88468e-65
4.50263e-67
2.18172e-69
1.07319e-71
5.02093e-74
2.39435e-76
1.09149e-78
4.98838e-81
2.20599e-83
9.6328e-86
4.12869e-88
1.72779e-90
7.16965e-93
2.8876e-95
1.15891e-97
4.53159e-100
1.76748e-102
6.79094e-105
2.60246e-107
9.97867e-110
3.8327e-112
1.49408e-114
5.91581e-117
2.40071e-119
1.00302e-121
4.30541e-124
1.90937e-126
8.65595e-129
4.02135e-131
1.89732e-133
9.07482e-136
4.38466e-138
2.13386e-140
1.04298e-142
5.12101e-145
2.51215e-147
1.23496e-149
6.05213e-152
2.9695e-154
1.45238e-156
7.12078e-159
3.48077e-161
1.70501e-163
7.60936e-166
7.7132e-170
1.45218e-173
1.02216e-176
1.30457e-179
1.7331e-182
2.18113e-185
2.45295e-188
2.19498e-191
1.44688e-194
8.2653e-198
4.34168e-201
2.15886e-204
1.03311e-207
4.80415e-211
2.18206e-214
9.70601e-218
4.23322e-221
1.81174e-224
7.61474e-228
3.14588e-231
1.27881e-234
5.12046e-238
2.02163e-241
7.87755e-245
3.03207e-248
1.15364e-251
4.34197e-255
1.61761e-258
5.96927e-262
2.1832e-265
7.91928e-269
2.84994e-272
1.01824e-275
3.61404e-279
1.27438e-282
4.46614e-286
1.55588e-289
5.38875e-293
1.85569e-296
6.35368e-300
2.16293e-303
7.32035e-307
2.46294e-310
8.23685e-314
2.73775e-317
7.47027e-321
0
0
0
0
0
0
0
0
0
0
0
0
0
0
0
0
0
0
0
0
0
0
0
0
0
0
0
0
0
0
0
0
0
0
0
0
0
0
0
0
0
0
0
0
0
0
0
0
0
0
0
0
0
0
0
0
0
0
0
0
0
0
0
0
0
0
0
0
0
0
0
0
0
0
0
0
0
0
0
0
0
0
0
0
0
0
0
0
0
0
0
0
0
0
0
0
0
0
0
0
0
0
0
0
0
0
0
0
0
0
0
0
0
0
0
0
0
0
0
0
0
0
0
0
0
0
0
0
0
0
0
0
0
0
0
0
0
0
0
0
0
0
0
0
0
0
0
0
0
0
0
0
0
0
0
0
0
0
0
0
0
0
0
0
0
0
0
0
0
0
0
0
0
0
0
0
0
0
0
0
0
0
0
0
0
0
0
0
0
0
0
0
0
0
0
0
0
0
0
0
0
0
0
0
0
0
0
0
0
0
0
0
0
0
0
0
0
0
0
0
0
0
0
0
0
0
0
0
0
0
0
0
0
0
0
0
0
0
0
0
0
0
0
0
0
0
0
0
0
0
0
0
0
0
0
0
0
0
0
0
0
0
0
0
0
0
0
0
0
0
0
0
0
0
0
)
;

boundaryField
{
    wand
    {
        type            zeroGradient;
    }
    frontAndBack
    {
        type            empty;
    }
}


// ************************************************************************* //
