/*--------------------------------*- C++ -*----------------------------------*\
| =========                 |                                                 |
| \\      /  F ield         | OpenFOAM: The Open Source CFD Toolbox           |
|  \\    /   O peration     | Version:  2.1.1                                 |
|   \\  /    A nd           | Web:      www.OpenFOAM.org                      |
|    \\/     M anipulation  |                                                 |
\*---------------------------------------------------------------------------*/
FoamFile
{
    version     2.0;
    format      ascii;
    class       volScalarField;
    location    "0.001850000";
    object      p;
}
// * * * * * * * * * * * * * * * * * * * * * * * * * * * * * * * * * * * * * //

dimensions      [1 -1 -2 0 0 0 0];

internalField   nonuniform List<scalar> 
12384
(
205754
204630
202536
199264
200292
190897
190373
179407
182818
182698
190273
194297
203128
206915
227195
222829
214143
216342
207394
207105
204815
204553
203549
203060
202239
202231
202150
202179
197832
194906
183826
184047
174691
175311
174629
172632
183767
186635
195229
204797
207125
204319
198213
194782
206184
205790
204461
202801
199957
199755
199278
198753
211129
212906
222047
230404
238456
247889
255402
261516
267130
271800
273426
266572
259568
231694
210256
201519
197479
194509
193754
193926
190429
193033
136715
136889
137862
138866
139794
141322
142226
143496
144087
144885
145177
145860
146010
146225
145901
145872
144160
143806
141017
142044
140399
141088
141049
141249
141411
140919
140276
139096
137302
137745
112915
112796
112956
112510
112555
112025
111535
111606
110498
110775
109927
109469
109313
108879
108197
108259
107273
107696
106564
107000
106043
106097
105925
105349
105518
105044
104901
104984
104673
104797
101957
101923
101929
101862
101880
101803
101821
101726
101748
101678
101635
101645
101567
101585
101510
101530
101480
101451
101463
101415
101432
101393
101407
101377
101387
101372
101367
101369
101361
101363
101326
101326
101326
101325
101325
101324
101324
101324
101322
101323
101321
101322
101321
101322
101321
101322
101321
101322
101321
101322
101322
101323
101322
101323
101323
101324
101324
101324
101324
101324
101324
101324
101324
101324
101323
101324
101323
101323
101322
101322
101321
101322
101321
101322
101321
101322
101321
101322
101321
101322
101322
101323
101322
101323
101323
101324
101324
101324
101324
101325
101324
101324
101324
101324
101323
101324
101323
101323
101322
101322
101321
101322
101321
101322
101321
101322
101321
101322
101321
101322
101322
101323
101322
101323
101323
101324
101324
101324
101324
101325
101324
101324
101324
101324
101324
101323
101323
101322
101323
101322
101322
101321
101322
101321
101321
101321
101322
101321
101322
101322
101322
101323
101322
101323
101323
101324
101324
101324
101324
101324
101324
101324
101324
101324
101323
101324
101323
101323
101322
101322
101321
101322
101321
101322
101321
101322
101321
101322
101321
101322
101322
101323
101322
101323
101323
101324
101323
101325
101324
101324
101325
101324
101324
101324
101324
101324
101323
101323
101322
101323
101322
101322
101321
101322
101321
101321
101322
101321
101322
101322
101323
101322
101323
101323
101324
101323
101324
101324
101324
101324
101326
101326
101325
101326
101325
101325
101324
101324
101323
101323
101322
101322
101321
101322
101321
101322
101321
101322
101321
101322
101321
101323
101322
101323
101323
101324
101323
101325
101324
101324
206171
204668
202763
199740
198132
192457
187934
184449
185098
184474
191186
198973
205127
210918
228214
224699
218875
216483
214532
211812
210779
208373
209407
208030
207218
205091
203490
200470
198759
193599
189905
183243
179355
178418
180371
178519
186211
185477
195443
203254
207393
205115
201532
196167
201136
199910
198243
195394
196368
192278
196067
196109
202853
209330
220619
227495
237520
241191
244911
246947
248286
249746
249771
253020
240368
239943
223939
212544
197847
198413
192866
192518
192782
190037
137001
136141
138029
138242
140158
141146
142948
143969
144872
145395
145665
145783
145867
145609
145758
144718
144265
143068
142026
141594
140904
140956
141058
141166
140997
140819
139561
138296
138522
136782
113040
113346
112874
112991
112328
112396
111815
111423
111132
110435
110217
109813
108935
109250
108020
108516
107242
107728
106681
106778
106354
105850
105857
105566
105155
105299
104798
105005
104663
104801
101928
101938
101902
101923
101864
101863
101791
101787
101718
101711
101651
101639
101594
101553
101552
101487
101507
101443
101461
101420
101420
101403
101394
101387
101377
101375
101367
101364
101361
101356
101322
101322
101322
101321
101322
101320
101320
101320
101319
101320
101318
101319
101318
101318
101318
101318
101318
101318
101318
101319
101318
101319
101318
101320
101319
101320
101319
101320
101320
101320
101320
101320
101320
101320
101319
101320
101319
101320
101318
101319
101318
101319
101317
101318
101317
101318
101317
101318
101318
101319
101318
101319
101318
101320
101319
101320
101320
101320
101320
101321
101320
101320
101320
101320
101319
101320
101319
101320
101318
101319
101318
101319
101318
101318
101317
101318
101317
101318
101318
101319
101318
101319
101318
101320
101319
101320
101320
101320
101320
101321
101320
101320
101320
101320
101320
101319
101320
101318
101319
101318
101319
101318
101318
101317
101318
101317
101318
101318
101318
101319
101318
101319
101318
101320
101319
101320
101319
101320
101320
101320
101320
101320
101320
101320
101319
101320
101319
101320
101318
101319
101318
101319
101318
101318
101317
101318
101318
101318
101318
101319
101318
101319
101318
101320
101319
101320
101320
101320
101320
101320
101321
101320
101320
101320
101320
101320
101319
101320
101318
101319
101318
101319
101318
101318
101318
101318
101318
101318
101319
101318
101319
101318
101320
101319
101320
101319
101320
101320
101320
101320
101322
101321
101321
101322
101320
101321
101320
101321
101319
101320
101318
101319
101318
101319
101317
101318
101317
101318
101317
101319
101318
101319
101318
101320
101319
101320
101320
101320
101320
101320
206060
205131
202305
201237
196496
193602
190856
187520
190021
188800
193873
201306
209483
214597
226995
225511
218420
219513
214957
213195
211375
208179
205501
205908
204507
203858
201923
200329
198410
193996
194184
186928
185215
183052
183593
181844
187142
185303
193935
200376
206639
206757
205142
198936
191903
191127
189673
191240
189058
192947
188326
195461
196577
202326
213480
223501
231103
236801
238418
238510
236787
235021
235038
230003
239479
239372
234167
226943
210391
198512
195385
191336
190265
190928
136035
136117
137297
137588
139520
140742
142663
144078
145188
145903
146141
145992
145761
145535
144716
144766
143913
142927
143042
141462
141673
140882
141140
140828
140605
139984
138712
138457
137848
136932
113519
113248
113433
112959
113025
112316
112141
111806
110986
111006
110138
109914
109069
109192
108165
108330
107402
107547
106683
106836
106161
106132
105585
105671
105082
105261
104773
104927
104643
104752
102044
101980
102001
101906
101919
101844
101848
101777
101725
101730
101651
101660
101589
101583
101549
101496
101509
101446
101463
101426
101410
101414
101386
101396
101373
101382
101367
101372
101365
101366
101332
101332
101331
101332
101331
101329
101330
101328
101329
101327
101328
101326
101327
101326
101327
101325
101327
101326
101327
101326
101328
101327
101329
101327
101329
101328
101330
101329
101330
101330
101330
101330
101330
101329
101330
101328
101329
101327
101328
101326
101327
101326
101327
101326
101327
101326
101327
101326
101327
101326
101328
101327
101329
101328
101329
101328
101330
101329
101330
101330
101330
101330
101330
101329
101330
101328
101329
101327
101328
101326
101327
101326
101327
101326
101327
101325
101327
101326
101327
101326
101328
101327
101329
101328
101329
101328
101330
101329
101330
101330
101330
101330
101329
101330
101328
101329
101327
101329
101327
101328
101326
101327
101326
101327
101325
101327
101326
101327
101326
101327
101328
101327
101329
101328
101329
101328
101330
101329
101330
101330
101330
101330
101330
101329
101330
101328
101329
101327
101328
101326
101327
101326
101327
101326
101327
101326
101327
101326
101327
101326
101328
101327
101329
101328
101329
101328
101330
101329
101330
101330
101330
101330
101330
101329
101330
101328
101329
101327
101328
101327
101328
101326
101327
101326
101327
101327
101326
101327
101326
101328
101327
101328
101327
101329
101328
101330
101329
101330
101330
101330
101331
101331
101332
101330
101331
101329
101330
101328
101329
101327
101328
101326
101327
101326
101327
101325
101327
101325
101327
101326
101328
101326
101328
101327
101329
101328
101330
101329
101330
101330
206816
205680
203252
202307
198220
197060
194072
193233
193059
195479
195640
202781
211278
217438
225487
215673
217099
213166
215466
215308
212591
210234
207410
204079
205031
202750
203226
199778
200046
192524
194647
186883
188263
187130
188149
186768
188890
189746
189063
196968
201450
205906
204316
202989
189846
185587
182740
176948
179297
173015
179472
172722
182140
187644
194595
205154
216254
222469
227419
228535
227483
226643
222133
227357
229102
235123
238732
234681
224468
210219
194361
193381
189126
191209
135608
135839
135125
137583
138194
140681
142512
144186
145424
146205
146427
146216
145779
144873
144786
143945
143967
143374
143328
141666
142125
140514
141232
140117
139872
138857
138612
137965
137391
136951
113258
113718
113229
113321
112765
112994
112065
111992
111529
110655
110456
110028
109098
109260
108254
108370
107500
107627
106729
106932
106018
106331
105425
105795
104995
105338
104713
104994
104592
104765
101958
101996
101932
102006
101894
101920
101818
101837
101727
101733
101685
101626
101634
101559
101574
101498
101517
101458
101459
101432
101418
101409
101392
101390
101375
101376
101367
101361
101365
101359
101327
101327
101328
101326
101326
101326
101323
101326
101322
101325
101321
101324
101321
101323
101320
101323
101320
101323
101321
101324
101321
101324
101322
101325
101322
101326
101323
101326
101324
101325
101324
101324
101323
101326
101322
101325
101322
101324
101321
101324
101321
101323
101320
101323
101320
101323
101320
101323
101320
101324
101321
101324
101321
101325
101322
101325
101323
101325
101325
101325
101325
101325
101323
101326
101322
101325
101322
101324
101321
101324
101321
101323
101320
101323
101320
101323
101320
101323
101320
101324
101321
101324
101321
101325
101322
101326
101323
101325
101325
101325
101325
101325
101325
101323
101325
101322
101325
101321
101324
101321
101324
101320
101323
101320
101323
101320
101323
101321
101323
101322
101321
101324
101321
101325
101322
101326
101323
101326
101324
101325
101324
101325
101323
101326
101322
101325
101321
101324
101321
101324
101321
101323
101320
101323
101320
101323
101320
101323
101320
101324
101321
101324
101321
101325
101322
101325
101323
101325
101325
101325
101325
101324
101325
101326
101323
101325
101322
101325
101321
101324
101321
101324
101321
101323
101321
101321
101323
101321
101323
101321
101324
101321
101324
101322
101325
101322
101325
101323
101324
101324
101326
101326
101324
101327
101323
101326
101322
101325
101321
101324
101321
101324
101320
101323
101320
101323
101320
101323
101320
101323
101320
101324
101321
101325
101322
101326
101323
101325
101325
101325
206924
206323
204716
203182
201306
199238
198983
198366
197927
199067
201717
203360
210762
217034
217962
210251
210706
212769
213156
214227
212743
211420
209104
202878
203944
202845
200784
201184
196564
194908
194190
188582
187658
186082
186546
186345
186875
187542
189138
188533
197693
200819
200027
193509
167711
171018
172240
176120
173007
176171
168069
174902
165634
175275
184053
195627
201802
210227
216308
221629
223183
221722
223506
221616
222817
226762
231927
235319
230391
226698
202547
190436
193311
190294
135518
134244
134501
135930
136455
139681
141347
143642
145050
145910
146305
146235
145855
145187
144704
144056
144145
143736
143483
142850
141716
140700
140500
139309
138498
138168
137833
137467
137100
137281
113980
114039
114032
113939
113624
112842
112958
111858
111936
111143
110474
110122
109599
108865
108966
107786
108212
107121
107027
106911
106095
106313
105560
105670
105130
105172
104826
104842
104658
104528
102197
102102
102143
101978
102018
101896
101911
101810
101817
101722
101692
101682
101603
101616
101543
101553
101486
101503
101438
101462
101407
101427
101386
101401
101372
101382
101364
101369
101362
101361
101327
101329
101329
101328
101327
101326
101326
101324
101324
101323
101323
101322
101323
101322
101322
101322
101322
101322
101322
101322
101323
101323
101323
101323
101324
101324
101324
101325
101325
101325
101325
101325
101325
101324
101324
101324
101324
101323
101323
101322
101323
101322
101322
101322
101322
101322
101322
101322
101322
101322
101323
101323
101323
101323
101324
101324
101324
101325
101325
101325
101325
101325
101325
101324
101324
101324
101324
101323
101323
101322
101323
101322
101322
101322
101322
101322
101322
101322
101322
101322
101323
101323
101323
101323
101324
101324
101324
101325
101325
101325
101325
101325
101324
101324
101324
101324
101323
101323
101323
101323
101322
101322
101322
101322
101322
101322
101322
101322
101322
101322
101323
101323
101323
101323
101324
101324
101325
101325
101325
101325
101325
101325
101325
101324
101324
101324
101324
101323
101323
101322
101323
101322
101322
101322
101322
101322
101322
101322
101322
101322
101323
101323
101323
101323
101324
101324
101324
101325
101325
101325
101325
101325
101325
101324
101324
101324
101324
101323
101323
101323
101323
101322
101322
101322
101322
101322
101322
101322
101322
101323
101322
101323
101323
101324
101324
101324
101324
101324
101325
101325
101326
101326
101326
101325
101325
101324
101325
101323
101324
101323
101323
101322
101322
101322
101322
101322
101322
101322
101322
101322
101323
101322
101323
101323
101324
101324
101324
101325
101325
101325
207396
207014
206177
205345
203044
202609
200298
200375
199843
201470
201160
205258
207262
214560
212541
213012
212031
209142
212125
213349
214437
209247
210918
203104
202280
203120
200035
200466
196220
195900
193826
189685
189747
186668
186810
189176
187881
185553
186771
186684
184548
188797
189931
195159
172828
167385
162590
157565
158190
157516
165376
165801
172179
168792
185274
184391
202798
205291
213876
216013
219505
222415
221858
221408
220861
220293
223721
227698
232279
229777
216537
196841
196594
191471
133310
132754
130448
132417
134077
138269
140583
143142
144556
145429
145910
146088
145981
145650
145178
144605
144138
144156
143229
143590
140817
141727
139320
137978
137711
137335
136981
136747
137100
136334
113647
114265
114408
113722
113792
113617
112764
112821
111647
111402
111105
109780
110250
108672
109237
107811
108233
107224
107029
106887
106232
106135
105731
105548
105251
105081
104888
104746
104598
104587
102108
102215
102059
102165
101994
102030
101887
101911
101781
101809
101689
101687
101644
101595
101590
101531
101533
101491
101461
101456
101422
101423
101399
101395
101383
101378
101369
101370
101361
101365
101333
101330
101330
101330
101328
101328
101326
101327
101325
101325
101324
101324
101323
101324
101323
101323
101323
101323
101323
101324
101323
101324
101324
101325
101324
101326
101325
101326
101325
101326
101326
101326
101325
101326
101325
101325
101324
101325
101323
101324
101323
101324
101323
101323
101322
101323
101323
101323
101323
101324
101323
101324
101324
101325
101324
101325
101325
101326
101326
101326
101326
101326
101325
101326
101325
101325
101324
101325
101323
101324
101323
101324
101323
101323
101323
101323
101323
101323
101323
101324
101323
101324
101324
101325
101324
101325
101325
101326
101326
101326
101326
101326
101326
101325
101325
101324
101325
101324
101324
101323
101324
101323
101323
101322
101323
101322
101323
101323
101323
101324
101323
101324
101324
101325
101324
101326
101325
101326
101326
101326
101326
101326
101325
101326
101325
101325
101324
101325
101323
101324
101323
101324
101323
101323
101323
101323
101323
101323
101323
101324
101323
101324
101324
101325
101324
101325
101325
101326
101326
101326
101326
101326
101326
101325
101325
101325
101324
101325
101323
101324
101323
101324
101323
101323
101323
101323
101323
101323
101324
101323
101324
101323
101325
101324
101325
101325
101326
101325
101326
101326
101327
101326
101326
101326
101325
101326
101324
101325
101324
101324
101323
101324
101322
101323
101322
101323
101322
101323
101322
101324
101323
101324
101323
101325
101324
101325
101325
101326
101326
101326
207285
207132
207157
206754
204661
203794
201971
201798
201866
201295
202946
202227
205744
207886
211077
209060
211238
211944
212000
214098
212789
211314
209178
203873
202369
202186
199651
200195
196217
197280
192333
191964
191487
187610
188351
186658
189611
184880
181765
181640
183625
184228
186740
181262
157157
157087
157806
162630
160772
166090
167748
166589
170958
167380
176758
188355
199586
204665
205864
210783
214500
217046
219345
219027
216013
215457
215967
221633
225766
226160
223353
213358
198453
193448
132238
131205
129756
130679
131802
137186
139715
142717
144301
145081
145547
145842
145964
145929
145628
145274
144663
144041
143518
143296
140697
141480
138459
137105
137499
136256
135727
136321
135372
135069
114684
115025
114578
115256
114117
113816
113565
112487
112613
111258
111411
110170
110018
108993
109107
108036
108179
107273
107291
106585
106597
105846
106055
105292
105530
104787
105082
104496
104701
104378
102434
102282
102346
102134
102165
102005
102014
101880
101884
101779
101748
101711
101628
101650
101560
101579
101507
101521
101460
101474
101423
101437
101395
101409
101377
101388
101366
101373
101362
101363
101330
101333
101332
101329
101330
101327
101328
101326
101326
101324
101324
101323
101323
101323
101323
101323
101323
101323
101323
101323
101323
101323
101324
101324
101324
101325
101325
101325
101325
101325
101325
101325
101325
101325
101325
101324
101324
101324
101324
101323
101323
101323
101323
101323
101323
101323
101323
101323
101323
101323
101323
101323
101324
101324
101324
101325
101325
101325
101325
101325
101325
101325
101325
101325
101325
101324
101324
101324
101324
101323
101323
101323
101323
101323
101323
101323
101323
101323
101323
101323
101323
101323
101324
101324
101324
101325
101325
101325
101325
101325
101325
101325
101325
101325
101324
101324
101324
101324
101323
101323
101323
101323
101323
101323
101323
101323
101323
101322
101323
101323
101324
101323
101324
101324
101325
101325
101325
101325
101325
101325
101325
101325
101325
101325
101325
101324
101324
101324
101324
101323
101323
101323
101323
101323
101323
101323
101323
101323
101323
101323
101323
101323
101324
101324
101324
101325
101325
101325
101325
101325
101325
101325
101325
101325
101325
101324
101324
101324
101324
101323
101323
101323
101323
101323
101323
101323
101323
101323
101323
101323
101323
101324
101324
101324
101324
101325
101325
101325
101325
101325
101326
101326
101326
101325
101325
101325
101324
101324
101324
101323
101323
101323
101323
101322
101322
101322
101322
101322
101323
101323
101323
101323
101324
101324
101324
101325
101325
101325
101325
101326
207269
207916
207863
207445
206238
204410
203222
201757
201790
201425
200550
202445
201561
203812
212214
211838
212055
212087
214641
214917
213853
210566
207344
205052
201926
200662
200682
198975
197964
195941
195346
192676
191073
190988
187542
186431
185808
187433
182245
178452
172572
173044
173814
184260
161290
157025
157536
156790
163786
167930
160481
164620
161650
166727
193579
196207
209933
218460
206433
207583
209048
210998
212115
214429
215873
212827
212300
211511
214834
223119
225616
220993
214938
193945
131702
129651
125471
127064
130017
136289
139729
142901
144260
145036
145454
145628
145846
145924
145869
145727
144986
143912
144171
142265
140972
140496
138431
136570
136703
135485
135917
134989
135402
135613
113118
115267
115863
115001
115544
114049
113759
113354
112134
112293
110841
111184
109526
109734
108919
108196
108337
107223
107541
106458
106789
105819
106131
105224
105610
104779
105129
104491
104713
104294
102282
102451
102160
102353
102102
102168
101977
101998
101851
101869
101730
101767
101654
101649
101596
101571
101538
101503
101500
101452
101459
101419
101416
101404
101387
101385
101373
101373
101362
101366
101339
101334
101333
101333
101331
101331
101329
101329
101327
101327
101325
101326
101324
101325
101324
101324
101324
101324
101324
101325
101324
101325
101325
101326
101325
101326
101326
101327
101327
101327
101327
101327
101326
101326
101326
101326
101325
101325
101325
101325
101324
101325
101324
101324
101324
101324
101324
101324
101324
101325
101324
101325
101325
101326
101325
101326
101326
101327
101327
101327
101327
101327
101326
101327
101326
101326
101325
101325
101325
101325
101324
101325
101324
101324
101324
101324
101324
101324
101324
101325
101324
101325
101325
101326
101326
101326
101326
101327
101327
101327
101327
101327
101327
101326
101326
101325
101326
101325
101325
101324
101325
101324
101324
101324
101324
101324
101324
101324
101324
101325
101325
101325
101325
101326
101326
101326
101326
101327
101327
101327
101327
101327
101326
101326
101326
101326
101325
101325
101325
101325
101324
101325
101324
101324
101324
101324
101324
101324
101324
101325
101324
101325
101325
101326
101325
101326
101326
101326
101327
101327
101327
101327
101327
101326
101326
101326
101325
101325
101325
101325
101324
101325
101324
101324
101324
101324
101324
101324
101325
101324
101325
101325
101325
101325
101326
101326
101326
101326
101327
101327
101327
101327
101327
101327
101326
101326
101325
101326
101325
101325
101324
101324
101324
101324
101324
101324
101324
101324
101324
101324
101324
101325
101325
101326
101325
101326
101326
101327
101327
101327
207570
208182
208455
208335
206897
205551
203463
203642
201861
201074
200937
198970
200182
199591
202879
204484
212288
211470
212078
215198
215504
215036
212816
210233
206937
206291
200985
202333
199696
200147
197403
197960
195955
194233
194137
190679
191352
187156
186542
183596
185376
184944
178076
171339
166937
161664
140913
150523
149883
146559
148849
158452
165174
170005
158605
157957
160355
176914
261777
217148
190913
213712
210939
196160
200020
205919
208837
208510
209141
209047
205598
206549
210810
215929
220030
215406
213120
186208
117757
131611
135439
132260
127591
131977
132378
139519
141266
143781
144741
145255
145422
145517
145578
145715
145852
145610
145028
143958
144069
141242
141628
139181
138170
136279
135560
135381
133437
132576
130809
125559
119585
122147
115518
117036
117073
117013
115572
115675
113794
113737
112832
111856
111926
110570
110413
109905
108841
108715
108080
107523
107396
106559
106792
105785
106181
105188
105572
104741
104983
104384
104304
104012
103618
103292
103063
102620
102706
102281
102423
102075
102186
101920
102007
101803
101816
101754
101671
101684
101591
101612
101527
101534
101492
101470
101450
101435
101411
101414
101383
101395
101368
101378
101358
101362
101349
101352
101338
101340
101336
101332
101333
101329
101330
101327
101328
101326
101326
101325
101325
101324
101324
101324
101324
101324
101324
101324
101324
101324
101325
101325
101325
101325
101326
101326
101326
101326
101327
101327
101326
101326
101326
101326
101325
101325
101325
101324
101324
101324
101324
101324
101324
101324
101324
101324
101324
101324
101324
101324
101324
101324
101325
101325
101325
101325
101326
101326
101326
101326
101327
101327
101326
101326
101326
101326
101325
101325
101325
101324
101325
101324
101324
101324
101324
101324
101324
101324
101324
101324
101324
101324
101324
101324
101325
101325
101325
101325
101326
101326
101326
101326
101327
101327
101326
101326
101326
101326
101325
101325
101325
101325
101324
101324
101324
101324
101324
101324
101324
101323
101324
101323
101324
101324
101324
101324
101325
101325
101325
101325
101326
101326
101326
101326
101327
101327
101326
101326
101326
101326
101325
101325
101325
101324
101324
101324
101324
101324
101324
101324
101324
101324
101324
101324
101324
101324
101324
101324
101325
101325
101325
101325
101326
101326
101326
101326
101327
101327
101326
101326
101326
101325
101325
101325
101325
101324
101324
101324
101324
101324
101324
101324
101324
101324
101324
101324
101324
101324
101324
101324
101324
101325
101325
101325
101325
101326
101326
101326
101327
101327
101327
101326
101326
101326
101325
101325
101325
101324
101324
101324
101324
101323
101323
101323
101323
101323
101323
101323
101324
101324
101324
101324
101325
101325
101325
101326
101326
101326
101326
101327
101327
101327
207899
208028
208840
208577
207502
205920
204385
202891
202575
199820
200272
198822
198193
198336
202366
201987
208146
210647
212926
215217
215876
213293
212008
209619
208624
204253
203798
200365
201577
199005
199995
197313
197655
195604
194866
193275
191245
190715
186583
184167
181689
177705
178837
176240
166693
164880
159066
152791
157083
155734
160028
167446
168119
176610
161303
164116
162643
162618
184245
171414
201807
196001
192005
178828
190412
198372
202715
204509
204403
203036
205716
205151
205897
208449
212256
216390
201841
204047
136720
154238
134751
133764
132241
131983
139892
140120
143388
144461
145396
145366
145382
145301
145288
145368
145390
145297
144892
143804
143678
140953
140823
139356
136710
137592
133986
135277
132081
132680
129807
127976
126552
120411
120455
118951
117912
117011
116688
115036
114930
113712
112720
112574
111430
111136
110042
110173
108908
109023
107929
108143
106978
107153
106460
106070
106001
105259
105529
104689
105015
104220
104482
103802
103902
103106
103212
102651
102763
102347
102420
102139
102182
101965
102004
101840
101846
101734
101750
101622
101668
101557
101573
101532
101482
101497
101438
101458
101407
101425
101386
101395
101372
101377
101361
101366
101349
101355
101339
101345
101336
101338
101333
101334
101330
101331
101328
101328
101327
101327
101326
101326
101325
101325
101325
101325
101325
101325
101326
101326
101326
101326
101327
101327
101327
101327
101328
101328
101328
101328
101328
101327
101327
101327
101327
101327
101326
101326
101326
101326
101325
101325
101325
101325
101325
101325
101325
101325
101325
101326
101325
101326
101326
101326
101326
101327
101327
101327
101327
101328
101328
101328
101328
101327
101327
101327
101327
101327
101326
101326
101326
101326
101325
101325
101325
101325
101325
101325
101325
101325
101325
101326
101326
101326
101326
101326
101326
101327
101327
101327
101327
101328
101328
101328
101328
101328
101327
101327
101327
101326
101326
101326
101326
101326
101326
101325
101325
101325
101325
101325
101325
101325
101325
101326
101326
101326
101326
101327
101326
101327
101327
101327
101327
101328
101328
101328
101328
101327
101327
101327
101327
101327
101326
101326
101326
101326
101325
101325
101325
101325
101325
101325
101325
101325
101325
101326
101325
101326
101326
101326
101326
101327
101327
101327
101327
101327
101328
101328
101327
101327
101327
101327
101327
101327
101326
101326
101326
101326
101325
101325
101325
101325
101325
101325
101325
101325
101325
101325
101326
101326
101326
101326
101327
101327
101327
101327
101327
101327
101328
101328
101328
101327
101327
101327
101327
101326
101326
101326
101325
101325
101325
101325
101325
101325
101324
101325
101324
101325
101325
101325
101325
101326
101326
101326
101326
101327
101327
101327
101328
101328
101328
101328
207550
208410
208676
208546
207885
206651
204591
203898
201608
201486
198480
198682
197156
197784
199159
202260
204718
210945
213269
214148
213467
213020
210548
210776
207764
207405
202184
203268
200188
200395
199272
198815
197111
195699
195878
192997
193395
189762
190485
184778
185363
180149
175444
171495
170998
176554
173801
162496
154576
156814
163281
167512
166466
170058
163873
165091
165805
164026
166899
198561
183005
183811
180820
184262
180600
196683
197523
198619
201874
204540
202061
198795
200214
203488
210275
207713
200411
198765
172308
152023
150209
145094
139527
140391
139800
144557
143867
145806
145233
145681
145291
145093
144918
144805
144838
144729
144468
143431
143183
140754
139873
139561
136271
137513
133439
134955
131423
131375
129450
128058
125697
121062
122557
119569
118523
118347
116298
116464
114264
114673
112724
112796
111568
111476
110196
110137
109469
108457
108720
107567
107349
107056
106315
106489
105665
105485
105429
104713
104994
104183
104441
103780
103861
103152
103269
102712
102826
102421
102482
102171
102251
101961
102059
101836
101905
101725
101784
101638
101666
101580
101571
101533
101501
101492
101448
101455
101414
101422
101390
101396
101373
101379
101360
101367
101350
101356
101343
101344
101339
101337
101334
101331
101332
101329
101329
101327
101327
101325
101326
101325
101325
101325
101325
101325
101325
101325
101325
101325
101325
101326
101326
101326
101326
101326
101327
101327
101327
101327
101327
101327
101326
101326
101326
101326
101325
101325
101325
101325
101325
101325
101324
101324
101324
101324
101324
101324
101324
101325
101325
101325
101325
101325
101326
101326
101326
101326
101327
101327
101327
101327
101327
101327
101326
101326
101326
101326
101325
101325
101325
101325
101325
101325
101324
101324
101324
101324
101324
101325
101325
101325
101325
101325
101325
101325
101326
101326
101326
101326
101327
101327
101327
101327
101327
101327
101326
101326
101326
101326
101325
101325
101325
101325
101325
101325
101324
101324
101324
101324
101324
101325
101325
101325
101325
101325
101325
101326
101326
101326
101326
101326
101327
101327
101327
101327
101327
101327
101326
101326
101326
101326
101325
101325
101325
101325
101325
101325
101324
101324
101324
101324
101324
101325
101324
101325
101325
101325
101325
101325
101326
101326
101326
101326
101326
101327
101327
101327
101327
101326
101326
101326
101326
101326
101325
101325
101325
101325
101325
101325
101324
101324
101324
101324
101324
101324
101325
101325
101325
101325
101325
101325
101326
101326
101326
101326
101326
101327
101326
101327
101327
101326
101326
101326
101326
101326
101325
101325
101325
101324
101324
101324
101324
101324
101324
101324
101324
101324
101324
101324
101324
101325
101325
101325
101326
101326
101326
101327
101327
101327
101327
101327
208014
207909
208556
209091
207945
207389
205157
203357
201725
198890
198631
196143
197171
196597
197582
199098
204174
207220
211309
213012
213128
210823
211145
209614
209857
207464
205295
202239
202097
199493
199891
197566
198392
194628
195676
192747
192320
190621
188686
187866
183354
182657
178144
174407
167851
164954
160933
159941
158266
161057
164432
169762
171052
167022
163397
161225
163819
165180
168219
166056
185211
181597
181651
165311
220494
199699
191984
196296
201189
201192
201828
198143
197427
200293
199529
204121
200526
190310
189798
149217
169599
139921
146840
144040
146220
144331
146637
145706
146385
145572
145643
144615
144468
144265
144128
144118
143688
143094
142194
141450
138967
139806
136583
136292
133977
133793
130616
131852
127692
128792
124756
122673
123455
119951
120140
117864
118107
115562
115684
114208
113125
113111
111334
111824
110149
110473
108957
109216
108369
107581
107849
106656
106829
106139
105797
105701
105204
104781
104908
104143
104442
103658
103908
103129
103382
102724
102934
102427
102586
102173
102309
102009
102052
101867
101912
101728
101802
101641
101697
101574
101614
101514
101545
101472
101479
101442
101433
101411
101406
101385
101388
101369
101369
101364
101353
101355
101345
101348
101338
101342
101334
101336
101331
101333
101329
101330
101327
101328
101326
101327
101326
101326
101326
101326
101326
101326
101326
101326
101327
101327
101327
101327
101328
101328
101328
101328
101328
101328
101328
101328
101328
101327
101327
101327
101327
101327
101326
101326
101326
101326
101326
101326
101326
101326
101326
101326
101326
101326
101326
101326
101327
101327
101327
101327
101327
101328
101328
101328
101328
101328
101328
101328
101328
101327
101327
101327
101327
101327
101326
101326
101326
101326
101326
101326
101326
101326
101326
101326
101326
101326
101326
101326
101327
101327
101327
101327
101327
101328
101328
101328
101328
101328
101328
101328
101328
101327
101327
101327
101327
101327
101326
101326
101326
101326
101326
101326
101326
101326
101326
101326
101326
101326
101326
101326
101327
101327
101327
101327
101328
101328
101328
101328
101328
101328
101328
101328
101328
101327
101327
101327
101327
101327
101326
101326
101326
101326
101326
101326
101326
101326
101326
101326
101326
101326
101326
101326
101327
101327
101327
101327
101327
101328
101328
101328
101328
101328
101328
101328
101327
101327
101327
101327
101327
101326
101326
101326
101326
101326
101326
101326
101326
101326
101326
101326
101326
101326
101326
101326
101326
101327
101327
101327
101327
101327
101328
101328
101328
101328
101328
101328
101327
101327
101327
101327
101326
101326
101326
101325
101326
101325
101325
101325
101325
101325
101325
101325
101325
101325
101326
101326
101326
101327
101327
101327
101327
101328
101328
101328
101328
101328
207370
207693
209125
208743
208842
206832
206109
201822
200862
197053
195263
196445
195074
196830
195729
200334
200493
207316
208008
210572
211174
211190
209562
209980
209486
209428
206784
203994
201697
201147
198276
197323
196141
194758
192274
192675
190259
190037
187199
186249
184046
180374
180675
174183
174148
169912
168955
161812
160805
159454
164326
170854
172093
172693
168241
167193
164648
171172
170530
175166
173496
176221
181518
185952
163275
182937
192918
195491
200601
203274
201141
193692
196184
194160
196624
200582
196298
185077
192662
154179
173882
146296
151530
148772
145410
148066
146412
147448
146240
146331
145013
144900
144093
143644
143480
143305
143129
142560
141471
141613
138983
139716
136649
135342
134865
132436
131478
130560
127410
128723
124369
124955
122830
120230
121331
117813
118280
116408
114920
115324
112772
113591
111608
111412
110914
109606
109850
108932
108011
108304
107315
106903
106927
105953
106247
105303
105499
104702
104940
104122
104430
103632
103897
103160
103411
102768
102981
102452
102621
102214
102313
102031
102108
101859
101956
101746
101804
101662
101691
101588
101601
101529
101533
101474
101490
101430
101453
101402
101421
101382
101394
101370
101371
101361
101359
101350
101351
101343
101342
101340
101334
101336
101332
101332
101329
101329
101327
101327
101326
101326
101326
101325
101325
101325
101325
101326
101326
101326
101326
101326
101326
101327
101327
101327
101327
101327
101327
101327
101327
101327
101327
101327
101327
101326
101326
101326
101326
101326
101325
101325
101325
101325
101325
101325
101325
101325
101325
101325
101326
101326
101326
101326
101326
101327
101327
101327
101327
101327
101327
101327
101327
101327
101327
101327
101327
101326
101326
101326
101326
101326
101325
101325
101325
101325
101325
101325
101325
101325
101325
101325
101326
101326
101326
101326
101326
101327
101327
101327
101327
101327
101327
101327
101327
101327
101327
101327
101327
101326
101326
101326
101326
101326
101325
101325
101325
101325
101325
101325
101325
101325
101325
101325
101326
101326
101326
101326
101326
101327
101327
101327
101327
101327
101327
101327
101327
101327
101327
101327
101326
101326
101326
101326
101326
101326
101325
101325
101325
101325
101325
101325
101325
101325
101325
101325
101326
101326
101326
101326
101326
101327
101327
101327
101327
101327
101327
101327
101327
101327
101327
101327
101326
101326
101326
101326
101326
101326
101325
101325
101325
101325
101325
101325
101325
101325
101325
101325
101326
101326
101326
101326
101326
101326
101327
101327
101327
101327
101327
101327
101327
101327
101327
101326
101326
101326
101326
101325
101325
101325
101325
101325
101324
101325
101324
101324
101324
101325
101325
101325
101325
101325
101326
101326
101326
101327
101327
101327
101327
101327
101327
101328
207213
208521
208467
209665
209046
207241
204113
200945
197283
194709
195603
193614
195898
193667
199075
197249
203606
203735
209037
208825
210490
209610
210130
209032
209490
209002
208267
205962
203094
199738
199904
194824
195812
191800
192550
189346
189644
187034
186185
184799
181792
181915
178570
176217
172259
171848
167467
165479
165030
163047
162452
165789
172735
173164
175035
173012
174198
170631
174564
174830
180975
180189
178298
183540
177141
177857
187991
196078
201476
202555
201909
192732
195996
192711
194901
193433
192848
188376
189001
159609
177156
145061
160791
144035
152175
147077
148832
147231
147536
145638
145863
143670
144368
142629
142456
142522
142500
142352
141235
141631
138833
139143
137076
134415
135552
131129
132812
128683
128709
127758
124603
125892
121976
122655
120429
117974
119191
115513
116550
114615
113064
113604
111404
112142
110169
110370
109740
108629
108510
108153
107093
107461
106388
106312
105898
105329
105521
104646
104990
104095
104452
103611
103928
103157
103445
102765
103039
102444
102669
102215
102367
102008
102157
101856
101971
101751
101820
101661
101704
101586
101616
101520
101553
101468
101498
101432
101452
101403
101421
101382
101396
101368
101377
101357
101364
101349
101353
101343
101344
101339
101337
101337
101332
101333
101329
101330
101328
101328
101327
101326
101326
101326
101326
101326
101326
101326
101326
101326
101326
101327
101327
101327
101327
101327
101328
101328
101328
101328
101328
101328
101327
101327
101327
101327
101326
101327
101326
101326
101326
101326
101326
101326
101326
101326
101326
101326
101326
101326
101326
101326
101326
101327
101327
101327
101327
101327
101328
101328
101328
101328
101328
101328
101327
101327
101327
101327
101326
101327
101326
101326
101326
101326
101326
101326
101326
101326
101326
101326
101326
101326
101326
101326
101326
101327
101327
101327
101327
101327
101328
101328
101328
101328
101328
101328
101328
101327
101327
101327
101327
101326
101326
101326
101326
101326
101326
101326
101326
101326
101326
101326
101326
101326
101326
101326
101326
101327
101327
101327
101327
101327
101328
101328
101328
101328
101328
101328
101327
101327
101327
101327
101326
101327
101326
101326
101326
101326
101326
101326
101326
101326
101326
101326
101326
101326
101326
101326
101326
101327
101327
101327
101327
101327
101327
101328
101327
101327
101328
101327
101327
101327
101327
101327
101327
101326
101326
101326
101326
101326
101326
101326
101326
101326
101326
101326
101326
101326
101326
101326
101326
101326
101327
101327
101327
101327
101327
101327
101327
101327
101327
101327
101327
101327
101327
101326
101326
101326
101326
101325
101325
101325
101325
101325
101325
101325
101325
101325
101325
101326
101325
101326
101326
101327
101327
101327
101327
101328
101328
101328
101328
101328
207991
207210
209404
209909
209235
207088
202993
198150
196312
193134
192292
192994
194701
194128
196801
201002
200604
205802
207082
209316
210079
210103
210210
208593
207953
208329
208469
207387
205645
200411
200318
193416
193478
190846
190091
188707
187890
184852
185828
181611
182603
178363
178443
175616
172112
173179
167273
168651
165795
165261
163644
162879
166008
173152
175194
180810
179280
182552
182822
185104
181662
181751
184413
178963
172399
185756
193694
199305
205749
204452
198142
198285
189550
189728
190636
191765
194293
184558
190863
162769
180339
145693
163824
144887
151950
148739
148202
148515
146911
146786
144780
144394
143410
142157
142442
142502
142331
142144
141406
141160
139606
137393
138172
133952
135622
130984
132642
128514
128966
127092
125036
125702
121991
123338
120190
118825
118904
115638
116484
114723
113020
113917
111408
112142
110315
110096
109934
108451
108996
107686
107454
107233
106341
106658
105610
105670
105285
104753
104918
104106
104442
103616
103941
103175
103457
102790
103035
102474
102675
102216
102401
102013
102161
101871
101969
101754
101829
101655
101720
101576
101634
101515
101562
101469
101502
101432
101458
101403
101423
101384
101394
101370
101375
101359
101363
101349
101354
101343
101347
101337
101340
101335
101333
101333
101330
101331
101328
101329
101327
101327
101326
101326
101326
101326
101326
101326
101326
101326
101327
101327
101327
101327
101327
101328
101328
101328
101328
101328
101328
101328
101327
101327
101327
101327
101327
101327
101326
101326
101326
101326
101326
101326
101326
101326
101326
101326
101326
101326
101326
101326
101326
101327
101327
101327
101327
101328
101328
101328
101328
101328
101328
101328
101327
101327
101327
101327
101327
101327
101326
101326
101326
101326
101326
101326
101326
101326
101326
101326
101326
101326
101326
101326
101326
101327
101327
101327
101327
101328
101328
101328
101328
101328
101328
101328
101328
101327
101327
101327
101327
101326
101326
101326
101326
101326
101326
101326
101326
101326
101326
101326
101326
101326
101326
101326
101327
101327
101327
101327
101327
101327
101328
101328
101328
101328
101328
101328
101327
101327
101327
101327
101327
101327
101326
101326
101326
101326
101326
101326
101326
101326
101326
101326
101326
101326
101326
101326
101326
101327
101327
101327
101327
101327
101327
101328
101327
101327
101328
101327
101327
101327
101327
101327
101327
101326
101326
101326
101326
101326
101326
101326
101326
101326
101326
101326
101326
101326
101326
101326
101326
101327
101327
101327
101327
101327
101327
101328
101327
101327
101327
101327
101327
101327
101327
101326
101326
101326
101326
101325
101325
101325
101325
101325
101325
101325
101325
101325
101325
101326
101326
101326
101326
101327
101327
101327
101327
101328
101328
101328
101328
101328
205876
209224
208920
210098
209243
206707
201881
196588
193727
192102
191537
190969
194971
193153
195547
201875
201191
204839
206996
209984
209181
211073
209936
208927
207982
207237
208075
208189
206661
202347
199871
190833
194252
187790
189599
186040
186643
183611
183013
181785
180333
177387
178072
173762
173123
172904
167830
170247
165442
167314
162993
165424
161722
172736
176848
178979
186800
186751
190169
190093
187785
178659
171809
183308
172930
175213
192451
205000
210396
207131
195581
198910
187325
190911
188203
192448
190905
184725
191463
162292
182165
145467
165841
144370
154478
147576
150402
147526
148393
145566
146217
142677
143924
141121
142092
141864
142090
142042
141385
141244
139716
137272
138170
134319
135010
131149
132360
128221
129702
125827
126398
125100
122300
123285
119556
120766
116970
117146
116496
114013
113470
113781
111298
112376
110003
110806
109206
108755
108823
107501
107913
106635
106943
106194
105630
105876
104950
105134
104727
104161
104396
103625
103943
103177
103481
102792
103061
102471
102703
102215
102408
102018
102167
101867
101983
101748
101840
101653
101726
101577
101634
101518
101561
101469
101504
101431
101459
101403
101424
101383
101398
101368
101379
101357
101365
101350
101352
101345
101344
101338
101340
101333
101336
101331
101332
101329
101328
101328
101327
101327
101326
101327
101326
101326
101326
101326
101326
101327
101327
101327
101327
101327
101327
101328
101328
101328
101328
101328
101328
101328
101328
101327
101327
101327
101327
101327
101326
101326
101326
101326
101326
101326
101326
101326
101326
101326
101326
101326
101326
101327
101326
101327
101327
101327
101327
101328
101328
101328
101328
101328
101328
101328
101327
101327
101327
101327
101327
101327
101326
101326
101326
101326
101326
101326
101326
101326
101326
101326
101326
101326
101326
101327
101326
101327
101327
101327
101327
101328
101328
101328
101328
101328
101328
101328
101328
101327
101327
101327
101327
101327
101327
101326
101326
101326
101326
101326
101326
101326
101326
101326
101326
101326
101326
101327
101326
101327
101327
101327
101327
101327
101328
101328
101328
101328
101328
101328
101327
101327
101327
101327
101327
101327
101326
101326
101326
101326
101326
101326
101326
101326
101326
101326
101326
101326
101326
101327
101326
101327
101327
101327
101327
101327
101327
101328
101328
101328
101328
101327
101327
101327
101327
101327
101327
101326
101326
101326
101326
101326
101326
101326
101326
101326
101326
101326
101326
101326
101326
101326
101327
101327
101327
101327
101327
101327
101327
101327
101327
101327
101327
101327
101327
101327
101327
101326
101326
101326
101326
101325
101326
101325
101325
101325
101325
101325
101325
101325
101325
101326
101326
101326
101326
101327
101327
101327
101327
101328
101328
101328
101328
101328
206048
204910
202151
201387
197482
195044
182914
186358
180827
184934
188269
197151
200723
209031
227583
222790
218978
206010
208329
206027
206953
205278
204219
202728
201879
201526
202767
201416
199458
190875
190527
177673
178969
175433
175427
180077
175741
186474
196871
204056
207139
203899
199718
194884
206352
205534
203996
201337
200787
196954
199564
204328
204359
216542
221804
229644
239250
247288
254741
261509
267287
271515
274195
270522
249180
235893
216587
199384
194337
195226
194659
192386
193383
188493
136844
137333
137693
138679
140082
141035
142503
143259
144235
144669
145429
145679
146138
146086
146243
145175
144809
142444
142902
140440
141409
140708
141095
141312
141344
141190
139891
138570
138291
136592
113154
113187
112715
112813
112229
112097
111862
110991
111247
110110
110123
109771
109104
108693
108567
107721
107986
106889
107355
106269
106601
105955
105615
105746
105150
105221
105043
104728
104883
104644
101896
101908
101878
101903
101837
101852
101766
101789
101693
101692
101670
101598
101615
101537
101559
101489
101491
101478
101430
101447
101403
101418
101384
101397
101373
101376
101372
101363
101365
101361
101326
101326
101325
101325
101325
101324
101324
101323
101323
101322
101322
101321
101322
101321
101322
101321
101322
101321
101322
101321
101322
101322
101323
101323
101324
101323
101324
101324
101324
101324
101325
101324
101324
101324
101324
101323
101323
101322
101323
101322
101322
101321
101322
101321
101322
101321
101322
101321
101322
101321
101322
101322
101323
101323
101324
101323
101324
101324
101324
101324
101324
101324
101324
101324
101324
101323
101323
101322
101323
101322
101322
101321
101322
101321
101322
101321
101322
101321
101322
101321
101322
101322
101323
101323
101324
101323
101324
101324
101324
101324
101324
101324
101324
101324
101323
101324
101323
101323
101322
101322
101321
101322
101321
101322
101321
101321
101321
101322
101321
101322
101322
101322
101323
101323
101324
101323
101324
101324
101325
101324
101324
101324
101324
101323
101324
101323
101323
101322
101323
101322
101322
101321
101322
101321
101322
101321
101322
101321
101322
101321
101322
101322
101323
101323
101324
101323
101324
101324
101324
101324
101324
101324
101324
101324
101324
101323
101324
101322
101323
101322
101322
101321
101322
101321
101322
101322
101321
101322
101321
101322
101322
101323
101322
101324
101323
101324
101324
101325
101325
101325
101326
101325
101326
101325
101325
101324
101324
101323
101324
101322
101323
101322
101322
101321
101322
101321
101321
101321
101322
101321
101322
101322
101323
101323
101324
101323
101324
101324
101324
101324
206107
204928
202223
200562
197866
192410
187242
184849
183722
187982
192109
198355
205637
210166
227153
224423
220255
216045
214438
212565
209381
209740
208488
208858
207027
205830
203043
201170
197253
195168
188795
183917
181028
179533
176580
180572
178608
188805
194442
203730
207224
206021
200474
196337
201298
199708
197657
197963
195797
197500
193905
198170
201839
212775
217748
229884
235597
242437
244754
246305
248805
250529
251076
244325
248814
233700
226444
210376
203132
192633
195077
192843
190966
192846
136279
137468
136899
138949
139574
141591
142690
144072
144849
145391
145731
145875
145818
145880
145248
145208
143976
143123
142260
141259
141139
140881
140985
141140
141179
140392
139759
138965
137089
137611
113307
112914
113097
112629
112768
112061
111903
111506
110937
110726
110029
109553
109587
108458
108885
107610
108138
106932
107273
106483
106272
106209
105667
105456
105451
104956
105143
104698
104868
104613
101989
101951
101956
101888
101893
101829
101826
101753
101747
101684
101677
101622
101597
101573
101516
101529
101462
101484
101430
101439
101411
101406
101395
101385
101381
101371
101369
101362
101359
101359
101323
101322
101322
101322
101320
101320
101320
101319
101320
101318
101319
101318
101319
101318
101318
101318
101318
101318
101319
101318
101319
101318
101320
101319
101320
101319
101320
101320
101320
101320
101321
101320
101320
101320
101320
101319
101320
101318
101319
101318
101319
101318
101318
101318
101318
101317
101318
101318
101319
101318
101319
101318
101320
101319
101320
101319
101320
101320
101320
101320
101320
101320
101320
101319
101320
101319
101320
101319
101319
101318
101319
101318
101318
101318
101318
101318
101318
101318
101319
101318
101319
101318
101320
101319
101320
101319
101320
101320
101320
101320
101320
101320
101320
101320
101319
101320
101319
101320
101318
101319
101318
101319
101317
101318
101317
101318
101317
101318
101318
101318
101319
101318
101320
101319
101320
101319
101321
101320
101320
101320
101320
101320
101320
101319
101320
101319
101320
101318
101319
101318
101319
101318
101318
101318
101318
101318
101318
101318
101319
101318
101319
101318
101320
101319
101320
101319
101320
101320
101320
101320
101320
101320
101320
101320
101320
101319
101320
101319
101319
101318
101319
101318
101319
101318
101318
101318
101318
101319
101318
101319
101318
101319
101319
101320
101319
101320
101320
101320
101320
101321
101322
101321
101322
101321
101322
101320
101321
101319
101320
101319
101320
101318
101319
101318
101318
101317
101318
101317
101319
101318
101319
101318
101320
101319
101320
101319
101320
101320
101320
101320
206464
204977
202930
199784
197871
192172
188928
188645
187505
190726
195028
201282
208830
215583
229120
221840
220255
218114
217465
212500
209210
207934
207525
204818
204149
202951
202651
200676
196979
195088
192250
190244
184736
184315
183521
186047
183572
190730
191388
200986
206447
207388
202439
199140
196231
194908
193383
188341
189849
186155
191703
187798
195714
205085
212517
222825
232062
236806
238970
238748
236734
233795
231086
238322
234477
237266
237011
224006
211441
199926
191881
191706
191317
191038
136489
136552
136292
138247
138955
141142
142534
144075
145207
145899
146110
146052
145709
145217
145271
144286
143976
143661
142134
142354
141065
141221
140722
140916
140512
139827
139414
138025
137353
137356
113235
113511
113068
113188
112626
112704
112049
111524
111489
110538
110407
109650
109555
108569
108772
107783
107911
107015
107206
106410
106451
105889
105889
105308
105458
104903
105084
104689
104807
104592
101939
101971
101919
101959
101884
101889
101805
101787
101758
101680
101693
101621
101626
101564
101534
101529
101466
101488
101432
101435
101422
101395
101404
101379
101388
101369
101376
101365
101369
101364
101332
101332
101332
101331
101331
101330
101329
101329
101327
101328
101326
101327
101326
101327
101325
101327
101326
101327
101326
101327
101326
101328
101327
101329
101328
101330
101329
101330
101330
101330
101330
101330
101329
101330
101328
101329
101327
101329
101327
101328
101326
101327
101326
101327
101325
101327
101326
101327
101326
101327
101326
101328
101327
101329
101328
101330
101329
101329
101330
101330
101330
101330
101329
101330
101328
101329
101327
101329
101327
101328
101326
101327
101326
101327
101325
101327
101325
101327
101326
101327
101326
101328
101327
101329
101328
101330
101329
101329
101330
101330
101330
101330
101330
101329
101330
101328
101329
101327
101328
101326
101327
101326
101327
101325
101327
101325
101327
101326
101327
101327
101327
101328
101327
101329
101328
101330
101329
101330
101330
101330
101330
101330
101329
101330
101328
101329
101327
101329
101327
101328
101326
101327
101326
101327
101325
101327
101326
101327
101326
101328
101326
101328
101327
101329
101328
101330
101329
101329
101330
101330
101330
101330
101330
101330
101329
101330
101328
101329
101327
101328
101326
101327
101326
101327
101326
101326
101327
101326
101327
101326
101328
101327
101329
101328
101329
101328
101330
101329
101330
101330
101331
101331
101330
101331
101329
101330
101328
101329
101327
101328
101326
101327
101326
101327
101325
101327
101325
101327
101326
101327
101326
101328
101327
101329
101328
101330
101329
101330
101330
101330
206550
205550
204325
200739
199576
195602
195561
194730
195960
195261
198886
202251
210571
216932
223318
213104
213077
215256
215106
214592
213525
209675
206636
206128
202977
204101
202101
201878
196583
197663
188622
191232
185697
186319
187161
186851
189334
187846
192079
194319
203556
205094
203289
196724
178742
179781
179606
182469
180340
185120
177831
183779
179034
185205
196534
206846
215247
223959
227683
229187
226346
224365
226584
222975
229918
236309
237852
236532
225874
207218
197706
188570
191523
190093
135861
135275
136624
136379
139074
140490
142574
144160
145433
146194
146435
146207
145607
145230
144200
144324
143805
143645
142533
142782
141049
141646
140255
140547
139636
139318
138317
137842
137485
137406
113731
113465
113738
113283
113313
112475
112596
111752
111244
111122
110280
109695
109703
108655
108800
107878
107982
107113
107278
106368
106617
105699
106058
105190
105553
104834
105148
104622
104859
104579
102110
102038
102062
101923
101961
101857
101877
101771
101791
101699
101671
101664
101593
101604
101527
101546
101475
101487
101444
101436
101420
101404
101400
101383
101382
101369
101369
101367
101360
101363
101328
101328
101326
101327
101326
101324
101326
101322
101325
101321
101324
101321
101323
101320
101323
101320
101323
101320
101323
101321
101324
101321
101324
101321
101325
101322
101326
101323
101325
101324
101325
101325
101326
101323
101325
101322
101325
101322
101324
101321
101324
101321
101323
101320
101323
101320
101323
101321
101324
101321
101324
101321
101325
101322
101325
101322
101325
101324
101324
101324
101325
101324
101326
101323
101326
101322
101325
101322
101324
101321
101324
101321
101323
101320
101323
101320
101323
101321
101324
101321
101324
101321
101325
101322
101325
101322
101325
101324
101324
101324
101324
101324
101323
101326
101322
101325
101322
101324
101321
101324
101321
101323
101320
101323
101320
101323
101320
101323
101321
101322
101323
101321
101325
101322
101325
101322
101326
101323
101325
101325
101325
101324
101326
101323
101326
101322
101325
101322
101324
101321
101324
101321
101323
101321
101323
101321
101323
101321
101324
101321
101324
101321
101325
101322
101325
101322
101325
101324
101324
101324
101325
101325
101324
101323
101325
101322
101325
101321
101324
101321
101324
101321
101323
101321
101323
101323
101321
101323
101321
101324
101321
101324
101322
101325
101322
101326
101323
101325
101325
101325
101326
101325
101327
101324
101327
101323
101326
101322
101325
101321
101324
101321
101323
101320
101323
101320
101323
101320
101323
101321
101324
101321
101325
101322
101325
101322
101325
101324
101324
101325
207049
205970
205041
203592
201421
200682
197963
196957
196792
199502
201104
204822
210219
217779
218844
209177
214208
210367
212221
213799
214472
210440
205790
206924
202781
201697
202227
199046
199110
194937
190861
191202
187822
185038
188419
187043
188396
188056
186925
191416
193393
198852
198981
201238
181299
174945
170832
164679
165926
160789
167700
161063
173467
174100
181827
190855
204138
210805
217036
219737
223885
225063
222269
222880
223334
226525
232891
235830
235024
216241
206234
196154
188487
191953
134142
134104
133534
134853
137878
138992
141632
143575
145095
145910
146296
146241
145804
145256
144519
144300
143823
143956
143466
142590
141831
141174
139844
139409
138761
137997
137689
137557
137430
136794
113518
113927
113681
113495
113189
113305
112372
112549
111457
111152
110701
109981
109498
109280
108287
108612
107390
107703
107021
106447
106637
105813
105984
105331
105395
104956
104986
104715
104692
104721
102032
102091
101992
102075
101941
101967
101858
101863
101761
101761
101702
101638
101650
101572
101584
101515
101527
101460
101481
101421
101443
101396
101413
101378
101391
101368
101375
101362
101364
101362
101331
101328
101328
101328
101327
101326
101325
101325
101324
101324
101323
101323
101322
101322
101322
101322
101322
101322
101322
101323
101322
101323
101323
101324
101324
101324
101324
101325
101325
101325
101325
101325
101324
101324
101324
101324
101323
101323
101323
101323
101322
101322
101322
101322
101322
101322
101322
101322
101322
101323
101322
101323
101323
101324
101324
101324
101324
101324
101325
101325
101325
101325
101325
101324
101324
101324
101323
101323
101323
101323
101322
101322
101322
101322
101322
101322
101322
101322
101322
101323
101322
101323
101323
101324
101324
101324
101324
101324
101325
101325
101325
101325
101325
101324
101324
101324
101324
101323
101323
101322
101323
101322
101322
101322
101322
101322
101322
101322
101322
101323
101323
101323
101323
101324
101324
101324
101324
101325
101325
101325
101325
101325
101325
101324
101324
101324
101323
101323
101323
101323
101322
101322
101322
101322
101322
101322
101322
101322
101322
101323
101323
101323
101323
101324
101324
101324
101324
101324
101325
101325
101325
101325
101325
101324
101324
101324
101323
101323
101323
101323
101322
101322
101322
101322
101322
101322
101322
101322
101322
101322
101323
101323
101323
101323
101324
101324
101324
101325
101325
101325
101326
101326
101325
101325
101324
101325
101324
101324
101323
101323
101322
101322
101322
101322
101322
101322
101322
101322
101322
101322
101322
101323
101323
101324
101324
101324
101325
101324
101325
101325
207328
206905
206442
205320
204288
201362
201140
199937
200640
200632
201877
204975
207792
213879
212798
209672
210029
210022
210830
213888
213719
213704
203986
206101
203470
200718
201953
198682
198918
194416
192342
192276
189201
189369
186909
189466
186746
187469
186801
184310
190463
192566
193163
187901
160665
163106
165511
168584
165927
169588
163866
169098
166642
178400
174326
193460
195001
208722
212775
217783
219530
220897
222295
221501
219110
220148
223178
229651
230805
226415
215914
206537
190704
191507
134594
131939
133000
132683
135598
137374
141117
142908
144636
145424
145912
146101
145989
145638
145104
144623
144370
143856
143927
142110
142928
139784
139786
138940
137594
137045
137043
137100
136478
136677
114248
114555
114208
114650
113858
113226
113218
112187
112274
111318
110473
110725
109192
109746
108223
108738
107461
107652
107086
106526
106510
105979
105819
105483
105306
105059
104881
104710
104638
104548
102327
102182
102249
102040
102092
101937
101968
101835
101858
101729
101754
101667
101633
101616
101562
101564
101506
101493
101475
101439
101439
101409
101408
101390
101385
101376
101373
101363
101367
101360
101330
101331
101330
101329
101329
101327
101328
101325
101326
101324
101325
101323
101324
101323
101323
101323
101323
101323
101324
101323
101324
101323
101325
101324
101325
101325
101326
101325
101326
101326
101326
101326
101326
101325
101325
101324
101325
101324
101324
101323
101324
101323
101323
101323
101323
101323
101323
101323
101324
101323
101324
101323
101325
101324
101325
101325
101325
101326
101326
101326
101326
101326
101326
101325
101326
101324
101325
101324
101324
101323
101324
101323
101323
101323
101323
101323
101323
101323
101324
101323
101324
101323
101325
101324
101325
101325
101326
101326
101326
101326
101326
101326
101325
101326
101325
101325
101324
101325
101323
101324
101323
101324
101323
101323
101322
101323
101323
101323
101323
101323
101324
101323
101325
101324
101325
101325
101326
101325
101326
101326
101326
101325
101326
101325
101326
101324
101325
101324
101324
101323
101324
101323
101323
101323
101323
101323
101323
101323
101324
101323
101324
101323
101325
101324
101325
101325
101325
101326
101325
101326
101326
101326
101326
101325
101325
101324
101325
101324
101324
101323
101324
101323
101324
101323
101323
101323
101323
101324
101323
101324
101323
101324
101324
101325
101324
101325
101325
101326
101326
101326
101327
101326
101327
101326
101326
101325
101325
101324
101325
101323
101324
101323
101323
101322
101323
101322
101323
101322
101323
101323
101324
101323
101325
101324
101325
101325
101326
101326
101326
101326
207213
207520
207082
206132
205388
202968
202421
201188
200903
202043
200778
204178
204052
209505
210947
213352
210789
209136
211938
213179
214249
211109
206546
205834
203284
200840
201133
198165
198934
193683
195265
191715
189446
190130
187213
185660
190040
184836
183442
180405
176429
178843
177091
189569
166399
161831
158315
154172
159972
164794
162732
167747
166764
173276
172789
187588
200973
203000
207036
209569
213927
216546
218454
219118
219142
216435
216541
217538
223775
227614
223445
211427
201107
192561
131337
129253
127837
128562
133242
135478
140216
142536
144380
145108
145535
145818
145984
145916
145696
145131
144668
144252
143621
142266
142739
139234
139293
138194
136180
136398
136399
135528
136119
135817
114061
114676
115245
114298
114632
113860
113051
113106
111904
112088
110660
110624
109599
109561
108483
108639
107628
107732
106948
106908
106199
106329
105555
105779
105026
105303
104605
104852
104414
104565
102245
102349
102185
102253
102077
102091
101942
101947
101825
101814
101741
101684
101685
101590
101613
101533
101548
101482
101496
101440
101454
101408
101422
101385
101398
101371
101380
101364
101366
101361
101335
101332
101330
101331
101328
101329
101327
101327
101325
101325
101324
101324
101323
101323
101323
101323
101323
101323
101323
101323
101323
101324
101324
101324
101324
101325
101325
101325
101325
101325
101325
101325
101325
101325
101325
101324
101324
101324
101323
101323
101323
101323
101323
101323
101323
101323
101323
101323
101323
101323
101323
101324
101324
101324
101324
101325
101325
101325
101325
101325
101325
101325
101325
101325
101325
101324
101324
101324
101323
101323
101323
101323
101323
101323
101323
101323
101323
101323
101323
101323
101323
101324
101324
101324
101324
101325
101325
101325
101325
101325
101325
101325
101325
101325
101325
101324
101324
101324
101324
101323
101323
101323
101323
101323
101323
101323
101323
101323
101323
101323
101323
101324
101324
101324
101324
101325
101325
101325
101325
101325
101325
101325
101325
101325
101325
101324
101324
101324
101323
101323
101323
101323
101323
101323
101323
101323
101323
101323
101323
101323
101323
101324
101324
101324
101324
101325
101325
101325
101325
101325
101325
101325
101325
101325
101325
101324
101324
101324
101323
101323
101323
101323
101323
101323
101323
101323
101323
101323
101323
101323
101323
101323
101324
101324
101324
101325
101325
101325
101325
101325
101326
101326
101326
101325
101325
101325
101324
101324
101323
101323
101323
101323
101322
101322
101322
101322
101322
101323
101323
101323
101323
101324
101323
101324
101324
101325
101325
101325
101325
101326
207345
207535
208132
207556
206052
204515
202974
202942
202038
201208
201479
200687
202131
201358
211234
208157
209521
212958
213984
214932
213652
211091
207351
204148
202780
201282
199691
199730
197960
196445
194058
193542
192081
188849
189006
187246
184391
186912
183767
180420
179134
178474
180068
176185
152189
151165
148752
155907
162275
165542
163547
161667
163516
166228
195450
210903
207085
221332
205455
207216
208551
212035
213585
214053
212438
211525
210266
213273
218703
222280
225057
224185
209760
203220
131948
128161
128298
127699
132573
134906
140458
142620
144368
145089
145407
145651
145814
145957
145904
145477
145077
144731
142917
142934
141780
139238
138310
137795
135984
136109
135110
135836
135105
134585
110223
113442
114718
115862
114583
114818
113692
112804
112855
111525
111747
110129
110552
109184
108918
108688
107668
107938
106824
107160
106129
106437
105510
105870
104987
105354
104607
104916
104379
104570
102539
102315
102477
102149
102254
102037
102077
101912
101928
101789
101819
101683
101704
101626
101607
101565
101538
101518
101474
101479
101433
101439
101411
101398
101394
101380
101377
101367
101369
101360
101332
101336
101334
101331
101332
101330
101330
101328
101328
101326
101326
101325
101325
101324
101325
101324
101324
101324
101325
101324
101325
101325
101325
101325
101326
101326
101326
101326
101327
101327
101327
101327
101327
101326
101326
101325
101326
101325
101325
101324
101325
101324
101324
101324
101324
101324
101324
101324
101325
101324
101325
101325
101325
101325
101326
101326
101326
101327
101327
101327
101327
101327
101327
101326
101326
101326
101326
101325
101325
101324
101325
101324
101324
101324
101324
101324
101324
101324
101325
101324
101325
101325
101325
101325
101326
101326
101326
101327
101327
101327
101327
101327
101326
101326
101326
101326
101325
101325
101325
101325
101324
101325
101324
101324
101324
101324
101324
101324
101324
101324
101325
101325
101326
101325
101326
101326
101327
101326
101327
101327
101327
101327
101327
101326
101326
101325
101326
101325
101325
101324
101325
101324
101324
101324
101324
101324
101324
101324
101325
101324
101325
101325
101325
101325
101326
101326
101326
101327
101327
101327
101327
101327
101326
101326
101326
101326
101326
101325
101325
101324
101325
101324
101324
101324
101324
101324
101324
101324
101324
101325
101324
101325
101325
101326
101325
101326
101326
101326
101327
101327
101327
101327
101327
101326
101327
101326
101326
101325
101325
101324
101325
101324
101324
101324
101324
101324
101324
101324
101324
101324
101325
101324
101325
101325
101326
101326
101326
101327
101327
101327
207374
207955
208654
208201
207130
205177
204536
202387
202645
201500
200015
200283
200605
200638
201901
205490
213246
210163
212461
214165
215914
214340
212965
210333
208045
203187
204134
200271
201065
198913
199361
196303
195788
195160
192676
192923
188732
189079
186528
185921
185276
185083
176917
170658
168078
165412
140587
149618
153103
147253
149311
156445
163383
170786
158518
160295
159506
175557
245987
203622
204989
207546
215332
196548
198677
205410
207611
208937
210075
207988
208705
208345
209414
215475
220577
223065
202984
176017
141085
138578
128815
121623
122933
123323
133669
137198
141503
143587
144902
145280
145456
145486
145611
145729
145701
145628
145181
144575
142483
143144
140158
139613
137674
137049
135739
134071
134115
132568
130294
127782
115935
117925
118001
118285
117348
116372
116372
114608
114787
113231
112701
112434
111181
111298
110175
109451
109383
108442
108077
107730
107020
107091
106146
106485
105463
105881
104964
105276
104540
104627
104152
103928
103441
103389
102769
102875
102426
102566
102171
102295
101993
102092
101855
101919
101775
101728
101723
101631
101648
101556
101576
101508
101496
101472
101450
101430
101424
101395
101405
101375
101386
101363
101370
101355
101357
101346
101345
101337
101336
101335
101330
101332
101328
101329
101326
101327
101325
101325
101324
101324
101324
101324
101324
101324
101324
101324
101324
101324
101325
101325
101325
101325
101326
101326
101326
101326
101327
101327
101326
101326
101326
101326
101325
101325
101325
101325
101324
101324
101324
101324
101324
101324
101324
101324
101324
101324
101324
101324
101324
101324
101324
101325
101325
101325
101326
101326
101326
101326
101327
101327
101327
101326
101326
101326
101325
101325
101325
101325
101324
101324
101324
101324
101324
101324
101324
101324
101324
101324
101324
101324
101324
101324
101324
101325
101325
101325
101326
101326
101326
101326
101327
101327
101326
101326
101326
101326
101325
101325
101325
101324
101324
101324
101324
101324
101324
101324
101323
101324
101323
101324
101324
101324
101324
101325
101325
101325
101325
101326
101326
101326
101326
101327
101327
101327
101326
101326
101326
101326
101325
101325
101325
101325
101324
101324
101324
101324
101324
101324
101324
101324
101324
101324
101324
101324
101324
101324
101324
101325
101325
101325
101325
101326
101326
101326
101327
101327
101326
101326
101326
101326
101325
101325
101325
101325
101324
101324
101324
101324
101324
101324
101324
101324
101324
101324
101324
101324
101324
101324
101325
101325
101325
101325
101325
101326
101326
101326
101327
101327
101326
101326
101326
101326
101325
101325
101325
101325
101324
101324
101323
101324
101323
101323
101323
101323
101323
101323
101323
101324
101324
101324
101324
101325
101325
101326
101326
101326
101326
101327
101327
101327
207232
208292
208636
208655
207432
205846
204458
203376
201625
201515
199793
198994
198317
199478
198672
204997
206332
211732
212811
215451
214934
214197
211663
210309
207176
205982
201687
202435
199634
200839
198285
198958
196595
196236
194537
193174
192019
188776
188352
185495
181782
176727
177105
178213
164209
162249
160492
152265
156728
154020
159767
167693
167555
177273
160054
163125
158155
166796
191199
215714
189343
201222
178513
222473
191890
197868
203362
203868
205473
207388
202465
201843
204370
209822
214234
212283
211670
176659
175790
138990
143626
138264
134639
135955
135357
141782
143216
144889
145107
145419
145379
145317
145267
145316
145450
145363
144935
144374
142307
142556
139867
138550
138650
135293
136492
132922
133947
130972
130461
128900
120602
123924
118419
118711
118261
117373
115940
115904
114248
113751
113234
112004
111787
110775
110679
109415
109579
108435
108568
107408
107690
106674
106566
106238
105638
105765
104949
105282
104442
104735
103976
104235
103267
103608
102705
102960
102473
102576
102239
102291
102047
102091
101895
101919
101790
101791
101675
101711
101585
101624
101540
101519
101519
101458
101476
101421
101441
101395
101409
101379
101385
101366
101371
101356
101360
101345
101349
101338
101341
101334
101336
101331
101332
101329
101330
101327
101328
101326
101326
101326
101326
101325
101325
101325
101325
101326
101326
101326
101326
101326
101327
101327
101327
101327
101327
101328
101328
101328
101328
101327
101327
101327
101327
101326
101326
101326
101326
101326
101326
101325
101325
101325
101325
101325
101325
101325
101325
101325
101326
101326
101326
101326
101327
101327
101327
101327
101327
101328
101328
101328
101328
101328
101327
101327
101327
101326
101327
101326
101326
101326
101326
101325
101325
101325
101325
101325
101325
101325
101325
101325
101326
101326
101326
101326
101327
101327
101327
101327
101328
101328
101328
101328
101328
101327
101327
101327
101327
101327
101326
101326
101326
101326
101325
101325
101325
101325
101325
101325
101325
101325
101325
101325
101326
101326
101326
101326
101327
101327
101327
101327
101328
101328
101328
101328
101328
101327
101327
101327
101327
101326
101326
101326
101326
101326
101326
101325
101325
101325
101325
101325
101325
101325
101325
101325
101326
101326
101326
101326
101327
101327
101327
101327
101327
101327
101328
101328
101327
101327
101327
101327
101327
101326
101326
101326
101326
101325
101326
101325
101325
101325
101325
101325
101325
101325
101325
101326
101325
101326
101326
101326
101326
101327
101327
101327
101327
101327
101328
101328
101328
101327
101327
101327
101327
101326
101326
101326
101326
101325
101325
101325
101325
101324
101325
101324
101325
101325
101325
101325
101325
101325
101326
101326
101326
101327
101327
101327
101328
101328
101328
101328
207719
207972
208699
208929
207902
206288
205143
203019
202889
199969
199966
197043
198040
197780
198478
201146
207358
210623
211799
214614
214669
212071
211786
209380
209390
205032
205253
200583
201652
199832
199507
198130
197680
196641
194153
194660
191637
192008
187495
188481
182937
179663
174408
167276
168256
176983
174013
158399
160245
158012
162931
169065
166781
169419
166138
164168
160938
167240
178824
167775
192189
185089
175700
170892
198415
195309
196485
202191
201345
200649
200910
202423
202167
204240
204872
210325
207034
185867
171851
163562
144092
138945
139378
138637
143468
142008
145378
144807
145852
145325
145338
145072
144884
144862
144826
144780
144383
143988
142055
141822
139997
137796
138612
134765
136289
132317
133280
130691
129424
128027
123574
124747
119702
120371
119129
117246
117401
115248
115527
113391
113773
112210
112037
110845
110894
109750
109279
109198
107883
108020
107307
106799
106810
105931
106051
105550
105026
105228
104431
104721
103931
104136
103340
103591
102795
103020
102545
102636
102296
102357
102055
102154
101893
101975
101780
101844
101676
101723
101607
101616
101556
101533
101511
101472
101474
101429
101438
101400
101408
101381
101387
101367
101373
101355
101361
101347
101349
101342
101340
101336
101334
101333
101330
101330
101328
101328
101326
101327
101325
101325
101325
101325
101325
101325
101325
101325
101325
101325
101325
101325
101326
101326
101326
101326
101327
101327
101327
101327
101327
101327
101326
101326
101326
101326
101326
101325
101325
101325
101325
101324
101325
101324
101324
101324
101324
101324
101325
101325
101325
101325
101325
101325
101326
101326
101326
101326
101327
101327
101327
101327
101327
101327
101326
101326
101326
101326
101326
101325
101325
101325
101325
101324
101325
101324
101324
101324
101324
101324
101325
101325
101325
101325
101325
101325
101326
101326
101326
101326
101327
101327
101327
101327
101327
101327
101326
101326
101326
101326
101326
101325
101325
101325
101325
101325
101324
101324
101324
101324
101324
101324
101325
101325
101325
101325
101325
101326
101326
101326
101326
101326
101327
101327
101327
101327
101327
101326
101326
101326
101326
101326
101326
101325
101325
101325
101325
101324
101325
101324
101324
101324
101324
101324
101325
101325
101325
101325
101325
101325
101326
101326
101326
101326
101326
101327
101327
101327
101327
101326
101326
101326
101326
101326
101325
101325
101325
101325
101325
101324
101324
101324
101324
101324
101324
101324
101324
101325
101325
101325
101325
101325
101326
101326
101326
101326
101326
101327
101327
101327
101327
101326
101326
101326
101326
101325
101325
101325
101325
101324
101324
101324
101324
101324
101324
101324
101324
101324
101324
101324
101325
101325
101325
101325
101326
101326
101326
101327
101327
101327
101327
101327
207293
208266
208673
208610
208611
206713
205533
203484
201227
199967
197090
197548
196230
196995
196878
200028
202640
209410
210034
212124
212151
212078
209958
210407
208932
208238
205164
203035
200000
200899
198852
199207
195967
197214
193551
193920
191972
190865
189101
185775
186043
180354
177694
174292
170280
164725
158908
155881
158522
160442
165850
169467
168654
169380
164204
163820
161557
165585
168936
180676
168555
171615
178099
205079
183513
202173
196094
196923
200218
202405
198898
198639
197828
197975
203987
202811
201421
194579
164714
180275
141995
157619
143516
144966
143345
146386
145235
146647
145826
146016
145063
145162
144509
144213
144152
143984
143833
143137
142078
140563
140833
137676
138164
135469
134802
132256
132965
129195
130403
126449
125998
124438
120540
121780
119177
118994
116512
116977
114759
114253
113611
112111
112530
110727
111117
109562
109906
108528
108312
108189
107056
107395
106385
106279
105931
105397
105266
105099
104441
104683
103862
104176
103307
103649
102829
103142
102563
102739
102291
102449
102081
102169
101941
101970
101791
101859
101680
101746
101606
101653
101543
101579
101491
101512
101457
101453
101426
101418
101397
101397
101376
101379
101366
101360
101360
101349
101351
101342
101345
101336
101339
101332
101334
101330
101331
101328
101329
101327
101327
101326
101327
101326
101326
101326
101326
101326
101326
101326
101327
101327
101327
101327
101327
101328
101328
101328
101328
101328
101328
101328
101328
101328
101327
101327
101327
101327
101326
101326
101326
101326
101326
101326
101326
101326
101326
101326
101326
101326
101326
101326
101327
101327
101327
101327
101327
101328
101328
101328
101328
101328
101328
101328
101328
101328
101327
101327
101327
101327
101326
101326
101326
101326
101326
101326
101326
101326
101326
101326
101326
101326
101326
101326
101327
101327
101327
101327
101327
101328
101328
101328
101328
101328
101328
101328
101328
101327
101327
101327
101327
101327
101326
101326
101326
101326
101326
101326
101326
101326
101326
101326
101326
101326
101326
101326
101327
101327
101327
101327
101327
101328
101328
101328
101328
101328
101328
101328
101328
101327
101327
101327
101327
101327
101326
101326
101326
101326
101326
101326
101326
101326
101326
101326
101326
101326
101326
101326
101327
101327
101327
101327
101327
101328
101328
101328
101328
101328
101328
101328
101327
101327
101327
101327
101327
101327
101326
101326
101326
101326
101326
101326
101326
101326
101326
101326
101326
101326
101326
101326
101327
101327
101327
101327
101327
101327
101328
101328
101328
101328
101328
101328
101327
101327
101327
101327
101326
101326
101326
101326
101325
101325
101325
101325
101325
101325
101325
101325
101325
101326
101326
101326
101326
101327
101327
101327
101327
101328
101328
101328
101328
101328
207779
208415
208261
209379
208391
207903
204641
203612
198658
197536
197030
194950
196364
195252
198002
197672
203297
204677
210063
210970
211070
209924
210461
209369
209895
208570
207183
204330
201748
199321
199998
197618
195317
193884
193926
191306
191390
189020
188416
185329
183778
182687
176625
177450
170016
172177
163973
164783
162289
163925
164706
167946
172633
170715
169188
165934
167316
164377
170116
169585
176202
179214
181429
178319
199858
187640
192764
193738
201540
201304
199338
199930
193777
196509
197398
197200
197734
195025
167060
185877
147973
159778
147472
146042
148670
145987
147785
146500
146914
145698
145736
144440
143926
143522
143281
143256
142957
142514
142120
140214
140796
137670
137858
136028
133569
133199
131384
129499
129795
125938
127284
123493
122284
122194
118838
120045
117022
116469
115908
113685
114540
112093
112498
111227
110417
110540
109105
108866
108801
107557
107575
107121
106362
106625
105611
105864
105002
105194
104405
104688
103851
104158
103344
103650
102900
103183
102598
102791
102321
102458
102121
102197
101941
102032
101796
101876
101703
101743
101623
101644
101557
101563
101501
101509
101450
101471
101415
101436
101391
101407
101376
101382
101366
101364
101355
101355
101346
101347
101342
101337
101339
101333
101334
101330
101330
101328
101328
101327
101327
101326
101326
101326
101325
101325
101325
101325
101326
101326
101326
101326
101326
101326
101327
101327
101327
101327
101327
101327
101327
101327
101327
101327
101327
101326
101326
101326
101326
101326
101325
101325
101325
101325
101325
101325
101325
101325
101325
101325
101326
101326
101326
101326
101326
101327
101327
101327
101327
101327
101327
101327
101327
101327
101327
101327
101327
101326
101326
101326
101326
101326
101325
101325
101325
101325
101325
101325
101325
101325
101325
101325
101326
101326
101326
101326
101326
101327
101327
101327
101327
101327
101327
101327
101327
101327
101327
101327
101327
101326
101326
101326
101326
101326
101325
101325
101325
101325
101325
101325
101325
101325
101325
101325
101326
101326
101326
101326
101326
101327
101327
101327
101327
101327
101327
101327
101327
101327
101327
101327
101327
101326
101326
101326
101326
101326
101325
101325
101325
101325
101325
101325
101325
101325
101325
101325
101326
101326
101326
101326
101326
101326
101327
101327
101327
101327
101327
101327
101327
101327
101327
101327
101326
101326
101326
101326
101326
101325
101325
101325
101325
101325
101325
101325
101325
101325
101325
101325
101325
101326
101326
101326
101326
101326
101327
101327
101327
101327
101327
101327
101327
101327
101327
101326
101326
101326
101326
101325
101325
101325
101325
101325
101325
101324
101324
101324
101325
101325
101325
101325
101325
101325
101326
101326
101326
101327
101327
101327
101327
101328
101327
101328
207230
207446
209322
209278
208972
207275
204619
200640
197509
195504
193399
195257
193761
197461
194580
201029
200422
206406
206586
210377
210101
210734
209257
209552
208916
209234
208045
205930
202958
201353
196917
197731
193157
194225
190575
191285
188284
188070
185660
183758
183849
180034
178975
176511
173452
170397
168306
166084
163858
163639
164757
167028
169254
174540
173717
174350
171501
174928
174702
178299
175425
180067
181726
181834
181891
182452
188930
193068
203333
203679
199020
199277
190142
191590
191669
196608
196103
190408
172847
184946
149793
168164
143703
155826
145625
149931
147594
148171
146511
146757
144704
145053
142787
143436
143015
142809
142631
142138
142117
140114
140797
137768
136804
136537
132644
134283
129730
130990
128157
126449
126997
123164
124481
120910
120209
120139
116630
118017
114779
114628
114344
112197
112873
110724
111360
109841
109229
109239
108295
107699
107905
106670
106871
106127
105811
105732
104957
105262
104361
104717
103837
104191
103349
103676
102925
103235
102590
102850
102322
102504
102109
102257
101923
102061
101800
101890
101704
101759
101622
101657
101552
101582
101492
101525
101449
101473
101417
101435
101391
101408
101374
101385
101362
101370
101352
101359
101346
101348
101341
101341
101338
101334
101335
101330
101332
101329
101329
101327
101327
101327
101326
101326
101326
101326
101326
101326
101326
101326
101327
101327
101327
101327
101327
101327
101328
101328
101328
101328
101328
101328
101327
101327
101327
101327
101327
101326
101326
101326
101326
101326
101326
101326
101326
101326
101326
101326
101326
101326
101326
101326
101327
101326
101327
101327
101327
101327
101328
101328
101328
101328
101328
101328
101327
101327
101327
101327
101327
101326
101326
101326
101326
101326
101326
101326
101326
101326
101326
101326
101326
101326
101326
101326
101327
101327
101327
101327
101327
101327
101328
101328
101328
101328
101328
101328
101327
101327
101327
101327
101327
101327
101326
101326
101326
101326
101326
101326
101326
101326
101326
101326
101326
101326
101326
101326
101327
101327
101327
101327
101327
101327
101328
101328
101328
101328
101328
101328
101327
101327
101327
101327
101327
101326
101326
101326
101326
101326
101326
101326
101326
101326
101326
101326
101326
101326
101326
101326
101327
101326
101327
101327
101327
101327
101327
101328
101327
101327
101328
101327
101327
101327
101327
101327
101326
101327
101326
101326
101326
101326
101326
101326
101326
101326
101326
101326
101326
101326
101326
101326
101326
101327
101327
101327
101327
101327
101327
101327
101327
101327
101327
101327
101327
101327
101327
101327
101326
101326
101325
101326
101325
101325
101325
101325
101325
101325
101325
101325
101325
101325
101326
101326
101326
101326
101327
101327
101327
101328
101328
101328
101328
101328
206003
208685
208848
209949
209170
206962
202788
199015
194367
194317
194105
193244
193019
195848
196393
197657
204143
203715
207265
208959
210076
210398
209367
209248
208464
208067
208229
207750
204592
203131
196304
196880
191678
191330
189710
188807
186827
186995
183174
184370
180026
180595
176929
176072
174388
169537
170918
166287
166985
164326
163522
164386
166820
169905
178622
179598
182968
180034
182580
183459
185028
179077
174112
185287
178493
184851
190579
200560
204767
205389
202627
191687
193705
190542
189967
192230
191067
193263
173459
186779
152213
172006
143802
156891
147173
149278
149243
147714
147664
145902
145818
143954
142897
142761
141985
142003
142259
142151
141936
140391
139517
139076
135603
136987
132394
134145
129608
130935
127706
126973
126498
123387
124722
120779
121100
119668
117057
117975
114876
114593
114580
112131
113053
110779
111165
110075
109102
109544
107972
108219
107455
106833
106980
105911
106228
105449
105169
105111
104398
104691
103844
104191
103372
103692
102959
103239
102618
102843
102340
102530
102106
102278
101937
102057
101810
101894
101702
101771
101613
101675
101543
101596
101490
101530
101449
101479
101416
101440
101392
101408
101377
101383
101364
101368
101353
101358
101346
101350
101340
101343
101336
101336
101334
101331
101332
101329
101330
101327
101328
101326
101327
101326
101326
101326
101326
101326
101326
101326
101327
101327
101327
101327
101327
101327
101328
101328
101328
101328
101328
101328
101328
101327
101327
101327
101327
101327
101326
101326
101326
101326
101326
101326
101326
101326
101326
101326
101326
101326
101326
101326
101327
101327
101327
101327
101327
101328
101328
101328
101328
101328
101328
101328
101328
101327
101327
101327
101327
101327
101326
101326
101326
101326
101326
101326
101326
101326
101326
101326
101326
101326
101326
101326
101327
101327
101327
101327
101327
101327
101328
101328
101328
101328
101328
101328
101328
101327
101327
101327
101327
101327
101326
101326
101326
101326
101326
101326
101326
101326
101326
101326
101326
101326
101326
101326
101327
101327
101327
101327
101327
101327
101328
101328
101328
101328
101328
101328
101328
101327
101327
101327
101327
101326
101326
101326
101326
101326
101326
101326
101326
101326
101326
101326
101326
101326
101326
101326
101327
101327
101327
101327
101327
101327
101327
101328
101328
101327
101328
101327
101327
101327
101327
101327
101327
101326
101326
101326
101326
101326
101326
101326
101326
101326
101326
101326
101326
101326
101326
101326
101326
101327
101327
101327
101327
101327
101327
101328
101327
101327
101327
101327
101327
101327
101327
101327
101326
101326
101326
101326
101325
101325
101325
101325
101325
101325
101325
101325
101325
101325
101326
101326
101326
101326
101327
101327
101328
101328
101328
101328
101328
101328
207559
206698
209850
210316
209367
206658
201561
197031
193376
191863
191717
193526
191549
195798
197690
197217
203856
204589
207192
207860
211138
209990
210572
208831
207397
207678
207962
208416
206479
203058
196345
197253
188295
191625
187381
188158
184568
184946
183182
181448
179691
179333
175344
176323
173295
170116
171775
166568
168670
164271
165806
162289
169126
166746
174232
184441
182987
187277
189532
191216
185505
181629
170794
169398
175928
175750
191862
204186
209739
206378
203688
188839
194205
187926
191098
189312
191314
192337
174200
188232
151634
174188
143494
159003
146210
151873
147984
149374
146693
147339
144151
145046
141544
142947
141572
142064
142113
142009
141828
140360
139534
139355
135763
136595
132757
133615
129595
131043
126957
128277
125210
123973
124314
120845
122017
118186
119304
116508
114897
115381
114042
112121
113137
110604
111601
109502
109854
109119
108007
108386
107051
107457
106300
106254
106131
105267
105563
104755
104563
104598
103869
104173
103382
103709
102968
103264
102620
102873
102335
102549
102110
102280
101938
102069
101804
101907
101697
101780
101612
101678
101546
101595
101492
101531
101449
101480
101416
101440
101392
101410
101375
101387
101362
101372
101353
101358
101348
101347
101341
101342
101335
101338
101332
101334
101329
101330
101329
101327
101328
101326
101327
101326
101326
101326
101326
101326
101326
101326
101327
101327
101327
101327
101328
101327
101328
101328
101328
101328
101328
101328
101328
101327
101327
101327
101327
101326
101327
101326
101326
101326
101326
101326
101326
101326
101326
101326
101326
101326
101326
101326
101327
101327
101327
101327
101327
101328
101328
101328
101328
101328
101328
101328
101328
101327
101327
101327
101327
101327
101327
101326
101326
101326
101326
101326
101326
101326
101326
101326
101326
101326
101326
101326
101327
101327
101327
101327
101327
101327
101328
101328
101328
101328
101328
101328
101328
101327
101327
101327
101327
101327
101326
101326
101326
101326
101326
101326
101326
101326
101326
101326
101326
101326
101326
101326
101327
101327
101327
101327
101327
101327
101328
101328
101328
101328
101328
101328
101328
101327
101327
101327
101327
101326
101327
101326
101326
101326
101326
101326
101326
101326
101326
101326
101326
101326
101326
101326
101327
101327
101327
101327
101327
101327
101328
101328
101327
101327
101328
101327
101327
101327
101327
101327
101327
101327
101326
101326
101326
101326
101326
101326
101326
101326
101326
101326
101326
101326
101326
101326
101326
101327
101327
101327
101327
101327
101327
101327
101327
101327
101327
101327
101327
101327
101327
101327
101326
101326
101326
101326
101325
101325
101325
101325
101325
101325
101325
101325
101326
101325
101326
101326
101327
101326
101327
101327
101328
101327
101328
101328
101328
101328
)
;

boundaryField
{
    wand
    {
        type            zeroGradient;
    }
    frontAndBack
    {
        type            empty;
    }
}


// ************************************************************************* //
