/*--------------------------------*- C++ -*----------------------------------*\
| =========                 |                                                 |
| \\      /  F ield         | OpenFOAM: The Open Source CFD Toolbox           |
|  \\    /   O peration     | Version:  2.1.1                                 |
|   \\  /    A nd           | Web:      www.OpenFOAM.org                      |
|    \\/     M anipulation  |                                                 |
\*---------------------------------------------------------------------------*/
FoamFile
{
    version     2.0;
    format      ascii;
    class       volScalarField;
    location    "0.000450000";
    object      OH;
}
// * * * * * * * * * * * * * * * * * * * * * * * * * * * * * * * * * * * * * //

dimensions      [0 0 0 0 0 0 0];

internalField   nonuniform List<scalar> 
12384
(
1.53436e-06
7.80422e-07
8.2991e-08
1.56009e-09
3.39971e-11
5.16157e-13
6.86232e-15
8.97336e-17
8.90927e-19
7.58023e-21
6.0727e-23
4.32713e-25
2.67711e-27
1.57548e-29
4.50785e-45
1.332e-46
6.69241e-49
2.81904e-51
1.08911e-53
4.03146e-56
1.48156e-58
5.55585e-61
2.19119e-63
9.29669e-66
4.31207e-68
2.15233e-70
1.13036e-72
6.06124e-75
3.27742e-77
1.77996e-79
9.86603e-82
5.59752e-84
3.27685e-86
1.91748e-88
1.10835e-90
6.05962e-93
3.16686e-95
1.53309e-97
6.9226e-100
2.88192e-102
1.10708e-104
3.86998e-107
1.2286e-109
3.2382e-112
2.57554e-123
1.00748e-123
6.76884e-126
2.94896e-128
1.04529e-130
3.27376e-133
9.45798e-136
2.58444e-138
6.74781e-141
1.70751e-143
4.19254e-146
9.97222e-149
2.31047e-151
5.21642e-154
1.15099e-156
2.47801e-159
5.2052e-162
1.06841e-164
2.13206e-167
4.16396e-171
1.52989e-174
1.21728e-177
1.54673e-180
2.04583e-183
2.45193e-186
2.57199e-189
2.3428e-192
1.84348e-195
1.23806e-198
9.39111e-203
1.48944e-221
4.45772e-219
9.38908e-222
1.05981e-224
8.89463e-228
6.24388e-231
3.94911e-234
2.29021e-237
1.24601e-240
6.4642e-244
3.11407e-247
1.3963e-250
5.96888e-254
2.43937e-257
9.38775e-261
3.36893e-264
1.13824e-267
3.65206e-271
1.10843e-274
3.22927e-278
8.95429e-282
2.36261e-285
6.03525e-289
1.51161e-292
3.75072e-296
9.39579e-300
2.39608e-303
6.05591e-307
1.5134e-310
7.58727e-315
0
0
0
0
0
0
0
0
0
0
0
0
0
0
0
0
0
0
0
0
0
0
0
0
0
0
0
0
0
0
0
0
0
0
0
0
0
0
0
0
0
0
0
0
0
0
0
0
0
0
0
0
0
0
0
0
0
0
0
0
0
0
0
0
0
0
0
0
0
0
0
0
0
0
0
0
0
0
0
0
0
0
0
0
0
0
0
0
0
0
0
0
0
0
0
0
0
0
0
0
0
0
0
0
0
0
0
0
0
0
0
0
0
0
0
0
0
0
0
0
0
0
0
0
0
0
0
0
0
0
0
0
0
0
0
0
0
0
0
0
0
0
0
0
0
0
0
0
0
0
0
0
0
0
0
0
0
0
0
0
0
0
0
0
0
0
0
0
0
0
0
0
0
0
0
0
0
0
0
0
0
0
0
0
0
0
0
0
0
0
0
0
0
0
0
0
0
0
0
0
0
0
0
0
0
0
0
0
0
0
0
0
0
0
0
0
0
0
0
0
0
0
0
0
0
0
0
0
0
0
0
0
0
0
0
0
0
0
0
0
0
0
0
0
0
0
0
0
0
0
0
0
0
0
0
0
0
0
0
0
0
0
0
0
0
0
0
0
0
0
4.30233e-05
2.65546e-05
2.06925e-06
3.03392e-08
4.16611e-10
4.31819e-12
8.28762e-14
8.87004e-16
9.43085e-18
8.50279e-20
6.6239e-22
4.83813e-24
3.15137e-26
1.83273e-28
1.19817e-42
3.59635e-44
1.44559e-46
5.36644e-49
1.87368e-51
6.49628e-54
2.29052e-56
8.28895e-59
3.05557e-61
1.15008e-63
4.51506e-66
1.87658e-68
8.52747e-71
4.19362e-73
2.23322e-75
1.25021e-77
7.38927e-80
4.57089e-82
2.921e-84
1.86315e-86
1.17007e-88
6.88848e-91
3.91915e-93
2.0727e-95
1.04833e-97
4.99989e-100
2.23096e-102
9.04495e-105
3.19764e-107
7.78803e-110
1.38719e-120
5.23365e-121
3.44586e-123
1.4519e-125
5.00545e-128
1.53824e-130
4.3958e-133
1.19431e-135
3.11527e-138
7.91757e-141
1.95531e-143
4.68336e-146
1.09549e-148
2.5027e-151
5.59211e-154
1.21738e-156
2.58401e-159
5.35521e-162
1.08664e-164
2.14769e-167
9.6556e-171
8.53689e-174
1.15831e-176
1.61225e-179
2.0265e-182
2.19287e-185
2.03131e-188
1.62072e-191
1.09367e-194
1.37892e-198
4.4939e-217
4.62908e-215
9.84235e-218
1.11898e-220
9.43795e-224
6.62769e-227
4.14012e-230
2.35221e-233
1.24901e-236
6.26269e-240
2.94612e-243
1.29598e-246
5.45555e-250
2.19849e-253
8.45714e-257
3.06041e-260
1.0506e-263
3.43048e-267
1.07118e-270
3.20189e-274
9.20097e-278
2.51796e-281
6.66208e-285
1.71979e-288
4.37887e-292
1.11275e-295
2.85317e-299
7.28765e-303
1.82693e-306
1.51752e-310
0
0
0
0
0
0
0
0
0
0
0
0
0
0
0
0
0
0
0
0
0
0
0
0
0
0
0
0
0
0
0
0
0
0
0
0
0
0
0
0
0
0
0
0
0
0
0
0
0
0
0
0
0
0
0
0
0
0
0
0
0
0
0
0
0
0
0
0
0
0
0
0
0
0
0
0
0
0
0
0
0
0
0
0
0
0
0
0
0
0
0
0
0
0
0
0
0
0
0
0
0
0
0
0
0
0
0
0
0
0
0
0
0
0
0
0
0
0
0
0
0
0
0
0
0
0
0
0
0
0
0
0
0
0
0
0
0
0
0
0
0
0
0
0
0
0
0
0
0
0
0
0
0
0
0
0
0
0
0
0
0
0
0
0
0
0
0
0
0
0
0
0
0
0
0
0
0
0
0
0
0
0
0
0
0
0
0
0
0
0
0
0
0
0
0
0
0
0
0
0
0
0
0
0
0
0
0
0
0
0
0
0
0
0
0
0
0
0
0
0
0
0
0
0
0
0
0
0
0
0
0
0
0
0
0
0
0
0
0
0
0
0
0
0
0
0
0
0
0
0
0
0
0
0
0
0
0
0
0
0
0
0
0
0
0
0
0
0
0
0
1.62917e-07
1.79384e-07
1.79466e-08
1.15024e-10
4.24664e-13
1.05205e-14
1.61528e-17
3.39903e-20
7.66043e-23
2.60792e-25
6.01739e-28
5.54306e-30
5.38844e-32
3.99134e-34
2.21592e-44
9.13777e-46
2.59893e-48
8.67327e-51
2.92185e-53
1.0002e-55
3.77717e-58
1.485e-60
5.62636e-63
2.20801e-65
7.97947e-68
2.81868e-70
1.0422e-72
3.52606e-75
1.30403e-77
5.41226e-80
2.37989e-82
1.4927e-84
9.61339e-87
6.57881e-89
4.75809e-91
2.83353e-93
1.9828e-95
1.16884e-97
7.77436e-100
4.75742e-102
2.76767e-104
1.47919e-106
6.57185e-109
1.86505e-112
5.35125e-122
3.01992e-122
1.89186e-124
7.52518e-127
2.47578e-129
7.39711e-132
2.088e-134
5.61534e-137
1.44963e-139
3.66882e-142
8.9354e-145
2.11037e-147
4.91829e-150
1.12424e-152
2.52573e-155
5.5092e-158
1.17568e-160
2.45916e-163
5.07318e-166
1.02973e-168
2.05249e-171
3.25553e-174
5.42053e-177
8.07061e-180
1.05123e-182
1.15444e-185
1.05599e-188
8.1893e-192
5.2863e-195
3.63611e-199
8.67267e-217
3.40523e-215
6.76239e-218
7.40429e-221
6.02297e-224
4.08744e-227
2.45298e-230
1.32701e-233
6.63252e-237
3.10038e-240
1.35539e-243
5.56609e-247
2.20201e-250
8.38395e-254
3.07984e-257
1.0784e-260
3.62899e-264
1.17901e-267
3.72519e-271
1.14464e-274
3.41761e-278
9.78779e-282
2.72681e-285
7.4012e-289
1.96927e-292
5.17764e-296
1.35204e-299
3.47406e-303
8.56834e-307
3.89391e-311
0
0
0
0
0
0
0
0
0
0
0
0
0
0
0
0
0
0
0
0
0
0
0
0
0
0
0
0
0
0
0
0
0
0
0
0
0
0
0
0
0
0
0
0
0
0
0
0
0
0
0
0
0
0
0
0
0
0
0
0
0
0
0
0
0
0
0
0
0
0
0
0
0
0
0
0
0
0
0
0
0
0
0
0
0
0
0
0
0
0
0
0
0
0
0
0
0
0
0
0
0
0
0
0
0
0
0
0
0
0
0
0
0
0
0
0
0
0
0
0
0
0
0
0
0
0
0
0
0
0
0
0
0
0
0
0
0
0
0
0
0
0
0
0
0
0
0
0
0
0
0
0
0
0
0
0
0
0
0
0
0
0
0
0
0
0
0
0
0
0
0
0
0
0
0
0
0
0
0
0
0
0
0
0
0
0
0
0
0
0
0
0
0
0
0
0
0
0
0
0
0
0
0
0
0
0
0
0
0
0
0
0
0
0
0
0
0
0
0
0
0
0
0
0
0
0
0
0
0
0
0
0
0
0
0
0
0
0
0
0
0
0
0
0
0
0
0
0
0
0
0
0
0
0
0
0
0
0
0
0
0
0
0
0
0
0
0
0
0
0
0.0040068
0.00199988
6.26351e-06
1.64507e-07
5.65217e-09
1.17213e-10
8.40672e-14
9.08631e-17
1.81191e-19
2.45594e-22
6.59609e-25
1.27539e-27
3.37316e-30
9.73445e-33
4.38536e-40
1.36966e-41
4.0365e-44
1.42595e-46
4.45718e-49
1.43755e-51
4.80709e-54
1.78854e-56
6.90184e-59
2.45179e-61
9.04503e-64
3.23864e-66
1.11382e-68
3.77432e-71
1.36347e-73
4.38322e-76
1.59369e-78
5.98567e-81
2.61831e-83
1.33122e-85
7.47161e-88
4.31067e-90
2.71268e-92
1.6624e-94
1.11327e-96
7.08584e-99
4.38088e-101
2.66419e-103
1.4366e-105
1.14444e-108
9.35524e-118
1.08689e-118
6.35264e-121
2.47257e-123
8.06556e-126
2.38427e-128
6.61548e-131
1.75565e-133
4.50299e-136
1.12324e-138
2.73641e-141
6.52546e-144
1.52613e-146
3.50427e-149
7.907e-152
1.7545e-154
3.82963e-157
8.22804e-160
1.73996e-162
3.6241e-165
7.43223e-168
1.50182e-170
2.81701e-173
4.42909e-176
6.06893e-179
6.96786e-182
6.50076e-185
5.09027e-188
3.37009e-191
5.87705e-195
7.48563e-212
3.08109e-211
5.46388e-214
5.53042e-217
4.22792e-220
2.70409e-223
1.51985e-226
7.72924e-230
3.62233e-233
1.58694e-236
6.56616e-240
2.58924e-243
9.79284e-247
3.57362e-250
1.26324e-253
4.34136e-257
1.45377e-260
4.75438e-264
1.52015e-267
4.76007e-271
1.46022e-274
4.3953e-278
1.29778e-281
3.7643e-285
1.07217e-288
3.00149e-292
8.25703e-296
2.23283e-299
5.84787e-303
6.85038e-307
0
0
0
0
0
0
0
0
0
0
0
0
0
0
0
0
0
0
0
0
0
0
0
0
0
0
0
0
0
0
0
0
0
0
0
0
0
0
0
0
0
0
0
0
0
0
0
0
0
0
0
0
0
0
0
0
0
0
0
0
0
0
0
0
0
0
0
0
0
0
0
0
0
0
0
0
0
0
0
0
0
0
0
0
0
0
0
0
0
0
0
0
0
0
0
0
0
0
0
0
0
0
0
0
0
0
0
0
0
0
0
0
0
0
0
0
0
0
0
0
0
0
0
0
0
0
0
0
0
0
0
0
0
0
0
0
0
0
0
0
0
0
0
0
0
0
0
0
0
0
0
0
0
0
0
0
0
0
0
0
0
0
0
0
0
0
0
0
0
0
0
0
0
0
0
0
0
0
0
0
0
0
0
0
0
0
0
0
0
0
0
0
0
0
0
0
0
0
0
0
0
0
0
0
0
0
0
0
0
0
0
0
0
0
0
0
0
0
0
0
0
0
0
0
0
0
0
0
0
0
0
0
0
0
0
0
0
0
0
0
0
0
0
0
0
0
0
0
0
0
0
0
0
0
0
0
0
0
0
0
0
0
0
0
0
0
0
0
0
0
0.00660254
0.00652128
0.00604248
6.91036e-05
2.76277e-06
1.33662e-06
1.81215e-09
1.76053e-12
2.43755e-15
4.86967e-18
1.09651e-20
2.33871e-23
5.65662e-26
1.46039e-28
1.5869e-35
5.14491e-37
1.71681e-39
6.32571e-42
2.16432e-44
6.98327e-47
2.37903e-49
9.1171e-52
3.57509e-54
1.37147e-56
5.25411e-59
1.9204e-61
6.97383e-64
2.44573e-66
8.50243e-69
2.85299e-71
9.77949e-74
3.25528e-76
1.14986e-78
4.27463e-81
1.74005e-83
7.85981e-86
3.93564e-88
2.09432e-90
1.22567e-92
7.11366e-95
4.19809e-97
2.50981e-99
1.46324e-101
1.94138e-104
6.39146e-113
2.14079e-114
1.14717e-116
4.35519e-119
1.42105e-121
4.25045e-124
1.19993e-126
3.24661e-129
8.49261e-132
2.16084e-134
5.36484e-137
1.30308e-139
3.10198e-142
7.24567e-145
1.66227e-147
3.7479e-150
8.31203e-153
1.81342e-155
3.89431e-158
8.23325e-161
1.71429e-163
3.51439e-166
7.09796e-169
1.36598e-171
1.86875e-174
2.13049e-177
1.90907e-180
1.39624e-183
8.49386e-187
1.50684e-190
3.03114e-206
1.51784e-206
2.25612e-209
1.98875e-212
1.35654e-215
7.88168e-219
4.081e-222
1.93081e-225
8.48157e-229
3.50021e-232
1.36996e-235
5.12291e-239
1.84315e-242
6.41084e-246
2.16563e-249
7.12712e-253
2.29174e-256
7.21102e-260
2.2243e-263
6.73125e-267
2.00085e-270
5.84224e-274
1.67764e-277
4.73664e-281
1.31599e-284
3.59812e-288
9.68282e-292
2.56541e-295
6.59557e-299
8.10355e-303
7.36158e-322
2.51973e-322
0
0
0
0
0
0
0
0
0
0
0
0
0
0
0
0
0
0
0
0
0
0
0
0
0
0
0
0
0
0
0
0
0
0
0
0
0
0
0
0
0
0
0
0
0
0
0
0
0
0
0
0
0
0
0
0
0
0
0
0
0
0
0
0
0
0
0
0
0
0
0
0
0
0
0
0
0
0
0
0
0
0
0
0
0
0
0
0
0
0
0
0
0
0
0
0
0
0
0
0
0
0
0
0
0
0
0
0
0
0
0
0
0
0
0
0
0
0
0
0
0
0
0
0
0
0
0
0
0
0
0
0
0
0
0
0
0
0
0
0
0
0
0
0
0
0
0
0
0
0
0
0
0
0
0
0
0
0
0
0
0
0
0
0
0
0
0
0
0
0
0
0
0
0
0
0
0
0
0
0
0
0
0
0
0
0
0
0
0
0
0
0
0
0
0
0
0
0
0
0
0
0
0
0
0
0
0
0
0
0
0
0
0
0
0
0
0
0
0
0
0
0
0
0
0
0
0
0
0
0
0
0
0
0
0
0
0
0
0
0
0
0
0
0
0
0
0
0
0
0
0
0
0
0
0
0
0
0
0
0
0
0
0
0
0
0
0
0
0.00644076
0.00628474
0.00637557
0.00590325
0.000214408
0.000120137
5.25287e-06
6.12755e-09
1.216e-11
2.33824e-14
5.17933e-17
1.34762e-19
3.39762e-22
8.93881e-25
1.95226e-31
6.80271e-33
2.62526e-35
1.07155e-37
3.63007e-40
1.16873e-42
3.65273e-45
1.36339e-47
5.43496e-50
2.08835e-52
8.24181e-55
3.07792e-57
1.14821e-59
4.0663e-62
1.4774e-64
4.9101e-67
1.73127e-69
5.5323e-72
1.92215e-74
6.26371e-77
2.23901e-79
8.26172e-82
3.31529e-84
1.46643e-86
7.09806e-89
3.67476e-91
1.98125e-93
1.10246e-95
6.30518e-98
1.37237e-100
1.16663e-108
1.68666e-110
8.2633e-113
3.06896e-115
1.005e-117
3.0522e-120
8.78836e-123
2.42922e-125
6.49313e-128
1.68704e-130
4.27496e-133
1.05857e-135
2.56728e-138
6.10385e-141
1.42431e-143
3.26553e-146
7.35846e-149
1.63121e-151
3.55701e-154
7.63717e-157
1.61398e-159
3.35876e-162
6.88257e-165
1.38934e-167
2.70716e-170
3.1086e-173
2.70009e-176
1.85798e-179
1.02784e-182
1.70171e-186
5.44827e-201
3.59724e-202
4.3172e-205
3.24348e-208
1.94368e-211
1.01453e-214
4.79876e-218
2.10053e-221
8.61296e-225
3.3398e-228
1.23349e-231
4.36835e-235
1.49206e-238
4.93949e-242
1.59131e-245
5.00716e-249
1.54231e-252
4.66169e-256
1.38385e-259
4.04135e-263
1.16125e-266
3.28587e-270
9.15712e-274
2.5149e-277
6.80532e-281
1.81561e-284
4.77476e-288
1.23729e-291
3.11742e-295
3.72117e-299
1.73283e-316
7.72592e-318
6.93668e-321
4.94066e-324
0
0
0
0
0
0
0
0
0
0
0
0
0
0
0
0
0
0
0
0
0
0
0
0
0
0
0
0
0
0
0
0
0
0
0
0
0
0
0
0
0
0
0
0
0
0
0
0
0
0
0
0
0
0
0
0
0
0
0
0
0
0
0
0
0
0
0
0
0
0
0
0
0
0
0
0
0
0
0
0
0
0
0
0
0
0
0
0
0
0
0
0
0
0
0
0
0
0
0
0
0
0
0
0
0
0
0
0
0
0
0
0
0
0
0
0
0
0
0
0
0
0
0
0
0
0
0
0
0
0
0
0
0
0
0
0
0
0
0
0
0
0
0
0
0
0
0
0
0
0
0
0
0
0
0
0
0
0
0
0
0
0
0
0
0
0
0
0
0
0
0
0
0
0
0
0
0
0
0
0
0
0
0
0
0
0
0
0
0
0
0
0
0
0
0
0
0
0
0
0
0
0
0
0
0
0
0
0
0
0
0
0
0
0
0
0
0
0
0
0
0
0
0
0
0
0
0
0
0
0
0
0
0
0
0
0
0
0
0
0
0
0
0
0
0
0
0
0
0
0
0
0
0
0
0
0
0
0
0
0
0
0
0
0
0
0
0.00647403
0.00637033
0.00631973
0.00644445
0.0048351
0.00368546
0.000238093
4.69529e-06
9.54982e-09
3.19973e-11
1.31034e-13
4.843e-16
1.50296e-18
4.02544e-21
1.22526e-27
4.21985e-29
2.00289e-31
9.15898e-34
3.61781e-36
1.20858e-38
3.92412e-41
1.41434e-43
5.88864e-46
2.38519e-48
9.81947e-51
3.80152e-53
1.47506e-55
5.41933e-58
2.01181e-60
7.03143e-63
2.48931e-65
8.48312e-68
2.8708e-70
9.62114e-73
3.23488e-75
1.12057e-77
3.97311e-80
1.54174e-82
6.30579e-85
2.87994e-87
1.37723e-89
6.95096e-92
3.60406e-94
1.30531e-96
2.24168e-104
1.6264e-106
7.26202e-109
2.64686e-111
8.73137e-114
2.70053e-116
7.95435e-119
2.25176e-121
6.16091e-124
1.63753e-126
4.24043e-129
1.07189e-131
2.65053e-134
6.41953e-137
1.52495e-139
3.55604e-142
8.14631e-145
1.83512e-147
4.06517e-150
8.8637e-153
1.90166e-155
4.01649e-158
8.35119e-161
1.71025e-163
3.44708e-166
6.70805e-169
5.61767e-172
3.6863e-175
1.85791e-178
3.17382e-182
1.64679e-195
1.31828e-197
1.20018e-200
7.44598e-204
3.84468e-207
1.77907e-210
7.62086e-214
3.0691e-217
1.1708e-220
4.25634e-224
1.4813e-227
4.96201e-231
1.60705e-234
5.05688e-238
1.55177e-241
4.66002e-245
1.37289e-248
3.97751e-252
1.13448e-255
3.19028e-259
8.84706e-263
2.4212e-266
6.53897e-270
1.74375e-273
4.58974e-277
1.19282e-280
3.05922e-284
7.73936e-288
1.90766e-291
2.40438e-295
6.94029e-311
3.70838e-313
2.47214e-316
1.14366e-319
4.44659e-323
0
0
0
0
0
0
0
0
0
0
0
0
0
0
0
0
0
0
0
0
0
0
0
0
0
0
0
0
0
0
0
0
0
0
0
0
0
0
0
0
0
0
0
0
0
0
0
0
0
0
0
0
0
0
0
0
0
0
0
0
0
0
0
0
0
0
0
0
0
0
0
0
0
0
0
0
0
0
0
0
0
0
0
0
0
0
0
0
0
0
0
0
0
0
0
0
0
0
0
0
0
0
0
0
0
0
0
0
0
0
0
0
0
0
0
0
0
0
0
0
0
0
0
0
0
0
0
0
0
0
0
0
0
0
0
0
0
0
0
0
0
0
0
0
0
0
0
0
0
0
0
0
0
0
0
0
0
0
0
0
0
0
0
0
0
0
0
0
0
0
0
0
0
0
0
0
0
0
0
0
0
0
0
0
0
0
0
0
0
0
0
0
0
0
0
0
0
0
0
0
0
0
0
0
0
0
0
0
0
0
0
0
0
0
0
0
0
0
0
0
0
0
0
0
0
0
0
0
0
0
0
0
0
0
0
0
0
0
0
0
0
0
0
0
0
0
0
0
0
0
0
0
0
0
0
0
0
0
0
0
0
0
0
0
0
0.0064842
0.00640099
0.006386
0.00627506
0.00461194
0.00494928
0.00096727
6.75294e-05
3.5978e-07
1.50325e-09
6.46135e-12
3.14212e-14
1.37428e-16
5.60408e-19
1.07674e-24
3.21153e-26
2.2742e-28
1.16015e-30
5.3891e-33
1.8911e-35
6.23487e-38
2.16048e-40
9.04953e-43
3.87953e-45
1.63634e-47
6.61399e-50
2.66522e-52
9.9924e-55
3.85917e-57
1.3848e-59
5.02975e-62
1.7644e-64
6.10236e-67
2.08737e-69
7.03548e-72
2.3897e-74
8.08459e-77
2.88339e-79
1.05061e-81
4.25208e-84
1.78861e-86
8.29252e-89
3.97875e-91
1.77911e-93
5.9152e-101
2.89566e-103
1.17303e-105
4.16802e-108
1.37986e-110
4.34142e-113
1.30929e-115
3.80214e-118
1.06666e-120
2.90525e-123
7.70462e-126
1.99105e-128
5.02631e-131
1.24135e-133
3.00375e-136
7.12892e-139
1.66124e-141
3.80391e-144
8.5605e-147
1.89474e-149
4.12533e-152
8.83591e-155
1.86324e-157
3.86841e-160
7.90141e-163
1.58714e-165
3.05976e-168
1.91076e-171
8.58958e-175
1.74152e-178
1.39118e-190
1.37756e-193
8.57177e-197
4.19704e-200
1.82105e-203
7.3492e-207
2.82322e-210
1.04062e-213
3.6871e-217
1.257e-220
4.12927e-224
1.30954e-227
4.02328e-231
1.20265e-234
3.51218e-238
1.00541e-241
2.82909e-245
7.84221e-249
2.14411e-252
5.78955e-256
1.54489e-259
4.07486e-263
1.06292e-266
2.74249e-270
6.9961e-274
1.76371e-277
4.387e-281
1.07365e-284
2.55771e-288
3.33946e-292
7.79691e-306
5.1344e-309
2.27173e-312
8.12172e-316
2.62151e-319
7.90505e-323
0
0
0
0
0
0
0
0
0
0
0
0
0
0
0
0
0
0
0
0
0
0
0
0
0
0
0
0
0
0
0
0
0
0
0
0
0
0
0
0
0
0
0
0
0
0
0
0
0
0
0
0
0
0
0
0
0
0
0
0
0
0
0
0
0
0
0
0
0
0
0
0
0
0
0
0
0
0
0
0
0
0
0
0
0
0
0
0
0
0
0
0
0
0
0
0
0
0
0
0
0
0
0
0
0
0
0
0
0
0
0
0
0
0
0
0
0
0
0
0
0
0
0
0
0
0
0
0
0
0
0
0
0
0
0
0
0
0
0
0
0
0
0
0
0
0
0
0
0
0
0
0
0
0
0
0
0
0
0
0
0
0
0
0
0
0
0
0
0
0
0
0
0
0
0
0
0
0
0
0
0
0
0
0
0
0
0
0
0
0
0
0
0
0
0
0
0
0
0
0
0
0
0
0
0
0
0
0
0
0
0
0
0
0
0
0
0
0
0
0
0
0
0
0
0
0
0
0
0
0
0
0
0
0
0
0
0
0
0
0
0
0
0
0
0
0
0
0
0
0
0
0
0
0
0
0
0
0
0
0
0
0
0
0
0.00647633
0.00641705
0.00636981
0.00450259
0.00244601
0.0030223
0.00103486
0.000113286
1.87535e-06
1.10168e-08
9.15447e-11
8.14827e-13
7.64055e-15
6.33638e-17
4.95944e-19
4.06625e-21
3.73804e-23
3.17011e-25
2.8592e-27
2.23793e-29
1.58431e-31
1.00002e-33
5.68977e-36
3.12057e-38
1.56231e-40
7.44626e-43
3.42216e-45
1.46283e-47
6.18714e-50
2.46694e-52
9.6922e-55
3.68437e-57
1.3807e-59
5.02345e-62
1.8212e-64
6.46024e-67
2.24171e-69
7.91659e-72
2.65118e-74
9.33663e-77
3.23516e-79
1.1962e-81
4.48734e-84
1.91103e-86
8.09871e-89
3.7847e-91
1.60012e-93
6.23345e-96
2.38162e-98
9.10756e-101
3.26563e-103
1.11866e-105
3.69175e-108
1.17774e-110
3.63172e-113
1.08225e-115
3.11735e-118
8.70827e-121
2.36774e-123
6.26729e-126
1.61776e-128
4.07978e-131
1.00661e-133
2.43321e-136
5.76966e-139
1.34318e-141
3.07063e-144
6.8988e-147
1.52411e-149
3.31076e-152
7.07835e-155
1.4901e-157
3.08565e-160
6.28004e-163
1.25371e-165
2.36975e-168
8.40355e-172
2.37721e-175
3.61781e-179
2.62571e-183
8.87166e-187
3.59987e-190
1.31346e-193
4.66911e-197
1.62659e-200
5.55308e-204
1.87181e-207
6.23618e-211
2.04173e-214
6.54158e-218
2.04388e-221
6.19159e-225
1.81491e-228
5.16694e-232
1.43671e-235
3.91831e-239
1.05133e-242
2.78147e-246
7.24529e-250
1.8595e-253
4.71069e-257
1.17574e-260
2.8986e-264
7.0794e-268
1.7101e-271
4.07049e-275
9.44314e-279
2.08073e-282
4.31096e-286
8.57412e-290
9.87523e-294
3.64632e-298
6.44717e-302
1.73302e-305
4.37909e-309
1.10917e-312
2.83211e-316
7.22126e-320
1.4822e-323
0
0
0
0
0
0
0
0
0
0
0
0
0
0
0
0
0
0
0
0
0
0
0
0
0
0
0
0
0
0
0
0
0
0
0
0
0
0
0
0
0
0
0
0
0
0
0
0
0
0
0
0
0
0
0
0
0
0
0
0
0
0
0
0
0
0
0
0
0
0
0
0
0
0
0
0
0
0
0
0
0
0
0
0
0
0
0
0
0
0
0
0
0
0
0
0
0
0
0
0
0
0
0
0
0
0
0
0
0
0
0
0
0
0
0
0
0
0
0
0
0
0
0
0
0
0
0
0
0
0
0
0
0
0
0
0
0
0
0
0
0
0
0
0
0
0
0
0
0
0
0
0
0
0
0
0
0
0
0
0
0
0
0
0
0
0
0
0
0
0
0
0
0
0
0
0
0
0
0
0
0
0
0
0
0
0
0
0
0
0
0
0
0
0
0
0
0
0
0
0
0
0
0
0
0
0
0
0
0
0
0
0
0
0
0
0
0
0
0
0
0
0
0
0
0
0
0
0
0
0
0
0
0
0
0
0
0
0
0
0
0
0
0
0
0
0
0
0
0
0
0
0
0
0
0
0
0
0
0
0
0
0
0
0
0
0
0
0
0
0
0
0
0
0
0
0
0
0
0
0
0
0.00643053
0.00642023
0.00417396
0.000978956
0.000890161
0.00148663
0.00067767
6.17769e-05
1.12628e-06
7.55721e-09
7.34605e-11
7.67041e-13
8.75932e-15
1.02831e-16
8.74264e-19
7.91697e-21
5.11162e-23
3.76943e-25
3.09705e-27
2.33909e-29
1.63371e-31
1.13996e-33
7.17595e-36
4.45449e-38
2.56584e-40
1.42185e-42
7.39669e-45
3.81541e-47
1.77064e-49
8.51409e-52
3.73238e-54
1.62135e-56
6.85129e-59
2.7813e-61
1.1099e-63
4.36073e-66
1.67741e-68
6.43919e-71
2.50192e-73
9.75474e-76
3.97579e-78
1.65846e-80
7.28186e-83
3.29317e-85
1.54476e-87
7.35864e-90
3.48542e-92
1.65559e-94
7.68537e-97
3.24392e-99
1.23696e-101
4.32749e-104
1.43422e-106
4.59258e-109
1.4293e-111
4.31762e-114
1.26405e-116
3.59223e-119
9.94035e-122
2.68239e-124
7.06538e-127
1.81867e-129
4.57644e-132
1.12659e-134
2.71687e-137
6.42486e-140
1.49062e-142
3.39833e-145
7.62401e-148
1.68426e-150
3.66572e-153
7.86143e-156
1.65873e-158
3.43722e-161
6.99444e-164
1.39814e-166
2.49297e-169
5.9652e-173
1.36712e-176
3.40077e-180
8.10708e-184
1.90028e-187
4.90278e-191
1.30671e-194
3.53157e-198
9.65683e-202
2.68452e-205
7.53588e-209
2.11492e-212
5.91767e-216
1.64577e-219
4.52909e-223
1.23125e-226
3.30525e-230
8.71766e-234
2.24892e-237
5.67313e-241
1.39916e-244
3.37497e-248
8.02608e-252
1.89626e-255
4.47718e-259
1.06234e-262
2.53568e-266
6.02553e-270
1.40725e-273
3.22354e-277
7.2326e-281
1.59586e-284
3.39302e-288
7.66823e-292
1.91961e-295
4.30722e-299
8.53603e-303
1.72011e-306
3.47268e-310
7.08148e-314
1.46678e-317
3.09779e-321
0
0
0
0
0
0
0
0
0
0
0
0
0
0
0
0
0
0
0
0
0
0
0
0
0
0
0
0
0
0
0
0
0
0
0
0
0
0
0
0
0
0
0
0
0
0
0
0
0
0
0
0
0
0
0
0
0
0
0
0
0
0
0
0
0
0
0
0
0
0
0
0
0
0
0
0
0
0
0
0
0
0
0
0
0
0
0
0
0
0
0
0
0
0
0
0
0
0
0
0
0
0
0
0
0
0
0
0
0
0
0
0
0
0
0
0
0
0
0
0
0
0
0
0
0
0
0
0
0
0
0
0
0
0
0
0
0
0
0
0
0
0
0
0
0
0
0
0
0
0
0
0
0
0
0
0
0
0
0
0
0
0
0
0
0
0
0
0
0
0
0
0
0
0
0
0
0
0
0
0
0
0
0
0
0
0
0
0
0
0
0
0
0
0
0
0
0
0
0
0
0
0
0
0
0
0
0
0
0
0
0
0
0
0
0
0
0
0
0
0
0
0
0
0
0
0
0
0
0
0
0
0
0
0
0
0
0
0
0
0
0
0
0
0
0
0
0
0
0
0
0
0
0
0
0
0
0
0
0
0
0
0
0
0
0
0
0
0
0
0
0
0
0
0
0
0
0
0
0
0
0
0.00631262
0.0047795
0.000445655
0.000136643
0.000187163
0.000483379
0.000166536
1.13606e-05
7.46501e-08
6.25027e-10
5.54535e-12
5.71672e-14
6.21356e-16
7.22891e-18
6.00472e-20
4.49619e-22
2.77872e-24
1.80839e-26
1.21107e-28
7.87231e-31
4.94596e-33
2.93657e-35
1.70514e-37
9.28639e-40
4.94552e-42
2.54897e-44
1.24088e-46
6.0894e-49
2.79384e-51
1.26269e-53
5.62208e-56
2.35465e-58
9.92144e-61
4.01898e-63
1.58923e-65
6.21682e-68
2.39357e-70
9.12875e-73
3.53653e-75
1.3731e-77
5.56302e-80
2.3155e-82
1.01526e-84
4.60962e-87
2.17345e-89
1.04279e-91
5.07606e-94
2.45168e-96
1.15993e-98
5.23873e-101
2.18029e-103
8.25441e-106
2.89574e-108
9.63466e-111
3.0844e-113
9.55042e-116
2.86657e-118
8.36023e-121
2.37332e-123
6.56163e-126
1.7677e-128
4.6475e-131
1.19372e-133
2.99888e-136
7.3805e-139
1.78113e-141
4.21769e-144
9.81577e-147
2.24786e-149
5.06872e-152
1.12538e-154
2.4593e-157
5.28281e-160
1.11399e-162
2.30698e-165
4.69024e-168
3.06049e-171
4.81081e-175
1.41648e-178
4.95971e-182
1.45376e-185
3.62158e-189
9.02134e-193
2.23017e-196
5.58904e-200
1.44742e-203
3.90184e-207
1.0806e-210
3.02032e-214
8.43081e-218
2.3393e-221
6.41842e-225
1.73049e-228
4.57479e-232
1.18174e-235
2.98373e-239
7.39953e-243
1.80607e-246
4.34273e-250
1.0354e-253
2.46258e-257
5.8817e-261
1.41468e-264
3.41978e-268
8.22357e-272
1.93979e-275
4.47714e-279
1.01071e-282
2.22865e-286
4.67868e-290
1.09489e-293
2.85448e-297
6.37193e-301
1.24345e-304
2.47803e-308
4.94532e-312
9.93185e-316
2.01974e-319
3.95253e-323
0
0
0
0
0
0
0
0
0
0
0
0
0
0
0
0
0
0
0
0
0
0
0
0
0
0
0
0
0
0
0
0
0
0
0
0
0
0
0
0
0
0
0
0
0
0
0
0
0
0
0
0
0
0
0
0
0
0
0
0
0
0
0
0
0
0
0
0
0
0
0
0
0
0
0
0
0
0
0
0
0
0
0
0
0
0
0
0
0
0
0
0
0
0
0
0
0
0
0
0
0
0
0
0
0
0
0
0
0
0
0
0
0
0
0
0
0
0
0
0
0
0
0
0
0
0
0
0
0
0
0
0
0
0
0
0
0
0
0
0
0
0
0
0
0
0
0
0
0
0
0
0
0
0
0
0
0
0
0
0
0
0
0
0
0
0
0
0
0
0
0
0
0
0
0
0
0
0
0
0
0
0
0
0
0
0
0
0
0
0
0
0
0
0
0
0
0
0
0
0
0
0
0
0
0
0
0
0
0
0
0
0
0
0
0
0
0
0
0
0
0
0
0
0
0
0
0
0
0
0
0
0
0
0
0
0
0
0
0
0
0
0
0
0
0
0
0
0
0
0
0
0
0
0
0
0
0
0
0
0
0
0
0
0
0
0
0
0
0
0
0
0
0
0
0
0
0
0
0
0
0
0.00294446
0.000666506
5.00022e-05
4.21039e-05
2.59528e-05
3.59343e-05
1.16701e-05
5.43246e-07
1.76549e-09
8.64055e-12
4.91636e-14
3.83983e-16
3.91217e-18
4.39649e-20
3.50323e-22
2.84867e-24
1.96372e-26
1.31885e-28
8.71497e-31
5.45878e-33
3.35588e-35
1.92302e-37
1.0972e-39
5.90856e-42
3.04177e-44
1.56964e-46
7.40657e-49
3.55977e-51
1.61955e-53
7.01175e-56
3.08517e-58
1.25864e-60
5.15571e-63
2.05886e-65
7.98282e-68
3.07485e-70
1.18133e-72
4.4849e-75
1.75182e-77
6.92539e-80
2.86608e-82
1.23007e-84
5.53634e-87
2.58687e-89
1.24579e-91
6.11548e-94
3.02312e-96
1.48827e-98
7.19762e-101
3.34803e-103
1.4473e-105
5.69856e-108
2.04935e-110
6.86636e-113
2.19215e-115
6.74164e-118
2.00689e-120
5.80018e-123
1.62999e-125
4.45925e-128
1.19009e-130
3.10447e-133
7.92033e-136
1.97725e-138
4.83359e-141
1.15769e-143
2.71906e-146
6.27355e-149
1.42405e-151
3.18144e-154
6.99497e-157
1.51433e-159
3.22583e-162
6.75091e-165
1.3889e-167
2.57357e-170
7.18571e-174
1.75971e-177
4.59677e-181
1.37153e-184
3.87026e-188
1.05189e-191
2.99802e-195
8.57756e-199
2.44898e-202
7.04095e-206
2.03072e-209
5.79113e-213
1.62744e-216
4.51185e-220
1.2343e-223
3.3342e-227
8.91384e-231
2.36468e-234
6.21696e-238
1.61931e-241
4.17642e-245
1.06316e-248
2.66919e-252
6.63289e-256
1.64012e-259
4.04698e-263
9.96529e-267
2.45356e-270
6.01609e-274
1.4513e-277
3.44074e-281
8.07518e-285
1.86481e-288
4.09644e-292
9.53444e-296
2.38082e-299
5.28415e-303
1.08066e-306
2.28463e-310
4.85873e-314
1.03888e-317
2.25294e-321
0
0
0
0
0
0
0
0
0
0
0
0
0
0
0
0
0
0
0
0
0
0
0
0
0
0
0
0
0
0
0
0
0
0
0
0
0
0
0
0
0
0
0
0
0
0
0
0
0
0
0
0
0
0
0
0
0
0
0
0
0
0
0
0
0
0
0
0
0
0
0
0
0
0
0
0
0
0
0
0
0
0
0
0
0
0
0
0
0
0
0
0
0
0
0
0
0
0
0
0
0
0
0
0
0
0
0
0
0
0
0
0
0
0
0
0
0
0
0
0
0
0
0
0
0
0
0
0
0
0
0
0
0
0
0
0
0
0
0
0
0
0
0
0
0
0
0
0
0
0
0
0
0
0
0
0
0
0
0
0
0
0
0
0
0
0
0
0
0
0
0
0
0
0
0
0
0
0
0
0
0
0
0
0
0
0
0
0
0
0
0
0
0
0
0
0
0
0
0
0
0
0
0
0
0
0
0
0
0
0
0
0
0
0
0
0
0
0
0
0
0
0
0
0
0
0
0
0
0
0
0
0
0
0
0
0
0
0
0
0
0
0
0
0
0
0
0
0
0
0
0
0
0
0
0
0
0
0
0
0
0
0
0
0
0
0
0
0
0
0
0
0
0
0
0
0
0
0
0
0
0
0
0.000277887
3.1944e-05
1.88498e-05
7.64537e-06
1.76995e-06
6.59554e-07
8.36041e-08
7.3005e-10
3.62439e-12
2.18453e-14
1.66514e-16
1.4907e-18
1.4452e-20
1.47459e-22
1.26588e-24
1.04918e-26
7.74986e-29
5.18468e-31
3.38768e-33
2.04449e-35
1.21967e-37
6.77844e-40
3.69758e-42
1.93951e-44
9.63697e-47
4.76946e-49
2.23147e-51
1.00549e-53
4.54359e-56
1.89252e-58
7.98555e-61
3.24333e-63
1.27154e-65
5.00947e-68
1.91439e-70
7.28231e-73
2.79504e-75
1.07148e-77
4.23967e-80
1.72856e-82
7.34183e-85
3.26938e-87
1.50959e-89
7.23177e-92
3.53682e-94
1.75233e-96
8.70856e-99
4.28086e-101
2.07291e-103
9.79074e-106
4.33405e-108
1.73671e-110
6.25583e-113
2.08286e-115
6.57249e-118
1.99064e-120
5.82721e-123
1.65515e-125
4.57238e-128
1.23065e-130
3.23289e-133
8.30032e-136
2.08481e-138
5.12704e-141
1.23547e-143
2.91973e-146
6.77235e-149
1.54337e-151
3.45824e-154
7.62255e-157
1.65332e-159
3.53026e-162
7.42088e-165
1.53541e-167
3.05442e-170
1.29824e-173
4.61181e-177
1.42521e-180
4.31449e-184
1.34548e-187
4.12942e-191
1.28794e-194
4.06012e-198
1.25189e-201
3.78364e-205
1.12552e-208
3.30422e-212
9.58741e-216
2.75216e-219
7.81814e-223
2.19773e-226
6.11128e-230
1.68119e-233
4.57673e-237
1.2336e-240
3.2936e-244
8.71318e-248
2.28429e-251
5.93536e-255
1.52909e-258
3.90768e-262
9.90977e-266
2.49419e-269
6.23053e-273
1.54409e-276
3.79298e-280
9.23169e-284
2.22586e-287
5.31454e-291
1.23006e-294
2.85773e-298
6.73761e-302
1.52745e-305
3.44559e-309
7.84889e-313
1.75735e-316
3.8799e-320
9.88131e-324
0
0
0
0
0
0
0
0
0
0
0
0
0
0
0
0
0
0
0
0
0
0
0
0
0
0
0
0
0
0
0
0
0
0
0
0
0
0
0
0
0
0
0
0
0
0
0
0
0
0
0
0
0
0
0
0
0
0
0
0
0
0
0
0
0
0
0
0
0
0
0
0
0
0
0
0
0
0
0
0
0
0
0
0
0
0
0
0
0
0
0
0
0
0
0
0
0
0
0
0
0
0
0
0
0
0
0
0
0
0
0
0
0
0
0
0
0
0
0
0
0
0
0
0
0
0
0
0
0
0
0
0
0
0
0
0
0
0
0
0
0
0
0
0
0
0
0
0
0
0
0
0
0
0
0
0
0
0
0
0
0
0
0
0
0
0
0
0
0
0
0
0
0
0
0
0
0
0
0
0
0
0
0
0
0
0
0
0
0
0
0
0
0
0
0
0
0
0
0
0
0
0
0
0
0
0
0
0
0
0
0
0
0
0
0
0
0
0
0
0
0
0
0
0
0
0
0
0
0
0
0
0
0
0
0
0
0
0
0
0
0
0
0
0
0
0
0
0
0
0
0
0
0
0
0
0
0
0
0
0
0
0
0
0
0
0
0
0
0
0
0
0
0
0
0
0
0
0
0
0
0
0
7.36452e-06
5.51605e-06
2.65196e-06
6.83352e-07
4.58887e-08
2.71871e-09
1.4135e-10
1.4454e-12
1.13746e-14
9.32466e-17
8.9512e-19
9.29142e-21
9.01671e-23
8.97435e-25
7.74584e-27
6.48782e-29
4.80655e-31
3.27625e-33
2.07111e-35
1.25128e-37
7.1527e-40
3.89617e-42
2.05745e-44
1.04067e-46
5.05896e-49
2.39017e-51
1.0932e-53
4.77493e-56
2.05564e-58
8.46343e-61
3.41756e-63
1.35481e-65
5.2261e-68
2.00439e-70
7.60056e-73
2.87987e-75
1.10455e-77
4.31644e-80
1.73971e-82
7.30956e-85
3.19526e-87
1.46331e-89
6.88911e-92
3.35093e-94
1.64712e-96
8.17439e-99
4.04472e-101
1.9705e-103
9.46195e-106
4.41079e-108
1.95833e-110
8.01638e-113
2.94272e-115
9.79046e-118
3.05282e-120
9.10393e-123
2.62064e-125
7.31701e-128
1.98731e-130
5.26094e-133
1.35958e-135
3.43447e-138
8.49017e-141
2.05584e-143
4.88044e-146
1.1368e-148
2.60006e-151
5.84325e-154
1.29115e-156
2.80661e-159
6.00438e-162
1.26474e-164
2.6237e-167
5.31753e-170
2.58121e-173
1.11279e-176
4.21972e-180
1.45025e-183
4.79686e-187
1.57642e-190
5.1827e-194
1.70936e-197
5.57508e-201
1.78447e-204
5.59657e-208
1.72311e-211
5.22349e-215
1.56287e-218
4.62218e-222
1.352e-225
3.91102e-229
1.11863e-232
3.16314e-236
8.84446e-240
2.44638e-243
6.69697e-247
1.81521e-250
4.87342e-254
1.29628e-257
3.41661e-261
8.92471e-265
2.31064e-268
5.92954e-272
1.50813e-275
3.80143e-279
9.49503e-283
2.34964e-286
5.75966e-290
1.3983e-293
3.35547e-297
7.98643e-301
1.88237e-304
4.38309e-308
1.01121e-311
2.30807e-315
5.21002e-319
1.18576e-322
0
0
0
0
0
0
0
0
0
0
0
0
0
0
0
0
0
0
0
0
0
0
0
0
0
0
0
0
0
0
0
0
0
0
0
0
0
0
0
0
0
0
0
0
0
0
0
0
0
0
0
0
0
0
0
0
0
0
0
0
0
0
0
0
0
0
0
0
0
0
0
0
0
0
0
0
0
0
0
0
0
0
0
0
0
0
0
0
0
0
0
0
0
0
0
0
0
0
0
0
0
0
0
0
0
0
0
0
0
0
0
0
0
0
0
0
0
0
0
0
0
0
0
0
0
0
0
0
0
0
0
0
0
0
0
0
0
0
0
0
0
0
0
0
0
0
0
0
0
0
0
0
0
0
0
0
0
0
0
0
0
0
0
0
0
0
0
0
0
0
0
0
0
0
0
0
0
0
0
0
0
0
0
0
0
0
0
0
0
0
0
0
0
0
0
0
0
0
0
0
0
0
0
0
0
0
0
0
0
0
0
0
0
0
0
0
0
0
0
0
0
0
0
0
0
0
0
0
0
0
0
0
0
0
0
0
0
0
0
0
0
0
0
0
0
0
0
0
0
0
0
0
0
0
0
0
0
0
0
0
0
0
0
0
0
0
0
0
0
0
0
0
0
0
0
0
0
0
0
0
0
0
0
5.39623e-07
4.02432e-07
1.6209e-07
1.6876e-08
3.57917e-10
1.57402e-11
5.24586e-13
6.68489e-15
6.968e-17
7.40495e-19
7.97296e-21
8.63911e-23
8.35836e-25
7.94988e-27
6.85655e-29
5.47663e-31
3.96773e-33
2.64263e-35
1.65512e-37
9.65008e-40
5.47345e-42
2.89317e-44
1.50048e-46
7.36487e-49
3.51789e-51
1.61131e-53
7.16078e-56
3.06054e-58
1.27242e-60
5.12112e-63
2.01861e-65
7.77518e-68
2.96818e-70
1.11683e-72
4.22957e-75
1.60406e-77
6.22629e-80
2.48193e-82
1.02936e-84
4.44345e-87
2.00146e-89
9.34138e-92
4.47635e-94
2.18506e-96
1.08141e-98
5.334e-101
2.62962e-103
1.27413e-105
6.08679e-108
2.82783e-110
1.25976e-112
5.22198e-115
1.91705e-117
6.31292e-120
1.94305e-122
5.71245e-125
1.61987e-127
4.45403e-130
1.19122e-132
3.10548e-135
7.90411e-138
1.96675e-140
4.78972e-143
1.14278e-145
2.67357e-148
6.1385e-151
1.38419e-153
3.06739e-156
6.68421e-159
1.43309e-161
3.02443e-164
6.28542e-167
1.28265e-169
6.37619e-173
2.97137e-176
1.25703e-179
4.8228e-183
1.72117e-186
5.92219e-190
2.01754e-193
6.86721e-197
2.32708e-200
7.78549e-204
2.55729e-207
8.23567e-211
2.60431e-214
8.10632e-218
2.48887e-221
7.54637e-225
2.2606e-228
6.6903e-232
1.95596e-235
5.64897e-239
1.61213e-242
4.54808e-246
1.26898e-249
3.50325e-253
9.57279e-257
2.58982e-260
6.93784e-264
1.8406e-267
4.83616e-271
1.25852e-274
3.24359e-278
8.27942e-282
2.09288e-285
5.23854e-289
1.29823e-292
3.18498e-296
7.73348e-300
1.85834e-303
4.41839e-307
1.03918e-310
2.41754e-314
5.56204e-318
1.26481e-321
0
0
0
0
0
0
0
0
0
0
0
0
0
0
0
0
0
0
0
0
0
0
0
0
0
0
0
0
0
0
0
0
0
0
0
0
0
0
0
0
0
0
0
0
0
0
0
0
0
0
0
0
0
0
0
0
0
0
0
0
0
0
0
0
0
0
0
0
0
0
0
0
0
0
0
0
0
0
0
0
0
0
0
0
0
0
0
0
0
0
0
0
0
0
0
0
0
0
0
0
0
0
0
0
0
0
0
0
0
0
0
0
0
0
0
0
0
0
0
0
0
0
0
0
0
0
0
0
0
0
0
0
0
0
0
0
0
0
0
0
0
0
0
0
0
0
0
0
0
0
0
0
0
0
0
0
0
0
0
0
0
0
0
0
0
0
0
0
0
0
0
0
0
0
0
0
0
0
0
0
0
0
0
0
0
0
0
0
0
0
0
0
0
0
0
0
0
0
0
0
0
0
0
0
0
0
0
0
0
0
0
0
0
0
0
0
0
0
0
0
0
0
0
0
0
0
0
0
0
0
0
0
0
0
0
0
0
0
0
0
0
0
0
0
0
0
0
0
0
0
0
0
0
0
0
0
0
0
0
0
0
0
0
0
0
0
0
0
0
0
0
0
0
0
0
0
0
0
0
0
0
0
0
0
1.6261e-08
1.17687e-08
3.98238e-09
2.42234e-10
4.01162e-12
1.27024e-13
3.30435e-15
4.76086e-17
5.93059e-19
6.99697e-21
7.91968e-23
8.07677e-25
8.04602e-27
7.13778e-29
6.0449e-31
4.63214e-33
3.26071e-35
2.12427e-37
1.29628e-39
7.54272e-42
4.11359e-44
2.18151e-46
1.09508e-48
5.30123e-51
2.46521e-53
1.10271e-55
4.77051e-58
1.98978e-60
8.05703e-63
3.16704e-65
1.22119e-67
4.61194e-70
1.73787e-72
6.48917e-75
2.45708e-77
9.40469e-80
3.71095e-82
1.51413e-84
6.44732e-87
2.85251e-89
1.31048e-91
6.16443e-94
2.96689e-96
1.43211e-98
6.9958e-101
3.35799e-103
1.60392e-105
7.43278e-108
3.34973e-110
1.43792e-112
5.81879e-115
2.17298e-117
7.32125e-120
2.28866e-122
6.79953e-125
1.94264e-127
5.37223e-130
1.44345e-132
3.77746e-135
9.64563e-138
2.40672e-140
5.87496e-143
1.40454e-145
3.29164e-148
7.56844e-151
1.70869e-153
3.79036e-156
8.26677e-159
1.77363e-161
3.74522e-164
7.78726e-167
1.59012e-169
3.27961e-173
1.35891e-176
5.82666e-180
2.29301e-183
8.3502e-187
2.90705e-190
9.97247e-194
3.41778e-197
1.16754e-200
3.94254e-204
1.30746e-207
4.24921e-211
1.35492e-214
4.24918e-218
1.31355e-221
4.0081e-225
1.20784e-228
3.59487e-232
1.05659e-235
3.06691e-239
8.79398e-243
2.49191e-246
6.98176e-250
1.93497e-253
5.30669e-257
1.44062e-260
3.8719e-264
1.0304e-267
2.71529e-271
7.08552e-275
1.831e-278
4.68543e-282
1.18724e-285
2.97862e-289
7.39831e-293
1.81901e-296
4.42634e-300
1.06583e-303
2.53909e-307
5.98358e-311
1.39467e-314
3.21461e-318
7.31217e-322
0
0
0
0
0
0
0
0
0
0
0
0
0
0
0
0
0
0
0
0
0
0
0
0
0
0
0
0
0
0
0
0
0
0
0
0
0
0
0
0
0
0
0
0
0
0
0
0
0
0
0
0
0
0
0
0
0
0
0
0
0
0
0
0
0
0
0
0
0
0
0
0
0
0
0
0
0
0
0
0
0
0
0
0
0
0
0
0
0
0
0
0
0
0
0
0
0
0
0
0
0
0
0
0
0
0
0
0
0
0
0
0
0
0
0
0
0
0
0
0
0
0
0
0
0
0
0
0
0
0
0
0
0
0
0
0
0
0
0
0
0
0
0
0
0
0
0
0
0
0
0
0
0
0
0
0
0
0
0
0
0
0
0
0
0
0
0
0
0
0
0
0
0
0
0
0
0
0
0
0
0
0
0
0
0
0
0
0
0
0
0
0
0
0
0
0
0
0
0
0
0
0
0
0
0
0
0
0
0
0
0
0
0
0
0
0
0
0
0
0
0
0
0
0
0
0
0
0
0
0
0
0
0
0
0
0
0
0
0
0
0
0
0
0
0
0
0
0
0
0
0
0
0
0
0
0
0
0
0
0
0
0
0
0
0
0
0
0
0
0
0
0
0
0
0
0
0
0
0
0
0
0
0
0
0
1.58877e-06
8.1425e-07
8.43322e-08
1.52869e-09
2.96916e-11
4.55457e-13
7.03275e-15
8.21621e-17
8.73356e-19
7.80518e-21
5.81227e-23
4.00093e-25
2.61383e-27
1.48921e-29
5.35055e-45
1.59521e-46
7.9392e-49
3.32012e-51
1.26487e-53
4.58912e-56
1.63763e-58
5.95062e-61
2.27454e-63
9.45095e-66
4.31035e-68
2.14297e-70
1.12194e-72
6.02431e-75
3.25558e-77
1.77588e-79
9.81785e-82
5.60269e-84
3.26331e-86
1.92569e-88
1.10203e-90
6.10252e-93
3.15024e-95
1.53538e-97
6.90232e-100
2.87824e-102
1.1064e-104
3.86429e-107
1.22757e-109
3.23641e-112
2.5745e-123
1.00702e-123
6.76635e-126
2.94822e-128
1.04494e-130
3.27298e-133
9.45546e-136
2.58384e-138
6.74739e-141
1.70713e-143
4.19248e-146
9.97114e-149
2.31021e-151
5.21632e-154
1.1509e-156
2.47791e-159
5.20519e-162
1.06844e-164
2.1321e-167
4.15846e-171
1.53093e-174
1.21768e-177
1.54584e-180
2.04675e-183
2.45193e-186
2.57138e-189
2.34414e-192
1.84307e-195
1.23742e-198
9.3871e-203
1.48982e-221
4.45837e-219
9.39812e-222
1.05974e-224
8.89695e-228
6.24546e-231
3.94854e-234
2.29172e-237
1.24615e-240
6.46671e-244
3.11621e-247
1.39575e-250
5.97475e-254
2.4383e-257
9.39662e-261
3.36658e-264
1.1401e-267
3.64923e-271
1.11048e-274
3.22692e-278
8.96479e-282
2.36325e-285
6.03848e-289
1.5121e-292
3.75418e-296
9.39746e-300
2.39885e-303
6.06666e-307
1.51447e-310
7.59301e-315
0
0
0
0
0
0
0
0
0
0
0
0
0
0
0
0
0
0
0
0
0
0
0
0
0
0
0
0
0
0
0
0
0
0
0
0
0
0
0
0
0
0
0
0
0
0
0
0
0
0
0
0
0
0
0
0
0
0
0
0
0
0
0
0
0
0
0
0
0
0
0
0
0
0
0
0
0
0
0
0
0
0
0
0
0
0
0
0
0
0
0
0
0
0
0
0
0
0
0
0
0
0
0
0
0
0
0
0
0
0
0
0
0
0
0
0
0
0
0
0
0
0
0
0
0
0
0
0
0
0
0
0
0
0
0
0
0
0
0
0
0
0
0
0
0
0
0
0
0
0
0
0
0
0
0
0
0
0
0
0
0
0
0
0
0
0
0
0
0
0
0
0
0
0
0
0
0
0
0
0
0
0
0
0
0
0
0
0
0
0
0
0
0
0
0
0
0
0
0
0
0
0
0
0
0
0
0
0
0
0
0
0
0
0
0
0
0
0
0
0
0
0
0
0
0
0
0
0
0
0
0
0
0
0
0
0
0
0
0
0
0
0
0
0
0
0
0
0
0
0
0
0
0
0
0
0
0
0
0
0
0
0
0
0
0
0
0
0
0
0
4.33788e-05
2.69823e-05
2.05781e-06
2.71245e-08
4.33425e-10
4.68283e-12
7.27044e-14
9.46974e-16
9.15093e-18
8.19108e-20
6.76788e-22
4.86829e-24
3.12447e-26
1.87011e-28
1.43154e-42
4.22907e-44
1.70473e-46
6.18691e-49
2.14212e-51
7.24866e-54
2.4813e-56
8.73195e-59
3.14542e-61
1.16861e-63
4.51822e-66
1.87465e-68
8.43251e-71
4.17871e-73
2.21171e-75
1.24717e-77
7.37234e-80
4.56358e-82
2.9106e-84
1.87223e-86
1.15882e-88
6.96092e-91
3.88498e-93
2.07746e-95
1.0436e-97
4.98771e-100
2.22991e-102
9.03363e-105
3.19266e-107
7.78222e-110
1.38664e-120
5.23127e-121
3.44432e-123
1.45165e-125
5.00308e-128
1.53806e-130
4.394e-133
1.19401e-135
3.11552e-138
7.91354e-141
1.95583e-143
4.68148e-146
1.09555e-148
2.5023e-151
5.58915e-154
1.21772e-156
2.58294e-159
5.35744e-162
1.0862e-164
2.1486e-167
9.64446e-171
8.55206e-174
1.15637e-176
1.61429e-179
2.02479e-182
2.19408e-185
2.03218e-188
1.61973e-191
1.09401e-194
1.3785e-198
4.49519e-217
4.62692e-215
9.85735e-218
1.11867e-220
9.43275e-224
6.63396e-227
4.13668e-230
2.35571e-233
1.24768e-236
6.27463e-240
2.94302e-243
1.29793e-246
5.45089e-250
2.20154e-253
8.45031e-257
3.06446e-260
1.05011e-263
3.43536e-267
1.07069e-270
3.20671e-274
9.19503e-278
2.52154e-281
6.66042e-285
1.72142e-288
4.38004e-292
1.1136e-295
2.85722e-299
7.29569e-303
1.83029e-306
1.51887e-310
0
0
0
0
0
0
0
0
0
0
0
0
0
0
0
0
0
0
0
0
0
0
0
0
0
0
0
0
0
0
0
0
0
0
0
0
0
0
0
0
0
0
0
0
0
0
0
0
0
0
0
0
0
0
0
0
0
0
0
0
0
0
0
0
0
0
0
0
0
0
0
0
0
0
0
0
0
0
0
0
0
0
0
0
0
0
0
0
0
0
0
0
0
0
0
0
0
0
0
0
0
0
0
0
0
0
0
0
0
0
0
0
0
0
0
0
0
0
0
0
0
0
0
0
0
0
0
0
0
0
0
0
0
0
0
0
0
0
0
0
0
0
0
0
0
0
0
0
0
0
0
0
0
0
0
0
0
0
0
0
0
0
0
0
0
0
0
0
0
0
0
0
0
0
0
0
0
0
0
0
0
0
0
0
0
0
0
0
0
0
0
0
0
0
0
0
0
0
0
0
0
0
0
0
0
0
0
0
0
0
0
0
0
0
0
0
0
0
0
0
0
0
0
0
0
0
0
0
0
0
0
0
0
0
0
0
0
0
0
0
0
0
0
0
0
0
0
0
0
0
0
0
0
0
0
0
0
0
0
0
0
0
0
0
0
0
0
0
0
0
1.6745e-07
1.85859e-07
1.85839e-08
1.11748e-10
4.3594e-13
9.37926e-15
2.07451e-17
3.1483e-20
7.41562e-23
1.64634e-25
1.04619e-27
2.78571e-30
2.36556e-32
2.29229e-34
2.79242e-44
1.06826e-45
2.79109e-48
9.66875e-51
3.13988e-53
1.07823e-55
3.9777e-58
1.52301e-60
5.97053e-63
2.16011e-65
8.05055e-68
2.92117e-70
9.90598e-73
3.66673e-75
1.32611e-77
5.09364e-80
2.57409e-82
1.39499e-84
9.78997e-87
6.87555e-89
4.33917e-91
3.10162e-93
1.84362e-95
1.21616e-97
7.56942e-100
4.7643e-102
2.75665e-104
1.48478e-106
6.54435e-109
1.86843e-112
5.34922e-122
3.01858e-122
1.89078e-124
7.52505e-127
2.47383e-129
7.39862e-132
2.08656e-134
5.61411e-137
1.45034e-139
3.66435e-142
8.94506e-145
2.10791e-147
4.92136e-150
1.12387e-152
2.52141e-155
5.51646e-158
1.17395e-160
2.46297e-163
5.06481e-166
1.03148e-168
2.04935e-171
3.26045e-174
5.41346e-177
8.07923e-180
1.05039e-182
1.15512e-185
1.05614e-188
8.18426e-192
5.28891e-195
3.64065e-199
8.67565e-217
3.40425e-215
6.76304e-218
7.40355e-221
6.01891e-224
4.09112e-227
2.4512e-230
1.32886e-233
6.62599e-237
3.10613e-240
1.35394e-243
5.57472e-247
2.20023e-250
8.39584e-254
3.07768e-257
1.08001e-260
3.62703e-264
1.18098e-267
3.7224e-271
1.14662e-274
3.41532e-278
9.80129e-282
2.72598e-285
7.40972e-289
1.96944e-292
5.18186e-296
1.35426e-299
3.47646e-303
8.5871e-307
3.90838e-311
0
0
0
0
0
0
0
0
0
0
0
0
0
0
0
0
0
0
0
0
0
0
0
0
0
0
0
0
0
0
0
0
0
0
0
0
0
0
0
0
0
0
0
0
0
0
0
0
0
0
0
0
0
0
0
0
0
0
0
0
0
0
0
0
0
0
0
0
0
0
0
0
0
0
0
0
0
0
0
0
0
0
0
0
0
0
0
0
0
0
0
0
0
0
0
0
0
0
0
0
0
0
0
0
0
0
0
0
0
0
0
0
0
0
0
0
0
0
0
0
0
0
0
0
0
0
0
0
0
0
0
0
0
0
0
0
0
0
0
0
0
0
0
0
0
0
0
0
0
0
0
0
0
0
0
0
0
0
0
0
0
0
0
0
0
0
0
0
0
0
0
0
0
0
0
0
0
0
0
0
0
0
0
0
0
0
0
0
0
0
0
0
0
0
0
0
0
0
0
0
0
0
0
0
0
0
0
0
0
0
0
0
0
0
0
0
0
0
0
0
0
0
0
0
0
0
0
0
0
0
0
0
0
0
0
0
0
0
0
0
0
0
0
0
0
0
0
0
0
0
0
0
0
0
0
0
0
0
0
0
0
0
0
0
0
0
0
0
0
0
0.0039672
0.00210517
5.0041e-06
1.69027e-07
4.77234e-09
1.57077e-10
1.14745e-13
1.11212e-16
1.60712e-19
3.60604e-22
5.06823e-25
1.22971e-27
3.14594e-30
8.60449e-33
5.3528e-40
1.57662e-41
4.24643e-44
1.40235e-46
4.51785e-49
1.38602e-51
4.90327e-54
1.79974e-56
6.56561e-59
2.53998e-61
9.06141e-64
3.14777e-66
1.1022e-68
3.88198e-71
1.28081e-73
4.54734e-76
1.55047e-78
6.00633e-81
2.62574e-83
1.32481e-85
7.34551e-88
4.38842e-90
2.63489e-92
1.70619e-94
1.09362e-96
7.02256e-99
4.39516e-101
2.65768e-103
1.4356e-105
1.14085e-108
9.35235e-118
1.08635e-118
6.34994e-121
2.47152e-123
8.06321e-126
2.38334e-128
6.61392e-131
1.75518e-133
4.50194e-136
1.1231e-138
2.73585e-141
6.52497e-144
1.52593e-146
3.50403e-149
7.90691e-152
1.75435e-154
3.82992e-157
8.22718e-160
1.74021e-162
3.62364e-165
7.4337e-168
1.50161e-170
2.81765e-173
4.4285e-176
6.07001e-179
6.9673e-182
6.50107e-185
5.09092e-188
3.36995e-191
5.87775e-195
7.48787e-212
3.08172e-211
5.45975e-214
5.52912e-217
4.2284e-220
2.70416e-223
1.52037e-226
7.72997e-230
3.6238e-233
1.58718e-236
6.56911e-240
2.58979e-243
9.79718e-247
3.57469e-250
1.26382e-253
4.34283e-257
1.45456e-260
4.75602e-264
1.52113e-267
4.76171e-271
1.46131e-274
4.39691e-278
1.29886e-281
3.76594e-285
1.07305e-288
3.00334e-292
8.26267e-296
2.23481e-299
5.85144e-303
6.85683e-307
0
0
0
0
0
0
0
0
0
0
0
0
0
0
0
0
0
0
0
0
0
0
0
0
0
0
0
0
0
0
0
0
0
0
0
0
0
0
0
0
0
0
0
0
0
0
0
0
0
0
0
0
0
0
0
0
0
0
0
0
0
0
0
0
0
0
0
0
0
0
0
0
0
0
0
0
0
0
0
0
0
0
0
0
0
0
0
0
0
0
0
0
0
0
0
0
0
0
0
0
0
0
0
0
0
0
0
0
0
0
0
0
0
0
0
0
0
0
0
0
0
0
0
0
0
0
0
0
0
0
0
0
0
0
0
0
0
0
0
0
0
0
0
0
0
0
0
0
0
0
0
0
0
0
0
0
0
0
0
0
0
0
0
0
0
0
0
0
0
0
0
0
0
0
0
0
0
0
0
0
0
0
0
0
0
0
0
0
0
0
0
0
0
0
0
0
0
0
0
0
0
0
0
0
0
0
0
0
0
0
0
0
0
0
0
0
0
0
0
0
0
0
0
0
0
0
0
0
0
0
0
0
0
0
0
0
0
0
0
0
0
0
0
0
0
0
0
0
0
0
0
0
0
0
0
0
0
0
0
0
0
0
0
0
0
0
0
0
0
0
0.00672355
0.00644383
0.00596916
8.10499e-05
2.53102e-06
1.68374e-06
5.81173e-09
1.98397e-12
2.76228e-15
5.17674e-18
9.97155e-21
2.44555e-23
5.88986e-26
1.46215e-28
1.91388e-35
5.7533e-37
1.79821e-39
6.51597e-42
2.20836e-44
7.09128e-47
2.45314e-49
9.19361e-52
3.58781e-54
1.4023e-56
5.22964e-59
1.94695e-61
6.96843e-64
2.46971e-66
8.49287e-69
2.91277e-71
9.60738e-74
3.29878e-76
1.13868e-78
4.25699e-81
1.74457e-83
7.86331e-86
3.88952e-88
2.13007e-90
1.20622e-92
7.1417e-95
4.17276e-97
2.50596e-99
1.46775e-101
1.94269e-104
6.39019e-113
2.13977e-114
1.14668e-116
4.35369e-119
1.42046e-121
4.24923e-124
1.19952e-126
3.24573e-129
8.49133e-132
2.16025e-134
5.36443e-137
1.3028e-139
3.10179e-142
7.24509e-145
1.66208e-147
3.74807e-150
8.31122e-153
1.81361e-155
3.89395e-158
8.23457e-161
1.71413e-163
3.51483e-166
7.09784e-169
1.36609e-171
1.86878e-174
2.13056e-177
1.90926e-180
1.39613e-183
8.49461e-187
1.50685e-190
3.03219e-206
1.51812e-206
2.25423e-209
1.98836e-212
1.35668e-215
7.88345e-219
4.08186e-222
1.9314e-225
8.48369e-229
3.50154e-232
1.37031e-235
5.12505e-239
1.84371e-242
6.41378e-246
2.16639e-249
7.13093e-253
2.29257e-256
7.21545e-260
2.22513e-263
6.73606e-267
2.00164e-270
5.84651e-274
1.67854e-277
4.73999e-281
1.31688e-284
3.60059e-288
9.69109e-292
2.56703e-295
6.60153e-299
8.10941e-303
7.41098e-322
2.51973e-322
0
0
0
0
0
0
0
0
0
0
0
0
0
0
0
0
0
0
0
0
0
0
0
0
0
0
0
0
0
0
0
0
0
0
0
0
0
0
0
0
0
0
0
0
0
0
0
0
0
0
0
0
0
0
0
0
0
0
0
0
0
0
0
0
0
0
0
0
0
0
0
0
0
0
0
0
0
0
0
0
0
0
0
0
0
0
0
0
0
0
0
0
0
0
0
0
0
0
0
0
0
0
0
0
0
0
0
0
0
0
0
0
0
0
0
0
0
0
0
0
0
0
0
0
0
0
0
0
0
0
0
0
0
0
0
0
0
0
0
0
0
0
0
0
0
0
0
0
0
0
0
0
0
0
0
0
0
0
0
0
0
0
0
0
0
0
0
0
0
0
0
0
0
0
0
0
0
0
0
0
0
0
0
0
0
0
0
0
0
0
0
0
0
0
0
0
0
0
0
0
0
0
0
0
0
0
0
0
0
0
0
0
0
0
0
0
0
0
0
0
0
0
0
0
0
0
0
0
0
0
0
0
0
0
0
0
0
0
0
0
0
0
0
0
0
0
0
0
0
0
0
0
0
0
0
0
0
0
0
0
0
0
0
0
0
0
0
0
0.00638545
0.00634787
0.00634256
0.00563352
0.000241575
0.00013843
5.92547e-06
7.77004e-09
1.22868e-11
2.37457e-14
5.55967e-17
1.36416e-19
3.51915e-22
9.4365e-25
2.54968e-31
7.63082e-33
2.79557e-35
1.03971e-37
3.65983e-40
1.1119e-42
3.72678e-45
1.36301e-47
5.31672e-50
2.15851e-52
8.16317e-55
3.0994e-57
1.1279e-59
4.1386e-62
1.41996e-64
5.07037e-67
1.6509e-69
5.77403e-72
1.84576e-74
6.45109e-77
2.20693e-79
8.25024e-82
3.32911e-84
1.4629e-86
7.06997e-89
3.67278e-91
1.97239e-93
1.10654e-95
6.30086e-98
1.37902e-100
1.16674e-108
1.68599e-110
8.2607e-113
3.06757e-115
1.00474e-117
3.05082e-120
8.78609e-123
2.42851e-125
6.49101e-128
1.68684e-130
4.27388e-133
1.05848e-135
2.5669e-138
6.10328e-141
1.42444e-143
3.2651e-146
7.35909e-149
1.63105e-151
3.55745e-154
7.63664e-157
1.61419e-159
3.35846e-162
6.88378e-165
1.38926e-167
2.7076e-170
3.10838e-173
2.70015e-176
1.85824e-179
1.02777e-182
1.70203e-186
5.4494e-201
3.59839e-202
4.3177e-205
3.24432e-208
1.94432e-211
1.01469e-214
4.80052e-218
2.101e-221
8.61621e-225
3.34083e-228
1.23394e-231
4.36981e-235
1.4927e-238
4.9413e-242
1.59213e-245
5.00888e-249
1.54325e-252
4.66351e-256
1.38475e-259
4.04326e-263
1.16205e-266
3.28749e-270
9.16408e-274
2.51635e-277
6.81084e-281
1.8168e-284
4.77791e-288
1.23843e-291
3.11945e-295
3.72483e-299
1.73561e-316
7.74002e-318
6.94162e-321
4.94066e-324
0
0
0
0
0
0
0
0
0
0
0
0
0
0
0
0
0
0
0
0
0
0
0
0
0
0
0
0
0
0
0
0
0
0
0
0
0
0
0
0
0
0
0
0
0
0
0
0
0
0
0
0
0
0
0
0
0
0
0
0
0
0
0
0
0
0
0
0
0
0
0
0
0
0
0
0
0
0
0
0
0
0
0
0
0
0
0
0
0
0
0
0
0
0
0
0
0
0
0
0
0
0
0
0
0
0
0
0
0
0
0
0
0
0
0
0
0
0
0
0
0
0
0
0
0
0
0
0
0
0
0
0
0
0
0
0
0
0
0
0
0
0
0
0
0
0
0
0
0
0
0
0
0
0
0
0
0
0
0
0
0
0
0
0
0
0
0
0
0
0
0
0
0
0
0
0
0
0
0
0
0
0
0
0
0
0
0
0
0
0
0
0
0
0
0
0
0
0
0
0
0
0
0
0
0
0
0
0
0
0
0
0
0
0
0
0
0
0
0
0
0
0
0
0
0
0
0
0
0
0
0
0
0
0
0
0
0
0
0
0
0
0
0
0
0
0
0
0
0
0
0
0
0
0
0
0
0
0
0
0
0
0
0
0
0
0
0.0064819
0.00638184
0.00630881
0.00637777
0.00483635
0.00392443
0.000235233
4.905e-06
1.06795e-08
3.25204e-11
1.34417e-13
4.90451e-16
1.46916e-18
3.89853e-21
1.52032e-27
4.54717e-29
2.1653e-31
9.30536e-34
3.54768e-36
1.22312e-38
3.85785e-41
1.44942e-43
5.79176e-46
2.44374e-48
9.69985e-51
3.86297e-53
1.45768e-55
5.53034e-58
1.98073e-60
7.18116e-63
2.46818e-65
8.48748e-68
2.85982e-70
9.58949e-73
3.23929e-75
1.10867e-77
4.02215e-80
1.51687e-82
6.39384e-85
2.85053e-87
1.38118e-89
6.9431e-92
3.61317e-94
1.30521e-96
2.24317e-104
1.62608e-106
7.26127e-109
2.64602e-111
8.7288e-114
2.6994e-116
7.95212e-119
2.25092e-121
6.1595e-124
1.63712e-126
4.23948e-129
1.07174e-131
2.65007e-134
6.41901e-137
1.52487e-139
3.55569e-142
8.14667e-145
1.83492e-147
4.06565e-150
8.86298e-153
1.90192e-155
4.01621e-158
8.35246e-161
1.7102e-163
3.44764e-166
6.70769e-169
5.61813e-172
3.68627e-175
1.85798e-178
3.17402e-182
1.6471e-195
1.31865e-197
1.20051e-200
7.44771e-204
3.84602e-207
1.77945e-210
7.62392e-214
3.06981e-217
1.17133e-220
4.25739e-224
1.48201e-227
4.96334e-231
1.60786e-234
5.05871e-238
1.55256e-241
4.66202e-245
1.37368e-248
3.97929e-252
1.13522e-255
3.19185e-259
8.85336e-263
2.42249e-266
6.54396e-270
1.7448e-273
4.59352e-277
1.19363e-280
3.06172e-284
7.74558e-288
1.90925e-291
2.40653e-295
6.95264e-311
3.71498e-313
2.47602e-316
1.14544e-319
4.44659e-323
0
0
0
0
0
0
0
0
0
0
0
0
0
0
0
0
0
0
0
0
0
0
0
0
0
0
0
0
0
0
0
0
0
0
0
0
0
0
0
0
0
0
0
0
0
0
0
0
0
0
0
0
0
0
0
0
0
0
0
0
0
0
0
0
0
0
0
0
0
0
0
0
0
0
0
0
0
0
0
0
0
0
0
0
0
0
0
0
0
0
0
0
0
0
0
0
0
0
0
0
0
0
0
0
0
0
0
0
0
0
0
0
0
0
0
0
0
0
0
0
0
0
0
0
0
0
0
0
0
0
0
0
0
0
0
0
0
0
0
0
0
0
0
0
0
0
0
0
0
0
0
0
0
0
0
0
0
0
0
0
0
0
0
0
0
0
0
0
0
0
0
0
0
0
0
0
0
0
0
0
0
0
0
0
0
0
0
0
0
0
0
0
0
0
0
0
0
0
0
0
0
0
0
0
0
0
0
0
0
0
0
0
0
0
0
0
0
0
0
0
0
0
0
0
0
0
0
0
0
0
0
0
0
0
0
0
0
0
0
0
0
0
0
0
0
0
0
0
0
0
0
0
0
0
0
0
0
0
0
0
0
0
0
0
0
0.00647612
0.00642024
0.00638975
0.00622205
0.00474479
0.00492722
0.00102415
6.92234e-05
3.12224e-07
1.41256e-09
6.59362e-12
3.02517e-14
1.37458e-16
5.6654e-19
1.15248e-24
3.92651e-26
2.40057e-28
1.24178e-30
5.06912e-33
1.95397e-35
6.03614e-38
2.16361e-40
9.05158e-43
3.90076e-45
1.6337e-47
6.70861e-50
2.60806e-52
1.03127e-54
3.75227e-57
1.40427e-59
4.98036e-62
1.75913e-64
6.09798e-67
2.07398e-69
7.03633e-72
2.3639e-74
8.14746e-77
2.83107e-79
1.06917e-81
4.16586e-84
1.81514e-86
8.22389e-89
4.0107e-91
1.78389e-93
5.92966e-101
2.904e-103
1.17365e-105
4.1674e-108
1.37946e-110
4.33989e-113
1.30882e-115
3.80087e-118
1.06633e-120
2.90452e-123
7.70267e-126
1.9907e-128
5.02546e-131
1.2412e-133
3.00344e-136
7.12844e-139
1.66116e-141
3.80386e-144
8.56017e-147
1.89481e-149
4.12535e-152
8.83639e-155
1.86331e-157
3.86869e-160
7.90187e-163
1.58723e-165
3.05992e-168
1.91081e-171
8.58975e-175
1.74173e-178
1.3912e-190
1.37777e-193
8.57379e-197
4.19831e-200
1.8216e-203
7.35173e-207
2.82422e-210
1.04102e-213
3.6884e-217
1.2575e-220
4.13076e-224
1.31009e-227
4.02497e-231
1.20319e-234
3.51384e-238
1.00592e-241
2.83055e-245
7.8466e-249
2.14529e-252
5.79304e-256
1.54584e-259
4.07757e-263
1.06365e-266
2.74447e-270
7.0014e-274
1.76504e-277
4.39048e-281
1.07453e-284
2.55985e-288
3.34244e-292
7.81097e-306
5.1417e-309
2.27511e-312
8.13382e-316
2.62537e-319
7.90505e-323
0
0
0
0
0
0
0
0
0
0
0
0
0
0
0
0
0
0
0
0
0
0
0
0
0
0
0
0
0
0
0
0
0
0
0
0
0
0
0
0
0
0
0
0
0
0
0
0
0
0
0
0
0
0
0
0
0
0
0
0
0
0
0
0
0
0
0
0
0
0
0
0
0
0
0
0
0
0
0
0
0
0
0
0
0
0
0
0
0
0
0
0
0
0
0
0
0
0
0
0
0
0
0
0
0
0
0
0
0
0
0
0
0
0
0
0
0
0
0
0
0
0
0
0
0
0
0
0
0
0
0
0
0
0
0
0
0
0
0
0
0
0
0
0
0
0
0
0
0
0
0
0
0
0
0
0
0
0
0
0
0
0
0
0
0
0
0
0
0
0
0
0
0
0
0
0
0
0
0
0
0
0
0
0
0
0
0
0
0
0
0
0
0
0
0
0
0
0
0
0
0
0
0
0
0
0
0
0
0
0
0
0
0
0
0
0
0
0
0
0
0
0
0
0
0
0
0
0
0
0
0
0
0
0
0
0
0
0
0
0
0
0
0
0
0
0
0
0
0
0
0
0
0
0
0
0
0
0
0
0
0
0
0
0
0.00647084
0.00651973
0.0062359
0.00467565
0.00259408
0.0032289
0.00109472
0.000123409
2.47577e-06
1.32818e-08
1.06339e-10
9.30863e-13
8.06112e-15
6.9045e-17
5.20503e-19
4.23214e-21
3.56341e-23
3.27039e-25
2.75845e-27
2.3088e-29
1.5812e-31
9.8602e-34
5.80659e-36
3.07864e-38
1.57264e-40
7.52399e-43
3.37678e-45
1.48923e-47
6.1202e-50
2.4861e-52
9.6647e-55
3.69156e-57
1.36943e-59
5.03914e-62
1.80685e-64
6.41292e-67
2.26351e-69
7.66997e-72
2.70609e-74
9.14303e-77
3.26529e-79
1.17033e-81
4.61876e-84
1.83662e-86
8.37524e-89
3.72548e-91
1.63473e-93
6.20061e-96
2.39006e-98
9.12244e-101
3.26776e-103
1.11875e-105
3.69084e-108
1.17734e-110
3.63031e-113
1.08186e-115
3.11626e-118
8.70576e-121
2.36708e-123
6.26602e-126
1.61746e-128
4.0792e-131
1.00648e-133
2.43302e-136
5.76923e-139
1.34315e-141
3.07042e-144
6.89891e-147
1.5241e-149
3.31098e-152
7.07848e-155
1.49023e-157
3.08577e-160
6.28042e-163
1.25377e-165
2.37005e-168
8.40362e-172
2.37758e-175
3.6187e-179
2.62645e-183
8.87235e-187
3.60033e-190
1.31376e-193
4.67087e-197
1.62713e-200
5.55543e-204
1.8726e-207
6.239e-211
2.04249e-214
6.54445e-218
2.0446e-221
6.19427e-225
1.81582e-228
5.16947e-232
1.43739e-235
3.92037e-239
1.05188e-242
2.7831e-246
7.24795e-250
1.86044e-253
4.7134e-257
1.17656e-260
2.90059e-264
7.08493e-268
1.71132e-271
4.07328e-275
9.45013e-279
2.08208e-282
4.31383e-286
8.57945e-290
9.87901e-294
3.64922e-298
6.45571e-302
1.73547e-305
4.38554e-309
1.11087e-312
2.83608e-316
7.23213e-320
1.4822e-323
0
0
0
0
0
0
0
0
0
0
0
0
0
0
0
0
0
0
0
0
0
0
0
0
0
0
0
0
0
0
0
0
0
0
0
0
0
0
0
0
0
0
0
0
0
0
0
0
0
0
0
0
0
0
0
0
0
0
0
0
0
0
0
0
0
0
0
0
0
0
0
0
0
0
0
0
0
0
0
0
0
0
0
0
0
0
0
0
0
0
0
0
0
0
0
0
0
0
0
0
0
0
0
0
0
0
0
0
0
0
0
0
0
0
0
0
0
0
0
0
0
0
0
0
0
0
0
0
0
0
0
0
0
0
0
0
0
0
0
0
0
0
0
0
0
0
0
0
0
0
0
0
0
0
0
0
0
0
0
0
0
0
0
0
0
0
0
0
0
0
0
0
0
0
0
0
0
0
0
0
0
0
0
0
0
0
0
0
0
0
0
0
0
0
0
0
0
0
0
0
0
0
0
0
0
0
0
0
0
0
0
0
0
0
0
0
0
0
0
0
0
0
0
0
0
0
0
0
0
0
0
0
0
0
0
0
0
0
0
0
0
0
0
0
0
0
0
0
0
0
0
0
0
0
0
0
0
0
0
0
0
0
0
0
0
0
0
0
0
0
0
0
0
0
0
0
0
0
0
0
0
0.00648523
0.00635542
0.00416052
0.0008007
0.000649819
0.00149853
0.000710996
6.34345e-05
1.17819e-06
7.43307e-09
7.18517e-11
7.53295e-13
8.39546e-15
1.02271e-16
8.65404e-19
7.87949e-21
5.01168e-23
3.75057e-25
3.01067e-27
2.34397e-29
1.66352e-31
1.11617e-33
7.39197e-36
4.43643e-38
2.57986e-40
1.41629e-42
7.53007e-45
3.68367e-47
1.84275e-49
8.24475e-52
3.76651e-54
1.62389e-56
6.77696e-59
2.78588e-61
1.10981e-63
4.32239e-66
1.67499e-68
6.4385e-71
2.47243e-73
9.79591e-76
3.93301e-78
1.66269e-80
7.23342e-83
3.29306e-85
1.53534e-87
7.33486e-90
3.47325e-92
1.65328e-94
7.67614e-97
3.24775e-99
1.23757e-101
4.32702e-104
1.4335e-106
4.59006e-109
1.42855e-111
4.31565e-114
1.26354e-116
3.591e-119
9.93735e-122
2.68172e-124
7.06385e-127
1.81835e-129
4.5758e-132
1.12647e-134
2.71667e-137
6.42456e-140
1.49058e-142
3.39832e-145
7.62415e-148
1.68431e-150
3.6659e-153
7.86187e-156
1.65884e-158
3.43749e-161
6.99499e-164
1.39828e-166
2.4946e-169
5.96582e-173
1.36723e-176
3.40109e-180
8.10804e-184
1.90061e-187
4.90363e-191
1.30693e-194
3.53241e-198
9.65932e-202
2.68527e-205
7.53824e-209
2.11559e-212
5.91973e-216
1.64635e-219
4.53083e-223
1.23177e-226
3.3067e-230
8.72179e-234
2.25005e-237
5.67612e-241
1.39996e-244
3.37691e-248
8.03095e-252
1.89751e-255
4.48022e-259
1.06313e-262
2.53755e-266
6.03015e-270
1.40836e-273
3.22595e-277
7.23844e-281
1.59726e-284
3.39601e-288
7.67519e-292
1.92141e-295
4.31153e-299
8.54547e-303
1.72212e-306
3.47714e-310
7.09138e-314
1.46881e-317
3.10273e-321
0
0
0
0
0
0
0
0
0
0
0
0
0
0
0
0
0
0
0
0
0
0
0
0
0
0
0
0
0
0
0
0
0
0
0
0
0
0
0
0
0
0
0
0
0
0
0
0
0
0
0
0
0
0
0
0
0
0
0
0
0
0
0
0
0
0
0
0
0
0
0
0
0
0
0
0
0
0
0
0
0
0
0
0
0
0
0
0
0
0
0
0
0
0
0
0
0
0
0
0
0
0
0
0
0
0
0
0
0
0
0
0
0
0
0
0
0
0
0
0
0
0
0
0
0
0
0
0
0
0
0
0
0
0
0
0
0
0
0
0
0
0
0
0
0
0
0
0
0
0
0
0
0
0
0
0
0
0
0
0
0
0
0
0
0
0
0
0
0
0
0
0
0
0
0
0
0
0
0
0
0
0
0
0
0
0
0
0
0
0
0
0
0
0
0
0
0
0
0
0
0
0
0
0
0
0
0
0
0
0
0
0
0
0
0
0
0
0
0
0
0
0
0
0
0
0
0
0
0
0
0
0
0
0
0
0
0
0
0
0
0
0
0
0
0
0
0
0
0
0
0
0
0
0
0
0
0
0
0
0
0
0
0
0
0
0
0
0
0
0
0
0
0
0
0
0
0
0
0
0
0
0.00615568
0.00447506
0.000377927
0.000142801
0.000149909
0.000507211
0.000181403
1.30974e-05
8.46614e-08
6.86742e-10
6.11302e-12
5.71546e-14
5.9701e-16
7.57909e-18
5.93086e-20
4.56953e-22
2.76136e-24
1.8187e-26
1.20299e-28
8.01071e-31
4.97048e-33
3.00512e-35
1.70534e-37
9.48367e-40
4.99796e-42
2.53733e-44
1.27686e-46
5.98508e-49
2.8227e-51
1.2736e-53
5.5017e-56
2.3912e-58
9.81226e-61
3.98954e-63
1.58955e-65
6.17872e-68
2.38002e-70
9.15967e-73
3.50281e-75
1.38202e-77
5.52964e-80
2.32608e-82
1.01322e-84
4.62662e-87
2.17364e-89
1.04579e-91
5.07911e-94
2.45764e-96
1.16179e-98
5.25855e-101
2.18711e-103
8.27319e-106
2.90046e-108
9.64614e-111
3.08721e-113
9.55767e-116
2.86852e-118
8.36533e-121
2.37469e-123
6.56507e-126
1.76858e-128
4.64964e-131
1.19424e-133
3.00009e-136
7.38332e-139
1.78175e-141
4.21912e-144
9.81875e-147
2.24852e-149
5.07009e-152
1.12566e-154
2.45991e-157
5.28401e-160
1.11423e-162
2.30745e-165
4.69118e-168
3.06083e-171
4.81197e-175
1.41686e-178
4.96111e-182
1.45418e-185
3.62262e-189
9.02388e-193
2.2308e-196
5.59072e-200
1.4479e-203
3.90317e-207
1.08098e-210
3.02145e-214
8.43401e-218
2.34026e-221
6.42103e-225
1.73131e-228
4.57698e-232
1.18234e-235
2.98531e-239
7.40373e-243
1.80713e-246
4.3454e-250
1.03605e-253
2.46418e-257
5.88572e-261
1.4157e-264
3.42242e-268
8.23013e-272
1.94139e-275
4.48095e-279
1.01161e-282
2.2307e-286
4.68316e-290
1.09596e-293
2.85737e-297
6.37856e-301
1.24479e-304
2.48078e-308
4.95103e-312
9.94376e-316
2.02231e-319
3.95253e-323
0
0
0
0
0
0
0
0
0
0
0
0
0
0
0
0
0
0
0
0
0
0
0
0
0
0
0
0
0
0
0
0
0
0
0
0
0
0
0
0
0
0
0
0
0
0
0
0
0
0
0
0
0
0
0
0
0
0
0
0
0
0
0
0
0
0
0
0
0
0
0
0
0
0
0
0
0
0
0
0
0
0
0
0
0
0
0
0
0
0
0
0
0
0
0
0
0
0
0
0
0
0
0
0
0
0
0
0
0
0
0
0
0
0
0
0
0
0
0
0
0
0
0
0
0
0
0
0
0
0
0
0
0
0
0
0
0
0
0
0
0
0
0
0
0
0
0
0
0
0
0
0
0
0
0
0
0
0
0
0
0
0
0
0
0
0
0
0
0
0
0
0
0
0
0
0
0
0
0
0
0
0
0
0
0
0
0
0
0
0
0
0
0
0
0
0
0
0
0
0
0
0
0
0
0
0
0
0
0
0
0
0
0
0
0
0
0
0
0
0
0
0
0
0
0
0
0
0
0
0
0
0
0
0
0
0
0
0
0
0
0
0
0
0
0
0
0
0
0
0
0
0
0
0
0
0
0
0
0
0
0
0
0
0
0
0
0
0
0
0
0
0
0
0
0
0
0
0
0
0
0
0.00312225
0.000668359
4.85313e-05
4.37599e-05
2.51688e-05
3.58014e-05
1.24926e-05
6.41881e-07
2.22581e-09
1.11385e-11
6.09083e-14
4.30012e-16
3.76764e-18
4.95297e-20
3.6377e-22
2.83531e-24
1.97736e-26
1.32339e-28
8.7259e-31
5.56913e-33
3.33459e-35
1.98973e-37
1.09809e-39
5.94687e-42
3.13537e-44
1.53248e-46
7.65319e-49
3.51928e-51
1.59933e-53
7.18373e-56
2.98997e-58
1.27215e-60
5.1351e-63
2.03212e-65
7.97955e-68
3.07056e-70
1.16823e-72
4.51314e-75
1.73799e-77
6.95882e-80
2.85868e-82
1.23348e-84
5.54093e-87
2.59151e-89
1.24889e-91
6.12668e-94
3.02847e-96
1.49061e-98
7.20697e-101
3.35171e-103
1.44966e-105
5.70762e-108
2.05089e-110
6.87263e-113
2.19384e-115
6.74667e-118
2.00828e-120
5.80389e-123
1.63095e-125
4.46166e-128
1.19068e-130
3.10589e-133
7.92363e-136
1.97802e-138
4.83532e-141
1.15808e-143
2.7199e-146
6.27533e-149
1.42442e-151
3.18224e-154
6.99665e-157
1.51467e-159
3.22651e-162
6.75225e-165
1.38916e-167
2.57369e-170
7.18634e-174
1.75995e-177
4.5976e-181
1.37183e-184
3.87126e-188
1.0522e-191
2.9991e-195
8.58131e-199
2.45034e-202
7.04579e-206
2.03242e-209
5.79693e-213
1.62929e-216
4.5175e-220
1.23594e-223
3.33889e-227
8.9268e-231
2.36814e-234
6.22596e-238
1.6216e-241
4.18202e-245
1.06451e-248
2.67239e-252
6.64034e-256
1.64188e-259
4.05129e-263
9.97573e-267
2.45598e-270
6.02187e-274
1.45265e-277
3.44391e-281
8.0827e-285
1.86661e-288
4.10058e-292
9.54412e-296
2.38328e-299
5.28977e-303
1.08186e-306
2.28731e-310
4.86472e-314
1.04022e-317
2.25788e-321
0
0
0
0
0
0
0
0
0
0
0
0
0
0
0
0
0
0
0
0
0
0
0
0
0
0
0
0
0
0
0
0
0
0
0
0
0
0
0
0
0
0
0
0
0
0
0
0
0
0
0
0
0
0
0
0
0
0
0
0
0
0
0
0
0
0
0
0
0
0
0
0
0
0
0
0
0
0
0
0
0
0
0
0
0
0
0
0
0
0
0
0
0
0
0
0
0
0
0
0
0
0
0
0
0
0
0
0
0
0
0
0
0
0
0
0
0
0
0
0
0
0
0
0
0
0
0
0
0
0
0
0
0
0
0
0
0
0
0
0
0
0
0
0
0
0
0
0
0
0
0
0
0
0
0
0
0
0
0
0
0
0
0
0
0
0
0
0
0
0
0
0
0
0
0
0
0
0
0
0
0
0
0
0
0
0
0
0
0
0
0
0
0
0
0
0
0
0
0
0
0
0
0
0
0
0
0
0
0
0
0
0
0
0
0
0
0
0
0
0
0
0
0
0
0
0
0
0
0
0
0
0
0
0
0
0
0
0
0
0
0
0
0
0
0
0
0
0
0
0
0
0
0
0
0
0
0
0
0
0
0
0
0
0
0
0
0
0
0
0
0
0
0
0
0
0
0
0
0
0
0
0
0.000283836
3.68865e-05
2.03435e-05
7.79983e-06
1.79419e-06
6.96089e-07
9.59986e-08
8.95892e-10
4.63932e-12
2.67319e-14
1.79849e-16
1.54944e-18
1.47934e-20
1.49074e-22
1.28758e-24
1.0617e-26
7.65621e-29
5.29719e-31
3.37136e-33
2.09646e-35
1.21065e-37
6.9192e-40
3.71676e-42
1.92876e-44
9.86213e-47
4.71476e-49
2.22882e-51
1.02529e-53
4.39959e-56
1.92954e-58
7.89991e-61
3.19723e-63
1.28401e-65
4.94199e-68
1.9083e-70
7.29718e-73
2.76892e-75
1.07489e-77
4.22918e-80
1.72848e-82
7.36681e-85
3.26725e-87
1.51513e-89
7.23418e-92
3.54719e-94
1.75807e-96
8.72172e-99
4.29216e-101
2.07658e-103
9.79038e-106
4.34497e-108
1.73952e-110
6.26271e-113
2.08465e-115
6.57778e-118
1.9921e-120
5.83109e-123
1.65615e-125
4.57489e-128
1.23127e-130
3.23437e-133
8.30379e-136
2.08561e-138
5.12885e-141
1.23587e-143
2.92061e-146
6.77424e-149
1.54377e-151
3.45907e-154
7.6243e-157
1.65368e-159
3.531e-162
7.42237e-165
1.5357e-167
3.05457e-170
1.29833e-173
4.6123e-177
1.42539e-180
4.31523e-184
1.34579e-187
4.13065e-191
1.2884e-194
4.06182e-198
1.25253e-201
3.78604e-205
1.12641e-208
3.30741e-212
9.59844e-216
2.75582e-219
7.82975e-223
2.20125e-226
6.12158e-230
1.68408e-233
4.58458e-237
1.23566e-240
3.29886e-244
8.72628e-248
2.2875e-251
5.94311e-255
1.53094e-258
3.91212e-262
9.92048e-266
2.49677e-269
6.23681e-273
1.54562e-276
3.79672e-280
9.24084e-284
2.22809e-287
5.31998e-291
1.23129e-294
2.86058e-298
6.74473e-302
1.52924e-305
3.44992e-309
7.85874e-313
1.75958e-316
3.88484e-320
9.88131e-324
0
0
0
0
0
0
0
0
0
0
0
0
0
0
0
0
0
0
0
0
0
0
0
0
0
0
0
0
0
0
0
0
0
0
0
0
0
0
0
0
0
0
0
0
0
0
0
0
0
0
0
0
0
0
0
0
0
0
0
0
0
0
0
0
0
0
0
0
0
0
0
0
0
0
0
0
0
0
0
0
0
0
0
0
0
0
0
0
0
0
0
0
0
0
0
0
0
0
0
0
0
0
0
0
0
0
0
0
0
0
0
0
0
0
0
0
0
0
0
0
0
0
0
0
0
0
0
0
0
0
0
0
0
0
0
0
0
0
0
0
0
0
0
0
0
0
0
0
0
0
0
0
0
0
0
0
0
0
0
0
0
0
0
0
0
0
0
0
0
0
0
0
0
0
0
0
0
0
0
0
0
0
0
0
0
0
0
0
0
0
0
0
0
0
0
0
0
0
0
0
0
0
0
0
0
0
0
0
0
0
0
0
0
0
0
0
0
0
0
0
0
0
0
0
0
0
0
0
0
0
0
0
0
0
0
0
0
0
0
0
0
0
0
0
0
0
0
0
0
0
0
0
0
0
0
0
0
0
0
0
0
0
0
0
0
0
0
0
0
0
0
0
0
0
0
0
0
0
0
0
0
0
7.91605e-06
5.75458e-06
2.67832e-06
6.97726e-07
5.4182e-08
2.91746e-09
1.69029e-10
1.79003e-12
1.31735e-14
1.04954e-16
9.48471e-19
9.15079e-21
9.34147e-23
8.76884e-25
7.97517e-27
6.45403e-29
4.82365e-31
3.29262e-33
2.10592e-35
1.25607e-37
7.19125e-40
3.95045e-42
2.0609e-44
1.04078e-46
5.09367e-49
2.39101e-51
1.08318e-53
4.81132e-56
2.03257e-58
8.46477e-61
3.41258e-63
1.34122e-65
5.2241e-68
1.99209e-70
7.56827e-73
2.87772e-75
1.10152e-77
4.31119e-80
1.74169e-82
7.30543e-85
3.21022e-87
1.46132e-89
6.92954e-92
3.34636e-94
1.65309e-96
8.19791e-99
4.04614e-101
1.97755e-103
9.46519e-106
4.41878e-108
1.95999e-110
8.02578e-113
2.94519e-115
9.79898e-118
3.05496e-120
9.11005e-123
2.62219e-125
7.32098e-128
1.98829e-130
5.26329e-133
1.36013e-135
3.43573e-138
8.49302e-141
2.05648e-143
4.88181e-146
1.1371e-148
2.60068e-151
5.84458e-154
1.29143e-156
2.80718e-159
6.00556e-162
1.26498e-164
2.62419e-167
5.31848e-170
2.58167e-173
1.11298e-176
4.22047e-180
1.45054e-183
4.79794e-187
1.57684e-190
5.18433e-194
1.71e-197
5.57762e-201
1.78548e-204
5.60049e-208
1.72459e-211
5.22891e-215
1.56477e-218
4.62855e-222
1.35404e-225
3.91731e-229
1.12049e-232
3.16843e-236
8.85898e-240
2.45025e-243
6.70703e-247
1.81777e-250
4.87983e-254
1.29787e-257
3.42054e-261
8.93442e-265
2.31304e-268
5.93554e-272
1.50963e-275
3.80518e-279
9.50447e-283
2.352e-286
5.76556e-290
1.39976e-293
3.35906e-297
7.9952e-301
1.8845e-304
4.38821e-308
1.01243e-311
2.31093e-315
5.21664e-319
1.18576e-322
0
0
0
0
0
0
0
0
0
0
0
0
0
0
0
0
0
0
0
0
0
0
0
0
0
0
0
0
0
0
0
0
0
0
0
0
0
0
0
0
0
0
0
0
0
0
0
0
0
0
0
0
0
0
0
0
0
0
0
0
0
0
0
0
0
0
0
0
0
0
0
0
0
0
0
0
0
0
0
0
0
0
0
0
0
0
0
0
0
0
0
0
0
0
0
0
0
0
0
0
0
0
0
0
0
0
0
0
0
0
0
0
0
0
0
0
0
0
0
0
0
0
0
0
0
0
0
0
0
0
0
0
0
0
0
0
0
0
0
0
0
0
0
0
0
0
0
0
0
0
0
0
0
0
0
0
0
0
0
0
0
0
0
0
0
0
0
0
0
0
0
0
0
0
0
0
0
0
0
0
0
0
0
0
0
0
0
0
0
0
0
0
0
0
0
0
0
0
0
0
0
0
0
0
0
0
0
0
0
0
0
0
0
0
0
0
0
0
0
0
0
0
0
0
0
0
0
0
0
0
0
0
0
0
0
0
0
0
0
0
0
0
0
0
0
0
0
0
0
0
0
0
0
0
0
0
0
0
0
0
0
0
0
0
0
0
0
0
0
0
0
0
0
0
0
0
0
0
0
0
0
0
0
5.61056e-07
4.28807e-07
1.73233e-07
1.852e-08
3.91994e-10
1.70679e-11
5.98504e-13
7.65438e-15
7.63412e-17
7.79474e-19
8.29901e-21
8.40851e-23
8.56243e-25
7.93369e-27
6.89267e-29
5.49094e-31
3.98428e-33
2.66938e-35
1.65297e-37
9.80782e-40
5.42311e-42
2.93997e-44
1.49366e-46
7.40879e-49
3.50969e-51
1.6133e-53
7.12281e-56
3.05627e-58
1.2648e-60
5.10807e-63
2.00831e-65
7.76554e-68
2.94613e-70
1.11671e-72
4.2004e-75
1.60354e-77
6.20962e-80
2.48282e-82
1.02879e-84
4.45381e-87
2.00632e-89
9.35827e-92
4.48715e-94
2.19277e-96
1.07988e-98
5.36015e-101
2.62661e-103
1.27713e-105
6.09235e-108
2.8304e-110
1.26145e-112
5.22882e-115
1.91778e-117
6.31759e-120
1.94432e-122
5.71559e-125
1.6207e-127
4.45605e-130
1.19171e-132
3.10665e-135
7.90679e-138
1.96735e-140
4.79105e-143
1.14307e-145
2.67419e-148
6.13981e-151
1.38447e-153
3.06796e-156
6.68542e-159
1.43333e-161
3.02494e-164
6.28646e-167
1.28286e-169
6.37732e-173
2.9719e-176
1.25725e-179
4.82371e-183
1.72153e-186
5.92365e-190
2.01811e-193
6.86952e-197
2.32801e-200
7.78931e-204
2.55883e-207
8.24175e-211
2.60663e-214
8.11481e-218
2.49185e-221
7.55641e-225
2.26384e-228
6.7003e-232
1.95893e-235
5.6575e-239
1.61449e-242
4.55448e-246
1.27068e-249
3.50765e-253
9.5841e-257
2.59271e-260
6.94521e-264
1.84249e-267
4.84098e-271
1.25976e-274
3.24677e-278
8.28758e-282
2.09497e-285
5.24388e-289
1.29958e-292
3.18837e-296
7.74194e-300
1.86043e-303
4.4235e-307
1.04042e-310
2.4205e-314
5.56905e-318
1.26481e-321
0
0
0
0
0
0
0
0
0
0
0
0
0
0
0
0
0
0
0
0
0
0
0
0
0
0
0
0
0
0
0
0
0
0
0
0
0
0
0
0
0
0
0
0
0
0
0
0
0
0
0
0
0
0
0
0
0
0
0
0
0
0
0
0
0
0
0
0
0
0
0
0
0
0
0
0
0
0
0
0
0
0
0
0
0
0
0
0
0
0
0
0
0
0
0
0
0
0
0
0
0
0
0
0
0
0
0
0
0
0
0
0
0
0
0
0
0
0
0
0
0
0
0
0
0
0
0
0
0
0
0
0
0
0
0
0
0
0
0
0
0
0
0
0
0
0
0
0
0
0
0
0
0
0
0
0
0
0
0
0
0
0
0
0
0
0
0
0
0
0
0
0
0
0
0
0
0
0
0
0
0
0
0
0
0
0
0
0
0
0
0
0
0
0
0
0
0
0
0
0
0
0
0
0
0
0
0
0
0
0
0
0
0
0
0
0
0
0
0
0
0
0
0
0
0
0
0
0
0
0
0
0
0
0
0
0
0
0
0
0
0
0
0
0
0
0
0
0
0
0
0
0
0
0
0
0
0
0
0
0
0
0
0
0
0
0
0
0
0
0
0
0
0
0
0
0
0
0
0
0
0
0
0
0
1.65712e-08
1.24317e-08
4.24511e-09
2.55804e-10
4.25414e-12
1.36198e-13
3.59023e-15
5.11831e-17
6.26014e-19
7.2521e-21
7.87328e-23
8.33377e-25
7.83313e-27
7.28668e-29
6.02244e-31
4.64911e-33
3.27508e-35
2.13694e-37
1.30506e-39
7.49198e-42
4.1653e-44
2.17449e-46
1.09881e-48
5.29724e-51
2.46073e-53
1.10298e-55
4.75614e-58
1.98567e-60
8.02061e-63
3.1601e-65
1.21413e-67
4.6127e-70
1.72515e-72
6.49218e-75
2.44245e-77
9.39668e-80
3.70138e-82
1.51492e-84
6.44525e-87
2.86041e-89
1.31145e-91
6.19502e-94
2.96412e-96
1.44236e-98
6.96358e-101
3.37906e-103
1.59908e-105
7.45441e-108
3.34972e-110
1.43947e-112
5.82582e-115
2.1748e-117
7.32578e-120
2.29028e-122
6.80312e-125
1.94363e-127
5.37462e-130
1.44403e-132
3.77885e-135
9.64882e-138
2.40744e-140
5.87655e-143
1.40488e-145
3.29238e-148
7.57e-151
1.70902e-153
3.79104e-156
8.26818e-159
1.77392e-161
3.74581e-164
7.78849e-167
1.59038e-169
3.28015e-173
1.35915e-176
5.82768e-180
2.29344e-183
8.35194e-187
2.90775e-190
9.97528e-194
3.41891e-197
1.168e-200
3.94443e-204
1.30823e-207
4.25226e-211
1.35609e-214
4.25354e-218
1.3151e-221
4.01336e-225
1.20955e-228
3.60019e-232
1.05819e-235
3.07152e-239
8.80686e-243
2.49541e-246
6.99106e-250
1.9374e-253
5.31297e-257
1.44223e-260
3.87604e-264
1.03146e-267
2.71802e-271
7.09252e-275
1.8328e-278
4.69008e-282
1.18843e-285
2.98167e-289
7.40606e-293
1.82096e-296
4.43123e-300
1.06704e-303
2.54205e-307
5.99075e-311
1.39639e-314
3.21868e-318
7.31217e-322
0
0
0
0
0
0
0
0
0
0
0
0
0
0
0
0
0
0
0
0
0
0
0
0
0
0
0
0
0
0
0
0
0
0
0
0
0
0
0
0
0
0
0
0
0
0
0
0
0
0
0
0
0
0
0
0
0
0
0
0
0
0
0
0
0
0
0
0
0
0
0
0
0
0
0
0
0
0
0
0
0
0
0
0
0
0
0
0
0
0
0
0
0
0
0
0
0
0
0
0
0
0
0
0
0
0
0
0
0
0
0
0
0
0
0
0
0
0
0
0
0
0
0
0
0
0
0
0
0
0
0
0
0
0
0
0
0
0
0
0
0
0
0
0
0
0
0
0
0
0
0
0
0
0
0
0
0
0
0
0
0
0
0
0
0
0
0
0
0
0
0
0
0
0
0
0
0
0
0
0
0
0
0
0
0
0
0
0
0
0
0
0
0
0
0
0
0
0
0
0
0
0
0
0
0
0
0
0
0
0
0
0
0
0
0
0
0
0
0
0
0
0
0
0
0
0
0
0
0
0
0
0
0
0
0
0
0
0
0
0
0
0
0
0
0
0
0
0
0
0
0
0
0
0
0
0
0
0
0
0
0
0
0
0
0
0
0
0
0
0
0
0
0
0
0
0
0
0
0
0
0
0
0
0
0
)
;

boundaryField
{
    wand
    {
        type            zeroGradient;
    }
    frontAndBack
    {
        type            empty;
    }
}


// ************************************************************************* //
