/*--------------------------------*- C++ -*----------------------------------*\
| =========                 |                                                 |
| \\      /  F ield         | OpenFOAM: The Open Source CFD Toolbox           |
|  \\    /   O peration     | Version:  2.1.1                                 |
|   \\  /    A nd           | Web:      www.OpenFOAM.org                      |
|    \\/     M anipulation  |                                                 |
\*---------------------------------------------------------------------------*/
FoamFile
{
    version     2.0;
    format      ascii;
    class       volScalarField;
    location    "0.000700000";
    object      H2O;
}
// * * * * * * * * * * * * * * * * * * * * * * * * * * * * * * * * * * * * * //

dimensions      [0 0 0 0 0 0 0];

internalField   nonuniform List<scalar> 
12384
(
0.00070777
0.000316794
5.58868e-05
1.82542e-06
3.95739e-08
8.55135e-10
1.52571e-11
2.63972e-13
4.38585e-15
6.79267e-17
9.59065e-19
1.15292e-20
1.21485e-22
1.28114e-24
1.99904e-38
2.81117e-39
2.35267e-41
1.67488e-43
1.03135e-45
5.6889e-48
2.90414e-50
1.37508e-52
6.10359e-55
2.55282e-57
1.01846e-59
3.92775e-62
1.50657e-64
5.80311e-67
2.2874e-69
9.05186e-72
3.66058e-74
1.4504e-76
5.82417e-79
2.28182e-81
9.01846e-84
3.51373e-86
1.38801e-88
5.54474e-91
2.30686e-93
1.0081e-95
4.69205e-98
2.32513e-100
1.20177e-102
6.35016e-105
1.4507e-113
2.16715e-115
1.34003e-117
9.70641e-120
7.87335e-122
6.34957e-124
4.80315e-126
3.34752e-128
2.17006e-130
1.31204e-132
7.54555e-135
4.13239e-137
2.19953e-139
1.13834e-141
5.81208e-144
2.9099e-146
1.42818e-148
6.77776e-151
3.09987e-153
1.35394e-155
5.5893e-158
2.11131e-160
7.20314e-163
2.25695e-165
6.41544e-169
3.31892e-172
3.75204e-175
7.53843e-178
1.46752e-180
1.93469e-184
1.22382e-199
2.69118e-197
7.28708e-200
1.01617e-202
1.04108e-205
8.75214e-209
6.43023e-212
4.27003e-215
2.60387e-218
1.51391e-221
8.52028e-225
4.68946e-228
2.55434e-231
1.46492e-234
8.48545e-238
4.36662e-241
1.82422e-244
6.78146e-248
2.33915e-251
7.82097e-255
2.52763e-258
8.13974e-262
2.60262e-265
8.39535e-269
2.68941e-272
8.85664e-276
2.97562e-279
1.02394e-282
3.36784e-286
2.63482e-290
1.94558e-313
3.3235e-311
7.30606e-314
8.79018e-317
7.78005e-320
0
0
0
0
0
0
0
0
0
0
0
0
0
0
0
0
0
0
0
0
0
0
0
0
0
0
0
0
0
0
0
0
0
0
0
0
0
0
0
0
0
0
0
0
0
0
0
0
0
0
0
0
0
0
0
0
0
0
0
0
0
0
0
0
0
0
0
0
0
0
0
0
0
0
0
0
0
0
0
0
0
0
0
0
0
0
0
0
0
0
0
0
0
0
0
0
0
0
0
0
0
0
0
0
0
0
0
0
0
0
0
0
0
0
0
0
0
0
0
0
0
0
0
0
0
0
0
0
0
0
0
0
0
0
0
0
0
0
0
0
0
0
0
0
0
0
0
0
0
0
0
0
0
0
0
0
0
0
0
0
0
0
0
0
0
0
0
0
0
0
0
0
0
0
0
0
0
0
0
0
0
0
0
0
0
0
0
0
0
0
0
0
0
0
0
0
0
0
0
0
0
0
0
0
0
0
0
0
0
0
0
0
0
0
0
0
0
0
0
0
0
0
0
0
0
0
0
0
0
0
0
0
0
0
0
0
0
0
0
0
0
0
0
0
0
0
0
0
0
0
0
0
0
0
0
0
0
0
0
0
0
0
0
0
0
0.0105282
0.00594736
0.000844954
4.08218e-05
5.76139e-07
2.51035e-08
3.06311e-10
3.0462e-12
2.76421e-14
3.14433e-16
3.90343e-18
4.88485e-20
5.41054e-22
5.14694e-24
3.133e-36
4.87349e-37
4.08962e-39
2.91248e-41
1.74307e-43
9.37021e-46
4.62345e-48
2.16417e-50
9.23301e-53
3.74586e-55
1.4177e-57
5.15752e-60
1.88157e-62
7.19801e-65
2.90111e-67
1.21196e-69
5.07632e-72
2.075e-74
8.51252e-77
3.37371e-79
1.33895e-81
5.21236e-84
1.98804e-86
7.65445e-89
2.88257e-91
1.10969e-93
4.39463e-96
1.7706e-98
7.66196e-101
3.50938e-103
4.56339e-111
6.26307e-113
2.52263e-115
1.20435e-117
7.14041e-120
4.89083e-122
3.48322e-124
2.41622e-126
1.59406e-128
9.95009e-131
5.95515e-133
3.42519e-135
1.93212e-137
1.07036e-139
5.9018e-142
3.22491e-144
1.73855e-146
9.19667e-149
4.75457e-151
2.377e-153
1.12852e-155
4.88288e-158
1.85101e-160
6.22029e-163
1.93154e-165
1.26951e-168
1.64546e-171
3.45652e-174
7.14783e-177
1.67685e-180
2.67792e-195
1.85746e-193
4.79754e-196
6.69974e-199
6.89496e-202
5.80618e-205
4.25752e-208
2.80824e-211
1.70779e-214
9.77007e-218
5.37888e-221
2.87428e-224
1.52573e-227
8.28429e-231
4.59976e-234
2.35511e-237
1.0372e-240
4.00541e-244
1.42986e-247
4.88617e-251
1.62603e-254
5.3228e-258
1.73194e-261
5.62858e-265
1.83174e-268
6.03071e-272
2.02203e-275
6.87597e-279
2.31912e-282
3.15704e-286
5.28335e-309
2.89118e-307
5.96594e-310
6.86339e-313
5.94539e-316
4.26477e-319
5.43472e-323
0
0
0
0
0
0
0
0
0
0
0
0
0
0
0
0
0
0
0
0
0
0
0
0
0
0
0
0
0
0
0
0
0
0
0
0
0
0
0
0
0
0
0
0
0
0
0
0
0
0
0
0
0
0
0
0
0
0
0
0
0
0
0
0
0
0
0
0
0
0
0
0
0
0
0
0
0
0
0
0
0
0
0
0
0
0
0
0
0
0
0
0
0
0
0
0
0
0
0
0
0
0
0
0
0
0
0
0
0
0
0
0
0
0
0
0
0
0
0
0
0
0
0
0
0
0
0
0
0
0
0
0
0
0
0
0
0
0
0
0
0
0
0
0
0
0
0
0
0
0
0
0
0
0
0
0
0
0
0
0
0
0
0
0
0
0
0
0
0
0
0
0
0
0
0
0
0
0
0
0
0
0
0
0
0
0
0
0
0
0
0
0
0
0
0
0
0
0
0
0
0
0
0
0
0
0
0
0
0
0
0
0
0
0
0
0
0
0
0
0
0
0
0
0
0
0
0
0
0
0
0
0
0
0
0
0
0
0
0
0
0
0
0
0
0
0
0
0
0
0
0
0
0
0
0
0
0
0
0
0
0
0
0
0.0158554
0.0131816
0.0045056
0.000865284
8.92363e-06
1.5012e-06
1.56689e-08
1.40969e-10
2.63535e-13
3.52511e-16
4.36722e-19
1.46877e-21
1.51308e-23
2.06193e-25
3.921e-34
7.31032e-35
6.23962e-37
4.18391e-39
2.26327e-41
1.06339e-43
4.90722e-46
2.01637e-48
8.22515e-51
3.11119e-53
1.07082e-55
3.70411e-58
1.17374e-60
4.31264e-63
1.62348e-65
7.10653e-68
2.80562e-70
1.19764e-72
4.63789e-75
1.87166e-77
7.32653e-80
2.85464e-82
1.07678e-84
4.19611e-87
1.46852e-89
5.71129e-92
2.16753e-94
7.37592e-97
2.88704e-99
8.60411e-102
4.44934e-109
6.29444e-111
1.59934e-113
5.85268e-116
2.36255e-118
1.01414e-120
4.55958e-123
2.18866e-125
1.11688e-127
6.17227e-130
3.60348e-132
2.26469e-134
1.47895e-136
9.93865e-139
6.67698e-141
4.46868e-143
2.93956e-145
1.93657e-147
1.25215e-149
7.75534e-152
4.4859e-154
2.34517e-156
1.04302e-158
3.75803e-161
1.23643e-163
3.87673e-166
1.04222e-168
2.50898e-171
5.39527e-174
1.09029e-177
1.49707e-191
2.33791e-190
5.36411e-193
6.94777e-196
6.72803e-199
5.38338e-202
3.76139e-205
2.35945e-208
1.36373e-211
7.36247e-215
3.78376e-218
1.86706e-221
9.09044e-225
4.42824e-228
2.18114e-231
1.00661e-234
4.11566e-238
1.5214e-241
5.40203e-245
1.89463e-248
6.62486e-252
2.29406e-255
7.89478e-259
2.69219e-262
9.15763e-266
3.12131e-269
1.06696e-272
3.62317e-276
1.22211e-279
1.40181e-283
3.67259e-305
4.56177e-304
8.37563e-307
8.71265e-310
6.88945e-313
4.58986e-316
2.7643e-319
9.88131e-323
0
0
0
0
0
0
0
0
0
0
0
0
0
0
0
0
0
0
0
0
0
0
0
0
0
0
0
0
0
0
0
0
0
0
0
0
0
0
0
0
0
0
0
0
0
0
0
0
0
0
0
0
0
0
0
0
0
0
0
0
0
0
0
0
0
0
0
0
0
0
0
0
0
0
0
0
0
0
0
0
0
0
0
0
0
0
0
0
0
0
0
0
0
0
0
0
0
0
0
0
0
0
0
0
0
0
0
0
0
0
0
0
0
0
0
0
0
0
0
0
0
0
0
0
0
0
0
0
0
0
0
0
0
0
0
0
0
0
0
0
0
0
0
0
0
0
0
0
0
0
0
0
0
0
0
0
0
0
0
0
0
0
0
0
0
0
0
0
0
0
0
0
0
0
0
0
0
0
0
0
0
0
0
0
0
0
0
0
0
0
0
0
0
0
0
0
0
0
0
0
0
0
0
0
0
0
0
0
0
0
0
0
0
0
0
0
0
0
0
0
0
0
0
0
0
0
0
0
0
0
0
0
0
0
0
0
0
0
0
0
0
0
0
0
0
0
0
0
0
0
0
0
0
0
0
0
0
0
0
0
0
0
0.157756
0.151301
0.0668993
0.0179689
0.00393154
0.000867565
1.6245e-05
2.06742e-07
3.56782e-10
4.32183e-13
4.9641e-16
5.38051e-19
5.22946e-22
5.21871e-25
1.62839e-30
3.43554e-31
3.13402e-33
2.13134e-35
1.14512e-37
5.38114e-40
2.39241e-42
1.00078e-44
4.0865e-47
1.56524e-49
5.7228e-52
1.95198e-54
6.32873e-57
2.14951e-59
7.91492e-62
3.35584e-64
1.34881e-66
5.82921e-69
2.22448e-71
9.27382e-74
3.46223e-76
1.37332e-78
5.07378e-81
1.9197e-83
6.90692e-86
2.60296e-88
9.20551e-91
3.42244e-93
1.18766e-95
4.01795e-98
2.74226e-105
3.55554e-107
8.62615e-110
2.95741e-112
1.12895e-114
4.45453e-117
1.81751e-119
7.56523e-122
3.28358e-124
1.48921e-126
7.16806e-129
3.69006e-131
2.03303e-133
1.18604e-135
7.22249e-138
4.54998e-140
2.9333e-142
1.91742e-144
1.26345e-146
8.18622e-149
5.14238e-151
2.9985e-153
1.51931e-155
6.07954e-158
2.08527e-160
6.71689e-163
2.08435e-165
6.10306e-168
1.34698e-170
3.97891e-174
3.58493e-187
9.56527e-187
1.97948e-189
2.36133e-192
2.15298e-195
1.65258e-198
1.1141e-201
6.76203e-205
3.76097e-208
1.94708e-211
9.50478e-215
4.42623e-218
1.98322e-221
8.60926e-225
3.63552e-228
1.49794e-231
6.03031e-235
2.37532e-238
9.16061e-242
3.46418e-245
1.28562e-248
4.69118e-252
1.68492e-255
5.96932e-259
2.08896e-262
7.23754e-266
2.48742e-269
8.49928e-273
2.84312e-276
4.65421e-280
1.10602e-300
2.3105e-300
3.84678e-303
3.68609e-306
2.70276e-309
1.68934e-312
9.5064e-316
4.97178e-319
1.92686e-322
0
0
0
0
0
0
0
0
0
0
0
0
0
0
0
0
0
0
0
0
0
0
0
0
0
0
0
0
0
0
0
0
0
0
0
0
0
0
0
0
0
0
0
0
0
0
0
0
0
0
0
0
0
0
0
0
0
0
0
0
0
0
0
0
0
0
0
0
0
0
0
0
0
0
0
0
0
0
0
0
0
0
0
0
0
0
0
0
0
0
0
0
0
0
0
0
0
0
0
0
0
0
0
0
0
0
0
0
0
0
0
0
0
0
0
0
0
0
0
0
0
0
0
0
0
0
0
0
0
0
0
0
0
0
0
0
0
0
0
0
0
0
0
0
0
0
0
0
0
0
0
0
0
0
0
0
0
0
0
0
0
0
0
0
0
0
0
0
0
0
0
0
0
0
0
0
0
0
0
0
0
0
0
0
0
0
0
0
0
0
0
0
0
0
0
0
0
0
0
0
0
0
0
0
0
0
0
0
0
0
0
0
0
0
0
0
0
0
0
0
0
0
0
0
0
0
0
0
0
0
0
0
0
0
0
0
0
0
0
0
0
0
0
0
0
0
0
0
0
0
0
0
0
0
0
0
0
0
0
0
0
0.23144
0.236571
0.22852
0.173645
0.056349
0.0221567
0.00509081
0.0002064
5.61683e-07
8.36761e-10
1.09395e-12
1.28487e-15
1.35566e-18
1.25971e-21
3.75662e-27
8.99149e-28
1.00299e-29
7.30905e-32
4.09237e-34
2.00063e-36
9.07161e-39
3.92576e-41
1.65875e-43
6.63855e-46
2.56675e-48
9.20575e-51
3.09932e-53
1.01176e-55
3.58169e-58
1.50036e-60
6.24149e-63
2.79667e-65
1.10203e-67
4.70223e-70
1.76769e-72
7.14668e-75
2.62959e-77
9.96546e-80
3.5877e-82
1.32792e-84
4.7617e-87
1.72042e-89
6.01796e-92
2.07397e-94
1.54883e-101
1.92183e-103
4.91285e-106
1.66646e-108
6.1418e-111
2.37887e-113
9.36402e-116
3.7565e-118
1.53843e-120
6.44986e-123
2.80103e-125
1.2611e-127
5.95102e-130
2.93918e-132
1.51563e-134
8.19996e-137
4.57642e-139
2.65678e-141
1.57564e-143
9.4962e-146
5.71848e-148
3.32406e-150
1.77857e-152
8.06464e-155
3.02448e-157
1.01845e-159
3.2633e-162
1.00925e-164
2.88523e-167
1.02338e-170
9.85908e-183
3.84113e-183
6.5789e-186
6.68593e-189
5.32147e-192
3.65711e-195
2.25702e-198
1.27268e-201
6.63752e-205
3.23354e-208
1.48798e-211
6.52812e-215
2.75717e-218
1.12842e-221
4.50173e-225
1.75581e-228
6.71254e-232
2.51674e-235
9.26709e-239
3.35109e-242
1.19203e-245
4.17197e-249
1.43971e-252
4.90207e-256
1.65064e-259
5.50315e-263
1.82064e-266
5.9879e-270
1.92845e-273
3.13925e-277
3.96279e-296
1.16054e-296
1.58334e-299
1.29472e-302
8.27325e-306
4.57042e-309
2.29652e-312
1.08087e-315
4.85553e-319
1.28457e-322
0
0
0
0
0
0
0
0
0
0
0
0
0
0
0
0
0
0
0
0
0
0
0
0
0
0
0
0
0
0
0
0
0
0
0
0
0
0
0
0
0
0
0
0
0
0
0
0
0
0
0
0
0
0
0
0
0
0
0
0
0
0
0
0
0
0
0
0
0
0
0
0
0
0
0
0
0
0
0
0
0
0
0
0
0
0
0
0
0
0
0
0
0
0
0
0
0
0
0
0
0
0
0
0
0
0
0
0
0
0
0
0
0
0
0
0
0
0
0
0
0
0
0
0
0
0
0
0
0
0
0
0
0
0
0
0
0
0
0
0
0
0
0
0
0
0
0
0
0
0
0
0
0
0
0
0
0
0
0
0
0
0
0
0
0
0
0
0
0
0
0
0
0
0
0
0
0
0
0
0
0
0
0
0
0
0
0
0
0
0
0
0
0
0
0
0
0
0
0
0
0
0
0
0
0
0
0
0
0
0
0
0
0
0
0
0
0
0
0
0
0
0
0
0
0
0
0
0
0
0
0
0
0
0
0
0
0
0
0
0
0
0
0
0
0
0
0
0
0
0
0
0
0
0
0
0
0
0
0
0
0.239114
0.239257
0.238057
0.230796
0.198181
0.170944
0.0618506
0.00956313
0.000297692
7.2752e-07
1.2552e-09
1.90718e-12
2.45053e-15
2.47526e-18
4.00311e-24
9.79003e-25
1.4046e-26
1.17811e-28
7.13218e-31
3.71783e-33
1.77718e-35
7.98824e-38
3.50032e-40
1.48121e-42
5.88651e-45
2.29208e-47
7.92225e-50
2.62123e-52
8.64724e-55
3.43125e-57
1.45143e-59
6.6359e-62
2.73939e-64
1.19227e-66
4.66876e-69
1.88422e-71
7.01844e-74
2.68136e-76
9.56208e-79
3.53942e-81
1.27652e-83
4.58853e-86
1.61694e-88
5.53629e-91
4.6162e-98
5.7887e-100
1.49081e-102
4.95682e-105
1.80947e-107
6.82855e-110
2.64813e-112
1.03859e-114
4.15979e-117
1.69118e-119
7.05853e-122
3.00374e-124
1.31823e-126
5.9486e-129
2.76929e-131
1.33318e-133
6.65981e-136
3.42662e-138
1.82754e-140
9.90366e-143
5.50502e-145
3.05542e-147
1.63791e-149
8.01455e-152
3.34349e-154
1.20076e-156
4.00553e-159
1.2781e-161
3.85352e-164
4.72e-167
2.44447e-178
1.45346e-179
2.03072e-182
1.73802e-185
1.18723e-188
7.16355e-192
3.97657e-195
2.06027e-198
1.00112e-201
4.58275e-205
1.98763e-208
8.22864e-212
3.27666e-215
1.26418e-218
4.75356e-222
1.75001e-225
6.32488e-229
2.24801e-232
7.86256e-236
2.70785e-239
9.18619e-243
3.07225e-246
1.01384e-249
3.30588e-253
1.06652e-256
3.41071e-260
1.08299e-263
3.42031e-267
1.05963e-270
1.69042e-274
1.35826e-291
5.66445e-293
6.10031e-296
4.1641e-299
2.28829e-302
1.10749e-305
4.93778e-309
2.08252e-312
8.44659e-316
3.33e-319
4.44659e-323
0
0
0
0
0
0
0
0
0
0
0
0
0
0
0
0
0
0
0
0
0
0
0
0
0
0
0
0
0
0
0
0
0
0
0
0
0
0
0
0
0
0
0
0
0
0
0
0
0
0
0
0
0
0
0
0
0
0
0
0
0
0
0
0
0
0
0
0
0
0
0
0
0
0
0
0
0
0
0
0
0
0
0
0
0
0
0
0
0
0
0
0
0
0
0
0
0
0
0
0
0
0
0
0
0
0
0
0
0
0
0
0
0
0
0
0
0
0
0
0
0
0
0
0
0
0
0
0
0
0
0
0
0
0
0
0
0
0
0
0
0
0
0
0
0
0
0
0
0
0
0
0
0
0
0
0
0
0
0
0
0
0
0
0
0
0
0
0
0
0
0
0
0
0
0
0
0
0
0
0
0
0
0
0
0
0
0
0
0
0
0
0
0
0
0
0
0
0
0
0
0
0
0
0
0
0
0
0
0
0
0
0
0
0
0
0
0
0
0
0
0
0
0
0
0
0
0
0
0
0
0
0
0
0
0
0
0
0
0
0
0
0
0
0
0
0
0
0
0
0
0
0
0
0
0
0
0
0
0
0.239289
0.238848
0.238188
0.237452
0.232584
0.22919
0.215593
0.0910565
0.0112947
0.000226898
5.88685e-07
1.40852e-09
2.42636e-12
2.74094e-15
1.97156e-21
3.73869e-22
7.24312e-24
7.67509e-26
5.48291e-28
3.22601e-30
1.71872e-32
8.32505e-35
3.94332e-37
1.75391e-39
7.57376e-42
3.0963e-44
1.1755e-46
4.07502e-49
1.30936e-51
4.7995e-54
2.03932e-56
9.45044e-59
4.12737e-61
1.84228e-63
7.56931e-66
3.14711e-68
1.19225e-70
4.63616e-73
1.64499e-75
6.05626e-78
2.18866e-80
7.79186e-83
2.78846e-85
9.69596e-88
8.68538e-95
9.55699e-97
2.77476e-99
9.54972e-102
3.4112e-104
1.29112e-106
4.87162e-109
1.89902e-111
7.45229e-114
2.995e-116
1.22377e-118
5.10084e-121
2.15757e-123
9.39001e-126
4.10792e-128
1.87448e-130
8.58796e-133
4.11952e-135
1.99426e-137
9.98868e-140
5.06832e-142
2.63244e-144
1.35757e-146
6.71475e-149
3.02332e-151
1.18719e-153
4.17698e-156
1.38547e-158
4.35827e-161
8.63982e-164
6.36971e-174
5.81063e-176
6.40598e-179
4.57854e-182
2.66074e-185
1.38778e-188
6.80612e-192
3.19027e-195
1.4307e-198
6.12498e-202
2.50244e-205
9.78656e-209
3.682e-212
1.3409e-215
4.75435e-219
1.64971e-222
5.62233e-226
1.88674e-229
6.24171e-233
2.03711e-236
6.56077e-240
2.08616e-243
6.5535e-247
2.03619e-250
6.2652e-254
1.91244e-257
5.80157e-261
1.75236e-264
5.20218e-268
8.20979e-272
5.28824e-287
3.08843e-289
2.46971e-292
1.3653e-295
6.33562e-299
2.65616e-302
1.04342e-305
3.92405e-309
1.43215e-312
5.11932e-316
1.80201e-319
0
0
0
0
0
0
0
0
0
0
0
0
0
0
0
0
0
0
0
0
0
0
0
0
0
0
0
0
0
0
0
0
0
0
0
0
0
0
0
0
0
0
0
0
0
0
0
0
0
0
0
0
0
0
0
0
0
0
0
0
0
0
0
0
0
0
0
0
0
0
0
0
0
0
0
0
0
0
0
0
0
0
0
0
0
0
0
0
0
0
0
0
0
0
0
0
0
0
0
0
0
0
0
0
0
0
0
0
0
0
0
0
0
0
0
0
0
0
0
0
0
0
0
0
0
0
0
0
0
0
0
0
0
0
0
0
0
0
0
0
0
0
0
0
0
0
0
0
0
0
0
0
0
0
0
0
0
0
0
0
0
0
0
0
0
0
0
0
0
0
0
0
0
0
0
0
0
0
0
0
0
0
0
0
0
0
0
0
0
0
0
0
0
0
0
0
0
0
0
0
0
0
0
0
0
0
0
0
0
0
0
0
0
0
0
0
0
0
0
0
0
0
0
0
0
0
0
0
0
0
0
0
0
0
0
0
0
0
0
0
0
0
0
0
0
0
0
0
0
0
0
0
0
0
0
0
0
0
0
0.238347
0.237837
0.238587
0.2408
0.245657
0.24329
0.239024
0.238592
0.0887134
0.00900455
6.52737e-05
2.27235e-07
5.52177e-10
8.12318e-13
4.946e-19
5.04052e-20
1.26238e-21
1.72128e-23
1.56151e-25
1.11514e-27
6.84223e-30
3.76798e-32
1.92643e-34
9.12343e-37
4.19912e-39
1.7681e-41
7.23428e-44
2.67616e-46
8.6453e-49
2.88803e-51
1.21795e-53
5.71552e-56
2.60467e-58
1.18366e-60
5.09076e-63
2.16514e-65
8.44779e-68
3.32732e-70
1.1903e-72
4.3906e-75
1.55152e-77
5.638e-80
1.99969e-82
7.10654e-85
7.38064e-92
7.86069e-94
2.21775e-96
7.72676e-99
2.78711e-101
1.04106e-103
3.87301e-106
1.47699e-108
5.70708e-111
2.25871e-113
9.09932e-116
3.75657e-118
1.55747e-120
6.69101e-123
2.83062e-125
1.25759e-127
5.46738e-130
2.51401e-132
1.13991e-134
5.41934e-137
2.5702e-139
1.25865e-141
6.19426e-144
3.02964e-146
1.42133e-148
6.08895e-151
2.30273e-153
8.01557e-156
2.63772e-158
7.12611e-161
1.35075e-169
1.88287e-172
1.52939e-175
8.99557e-179
4.43687e-182
1.98863e-185
8.50497e-189
3.55147e-192
1.45181e-195
5.77112e-199
2.21565e-202
8.19174e-206
2.91959e-209
1.00674e-212
3.3747e-216
1.10516e-219
3.55091e-223
1.12303e-226
3.50338e-230
1.07936e-233
3.28614e-237
9.89152e-241
2.94537e-244
8.68373e-248
2.53791e-251
7.36515e-255
2.12633e-258
6.11915e-262
1.73718e-265
2.77539e-269
1.82593e-282
1.47208e-285
7.95004e-289
3.41531e-292
1.3088e-295
4.69029e-299
1.6103e-302
5.37405e-306
1.76005e-309
5.69313e-313
1.82635e-316
5.79687e-320
0
0
0
0
0
0
0
0
0
0
0
0
0
0
0
0
0
0
0
0
0
0
0
0
0
0
0
0
0
0
0
0
0
0
0
0
0
0
0
0
0
0
0
0
0
0
0
0
0
0
0
0
0
0
0
0
0
0
0
0
0
0
0
0
0
0
0
0
0
0
0
0
0
0
0
0
0
0
0
0
0
0
0
0
0
0
0
0
0
0
0
0
0
0
0
0
0
0
0
0
0
0
0
0
0
0
0
0
0
0
0
0
0
0
0
0
0
0
0
0
0
0
0
0
0
0
0
0
0
0
0
0
0
0
0
0
0
0
0
0
0
0
0
0
0
0
0
0
0
0
0
0
0
0
0
0
0
0
0
0
0
0
0
0
0
0
0
0
0
0
0
0
0
0
0
0
0
0
0
0
0
0
0
0
0
0
0
0
0
0
0
0
0
0
0
0
0
0
0
0
0
0
0
0
0
0
0
0
0
0
0
0
0
0
0
0
0
0
0
0
0
0
0
0
0
0
0
0
0
0
0
0
0
0
0
0
0
0
0
0
0
0
0
0
0
0
0
0
0
0
0
0
0
0
0
0
0
0
0.23676
0.237749
0.243058
0.250028
0.251093
0.250112
0.248014
0.248972
0.250185
0.0751224
0.0073858
3.66202e-05
1.42258e-07
3.28309e-10
1.24116e-12
6.97676e-15
9.8733e-17
1.12685e-18
1.14091e-20
9.83529e-23
8.02912e-25
6.24523e-27
4.64002e-29
3.30867e-31
2.26852e-33
1.4859e-35
9.57219e-38
5.8705e-40
3.581e-42
2.10164e-44
1.19231e-46
6.55932e-49
3.42589e-51
1.72949e-53
8.34002e-56
3.94587e-58
1.76966e-60
7.77472e-63
3.19927e-65
1.25944e-67
4.69621e-70
1.67587e-72
6.01583e-75
2.19262e-77
8.02105e-80
2.9409e-82
1.18817e-84
5.48225e-87
3.58665e-89
2.09514e-91
8.39757e-94
3.49055e-96
1.25404e-98
4.82176e-101
1.72427e-103
6.56844e-106
2.45016e-108
9.62237e-111
3.79993e-113
1.56631e-115
6.40788e-118
2.76855e-120
1.14733e-122
5.11437e-125
2.13051e-127
9.72372e-130
4.10526e-132
1.92338e-134
8.4118e-137
4.00027e-139
1.84427e-141
8.78716e-144
4.10633e-146
1.83738e-148
7.47505e-151
2.75906e-153
9.54654e-156
3.1436e-158
9.01955e-161
2.35092e-163
6.76573e-166
4.59339e-169
2.58179e-172
1.22843e-175
5.15964e-179
1.99915e-182
7.44837e-186
2.74742e-189
1.01307e-192
3.7109e-196
1.33441e-199
4.66678e-203
1.58053e-206
5.18394e-210
1.65104e-213
5.1265e-217
1.55835e-220
4.65498e-224
1.3704e-227
3.98431e-231
1.14557e-234
3.26036e-238
9.19283e-242
2.5705e-245
7.13739e-249
1.9713e-252
5.42647e-256
1.49202e-259
4.1058e-263
1.10551e-266
1.66842e-270
7.35757e-275
1.6129e-278
5.68855e-282
1.91427e-285
6.14425e-289
1.90814e-292
5.78926e-296
1.72852e-299
5.10805e-303
1.50059e-306
4.39603e-310
1.28675e-313
3.76673e-317
1.07509e-320
0
0
0
0
0
0
0
0
0
0
0
0
0
0
0
0
0
0
0
0
0
0
0
0
0
0
0
0
0
0
0
0
0
0
0
0
0
0
0
0
0
0
0
0
0
0
0
0
0
0
0
0
0
0
0
0
0
0
0
0
0
0
0
0
0
0
0
0
0
0
0
0
0
0
0
0
0
0
0
0
0
0
0
0
0
0
0
0
0
0
0
0
0
0
0
0
0
0
0
0
0
0
0
0
0
0
0
0
0
0
0
0
0
0
0
0
0
0
0
0
0
0
0
0
0
0
0
0
0
0
0
0
0
0
0
0
0
0
0
0
0
0
0
0
0
0
0
0
0
0
0
0
0
0
0
0
0
0
0
0
0
0
0
0
0
0
0
0
0
0
0
0
0
0
0
0
0
0
0
0
0
0
0
0
0
0
0
0
0
0
0
0
0
0
0
0
0
0
0
0
0
0
0
0
0
0
0
0
0
0
0
0
0
0
0
0
0
0
0
0
0
0
0
0
0
0
0
0
0
0
0
0
0
0
0
0
0
0
0
0
0
0
0
0
0
0
0
0
0
0
0
0
0
0
0
0
0
0
0
0
0
0
0
0
0
0
0
0
0
0
0
0
0
0
0
0.238284
0.243615
0.250532
0.250517
0.250276
0.251021
0.250707
0.250563
0.250737
0.129988
0.0164943
0.000504677
1.44934e-06
5.12923e-09
2.53138e-11
1.44759e-13
9.26522e-16
5.54508e-18
3.22655e-20
1.91078e-22
1.25439e-24
8.88352e-27
6.65737e-29
5.07138e-31
3.83358e-33
2.85918e-35
2.09172e-37
1.48569e-39
1.03509e-41
6.96568e-44
4.52014e-46
2.84762e-48
1.72538e-50
1.01468e-52
5.76908e-55
3.18801e-57
1.70585e-59
8.8829e-62
4.49201e-64
2.20229e-66
1.0544e-68
4.87e-71
2.20726e-73
9.72474e-76
4.21444e-78
1.78967e-80
7.64675e-83
3.22669e-85
1.3209e-87
5.33313e-90
2.11242e-92
8.31263e-95
3.25076e-97
1.28219e-99
5.09948e-102
2.07121e-104
8.58954e-107
3.65769e-109
1.59789e-111
7.13826e-114
3.25283e-116
1.50316e-118
7.02001e-121
3.30432e-123
1.5615e-125
7.41218e-128
3.51436e-130
1.66744e-132
7.86732e-135
3.70043e-137
1.72964e-139
8.03561e-142
3.69257e-144
1.66372e-146
7.13565e-149
2.81671e-151
1.02669e-153
3.53155e-156
1.16111e-158
3.67441e-161
1.13006e-163
3.31206e-166
1.52186e-169
6.29972e-173
2.35799e-176
8.17086e-180
2.71369e-183
8.93826e-187
2.97924e-190
1.00507e-193
3.38752e-197
1.12401e-200
3.63542e-204
1.1414e-207
3.47898e-211
1.03205e-214
2.99072e-218
8.49902e-222
2.37701e-225
6.56208e-229
1.79218e-232
4.85048e-236
1.30263e-239
3.47555e-243
9.22476e-247
2.43937e-250
6.43762e-254
1.69851e-257
4.48782e-261
1.18882e-264
3.11604e-268
8.06814e-272
2.12374e-275
5.6813e-279
1.51828e-282
4.04763e-286
1.07605e-289
2.85462e-293
7.56898e-297
2.00992e-300
5.35565e-304
1.43394e-307
3.86013e-311
1.04457e-314
2.83868e-318
6.47226e-322
0
0
0
0
0
0
0
0
0
0
0
0
0
0
0
0
0
0
0
0
0
0
0
0
0
0
0
0
0
0
0
0
0
0
0
0
0
0
0
0
0
0
0
0
0
0
0
0
0
0
0
0
0
0
0
0
0
0
0
0
0
0
0
0
0
0
0
0
0
0
0
0
0
0
0
0
0
0
0
0
0
0
0
0
0
0
0
0
0
0
0
0
0
0
0
0
0
0
0
0
0
0
0
0
0
0
0
0
0
0
0
0
0
0
0
0
0
0
0
0
0
0
0
0
0
0
0
0
0
0
0
0
0
0
0
0
0
0
0
0
0
0
0
0
0
0
0
0
0
0
0
0
0
0
0
0
0
0
0
0
0
0
0
0
0
0
0
0
0
0
0
0
0
0
0
0
0
0
0
0
0
0
0
0
0
0
0
0
0
0
0
0
0
0
0
0
0
0
0
0
0
0
0
0
0
0
0
0
0
0
0
0
0
0
0
0
0
0
0
0
0
0
0
0
0
0
0
0
0
0
0
0
0
0
0
0
0
0
0
0
0
0
0
0
0
0
0
0
0
0
0
0
0
0
0
0
0
0
0
0
0
0
0
0
0
0
0
0
0
0
0
0
0
0
0.248711
0.250574
0.248986
0.247359
0.248291
0.249791
0.250842
0.250554
0.250609
0.250724
0.0351979
0.00185093
6.79684e-06
2.67138e-08
1.13464e-10
5.04643e-13
2.20788e-15
9.00268e-18
3.5403e-20
1.44702e-22
6.23183e-25
2.99072e-27
1.62936e-29
1.00098e-31
6.56682e-34
4.49085e-36
3.07855e-38
2.09526e-40
1.40472e-42
9.15095e-45
5.79565e-47
3.55137e-49
2.11209e-51
1.21595e-53
6.82426e-56
3.70591e-58
1.96966e-60
1.01438e-62
5.1226e-65
2.50794e-67
1.21217e-69
5.68705e-72
2.76002e-74
1.28433e-76
6.08798e-79
2.79829e-81
1.15925e-83
4.61988e-86
1.77335e-88
6.68824e-91
2.52849e-93
9.53893e-96
3.64206e-98
1.40427e-100
5.51191e-103
2.21223e-105
9.09091e-108
3.85077e-110
1.67712e-112
7.50987e-115
3.44364e-117
1.6077e-119
7.61976e-122
3.64735e-124
1.7604e-126
8.54071e-129
4.15657e-131
2.0218e-133
9.80434e-136
4.72684e-138
2.26068e-140
1.07396e-142
5.06939e-145
2.368e-147
1.07759e-149
4.64873e-152
1.85299e-154
6.83006e-157
2.37682e-159
7.91641e-162
2.54618e-164
7.02113e-167
2.66522e-170
8.82271e-174
2.78956e-177
9.17599e-181
3.22522e-184
1.17318e-187
4.23456e-191
1.48003e-194
4.96973e-198
1.60508e-201
5.01205e-205
1.52305e-208
4.53266e-212
1.32799e-215
3.84407e-219
1.10145e-222
3.12602e-226
8.78748e-230
2.44664e-233
6.74958e-237
1.84683e-240
5.02038e-244
1.35875e-247
3.67014e-251
9.91781e-255
2.68702e-258
7.30999e-262
1.99812e-265
5.48257e-269
1.50759e-272
4.14341e-276
1.13391e-279
3.08034e-283
8.2912e-287
2.21077e-290
5.84812e-294
1.53902e-297
4.04347e-301
1.06437e-304
2.81528e-308
7.49602e-312
2.0102e-315
5.42015e-319
0
0
0
0
0
0
0
0
0
0
0
0
0
0
0
0
0
0
0
0
0
0
0
0
0
0
0
0
0
0
0
0
0
0
0
0
0
0
0
0
0
0
0
0
0
0
0
0
0
0
0
0
0
0
0
0
0
0
0
0
0
0
0
0
0
0
0
0
0
0
0
0
0
0
0
0
0
0
0
0
0
0
0
0
0
0
0
0
0
0
0
0
0
0
0
0
0
0
0
0
0
0
0
0
0
0
0
0
0
0
0
0
0
0
0
0
0
0
0
0
0
0
0
0
0
0
0
0
0
0
0
0
0
0
0
0
0
0
0
0
0
0
0
0
0
0
0
0
0
0
0
0
0
0
0
0
0
0
0
0
0
0
0
0
0
0
0
0
0
0
0
0
0
0
0
0
0
0
0
0
0
0
0
0
0
0
0
0
0
0
0
0
0
0
0
0
0
0
0
0
0
0
0
0
0
0
0
0
0
0
0
0
0
0
0
0
0
0
0
0
0
0
0
0
0
0
0
0
0
0
0
0
0
0
0
0
0
0
0
0
0
0
0
0
0
0
0
0
0
0
0
0
0
0
0
0
0
0
0
0
0
0
0
0
0
0
0
0
0
0
0
0
0
0
0
0.249788
0.24741
0.245426
0.245364
0.2464
0.248279
0.249368
0.249884
0.250176
0.249837
0.032421
0.00145675
4.858e-06
1.65809e-08
5.95126e-11
2.1944e-13
7.46595e-16
2.3632e-18
7.22014e-21
2.23533e-23
7.31936e-26
2.5181e-28
9.50447e-31
4.12147e-33
2.10037e-35
1.22636e-37
7.69643e-40
4.99296e-42
3.20537e-44
2.02728e-46
1.24611e-48
7.437e-51
4.305e-53
2.4165e-55
1.3244e-57
6.99474e-60
3.64102e-62
1.82104e-64
9.00467e-67
4.28276e-69
2.01448e-71
9.15339e-74
4.12205e-76
1.814e-78
7.87493e-81
3.36529e-83
1.39923e-85
5.69699e-88
2.23703e-90
8.71572e-93
3.3541e-95
1.29566e-97
5.00518e-100
1.96999e-102
7.84958e-105
3.22492e-107
1.35618e-109
5.90053e-112
2.6363e-114
1.20916e-116
5.65669e-119
2.68656e-121
1.29066e-123
6.25088e-126
3.04851e-128
1.49378e-130
7.34595e-133
3.61614e-135
1.7772e-137
8.71157e-140
4.25108e-142
2.07025e-144
1.00199e-146
4.78806e-149
2.23116e-151
9.94202e-154
4.07824e-156
1.52951e-158
5.36739e-161
1.79439e-163
5.6845e-166
3.05021e-169
1.42222e-172
5.91386e-176
2.27495e-179
8.38299e-183
3.03862e-186
1.09853e-189
3.96496e-193
1.41911e-196
4.99656e-200
1.7216e-203
5.79585e-207
1.90882e-210
6.16741e-214
1.96134e-217
6.15781e-221
1.91321e-224
5.89276e-228
1.80156e-231
5.47292e-235
1.65392e-238
4.97841e-242
1.49476e-245
4.48344e-249
1.34524e-252
4.04186e-256
1.21671e-259
3.66932e-263
1.10784e-266
3.34404e-270
1.00751e-273
3.02388e-277
9.02019e-281
2.66841e-284
7.81516e-288
2.26392e-291
6.48744e-295
1.84148e-298
5.1912e-302
1.45849e-305
4.10001e-309
1.15743e-312
3.28977e-316
9.37243e-320
0
0
0
0
0
0
0
0
0
0
0
0
0
0
0
0
0
0
0
0
0
0
0
0
0
0
0
0
0
0
0
0
0
0
0
0
0
0
0
0
0
0
0
0
0
0
0
0
0
0
0
0
0
0
0
0
0
0
0
0
0
0
0
0
0
0
0
0
0
0
0
0
0
0
0
0
0
0
0
0
0
0
0
0
0
0
0
0
0
0
0
0
0
0
0
0
0
0
0
0
0
0
0
0
0
0
0
0
0
0
0
0
0
0
0
0
0
0
0
0
0
0
0
0
0
0
0
0
0
0
0
0
0
0
0
0
0
0
0
0
0
0
0
0
0
0
0
0
0
0
0
0
0
0
0
0
0
0
0
0
0
0
0
0
0
0
0
0
0
0
0
0
0
0
0
0
0
0
0
0
0
0
0
0
0
0
0
0
0
0
0
0
0
0
0
0
0
0
0
0
0
0
0
0
0
0
0
0
0
0
0
0
0
0
0
0
0
0
0
0
0
0
0
0
0
0
0
0
0
0
0
0
0
0
0
0
0
0
0
0
0
0
0
0
0
0
0
0
0
0
0
0
0
0
0
0
0
0
0
0
0
0
0
0
0
0
0
0
0
0
0
0
0
0
0
0.246495
0.244471
0.243924
0.244318
0.244325
0.245234
0.126843
0.0903257
0.0883946
0.0483678
0.00856028
0.000149027
3.98408e-07
1.38084e-09
4.38871e-12
1.22333e-14
2.91476e-17
6.18509e-20
1.3386e-22
3.06296e-25
8.49289e-28
2.80737e-30
1.11208e-32
5.29905e-35
2.91205e-37
1.74692e-39
1.08571e-41
6.8803e-44
4.24945e-46
2.61643e-48
1.54317e-50
8.96856e-53
5.00615e-55
2.73563e-57
1.44782e-59
7.45176e-62
3.75395e-64
1.829e-66
8.77888e-69
4.06435e-71
1.85733e-73
8.23322e-76
3.60428e-78
1.54528e-80
6.50071e-83
2.70824e-85
1.09764e-87
4.43608e-90
1.72559e-92
6.75717e-95
2.59722e-97
1.01135e-99
3.94172e-102
1.57421e-104
6.40665e-107
2.69111e-109
1.16416e-111
5.18917e-114
2.37654e-116
1.11107e-118
5.28007e-121
2.53914e-123
1.23097e-125
6.01404e-128
2.95095e-130
1.45561e-132
7.18627e-135
3.55302e-137
1.74956e-139
8.59158e-142
4.19782e-144
2.04559e-146
9.92787e-149
4.77376e-151
2.25162e-153
1.01888e-155
4.25282e-158
1.6103e-160
5.6323e-163
1.85876e-165
1.25259e-168
7.39265e-172
3.82455e-175
1.76949e-178
7.53373e-182
3.04092e-185
1.19345e-188
4.62664e-192
1.78052e-195
6.78488e-199
2.54777e-202
9.39598e-206
3.40088e-209
1.21e-212
4.24352e-216
1.47138e-219
5.0569e-223
1.72578e-226
5.85457e-230
1.9754e-233
6.63149e-237
2.21558e-240
7.36946e-244
2.44124e-247
8.05635e-251
2.64891e-254
8.6764e-258
2.82997e-261
9.18608e-265
2.96541e-268
9.51165e-272
3.02956e-275
9.57777e-279
3.00406e-282
9.34634e-286
2.88444e-289
8.83179e-293
2.68388e-296
8.09912e-300
2.42879e-303
7.24457e-307
2.15165e-310
6.37074e-314
1.88283e-317
5.37049e-321
0
0
0
0
0
0
0
0
0
0
0
0
0
0
0
0
0
0
0
0
0
0
0
0
0
0
0
0
0
0
0
0
0
0
0
0
0
0
0
0
0
0
0
0
0
0
0
0
0
0
0
0
0
0
0
0
0
0
0
0
0
0
0
0
0
0
0
0
0
0
0
0
0
0
0
0
0
0
0
0
0
0
0
0
0
0
0
0
0
0
0
0
0
0
0
0
0
0
0
0
0
0
0
0
0
0
0
0
0
0
0
0
0
0
0
0
0
0
0
0
0
0
0
0
0
0
0
0
0
0
0
0
0
0
0
0
0
0
0
0
0
0
0
0
0
0
0
0
0
0
0
0
0
0
0
0
0
0
0
0
0
0
0
0
0
0
0
0
0
0
0
0
0
0
0
0
0
0
0
0
0
0
0
0
0
0
0
0
0
0
0
0
0
0
0
0
0
0
0
0
0
0
0
0
0
0
0
0
0
0
0
0
0
0
0
0
0
0
0
0
0
0
0
0
0
0
0
0
0
0
0
0
0
0
0
0
0
0
0
0
0
0
0
0
0
0
0
0
0
0
0
0
0
0
0
0
0
0
0
0
0
0
0
0
0
0
0
0
0
0
0
0
0
0
0
0.242093
0.242901
0.243234
0.24342
0.11762
0.0413135
0.0128909
0.00642243
0.00684889
0.00388437
0.000453036
1.36803e-06
3.58928e-09
9.20401e-12
2.37086e-14
5.95851e-17
1.38875e-19
3.16943e-22
7.4615e-25
2.0058e-27
6.39679e-30
2.49943e-32
1.16484e-34
6.22994e-37
3.63586e-39
2.19899e-41
1.34237e-43
8.19369e-46
4.88602e-48
2.89458e-50
1.64537e-52
9.24522e-55
4.97766e-57
2.63902e-59
1.34695e-61
6.74229e-64
3.27582e-66
1.5541e-68
7.20235e-71
3.25036e-73
1.43998e-75
6.24996e-78
2.6673e-80
1.12001e-82
4.61026e-85
1.88349e-87
7.4947e-90
2.99993e-92
1.15764e-94
4.54254e-97
1.74424e-99
6.86947e-102
2.70376e-104
1.10233e-106
4.57727e-109
1.97469e-111
8.74289e-114
3.99155e-116
1.86035e-118
8.83101e-121
4.23985e-123
2.05523e-125
1.00228e-127
4.91972e-130
2.42216e-132
1.19817e-134
5.9189e-137
2.92817e-139
1.43995e-141
7.06512e-144
3.44581e-146
1.67666e-148
8.12071e-151
3.90539e-153
1.84238e-155
8.3654e-158
3.54656e-160
1.35978e-162
4.75139e-165
6.29395e-168
2.59718e-171
1.48088e-174
7.98841e-178
3.91996e-181
1.78309e-184
7.7075e-188
3.23391e-191
1.33478e-194
5.44536e-198
2.1936e-201
8.7021e-205
3.39371e-208
1.30127e-211
4.91353e-215
1.83118e-218
6.75003e-222
2.46491e-225
8.9253e-229
3.20591e-232
1.14248e-235
4.03966e-239
1.41744e-242
4.93656e-246
1.70692e-249
5.86089e-253
1.99857e-256
6.76797e-260
2.27566e-263
7.59529e-267
2.51565e-270
8.26589e-274
2.69401e-277
8.7092e-281
2.79291e-284
8.88643e-288
2.80629e-291
8.79933e-295
2.74088e-298
8.48568e-302
2.6127e-305
8.00512e-309
2.44232e-312
7.42468e-316
2.24662e-319
0
0
0
0
0
0
0
0
0
0
0
0
0
0
0
0
0
0
0
0
0
0
0
0
0
0
0
0
0
0
0
0
0
0
0
0
0
0
0
0
0
0
0
0
0
0
0
0
0
0
0
0
0
0
0
0
0
0
0
0
0
0
0
0
0
0
0
0
0
0
0
0
0
0
0
0
0
0
0
0
0
0
0
0
0
0
0
0
0
0
0
0
0
0
0
0
0
0
0
0
0
0
0
0
0
0
0
0
0
0
0
0
0
0
0
0
0
0
0
0
0
0
0
0
0
0
0
0
0
0
0
0
0
0
0
0
0
0
0
0
0
0
0
0
0
0
0
0
0
0
0
0
0
0
0
0
0
0
0
0
0
0
0
0
0
0
0
0
0
0
0
0
0
0
0
0
0
0
0
0
0
0
0
0
0
0
0
0
0
0
0
0
0
0
0
0
0
0
0
0
0
0
0
0
0
0
0
0
0
0
0
0
0
0
0
0
0
0
0
0
0
0
0
0
0
0
0
0
0
0
0
0
0
0
0
0
0
0
0
0
0
0
0
0
0
0
0
0
0
0
0
0
0
0
0
0
0
0
0
0
0
0
0
0
0
0
0
0
0
0
0
0
0
0
0
0
0.104826
0.0611048
0.0372709
0.0223078
0.00782211
0.00163578
0.000167898
8.25323e-05
7.77537e-05
3.52108e-05
2.87751e-06
7.27489e-09
1.6538e-11
3.83966e-14
9.30444e-17
2.26719e-19
5.50018e-22
1.37442e-24
3.80715e-27
1.22125e-29
4.79846e-32
2.28973e-34
1.25075e-36
7.27981e-39
4.37374e-41
2.63375e-43
1.56677e-45
9.22442e-48
5.33932e-50
3.03016e-52
1.67143e-54
9.04507e-57
4.7181e-59
2.41802e-61
1.19434e-63
5.79781e-66
2.71987e-68
1.25401e-70
5.61532e-73
2.47809e-75
1.06784e-77
4.54676e-80
1.89449e-82
7.81471e-85
3.1514e-87
1.26652e-89
4.97473e-92
1.96364e-94
7.56552e-97
2.96771e-99
1.14682e-101
4.57187e-104
1.82925e-106
7.62365e-109
3.24082e-111
1.43298e-113
6.48162e-116
3.01296e-118
1.42326e-120
6.81535e-123
3.29343e-125
1.60204e-127
7.83257e-130
3.85057e-132
1.8969e-134
9.386e-137
4.63351e-139
2.29055e-141
1.1256e-143
5.52698e-146
2.69609e-148
1.31328e-150
6.35073e-153
3.04501e-155
1.43123e-157
6.49805e-160
2.76946e-162
1.05868e-164
2.67323e-167
1.07938e-170
4.93452e-174
2.59004e-177
1.36423e-180
6.78897e-184
3.18397e-187
1.42951e-190
6.2445e-194
2.68146e-197
1.13595e-200
4.74428e-204
1.94998e-207
7.88046e-211
3.13283e-214
1.22692e-217
4.74174e-221
1.81111e-224
6.84334e-228
2.55936e-231
9.47619e-235
3.47395e-238
1.26115e-241
4.53491e-245
1.61569e-248
5.70511e-252
1.99711e-255
6.93168e-259
2.38561e-262
8.14099e-266
2.75449e-269
9.24017e-273
3.07301e-276
1.01328e-279
3.31356e-283
1.07489e-286
3.45999e-290
1.10567e-293
3.50926e-297
1.10679e-300
3.47049e-304
1.08247e-307
3.3601e-311
1.0385e-314
3.19688e-318
7.60861e-322
0
0
0
0
0
0
0
0
0
0
0
0
0
0
0
0
0
0
0
0
0
0
0
0
0
0
0
0
0
0
0
0
0
0
0
0
0
0
0
0
0
0
0
0
0
0
0
0
0
0
0
0
0
0
0
0
0
0
0
0
0
0
0
0
0
0
0
0
0
0
0
0
0
0
0
0
0
0
0
0
0
0
0
0
0
0
0
0
0
0
0
0
0
0
0
0
0
0
0
0
0
0
0
0
0
0
0
0
0
0
0
0
0
0
0
0
0
0
0
0
0
0
0
0
0
0
0
0
0
0
0
0
0
0
0
0
0
0
0
0
0
0
0
0
0
0
0
0
0
0
0
0
0
0
0
0
0
0
0
0
0
0
0
0
0
0
0
0
0
0
0
0
0
0
0
0
0
0
0
0
0
0
0
0
0
0
0
0
0
0
0
0
0
0
0
0
0
0
0
0
0
0
0
0
0
0
0
0
0
0
0
0
0
0
0
0
0
0
0
0
0
0
0
0
0
0
0
0
0
0
0
0
0
0
0
0
0
0
0
0
0
0
0
0
0
0
0
0
0
0
0
0
0
0
0
0
0
0
0
0
0
0
0
0
0
0
0
0
0
0
0
0
0
0
0
0
0.00822435
0.00421086
0.001716
0.000615933
0.000121837
1.46009e-05
1.74643e-06
9.21648e-07
6.37771e-07
2.38267e-07
1.22151e-08
2.52031e-11
5.3475e-14
1.25374e-16
3.11923e-19
7.93238e-22
2.07602e-24
6.02169e-27
1.9545e-29
8.03364e-32
3.90365e-34
2.20893e-36
1.34539e-38
8.21624e-41
4.98586e-43
2.94284e-45
1.71959e-47
9.71168e-50
5.51153e-52
2.98636e-54
1.6134e-56
8.37056e-59
4.25889e-61
2.10278e-63
1.01007e-65
4.75072e-68
2.16387e-70
9.74431e-73
4.23863e-75
1.83716e-77
7.70462e-80
3.22954e-82
1.31273e-84
5.33995e-87
2.11313e-89
8.38437e-92
3.25591e-94
1.27197e-96
4.90913e-99
1.91932e-101
7.53617e-104
3.02898e-106
1.24141e-108
5.27638e-111
2.29437e-113
1.03615e-115
4.7603e-118
2.24312e-120
1.06615e-122
5.13397e-125
2.48065e-127
1.20716e-129
5.88425e-132
2.88452e-134
1.41364e-136
6.95312e-139
3.40518e-141
1.66658e-143
8.09227e-146
3.90862e-148
1.86784e-150
8.81612e-153
4.08218e-155
1.83844e-157
8.00281e-160
3.32304e-162
1.28839e-164
3.4405e-167
6.49336e-171
2.44373e-174
1.24067e-177
6.6258e-181
3.37215e-184
1.61348e-187
7.35935e-191
3.2552e-194
1.41282e-197
6.04535e-201
2.54976e-204
1.05815e-207
4.31608e-211
1.73081e-214
6.83303e-218
2.66026e-221
1.02292e-224
3.88887e-228
1.46256e-231
5.44298e-235
2.00475e-238
7.30909e-242
2.63849e-245
9.43385e-249
3.34198e-252
1.17335e-255
4.08364e-259
1.40897e-262
4.81949e-266
1.6343e-269
5.49381e-273
1.8309e-276
6.04873e-280
1.98161e-283
6.44015e-287
2.07669e-290
6.64766e-294
2.11342e-297
6.67633e-301
2.09675e-304
6.54977e-308
2.03603e-311
6.30128e-315
1.94214e-318
3.65609e-322
0
0
0
0
0
0
0
0
0
0
0
0
0
0
0
0
0
0
0
0
0
0
0
0
0
0
0
0
0
0
0
0
0
0
0
0
0
0
0
0
0
0
0
0
0
0
0
0
0
0
0
0
0
0
0
0
0
0
0
0
0
0
0
0
0
0
0
0
0
0
0
0
0
0
0
0
0
0
0
0
0
0
0
0
0
0
0
0
0
0
0
0
0
0
0
0
0
0
0
0
0
0
0
0
0
0
0
0
0
0
0
0
0
0
0
0
0
0
0
0
0
0
0
0
0
0
0
0
0
0
0
0
0
0
0
0
0
0
0
0
0
0
0
0
0
0
0
0
0
0
0
0
0
0
0
0
0
0
0
0
0
0
0
0
0
0
0
0
0
0
0
0
0
0
0
0
0
0
0
0
0
0
0
0
0
0
0
0
0
0
0
0
0
0
0
0
0
0
0
0
0
0
0
0
0
0
0
0
0
0
0
0
0
0
0
0
0
0
0
0
0
0
0
0
0
0
0
0
0
0
0
0
0
0
0
0
0
0
0
0
0
0
0
0
0
0
0
0
0
0
0
0
0
0
0
0
0
0
0
0
0
0
0
0
0
0
0
0
0
0
0
0
0
0
0
0
0
0.000731292
0.000327585
5.55676e-05
1.86654e-06
4.04311e-08
9.29932e-10
1.68624e-11
2.63966e-13
4.14591e-15
6.5088e-17
8.92646e-19
1.07469e-20
1.16065e-22
1.21992e-24
2.24362e-38
2.8378e-39
2.37795e-41
1.68886e-43
1.03697e-45
5.76315e-48
2.92841e-50
1.38686e-52
6.15079e-55
2.57646e-57
1.02752e-59
3.9864e-62
1.52655e-64
5.91679e-67
2.3141e-69
9.25953e-72
3.66912e-74
1.4793e-76
5.81995e-79
2.31405e-81
9.00543e-84
3.5359e-86
1.38509e-88
5.55919e-91
2.29839e-93
1.00519e-95
4.68134e-98
2.30928e-100
1.19532e-102
6.31702e-105
1.44187e-113
2.02646e-115
1.2993e-117
9.6564e-120
7.8982e-122
6.38274e-124
4.81787e-126
3.36457e-128
2.17179e-130
1.31797e-132
7.53758e-135
4.14714e-137
2.19682e-139
1.1412e-141
5.80504e-144
2.91431e-146
1.4272e-148
6.78224e-151
3.09956e-153
1.35513e-155
5.5857e-158
2.11139e-160
7.20097e-163
2.25582e-165
6.42198e-169
3.31156e-172
3.73902e-175
7.52964e-178
1.45915e-180
1.92592e-184
1.22425e-199
2.70534e-197
7.2962e-200
1.01994e-202
1.04462e-205
8.73195e-209
6.44786e-212
4.25589e-215
2.61273e-218
1.50847e-221
8.55799e-225
4.66602e-228
2.5659e-231
1.45683e-234
8.4392e-238
4.35848e-241
1.83625e-244
6.74626e-248
2.34991e-251
7.78679e-255
2.53694e-258
8.11506e-262
2.612e-265
8.38172e-269
2.69695e-272
8.84225e-276
2.96774e-279
1.02114e-282
3.33985e-286
2.61528e-290
1.94598e-313
3.33772e-311
7.30471e-314
8.81818e-317
7.76325e-320
0
0
0
0
0
0
0
0
0
0
0
0
0
0
0
0
0
0
0
0
0
0
0
0
0
0
0
0
0
0
0
0
0
0
0
0
0
0
0
0
0
0
0
0
0
0
0
0
0
0
0
0
0
0
0
0
0
0
0
0
0
0
0
0
0
0
0
0
0
0
0
0
0
0
0
0
0
0
0
0
0
0
0
0
0
0
0
0
0
0
0
0
0
0
0
0
0
0
0
0
0
0
0
0
0
0
0
0
0
0
0
0
0
0
0
0
0
0
0
0
0
0
0
0
0
0
0
0
0
0
0
0
0
0
0
0
0
0
0
0
0
0
0
0
0
0
0
0
0
0
0
0
0
0
0
0
0
0
0
0
0
0
0
0
0
0
0
0
0
0
0
0
0
0
0
0
0
0
0
0
0
0
0
0
0
0
0
0
0
0
0
0
0
0
0
0
0
0
0
0
0
0
0
0
0
0
0
0
0
0
0
0
0
0
0
0
0
0
0
0
0
0
0
0
0
0
0
0
0
0
0
0
0
0
0
0
0
0
0
0
0
0
0
0
0
0
0
0
0
0
0
0
0
0
0
0
0
0
0
0
0
0
0
0
0
0.0109674
0.00614798
0.000868267
4.02364e-05
5.92782e-07
3.08508e-08
5.97638e-10
5.71741e-12
3.96762e-14
3.5024e-16
4.17614e-18
5.12515e-20
5.69259e-22
5.57604e-24
3.51079e-36
4.68174e-37
4.05343e-39
2.89449e-41
1.72692e-43
9.31314e-46
4.66561e-48
2.11808e-50
9.21781e-53
3.69378e-55
1.40055e-57
5.1047e-60
1.87055e-62
7.15623e-65
2.90597e-67
1.20994e-69
5.04871e-72
2.10342e-74
8.44835e-77
3.41048e-79
1.33509e-81
5.18306e-84
2.00703e-86
7.54555e-89
2.89835e-91
1.11207e-93
4.33387e-96
1.78323e-98
7.5938e-101
3.49135e-103
4.6154e-111
5.61866e-113
2.3762e-115
1.17975e-117
7.11421e-120
4.8853e-122
3.48333e-124
2.4177e-126
1.59308e-128
9.97899e-131
5.94907e-133
3.43801e-135
1.92947e-137
1.07242e-139
5.89992e-142
3.22594e-144
1.73887e-146
9.1938e-149
4.75708e-151
2.37842e-153
1.12765e-155
4.88108e-158
1.85105e-160
6.21637e-163
1.93093e-165
1.26917e-168
1.64155e-171
3.45289e-174
7.14471e-177
1.6696e-180
2.67838e-195
1.85681e-193
4.80322e-196
6.71593e-199
6.89716e-202
5.81133e-205
4.25762e-208
2.81006e-211
1.70775e-214
9.77672e-218
5.37911e-221
2.87516e-224
1.52485e-227
8.29026e-231
4.57513e-234
2.35414e-237
1.03898e-240
4.00872e-244
1.4299e-247
4.88694e-251
1.62565e-254
5.32384e-258
1.73217e-261
5.6321e-265
1.83213e-268
6.03414e-272
2.01907e-275
6.86367e-279
2.31176e-282
3.13178e-286
5.28267e-309
2.88708e-307
5.97227e-310
6.86723e-313
5.94481e-316
4.27204e-319
5.43472e-323
0
0
0
0
0
0
0
0
0
0
0
0
0
0
0
0
0
0
0
0
0
0
0
0
0
0
0
0
0
0
0
0
0
0
0
0
0
0
0
0
0
0
0
0
0
0
0
0
0
0
0
0
0
0
0
0
0
0
0
0
0
0
0
0
0
0
0
0
0
0
0
0
0
0
0
0
0
0
0
0
0
0
0
0
0
0
0
0
0
0
0
0
0
0
0
0
0
0
0
0
0
0
0
0
0
0
0
0
0
0
0
0
0
0
0
0
0
0
0
0
0
0
0
0
0
0
0
0
0
0
0
0
0
0
0
0
0
0
0
0
0
0
0
0
0
0
0
0
0
0
0
0
0
0
0
0
0
0
0
0
0
0
0
0
0
0
0
0
0
0
0
0
0
0
0
0
0
0
0
0
0
0
0
0
0
0
0
0
0
0
0
0
0
0
0
0
0
0
0
0
0
0
0
0
0
0
0
0
0
0
0
0
0
0
0
0
0
0
0
0
0
0
0
0
0
0
0
0
0
0
0
0
0
0
0
0
0
0
0
0
0
0
0
0
0
0
0
0
0
0
0
0
0
0
0
0
0
0
0
0
0
0
0
0.0163054
0.0137063
0.00407743
0.000944169
8.11595e-06
1.78643e-06
4.73695e-08
2.80971e-10
4.87714e-13
5.65766e-16
7.3744e-19
1.58969e-21
1.60211e-23
2.46949e-25
4.51246e-34
6.78642e-35
6.24302e-37
4.14319e-39
2.22889e-41
1.09257e-43
4.71847e-46
2.04696e-48
8.04524e-51
3.02157e-53
1.09234e-55
3.51083e-58
1.20683e-60
4.10655e-63
1.69984e-65
6.71291e-68
2.94841e-70
1.15307e-72
4.76809e-75
1.85131e-77
7.31051e-80
2.84279e-82
1.09835e-84
3.96707e-87
1.56292e-89
5.61057e-92
2.05699e-94
8.02226e-97
2.64508e-99
8.99733e-102
4.63159e-109
5.61441e-111
1.48974e-113
5.69408e-116
2.34668e-118
1.00456e-120
4.53886e-123
2.1683e-125
1.11747e-127
6.12707e-130
3.62838e-132
2.25172e-134
1.48457e-136
9.89725e-139
6.70008e-141
4.45456e-143
2.94477e-145
1.9327e-147
1.2541e-149
7.76137e-152
4.47937e-154
2.34734e-156
1.0421e-158
3.75938e-161
1.2355e-163
3.88023e-166
1.04153e-168
2.50768e-171
5.40321e-174
1.09457e-177
1.49699e-191
2.33486e-190
5.36563e-193
6.9542e-196
6.72054e-199
5.3912e-202
3.75946e-205
2.36393e-208
1.36287e-211
7.37677e-215
3.78008e-218
1.87039e-221
9.0774e-225
4.43889e-228
2.17667e-231
1.00782e-234
4.1167e-238
1.52311e-241
5.39939e-245
1.89674e-248
6.62083e-252
2.29581e-255
7.88852e-259
2.69314e-262
9.14946e-266
3.12321e-269
1.06774e-272
3.62327e-276
1.22534e-279
1.4106e-283
3.67182e-305
4.55306e-304
8.38231e-307
8.70832e-310
6.89203e-313
4.59975e-316
2.76232e-319
9.88131e-323
0
0
0
0
0
0
0
0
0
0
0
0
0
0
0
0
0
0
0
0
0
0
0
0
0
0
0
0
0
0
0
0
0
0
0
0
0
0
0
0
0
0
0
0
0
0
0
0
0
0
0
0
0
0
0
0
0
0
0
0
0
0
0
0
0
0
0
0
0
0
0
0
0
0
0
0
0
0
0
0
0
0
0
0
0
0
0
0
0
0
0
0
0
0
0
0
0
0
0
0
0
0
0
0
0
0
0
0
0
0
0
0
0
0
0
0
0
0
0
0
0
0
0
0
0
0
0
0
0
0
0
0
0
0
0
0
0
0
0
0
0
0
0
0
0
0
0
0
0
0
0
0
0
0
0
0
0
0
0
0
0
0
0
0
0
0
0
0
0
0
0
0
0
0
0
0
0
0
0
0
0
0
0
0
0
0
0
0
0
0
0
0
0
0
0
0
0
0
0
0
0
0
0
0
0
0
0
0
0
0
0
0
0
0
0
0
0
0
0
0
0
0
0
0
0
0
0
0
0
0
0
0
0
0
0
0
0
0
0
0
0
0
0
0
0
0
0
0
0
0
0
0
0
0
0
0
0
0
0
0
0
0
0.163684
0.153553
0.0564221
0.0185193
0.00356511
0.00101315
5.13642e-05
4.01176e-07
7.0967e-10
8.29336e-13
7.73539e-16
7.38767e-19
6.80182e-22
5.70987e-25
1.87435e-30
3.03935e-31
3.16483e-33
2.11256e-35
1.12881e-37
5.37992e-40
2.34092e-42
9.88323e-45
3.96699e-47
1.54839e-49
5.61511e-52
1.91773e-54
6.30573e-57
2.0895e-59
8.06284e-62
3.24385e-64
1.41024e-66
5.52586e-69
2.35309e-71
8.85133e-74
3.59075e-76
1.33451e-78
5.17262e-81
1.89026e-83
7.09776e-86
2.51614e-88
9.44774e-91
3.31131e-93
1.19629e-95
3.98866e-98
2.89863e-105
3.04768e-107
7.75827e-110
2.84798e-112
1.10458e-114
4.41849e-117
1.79135e-119
7.51845e-122
3.26071e-124
1.48544e-126
7.15559e-129
3.68576e-131
2.03281e-133
1.18329e-135
7.22964e-138
4.54839e-140
2.92829e-142
1.92022e-144
1.26129e-146
8.20513e-149
5.1325e-151
3.00383e-153
1.5178e-155
6.07824e-158
2.08534e-160
6.71531e-163
2.08388e-165
6.10261e-168
1.34671e-170
3.97758e-174
3.5851e-187
9.56934e-187
1.97998e-189
2.36216e-192
2.15385e-195
1.65308e-198
1.11464e-201
6.76413e-205
3.76281e-208
1.94761e-211
9.50914e-215
4.42727e-218
1.98404e-221
8.61115e-225
3.63684e-228
1.49826e-231
6.0325e-235
2.37573e-238
9.16398e-242
3.46469e-245
1.28609e-248
4.69176e-252
1.68548e-255
5.97e-259
2.08955e-262
7.23865e-266
2.48784e-269
8.50183e-273
2.84356e-276
4.65423e-280
1.10596e-300
2.31131e-300
3.84726e-303
3.68704e-306
2.70322e-309
1.68965e-312
9.50984e-316
4.97336e-319
1.92686e-322
0
0
0
0
0
0
0
0
0
0
0
0
0
0
0
0
0
0
0
0
0
0
0
0
0
0
0
0
0
0
0
0
0
0
0
0
0
0
0
0
0
0
0
0
0
0
0
0
0
0
0
0
0
0
0
0
0
0
0
0
0
0
0
0
0
0
0
0
0
0
0
0
0
0
0
0
0
0
0
0
0
0
0
0
0
0
0
0
0
0
0
0
0
0
0
0
0
0
0
0
0
0
0
0
0
0
0
0
0
0
0
0
0
0
0
0
0
0
0
0
0
0
0
0
0
0
0
0
0
0
0
0
0
0
0
0
0
0
0
0
0
0
0
0
0
0
0
0
0
0
0
0
0
0
0
0
0
0
0
0
0
0
0
0
0
0
0
0
0
0
0
0
0
0
0
0
0
0
0
0
0
0
0
0
0
0
0
0
0
0
0
0
0
0
0
0
0
0
0
0
0
0
0
0
0
0
0
0
0
0
0
0
0
0
0
0
0
0
0
0
0
0
0
0
0
0
0
0
0
0
0
0
0
0
0
0
0
0
0
0
0
0
0
0
0
0
0
0
0
0
0
0
0
0
0
0
0
0
0
0
0
0.233375
0.236568
0.227212
0.178072
0.0495061
0.0235377
0.00657357
0.000347739
1.04226e-06
1.6209e-09
1.80297e-12
1.90391e-15
1.85209e-18
1.50719e-21
4.45822e-27
8.01507e-28
9.97617e-30
7.21348e-32
4.04667e-34
1.98123e-36
8.95331e-39
3.87067e-41
1.61057e-43
6.59433e-46
2.5214e-48
9.07346e-51
3.03225e-53
9.9727e-56
3.6107e-58
1.45444e-60
6.51768e-63
2.65988e-65
1.16412e-67
4.46632e-70
1.85434e-72
6.87856e-75
2.69257e-77
9.79807e-80
3.64821e-82
1.303e-84
4.78375e-87
1.71003e-89
6.04427e-92
2.03731e-94
1.72355e-101
1.86085e-103
4.4841e-106
1.58275e-108
6.06748e-111
2.34795e-113
9.27336e-116
3.72054e-118
1.52433e-120
6.42501e-123
2.78733e-125
1.26007e-127
5.94201e-130
2.93145e-132
1.51905e-134
8.16843e-137
4.59014e-139
2.64963e-141
1.57623e-143
9.49797e-146
5.71332e-148
3.32832e-150
1.77811e-152
8.06243e-155
3.02422e-157
1.01845e-159
3.26278e-162
1.00889e-164
2.88484e-167
1.02315e-170
9.85984e-183
3.84278e-183
6.58181e-186
6.68786e-189
5.3229e-192
3.65894e-195
2.25754e-198
1.27338e-201
6.63885e-205
3.23538e-208
1.48824e-211
6.53162e-215
2.75769e-218
1.12895e-221
4.50264e-225
1.75662e-228
6.71363e-232
2.51801e-235
9.26806e-239
3.35283e-242
1.19211e-245
4.17402e-249
1.43982e-252
4.90401e-256
1.65079e-259
5.50452e-263
1.82102e-266
5.98822e-270
1.92885e-273
3.13966e-277
3.96306e-296
1.161e-296
1.58403e-299
1.29491e-302
8.27555e-306
4.57167e-309
2.29682e-312
1.08136e-315
4.85671e-319
1.28457e-322
0
0
0
0
0
0
0
0
0
0
0
0
0
0
0
0
0
0
0
0
0
0
0
0
0
0
0
0
0
0
0
0
0
0
0
0
0
0
0
0
0
0
0
0
0
0
0
0
0
0
0
0
0
0
0
0
0
0
0
0
0
0
0
0
0
0
0
0
0
0
0
0
0
0
0
0
0
0
0
0
0
0
0
0
0
0
0
0
0
0
0
0
0
0
0
0
0
0
0
0
0
0
0
0
0
0
0
0
0
0
0
0
0
0
0
0
0
0
0
0
0
0
0
0
0
0
0
0
0
0
0
0
0
0
0
0
0
0
0
0
0
0
0
0
0
0
0
0
0
0
0
0
0
0
0
0
0
0
0
0
0
0
0
0
0
0
0
0
0
0
0
0
0
0
0
0
0
0
0
0
0
0
0
0
0
0
0
0
0
0
0
0
0
0
0
0
0
0
0
0
0
0
0
0
0
0
0
0
0
0
0
0
0
0
0
0
0
0
0
0
0
0
0
0
0
0
0
0
0
0
0
0
0
0
0
0
0
0
0
0
0
0
0
0
0
0
0
0
0
0
0
0
0
0
0
0
0
0
0
0
0.239336
0.239243
0.23757
0.228178
0.192832
0.17459
0.0731924
0.0148783
0.000415168
1.19711e-06
2.10983e-09
2.94674e-12
3.49913e-15
3.24809e-18
4.66462e-24
8.64459e-25
1.38195e-26
1.14549e-28
7.06641e-31
3.67913e-33
1.74495e-35
7.89674e-38
3.41387e-40
1.4374e-42
5.926e-45
2.20142e-47
7.88005e-50
2.55768e-52
8.6276e-55
3.33191e-57
1.49726e-59
6.37038e-62
2.86418e-64
1.15127e-66
4.80605e-69
1.83379e-71
7.19575e-74
2.6156e-76
9.78774e-79
3.48267e-81
1.27384e-83
4.59529e-86
1.61836e-88
5.49809e-91
5.24325e-98
5.2523e-100
1.36779e-102
4.77217e-105
1.77917e-107
6.79388e-110
2.61832e-112
1.03089e-114
4.11535e-117
1.68354e-119
7.00683e-122
3.00023e-124
1.31459e-126
5.93564e-129
2.76823e-131
1.33437e-133
6.64185e-136
3.43593e-138
1.82025e-140
9.92812e-143
5.49297e-145
3.05815e-147
1.63774e-149
8.02162e-152
3.34456e-154
1.2007e-156
4.00482e-159
1.27806e-161
3.85255e-164
4.71986e-167
2.44416e-178
1.45434e-179
2.03136e-182
1.73857e-185
1.18764e-188
7.16512e-192
3.97799e-195
2.06084e-198
1.0015e-201
4.58422e-205
1.98839e-208
8.23137e-212
3.27792e-215
1.2646e-218
4.75545e-222
1.75058e-225
6.32741e-229
2.24876e-232
7.86562e-236
2.70875e-239
9.18961e-243
3.07314e-246
1.01419e-249
3.30663e-253
1.06686e-256
3.41128e-260
1.08316e-263
3.42108e-267
1.05975e-270
1.6909e-274
1.35805e-291
5.66775e-293
6.10213e-296
4.16533e-299
2.28859e-302
1.10757e-305
4.93885e-309
2.08285e-312
8.44931e-316
3.33139e-319
4.44659e-323
0
0
0
0
0
0
0
0
0
0
0
0
0
0
0
0
0
0
0
0
0
0
0
0
0
0
0
0
0
0
0
0
0
0
0
0
0
0
0
0
0
0
0
0
0
0
0
0
0
0
0
0
0
0
0
0
0
0
0
0
0
0
0
0
0
0
0
0
0
0
0
0
0
0
0
0
0
0
0
0
0
0
0
0
0
0
0
0
0
0
0
0
0
0
0
0
0
0
0
0
0
0
0
0
0
0
0
0
0
0
0
0
0
0
0
0
0
0
0
0
0
0
0
0
0
0
0
0
0
0
0
0
0
0
0
0
0
0
0
0
0
0
0
0
0
0
0
0
0
0
0
0
0
0
0
0
0
0
0
0
0
0
0
0
0
0
0
0
0
0
0
0
0
0
0
0
0
0
0
0
0
0
0
0
0
0
0
0
0
0
0
0
0
0
0
0
0
0
0
0
0
0
0
0
0
0
0
0
0
0
0
0
0
0
0
0
0
0
0
0
0
0
0
0
0
0
0
0
0
0
0
0
0
0
0
0
0
0
0
0
0
0
0
0
0
0
0
0
0
0
0
0
0
0
0
0
0
0
0
0.239032
0.238842
0.238413
0.236877
0.234456
0.218232
0.218996
0.196843
0.0175791
0.000342077
1.01739e-06
2.20856e-09
3.47399e-12
3.81394e-15
2.29357e-21
3.23922e-22
7.107e-24
7.57583e-26
5.47865e-28
3.21508e-30
1.67019e-32
8.30094e-35
3.81781e-37
1.72841e-39
7.44257e-42
3.04289e-44
1.15581e-46
3.98891e-49
1.29832e-51
4.71079e-54
2.08325e-56
9.23418e-59
4.23792e-61
1.80209e-63
7.76065e-66
3.06072e-68
1.22984e-70
4.47331e-73
1.68843e-75
5.9956e-78
2.17154e-80
7.9054e-83
2.76434e-85
9.66091e-88
1.04128e-94
9.77825e-97
2.69515e-99
9.18398e-102
3.44137e-104
1.2733e-106
4.88303e-109
1.8739e-111
7.40644e-114
2.96993e-116
1.21692e-118
5.07124e-121
2.16115e-123
9.29634e-126
4.14511e-128
1.85386e-130
8.67308e-133
4.08312e-135
2.00448e-137
9.94535e-140
5.08077e-142
2.62885e-144
1.3582e-146
6.7174e-149
3.02741e-151
1.1873e-153
4.177e-156
1.38539e-158
4.35776e-161
8.63946e-164
6.36934e-174
5.81501e-176
6.4083e-179
4.57977e-182
2.6614e-185
1.38803e-188
6.80787e-192
3.19103e-195
1.43116e-198
6.1268e-202
2.50335e-205
9.78971e-209
3.68345e-212
1.34135e-215
4.75632e-219
1.6503e-222
5.62475e-226
1.88745e-229
6.2444e-233
2.03789e-236
6.56346e-240
2.08691e-243
6.55595e-247
2.03681e-250
6.26726e-254
1.91288e-257
5.80278e-261
1.75269e-264
5.20333e-268
8.21356e-272
5.28768e-287
3.09057e-289
2.4706e-292
1.36562e-295
6.33649e-299
2.65635e-302
1.04356e-305
3.92452e-309
1.4325e-312
5.12075e-316
1.8023e-319
0
0
0
0
0
0
0
0
0
0
0
0
0
0
0
0
0
0
0
0
0
0
0
0
0
0
0
0
0
0
0
0
0
0
0
0
0
0
0
0
0
0
0
0
0
0
0
0
0
0
0
0
0
0
0
0
0
0
0
0
0
0
0
0
0
0
0
0
0
0
0
0
0
0
0
0
0
0
0
0
0
0
0
0
0
0
0
0
0
0
0
0
0
0
0
0
0
0
0
0
0
0
0
0
0
0
0
0
0
0
0
0
0
0
0
0
0
0
0
0
0
0
0
0
0
0
0
0
0
0
0
0
0
0
0
0
0
0
0
0
0
0
0
0
0
0
0
0
0
0
0
0
0
0
0
0
0
0
0
0
0
0
0
0
0
0
0
0
0
0
0
0
0
0
0
0
0
0
0
0
0
0
0
0
0
0
0
0
0
0
0
0
0
0
0
0
0
0
0
0
0
0
0
0
0
0
0
0
0
0
0
0
0
0
0
0
0
0
0
0
0
0
0
0
0
0
0
0
0
0
0
0
0
0
0
0
0
0
0
0
0
0
0
0
0
0
0
0
0
0
0
0
0
0
0
0
0
0
0
0.23813
0.23794
0.238269
0.241164
0.245198
0.243151
0.236384
0.240055
0.0924098
0.00993489
0.000131614
3.18383e-07
7.06929e-10
1.04124e-12
5.82504e-19
4.20651e-20
1.20144e-21
1.69409e-23
1.55859e-25
1.1068e-27
6.7709e-30
3.71415e-32
1.88126e-34
9.05059e-37
4.02584e-39
1.77345e-41
7.07635e-44
2.60588e-46
8.57902e-49
2.82587e-51
1.23074e-53
5.64322e-56
2.63659e-58
1.17183e-60
5.15114e-63
2.11968e-65
8.71307e-68
3.22223e-70
1.21644e-72
4.28015e-75
1.571e-77
5.60589e-80
2.01535e-82
7.09603e-85
9.02897e-92
5.23789e-94
2.08612e-96
7.65852e-99
2.85264e-101
1.04119e-103
3.89391e-106
1.4662e-108
5.67167e-111
2.2393e-113
9.06282e-116
3.71618e-118
1.56827e-120
6.57369e-123
2.87625e-125
1.23293e-127
5.57137e-130
2.46906e-132
1.15492e-134
5.36074e-137
2.58708e-139
1.25494e-141
6.20259e-144
3.02845e-146
1.42206e-148
6.08989e-151
2.30255e-153
8.0156e-156
2.63759e-158
7.12587e-161
1.35061e-169
1.88449e-172
1.52987e-175
8.99734e-179
4.43754e-182
1.98887e-185
8.50639e-189
3.55215e-192
1.45216e-195
5.7727e-199
2.21635e-202
8.19444e-206
2.92065e-209
1.00711e-212
3.37605e-216
1.1056e-219
3.55244e-223
1.12351e-226
3.50496e-230
1.07983e-233
3.2876e-237
9.89566e-241
2.94658e-244
8.68692e-248
2.5388e-251
7.36718e-255
2.12683e-258
6.12049e-262
1.73744e-265
2.77586e-269
1.82562e-282
1.47315e-285
7.95228e-289
3.41591e-292
1.30889e-295
4.6905e-299
1.61039e-302
5.37444e-306
1.76031e-309
5.69443e-313
1.827e-316
5.79687e-320
0
0
0
0
0
0
0
0
0
0
0
0
0
0
0
0
0
0
0
0
0
0
0
0
0
0
0
0
0
0
0
0
0
0
0
0
0
0
0
0
0
0
0
0
0
0
0
0
0
0
0
0
0
0
0
0
0
0
0
0
0
0
0
0
0
0
0
0
0
0
0
0
0
0
0
0
0
0
0
0
0
0
0
0
0
0
0
0
0
0
0
0
0
0
0
0
0
0
0
0
0
0
0
0
0
0
0
0
0
0
0
0
0
0
0
0
0
0
0
0
0
0
0
0
0
0
0
0
0
0
0
0
0
0
0
0
0
0
0
0
0
0
0
0
0
0
0
0
0
0
0
0
0
0
0
0
0
0
0
0
0
0
0
0
0
0
0
0
0
0
0
0
0
0
0
0
0
0
0
0
0
0
0
0
0
0
0
0
0
0
0
0
0
0
0
0
0
0
0
0
0
0
0
0
0
0
0
0
0
0
0
0
0
0
0
0
0
0
0
0
0
0
0
0
0
0
0
0
0
0
0
0
0
0
0
0
0
0
0
0
0
0
0
0
0
0
0
0
0
0
0
0
0
0
0
0
0
0
0.237224
0.237329
0.242363
0.249118
0.250933
0.250357
0.248358
0.246125
0.250449
0.0864336
0.00651523
3.29643e-05
1.27179e-07
2.97198e-10
1.20406e-12
6.80595e-15
1.25705e-16
1.43543e-18
1.35591e-20
1.10467e-22
8.52969e-25
6.40384e-27
4.66597e-29
3.29156e-31
2.23789e-33
1.47902e-35
9.33969e-38
5.88189e-40
3.53312e-42
2.08568e-44
1.19224e-46
6.51384e-49
3.43708e-51
1.71897e-53
8.40489e-56
3.91454e-58
1.78702e-60
7.69068e-63
3.2252e-65
1.26035e-67
4.62516e-70
1.67535e-72
6.06147e-75
2.19806e-77
8.04286e-80
2.93266e-82
1.23999e-84
4.94432e-87
4.63433e-89
2.06878e-91
9.41503e-94
3.4712e-96
1.35084e-98
4.75044e-101
1.78758e-103
6.4477e-106
2.46981e-108
9.47523e-111
3.81005e-113
1.53821e-115
6.50829e-118
2.68617e-120
1.18215e-122
4.91968e-125
2.21878e-127
9.28411e-130
4.29441e-132
1.84046e-134
8.71454e-137
3.90977e-139
1.86555e-141
8.75997e-144
4.10711e-146
1.83681e-148
7.46982e-151
2.75859e-153
9.54606e-156
3.14352e-158
9.0195e-161
2.35036e-163
6.76508e-166
4.59318e-169
2.58172e-172
1.22843e-175
5.15975e-179
1.99925e-182
7.44908e-186
2.74781e-189
1.01328e-192
3.7118e-196
1.3348e-199
4.6683e-203
1.5811e-206
5.18589e-210
1.6517e-213
5.12866e-217
1.55905e-220
4.65711e-224
1.37105e-227
3.98618e-231
1.14611e-234
3.26184e-238
9.19688e-242
2.57153e-245
7.14e-249
1.97191e-252
5.42788e-256
1.49234e-259
4.10644e-263
1.10568e-266
1.6687e-270
7.35602e-275
1.61267e-278
5.6881e-282
1.91419e-285
6.14412e-289
1.9081e-292
5.78914e-296
1.72852e-299
5.10822e-303
1.50076e-306
4.39692e-310
1.28717e-313
3.76838e-317
1.07509e-320
0
0
0
0
0
0
0
0
0
0
0
0
0
0
0
0
0
0
0
0
0
0
0
0
0
0
0
0
0
0
0
0
0
0
0
0
0
0
0
0
0
0
0
0
0
0
0
0
0
0
0
0
0
0
0
0
0
0
0
0
0
0
0
0
0
0
0
0
0
0
0
0
0
0
0
0
0
0
0
0
0
0
0
0
0
0
0
0
0
0
0
0
0
0
0
0
0
0
0
0
0
0
0
0
0
0
0
0
0
0
0
0
0
0
0
0
0
0
0
0
0
0
0
0
0
0
0
0
0
0
0
0
0
0
0
0
0
0
0
0
0
0
0
0
0
0
0
0
0
0
0
0
0
0
0
0
0
0
0
0
0
0
0
0
0
0
0
0
0
0
0
0
0
0
0
0
0
0
0
0
0
0
0
0
0
0
0
0
0
0
0
0
0
0
0
0
0
0
0
0
0
0
0
0
0
0
0
0
0
0
0
0
0
0
0
0
0
0
0
0
0
0
0
0
0
0
0
0
0
0
0
0
0
0
0
0
0
0
0
0
0
0
0
0
0
0
0
0
0
0
0
0
0
0
0
0
0
0
0
0
0
0
0
0
0
0
0
0
0
0
0
0
0
0
0
0.238606
0.243289
0.25053
0.250179
0.250473
0.250986
0.250936
0.250435
0.2504
0.251085
0.0328022
0.00128833
4.72157e-06
1.58908e-08
6.1488e-11
2.85813e-13
1.52568e-15
8.3058e-18
4.32084e-20
2.35652e-22
1.40933e-24
9.50447e-27
6.85315e-29
5.10607e-31
3.83651e-33
2.84533e-35
2.06955e-37
1.48448e-39
1.02943e-41
6.93844e-44
4.53012e-46
2.84127e-48
1.72964e-50
1.01527e-52
5.78446e-55
3.18885e-57
1.71015e-59
8.88844e-62
4.49039e-64
2.20873e-66
1.04949e-68
4.87844e-71
2.19225e-73
9.68757e-76
4.18993e-78
1.78412e-80
7.66412e-83
3.22348e-85
1.32901e-87
5.33392e-90
2.11318e-92
8.27414e-95
3.24652e-97
1.2757e-99
5.09078e-102
2.06239e-104
8.56691e-107
3.64753e-109
1.59315e-111
7.12595e-114
3.24588e-116
1.50101e-118
7.01402e-121
3.29985e-123
1.5617e-125
7.40099e-128
3.51724e-130
1.66532e-132
7.87217e-135
3.69772e-137
1.72981e-139
8.03585e-142
3.6937e-144
1.66313e-146
7.12591e-149
2.81469e-151
1.02647e-153
3.53128e-156
1.16105e-158
3.67412e-161
1.12995e-163
3.31186e-166
1.52182e-169
6.29972e-173
2.35805e-176
8.17123e-180
2.71392e-183
8.93946e-187
2.97979e-190
1.00531e-193
3.38852e-197
1.12438e-200
3.63677e-204
1.14186e-207
3.4805e-211
1.03253e-214
2.99216e-218
8.50322e-222
2.3782e-225
6.56538e-229
1.79308e-232
4.85286e-236
1.30325e-239
3.4771e-243
9.22857e-247
2.44026e-250
6.43965e-254
1.69896e-257
4.48875e-261
1.18901e-264
3.11639e-268
8.06873e-272
2.12381e-275
5.68135e-279
1.51827e-282
4.04756e-286
1.07602e-289
2.85456e-293
7.56901e-297
2.01003e-300
5.35633e-304
1.43428e-307
3.86152e-311
1.04508e-314
2.84032e-318
6.47226e-322
0
0
0
0
0
0
0
0
0
0
0
0
0
0
0
0
0
0
0
0
0
0
0
0
0
0
0
0
0
0
0
0
0
0
0
0
0
0
0
0
0
0
0
0
0
0
0
0
0
0
0
0
0
0
0
0
0
0
0
0
0
0
0
0
0
0
0
0
0
0
0
0
0
0
0
0
0
0
0
0
0
0
0
0
0
0
0
0
0
0
0
0
0
0
0
0
0
0
0
0
0
0
0
0
0
0
0
0
0
0
0
0
0
0
0
0
0
0
0
0
0
0
0
0
0
0
0
0
0
0
0
0
0
0
0
0
0
0
0
0
0
0
0
0
0
0
0
0
0
0
0
0
0
0
0
0
0
0
0
0
0
0
0
0
0
0
0
0
0
0
0
0
0
0
0
0
0
0
0
0
0
0
0
0
0
0
0
0
0
0
0
0
0
0
0
0
0
0
0
0
0
0
0
0
0
0
0
0
0
0
0
0
0
0
0
0
0
0
0
0
0
0
0
0
0
0
0
0
0
0
0
0
0
0
0
0
0
0
0
0
0
0
0
0
0
0
0
0
0
0
0
0
0
0
0
0
0
0
0
0
0
0
0
0
0
0
0
0
0
0
0
0
0
0
0.249204
0.250496
0.248722
0.247484
0.24803
0.24968
0.250545
0.25069
0.250788
0.250766
0.0379507
0.00240891
1.00776e-05
4.33077e-08
1.84108e-10
7.92626e-13
3.26214e-15
1.27664e-17
4.86219e-20
1.87639e-22
7.78765e-25
3.53987e-27
1.8184e-29
1.05871e-31
6.79526e-34
4.54197e-36
3.09821e-38
2.10733e-40
1.40724e-42
9.19736e-45
5.81995e-47
3.57228e-49
2.12283e-51
1.22657e-53
6.85553e-56
3.74176e-58
1.97704e-60
1.02325e-62
5.13397e-65
2.53036e-67
1.20868e-69
5.82751e-72
2.71788e-74
1.3075e-76
5.99931e-79
2.8123e-81
1.15443e-83
4.63582e-86
1.77921e-88
6.75952e-91
2.53673e-93
9.58413e-96
3.63618e-98
1.40192e-100
5.4983e-103
2.20337e-105
9.08008e-108
3.84316e-110
1.67682e-112
7.51378e-115
3.44513e-117
1.61046e-119
7.62839e-122
3.65393e-124
1.76308e-126
8.55567e-129
4.16215e-131
2.02501e-133
9.81839e-136
4.73184e-138
2.26376e-140
1.07491e-142
5.07478e-145
2.37092e-147
1.07846e-149
4.65179e-152
1.85389e-154
6.83423e-157
2.3782e-159
7.92099e-162
2.54756e-164
7.02182e-167
2.66561e-170
8.82458e-174
2.7904e-177
9.17962e-181
3.22664e-184
1.17372e-187
4.23645e-191
1.48068e-194
4.97179e-198
1.60572e-201
5.01396e-205
1.52362e-208
4.53432e-212
1.32847e-215
3.84546e-219
1.10185e-222
3.12714e-226
8.79059e-230
2.4475e-233
6.75195e-237
1.84747e-240
5.02212e-244
1.35921e-247
3.67136e-251
9.92107e-255
2.68789e-258
7.3124e-262
1.9988e-265
5.48451e-269
1.50816e-272
4.14507e-276
1.13439e-279
3.08176e-283
8.29523e-287
2.2119e-290
5.85121e-294
1.53985e-297
4.04575e-301
1.06498e-304
2.81697e-308
7.50068e-312
2.0115e-315
5.42296e-319
0
0
0
0
0
0
0
0
0
0
0
0
0
0
0
0
0
0
0
0
0
0
0
0
0
0
0
0
0
0
0
0
0
0
0
0
0
0
0
0
0
0
0
0
0
0
0
0
0
0
0
0
0
0
0
0
0
0
0
0
0
0
0
0
0
0
0
0
0
0
0
0
0
0
0
0
0
0
0
0
0
0
0
0
0
0
0
0
0
0
0
0
0
0
0
0
0
0
0
0
0
0
0
0
0
0
0
0
0
0
0
0
0
0
0
0
0
0
0
0
0
0
0
0
0
0
0
0
0
0
0
0
0
0
0
0
0
0
0
0
0
0
0
0
0
0
0
0
0
0
0
0
0
0
0
0
0
0
0
0
0
0
0
0
0
0
0
0
0
0
0
0
0
0
0
0
0
0
0
0
0
0
0
0
0
0
0
0
0
0
0
0
0
0
0
0
0
0
0
0
0
0
0
0
0
0
0
0
0
0
0
0
0
0
0
0
0
0
0
0
0
0
0
0
0
0
0
0
0
0
0
0
0
0
0
0
0
0
0
0
0
0
0
0
0
0
0
0
0
0
0
0
0
0
0
0
0
0
0
0
0
0
0
0
0
0
0
0
0
0
0
0
0
0
0
0.249711
0.247577
0.245441
0.245283
0.246726
0.247742
0.249363
0.250098
0.249964
0.249886
0.0357156
0.00200906
6.96349e-06
2.43518e-08
8.75431e-11
3.06916e-13
1.02738e-15
3.21069e-18
9.71335e-21
2.98795e-23
9.52143e-26
3.21526e-28
1.16442e-30
4.74162e-33
2.27829e-35
1.2757e-37
7.88908e-40
5.03652e-42
3.24079e-44
2.04152e-46
1.25537e-48
7.49086e-51
4.33706e-53
2.44062e-55
1.32792e-57
7.0894e-60
3.63907e-62
1.84466e-64
8.98655e-67
4.3281e-69
2.00766e-71
9.21981e-74
4.11346e-76
1.81566e-78
7.85332e-81
3.35806e-83
1.40062e-85
5.70287e-88
2.25639e-90
8.74442e-93
3.37418e-95
1.29405e-97
5.02196e-100
1.96189e-102
7.8649e-105
3.2129e-107
1.35806e-109
5.8941e-112
2.63905e-114
1.21018e-116
5.66343e-119
2.69079e-121
1.29241e-123
6.26174e-126
3.05254e-128
1.49612e-130
7.35485e-133
3.61977e-135
1.77964e-137
8.71586e-140
4.25679e-142
2.07075e-144
1.00281e-146
4.78995e-149
2.23285e-151
9.94938e-154
4.08221e-156
1.53044e-158
5.3702e-161
1.79523e-163
5.68713e-166
3.05159e-169
1.42284e-172
5.91617e-176
2.27577e-179
8.38595e-183
3.03972e-186
1.09895e-189
3.96652e-193
1.41967e-196
4.99851e-200
1.72227e-203
5.79805e-207
1.90953e-210
6.16967e-214
1.96204e-217
6.15994e-221
1.91385e-224
5.8946e-228
1.80209e-231
5.47443e-235
1.65435e-238
4.97961e-242
1.49511e-245
4.48446e-249
1.34555e-252
4.04284e-256
1.21703e-259
3.67037e-263
1.10819e-266
3.34519e-270
1.00789e-273
3.02512e-277
9.02418e-281
2.66968e-284
7.81913e-288
2.26514e-291
6.49113e-295
1.84258e-298
5.19444e-302
1.45944e-305
4.10278e-309
1.15824e-312
3.29215e-316
9.39021e-320
0
0
0
0
0
0
0
0
0
0
0
0
0
0
0
0
0
0
0
0
0
0
0
0
0
0
0
0
0
0
0
0
0
0
0
0
0
0
0
0
0
0
0
0
0
0
0
0
0
0
0
0
0
0
0
0
0
0
0
0
0
0
0
0
0
0
0
0
0
0
0
0
0
0
0
0
0
0
0
0
0
0
0
0
0
0
0
0
0
0
0
0
0
0
0
0
0
0
0
0
0
0
0
0
0
0
0
0
0
0
0
0
0
0
0
0
0
0
0
0
0
0
0
0
0
0
0
0
0
0
0
0
0
0
0
0
0
0
0
0
0
0
0
0
0
0
0
0
0
0
0
0
0
0
0
0
0
0
0
0
0
0
0
0
0
0
0
0
0
0
0
0
0
0
0
0
0
0
0
0
0
0
0
0
0
0
0
0
0
0
0
0
0
0
0
0
0
0
0
0
0
0
0
0
0
0
0
0
0
0
0
0
0
0
0
0
0
0
0
0
0
0
0
0
0
0
0
0
0
0
0
0
0
0
0
0
0
0
0
0
0
0
0
0
0
0
0
0
0
0
0
0
0
0
0
0
0
0
0
0
0
0
0
0
0
0
0
0
0
0
0
0
0
0
0
0.24666
0.244568
0.243812
0.244266
0.244079
0.245431
0.13745
0.103464
0.0951756
0.0520375
0.00959694
0.000213968
5.57653e-07
1.70418e-09
5.45727e-12
1.45738e-14
3.42861e-17
7.49597e-20
1.5903e-22
3.81997e-25
1.04935e-27
3.3972e-30
1.29369e-32
5.81407e-35
3.0577e-37
1.7899e-39
1.10788e-41
6.8925e-44
4.32497e-46
2.61484e-48
1.56596e-50
8.99009e-53
5.0655e-55
2.75081e-57
1.45745e-59
7.51948e-62
3.76102e-64
1.84813e-66
8.76519e-69
4.09998e-71
1.85338e-73
8.27714e-76
3.60165e-78
1.54305e-80
6.50583e-83
2.69147e-85
1.10491e-87
4.40421e-90
1.74595e-92
6.73288e-95
2.61616e-97
1.00758e-99
3.95558e-102
1.56955e-104
6.41275e-107
2.6888e-109
1.16434e-111
5.19479e-114
2.37783e-116
1.11256e-118
5.28773e-121
2.54202e-123
1.23342e-125
6.01934e-128
2.95662e-130
1.45636e-132
7.19951e-135
3.55339e-137
1.75226e-139
8.59382e-142
4.20153e-144
2.04662e-146
9.93001e-149
4.77567e-151
2.25228e-153
1.01901e-155
4.25219e-158
1.61064e-160
5.634e-163
1.85942e-165
1.25306e-168
7.39539e-172
3.82586e-175
1.77005e-178
7.53606e-182
3.0419e-185
1.19386e-188
4.62833e-192
1.7812e-195
6.78747e-199
2.54874e-202
9.39945e-206
3.40209e-209
1.21041e-212
4.2449e-216
1.47183e-219
5.05838e-223
1.72626e-226
5.85611e-230
1.9759e-233
6.63309e-237
2.21611e-240
7.37119e-244
2.44183e-247
8.05835e-251
2.64962e-254
8.67885e-258
2.83084e-261
9.18911e-265
2.96646e-268
9.51529e-272
3.03078e-275
9.58189e-279
3.00543e-282
9.35088e-286
2.88594e-289
8.83674e-293
2.6855e-296
8.10443e-300
2.43051e-303
7.25006e-307
2.15338e-310
6.3761e-314
1.88445e-317
5.37049e-321
0
0
0
0
0
0
0
0
0
0
0
0
0
0
0
0
0
0
0
0
0
0
0
0
0
0
0
0
0
0
0
0
0
0
0
0
0
0
0
0
0
0
0
0
0
0
0
0
0
0
0
0
0
0
0
0
0
0
0
0
0
0
0
0
0
0
0
0
0
0
0
0
0
0
0
0
0
0
0
0
0
0
0
0
0
0
0
0
0
0
0
0
0
0
0
0
0
0
0
0
0
0
0
0
0
0
0
0
0
0
0
0
0
0
0
0
0
0
0
0
0
0
0
0
0
0
0
0
0
0
0
0
0
0
0
0
0
0
0
0
0
0
0
0
0
0
0
0
0
0
0
0
0
0
0
0
0
0
0
0
0
0
0
0
0
0
0
0
0
0
0
0
0
0
0
0
0
0
0
0
0
0
0
0
0
0
0
0
0
0
0
0
0
0
0
0
0
0
0
0
0
0
0
0
0
0
0
0
0
0
0
0
0
0
0
0
0
0
0
0
0
0
0
0
0
0
0
0
0
0
0
0
0
0
0
0
0
0
0
0
0
0
0
0
0
0
0
0
0
0
0
0
0
0
0
0
0
0
0
0
0
0
0
0
0
0
0
0
0
0
0
0
0
0
0
0.241887
0.242846
0.243246
0.243412
0.12725
0.0444685
0.0154435
0.00846161
0.00799373
0.00435248
0.000523292
1.65037e-06
4.40104e-09
1.12953e-11
2.92637e-14
7.19276e-17
1.69266e-19
3.8471e-22
9.20662e-25
2.47381e-27
7.80432e-30
2.8969e-32
1.28339e-34
6.60777e-37
3.7426e-39
2.2351e-41
1.35934e-43
8.22407e-46
4.95988e-48
2.89087e-50
1.67065e-52
9.24815e-55
5.04725e-57
2.64338e-59
1.36044e-61
6.76814e-64
3.29435e-66
1.56197e-68
7.21477e-71
3.26252e-73
1.44079e-75
6.25684e-78
2.66753e-80
1.11678e-82
4.61705e-85
1.86944e-87
7.55549e-90
2.96479e-92
1.17274e-94
4.50171e-97
1.76212e-99
6.81775e-102
2.72065e-104
1.09667e-106
4.59301e-109
1.97061e-111
8.76177e-114
3.99198e-116
1.86366e-118
8.83811e-121
4.24695e-123
2.05733e-125
1.00413e-127
4.9227e-130
2.42705e-132
1.19796e-134
5.93262e-137
2.92629e-139
1.44252e-141
7.0633e-144
3.44948e-146
1.67675e-148
8.12553e-151
3.90504e-153
1.84268e-155
8.36793e-158
3.54922e-160
1.36038e-162
4.75356e-165
6.29543e-168
2.59829e-171
1.48158e-174
7.99211e-178
3.92175e-181
1.7839e-184
7.71092e-188
3.23533e-191
1.33536e-194
5.44768e-198
2.1945e-201
8.70552e-205
3.39499e-208
1.30174e-211
4.91523e-215
1.83178e-218
6.75213e-222
2.46565e-225
8.92788e-229
3.20681e-232
1.14279e-235
4.04079e-239
1.41785e-242
4.93803e-246
1.70745e-249
5.86281e-253
1.99925e-256
6.77044e-260
2.27654e-263
7.5984e-267
2.51673e-270
8.26964e-274
2.69529e-277
8.71356e-281
2.79437e-284
8.89127e-288
2.80788e-291
8.80459e-295
2.74259e-298
8.49122e-302
2.61449e-305
8.01089e-309
2.44415e-312
7.43045e-316
2.24736e-319
0
0
0
0
0
0
0
0
0
0
0
0
0
0
0
0
0
0
0
0
0
0
0
0
0
0
0
0
0
0
0
0
0
0
0
0
0
0
0
0
0
0
0
0
0
0
0
0
0
0
0
0
0
0
0
0
0
0
0
0
0
0
0
0
0
0
0
0
0
0
0
0
0
0
0
0
0
0
0
0
0
0
0
0
0
0
0
0
0
0
0
0
0
0
0
0
0
0
0
0
0
0
0
0
0
0
0
0
0
0
0
0
0
0
0
0
0
0
0
0
0
0
0
0
0
0
0
0
0
0
0
0
0
0
0
0
0
0
0
0
0
0
0
0
0
0
0
0
0
0
0
0
0
0
0
0
0
0
0
0
0
0
0
0
0
0
0
0
0
0
0
0
0
0
0
0
0
0
0
0
0
0
0
0
0
0
0
0
0
0
0
0
0
0
0
0
0
0
0
0
0
0
0
0
0
0
0
0
0
0
0
0
0
0
0
0
0
0
0
0
0
0
0
0
0
0
0
0
0
0
0
0
0
0
0
0
0
0
0
0
0
0
0
0
0
0
0
0
0
0
0
0
0
0
0
0
0
0
0
0
0
0
0
0
0
0
0
0
0
0
0
0
0
0
0
0
0.114186
0.0674004
0.0396878
0.0217968
0.00764499
0.0020464
0.000256155
0.000105928
9.27116e-05
4.06198e-05
3.31028e-06
8.4517e-09
1.98585e-11
4.69439e-14
1.14721e-16
2.7923e-19
6.75267e-22
1.69896e-24
4.65811e-27
1.48863e-29
5.62981e-32
2.52833e-34
1.31636e-36
7.54295e-39
4.45927e-41
2.65454e-43
1.58023e-45
9.2919e-48
5.37716e-50
3.04261e-52
1.68876e-54
9.06194e-57
4.77323e-59
2.42067e-61
1.20636e-63
5.80182e-66
2.74086e-68
1.25394e-70
5.6452e-73
2.47499e-75
1.07129e-77
4.53487e-80
1.89804e-82
7.77328e-85
3.16077e-87
1.25728e-89
4.9983e-92
1.94478e-94
7.63632e-97
2.93826e-99
1.15797e-101
4.53297e-104
1.84168e-106
7.58272e-109
3.25497e-111
1.42985e-113
6.4998e-116
3.0139e-118
1.42547e-120
6.82479e-123
3.29733e-125
1.60385e-127
7.84566e-130
3.85186e-132
1.90092e-134
9.38129e-137
4.64378e-139
2.28846e-141
1.12782e-143
5.52165e-146
2.7006e-148
1.31246e-150
6.35687e-153
3.04477e-155
1.43147e-157
6.50254e-160
2.77048e-162
1.05896e-164
2.67346e-167
1.07965e-170
4.93649e-174
2.59134e-177
1.36494e-180
6.79252e-184
3.18561e-187
1.43022e-190
6.24752e-194
2.68271e-197
1.13646e-200
4.74632e-204
1.95079e-207
7.88358e-211
3.13402e-214
1.22736e-217
4.74336e-221
1.81171e-224
6.84554e-228
2.56017e-231
9.47916e-235
3.47504e-238
1.26156e-241
4.53642e-245
1.61624e-248
5.70717e-252
1.99787e-255
6.93445e-259
2.38661e-262
8.14457e-266
2.75576e-269
9.24463e-273
3.07457e-276
1.01382e-279
3.31538e-283
1.0755e-286
3.46202e-290
1.10634e-293
3.51146e-297
1.10751e-300
3.47282e-304
1.08322e-307
3.36251e-311
1.03927e-314
3.19948e-318
7.60861e-322
0
0
0
0
0
0
0
0
0
0
0
0
0
0
0
0
0
0
0
0
0
0
0
0
0
0
0
0
0
0
0
0
0
0
0
0
0
0
0
0
0
0
0
0
0
0
0
0
0
0
0
0
0
0
0
0
0
0
0
0
0
0
0
0
0
0
0
0
0
0
0
0
0
0
0
0
0
0
0
0
0
0
0
0
0
0
0
0
0
0
0
0
0
0
0
0
0
0
0
0
0
0
0
0
0
0
0
0
0
0
0
0
0
0
0
0
0
0
0
0
0
0
0
0
0
0
0
0
0
0
0
0
0
0
0
0
0
0
0
0
0
0
0
0
0
0
0
0
0
0
0
0
0
0
0
0
0
0
0
0
0
0
0
0
0
0
0
0
0
0
0
0
0
0
0
0
0
0
0
0
0
0
0
0
0
0
0
0
0
0
0
0
0
0
0
0
0
0
0
0
0
0
0
0
0
0
0
0
0
0
0
0
0
0
0
0
0
0
0
0
0
0
0
0
0
0
0
0
0
0
0
0
0
0
0
0
0
0
0
0
0
0
0
0
0
0
0
0
0
0
0
0
0
0
0
0
0
0
0
0
0
0
0
0
0
0
0
0
0
0
0
0
0
0
0
0
0.00897194
0.0046744
0.00192007
0.000559993
0.000115608
1.87891e-05
2.32815e-06
1.17779e-06
7.90445e-07
2.88106e-07
1.32961e-08
2.76536e-11
6.24581e-14
1.52545e-16
3.84572e-19
9.76495e-22
2.57326e-24
7.24362e-27
2.39398e-29
9.17638e-32
4.33579e-34
2.35785e-36
1.38247e-38
8.38886e-41
5.02618e-43
2.97768e-45
1.71563e-47
9.88711e-50
5.46982e-52
3.03658e-54
1.61182e-56
8.44995e-59
4.2771e-61
2.11207e-63
1.01671e-65
4.7501e-68
2.18293e-70
9.69592e-73
4.27739e-75
1.82386e-77
7.76455e-80
3.20183e-82
1.32066e-84
5.29087e-87
2.12285e-89
8.31094e-92
3.26608e-94
1.26274e-96
4.9221e-99
1.9111e-101
7.5502e-104
3.02066e-106
1.24556e-108
5.25485e-111
2.30612e-113
1.03317e-115
4.78062e-118
2.24052e-120
1.0696e-122
5.13346e-125
2.48666e-127
1.2073e-129
5.8977e-132
2.88376e-134
1.417e-136
6.9479e-139
3.41235e-141
1.66527e-143
8.10362e-146
3.90763e-148
1.8689e-150
8.81992e-153
4.0822e-155
1.83955e-157
8.00306e-160
3.32546e-162
1.28865e-164
3.47452e-167
6.52596e-171
2.44621e-174
1.24133e-177
6.62945e-181
3.37397e-184
1.61434e-187
7.36319e-191
3.25682e-194
1.4135e-197
6.04816e-201
2.5509e-204
1.0586e-207
4.31784e-211
1.73148e-214
6.83558e-218
2.66119e-221
1.02327e-224
3.89016e-228
1.46303e-231
5.44473e-235
2.0054e-238
7.31147e-242
2.6394e-245
9.43715e-249
3.34321e-252
1.17381e-255
4.0853e-259
1.40958e-262
4.82165e-266
1.63507e-269
5.49652e-273
1.83184e-276
6.052e-280
1.98272e-283
6.44385e-287
2.07792e-290
6.65174e-294
2.11475e-297
6.6807e-301
2.09818e-304
6.55434e-308
2.03751e-311
6.30598e-315
1.94362e-318
3.65609e-322
0
0
0
0
0
0
0
0
0
0
0
0
0
0
0
0
0
0
0
0
0
0
0
0
0
0
0
0
0
0
0
0
0
0
0
0
0
0
0
0
0
0
0
0
0
0
0
0
0
0
0
0
0
0
0
0
0
0
0
0
0
0
0
0
0
0
0
0
0
0
0
0
0
0
0
0
0
0
0
0
0
0
0
0
0
0
0
0
0
0
0
0
0
0
0
0
0
0
0
0
0
0
0
0
0
0
0
0
0
0
0
0
0
0
0
0
0
0
0
0
0
0
0
0
0
0
0
0
0
0
0
0
0
0
0
0
0
0
0
0
0
0
0
0
0
0
0
0
0
0
0
0
0
0
0
0
0
0
0
0
0
0
0
0
0
0
0
0
0
0
0
0
0
0
0
0
0
0
0
0
0
0
0
0
0
0
0
0
0
0
0
0
0
0
0
0
0
0
0
0
0
0
0
0
0
0
0
0
0
0
0
0
0
0
0
0
0
0
0
0
0
0
0
0
0
0
0
0
0
0
0
0
0
0
0
0
0
0
0
0
0
0
0
0
0
0
0
0
0
0
0
0
0
0
0
0
0
0
0
0
0
0
0
0
0
0
0
0
0
0
0
0
0
0
0
0
0
)
;

boundaryField
{
    wand
    {
        type            zeroGradient;
    }
    frontAndBack
    {
        type            empty;
    }
}


// ************************************************************************* //
