/*--------------------------------*- C++ -*----------------------------------*\
| =========                 |                                                 |
| \\      /  F ield         | OpenFOAM: The Open Source CFD Toolbox           |
|  \\    /   O peration     | Version:  2.1.1                                 |
|   \\  /    A nd           | Web:      www.OpenFOAM.org                      |
|    \\/     M anipulation  |                                                 |
\*---------------------------------------------------------------------------*/
FoamFile
{
    version     2.0;
    format      ascii;
    class       volScalarField;
    location    "0.000950000";
    object      c;
}
// * * * * * * * * * * * * * * * * * * * * * * * * * * * * * * * * * * * * * //

dimensions      [0 0 0 0 0 0 0];

internalField   nonuniform List<scalar> 
12384
(
0.0201393
0.00847045
0.00142419
7.22341e-05
3.75841e-06
1.71418e-07
5.60395e-09
2.09514e-10
2.51541e-12
2.28474e-14
2.44087e-16
2.95893e-18
4.09936e-20
6.62711e-22
1.18845e-28
1.52282e-29
3.20577e-32
4.64523e-35
6.11568e-38
1.00888e-40
3.11614e-43
1.36235e-45
6.43004e-48
3.10691e-50
1.49501e-52
7.11684e-55
3.36055e-57
1.57161e-59
7.27841e-62
3.35391e-64
1.52051e-66
6.74694e-69
2.8935e-71
1.18626e-73
4.7092e-76
1.84029e-78
7.22704e-81
2.88094e-83
1.16497e-85
4.67669e-88
1.8304e-90
6.81416e-93
2.41872e-95
8.26482e-98
4.05792e-105
1.52675e-106
6.09213e-109
2.19982e-111
7.72031e-114
2.68765e-116
9.36501e-119
3.25639e-121
1.13462e-123
3.91899e-126
1.36207e-128
4.70143e-131
1.64694e-133
5.82944e-136
2.13406e-138
8.186e-141
3.33634e-143
1.47553e-145
6.9316e-148
3.48526e-150
1.79494e-152
9.52477e-155
5.04454e-157
2.69986e-159
1.43613e-161
7.6786e-164
3.2324e-166
1.02757e-170
6.39494e-175
9.41926e-178
6.10889e-187
5.93461e-187
4.04561e-189
1.40298e-191
3.982e-194
9.64066e-197
2.07964e-199
4.14241e-202
7.68843e-205
1.32508e-207
2.09381e-210
3.08736e-213
4.38203e-216
6.15488e-219
7.61447e-222
6.98956e-225
5.46047e-228
3.74723e-231
2.22232e-234
1.18112e-237
5.95638e-241
2.95109e-244
1.43531e-247
6.94603e-251
3.29177e-254
1.57219e-257
7.02648e-261
3.09542e-264
1.35953e-267
1.44903e-271
1.32748e-293
2.0266e-291
5.88596e-294
9.6288e-297
1.13529e-299
1.05434e-302
8.80482e-306
6.5082e-309
4.40235e-312
2.7599e-315
1.63436e-318
2.37152e-322
0
0
0
0
0
0
0
0
0
0
0
0
0
0
0
0
0
0
0
0
0
0
0
0
0
0
0
0
0
0
0
0
0
0
0
0
0
0
0
0
0
0
0
0
0
0
0
0
0
0
0
0
0
0
0
0
0
0
0
0
0
0
0
0
0
0
0
0
0
0
0
0
0
0
0
0
0
0
0
0
0
0
0
0
0
0
0
0
0
0
0
0
0
0
0
0
0
0
0
0
0
0
0
0
0
0
0
0
0
0
0
0
0
0
0
0
0
0
0
0
0
0
0
0
0
0
0
0
0
0
0
0
0
0
0
0
0
0
0
0
0
0
0
0
0
0
0
0
0
0
0
0
0
0
0
0
0
0
0
0
0
0
0
0
0
0
0
0
0
0
0
0
0
0
0
0
0
0
0
0
0
0
0
0
0
0
0
0
0
0
0
0
0
0
0
0
0
0
0
0
0
0
0
0
0
0
0
0
0
0
0
0
0
0
0
0
0
0
0
0
0
0
0
0
0
0
0
0
0
0
0
0
0
0
0
0
0
0
0
0
0
0
0
0
0
0
0
0
0
0
0
0
0
0
0
0
0
0
0.154194
0.0883101
0.0241604
0.00175232
0.000160121
1.2562e-05
4.22118e-07
2.26711e-08
2.66101e-10
1.59791e-12
8.12588e-15
4.52089e-17
3.02296e-19
2.5137e-21
1.41998e-25
2.32806e-26
4.9125e-29
6.66326e-32
7.47249e-35
7.56394e-38
9.96689e-41
1.94275e-43
5.77693e-46
2.14353e-48
8.65692e-51
3.87004e-53
1.81196e-55
8.87102e-58
4.40787e-60
2.21761e-62
1.15092e-64
5.70524e-67
2.7355e-69
1.16175e-71
4.64362e-74
1.87391e-76
7.69008e-79
3.2789e-81
1.40665e-83
5.90979e-86
2.37246e-88
8.55597e-91
2.89715e-93
9.42278e-96
1.40934e-102
5.07636e-104
1.55859e-106
5.07813e-109
1.73845e-111
6.14271e-114
2.16944e-116
7.62387e-119
2.65424e-121
9.09781e-124
3.12585e-126
1.05912e-128
3.62033e-131
1.23571e-133
4.27317e-136
1.50669e-138
5.41527e-141
2.03236e-143
7.8835e-146
3.25061e-148
1.39893e-150
6.3808e-153
3.02936e-155
1.50123e-157
7.6664e-160
4.03128e-162
2.15879e-164
3.63565e-167
2.68542e-171
5.59128e-174
4.21907e-183
9.51191e-184
6.64195e-186
2.46473e-188
7.51226e-191
1.96845e-193
4.63451e-196
1.01554e-198
2.08201e-201
3.96305e-204
6.83942e-207
1.07277e-209
1.53535e-212
1.98651e-215
2.28013e-218
2.20296e-221
1.79638e-224
1.26686e-227
7.96908e-231
4.52898e-234
2.40639e-237
1.23398e-240
6.21239e-244
3.07936e-247
1.50256e-250
7.2184e-254
3.33903e-257
1.4961e-260
6.64194e-264
1.26043e-267
2.41553e-289
1.19709e-287
3.39913e-290
5.36689e-293
6.20252e-296
5.75699e-299
4.76673e-302
3.51232e-305
2.38171e-308
1.4886e-311
8.82495e-315
5.09843e-318
2.01579e-321
0
0
0
0
0
0
0
0
0
0
0
0
0
0
0
0
0
0
0
0
0
0
0
0
0
0
0
0
0
0
0
0
0
0
0
0
0
0
0
0
0
0
0
0
0
0
0
0
0
0
0
0
0
0
0
0
0
0
0
0
0
0
0
0
0
0
0
0
0
0
0
0
0
0
0
0
0
0
0
0
0
0
0
0
0
0
0
0
0
0
0
0
0
0
0
0
0
0
0
0
0
0
0
0
0
0
0
0
0
0
0
0
0
0
0
0
0
0
0
0
0
0
0
0
0
0
0
0
0
0
0
0
0
0
0
0
0
0
0
0
0
0
0
0
0
0
0
0
0
0
0
0
0
0
0
0
0
0
0
0
0
0
0
0
0
0
0
0
0
0
0
0
0
0
0
0
0
0
0
0
0
0
0
0
0
0
0
0
0
0
0
0
0
0
0
0
0
0
0
0
0
0
0
0
0
0
0
0
0
0
0
0
0
0
0
0
0
0
0
0
0
0
0
0
0
0
0
0
0
0
0
0
0
0
0
0
0
0
0
0
0
0
0
0
0
0
0
0
0
0
0
0
0
0
0
0
0
0.32527
0.266109
0.143744
0.0558246
0.0124424
0.00262035
6.27384e-05
4.06591e-06
5.03435e-08
1.98199e-10
5.01338e-13
1.02745e-15
2.28454e-18
8.12998e-21
4.3175e-22
1.09307e-22
2.38162e-25
3.14646e-28
3.29047e-31
2.69415e-34
2.00103e-37
9.88942e-41
1.12696e-43
3.01114e-46
9.71712e-49
3.7764e-51
1.52976e-53
6.51609e-56
2.72235e-58
1.37047e-60
8.42507e-63
5.06489e-65
3.77904e-67
1.49472e-69
5.73322e-72
2.38764e-74
1.00083e-76
4.46e-79
1.91999e-81
7.89973e-84
3.12443e-86
8.73744e-89
2.34714e-91
6.01481e-94
6.09869e-100
2.11142e-101
4.85031e-104
1.62274e-106
5.72483e-109
2.02016e-111
6.96991e-114
2.38793e-116
7.99238e-119
2.66505e-121
8.83949e-124
2.90357e-126
9.69358e-129
3.18765e-131
1.08353e-133
3.62547e-136
1.2659e-138
4.42147e-141
1.62117e-143
6.09682e-146
2.38255e-148
9.65723e-151
4.03394e-153
1.74367e-155
7.72219e-158
3.517e-160
1.6545e-162
8.03396e-165
3.78423e-167
5.06664e-170
3.43652e-179
9.37871e-181
5.43789e-183
2.08257e-185
6.37747e-188
1.68534e-190
4.05684e-193
9.1083e-196
1.92803e-198
3.80754e-201
6.89383e-204
1.12788e-206
1.63845e-209
2.00227e-212
1.99559e-215
1.70482e-218
1.2909e-221
8.5025e-225
5.04408e-228
2.86514e-231
1.60867e-234
8.8828e-238
4.82023e-241
2.55252e-244
1.31714e-247
6.54261e-251
3.10657e-254
1.43972e-257
6.53605e-261
1.19714e-264
3.82744e-285
3.85578e-284
9.89551e-287
1.41585e-289
1.49361e-292
1.29172e-295
9.93709e-299
6.87662e-302
4.40235e-305
2.61185e-308
1.46978e-311
7.93945e-315
4.34892e-318
1.51678e-321
0
0
0
0
0
0
0
0
0
0
0
0
0
0
0
0
0
0
0
0
0
0
0
0
0
0
0
0
0
0
0
0
0
0
0
0
0
0
0
0
0
0
0
0
0
0
0
0
0
0
0
0
0
0
0
0
0
0
0
0
0
0
0
0
0
0
0
0
0
0
0
0
0
0
0
0
0
0
0
0
0
0
0
0
0
0
0
0
0
0
0
0
0
0
0
0
0
0
0
0
0
0
0
0
0
0
0
0
0
0
0
0
0
0
0
0
0
0
0
0
0
0
0
0
0
0
0
0
0
0
0
0
0
0
0
0
0
0
0
0
0
0
0
0
0
0
0
0
0
0
0
0
0
0
0
0
0
0
0
0
0
0
0
0
0
0
0
0
0
0
0
0
0
0
0
0
0
0
0
0
0
0
0
0
0
0
0
0
0
0
0
0
0
0
0
0
0
0
0
0
0
0
0
0
0
0
0
0
0
0
0
0
0
0
0
0
0
0
0
0
0
0
0
0
0
0
0
0
0
0
0
0
0
0
0
0
0
0
0
0
0
0
0
0
0
0
0
0
0
0
0
0
0
0
0
0
1
1
1
0.574595
0.221811
0.112748
0.0277057
0.00258953
4.33153e-05
2.14694e-07
5.94883e-10
9.07911e-13
1.75643e-15
6.8006e-18
5.97714e-18
1.77357e-18
4.15911e-21
6.15908e-24
7.08017e-27
5.88409e-30
4.451e-33
3.45317e-36
4.22583e-39
1.05131e-41
3.69862e-44
1.41723e-46
5.55123e-49
2.18523e-51
8.51648e-54
3.343e-56
1.27062e-58
4.81896e-61
1.71093e-63
5.99625e-66
2.09087e-68
7.88599e-71
3.19285e-73
1.32081e-75
5.34415e-78
2.08802e-80
7.49029e-83
2.18975e-85
5.4309e-88
1.34607e-90
3.63174e-96
1.14847e-97
2.79916e-100
9.35937e-103
3.29085e-105
1.16966e-107
3.98942e-110
1.36752e-112
4.5607e-115
1.51279e-117
4.99528e-120
1.62889e-122
5.39112e-125
1.75065e-127
5.87172e-130
1.92311e-132
6.64143e-135
2.23561e-137
8.09151e-140
2.87662e-142
1.109e-144
4.25121e-147
1.75102e-149
7.25879e-152
3.16271e-154
1.3883e-156
6.34474e-159
2.90545e-161
1.41223e-163
6.99231e-166
5.16051e-175
1.36472e-177
4.32894e-180
1.44737e-182
4.011e-185
9.81824e-188
2.20688e-190
4.68994e-193
9.48689e-196
1.82986e-198
3.32981e-201
5.66043e-204
8.72664e-207
1.1461e-209
1.20338e-212
1.04225e-215
8.04367e-219
5.71889e-222
3.81183e-225
2.40721e-228
1.45107e-231
8.39419e-235
4.68058e-238
2.52427e-241
1.32081e-244
6.72187e-248
3.33516e-251
1.61631e-254
7.50187e-258
1.66771e-261
6.76339e-281
1.21781e-280
2.81917e-283
3.68737e-286
3.62202e-289
2.97389e-292
2.15265e-295
1.41653e-298
8.63962e-302
4.94628e-305
2.68206e-308
1.38623e-311
6.86433e-315
3.26797e-318
6.42285e-322
0
0
0
0
0
0
0
0
0
0
0
0
0
0
0
0
0
0
0
0
0
0
0
0
0
0
0
0
0
0
0
0
0
0
0
0
0
0
0
0
0
0
0
0
0
0
0
0
0
0
0
0
0
0
0
0
0
0
0
0
0
0
0
0
0
0
0
0
0
0
0
0
0
0
0
0
0
0
0
0
0
0
0
0
0
0
0
0
0
0
0
0
0
0
0
0
0
0
0
0
0
0
0
0
0
0
0
0
0
0
0
0
0
0
0
0
0
0
0
0
0
0
0
0
0
0
0
0
0
0
0
0
0
0
0
0
0
0
0
0
0
0
0
0
0
0
0
0
0
0
0
0
0
0
0
0
0
0
0
0
0
0
0
0
0
0
0
0
0
0
0
0
0
0
0
0
0
0
0
0
0
0
0
0
0
0
0
0
0
0
0
0
0
0
0
0
0
0
0
0
0
0
0
0
0
0
0
0
0
0
0
0
0
0
0
0
0
0
0
0
0
0
0
0
0
0
0
0
0
0
0
0
0
0
0
0
0
0
0
0
0
0
0
0
0
0
0
0
0
0
0
0
0
0
0
1
1
1
1
1
1
0.416334
0.121464
0.0189013
0.000264094
1.02372e-06
2.22032e-09
3.86281e-12
1.70106e-14
3.41461e-14
8.66681e-15
2.09483e-17
3.70922e-20
4.81215e-23
5.00838e-26
3.98236e-29
3.03358e-32
2.50897e-35
3.5104e-38
9.82191e-41
3.71731e-43
1.51162e-45
6.21453e-48
2.52917e-50
1.0204e-52
4.00581e-55
1.5402e-57
5.66902e-60
2.00145e-62
7.07058e-65
2.6386e-67
1.05548e-69
4.32556e-72
1.75941e-74
6.70324e-77
2.40806e-79
7.5461e-82
1.94505e-84
4.74375e-87
1.41807e-92
4.32009e-94
1.18014e-96
3.96233e-99
1.41586e-101
5.13337e-104
1.8189e-106
6.3061e-109
2.17685e-111
7.26038e-114
2.44836e-116
8.00692e-119
2.67191e-121
8.68278e-124
2.90602e-126
9.4698e-129
3.22963e-131
1.06932e-133
3.78191e-136
1.3036e-138
4.87282e-141
1.79202e-143
7.17452e-146
2.84476e-148
1.21401e-150
5.11481e-153
2.2816e-155
9.99818e-158
4.59515e-160
2.13646e-162
1.10281e-170
1.11468e-173
4.09328e-177
7.90622e-180
1.85369e-182
4.04841e-185
8.39666e-188
1.66765e-190
3.21923e-193
6.0004e-196
1.07484e-198
1.83504e-201
2.94185e-204
4.25568e-207
5.16543e-210
4.9822e-213
4.01712e-216
2.90826e-219
1.94913e-222
1.22877e-225
7.36155e-229
4.21989e-232
2.32704e-235
1.23936e-238
6.39758e-242
3.20951e-245
1.56888e-248
7.48746e-252
3.42472e-255
7.6895e-259
1.19021e-276
3.38925e-277
6.49346e-280
7.35233e-283
6.41119e-286
4.75544e-289
3.15149e-292
1.91918e-295
1.09288e-298
5.88441e-302
3.01876e-305
1.48334e-308
7.01117e-312
3.19816e-315
1.41127e-318
0
0
0
0
0
0
0
0
0
0
0
0
0
0
0
0
0
0
0
0
0
0
0
0
0
0
0
0
0
0
0
0
0
0
0
0
0
0
0
0
0
0
0
0
0
0
0
0
0
0
0
0
0
0
0
0
0
0
0
0
0
0
0
0
0
0
0
0
0
0
0
0
0
0
0
0
0
0
0
0
0
0
0
0
0
0
0
0
0
0
0
0
0
0
0
0
0
0
0
0
0
0
0
0
0
0
0
0
0
0
0
0
0
0
0
0
0
0
0
0
0
0
0
0
0
0
0
0
0
0
0
0
0
0
0
0
0
0
0
0
0
0
0
0
0
0
0
0
0
0
0
0
0
0
0
0
0
0
0
0
0
0
0
0
0
0
0
0
0
0
0
0
0
0
0
0
0
0
0
0
0
0
0
0
0
0
0
0
0
0
0
0
0
0
0
0
0
0
0
0
0
0
0
0
0
0
0
0
0
0
0
0
0
0
0
0
0
0
0
0
0
0
0
0
0
0
0
0
0
0
0
0
0
0
0
0
0
0
0
0
0
0
0
0
0
0
0
0
0
0
0
0
0
0
0
1
1
1
1
1
1
1
1
0.325972
0.0609744
0.000914866
3.16427e-06
7.13218e-09
4.78744e-11
7.4669e-11
1.42863e-11
3.34326e-14
6.3936e-17
1.05826e-19
1.36701e-22
1.44631e-25
1.22043e-28
1.00846e-31
9.43067e-35
1.54467e-37
4.79731e-40
1.94489e-42
8.42391e-45
3.59558e-47
1.52962e-49
6.36587e-52
2.49877e-54
9.49232e-57
3.42998e-59
1.23069e-61
4.67798e-64
1.86603e-66
7.80985e-69
3.23823e-71
1.26955e-73
4.66783e-76
1.5498e-78
4.26741e-81
1.05348e-83
2.68393e-89
7.92811e-91
2.40727e-93
8.30292e-96
2.99955e-98
1.11523e-100
4.05382e-103
1.47295e-105
5.16934e-108
1.79903e-110
6.09179e-113
2.05269e-115
6.82289e-118
2.26684e-120
7.4953e-123
2.48474e-125
8.2817e-128
2.76641e-130
9.46747e-133
3.23617e-135
1.16494e-137
4.16573e-140
1.60876e-142
6.137e-145
2.54744e-147
1.03564e-149
4.50905e-152
1.91685e-154
8.50223e-157
3.73795e-159
2.92033e-166
1.12782e-169
1.88715e-173
6.53289e-177
8.96439e-180
1.66219e-182
3.11417e-185
5.74028e-188
1.03505e-190
1.8275e-193
3.1404e-196
5.24645e-199
8.38004e-202
1.25127e-204
1.6696e-207
1.83804e-210
1.61957e-213
1.21816e-216
8.29654e-220
5.25437e-223
3.14069e-226
1.78868e-229
9.77115e-233
5.1454e-236
2.62221e-239
1.2974e-242
6.2491e-246
2.93671e-249
1.32376e-252
3.00069e-256
2.06283e-272
9.30544e-274
1.41448e-276
1.3516e-279
1.02827e-282
6.80432e-286
4.09013e-289
2.28897e-292
1.21043e-295
6.10413e-299
2.95307e-302
1.37605e-305
6.19485e-309
2.70119e-312
1.14334e-315
4.69486e-319
0
0
0
0
0
0
0
0
0
0
0
0
0
0
0
0
0
0
0
0
0
0
0
0
0
0
0
0
0
0
0
0
0
0
0
0
0
0
0
0
0
0
0
0
0
0
0
0
0
0
0
0
0
0
0
0
0
0
0
0
0
0
0
0
0
0
0
0
0
0
0
0
0
0
0
0
0
0
0
0
0
0
0
0
0
0
0
0
0
0
0
0
0
0
0
0
0
0
0
0
0
0
0
0
0
0
0
0
0
0
0
0
0
0
0
0
0
0
0
0
0
0
0
0
0
0
0
0
0
0
0
0
0
0
0
0
0
0
0
0
0
0
0
0
0
0
0
0
0
0
0
0
0
0
0
0
0
0
0
0
0
0
0
0
0
0
0
0
0
0
0
0
0
0
0
0
0
0
0
0
0
0
0
0
0
0
0
0
0
0
0
0
0
0
0
0
0
0
0
0
0
0
0
0
0
0
0
0
0
0
0
0
0
0
0
0
0
0
0
0
0
0
0
0
0
0
0
0
0
0
0
0
0
0
0
0
0
0
0
0
0
0
0
0
0
0
0
0
0
0
0
0
0
0
1
1
1
1
1
1
1
1
1
1
0.0946506
0.0024809
6.66775e-06
8.55089e-08
7.28784e-08
1.28174e-08
2.87061e-11
5.33554e-14
9.74003e-17
1.5126e-19
1.95013e-22
2.17846e-25
2.02463e-28
1.8988e-31
2.0376e-34
3.71181e-37
1.23726e-39
5.35679e-42
2.45001e-44
1.10981e-46
4.95163e-49
2.09495e-51
8.31688e-54
3.14399e-56
1.14869e-58
4.48967e-61
1.83628e-63
7.93421e-66
3.41217e-68
1.38816e-70
5.3405e-73
1.82391e-75
5.39142e-78
1.39484e-80
2.48543e-86
6.93783e-88
2.3743e-90
8.58998e-93
3.24584e-95
1.24198e-97
4.75441e-100
1.77374e-102
6.60105e-105
2.35125e-107
8.37854e-110
2.85546e-112
9.81689e-115
3.27199e-117
1.10585e-119
3.66237e-122
1.23104e-124
4.10104e-127
1.38852e-129
4.71843e-132
1.64485e-134
5.80616e-137
2.13919e-139
7.99923e-142
3.16046e-144
1.25776e-146
5.25193e-149
2.18843e-151
9.41309e-154
4.08418e-156
3.62214e-163
2.43575e-165
2.91668e-169
3.3709e-173
1.06635e-176
6.90758e-180
1.02378e-182
1.68769e-185
2.80964e-188
4.63132e-191
7.55728e-194
1.21044e-196
1.88667e-199
2.80985e-202
3.90945e-205
4.83679e-208
4.91103e-211
4.01942e-214
2.83623e-217
1.82229e-220
1.09296e-223
6.20553e-227
3.3656e-230
1.75461e-233
8.83349e-237
4.30989e-240
2.04381e-243
9.44345e-247
4.18449e-250
9.6008e-254
3.57278e-268
2.54067e-270
2.87158e-273
2.2371e-276
1.45301e-279
8.45307e-283
4.56221e-286
2.32921e-289
1.13765e-292
5.35127e-296
2.43376e-299
1.07289e-302
4.59203e-306
1.91113e-309
7.74226e-313
3.05921e-316
1.16659e-319
0
0
0
0
0
0
0
0
0
0
0
0
0
0
0
0
0
0
0
0
0
0
0
0
0
0
0
0
0
0
0
0
0
0
0
0
0
0
0
0
0
0
0
0
0
0
0
0
0
0
0
0
0
0
0
0
0
0
0
0
0
0
0
0
0
0
0
0
0
0
0
0
0
0
0
0
0
0
0
0
0
0
0
0
0
0
0
0
0
0
0
0
0
0
0
0
0
0
0
0
0
0
0
0
0
0
0
0
0
0
0
0
0
0
0
0
0
0
0
0
0
0
0
0
0
0
0
0
0
0
0
0
0
0
0
0
0
0
0
0
0
0
0
0
0
0
0
0
0
0
0
0
0
0
0
0
0
0
0
0
0
0
0
0
0
0
0
0
0
0
0
0
0
0
0
0
0
0
0
0
0
0
0
0
0
0
0
0
0
0
0
0
0
0
0
0
0
0
0
0
0
0
0
0
0
0
0
0
0
0
0
0
0
0
0
0
0
0
0
0
0
0
0
0
0
0
0
0
0
0
0
0
0
0
0
0
0
0
0
0
0
0
0
0
0
0
0
0
0
0
0
0
0
1
1
1
1
1
1
1
1
1
1
0.314947
0.0435371
0.00226615
8.42208e-05
4.16805e-05
9.56337e-06
2.90237e-08
3.84213e-11
7.0645e-14
1.12942e-16
1.53708e-19
1.85039e-22
2.07584e-25
2.09228e-28
2.18459e-31
2.53937e-34
4.6802e-37
1.56188e-39
6.94595e-42
3.28729e-44
1.56288e-46
7.25119e-49
3.11277e-51
1.25501e-53
4.64042e-56
1.86315e-58
8.053e-61
3.62598e-63
1.63117e-65
7.04351e-68
2.84894e-70
1.04703e-72
3.3928e-75
9.70791e-78
1.10517e-83
2.67511e-85
9.97686e-88
4.02057e-90
1.65162e-92
6.61267e-95
2.62612e-97
1.01222e-99
3.86093e-102
1.43017e-104
5.22696e-107
1.85006e-109
6.45369e-112
2.20513e-114
7.48808e-117
2.52068e-119
8.47123e-122
2.84056e-124
9.56172e-127
3.23295e-129
1.10687e-131
3.84644e-134
1.36714e-136
4.99553e-139
1.87781e-141
7.29152e-144
2.89423e-146
1.17737e-148
4.91116e-151
2.08893e-153
2.12119e-160
1.1905e-162
5.7046e-165
4.90123e-169
1.59824e-172
1.53701e-176
4.08632e-180
4.73348e-183
7.06225e-186
1.07924e-188
1.64591e-191
2.48496e-194
3.67157e-197
5.24549e-200
7.14309e-203
9.05141e-206
1.01287e-208
9.35554e-212
7.09922e-215
4.7045e-218
2.85571e-221
1.62424e-224
8.76918e-228
4.53065e-231
2.25011e-234
1.07736e-237
4.9882e-241
2.24278e-244
9.66614e-248
2.32342e-251
6.07982e-264
6.63828e-267
5.04608e-270
3.0616e-273
1.65473e-276
8.33582e-280
4.00411e-283
1.85467e-286
8.32826e-290
3.63862e-293
1.54998e-296
6.44644e-300
2.61741e-303
1.03836e-306
4.01553e-310
1.52016e-313
5.63459e-317
1.93278e-320
0
0
0
0
0
0
0
0
0
0
0
0
0
0
0
0
0
0
0
0
0
0
0
0
0
0
0
0
0
0
0
0
0
0
0
0
0
0
0
0
0
0
0
0
0
0
0
0
0
0
0
0
0
0
0
0
0
0
0
0
0
0
0
0
0
0
0
0
0
0
0
0
0
0
0
0
0
0
0
0
0
0
0
0
0
0
0
0
0
0
0
0
0
0
0
0
0
0
0
0
0
0
0
0
0
0
0
0
0
0
0
0
0
0
0
0
0
0
0
0
0
0
0
0
0
0
0
0
0
0
0
0
0
0
0
0
0
0
0
0
0
0
0
0
0
0
0
0
0
0
0
0
0
0
0
0
0
0
0
0
0
0
0
0
0
0
0
0
0
0
0
0
0
0
0
0
0
0
0
0
0
0
0
0
0
0
0
0
0
0
0
0
0
0
0
0
0
0
0
0
0
0
0
0
0
0
0
0
0
0
0
0
0
0
0
0
0
0
0
0
0
0
0
0
0
0
0
0
0
0
0
0
0
0
0
0
0
0
0
0
0
0
0
0
0
0
0
0
0
0
0
0
1
1
1
1
1
1
1
1
1
1
1
1
0.324924
0.0535144
0.0192955
0.0236145
0.021761
0.0064227
6.83136e-05
3.82744e-08
5.05098e-11
7.71776e-14
1.00882e-16
1.20676e-19
1.31746e-22
1.42004e-25
1.44252e-28
1.55468e-31
1.75152e-34
2.58896e-37
6.08238e-40
2.24557e-42
1.01444e-44
4.81589e-47
2.36413e-49
1.2031e-51
6.20695e-54
3.21257e-56
1.67394e-58
8.38696e-61
4.09823e-63
1.88769e-65
8.23513e-68
3.33253e-70
1.24659e-72
4.10838e-75
1.79264e-77
1.56078e-79
3.05292e-81
2.65911e-83
1.71044e-85
9.16355e-88
4.22108e-90
1.86642e-92
7.64915e-95
3.11864e-97
1.20831e-99
4.6788e-102
1.73899e-104
6.43986e-107
2.29533e-109
8.11691e-112
2.79788e-114
9.58072e-117
3.27395e-119
1.0969e-121
3.76493e-124
1.24981e-126
4.35094e-129
1.46002e-131
5.17598e-134
1.80996e-136
6.61647e-139
2.44722e-141
9.30218e-144
3.61998e-146
1.47108e-148
6.20697e-151
2.80915e-153
1.3239e-155
8.07398e-158
3.99065e-160
1.9092e-162
8.46392e-165
4.51893e-168
2.39974e-172
1.37227e-176
1.98814e-180
1.83618e-183
2.09343e-186
2.82075e-189
3.57313e-192
4.85828e-195
6.3038e-198
8.32634e-201
1.0442e-203
1.24252e-206
1.2986e-209
1.12767e-212
8.08584e-216
5.06537e-219
2.91097e-222
1.56972e-225
8.03145e-229
3.89312e-232
1.77046e-235
7.53244e-239
3.05809e-242
1.184e-245
4.58394e-249
1.063e-252
8.49799e-257
3.04775e-260
1.51845e-263
6.95017e-267
3.10202e-270
1.35418e-273
5.82266e-277
2.4789e-280
1.04247e-283
4.29611e-287
1.73222e-290
6.85405e-294
2.66911e-297
1.02149e-300
3.8454e-304
1.40881e-307
5.07939e-311
1.80749e-314
6.2964e-318
1.44267e-321
0
0
0
0
0
0
0
0
0
0
0
0
0
0
0
0
0
0
0
0
0
0
0
0
0
0
0
0
0
0
0
0
0
0
0
0
0
0
0
0
0
0
0
0
0
0
0
0
0
0
0
0
0
0
0
0
0
0
0
0
0
0
0
0
0
0
0
0
0
0
0
0
0
0
0
0
0
0
0
0
0
0
0
0
0
0
0
0
0
0
0
0
0
0
0
0
0
0
0
0
0
0
0
0
0
0
0
0
0
0
0
0
0
0
0
0
0
0
0
0
0
0
0
0
0
0
0
0
0
0
0
0
0
0
0
0
0
0
0
0
0
0
0
0
0
0
0
0
0
0
0
0
0
0
0
0
0
0
0
0
0
0
0
0
0
0
0
0
0
0
0
0
0
0
0
0
0
0
0
0
0
0
0
0
0
0
0
0
0
0
0
0
0
0
0
0
0
0
0
0
0
0
0
0
0
0
0
0
0
0
0
0
0
0
0
0
0
0
0
0
0
0
0
0
0
0
0
0
0
0
0
0
0
0
0
0
0
0
0
0
0
0
0
0
0
0
0
0
0
0
0
0
0
0
0
0
0
0
0
0
0
0
0
0
0
0
0
0
0
1
1
1
1
1
1
1
1
1
1
1
1
1
1
1
1
0.565554
0.0984384
0.00857029
2.03775e-05
3.19724e-08
4.71858e-11
5.89182e-14
6.74649e-17
6.88556e-20
6.89353e-23
6.74021e-26
6.55862e-29
6.65912e-32
7.06312e-35
8.40536e-38
1.14918e-40
1.87547e-43
3.91294e-46
1.15002e-48
4.88447e-51
2.65789e-53
1.58589e-55
9.80218e-58
5.9775e-60
3.57142e-62
2.0843e-64
1.18446e-66
6.5772e-69
3.575e-71
1.84186e-73
1.04158e-75
6.00438e-78
3.23473e-80
1.67901e-82
8.31242e-85
4.01038e-87
1.86311e-89
8.59186e-92
3.85589e-94
1.71881e-96
7.46943e-99
3.22437e-101
1.35812e-103
5.66697e-106
2.30887e-108
9.27968e-111
3.66633e-113
1.43347e-115
5.57717e-118
2.15125e-120
8.3272e-123
3.21054e-125
1.25037e-127
4.8912e-130
1.94502e-132
7.84802e-135
3.23273e-137
1.36114e-139
5.84953e-142
2.57086e-144
1.1479e-146
5.21806e-149
2.40123e-151
1.1201e-153
5.22324e-156
2.45366e-158
1.15518e-160
5.46762e-163
2.52706e-165
9.66567e-170
4.06129e-174
3.58261e-178
2.16734e-181
2.36789e-184
2.7936e-187
3.41434e-190
4.26193e-193
5.35401e-196
6.69866e-199
8.16192e-202
9.42595e-205
9.90512e-208
9.03615e-211
6.96123e-214
4.56934e-217
2.66049e-220
1.42437e-223
7.13571e-227
3.38716e-230
1.53348e-233
6.66159e-237
2.83758e-240
1.18884e-243
4.88437e-247
2.01447e-250
8.27125e-254
3.28521e-257
1.26459e-260
4.81542e-264
1.8107e-267
6.72392e-271
2.4954e-274
9.27982e-278
3.45168e-281
1.2761e-284
4.6751e-288
1.6962e-291
6.09446e-295
2.16662e-298
7.62508e-302
2.63704e-305
9.02006e-309
3.0583e-312
1.01876e-315
3.33203e-319
0
0
0
0
0
0
0
0
0
0
0
0
0
0
0
0
0
0
0
0
0
0
0
0
0
0
0
0
0
0
0
0
0
0
0
0
0
0
0
0
0
0
0
0
0
0
0
0
0
0
0
0
0
0
0
0
0
0
0
0
0
0
0
0
0
0
0
0
0
0
0
0
0
0
0
0
0
0
0
0
0
0
0
0
0
0
0
0
0
0
0
0
0
0
0
0
0
0
0
0
0
0
0
0
0
0
0
0
0
0
0
0
0
0
0
0
0
0
0
0
0
0
0
0
0
0
0
0
0
0
0
0
0
0
0
0
0
0
0
0
0
0
0
0
0
0
0
0
0
0
0
0
0
0
0
0
0
0
0
0
0
0
0
0
0
0
0
0
0
0
0
0
0
0
0
0
0
0
0
0
0
0
0
0
0
0
0
0
0
0
0
0
0
0
0
0
0
0
0
0
0
0
0
0
0
0
0
0
0
0
0
0
0
0
0
0
0
0
0
0
0
0
0
0
0
0
0
0
0
0
0
0
0
0
0
0
0
0
0
0
0
0
0
0
0
0
0
0
0
0
0
0
0
0
0
0
0
0
0
0
0
0
0
0
0
0
0
0
0
1
1
1
1
1
1
1
1
1
1
1
1
1
1
1
1
1
0.375432
0.0468554
0.000612929
4.03892e-07
3.75642e-10
4.12167e-13
4.35193e-16
4.21115e-19
4.01883e-22
3.72075e-25
3.55795e-28
3.56283e-31
3.75459e-34
4.38134e-37
5.39378e-40
7.29438e-43
1.09547e-45
1.84277e-48
3.66997e-51
9.76808e-54
3.77644e-56
1.99443e-58
1.21207e-60
7.8743e-63
5.16316e-65
3.36952e-67
2.15109e-69
1.34756e-71
8.50007e-74
4.66538e-76
2.3682e-78
1.08264e-80
4.72381e-83
2.03522e-85
8.92517e-88
3.86935e-90
1.69858e-92
7.35696e-95
3.20803e-97
1.37994e-99
5.93524e-102
2.5125e-104
1.05643e-106
4.35493e-109
1.77026e-111
7.05261e-114
2.77554e-116
1.07917e-118
4.16388e-121
1.60177e-123
6.1394e-126
2.36845e-128
9.17105e-131
3.60817e-133
1.43964e-135
5.88528e-138
2.45934e-140
1.05738e-142
4.66415e-145
2.10179e-147
9.73584e-150
4.52245e-152
2.13352e-154
1.00873e-156
4.82435e-159
2.31433e-161
1.11795e-163
4.69024e-166
1.27108e-170
3.14412e-175
1.56239e-179
1.00374e-182
1.18736e-185
1.46177e-188
1.83595e-191
2.33898e-194
2.99352e-197
3.81147e-200
4.78186e-203
5.81772e-206
6.71633e-209
7.0776e-212
6.4591e-215
4.91611e-218
3.17138e-221
1.82863e-224
9.77324e-228
4.9329e-231
2.35632e-234
1.06783e-237
4.70888e-241
2.0356e-244
8.48132e-248
3.54273e-251
1.49517e-254
5.97991e-258
2.31337e-261
9.01827e-265
3.4778e-268
1.33275e-271
5.12824e-275
1.96605e-278
7.43067e-282
2.75161e-285
1.00026e-288
3.58076e-292
1.26555e-295
4.42257e-299
1.52867e-302
5.21339e-306
1.76133e-309
5.90598e-313
1.9565e-316
6.24301e-320
0
0
0
0
0
0
0
0
0
0
0
0
0
0
0
0
0
0
0
0
0
0
0
0
0
0
0
0
0
0
0
0
0
0
0
0
0
0
0
0
0
0
0
0
0
0
0
0
0
0
0
0
0
0
0
0
0
0
0
0
0
0
0
0
0
0
0
0
0
0
0
0
0
0
0
0
0
0
0
0
0
0
0
0
0
0
0
0
0
0
0
0
0
0
0
0
0
0
0
0
0
0
0
0
0
0
0
0
0
0
0
0
0
0
0
0
0
0
0
0
0
0
0
0
0
0
0
0
0
0
0
0
0
0
0
0
0
0
0
0
0
0
0
0
0
0
0
0
0
0
0
0
0
0
0
0
0
0
0
0
0
0
0
0
0
0
0
0
0
0
0
0
0
0
0
0
0
0
0
0
0
0
0
0
0
0
0
0
0
0
0
0
0
0
0
0
0
0
0
0
0
0
0
0
0
0
0
0
0
0
0
0
0
0
0
0
0
0
0
0
0
0
0
0
0
0
0
0
0
0
0
0
0
0
0
0
0
0
0
0
0
0
0
0
0
0
0
0
0
0
0
0
0
0
0
0
0
0
0
0
0
0
0
0
0
0
0
0
0
1
1
1
1
1
1
1
1
1
1
1
1
1
1
1
1
1
0.305658
0.0384125
0.00023608
2.06604e-07
2.62749e-10
3.03299e-13
3.14755e-16
3.04444e-19
2.92588e-22
2.86674e-25
2.94758e-28
3.17219e-31
3.57635e-34
4.17875e-37
5.08358e-40
6.46523e-43
8.66948e-46
1.22559e-48
1.83448e-51
2.93517e-54
5.30303e-57
1.21398e-59
4.01557e-62
1.82768e-64
9.99588e-67
5.75698e-69
3.79965e-71
2.68045e-73
2.33759e-75
1.14958e-77
4.80478e-80
1.94279e-82
7.98694e-85
3.37457e-87
1.45824e-89
6.29545e-92
2.74967e-94
1.18245e-96
5.1335e-99
2.18321e-101
9.30988e-104
3.89426e-106
1.61697e-108
6.58051e-111
2.63722e-113
1.03777e-115
4.03726e-118
1.55894e-120
5.98427e-123
2.29727e-125
8.83821e-128
3.42563e-130
1.34346e-132
5.3604e-135
2.18275e-137
9.12235e-140
3.90485e-142
1.71985e-144
7.73493e-147
3.56146e-149
1.66275e-151
7.88061e-154
3.76492e-156
1.80635e-158
8.74167e-161
4.23764e-163
1.9887e-165
7.74258e-170
2.67735e-174
1.19453e-178
4.80052e-182
5.84234e-185
7.63e-188
1.01226e-190
1.35332e-193
1.82508e-196
2.46029e-199
3.29775e-202
4.34166e-205
5.5658e-208
6.82485e-211
7.72523e-214
7.66224e-217
6.32977e-220
4.33654e-223
2.60053e-226
1.43426e-229
7.44274e-233
3.67941e-236
1.7477e-239
8.03152e-243
3.58736e-246
1.56246e-249
6.66464e-253
2.78961e-256
1.14663e-259
4.63941e-263
1.85055e-266
7.2824e-270
2.83011e-273
1.08679e-276
4.12473e-280
1.54712e-283
5.73532e-287
2.10181e-290
7.61621e-294
2.72964e-297
9.67768e-301
3.39476e-304
1.17829e-307
4.04781e-311
1.37638e-314
4.6303e-318
7.41098e-322
0
0
0
0
0
0
0
0
0
0
0
0
0
0
0
0
0
0
0
0
0
0
0
0
0
0
0
0
0
0
0
0
0
0
0
0
0
0
0
0
0
0
0
0
0
0
0
0
0
0
0
0
0
0
0
0
0
0
0
0
0
0
0
0
0
0
0
0
0
0
0
0
0
0
0
0
0
0
0
0
0
0
0
0
0
0
0
0
0
0
0
0
0
0
0
0
0
0
0
0
0
0
0
0
0
0
0
0
0
0
0
0
0
0
0
0
0
0
0
0
0
0
0
0
0
0
0
0
0
0
0
0
0
0
0
0
0
0
0
0
0
0
0
0
0
0
0
0
0
0
0
0
0
0
0
0
0
0
0
0
0
0
0
0
0
0
0
0
0
0
0
0
0
0
0
0
0
0
0
0
0
0
0
0
0
0
0
0
0
0
0
0
0
0
0
0
0
0
0
0
0
0
0
0
0
0
0
0
0
0
0
0
0
0
0
0
0
0
0
0
0
0
0
0
0
0
0
0
0
0
0
0
0
0
0
0
0
0
0
0
0
0
0
0
0
0
0
0
0
0
0
0
0
0
0
0
0
0
0
0
0
0
0
0
0
0
0
0
0
1
1
1
1
1
1
1
1
1
1
1
1
1
1
1
1
1
0.264497
0.0317233
7.10771e-05
1.16467e-07
1.53889e-10
1.70101e-13
1.62481e-16
1.44257e-19
1.25823e-22
1.12456e-25
1.05622e-28
1.03273e-31
1.05949e-34
1.1072e-37
1.19551e-40
1.32654e-43
1.51452e-46
1.79143e-49
2.19225e-52
2.77269e-55
3.69457e-58
5.42869e-61
1.01056e-63
2.99885e-66
1.33781e-68
7.11681e-71
3.99177e-73
2.28234e-75
1.41045e-77
7.59322e-80
3.71071e-82
1.70894e-84
7.56835e-87
3.30948e-89
1.43764e-91
6.18703e-94
2.65715e-96
1.12534e-98
4.7904e-101
1.99885e-103
8.37858e-106
3.43191e-108
1.39975e-110
5.58415e-113
2.19667e-115
8.52806e-118
3.27318e-120
1.2564e-122
4.79331e-125
1.84212e-127
7.11364e-130
2.78404e-132
1.10815e-134
4.50355e-137
1.8765e-139
8.02349e-142
3.51927e-144
1.58329e-146
7.25928e-149
3.39622e-151
1.60668e-153
7.69318e-156
3.70861e-158
1.79439e-160
8.74167e-163
4.18572e-165
2.02854e-169
8.86048e-174
4.10744e-178
1.06636e-181
1.29887e-184
1.80512e-187
2.53767e-190
3.58041e-193
5.03411e-196
7.12478e-199
1.00798e-201
1.41473e-204
1.94516e-207
2.59996e-210
3.34333e-213
4.02634e-216
4.3811e-219
4.04935e-222
3.04342e-225
1.92915e-228
1.10587e-231
5.91606e-235
3.0038e-238
1.46248e-241
6.87667e-245
3.13905e-248
1.39673e-251
6.07633e-255
2.59131e-258
1.08565e-261
4.4751e-265
1.81729e-268
7.27752e-272
2.87621e-275
1.12253e-278
4.32827e-282
1.64943e-285
6.21427e-289
2.31528e-292
8.53266e-296
3.11128e-299
1.12272e-302
4.01036e-306
1.41834e-309
4.96788e-313
1.72374e-316
5.72968e-320
0
0
0
0
0
0
0
0
0
0
0
0
0
0
0
0
0
0
0
0
0
0
0
0
0
0
0
0
0
0
0
0
0
0
0
0
0
0
0
0
0
0
0
0
0
0
0
0
0
0
0
0
0
0
0
0
0
0
0
0
0
0
0
0
0
0
0
0
0
0
0
0
0
0
0
0
0
0
0
0
0
0
0
0
0
0
0
0
0
0
0
0
0
0
0
0
0
0
0
0
0
0
0
0
0
0
0
0
0
0
0
0
0
0
0
0
0
0
0
0
0
0
0
0
0
0
0
0
0
0
0
0
0
0
0
0
0
0
0
0
0
0
0
0
0
0
0
0
0
0
0
0
0
0
0
0
0
0
0
0
0
0
0
0
0
0
0
0
0
0
0
0
0
0
0
0
0
0
0
0
0
0
0
0
0
0
0
0
0
0
0
0
0
0
0
0
0
0
0
0
0
0
0
0
0
0
0
0
0
0
0
0
0
0
0
0
0
0
0
0
0
0
0
0
0
0
0
0
0
0
0
0
0
0
0
0
0
0
0
0
0
0
0
0
0
0
0
0
0
0
0
0
0
0
0
0
0
0
0
0
0
0
0
0
0
0
0
0
0
0
1
1
1
1
1
1
1
1
1
1
1
1
1
1
1
1
0.378475
0.0699124
0.00303909
2.31781e-06
1.92622e-09
1.96026e-12
2.06808e-15
2.13631e-18
2.05661e-21
1.99497e-24
1.94463e-27
1.96658e-30
2.03628e-33
2.17039e-36
2.31301e-39
2.55417e-42
2.84384e-45
3.23989e-48
3.77216e-51
4.4827e-54
5.40821e-57
6.7459e-60
8.89705e-63
1.43965e-65
3.65358e-68
1.48051e-70
7.56069e-73
4.03647e-75
2.16349e-77
1.16861e-79
6.06039e-82
3.03375e-84
1.43159e-86
6.5158e-89
2.86769e-91
1.247e-93
5.31773e-96
2.24657e-98
9.39209e-101
3.88738e-103
1.59673e-105
6.50421e-108
2.61352e-110
1.03869e-112
4.05468e-115
1.56449e-117
5.98826e-120
2.27495e-122
8.6848e-125
3.30421e-127
1.27617e-129
4.95446e-132
1.96923e-134
7.95121e-137
3.30673e-139
1.40648e-141
6.16043e-144
2.75881e-146
1.2643e-148
5.89579e-151
2.7871e-153
1.33544e-155
6.4277e-158
3.12309e-160
1.51916e-162
7.35654e-165
3.75336e-169
1.86856e-173
9.25153e-178
1.58084e-181
1.83971e-184
2.70842e-187
4.05995e-190
6.04565e-193
9.00718e-196
1.32931e-198
1.97919e-201
2.94124e-204
4.3561e-207
6.32894e-210
8.97031e-213
1.22242e-215
1.5708e-218
1.83212e-221
1.82462e-224
1.45963e-227
9.65017e-231
5.70975e-234
3.13709e-237
1.63104e-240
8.11717e-244
3.89642e-247
1.81414e-250
8.22748e-254
3.6465e-257
1.5836e-260
6.7532e-264
2.83262e-267
1.17018e-270
4.76614e-274
1.91551e-277
7.60147e-281
2.98017e-284
1.15481e-287
4.42466e-291
1.67688e-294
6.28812e-298
2.33388e-301
8.57652e-305
3.12149e-308
1.12558e-311
4.02254e-315
1.42211e-318
0
0
0
0
0
0
0
0
0
0
0
0
0
0
0
0
0
0
0
0
0
0
0
0
0
0
0
0
0
0
0
0
0
0
0
0
0
0
0
0
0
0
0
0
0
0
0
0
0
0
0
0
0
0
0
0
0
0
0
0
0
0
0
0
0
0
0
0
0
0
0
0
0
0
0
0
0
0
0
0
0
0
0
0
0
0
0
0
0
0
0
0
0
0
0
0
0
0
0
0
0
0
0
0
0
0
0
0
0
0
0
0
0
0
0
0
0
0
0
0
0
0
0
0
0
0
0
0
0
0
0
0
0
0
0
0
0
0
0
0
0
0
0
0
0
0
0
0
0
0
0
0
0
0
0
0
0
0
0
0
0
0
0
0
0
0
0
0
0
0
0
0
0
0
0
0
0
0
0
0
0
0
0
0
0
0
0
0
0
0
0
0
0
0
0
0
0
0
0
0
0
0
0
0
0
0
0
0
0
0
0
0
0
0
0
0
0
0
0
0
0
0
0
0
0
0
0
0
0
0
0
0
0
0
0
0
0
0
0
0
0
0
0
0
0
0
0
0
0
0
0
0
0
0
0
0
0
0
0
0
0
0
0
0
0
0
0
0
0
0
0
1
1
1
1
0.341194
0.211998
0.15689
0.124105
0.0959943
0.0763974
0.0861444
0.12834
0.151374
0.164548
0.132806
0.0838682
0.030938
0.00282719
4.31084e-06
4.93323e-09
5.4544e-12
6.09849e-15
6.38932e-18
6.77959e-21
6.89611e-24
7.27012e-27
7.82501e-30
8.6381e-33
9.68245e-36
1.08714e-38
1.20998e-41
1.38068e-44
1.57677e-47
1.84444e-50
2.21982e-53
2.7365e-56
3.45743e-59
4.5362e-62
6.48015e-65
1.20373e-67
3.54478e-70
1.52414e-72
7.70867e-75
3.99529e-77
2.06482e-79
1.05655e-81
5.26055e-84
2.57011e-86
1.204e-88
5.46804e-91
2.40673e-93
1.0382e-95
4.40034e-98
1.82741e-100
7.54107e-103
3.05208e-105
1.23062e-107
4.88127e-110
1.91623e-112
7.43123e-115
2.84649e-117
1.0832e-119
4.10023e-122
1.55099e-124
5.89097e-127
2.24875e-129
8.73112e-132
3.4278e-134
1.38565e-136
5.69182e-139
2.42303e-141
1.05048e-143
4.70327e-146
2.14126e-148
9.96012e-151
4.70276e-153
2.23991e-155
1.08201e-157
5.22931e-160
2.55265e-162
1.23923e-164
6.28856e-169
3.25676e-173
1.67784e-177
1.97271e-181
1.99023e-184
3.12291e-187
4.92926e-190
7.81075e-193
1.22413e-195
1.92134e-198
2.98971e-201
4.6684e-204
7.23398e-207
1.11586e-209
1.68743e-212
2.48043e-215
3.49419e-218
4.64263e-221
5.60344e-224
5.74392e-227
4.66513e-230
3.11755e-233
1.8587e-236
1.0287e-239
5.38823e-243
2.7019e-246
1.3071e-249
6.13452e-253
2.80498e-256
1.25354e-259
5.48955e-263
2.36094e-266
9.98793e-270
4.16147e-273
1.70945e-276
6.92889e-280
2.7731e-283
1.09649e-286
4.28541e-290
1.65622e-293
6.33216e-297
2.39586e-300
8.97446e-304
3.32926e-307
1.22361e-310
4.45715e-314
1.60943e-317
4.42683e-321
0
0
0
0
0
0
0
0
0
0
0
0
0
0
0
0
0
0
0
0
0
0
0
0
0
0
0
0
0
0
0
0
0
0
0
0
0
0
0
0
0
0
0
0
0
0
0
0
0
0
0
0
0
0
0
0
0
0
0
0
0
0
0
0
0
0
0
0
0
0
0
0
0
0
0
0
0
0
0
0
0
0
0
0
0
0
0
0
0
0
0
0
0
0
0
0
0
0
0
0
0
0
0
0
0
0
0
0
0
0
0
0
0
0
0
0
0
0
0
0
0
0
0
0
0
0
0
0
0
0
0
0
0
0
0
0
0
0
0
0
0
0
0
0
0
0
0
0
0
0
0
0
0
0
0
0
0
0
0
0
0
0
0
0
0
0
0
0
0
0
0
0
0
0
0
0
0
0
0
0
0
0
0
0
0
0
0
0
0
0
0
0
0
0
0
0
0
0
0
0
0
0
0
0
0
0
0
0
0
0
0
0
0
0
0
0
0
0
0
0
0
0
0
0
0
0
0
0
0
0
0
0
0
0
0
0
0
0
0
0
0
0
0
0
0
0
0
0
0
0
0
0
0
0
0
0
0
0
0
0
0
0
0
0
0
0
0
0
0
0
0
0.260502
0.159076
0.0895753
0.0506546
0.0191634
0.0119283
0.00780899
0.00519717
0.00293687
0.0019571
0.00230207
0.00424393
0.00578374
0.00570033
0.00374649
0.00138291
0.000149057
3.61811e-06
6.15008e-09
8.32837e-12
1.0396e-14
1.24135e-17
1.40184e-20
1.58908e-23
1.78498e-26
2.06573e-29
2.43897e-32
2.91511e-35
3.46154e-38
4.03838e-41
4.73105e-44
5.4341e-47
6.44168e-50
7.80305e-53
9.82072e-56
1.27809e-58
1.71966e-61
2.44534e-64
3.98331e-67
9.2932e-70
3.26991e-72
1.51984e-74
7.59375e-77
3.83722e-79
1.92942e-81
9.4695e-84
4.60692e-86
2.17369e-88
1.00438e-90
4.50564e-93
1.96531e-95
8.41462e-98
3.5126e-100
1.44122e-102
5.84043e-105
2.31758e-107
9.19612e-110
3.5556e-112
1.3773e-114
5.22717e-117
1.98564e-119
7.45469e-122
2.80946e-124
1.05754e-126
4.01738e-129
1.54349e-131
6.02778e-134
2.40645e-136
9.85715e-139
4.13888e-141
1.79065e-143
7.93898e-146
3.59787e-148
1.66841e-150
7.81958e-153
3.73047e-155
1.78816e-157
8.65862e-160
4.21109e-162
2.04708e-164
2.43032e-167
1.45946e-172
2.96175e-177
1.89084e-181
1.04045e-184
1.59093e-187
2.56266e-190
4.0936e-193
6.50679e-196
1.0233e-198
1.60305e-201
2.48517e-204
3.83197e-207
5.80102e-210
8.63623e-213
1.23457e-215
1.68194e-218
2.17728e-221
2.63353e-224
2.83759e-227
2.50181e-230
1.72204e-233
1.0433e-236
5.83964e-240
3.08555e-243
1.55823e-246
7.58343e-250
3.57749e-253
1.64318e-256
7.37395e-260
3.24102e-263
1.39846e-266
5.935e-270
2.48002e-273
1.02156e-276
4.15149e-280
1.66567e-283
6.60189e-287
2.58619e-290
1.00174e-293
3.83828e-297
1.45534e-300
5.46273e-304
2.0306e-307
7.47795e-311
2.72924e-314
9.87377e-318
2.25294e-321
0
0
0
0
0
0
0
0
0
0
0
0
0
0
0
0
0
0
0
0
0
0
0
0
0
0
0
0
0
0
0
0
0
0
0
0
0
0
0
0
0
0
0
0
0
0
0
0
0
0
0
0
0
0
0
0
0
0
0
0
0
0
0
0
0
0
0
0
0
0
0
0
0
0
0
0
0
0
0
0
0
0
0
0
0
0
0
0
0
0
0
0
0
0
0
0
0
0
0
0
0
0
0
0
0
0
0
0
0
0
0
0
0
0
0
0
0
0
0
0
0
0
0
0
0
0
0
0
0
0
0
0
0
0
0
0
0
0
0
0
0
0
0
0
0
0
0
0
0
0
0
0
0
0
0
0
0
0
0
0
0
0
0
0
0
0
0
0
0
0
0
0
0
0
0
0
0
0
0
0
0
0
0
0
0
0
0
0
0
0
0
0
0
0
0
0
0
0
0
0
0
0
0
0
0
0
0
0
0
0
0
0
0
0
0
0
0
0
0
0
0
0
0
0
0
0
0
0
0
0
0
0
0
0
0
0
0
0
0
0
0
0
0
0
0
0
0
0
0
0
0
0
0
0
0
0
0
0
0
0
0
0
0
0
0
0
0
0
0
0
0
0
0.017826
0.00722954
0.00151237
7.59255e-05
3.61842e-06
2.45992e-07
8.24311e-09
4.9698e-10
4.8864e-12
3.93092e-14
3.29857e-16
3.5835e-18
4.87345e-20
7.21042e-22
3.79767e-28
7.10904e-29
1.70597e-31
2.73431e-34
3.52734e-37
4.34231e-40
6.75048e-43
1.80307e-45
7.12699e-48
3.23456e-50
1.5195e-52
7.17318e-55
3.35857e-57
1.56235e-59
7.23899e-62
3.31483e-64
1.50243e-66
6.65077e-69
2.83835e-71
1.16666e-73
4.63648e-76
1.81866e-78
7.15871e-81
2.86164e-83
1.15663e-85
4.67321e-88
1.82411e-90
6.79183e-93
2.40987e-95
8.26666e-98
4.09404e-105
1.74999e-106
6.80962e-109
2.36602e-111
8.02629e-114
2.74283e-116
9.47197e-119
3.3007e-121
1.14636e-123
3.99453e-126
1.37721e-128
4.78804e-131
1.663e-133
5.90218e-136
2.1496e-138
8.21058e-141
3.35757e-143
1.46882e-145
6.97905e-148
3.4658e-150
1.80571e-152
9.48253e-155
5.06815e-157
2.69239e-159
1.44038e-161
7.66763e-164
3.23833e-166
1.02843e-170
6.40379e-175
9.49978e-178
6.00661e-187
5.80984e-187
4.00999e-189
1.39431e-191
3.9731e-194
9.62745e-197
2.08139e-199
4.14777e-202
7.68396e-205
1.32538e-207
2.09361e-210
3.09118e-213
4.3855e-216
6.10677e-219
7.59216e-222
6.97079e-225
5.44213e-228
3.75146e-231
2.24166e-234
1.18111e-237
5.99003e-241
2.94691e-244
1.44022e-247
6.92992e-251
3.30021e-254
1.56559e-257
6.98529e-261
3.08874e-264
1.34591e-267
1.43523e-271
1.32983e-293
2.03179e-291
5.90807e-294
9.66959e-297
1.12939e-299
1.05798e-302
8.85708e-306
6.51425e-309
4.42139e-312
2.75587e-315
1.64085e-318
1.77864e-322
0
0
0
0
0
0
0
0
0
0
0
0
0
0
0
0
0
0
0
0
0
0
0
0
0
0
0
0
0
0
0
0
0
0
0
0
0
0
0
0
0
0
0
0
0
0
0
0
0
0
0
0
0
0
0
0
0
0
0
0
0
0
0
0
0
0
0
0
0
0
0
0
0
0
0
0
0
0
0
0
0
0
0
0
0
0
0
0
0
0
0
0
0
0
0
0
0
0
0
0
0
0
0
0
0
0
0
0
0
0
0
0
0
0
0
0
0
0
0
0
0
0
0
0
0
0
0
0
0
0
0
0
0
0
0
0
0
0
0
0
0
0
0
0
0
0
0
0
0
0
0
0
0
0
0
0
0
0
0
0
0
0
0
0
0
0
0
0
0
0
0
0
0
0
0
0
0
0
0
0
0
0
0
0
0
0
0
0
0
0
0
0
0
0
0
0
0
0
0
0
0
0
0
0
0
0
0
0
0
0
0
0
0
0
0
0
0
0
0
0
0
0
0
0
0
0
0
0
0
0
0
0
0
0
0
0
0
0
0
0
0
0
0
0
0
0
0
0
0
0
0
0
0
0
0
0
0
0
0.154725
0.0767084
0.0232048
0.00178516
0.000147721
1.99298e-05
6.10146e-07
5.86456e-08
4.54624e-10
2.50983e-12
1.23189e-14
6.45168e-17
4.08785e-19
3.23404e-21
3.99969e-25
9.60985e-26
2.34139e-28
3.61999e-31
4.21397e-34
4.18811e-37
4.02444e-40
4.56282e-43
7.54341e-46
2.26013e-48
8.9204e-51
3.85855e-53
1.80136e-55
8.71985e-58
4.37048e-60
2.21272e-62
1.104e-64
5.6757e-67
2.6286e-69
1.12662e-71
4.58528e-74
1.83856e-76
7.65867e-79
3.24232e-81
1.39193e-83
5.92478e-86
2.34589e-88
8.55419e-91
2.89551e-93
9.41171e-96
1.40913e-102
5.90373e-104
1.78604e-106
5.48058e-109
1.80833e-111
6.22416e-114
2.19043e-116
7.69336e-119
2.67241e-121
9.2526e-124
3.14891e-126
1.07715e-128
3.65251e-131
1.25026e-133
4.31171e-136
1.51028e-138
5.45927e-141
2.02484e-143
7.93199e-146
3.23465e-148
1.40371e-150
6.35965e-153
3.03361e-155
1.49932e-157
7.6725e-160
4.02727e-162
2.159e-164
3.63231e-167
2.67933e-171
5.60903e-174
4.12982e-183
9.26973e-184
6.50018e-186
2.44514e-188
7.50354e-191
1.96437e-193
4.6428e-196
1.01651e-198
2.08186e-201
3.96065e-204
6.83437e-207
1.07507e-209
1.53346e-212
1.97976e-215
2.27316e-218
2.19792e-221
1.78796e-224
1.26707e-227
7.99853e-231
4.54976e-234
2.41158e-237
1.23731e-240
6.21277e-244
3.0835e-247
1.50118e-250
7.21784e-254
3.32617e-257
1.4905e-260
6.61931e-264
1.24818e-267
2.418e-289
1.19058e-287
3.42528e-290
5.36819e-293
6.20353e-296
5.79369e-299
4.77214e-302
3.52777e-305
2.38139e-308
1.49298e-311
8.82273e-315
5.10855e-318
2.01579e-321
0
0
0
0
0
0
0
0
0
0
0
0
0
0
0
0
0
0
0
0
0
0
0
0
0
0
0
0
0
0
0
0
0
0
0
0
0
0
0
0
0
0
0
0
0
0
0
0
0
0
0
0
0
0
0
0
0
0
0
0
0
0
0
0
0
0
0
0
0
0
0
0
0
0
0
0
0
0
0
0
0
0
0
0
0
0
0
0
0
0
0
0
0
0
0
0
0
0
0
0
0
0
0
0
0
0
0
0
0
0
0
0
0
0
0
0
0
0
0
0
0
0
0
0
0
0
0
0
0
0
0
0
0
0
0
0
0
0
0
0
0
0
0
0
0
0
0
0
0
0
0
0
0
0
0
0
0
0
0
0
0
0
0
0
0
0
0
0
0
0
0
0
0
0
0
0
0
0
0
0
0
0
0
0
0
0
0
0
0
0
0
0
0
0
0
0
0
0
0
0
0
0
0
0
0
0
0
0
0
0
0
0
0
0
0
0
0
0
0
0
0
0
0
0
0
0
0
0
0
0
0
0
0
0
0
0
0
0
0
0
0
0
0
0
0
0
0
0
0
0
0
0
0
0
0
0
0
0.361421
0.250625
0.138266
0.0435853
0.0132882
0.00349192
9.51389e-05
1.0828e-05
7.54807e-08
3.57738e-10
9.89942e-13
1.76176e-15
3.34516e-18
8.55548e-21
1.06748e-21
3.85688e-22
1.02184e-24
1.60303e-27
1.79547e-30
1.58832e-33
1.18428e-36
6.46613e-40
1.77511e-43
3.14066e-46
1.04887e-48
3.81762e-51
1.50925e-53
6.25454e-56
2.94075e-58
1.32723e-60
6.89687e-63
6.00998e-65
3.07662e-67
1.48235e-69
5.78581e-72
2.28395e-74
1.01517e-76
4.36162e-79
1.88281e-81
8.08834e-84
2.9817e-86
9.08368e-89
2.38711e-91
5.89859e-94
6.08678e-100
2.50815e-101
5.53655e-104
1.71633e-106
5.86531e-109
2.0339e-111
7.04957e-114
2.39346e-116
8.08118e-119
2.69198e-121
8.90008e-124
2.95481e-126
9.70085e-129
3.25728e-131
1.07669e-133
3.69613e-136
1.25544e-138
4.47408e-141
1.61537e-143
6.10301e-146
2.38396e-148
9.62442e-151
4.03663e-153
1.73917e-155
7.71861e-158
3.51367e-160
1.64808e-162
8.06493e-165
3.76848e-167
5.07154e-170
3.33699e-179
9.05847e-181
5.35026e-183
2.07172e-185
6.35809e-188
1.68544e-190
4.06018e-193
9.13028e-196
1.9264e-198
3.80539e-201
6.88196e-204
1.13051e-206
1.63692e-209
1.99977e-212
1.99347e-215
1.70312e-218
1.28461e-221
8.49841e-225
5.04683e-228
2.87443e-231
1.60907e-234
8.90074e-238
4.8146e-241
2.55518e-244
1.31516e-247
6.54425e-251
3.11037e-254
1.43605e-257
6.55469e-261
1.21111e-264
3.83195e-285
3.8435e-284
9.93627e-287
1.4153e-289
1.49619e-292
1.3007e-295
9.93593e-299
6.89762e-302
4.39635e-305
2.61876e-308
1.46848e-311
7.96632e-315
4.33916e-318
1.51678e-321
0
0
0
0
0
0
0
0
0
0
0
0
0
0
0
0
0
0
0
0
0
0
0
0
0
0
0
0
0
0
0
0
0
0
0
0
0
0
0
0
0
0
0
0
0
0
0
0
0
0
0
0
0
0
0
0
0
0
0
0
0
0
0
0
0
0
0
0
0
0
0
0
0
0
0
0
0
0
0
0
0
0
0
0
0
0
0
0
0
0
0
0
0
0
0
0
0
0
0
0
0
0
0
0
0
0
0
0
0
0
0
0
0
0
0
0
0
0
0
0
0
0
0
0
0
0
0
0
0
0
0
0
0
0
0
0
0
0
0
0
0
0
0
0
0
0
0
0
0
0
0
0
0
0
0
0
0
0
0
0
0
0
0
0
0
0
0
0
0
0
0
0
0
0
0
0
0
0
0
0
0
0
0
0
0
0
0
0
0
0
0
0
0
0
0
0
0
0
0
0
0
0
0
0
0
0
0
0
0
0
0
0
0
0
0
0
0
0
0
0
0
0
0
0
0
0
0
0
0
0
0
0
0
0
0
0
0
0
0
0
0
0
0
0
0
0
0
0
0
0
0
0
0
0
0
0
1
1
1
0.555249
0.228859
0.11931
0.0394988
0.00613962
7.00489e-05
5.26295e-07
1.33108e-09
2.22123e-12
2.3042e-15
5.8568e-18
1.35415e-17
5.74842e-18
1.65192e-20
2.837e-23
3.3652e-26
3.12077e-29
2.38459e-32
1.73485e-35
1.43005e-38
1.84984e-41
4.44919e-44
1.50136e-46
5.60444e-49
2.15804e-51
8.4563e-54
3.25093e-56
1.25411e-58
4.65151e-61
1.71357e-63
5.89467e-66
2.06056e-68
7.77241e-71
3.16918e-73
1.32008e-75
5.37581e-78
2.0736e-80
7.51966e-83
2.14016e-85
5.60042e-88
1.30922e-90
3.63298e-96
1.36363e-97
3.21397e-100
9.89748e-103
3.39835e-105
1.16578e-107
4.05742e-110
1.36875e-112
4.61023e-115
1.52877e-117
5.02054e-120
1.65869e-122
5.3905e-125
1.79019e-127
5.82141e-130
1.97448e-132
6.52764e-135
2.29845e-137
7.91043e-140
2.94817e-142
1.0852e-144
4.32386e-147
1.72511e-149
7.32048e-152
3.13456e-154
1.39849e-156
6.2621e-159
2.93334e-161
1.40007e-163
6.9939e-166
4.9831e-175
1.43385e-177
4.26103e-180
1.43159e-182
4.00938e-185
9.79828e-188
2.21413e-190
4.69612e-193
9.49347e-196
1.82624e-198
3.3263e-201
5.66548e-204
8.74101e-207
1.1461e-209
1.20397e-212
1.04285e-215
8.04733e-219
5.72121e-222
3.81288e-225
2.40786e-228
1.4513e-231
8.3957e-235
4.68101e-238
2.52459e-241
1.32088e-244
6.72254e-248
3.33538e-251
1.61638e-254
7.50171e-258
1.6673e-261
6.77324e-281
1.22049e-280
2.82404e-283
3.69254e-286
3.62632e-289
2.97667e-292
2.15406e-295
1.41729e-298
8.64271e-302
4.94792e-305
2.68264e-308
1.38655e-311
6.86543e-315
3.2689e-318
6.42285e-322
0
0
0
0
0
0
0
0
0
0
0
0
0
0
0
0
0
0
0
0
0
0
0
0
0
0
0
0
0
0
0
0
0
0
0
0
0
0
0
0
0
0
0
0
0
0
0
0
0
0
0
0
0
0
0
0
0
0
0
0
0
0
0
0
0
0
0
0
0
0
0
0
0
0
0
0
0
0
0
0
0
0
0
0
0
0
0
0
0
0
0
0
0
0
0
0
0
0
0
0
0
0
0
0
0
0
0
0
0
0
0
0
0
0
0
0
0
0
0
0
0
0
0
0
0
0
0
0
0
0
0
0
0
0
0
0
0
0
0
0
0
0
0
0
0
0
0
0
0
0
0
0
0
0
0
0
0
0
0
0
0
0
0
0
0
0
0
0
0
0
0
0
0
0
0
0
0
0
0
0
0
0
0
0
0
0
0
0
0
0
0
0
0
0
0
0
0
0
0
0
0
0
0
0
0
0
0
0
0
0
0
0
0
0
0
0
0
0
0
0
0
0
0
0
0
0
0
0
0
0
0
0
0
0
0
0
0
0
0
0
0
0
0
0
0
0
0
0
0
0
0
0
0
0
0
1
1
1
1
1
1
0.473508
0.157732
0.0244362
0.000727554
2.91701e-06
4.80668e-09
5.81797e-12
2.11407e-14
6.4985e-14
2.485e-14
8.14934e-17
1.54757e-19
2.30224e-22
2.4453e-25
2.10397e-28
1.58535e-31
1.20484e-34
1.11167e-37
1.66248e-40
4.45347e-43
1.58808e-45
6.1737e-48
2.47111e-50
9.83537e-53
3.88719e-55
1.4926e-57
5.54558e-60
1.98087e-62
6.93535e-65
2.59335e-67
1.04481e-69
4.3387e-72
1.74248e-74
6.74596e-77
2.38926e-79
7.53322e-82
1.99488e-84
4.62624e-87
1.41673e-92
5.17525e-94
1.36717e-96
4.26837e-99
1.46879e-101
5.19753e-104
1.82579e-106
6.38936e-109
2.16874e-111
7.39819e-114
2.43928e-116
8.17389e-119
2.66338e-121
8.87787e-124
2.8837e-126
9.71434e-129
3.18027e-131
1.10017e-133
3.69764e-136
1.34014e-138
4.75311e-141
1.83525e-143
7.00497e-146
2.90057e-148
1.18945e-150
5.20149e-153
2.23694e-155
1.01208e-157
4.5466e-160
2.13488e-162
1.05841e-170
1.08439e-173
4.06833e-177
7.83244e-180
1.84517e-182
4.05251e-185
8.39139e-188
1.67375e-190
3.22291e-193
6.01156e-196
1.07418e-198
1.83464e-201
2.94554e-204
4.26285e-207
5.16773e-210
4.98599e-213
4.0192e-216
2.90961e-219
1.94967e-222
1.22912e-225
7.36262e-229
4.22068e-232
2.32722e-235
1.23953e-238
6.39792e-242
3.20985e-245
1.56897e-248
7.4879e-252
3.425e-255
7.68936e-259
1.19176e-276
3.39613e-277
6.50431e-280
7.36321e-283
6.4193e-286
4.76023e-289
3.15392e-292
1.92044e-295
1.09339e-298
5.88689e-302
3.01963e-305
1.48378e-308
7.01265e-312
3.19891e-315
1.41118e-318
0
0
0
0
0
0
0
0
0
0
0
0
0
0
0
0
0
0
0
0
0
0
0
0
0
0
0
0
0
0
0
0
0
0
0
0
0
0
0
0
0
0
0
0
0
0
0
0
0
0
0
0
0
0
0
0
0
0
0
0
0
0
0
0
0
0
0
0
0
0
0
0
0
0
0
0
0
0
0
0
0
0
0
0
0
0
0
0
0
0
0
0
0
0
0
0
0
0
0
0
0
0
0
0
0
0
0
0
0
0
0
0
0
0
0
0
0
0
0
0
0
0
0
0
0
0
0
0
0
0
0
0
0
0
0
0
0
0
0
0
0
0
0
0
0
0
0
0
0
0
0
0
0
0
0
0
0
0
0
0
0
0
0
0
0
0
0
0
0
0
0
0
0
0
0
0
0
0
0
0
0
0
0
0
0
0
0
0
0
0
0
0
0
0
0
0
0
0
0
0
0
0
0
0
0
0
0
0
0
0
0
0
0
0
0
0
0
0
0
0
0
0
0
0
0
0
0
0
0
0
0
0
0
0
0
0
0
0
0
0
0
0
0
0
0
0
0
0
0
0
0
0
0
0
0
1
1
1
1
1
1
1
1
0.343097
0.0760941
0.00353469
7.53551e-06
1.05671e-08
5.50901e-11
1.24477e-10
3.65373e-11
1.4809e-13
2.73977e-16
4.76743e-19
6.67925e-22
7.118e-25
6.35685e-28
5.18784e-31
4.45455e-34
4.69734e-37
8.03951e-40
2.34848e-42
8.76749e-45
3.58957e-47
1.47191e-49
5.9522e-52
2.40259e-54
9.13217e-57
3.36772e-59
1.21537e-61
4.5469e-64
1.86256e-66
7.80133e-69
3.21794e-71
1.27716e-73
4.65036e-76
1.54387e-78
4.32774e-81
1.02534e-83
2.691e-89
9.31543e-91
2.83475e-93
8.9901e-96
3.12339e-98
1.12232e-100
4.10727e-103
1.47e-105
5.23536e-108
1.80126e-110
6.15736e-113
2.06264e-115
6.89304e-118
2.28112e-120
7.55872e-123
2.50389e-125
8.31506e-128
2.79681e-130
9.41357e-133
3.29095e-135
1.1453e-137
4.25656e-140
1.56886e-142
6.28934e-145
2.48021e-147
1.05812e-149
4.40512e-152
1.93942e-154
8.41593e-157
3.74015e-159
2.77427e-166
2.74698e-169
2.30296e-173
6.55399e-177
8.93843e-180
1.66425e-182
3.12442e-185
5.74458e-188
1.03901e-190
1.83252e-193
3.15182e-196
5.24739e-199
8.37091e-202
1.25161e-204
1.67303e-207
1.84196e-210
1.62108e-213
1.21876e-216
8.2991e-220
5.25556e-223
3.14119e-226
1.7889e-229
9.77191e-233
5.14575e-236
2.62234e-239
1.29747e-242
6.24944e-246
2.93696e-249
1.32391e-252
3.00117e-256
2.06518e-272
9.32219e-274
1.4168e-276
1.35356e-279
1.02956e-282
6.8114e-286
4.09361e-289
2.29055e-292
1.21108e-295
6.10682e-299
2.95409e-302
1.37647e-305
6.19644e-309
2.70185e-312
1.14359e-315
4.69496e-319
0
0
0
0
0
0
0
0
0
0
0
0
0
0
0
0
0
0
0
0
0
0
0
0
0
0
0
0
0
0
0
0
0
0
0
0
0
0
0
0
0
0
0
0
0
0
0
0
0
0
0
0
0
0
0
0
0
0
0
0
0
0
0
0
0
0
0
0
0
0
0
0
0
0
0
0
0
0
0
0
0
0
0
0
0
0
0
0
0
0
0
0
0
0
0
0
0
0
0
0
0
0
0
0
0
0
0
0
0
0
0
0
0
0
0
0
0
0
0
0
0
0
0
0
0
0
0
0
0
0
0
0
0
0
0
0
0
0
0
0
0
0
0
0
0
0
0
0
0
0
0
0
0
0
0
0
0
0
0
0
0
0
0
0
0
0
0
0
0
0
0
0
0
0
0
0
0
0
0
0
0
0
0
0
0
0
0
0
0
0
0
0
0
0
0
0
0
0
0
0
0
0
0
0
0
0
0
0
0
0
0
0
0
0
0
0
0
0
0
0
0
0
0
0
0
0
0
0
0
0
0
0
0
0
0
0
0
0
0
0
0
0
0
0
0
0
0
0
0
0
0
0
0
0
1
1
1
1
1
1
1
1
1
1
0.120534
0.00521136
9.93045e-06
9.35891e-08
1.07971e-07
2.82157e-08
2.18013e-10
2.80314e-13
4.52912e-16
7.09402e-19
9.57419e-22
1.06757e-24
1.04091e-27
9.65483e-31
9.48828e-34
1.14561e-36
2.18264e-39
6.68831e-42
2.59205e-44
1.08792e-46
4.59743e-49
1.94401e-51
7.83479e-54
2.99392e-56
1.1333e-58
4.35191e-61
1.82846e-63
7.88473e-66
3.37363e-68
1.39728e-70
5.27481e-73
1.84335e-75
5.48947e-78
1.38774e-80
2.43056e-86
7.91061e-88
2.75336e-90
9.37763e-93
3.37432e-95
1.26231e-97
4.74522e-100
1.79471e-102
6.55747e-105
2.39098e-107
8.32702e-110
2.9076e-112
9.78016e-115
3.32802e-117
1.10392e-119
3.71599e-122
1.23195e-124
4.14343e-127
1.38984e-129
4.75384e-132
1.63961e-134
5.84977e-137
2.11961e-139
8.08037e-142
3.11819e-144
1.26997e-146
5.18268e-149
2.19999e-151
9.34383e-154
4.07263e-156
3.3725e-163
2.45994e-165
2.92327e-169
3.36828e-173
9.48372e-177
6.87266e-180
1.02667e-182
1.6967e-185
2.81344e-188
4.6462e-191
7.56794e-194
1.2139e-196
1.8874e-199
2.80929e-202
3.9054e-205
4.84263e-208
4.92481e-211
4.02223e-214
2.83695e-217
1.82261e-220
1.09308e-223
6.20605e-227
3.36575e-230
1.75466e-233
8.83366e-237
4.30995e-240
2.04385e-243
9.44393e-247
4.18524e-250
9.60483e-254
3.57603e-268
2.54471e-270
2.87551e-273
2.23989e-276
1.45465e-279
8.46155e-283
4.56621e-286
2.33095e-289
1.13836e-292
5.35405e-296
2.43482e-299
1.07329e-302
4.59355e-306
1.9117e-309
7.74441e-313
3.06005e-316
1.16713e-319
0
0
0
0
0
0
0
0
0
0
0
0
0
0
0
0
0
0
0
0
0
0
0
0
0
0
0
0
0
0
0
0
0
0
0
0
0
0
0
0
0
0
0
0
0
0
0
0
0
0
0
0
0
0
0
0
0
0
0
0
0
0
0
0
0
0
0
0
0
0
0
0
0
0
0
0
0
0
0
0
0
0
0
0
0
0
0
0
0
0
0
0
0
0
0
0
0
0
0
0
0
0
0
0
0
0
0
0
0
0
0
0
0
0
0
0
0
0
0
0
0
0
0
0
0
0
0
0
0
0
0
0
0
0
0
0
0
0
0
0
0
0
0
0
0
0
0
0
0
0
0
0
0
0
0
0
0
0
0
0
0
0
0
0
0
0
0
0
0
0
0
0
0
0
0
0
0
0
0
0
0
0
0
0
0
0
0
0
0
0
0
0
0
0
0
0
0
0
0
0
0
0
0
0
0
0
0
0
0
0
0
0
0
0
0
0
0
0
0
0
0
0
0
0
0
0
0
0
0
0
0
0
0
0
0
0
0
0
0
0
0
0
0
0
0
0
0
0
0
0
0
0
0
1
1
1
1
1
1
1
1
1
1
0.382204
0.0470358
0.00223515
9.40368e-05
5.55249e-05
1.75901e-05
3.88502e-07
3.10614e-10
3.71855e-13
5.31675e-16
7.21765e-19
8.97635e-22
1.00297e-24
1.06143e-27
1.10078e-30
1.20721e-33
1.62083e-36
3.22819e-39
9.67021e-42
3.65037e-44
1.51509e-46
6.52168e-49
2.79219e-51
1.1259e-53
4.47468e-56
1.82948e-58
7.98333e-61
3.61159e-63
1.61866e-65
6.98454e-68
2.82221e-70
1.04554e-72
3.41615e-75
9.70679e-78
1.07892e-83
3.12692e-85
1.15263e-87
4.34244e-90
1.68238e-92
6.68697e-95
2.61334e-97
1.01727e-99
3.85258e-102
1.44201e-104
5.23067e-107
1.8665e-109
6.47484e-112
2.22285e-114
7.52617e-117
2.53897e-119
8.51979e-122
2.85945e-124
9.60258e-127
3.24939e-129
1.10902e-131
3.8521e-134
1.36817e-136
4.98959e-139
1.87768e-141
7.25519e-144
2.89087e-146
1.17591e-148
4.89403e-151
2.08859e-153
1.94102e-160
1.41877e-162
5.85816e-165
4.94342e-169
1.24318e-172
1.41407e-176
4.01708e-180
4.75306e-183
7.09295e-186
1.08131e-188
1.64674e-191
2.48815e-194
3.68257e-197
5.26104e-200
7.14574e-203
9.02375e-206
1.01067e-208
9.3633e-212
7.09902e-215
4.7042e-218
2.85569e-221
1.62423e-224
8.76905e-228
4.53052e-231
2.25003e-234
1.07732e-237
4.98811e-241
2.24279e-244
9.66649e-248
2.32355e-251
6.08347e-264
6.64633e-267
5.05098e-270
3.06429e-273
1.65618e-276
8.34312e-280
4.00747e-283
1.85608e-286
8.33387e-290
3.64075e-293
1.55077e-296
6.4493e-300
2.61846e-303
1.03874e-306
4.0168e-310
1.5206e-313
5.6362e-317
1.93278e-320
0
0
0
0
0
0
0
0
0
0
0
0
0
0
0
0
0
0
0
0
0
0
0
0
0
0
0
0
0
0
0
0
0
0
0
0
0
0
0
0
0
0
0
0
0
0
0
0
0
0
0
0
0
0
0
0
0
0
0
0
0
0
0
0
0
0
0
0
0
0
0
0
0
0
0
0
0
0
0
0
0
0
0
0
0
0
0
0
0
0
0
0
0
0
0
0
0
0
0
0
0
0
0
0
0
0
0
0
0
0
0
0
0
0
0
0
0
0
0
0
0
0
0
0
0
0
0
0
0
0
0
0
0
0
0
0
0
0
0
0
0
0
0
0
0
0
0
0
0
0
0
0
0
0
0
0
0
0
0
0
0
0
0
0
0
0
0
0
0
0
0
0
0
0
0
0
0
0
0
0
0
0
0
0
0
0
0
0
0
0
0
0
0
0
0
0
0
0
0
0
0
0
0
0
0
0
0
0
0
0
0
0
0
0
0
0
0
0
0
0
0
0
0
0
0
0
0
0
0
0
0
0
0
0
0
0
0
0
0
0
0
0
0
0
0
0
0
0
0
0
0
0
1
1
1
1
1
1
1
1
1
1
1
1
0.350487
0.0599769
0.0275229
0.0248368
0.0314384
0.00990512
0.00048926
3.37357e-07
2.95273e-10
3.54265e-13
4.52606e-16
5.43987e-19
6.22594e-22
6.74394e-25
7.2427e-28
7.84726e-31
9.4062e-34
1.39703e-36
2.72768e-39
6.72803e-42
1.98594e-44
6.87119e-47
2.80132e-49
1.28578e-51
6.35401e-54
3.25622e-56
1.65408e-58
8.3904e-61
4.04046e-63
1.87372e-65
8.17309e-68
3.34438e-70
1.25592e-72
4.09436e-75
1.79813e-77
1.12247e-79
3.0763e-81
2.50169e-83
1.65637e-85
8.66911e-88
4.17721e-90
1.80903e-92
7.68338e-95
3.06639e-97
1.22055e-99
4.6413e-102
1.76042e-104
6.41544e-107
2.32176e-109
8.11768e-112
2.81998e-114
9.65751e-117
3.2677e-119
1.11698e-121
3.71568e-124
1.28308e-126
4.26408e-129
1.4944e-131
5.09704e-134
1.82916e-136
6.56677e-139
2.44383e-141
9.25089e-144
3.61857e-146
1.47046e-148
6.20018e-151
2.82492e-153
1.26511e-155
7.42684e-158
3.89133e-160
1.83277e-162
8.47574e-165
3.45838e-168
2.40761e-172
1.22013e-176
2.13488e-180
1.71052e-183
2.2141e-186
2.70978e-189
3.68095e-192
4.75351e-195
6.40912e-198
8.25348e-201
1.0505e-203
1.23593e-206
1.29682e-209
1.12798e-212
8.08417e-216
5.06445e-219
2.9106e-222
1.56958e-225
8.03068e-229
3.89281e-232
1.77037e-235
7.53252e-239
3.05797e-242
1.18388e-245
4.58113e-249
1.06156e-252
8.49035e-257
3.04726e-260
1.5187e-263
6.95218e-267
3.10308e-270
1.35487e-273
5.82685e-277
2.48085e-280
1.04327e-283
4.29922e-287
1.73335e-290
6.85813e-294
2.67055e-297
1.02198e-300
3.84712e-304
1.40943e-307
5.08142e-311
1.80818e-314
6.29915e-318
1.44267e-321
0
0
0
0
0
0
0
0
0
0
0
0
0
0
0
0
0
0
0
0
0
0
0
0
0
0
0
0
0
0
0
0
0
0
0
0
0
0
0
0
0
0
0
0
0
0
0
0
0
0
0
0
0
0
0
0
0
0
0
0
0
0
0
0
0
0
0
0
0
0
0
0
0
0
0
0
0
0
0
0
0
0
0
0
0
0
0
0
0
0
0
0
0
0
0
0
0
0
0
0
0
0
0
0
0
0
0
0
0
0
0
0
0
0
0
0
0
0
0
0
0
0
0
0
0
0
0
0
0
0
0
0
0
0
0
0
0
0
0
0
0
0
0
0
0
0
0
0
0
0
0
0
0
0
0
0
0
0
0
0
0
0
0
0
0
0
0
0
0
0
0
0
0
0
0
0
0
0
0
0
0
0
0
0
0
0
0
0
0
0
0
0
0
0
0
0
0
0
0
0
0
0
0
0
0
0
0
0
0
0
0
0
0
0
0
0
0
0
0
0
0
0
0
0
0
0
0
0
0
0
0
0
0
0
0
0
0
0
0
0
0
0
0
0
0
0
0
0
0
0
0
0
0
0
0
0
0
0
0
0
0
0
0
0
0
0
0
0
0
1
1
1
1
1
1
1
1
1
1
1
1
1
1
1
1
1
0.153845
0.015893
6.35975e-05
1.16998e-07
1.75746e-10
2.32983e-13
2.72984e-16
3.00386e-19
3.12675e-22
3.1851e-25
3.23655e-28
3.35517e-31
3.67997e-34
4.31662e-37
5.55495e-40
7.94307e-43
1.2845e-45
2.53243e-48
7.12169e-51
3.02117e-53
1.6632e-55
9.91099e-58
6.01227e-60
3.58883e-62
2.08374e-64
1.17741e-66
6.47188e-69
3.48546e-71
1.80731e-73
1.03224e-75
5.93773e-78
3.26824e-80
1.68522e-82
8.3612e-85
3.98992e-87
1.87793e-89
8.55922e-92
3.87462e-94
1.70971e-96
7.49842e-99
3.2084e-101
1.36278e-103
5.65116e-106
2.31534e-108
9.27598e-111
3.66937e-113
1.43611e-115
5.56713e-118
2.15736e-120
8.30213e-123
3.21685e-125
1.24621e-127
4.89289e-130
1.93962e-132
7.83729e-135
3.22739e-137
1.35768e-139
5.84576e-142
2.56424e-144
1.14798e-146
5.20361e-149
2.40633e-151
1.11765e-153
5.2267e-156
2.44778e-158
1.15416e-160
5.46321e-163
2.52517e-165
9.6622e-170
4.05849e-174
3.58139e-178
2.16632e-181
2.36948e-184
2.79375e-187
3.42311e-190
4.26701e-193
5.36286e-196
6.69518e-199
8.16518e-202
9.43478e-205
9.91473e-208
9.03876e-211
6.95975e-214
4.56974e-217
2.66052e-220
1.4245e-223
7.13584e-227
3.38656e-230
1.53313e-233
6.66105e-237
2.83705e-240
1.18841e-243
4.88259e-247
2.01355e-250
8.26785e-254
3.28429e-257
1.2643e-260
4.81487e-264
1.81109e-267
6.728e-271
2.49752e-274
9.28756e-278
3.45458e-281
1.27716e-284
4.67884e-288
1.6975e-291
6.09874e-295
2.16802e-298
7.62947e-302
2.6384e-305
9.0246e-309
3.05983e-312
1.01927e-315
3.33395e-319
0
0
0
0
0
0
0
0
0
0
0
0
0
0
0
0
0
0
0
0
0
0
0
0
0
0
0
0
0
0
0
0
0
0
0
0
0
0
0
0
0
0
0
0
0
0
0
0
0
0
0
0
0
0
0
0
0
0
0
0
0
0
0
0
0
0
0
0
0
0
0
0
0
0
0
0
0
0
0
0
0
0
0
0
0
0
0
0
0
0
0
0
0
0
0
0
0
0
0
0
0
0
0
0
0
0
0
0
0
0
0
0
0
0
0
0
0
0
0
0
0
0
0
0
0
0
0
0
0
0
0
0
0
0
0
0
0
0
0
0
0
0
0
0
0
0
0
0
0
0
0
0
0
0
0
0
0
0
0
0
0
0
0
0
0
0
0
0
0
0
0
0
0
0
0
0
0
0
0
0
0
0
0
0
0
0
0
0
0
0
0
0
0
0
0
0
0
0
0
0
0
0
0
0
0
0
0
0
0
0
0
0
0
0
0
0
0
0
0
0
0
0
0
0
0
0
0
0
0
0
0
0
0
0
0
0
0
0
0
0
0
0
0
0
0
0
0
0
0
0
0
0
0
0
0
0
0
0
0
0
0
0
0
0
0
0
0
0
0
1
1
1
1
1
1
1
1
1
1
1
1
1
1
1
1
1
0.433529
0.0650508
0.00203502
1.76116e-06
1.42851e-09
1.3489e-12
1.4052e-15
1.47621e-18
1.48853e-21
1.46294e-24
1.43117e-27
1.42715e-30
1.49929e-33
1.67086e-36
2.01193e-39
2.6226e-42
3.68344e-45
5.57579e-48
9.30844e-51
1.85361e-53
5.22774e-56
2.23922e-58
1.27146e-60
8.00017e-63
5.20451e-65
3.36392e-67
2.14892e-69
1.34403e-71
8.54713e-74
4.67937e-76
2.35742e-78
1.08535e-80
4.71113e-83
2.04519e-85
8.84074e-88
3.8884e-90
1.68871e-92
7.40068e-95
3.19834e-97
1.38662e-99
5.92545e-102
2.52331e-104
1.05531e-106
4.36744e-109
1.76967e-111
7.06605e-114
2.7756e-116
1.07996e-118
4.1703e-121
1.60082e-123
6.15504e-126
2.36535e-128
9.19213e-131
3.60359e-133
1.44179e-135
5.87764e-138
2.46242e-140
1.05754e-142
4.6616e-145
2.10921e-147
9.69607e-150
4.52426e-152
2.12944e-154
1.01036e-156
4.8161e-159
2.31743e-161
1.1178e-163
4.69852e-166
1.27289e-170
3.148e-175
1.5637e-179
1.00342e-182
1.18796e-185
1.46276e-188
1.84008e-191
2.34222e-194
2.99852e-197
3.81855e-200
4.78414e-203
5.81922e-206
6.71983e-209
7.08373e-212
6.45901e-215
4.91292e-218
3.1719e-221
1.82928e-224
9.77695e-228
4.93469e-231
2.3569e-234
1.06808e-237
4.71046e-241
2.03624e-244
8.48422e-248
3.54396e-251
1.49563e-254
5.98156e-258
2.31409e-261
9.02268e-265
3.47988e-268
1.33362e-271
5.13119e-275
1.96702e-278
7.43469e-282
2.75302e-285
1.00081e-288
3.58279e-292
1.26629e-295
4.42504e-299
1.52958e-302
5.21638e-306
1.76232e-309
5.90944e-313
1.95769e-316
6.24301e-320
0
0
0
0
0
0
0
0
0
0
0
0
0
0
0
0
0
0
0
0
0
0
0
0
0
0
0
0
0
0
0
0
0
0
0
0
0
0
0
0
0
0
0
0
0
0
0
0
0
0
0
0
0
0
0
0
0
0
0
0
0
0
0
0
0
0
0
0
0
0
0
0
0
0
0
0
0
0
0
0
0
0
0
0
0
0
0
0
0
0
0
0
0
0
0
0
0
0
0
0
0
0
0
0
0
0
0
0
0
0
0
0
0
0
0
0
0
0
0
0
0
0
0
0
0
0
0
0
0
0
0
0
0
0
0
0
0
0
0
0
0
0
0
0
0
0
0
0
0
0
0
0
0
0
0
0
0
0
0
0
0
0
0
0
0
0
0
0
0
0
0
0
0
0
0
0
0
0
0
0
0
0
0
0
0
0
0
0
0
0
0
0
0
0
0
0
0
0
0
0
0
0
0
0
0
0
0
0
0
0
0
0
0
0
0
0
0
0
0
0
0
0
0
0
0
0
0
0
0
0
0
0
0
0
0
0
0
0
0
0
0
0
0
0
0
0
0
0
0
0
0
0
0
0
0
0
0
0
0
0
0
0
0
0
0
0
0
0
0
1
1
1
1
1
1
1
1
1
1
1
1
1
1
1
1
1
0.47131
0.0705809
0.00249859
1.956e-06
1.41257e-09
1.16729e-12
1.09844e-15
1.06643e-18
1.01408e-21
9.53433e-25
9.04207e-28
8.88995e-31
9.17977e-34
9.99928e-37
1.15636e-39
1.41846e-42
1.84284e-45
2.52975e-48
3.65419e-51
5.5767e-54
9.25302e-57
1.83544e-59
5.01059e-62
2.02626e-64
1.0305e-66
5.87447e-69
3.90678e-71
2.78499e-73
2.43431e-75
1.22849e-77
4.78399e-80
1.90913e-82
7.90531e-85
3.3641e-87
1.45024e-89
6.33368e-92
2.73507e-94
1.19308e-96
5.10528e-99
2.19965e-101
9.28969e-104
3.91352e-106
1.61688e-108
6.60071e-111
2.63875e-113
1.03965e-115
4.04467e-118
1.55983e-120
5.99536e-123
2.29938e-125
8.84866e-128
3.42844e-130
1.3445e-132
5.3603e-135
2.185e-137
9.1143e-140
3.9115e-142
1.71838e-144
7.75242e-147
3.55877e-149
1.66724e-151
7.88209e-154
3.76656e-156
1.8091e-158
8.7275e-161
4.24558e-163
1.98746e-165
7.75185e-170
2.67814e-174
1.19536e-178
4.80236e-182
5.84089e-185
7.63699e-188
1.01087e-190
1.35464e-193
1.82212e-196
2.45944e-199
3.29373e-202
4.34054e-205
5.56578e-208
6.82465e-211
7.72086e-214
7.65969e-217
6.32665e-220
4.33597e-223
2.60053e-226
1.43442e-229
7.44395e-233
3.68018e-236
1.74814e-239
8.03377e-243
3.58847e-246
1.56298e-249
6.66697e-253
2.79062e-256
1.14706e-259
4.64122e-263
1.85131e-266
7.2855e-270
2.83136e-273
1.08728e-276
4.12663e-280
1.54785e-283
5.73808e-287
2.10284e-290
7.62005e-294
2.73105e-297
9.6828e-301
3.3966e-304
1.17894e-307
4.05009e-311
1.37717e-314
4.63379e-318
7.41098e-322
0
0
0
0
0
0
0
0
0
0
0
0
0
0
0
0
0
0
0
0
0
0
0
0
0
0
0
0
0
0
0
0
0
0
0
0
0
0
0
0
0
0
0
0
0
0
0
0
0
0
0
0
0
0
0
0
0
0
0
0
0
0
0
0
0
0
0
0
0
0
0
0
0
0
0
0
0
0
0
0
0
0
0
0
0
0
0
0
0
0
0
0
0
0
0
0
0
0
0
0
0
0
0
0
0
0
0
0
0
0
0
0
0
0
0
0
0
0
0
0
0
0
0
0
0
0
0
0
0
0
0
0
0
0
0
0
0
0
0
0
0
0
0
0
0
0
0
0
0
0
0
0
0
0
0
0
0
0
0
0
0
0
0
0
0
0
0
0
0
0
0
0
0
0
0
0
0
0
0
0
0
0
0
0
0
0
0
0
0
0
0
0
0
0
0
0
0
0
0
0
0
0
0
0
0
0
0
0
0
0
0
0
0
0
0
0
0
0
0
0
0
0
0
0
0
0
0
0
0
0
0
0
0
0
0
0
0
0
0
0
0
0
0
0
0
0
0
0
0
0
0
0
0
0
0
0
0
0
0
0
0
0
0
0
0
0
0
0
0
1
1
1
1
1
1
1
1
1
1
1
1
1
1
1
1
1
0.286451
0.0350567
0.00010023
1.38959e-07
1.94087e-10
2.23427e-13
2.25233e-16
2.09715e-19
1.9033e-22
1.76743e-25
1.71348e-28
1.74104e-31
1.81466e-34
1.93338e-37
2.11106e-40
2.35554e-43
2.69553e-46
3.15961e-49
3.79573e-52
4.6975e-55
6.00753e-58
8.2367e-61
1.38062e-63
3.47679e-66
1.40695e-68
7.25744e-71
4.03037e-73
2.31319e-75
1.44251e-77
7.68417e-80
3.71779e-82
1.70139e-84
7.57016e-87
3.31264e-89
1.4375e-91
6.20883e-94
2.65068e-96
1.13349e-98
4.76646e-101
2.01685e-103
8.34602e-106
3.4558e-108
1.39832e-110
5.60298e-113
2.20092e-115
8.5289e-118
3.28676e-120
1.25485e-122
4.81071e-125
1.84204e-127
7.12482e-130
2.78644e-132
1.10848e-134
4.50668e-137
1.87684e-139
8.02524e-142
3.52338e-144
1.58265e-146
7.27585e-149
3.39424e-151
1.61004e-153
7.69591e-156
3.70969e-158
1.79675e-160
8.73547e-163
4.19223e-165
2.02758e-169
8.86944e-174
4.10738e-178
1.06677e-181
1.29982e-184
1.80402e-187
2.54161e-190
3.57652e-193
5.04282e-196
7.12563e-199
1.00926e-201
1.41562e-204
1.94821e-207
2.60362e-210
3.34488e-213
4.02562e-216
4.38666e-219
4.05679e-222
3.04637e-225
1.93026e-228
1.10633e-231
5.91842e-235
3.00492e-238
1.46303e-241
6.87923e-245
3.14023e-248
1.39726e-251
6.07869e-255
2.59235e-258
1.08609e-261
4.47698e-265
1.81807e-268
7.28073e-272
2.87751e-275
1.12305e-278
4.33033e-282
1.65023e-285
6.21737e-289
2.31646e-292
8.53707e-296
3.11292e-299
1.12332e-302
4.01254e-306
1.41912e-309
4.97066e-313
1.72472e-316
5.72968e-320
0
0
0
0
0
0
0
0
0
0
0
0
0
0
0
0
0
0
0
0
0
0
0
0
0
0
0
0
0
0
0
0
0
0
0
0
0
0
0
0
0
0
0
0
0
0
0
0
0
0
0
0
0
0
0
0
0
0
0
0
0
0
0
0
0
0
0
0
0
0
0
0
0
0
0
0
0
0
0
0
0
0
0
0
0
0
0
0
0
0
0
0
0
0
0
0
0
0
0
0
0
0
0
0
0
0
0
0
0
0
0
0
0
0
0
0
0
0
0
0
0
0
0
0
0
0
0
0
0
0
0
0
0
0
0
0
0
0
0
0
0
0
0
0
0
0
0
0
0
0
0
0
0
0
0
0
0
0
0
0
0
0
0
0
0
0
0
0
0
0
0
0
0
0
0
0
0
0
0
0
0
0
0
0
0
0
0
0
0
0
0
0
0
0
0
0
0
0
0
0
0
0
0
0
0
0
0
0
0
0
0
0
0
0
0
0
0
0
0
0
0
0
0
0
0
0
0
0
0
0
0
0
0
0
0
0
0
0
0
0
0
0
0
0
0
0
0
0
0
0
0
0
0
0
0
0
0
0
0
0
0
0
0
0
0
0
0
0
0
0
1
1
1
1
1
1
1
1
1
1
1
1
1
1
1
1
0.386169
0.0723053
0.00320612
2.53858e-06
2.10296e-09
2.15416e-12
2.38533e-15
2.50771e-18
2.60232e-21
2.63629e-24
2.72489e-27
2.86485e-30
3.06686e-33
3.28409e-36
3.55987e-39
3.8668e-42
4.27783e-45
4.81024e-48
5.49303e-51
6.35684e-54
7.49708e-57
8.98664e-60
1.14664e-62
1.74341e-65
4.01441e-68
1.54666e-70
7.64335e-73
4.07429e-75
2.1841e-77
1.17323e-79
6.12746e-82
3.03326e-84
1.44068e-86
6.51533e-89
2.88674e-91
1.24746e-93
5.33608e-96
2.25006e-98
9.39937e-101
3.89747e-103
1.60153e-105
6.51184e-108
2.62346e-110
1.03936e-112
4.06662e-115
1.56793e-117
5.99003e-120
2.28538e-122
8.66822e-125
3.32151e-127
1.27315e-129
4.97562e-132
1.96512e-134
7.97475e-137
3.30182e-139
1.40929e-141
6.15667e-144
2.76292e-146
1.26499e-148
5.89959e-151
2.7932e-153
1.33429e-155
6.44505e-158
3.12088e-160
1.52187e-162
7.35404e-165
3.75726e-169
1.869e-173
9.25332e-178
1.58656e-181
1.83367e-184
2.71805e-187
4.04657e-190
6.06673e-193
8.9868e-196
1.33321e-198
1.97574e-201
2.94466e-204
4.35077e-207
6.33458e-210
8.97578e-213
1.22426e-215
1.57157e-218
1.83404e-221
1.82557e-224
1.46013e-227
9.65363e-231
5.71205e-234
3.13821e-237
1.63165e-240
8.12007e-244
3.89786e-247
1.81481e-250
8.23065e-254
3.64793e-257
1.58424e-260
6.756e-264
2.83382e-267
1.1707e-270
4.76828e-274
1.9164e-277
7.60507e-281
2.98162e-284
1.15538e-287
4.4269e-291
1.67774e-294
6.29141e-298
2.33511e-301
8.58114e-305
3.12319e-308
1.1262e-311
4.02477e-315
1.4231e-318
0
0
0
0
0
0
0
0
0
0
0
0
0
0
0
0
0
0
0
0
0
0
0
0
0
0
0
0
0
0
0
0
0
0
0
0
0
0
0
0
0
0
0
0
0
0
0
0
0
0
0
0
0
0
0
0
0
0
0
0
0
0
0
0
0
0
0
0
0
0
0
0
0
0
0
0
0
0
0
0
0
0
0
0
0
0
0
0
0
0
0
0
0
0
0
0
0
0
0
0
0
0
0
0
0
0
0
0
0
0
0
0
0
0
0
0
0
0
0
0
0
0
0
0
0
0
0
0
0
0
0
0
0
0
0
0
0
0
0
0
0
0
0
0
0
0
0
0
0
0
0
0
0
0
0
0
0
0
0
0
0
0
0
0
0
0
0
0
0
0
0
0
0
0
0
0
0
0
0
0
0
0
0
0
0
0
0
0
0
0
0
0
0
0
0
0
0
0
0
0
0
0
0
0
0
0
0
0
0
0
0
0
0
0
0
0
0
0
0
0
0
0
0
0
0
0
0
0
0
0
0
0
0
0
0
0
0
0
0
0
0
0
0
0
0
0
0
0
0
0
0
0
0
0
0
0
0
0
0
0
0
0
0
0
0
0
0
0
0
0
0
1
1
1
1
0.321331
0.196673
0.162333
0.136912
0.104242
0.0935805
0.103789
0.132111
0.16504
0.163682
0.139606
0.0869284
0.0325026
0.00307932
4.67554e-06
5.29972e-09
6.03436e-12
6.78285e-15
7.67032e-18
8.17538e-21
8.91354e-24
9.7155e-27
1.08952e-29
1.24139e-32
1.4128e-35
1.58841e-38
1.79478e-41
2.00043e-44
2.27157e-47
2.62585e-50
3.09405e-53
3.7234e-56
4.58087e-59
5.80394e-62
8.00089e-65
1.38545e-67
3.76734e-70
1.57194e-72
7.77367e-75
4.03124e-77
2.0787e-79
1.05801e-81
5.31396e-84
2.57413e-86
1.21214e-88
5.48024e-91
2.41797e-93
1.04151e-95
4.398e-98
1.83735e-100
7.52481e-103
3.07078e-105
1.23066e-107
4.89803e-110
1.92115e-112
7.44175e-115
2.85508e-117
1.08501e-119
4.10856e-122
1.55435e-124
5.89288e-127
2.25713e-129
8.71376e-132
3.4441e-134
1.38034e-136
5.72151e-139
2.41404e-141
1.05502e-143
4.69365e-146
2.14635e-148
9.96956e-151
4.70038e-153
2.24863e-155
1.07959e-157
5.24746e-160
2.55118e-162
1.24082e-164
6.29398e-169
3.25733e-173
1.67945e-177
1.96888e-181
1.9978e-184
3.11086e-187
4.94434e-190
7.78179e-193
1.22796e-195
1.91606e-198
2.99738e-201
4.65691e-204
7.23759e-207
1.11345e-209
1.68728e-212
2.47988e-215
3.49804e-218
4.64438e-221
5.60023e-224
5.7398e-227
4.6654e-230
3.1181e-233
1.85916e-236
1.02901e-239
5.3899e-243
2.70279e-246
1.30755e-249
6.13673e-253
2.80602e-256
1.25403e-259
5.49178e-263
2.36192e-266
9.99222e-270
4.16329e-273
1.71022e-276
6.9321e-280
2.77441e-283
1.09702e-286
4.28752e-290
1.65705e-293
6.33541e-297
2.39712e-300
8.97922e-304
3.33105e-307
1.22427e-310
4.45957e-314
1.61039e-317
4.42683e-321
0
0
0
0
0
0
0
0
0
0
0
0
0
0
0
0
0
0
0
0
0
0
0
0
0
0
0
0
0
0
0
0
0
0
0
0
0
0
0
0
0
0
0
0
0
0
0
0
0
0
0
0
0
0
0
0
0
0
0
0
0
0
0
0
0
0
0
0
0
0
0
0
0
0
0
0
0
0
0
0
0
0
0
0
0
0
0
0
0
0
0
0
0
0
0
0
0
0
0
0
0
0
0
0
0
0
0
0
0
0
0
0
0
0
0
0
0
0
0
0
0
0
0
0
0
0
0
0
0
0
0
0
0
0
0
0
0
0
0
0
0
0
0
0
0
0
0
0
0
0
0
0
0
0
0
0
0
0
0
0
0
0
0
0
0
0
0
0
0
0
0
0
0
0
0
0
0
0
0
0
0
0
0
0
0
0
0
0
0
0
0
0
0
0
0
0
0
0
0
0
0
0
0
0
0
0
0
0
0
0
0
0
0
0
0
0
0
0
0
0
0
0
0
0
0
0
0
0
0
0
0
0
0
0
0
0
0
0
0
0
0
0
0
0
0
0
0
0
0
0
0
0
0
0
0
0
0
0
0
0
0
0
0
0
0
0
0
0
0
0
0
0.283426
0.172208
0.0923272
0.0499106
0.0178953
0.0112893
0.00892512
0.00654606
0.00396305
0.00296722
0.00346542
0.00491333
0.00643148
0.00605934
0.00409205
0.00164728
0.000172895
3.93173e-06
6.65824e-09
9.13239e-12
1.17811e-14
1.43665e-17
1.71673e-20
1.9801e-23
2.33003e-26
2.78075e-29
3.38879e-32
4.13465e-35
4.96629e-38
5.85133e-41
6.70009e-44
7.75332e-47
9.03755e-50
1.08146e-52
1.33023e-55
1.68683e-58
2.20591e-61
3.01844e-64
4.74388e-67
1.0095e-69
3.43475e-72
1.53947e-74
7.66652e-77
3.8749e-79
1.93107e-81
9.56792e-84
4.6085e-86
2.18879e-88
1.00727e-90
4.51736e-93
1.97737e-95
8.41441e-98
3.52199e-100
1.44627e-102
5.83099e-105
2.33814e-107
9.14785e-110
3.58665e-112
1.37288e-114
5.26018e-117
1.98295e-119
7.48942e-122
2.80954e-124
1.06042e-126
4.02205e-129
1.54482e-131
6.03678e-134
2.40882e-136
9.85154e-139
4.14885e-141
1.79049e-143
7.94037e-146
3.60764e-148
1.66541e-150
7.84961e-153
3.72526e-155
1.7927e-157
8.66226e-160
4.21277e-162
2.05061e-164
2.42779e-167
1.45832e-172
2.96193e-177
1.89216e-181
1.03979e-184
1.59206e-187
2.55858e-190
4.09675e-193
6.49429e-196
1.02514e-198
1.59913e-201
2.49104e-204
3.82132e-207
5.80376e-210
8.61499e-213
1.23443e-215
1.68165e-218
2.17998e-221
2.6334e-224
2.83274e-227
2.50185e-230
1.72232e-233
1.04353e-236
5.84142e-240
3.08648e-243
1.55875e-246
7.586e-250
3.57879e-253
1.6438e-256
7.37687e-260
3.24233e-263
1.39905e-266
5.93757e-270
2.48113e-273
1.02202e-276
4.15344e-280
1.66646e-283
6.60516e-287
2.58748e-290
1.00225e-293
3.84025e-297
1.45611e-300
5.46566e-304
2.03171e-307
7.48205e-311
2.73074e-314
9.87892e-318
2.25294e-321
0
0
0
0
0
0
0
0
0
0
0
0
0
0
0
0
0
0
0
0
0
0
0
0
0
0
0
0
0
0
0
0
0
0
0
0
0
0
0
0
0
0
0
0
0
0
0
0
0
0
0
0
0
0
0
0
0
0
0
0
0
0
0
0
0
0
0
0
0
0
0
0
0
0
0
0
0
0
0
0
0
0
0
0
0
0
0
0
0
0
0
0
0
0
0
0
0
0
0
0
0
0
0
0
0
0
0
0
0
0
0
0
0
0
0
0
0
0
0
0
0
0
0
0
0
0
0
0
0
0
0
0
0
0
0
0
0
0
0
0
0
0
0
0
0
0
0
0
0
0
0
0
0
0
0
0
0
0
0
0
0
0
0
0
0
0
0
0
0
0
0
0
0
0
0
0
0
0
0
0
0
0
0
0
0
0
0
0
0
0
0
0
0
0
0
0
0
0
0
0
0
0
0
0
0
0
0
0
0
0
0
0
0
0
0
0
0
0
0
0
0
0
0
0
0
0
0
0
0
0
0
0
0
0
0
0
0
0
0
0
0
0
0
0
0
0
0
0
0
0
0
0
0
0
0
0
0
0
0
0
0
0
0
0
0
0
0
0
0
0
0
0
)
;

boundaryField
{
    wand
    {
        type            zeroGradient;
    }
    frontAndBack
    {
        type            empty;
    }
}


// ************************************************************************* //
