/*--------------------------------*- C++ -*----------------------------------*\
| =========                 |                                                 |
| \\      /  F ield         | OpenFOAM: The Open Source CFD Toolbox           |
|  \\    /   O peration     | Version:  2.1.1                                 |
|   \\  /    A nd           | Web:      www.OpenFOAM.org                      |
|    \\/     M anipulation  |                                                 |
\*---------------------------------------------------------------------------*/
FoamFile
{
    version     2.0;
    format      ascii;
    class       volScalarField;
    location    "0.000950000";
    object      H2O2;
}
// * * * * * * * * * * * * * * * * * * * * * * * * * * * * * * * * * * * * * //

dimensions      [0 0 0 0 0 0 0];

internalField   nonuniform List<scalar> 
12384
(
5.64116e-09
2.29027e-09
3.69961e-10
1.79812e-11
8.90893e-13
4.34667e-14
1.42845e-15
4.92748e-17
5.27119e-19
4.63676e-21
4.85029e-23
5.44582e-25
7.58234e-27
1.30213e-28
2.84787e-35
3.96622e-36
8.23562e-39
1.15248e-41
1.48351e-44
2.37577e-47
7.08806e-50
2.95582e-52
1.31663e-54
6.17229e-57
2.87699e-59
1.34752e-61
6.34652e-64
2.89767e-66
1.36802e-68
6.29218e-71
2.81783e-73
1.25486e-75
5.36822e-78
2.19985e-80
8.59806e-83
3.41083e-85
1.33821e-87
5.25242e-90
2.16071e-92
8.54295e-95
3.40984e-97
1.25132e-99
4.52573e-102
1.52103e-104
7.27029e-112
2.74217e-113
1.09223e-115
3.93599e-118
1.38285e-120
4.79874e-123
1.67325e-125
5.80505e-128
2.02183e-130
6.95685e-133
2.42193e-135
8.31802e-138
2.91655e-140
1.02754e-142
3.76653e-145
1.43785e-147
5.85719e-150
2.58996e-152
1.20997e-154
6.10223e-157
3.12555e-159
1.6628e-161
8.76747e-164
4.70153e-166
2.49254e-168
1.33465e-170
5.60585e-173
1.78364e-177
1.10871e-181
1.63131e-184
1.04664e-193
1.01848e-193
6.94374e-196
2.4075e-198
6.83395e-201
1.65421e-203
3.56891e-206
7.10774e-209
1.31945e-211
2.2738e-214
3.59354e-217
5.2985e-220
7.52167e-223
1.05678e-225
1.30753e-228
1.20025e-231
9.3745e-235
6.43208e-238
3.81391e-241
2.02686e-244
1.022e-247
5.06308e-251
2.4622e-254
1.19142e-257
5.64556e-261
2.69626e-264
1.20496e-267
5.30788e-271
2.331e-274
2.47951e-278
2.27154e-300
3.47454e-298
1.00928e-300
1.65122e-303
1.94699e-306
1.80826e-309
1.51023e-312
1.11645e-315
7.55258e-319
4.74303e-322
0
0
0
0
0
0
0
0
0
0
0
0
0
0
0
0
0
0
0
0
0
0
0
0
0
0
0
0
0
0
0
0
0
0
0
0
0
0
0
0
0
0
0
0
0
0
0
0
0
0
0
0
0
0
0
0
0
0
0
0
0
0
0
0
0
0
0
0
0
0
0
0
0
0
0
0
0
0
0
0
0
0
0
0
0
0
0
0
0
0
0
0
0
0
0
0
0
0
0
0
0
0
0
0
0
0
0
0
0
0
0
0
0
0
0
0
0
0
0
0
0
0
0
0
0
0
0
0
0
0
0
0
0
0
0
0
0
0
0
0
0
0
0
0
0
0
0
0
0
0
0
0
0
0
0
0
0
0
0
0
0
0
0
0
0
0
0
0
0
0
0
0
0
0
0
0
0
0
0
0
0
0
0
0
0
0
0
0
0
0
0
0
0
0
0
0
0
0
0
0
0
0
0
0
0
0
0
0
0
0
0
0
0
0
0
0
0
0
0
0
0
0
0
0
0
0
0
0
0
0
0
0
0
0
0
0
0
0
0
0
0
0
0
0
0
0
0
0
0
0
0
0
0
0
0
0
0
0
0
0
9.8732e-09
1.06908e-08
3.08782e-09
1.98571e-10
2.27311e-11
1.12461e-12
4.30705e-14
3.03891e-15
5.12956e-17
4.48738e-19
2.42837e-21
1.28144e-23
8.08803e-26
6.59245e-28
9.13699e-33
9.71478e-34
2.2093e-36
3.51333e-39
4.47646e-42
5.20341e-45
8.13639e-48
1.94809e-50
7.24769e-53
3.30901e-55
1.59326e-57
8.45941e-60
4.39626e-62
2.34608e-64
1.23405e-66
6.32701e-69
3.27285e-71
1.59287e-73
7.43573e-76
3.0254e-78
1.18534e-80
4.63108e-83
1.84648e-85
7.58738e-88
3.12981e-90
1.28424e-92
5.01221e-95
1.8352e-97
6.10452e-100
1.92665e-102
3.71914e-109
1.33519e-110
4.11587e-113
1.35149e-115
4.64915e-118
1.62942e-120
5.69554e-123
1.98892e-125
6.73407e-128
2.2705e-130
7.62369e-133
2.53457e-135
8.58752e-138
2.86096e-140
9.94109e-143
3.34474e-145
1.2335e-147
4.40548e-150
1.72669e-152
6.97121e-155
2.99219e-157
1.3578e-159
6.35869e-162
3.15101e-164
1.58772e-166
8.33068e-169
4.44922e-171
7.45371e-174
5.50891e-178
1.04525e-180
7.86567e-190
1.95964e-190
1.3727e-192
5.10794e-195
1.56019e-197
4.09587e-200
9.69365e-203
2.12971e-205
4.39129e-208
8.38027e-211
1.45382e-213
2.28437e-216
3.29264e-219
4.28623e-222
4.95228e-225
4.77526e-228
3.87671e-231
2.71218e-234
1.70139e-237
9.62426e-241
5.10886e-244
2.60504e-247
1.30905e-250
6.45037e-254
3.13864e-257
1.50055e-260
6.92171e-264
3.09193e-267
1.36522e-270
2.31974e-274
4.43906e-296
2.46224e-294
7.01399e-297
1.11274e-299
1.28878e-302
1.1993e-305
9.98561e-309
7.37827e-312
5.03133e-315
3.1516e-318
1.87745e-321
0
0
0
0
0
0
0
0
0
0
0
0
0
0
0
0
0
0
0
0
0
0
0
0
0
0
0
0
0
0
0
0
0
0
0
0
0
0
0
0
0
0
0
0
0
0
0
0
0
0
0
0
0
0
0
0
0
0
0
0
0
0
0
0
0
0
0
0
0
0
0
0
0
0
0
0
0
0
0
0
0
0
0
0
0
0
0
0
0
0
0
0
0
0
0
0
0
0
0
0
0
0
0
0
0
0
0
0
0
0
0
0
0
0
0
0
0
0
0
0
0
0
0
0
0
0
0
0
0
0
0
0
0
0
0
0
0
0
0
0
0
0
0
0
0
0
0
0
0
0
0
0
0
0
0
0
0
0
0
0
0
0
0
0
0
0
0
0
0
0
0
0
0
0
0
0
0
0
0
0
0
0
0
0
0
0
0
0
0
0
0
0
0
0
0
0
0
0
0
0
0
0
0
0
0
0
0
0
0
0
0
0
0
0
0
0
0
0
0
0
0
0
0
0
0
0
0
0
0
0
0
0
0
0
0
0
0
0
0
0
0
0
0
0
0
0
0
0
0
0
0
0
0
0
0
0
0
0
0
1.05063e-09
1.59463e-09
2.99454e-10
8.73492e-11
2.52346e-11
7.91925e-12
1.91031e-13
1.09793e-14
1.62025e-16
7.8226e-19
3.62248e-21
1.91843e-23
8.0473e-26
4.79977e-28
3.74988e-31
1.39542e-31
3.14931e-34
3.23037e-37
3.09574e-40
2.41658e-43
1.70409e-46
7.96129e-50
9.21348e-53
2.36714e-55
6.90506e-58
2.51549e-60
1.03732e-62
4.20468e-65
1.81037e-67
8.74764e-70
5.79838e-72
3.3994e-74
2.7996e-76
1.14406e-78
4.80301e-81
2.37319e-83
1.16183e-85
6.42557e-88
3.29842e-90
1.52993e-92
9.31284e-95
2.84097e-97
8.96741e-100
2.39221e-102
2.8551e-109
1.26326e-110
2.98699e-113
1.00448e-115
3.65688e-118
1.2847e-120
4.6175e-123
1.59061e-125
5.40873e-128
1.83166e-130
6.10059e-133
2.03751e-135
6.80915e-138
2.28287e-140
7.76706e-143
2.64418e-145
9.03463e-148
3.22708e-150
1.14698e-152
4.47346e-155
1.69392e-157
7.00294e-160
2.87492e-162
1.23623e-164
5.46206e-167
2.45886e-169
1.16175e-171
5.65529e-174
2.64504e-176
2.36171e-179
1.51777e-188
6.57033e-190
3.8995e-192
1.50493e-194
4.67934e-197
1.24723e-199
3.06309e-202
6.95835e-205
1.49888e-207
2.99526e-210
5.49363e-213
9.06773e-216
1.34276e-218
1.67934e-221
1.7036e-224
1.451e-227
1.07974e-230
6.96201e-234
4.07738e-237
2.29585e-240
1.28103e-243
6.99091e-247
3.75857e-250
1.96438e-253
1.00151e-256
4.91944e-260
2.31515e-263
1.06258e-266
4.74606e-270
5.26339e-274
1.68278e-294
2.7968e-293
7.28807e-296
1.05506e-298
1.12209e-301
9.76808e-305
7.62541e-308
5.33657e-311
3.4587e-314
2.07265e-317
1.17736e-320
4.94066e-324
0
0
0
0
0
0
0
0
0
0
0
0
0
0
0
0
0
0
0
0
0
0
0
0
0
0
0
0
0
0
0
0
0
0
0
0
0
0
0
0
0
0
0
0
0
0
0
0
0
0
0
0
0
0
0
0
0
0
0
0
0
0
0
0
0
0
0
0
0
0
0
0
0
0
0
0
0
0
0
0
0
0
0
0
0
0
0
0
0
0
0
0
0
0
0
0
0
0
0
0
0
0
0
0
0
0
0
0
0
0
0
0
0
0
0
0
0
0
0
0
0
0
0
0
0
0
0
0
0
0
0
0
0
0
0
0
0
0
0
0
0
0
0
0
0
0
0
0
0
0
0
0
0
0
0
0
0
0
0
0
0
0
0
0
0
0
0
0
0
0
0
0
0
0
0
0
0
0
0
0
0
0
0
0
0
0
0
0
0
0
0
0
0
0
0
0
0
0
0
0
0
0
0
0
0
0
0
0
0
0
0
0
0
0
0
0
0
0
0
0
0
0
0
0
0
0
0
0
0
0
0
0
0
0
0
0
0
0
0
0
0
0
0
0
0
0
0
0
0
0
0
0
0
0
0
0
0
0
5.71451e-08
9.75283e-08
3.72619e-08
6.75726e-09
9.87402e-10
7.44521e-10
2.54516e-10
1.99077e-11
1.98264e-13
5.09245e-16
1.05493e-18
9.12263e-22
3.43618e-24
2.43844e-26
4.49922e-26
4.94433e-26
1.32164e-28
1.58482e-31
1.4406e-34
7.36531e-38
4.28745e-41
2.35352e-44
2.2377e-47
4.39773e-50
1.26819e-52
3.92908e-55
1.19882e-57
4.25399e-60
1.50696e-62
5.48737e-65
1.92476e-67
6.83466e-70
2.23058e-72
7.53717e-75
2.53665e-77
9.14295e-80
3.62173e-82
1.46587e-84
5.28658e-87
2.09571e-89
7.28184e-92
2.18796e-94
5.32259e-97
1.27542e-99
5.64274e-105
1.77985e-106
4.20565e-109
1.35201e-111
4.4843e-114
1.54174e-116
4.8775e-119
1.64681e-121
5.13988e-124
1.6988e-126
5.31603e-129
1.7333e-131
5.51337e-134
1.78718e-136
5.85422e-139
1.89751e-141
6.51237e-144
2.15198e-146
7.82051e-149
2.72771e-151
1.05808e-153
4.00492e-156
1.55795e-158
6.82371e-161
2.8024e-163
1.23013e-165
5.62837e-168
2.56392e-170
1.24919e-172
5.8671e-175
4.30972e-184
1.26369e-186
4.00448e-189
1.34419e-191
3.70628e-194
9.11163e-197
2.03863e-199
4.35009e-202
8.76988e-205
1.69763e-207
3.08217e-210
5.25556e-213
8.08967e-216
1.06499e-218
1.11648e-221
9.68489e-225
7.46023e-228
5.31233e-231
3.5339e-234
2.23542e-237
1.34485e-240
7.79314e-244
4.33746e-247
2.34298e-250
1.22397e-253
6.23654e-257
3.09231e-260
1.49719e-263
6.92044e-267
1.38445e-270
5.61334e-290
1.12364e-289
2.61506e-292
3.4165e-295
3.36028e-298
2.75912e-301
1.995e-304
1.31499e-307
8.00738e-311
4.59269e-314
2.48637e-317
1.28754e-320
4.94066e-324
0
0
0
0
0
0
0
0
0
0
0
0
0
0
0
0
0
0
0
0
0
0
0
0
0
0
0
0
0
0
0
0
0
0
0
0
0
0
0
0
0
0
0
0
0
0
0
0
0
0
0
0
0
0
0
0
0
0
0
0
0
0
0
0
0
0
0
0
0
0
0
0
0
0
0
0
0
0
0
0
0
0
0
0
0
0
0
0
0
0
0
0
0
0
0
0
0
0
0
0
0
0
0
0
0
0
0
0
0
0
0
0
0
0
0
0
0
0
0
0
0
0
0
0
0
0
0
0
0
0
0
0
0
0
0
0
0
0
0
0
0
0
0
0
0
0
0
0
0
0
0
0
0
0
0
0
0
0
0
0
0
0
0
0
0
0
0
0
0
0
0
0
0
0
0
0
0
0
0
0
0
0
0
0
0
0
0
0
0
0
0
0
0
0
0
0
0
0
0
0
0
0
0
0
0
0
0
0
0
0
0
0
0
0
0
0
0
0
0
0
0
0
0
0
0
0
0
0
0
0
0
0
0
0
0
0
0
0
0
0
0
0
0
0
0
0
0
0
0
0
0
0
0
0
0
0
0
3.84092e-07
3.4586e-07
3.73985e-07
2.28212e-07
7.76686e-08
3.43112e-08
1.44936e-08
4.63562e-09
6.59812e-10
4.97688e-12
8.18964e-15
9.23228e-18
8.57489e-21
3.00112e-23
2.09362e-21
2.01172e-21
5.71975e-24
1.00072e-26
1.02989e-29
7.39712e-33
3.48728e-36
1.80849e-39
1.04209e-42
1.05416e-45
2.3222e-48
6.85823e-51
2.36804e-53
7.93378e-56
2.92531e-58
1.0608e-60
3.74487e-63
1.37903e-65
4.56439e-68
1.46945e-70
5.01801e-73
1.75726e-75
6.80872e-78
2.60229e-80
9.97647e-83
3.50564e-85
1.13185e-87
3.08697e-90
7.29282e-93
1.67016e-95
1.49447e-100
4.65289e-102
1.18615e-104
3.65784e-107
1.23089e-109
4.14329e-112
1.41348e-114
4.53527e-117
1.54766e-119
4.67481e-122
1.57657e-124
4.95991e-127
1.66023e-129
5.22606e-132
1.76175e-134
5.5704e-137
1.9257e-139
6.17528e-142
2.22266e-144
7.44836e-147
2.82124e-149
1.02167e-151
4.09032e-154
1.62043e-156
6.85302e-159
2.89477e-161
1.2848e-163
5.61305e-166
2.57942e-168
1.19368e-170
6.16202e-179
6.22e-182
2.28848e-185
4.40318e-188
1.03427e-190
2.24879e-193
4.67531e-196
9.2492e-199
1.78972e-201
3.32486e-204
5.96965e-207
1.01648e-209
1.63319e-212
2.35817e-215
2.86741e-218
2.76071e-221
2.22968e-224
1.61095e-227
1.08163e-230
6.80432e-234
4.08506e-237
2.33682e-240
1.29139e-243
6.86518e-247
3.55015e-250
1.77872e-253
8.70117e-257
4.15511e-260
1.89756e-263
4.25228e-267
6.5719e-285
1.87882e-285
3.59661e-288
4.07876e-291
3.55282e-294
2.63455e-297
1.74822e-300
1.06297e-303
6.06383e-307
3.25848e-310
1.67505e-313
8.21459e-317
3.89027e-320
1.97626e-323
0
0
0
0
0
0
0
0
0
0
0
0
0
0
0
0
0
0
0
0
0
0
0
0
0
0
0
0
0
0
0
0
0
0
0
0
0
0
0
0
0
0
0
0
0
0
0
0
0
0
0
0
0
0
0
0
0
0
0
0
0
0
0
0
0
0
0
0
0
0
0
0
0
0
0
0
0
0
0
0
0
0
0
0
0
0
0
0
0
0
0
0
0
0
0
0
0
0
0
0
0
0
0
0
0
0
0
0
0
0
0
0
0
0
0
0
0
0
0
0
0
0
0
0
0
0
0
0
0
0
0
0
0
0
0
0
0
0
0
0
0
0
0
0
0
0
0
0
0
0
0
0
0
0
0
0
0
0
0
0
0
0
0
0
0
0
0
0
0
0
0
0
0
0
0
0
0
0
0
0
0
0
0
0
0
0
0
0
0
0
0
0
0
0
0
0
0
0
0
0
0
0
0
0
0
0
0
0
0
0
0
0
0
0
0
0
0
0
0
0
0
0
0
0
0
0
0
0
0
0
0
0
0
0
0
0
0
0
0
0
0
0
0
0
0
0
0
0
0
0
0
0
0
0
0
0
3.00417e-07
2.9679e-07
3.1691e-07
3.64023e-07
3.35084e-07
2.09055e-07
1.96681e-07
1.19087e-07
3.39826e-08
5.60755e-09
4.72405e-11
7.79921e-14
6.75766e-17
1.92257e-19
1.74813e-17
2.48823e-18
2.39178e-21
2.63315e-24
5.21577e-27
1.9785e-29
4.20279e-32
3.16274e-35
2.00052e-38
1.39716e-41
1.80291e-44
4.60547e-47
1.53851e-49
5.70811e-52
2.0842e-54
7.8991e-57
2.88141e-59
1.03985e-61
3.59893e-64
1.19253e-66
3.99821e-69
1.39586e-71
5.2396e-74
2.02559e-76
7.81953e-79
2.79717e-81
9.02232e-84
2.77005e-86
6.69018e-89
1.46261e-91
1.53998e-96
5.01264e-98
1.29153e-100
4.04035e-103
1.2514e-105
4.34619e-108
1.43879e-110
5.02019e-113
1.61928e-115
5.52769e-118
1.69221e-120
5.65682e-123
1.79915e-125
5.94942e-128
1.90152e-130
6.28109e-133
2.04533e-135
6.77956e-138
2.29622e-140
7.71718e-143
2.79237e-145
9.74486e-148
3.80864e-150
1.41945e-152
5.95548e-155
2.37847e-157
1.04199e-159
4.381e-162
1.94181e-164
8.16846e-167
6.4484e-174
2.58879e-177
4.30382e-181
1.49312e-184
2.0359e-187
3.78032e-190
7.05208e-193
1.30159e-195
2.33983e-198
4.13693e-201
7.0952e-204
1.18674e-206
1.89381e-209
2.83067e-212
3.77533e-215
4.15834e-218
3.66241e-221
2.75507e-224
1.87562e-227
1.18802e-230
7.09955e-234
4.04375e-237
2.2086e-240
1.16331e-243
5.92727e-247
2.93347e-250
1.41319e-253
6.64037e-257
2.9879e-260
6.4793e-264
4.457e-280
2.09931e-281
3.19829e-284
3.05564e-287
2.32472e-290
1.53823e-293
9.24499e-297
5.17498e-300
2.73608e-303
1.38009e-306
6.67598e-310
3.11125e-313
1.40074e-316
6.11011e-320
2.47033e-323
0
0
0
0
0
0
0
0
0
0
0
0
0
0
0
0
0
0
0
0
0
0
0
0
0
0
0
0
0
0
0
0
0
0
0
0
0
0
0
0
0
0
0
0
0
0
0
0
0
0
0
0
0
0
0
0
0
0
0
0
0
0
0
0
0
0
0
0
0
0
0
0
0
0
0
0
0
0
0
0
0
0
0
0
0
0
0
0
0
0
0
0
0
0
0
0
0
0
0
0
0
0
0
0
0
0
0
0
0
0
0
0
0
0
0
0
0
0
0
0
0
0
0
0
0
0
0
0
0
0
0
0
0
0
0
0
0
0
0
0
0
0
0
0
0
0
0
0
0
0
0
0
0
0
0
0
0
0
0
0
0
0
0
0
0
0
0
0
0
0
0
0
0
0
0
0
0
0
0
0
0
0
0
0
0
0
0
0
0
0
0
0
0
0
0
0
0
0
0
0
0
0
0
0
0
0
0
0
0
0
0
0
0
0
0
0
0
0
0
0
0
0
0
0
0
0
0
0
0
0
0
0
0
0
0
0
0
0
0
0
0
0
0
0
0
0
0
0
0
0
0
0
0
0
0
3.10906e-07
3.22863e-07
3.22054e-07
3.06857e-07
2.97002e-07
3.14288e-07
2.80136e-07
2.75904e-07
2.66295e-07
1.96877e-07
1.71587e-08
2.82336e-10
3.27748e-13
1.10437e-15
2.00479e-14
2.19229e-15
2.04472e-18
1.03504e-21
6.83183e-25
9.91264e-28
3.05942e-30
1.47168e-32
4.18142e-35
5.43706e-38
5.8453e-41
1.00799e-43
3.10038e-46
1.24173e-48
5.25239e-51
2.23357e-53
9.38253e-56
3.69923e-58
1.40237e-60
5.02113e-63
1.73808e-65
6.55219e-68
2.53612e-70
1.04492e-72
4.23666e-75
1.54793e-77
5.45633e-80
1.60981e-82
3.91922e-85
8.28957e-88
5.67318e-93
1.64761e-94
5.12869e-97
1.66386e-99
5.79254e-102
2.04377e-104
7.44738e-107
2.65096e-109
9.64909e-112
3.29409e-114
1.1671e-116
3.76072e-119
1.2955e-121
4.18738e-124
1.42178e-126
4.59411e-129
1.54996e-131
5.07258e-134
1.71946e-136
5.77077e-139
2.01303e-141
7.02895e-144
2.59633e-146
9.59642e-149
3.81221e-151
1.498e-153
6.28997e-156
2.59166e-158
1.11605e-160
4.84721e-163
4.34716e-170
2.88678e-172
3.45483e-176
3.97624e-180
1.25776e-183
8.12244e-187
1.20408e-189
1.98014e-192
3.29796e-195
5.42578e-198
8.85778e-201
1.41672e-203
2.20878e-206
3.28757e-209
4.57416e-212
5.6585e-215
5.74576e-218
4.70184e-221
3.31816e-224
2.13159e-227
1.27873e-230
7.25879e-234
3.93744e-237
2.0526e-240
1.03351e-243
5.04282e-247
2.39178e-250
1.10509e-253
4.89765e-257
1.13284e-260
4.21616e-275
2.97303e-277
3.35998e-280
2.61784e-283
1.7001e-286
9.88947e-290
5.3372e-293
2.72465e-296
1.3309e-299
6.2597e-303
2.84719e-306
1.25496e-309
5.37153e-313
2.23557e-316
9.05573e-320
3.45846e-323
0
0
0
0
0
0
0
0
0
0
0
0
0
0
0
0
0
0
0
0
0
0
0
0
0
0
0
0
0
0
0
0
0
0
0
0
0
0
0
0
0
0
0
0
0
0
0
0
0
0
0
0
0
0
0
0
0
0
0
0
0
0
0
0
0
0
0
0
0
0
0
0
0
0
0
0
0
0
0
0
0
0
0
0
0
0
0
0
0
0
0
0
0
0
0
0
0
0
0
0
0
0
0
0
0
0
0
0
0
0
0
0
0
0
0
0
0
0
0
0
0
0
0
0
0
0
0
0
0
0
0
0
0
0
0
0
0
0
0
0
0
0
0
0
0
0
0
0
0
0
0
0
0
0
0
0
0
0
0
0
0
0
0
0
0
0
0
0
0
0
0
0
0
0
0
0
0
0
0
0
0
0
0
0
0
0
0
0
0
0
0
0
0
0
0
0
0
0
0
0
0
0
0
0
0
0
0
0
0
0
0
0
0
0
0
0
0
0
0
0
0
0
0
0
0
0
0
0
0
0
0
0
0
0
0
0
0
0
0
0
0
0
0
0
0
0
0
0
0
0
0
0
0
0
3.3801e-07
3.32186e-07
2.82467e-07
1.85469e-07
1.30645e-07
1.69016e-07
2.07359e-07
2.24151e-07
2.46202e-07
2.65746e-07
8.62305e-08
8.9897e-09
2.62907e-10
2.22714e-12
1.18909e-11
2.77357e-12
8.35367e-15
2.43184e-18
4.7843e-22
2.14777e-25
3.05397e-28
1.05038e-30
3.3095e-33
8.98792e-36
1.59136e-38
3.08763e-41
7.71313e-44
3.18692e-46
1.64889e-48
8.56562e-51
4.30002e-53
2.06642e-55
8.9303e-58
3.63124e-60
1.31644e-62
5.23914e-65
2.22952e-67
9.86813e-70
4.29538e-72
1.7864e-74
6.81338e-77
2.26987e-79
6.24129e-82
1.48363e-84
1.75027e-90
3.52645e-92
1.6516e-94
8.74064e-97
4.12329e-99
1.73778e-101
6.97933e-104
2.70176e-106
1.02737e-108
3.76236e-111
1.36842e-113
4.8008e-116
1.66938e-118
5.66228e-121
1.91823e-123
6.4219e-126
2.15188e-128
7.18851e-131
2.38658e-133
8.04165e-136
2.74321e-138
9.49065e-141
3.36845e-143
1.2246e-145
4.60704e-148
1.77692e-150
7.06341e-153
2.85599e-155
1.18964e-157
5.04253e-160
5.17934e-167
2.89328e-169
1.38067e-171
1.18608e-175
3.85805e-179
3.71097e-183
9.85172e-187
1.14122e-189
1.70101e-192
2.5996e-195
3.96169e-198
5.98194e-201
8.83475e-204
1.2621e-206
1.71873e-209
2.17761e-212
2.43701e-215
2.25092e-218
1.70798e-221
1.13189e-224
6.87021e-228
3.90757e-231
2.1096e-234
1.08994e-237
5.41274e-241
2.59145e-244
1.1997e-247
5.39262e-251
2.32375e-254
5.59843e-258
1.46507e-270
1.59575e-273
1.21332e-276
7.36319e-280
3.98039e-283
2.00525e-286
9.63278e-290
4.46185e-293
2.00359e-296
8.75381e-300
3.72897e-303
1.5509e-306
6.29688e-310
2.49812e-313
9.66017e-317
3.65707e-320
1.4822e-323
0
0
0
0
0
0
0
0
0
0
0
0
0
0
0
0
0
0
0
0
0
0
0
0
0
0
0
0
0
0
0
0
0
0
0
0
0
0
0
0
0
0
0
0
0
0
0
0
0
0
0
0
0
0
0
0
0
0
0
0
0
0
0
0
0
0
0
0
0
0
0
0
0
0
0
0
0
0
0
0
0
0
0
0
0
0
0
0
0
0
0
0
0
0
0
0
0
0
0
0
0
0
0
0
0
0
0
0
0
0
0
0
0
0
0
0
0
0
0
0
0
0
0
0
0
0
0
0
0
0
0
0
0
0
0
0
0
0
0
0
0
0
0
0
0
0
0
0
0
0
0
0
0
0
0
0
0
0
0
0
0
0
0
0
0
0
0
0
0
0
0
0
0
0
0
0
0
0
0
0
0
0
0
0
0
0
0
0
0
0
0
0
0
0
0
0
0
0
0
0
0
0
0
0
0
0
0
0
0
0
0
0
0
0
0
0
0
0
0
0
0
0
0
0
0
0
0
0
0
0
0
0
0
0
0
0
0
0
0
0
0
0
0
0
0
0
0
0
0
0
0
0
0
3.0556e-07
2.29639e-07
8.5793e-08
2.43532e-08
2.2937e-08
4.78665e-08
8.88503e-08
1.04584e-07
9.7134e-08
1.05242e-07
1.05034e-07
1.99046e-07
8.64685e-08
6.45868e-09
2.47496e-09
3.39382e-09
4.20214e-09
1.56816e-09
2.03974e-11
2.9718e-15
3.57622e-19
9.46934e-23
6.91593e-26
1.33211e-28
3.46767e-31
7.55917e-34
1.27679e-36
1.88483e-39
2.58103e-42
5.19354e-45
1.49016e-47
6.27271e-50
3.17414e-52
1.85138e-54
1.06662e-56
6.09338e-59
3.46924e-61
1.94492e-63
1.10056e-65
6.01018e-68
3.48184e-70
2.03346e-72
1.14733e-74
5.96833e-77
2.98547e-79
1.13239e-81
3.87665e-84
1.84719e-86
9.57802e-89
4.44774e-91
2.82347e-93
2.1578e-95
1.22719e-97
6.99665e-100
3.30779e-102
1.51814e-104
6.23129e-107
2.58918e-109
9.90525e-112
3.83071e-114
1.39045e-116
5.05107e-119
1.76566e-121
6.14529e-124
2.12206e-126
7.19071e-129
2.48571e-131
8.33742e-134
2.90688e-136
9.87595e-139
3.48828e-141
1.23602e-143
4.49891e-146
1.68482e-148
6.38915e-151
2.52003e-153
1.0262e-155
4.28313e-158
1.83895e-160
8.67423e-163
5.22591e-165
2.718e-167
1.30118e-169
5.83097e-172
3.10813e-175
1.65943e-179
9.48101e-184
1.37803e-187
1.27244e-190
1.45371e-193
1.95831e-196
2.48358e-199
3.37695e-202
4.38397e-205
5.79162e-208
7.26461e-211
8.64403e-214
9.03391e-217
7.84467e-220
5.62501e-223
3.52411e-226
2.02507e-229
1.0921e-232
5.5876e-236
2.70927e-239
1.23224e-242
5.24423e-246
2.12918e-249
8.22855e-253
3.07094e-256
6.89223e-260
5.50996e-264
2.04141e-267
1.0554e-270
4.83807e-274
2.15976e-277
9.4252e-281
4.05136e-284
1.72471e-287
7.25196e-291
2.98889e-294
1.20506e-297
4.76843e-301
1.85673e-304
7.1065e-308
2.67507e-311
9.80108e-315
3.53388e-318
1.25493e-321
0
0
0
0
0
0
0
0
0
0
0
0
0
0
0
0
0
0
0
0
0
0
0
0
0
0
0
0
0
0
0
0
0
0
0
0
0
0
0
0
0
0
0
0
0
0
0
0
0
0
0
0
0
0
0
0
0
0
0
0
0
0
0
0
0
0
0
0
0
0
0
0
0
0
0
0
0
0
0
0
0
0
0
0
0
0
0
0
0
0
0
0
0
0
0
0
0
0
0
0
0
0
0
0
0
0
0
0
0
0
0
0
0
0
0
0
0
0
0
0
0
0
0
0
0
0
0
0
0
0
0
0
0
0
0
0
0
0
0
0
0
0
0
0
0
0
0
0
0
0
0
0
0
0
0
0
0
0
0
0
0
0
0
0
0
0
0
0
0
0
0
0
0
0
0
0
0
0
0
0
0
0
0
0
0
0
0
0
0
0
0
0
0
0
0
0
0
0
0
0
0
0
0
0
0
0
0
0
0
0
0
0
0
0
0
0
0
0
0
0
0
0
0
0
0
0
0
0
0
0
0
0
0
0
0
0
0
0
0
0
0
0
0
0
0
0
0
0
0
0
0
0
0
0
0
0
0
0
0
0
0
0
0
0
0
0
0
0
0
0
0
6.68952e-08
2.46259e-08
5.48441e-09
2.37239e-09
3.05653e-09
9.03156e-09
2.46006e-08
4.57979e-08
3.80052e-08
4.8328e-08
3.41544e-08
2.28395e-08
2.40736e-08
2.79964e-07
2.718e-07
2.67146e-07
1.03357e-07
1.37784e-08
6.37244e-10
3.69631e-13
9.22395e-17
2.80426e-20
1.73872e-23
2.36093e-26
4.06734e-29
6.54169e-32
1.01449e-34
1.24098e-37
1.78069e-40
2.23376e-43
3.02707e-46
5.16111e-49
9.88313e-52
2.33798e-54
7.57897e-57
3.4715e-59
2.03332e-61
1.46031e-63
9.87239e-66
6.66857e-68
4.30916e-70
2.76694e-72
1.74179e-74
1.24452e-76
8.41422e-79
7.18894e-81
2.78788e-83
8.73038e-86
2.10128e-88
5.79526e-91
2.83076e-93
1.77021e-95
1.00915e-97
5.10305e-100
2.49198e-102
1.17213e-104
5.70838e-107
2.64375e-109
1.1904e-111
5.16622e-114
2.20604e-116
9.0711e-119
3.70217e-121
1.47178e-123
5.8309e-126
2.28792e-128
8.92513e-131
3.50232e-133
1.36563e-135
5.42405e-138
2.15844e-140
8.8014e-143
3.63351e-145
1.54326e-147
6.65193e-150
2.94874e-152
1.3177e-154
6.07371e-157
2.66084e-159
1.24393e-161
5.78572e-164
2.7719e-166
1.29986e-168
6.21907e-171
2.86549e-173
1.1032e-177
4.62502e-182
4.09868e-186
2.47547e-189
2.71273e-192
3.19604e-195
3.91322e-198
4.87967e-201
6.1353e-204
7.6711e-207
9.34972e-210
1.07924e-212
1.13408e-215
1.03434e-218
7.9678e-222
5.23021e-225
3.04521e-228
1.63049e-231
8.16864e-235
3.87852e-238
1.75645e-241
7.63094e-245
3.25031e-248
1.36106e-251
5.59306e-255
2.21851e-258
9.10854e-262
3.76145e-265
1.44777e-268
5.51517e-272
2.07433e-275
7.7011e-279
2.85714e-282
1.06229e-285
3.95091e-289
1.46065e-292
5.35092e-296
1.94145e-299
6.97557e-303
2.47985e-306
8.72699e-310
3.01835e-313
1.03243e-316
3.50046e-320
9.88131e-324
0
0
0
0
0
0
0
0
0
0
0
0
0
0
0
0
0
0
0
0
0
0
0
0
0
0
0
0
0
0
0
0
0
0
0
0
0
0
0
0
0
0
0
0
0
0
0
0
0
0
0
0
0
0
0
0
0
0
0
0
0
0
0
0
0
0
0
0
0
0
0
0
0
0
0
0
0
0
0
0
0
0
0
0
0
0
0
0
0
0
0
0
0
0
0
0
0
0
0
0
0
0
0
0
0
0
0
0
0
0
0
0
0
0
0
0
0
0
0
0
0
0
0
0
0
0
0
0
0
0
0
0
0
0
0
0
0
0
0
0
0
0
0
0
0
0
0
0
0
0
0
0
0
0
0
0
0
0
0
0
0
0
0
0
0
0
0
0
0
0
0
0
0
0
0
0
0
0
0
0
0
0
0
0
0
0
0
0
0
0
0
0
0
0
0
0
0
0
0
0
0
0
0
0
0
0
0
0
0
0
0
0
0
0
0
0
0
0
0
0
0
0
0
0
0
0
0
0
0
0
0
0
0
0
0
0
0
0
0
0
0
0
0
0
0
0
0
0
0
0
0
0
0
0
0
0
0
0
0
0
0
0
0
0
0
0
0
0
0
0
2.40533e-09
1.08261e-09
4.13786e-10
2.87622e-10
5.38894e-10
1.61613e-09
4.59421e-09
9.72716e-09
1.56253e-08
1.18752e-08
1.12958e-08
1.17605e-08
1.04403e-08
1.94273e-08
1.64778e-08
1.85612e-08
1.187e-08
3.95185e-09
2.75229e-10
1.96399e-12
3.61854e-16
1.00739e-19
5.80528e-23
5.61096e-26
6.9387e-29
8.69888e-32
1.12862e-34
1.34196e-37
1.56211e-40
2.08824e-43
2.81719e-46
3.78986e-49
5.56194e-52
8.98982e-55
1.61442e-57
3.36469e-60
1.06451e-62
4.378e-65
2.4639e-67
1.61956e-69
1.11205e-71
7.91939e-74
5.56505e-76
3.84717e-78
2.79388e-80
2.35758e-82
1.06122e-84
3.63088e-87
1.06091e-89
3.41295e-92
1.41788e-94
6.60577e-97
3.04197e-99
1.39407e-101
6.24745e-104
3.03881e-106
1.37152e-108
6.18618e-111
2.70837e-113
1.17324e-115
4.96088e-118
2.05121e-120
8.33357e-123
3.31336e-125
1.3075e-127
5.07832e-130
1.97388e-132
7.60023e-135
2.95883e-137
1.14601e-139
4.553e-142
1.81327e-144
7.4868e-147
3.11874e-149
1.35391e-151
5.95807e-154
2.7034e-156
1.25472e-158
5.82303e-161
2.7405e-163
1.27648e-165
6.14694e-168
2.94233e-170
1.42997e-172
5.99232e-175
1.63174e-179
4.03433e-184
2.01117e-188
1.29216e-191
1.531e-194
1.8861e-197
2.37072e-200
3.02192e-203
3.86959e-206
4.92824e-209
6.18528e-212
7.52678e-215
8.69067e-218
9.15846e-221
8.35808e-224
6.36098e-227
4.10339e-230
2.36588e-233
1.26435e-236
6.38037e-240
3.047e-243
1.38053e-246
6.08647e-250
2.63033e-253
1.09587e-256
4.58671e-260
1.93578e-263
7.72646e-267
2.98927e-270
1.16555e-273
4.49625e-277
1.72334e-280
6.63252e-284
2.54338e-287
9.61308e-291
3.56007e-294
1.2942e-297
4.63328e-301
1.63757e-304
5.72255e-308
1.97794e-311
6.74541e-315
2.27895e-318
7.65802e-322
0
0
0
0
0
0
0
0
0
0
0
0
0
0
0
0
0
0
0
0
0
0
0
0
0
0
0
0
0
0
0
0
0
0
0
0
0
0
0
0
0
0
0
0
0
0
0
0
0
0
0
0
0
0
0
0
0
0
0
0
0
0
0
0
0
0
0
0
0
0
0
0
0
0
0
0
0
0
0
0
0
0
0
0
0
0
0
0
0
0
0
0
0
0
0
0
0
0
0
0
0
0
0
0
0
0
0
0
0
0
0
0
0
0
0
0
0
0
0
0
0
0
0
0
0
0
0
0
0
0
0
0
0
0
0
0
0
0
0
0
0
0
0
0
0
0
0
0
0
0
0
0
0
0
0
0
0
0
0
0
0
0
0
0
0
0
0
0
0
0
0
0
0
0
0
0
0
0
0
0
0
0
0
0
0
0
0
0
0
0
0
0
0
0
0
0
0
0
0
0
0
0
0
0
0
0
0
0
0
0
0
0
0
0
0
0
0
0
0
0
0
0
0
0
0
0
0
0
0
0
0
0
0
0
0
0
0
0
0
0
0
0
0
0
0
0
0
0
0
0
0
0
0
0
0
0
0
0
0
0
0
0
0
0
0
0
0
0
0
0
0
1.28263e-10
1.03518e-10
8.18788e-11
8.02994e-11
9.33511e-11
2.43528e-10
4.58196e-10
1.28257e-09
2.09868e-09
4.44173e-09
4.45767e-09
4.72759e-09
4.2525e-09
3.71569e-09
3.95613e-09
3.54113e-09
3.48585e-09
5.31695e-10
4.9071e-11
1.45903e-13
4.83949e-17
2.80619e-20
2.24415e-23
2.03303e-26
2.12071e-29
2.39044e-32
2.66732e-35
3.22461e-38
4.52152e-41
5.69715e-44
7.15066e-47
9.30652e-50
1.25537e-52
1.77274e-55
2.65087e-58
4.92027e-61
8.32715e-64
1.59144e-66
3.80122e-69
1.30554e-71
6.2033e-74
3.54431e-76
2.11969e-78
1.45415e-80
1.03137e-82
9.58983e-85
4.43472e-87
1.63175e-89
5.28414e-92
1.59688e-94
6.51458e-97
2.84276e-99
1.38061e-101
6.23116e-104
2.82944e-106
1.2834e-108
5.68098e-111
2.50706e-113
1.0798e-115
4.5722e-118
1.90742e-120
7.72609e-123
3.09939e-125
1.20931e-127
4.76283e-130
1.82133e-132
7.11419e-135
2.7252e-137
1.0703e-139
4.18244e-142
1.68594e-144
6.83666e-147
2.8845e-149
1.22872e-151
5.45429e-154
2.44588e-156
1.13093e-158
5.27374e-161
2.5016e-163
1.19229e-165
5.68223e-168
2.76013e-170
1.33183e-172
6.28606e-175
2.43946e-179
8.47527e-184
3.77369e-188
1.52139e-191
1.84944e-194
2.41904e-197
3.20808e-200
4.29186e-203
5.78675e-206
7.80214e-209
1.04572e-211
1.37663e-214
1.76485e-217
2.1638e-220
2.44923e-223
2.42885e-226
2.00646e-229
1.37459e-232
8.24314e-236
4.5458e-239
2.35869e-242
1.16583e-245
5.53662e-249
2.54376e-252
1.13602e-255
4.9485e-259
2.11339e-262
8.84614e-266
3.6316e-269
1.46914e-272
5.86094e-276
2.30696e-279
8.96707e-283
3.44408e-286
1.30731e-289
4.90391e-293
1.81795e-296
6.66227e-300
2.41409e-303
8.65213e-307
3.06743e-310
1.07596e-313
3.73453e-317
1.28309e-320
4.94066e-324
0
0
0
0
0
0
0
0
0
0
0
0
0
0
0
0
0
0
0
0
0
0
0
0
0
0
0
0
0
0
0
0
0
0
0
0
0
0
0
0
0
0
0
0
0
0
0
0
0
0
0
0
0
0
0
0
0
0
0
0
0
0
0
0
0
0
0
0
0
0
0
0
0
0
0
0
0
0
0
0
0
0
0
0
0
0
0
0
0
0
0
0
0
0
0
0
0
0
0
0
0
0
0
0
0
0
0
0
0
0
0
0
0
0
0
0
0
0
0
0
0
0
0
0
0
0
0
0
0
0
0
0
0
0
0
0
0
0
0
0
0
0
0
0
0
0
0
0
0
0
0
0
0
0
0
0
0
0
0
0
0
0
0
0
0
0
0
0
0
0
0
0
0
0
0
0
0
0
0
0
0
0
0
0
0
0
0
0
0
0
0
0
0
0
0
0
0
0
0
0
0
0
0
0
0
0
0
0
0
0
0
0
0
0
0
0
0
0
0
0
0
0
0
0
0
0
0
0
0
0
0
0
0
0
0
0
0
0
0
0
0
0
0
0
0
0
0
0
0
0
0
0
0
0
0
0
0
0
0
0
0
0
0
0
0
0
0
0
0
0
0
1.77518e-11
2.23009e-11
2.56833e-11
2.87488e-11
4.30691e-11
5.1258e-11
8.8794e-11
1.26852e-10
3.24994e-10
5.71735e-10
9.27878e-10
1.89598e-09
1.28928e-09
1.4465e-09
1.21525e-09
1.22655e-09
1.09986e-09
1.53167e-10
1.07709e-11
9.50447e-15
9.18324e-18
8.62089e-21
7.47675e-24
6.68884e-27
5.88764e-30
5.27156e-33
4.8418e-36
4.67163e-39
5.7107e-42
5.23415e-45
6.38518e-48
7.09533e-51
8.15323e-54
9.57248e-57
1.18167e-59
1.48545e-62
1.91072e-65
2.61923e-68
3.87368e-71
7.24107e-74
2.23532e-76
1.00806e-78
5.48847e-81
3.13756e-83
1.78286e-85
1.12845e-87
5.80131e-90
2.64601e-92
1.11949e-94
4.60851e-97
1.97209e-99
8.49191e-102
3.70554e-104
1.58309e-106
6.86531e-109
2.93388e-111
1.23838e-113
5.27349e-116
2.16496e-118
8.97708e-121
3.58259e-123
1.4258e-125
5.54988e-128
2.1355e-130
8.27926e-133
3.13847e-135
1.22105e-137
4.67877e-140
1.84758e-142
7.31994e-145
2.99269e-147
1.24313e-149
5.33861e-152
2.33492e-154
1.0542e-156
4.82063e-159
2.26375e-161
1.06437e-163
5.11863e-166
2.4614e-168
1.18695e-170
5.79684e-173
2.7695e-175
1.34556e-179
5.86913e-184
2.72724e-188
7.07775e-192
8.63032e-195
1.20014e-197
1.68718e-200
2.38334e-203
3.34984e-206
4.74626e-209
6.71278e-212
9.43021e-215
1.29629e-217
1.7337e-220
2.22913e-223
2.6853e-226
2.92178e-229
2.70052e-232
2.02962e-235
1.28653e-238
7.37485e-242
3.94511e-245
2.00297e-248
9.75153e-252
4.58502e-255
2.09322e-258
9.30488e-262
4.05321e-265
1.72857e-268
7.23258e-272
2.9841e-275
1.21167e-278
4.85238e-282
1.91788e-285
7.48551e-289
2.88644e-292
1.09998e-295
4.14416e-299
1.54401e-302
5.69042e-306
2.07497e-309
7.48799e-313
2.67479e-316
9.46037e-320
3.45846e-323
0
0
0
0
0
0
0
0
0
0
0
0
0
0
0
0
0
0
0
0
0
0
0
0
0
0
0
0
0
0
0
0
0
0
0
0
0
0
0
0
0
0
0
0
0
0
0
0
0
0
0
0
0
0
0
0
0
0
0
0
0
0
0
0
0
0
0
0
0
0
0
0
0
0
0
0
0
0
0
0
0
0
0
0
0
0
0
0
0
0
0
0
0
0
0
0
0
0
0
0
0
0
0
0
0
0
0
0
0
0
0
0
0
0
0
0
0
0
0
0
0
0
0
0
0
0
0
0
0
0
0
0
0
0
0
0
0
0
0
0
0
0
0
0
0
0
0
0
0
0
0
0
0
0
0
0
0
0
0
0
0
0
0
0
0
0
0
0
0
0
0
0
0
0
0
0
0
0
0
0
0
0
0
0
0
0
0
0
0
0
0
0
0
0
0
0
0
0
0
0
0
0
0
0
0
0
0
0
0
0
0
0
0
0
0
0
0
0
0
0
0
0
0
0
0
0
0
0
0
0
0
0
0
0
0
0
0
0
0
0
0
0
0
0
0
0
0
0
0
0
0
0
0
0
0
0
0
0
0
0
0
0
0
0
0
0
0
0
0
0
0
0
1.62338e-11
1.92851e-11
2.26552e-11
2.29771e-11
2.38278e-11
2.49652e-11
2.61025e-11
3.62296e-11
5.11988e-11
8.39818e-11
1.06597e-10
1.39133e-10
2.59164e-10
4.06517e-10
4.93799e-10
3.22762e-10
8.70889e-11
1.01097e-11
2.32477e-13
1.05123e-16
8.10937e-20
7.94702e-23
7.94919e-26
8.271e-29
7.52204e-32
7.56538e-35
7.28701e-38
7.42683e-41
7.67757e-44
8.37203e-47
8.65249e-50
9.70831e-53
1.07297e-55
1.23325e-58
1.44562e-61
1.72596e-64
2.08758e-67
2.61268e-70
3.35325e-73
5.46221e-76
1.37743e-78
5.53189e-81
2.84867e-83
1.50808e-85
8.09104e-88
4.34687e-90
2.22142e-92
1.11244e-94
5.12162e-97
2.33588e-99
1.00916e-101
4.41168e-104
1.85946e-106
7.84603e-109
3.28813e-111
1.34524e-113
5.56465e-116
2.24441e-118
9.04549e-121
3.58785e-123
1.39544e-125
5.40105e-128
2.0562e-130
7.82394e-133
2.98057e-135
1.13042e-137
4.37477e-140
1.68821e-142
6.73975e-145
2.70277e-147
1.12814e-149
4.77292e-152
2.09479e-154
9.3415e-157
4.28839e-159
1.99152e-161
9.42507e-164
4.5053e-166
2.1655e-168
1.05249e-170
5.10673e-173
2.47517e-175
1.26067e-179
6.27934e-184
3.10705e-188
5.30734e-192
6.18122e-195
9.08798e-198
1.36416e-200
2.02856e-203
3.02607e-206
4.46034e-209
6.64837e-212
9.86912e-215
1.46299e-217
2.12397e-220
3.01197e-223
4.10325e-226
5.27396e-229
6.15039e-232
6.12592e-235
4.89977e-238
3.23969e-241
1.91672e-244
1.05312e-247
5.4754e-251
2.72503e-254
1.30809e-257
6.09059e-261
2.76168e-264
1.22429e-267
5.31677e-271
2.2668e-274
9.50985e-278
3.92851e-281
1.60002e-284
6.43035e-288
2.55176e-291
1.00042e-294
3.8766e-298
1.4853e-301
5.62915e-305
2.1109e-308
7.83482e-312
2.87915e-315
1.04787e-318
3.7549e-322
0
0
0
0
0
0
0
0
0
0
0
0
0
0
0
0
0
0
0
0
0
0
0
0
0
0
0
0
0
0
0
0
0
0
0
0
0
0
0
0
0
0
0
0
0
0
0
0
0
0
0
0
0
0
0
0
0
0
0
0
0
0
0
0
0
0
0
0
0
0
0
0
0
0
0
0
0
0
0
0
0
0
0
0
0
0
0
0
0
0
0
0
0
0
0
0
0
0
0
0
0
0
0
0
0
0
0
0
0
0
0
0
0
0
0
0
0
0
0
0
0
0
0
0
0
0
0
0
0
0
0
0
0
0
0
0
0
0
0
0
0
0
0
0
0
0
0
0
0
0
0
0
0
0
0
0
0
0
0
0
0
0
0
0
0
0
0
0
0
0
0
0
0
0
0
0
0
0
0
0
0
0
0
0
0
0
0
0
0
0
0
0
0
0
0
0
0
0
0
0
0
0
0
0
0
0
0
0
0
0
0
0
0
0
0
0
0
0
0
0
0
0
0
0
0
0
0
0
0
0
0
0
0
0
0
0
0
0
0
0
0
0
0
0
0
0
0
0
0
0
0
0
0
0
0
0
0
0
0
0
0
0
0
0
0
0
0
0
0
0
0
0
0
2.10918e-11
2.35502e-11
2.41281e-11
2.47099e-11
8.40841e-12
5.275e-12
4.00994e-12
3.33934e-12
3.52204e-12
3.4217e-12
4.54173e-12
7.68209e-12
9.82025e-12
1.35634e-11
8.9667e-12
5.33424e-12
2.32162e-12
1.51647e-13
1.7066e-16
1.92543e-19
2.09031e-22
2.3814e-25
2.36445e-28
2.57811e-31
2.48258e-34
2.68637e-37
2.87027e-40
3.15075e-43
3.52705e-46
3.99711e-49
4.37461e-52
5.01709e-55
5.63934e-58
6.63733e-61
8.04915e-64
9.95794e-67
1.25897e-69
1.63911e-72
2.28406e-75
4.26694e-78
1.23546e-80
5.27645e-83
2.67284e-85
1.37433e-87
7.11875e-90
3.60503e-92
1.78698e-94
8.69602e-97
4.01129e-99
1.82987e-101
7.92532e-104
3.4391e-106
1.44039e-108
5.96973e-111
2.45898e-113
9.82925e-116
3.98574e-118
1.56008e-120
6.14412e-123
2.36706e-125
9.04977e-128
3.43737e-130
1.29599e-132
4.90681e-135
1.85203e-137
7.08623e-140
2.73349e-142
1.07315e-144
4.33121e-147
1.77098e-149
7.55122e-152
3.25676e-154
1.46029e-156
6.61613e-159
3.08133e-161
1.44865e-163
6.89131e-166
3.33027e-168
1.60307e-170
7.83219e-173
3.79226e-175
1.92447e-179
9.95103e-184
5.12854e-188
6.02237e-192
6.07538e-195
9.5327e-198
1.50337e-200
2.3829e-203
3.73203e-206
5.85783e-209
9.10883e-212
1.42281e-214
2.20287e-217
3.39941e-220
5.13706e-223
7.55355e-226
1.06357e-228
1.41349e-231
1.7055e-234
1.74849e-237
1.41989e-240
9.48899e-244
5.65715e-247
3.1309e-250
1.63998e-253
8.22351e-257
3.97827e-260
1.86708e-263
8.53717e-267
3.81529e-270
1.6708e-273
7.18569e-277
3.0399e-280
1.26656e-283
5.20286e-287
2.10888e-290
8.44e-294
3.33721e-297
1.3043e-300
5.04082e-304
1.92723e-307
7.29196e-311
2.73147e-314
1.01328e-317
3.72525e-321
0
0
0
0
0
0
0
0
0
0
0
0
0
0
0
0
0
0
0
0
0
0
0
0
0
0
0
0
0
0
0
0
0
0
0
0
0
0
0
0
0
0
0
0
0
0
0
0
0
0
0
0
0
0
0
0
0
0
0
0
0
0
0
0
0
0
0
0
0
0
0
0
0
0
0
0
0
0
0
0
0
0
0
0
0
0
0
0
0
0
0
0
0
0
0
0
0
0
0
0
0
0
0
0
0
0
0
0
0
0
0
0
0
0
0
0
0
0
0
0
0
0
0
0
0
0
0
0
0
0
0
0
0
0
0
0
0
0
0
0
0
0
0
0
0
0
0
0
0
0
0
0
0
0
0
0
0
0
0
0
0
0
0
0
0
0
0
0
0
0
0
0
0
0
0
0
0
0
0
0
0
0
0
0
0
0
0
0
0
0
0
0
0
0
0
0
0
0
0
0
0
0
0
0
0
0
0
0
0
0
0
0
0
0
0
0
0
0
0
0
0
0
0
0
0
0
0
0
0
0
0
0
0
0
0
0
0
0
0
0
0
0
0
0
0
0
0
0
0
0
0
0
0
0
0
0
0
0
0
0
0
0
0
0
0
0
0
0
0
0
0
0
0
0
6.17209e-12
3.85154e-12
2.19542e-12
1.45258e-12
6.62457e-13
4.3802e-13
2.85907e-13
1.89022e-13
1.08566e-13
7.46115e-14
8.79479e-14
1.66952e-13
2.32487e-13
2.365e-13
1.56249e-13
5.77306e-14
6.0207e-15
1.41628e-16
2.42764e-19
3.31167e-22
4.17319e-25
4.83337e-28
5.24958e-31
5.94764e-34
6.54391e-37
7.62235e-40
8.98108e-43
1.0754e-45
1.24987e-48
1.48567e-51
1.74599e-54
1.93851e-57
2.31495e-60
2.80374e-63
3.55575e-66
4.64927e-69
6.25705e-72
8.78428e-75
1.40765e-77
3.29791e-80
1.12812e-82
5.29655e-85
2.61192e-87
1.32167e-89
6.6245e-92
3.21458e-94
1.57008e-96
7.26944e-99
3.37549e-101
1.49628e-103
6.48544e-106
2.78229e-108
1.14734e-110
4.72804e-113
1.89152e-115
7.47639e-118
2.97014e-120
1.13377e-122
4.41309e-125
1.65698e-127
6.31785e-130
2.35169e-132
8.8887e-135
3.3213e-137
1.26305e-139
4.83621e-142
1.88042e-144
7.5181e-147
3.06712e-149
1.28293e-151
5.56273e-154
2.45295e-156
1.11127e-158
5.14794e-161
2.40267e-163
1.14815e-165
5.47158e-168
2.65427e-170
1.28695e-172
6.24207e-175
7.4177e-178
4.44073e-183
9.02058e-188
5.74935e-192
3.16217e-195
4.83593e-198
7.78271e-201
1.24348e-203
1.97481e-206
3.10677e-209
4.86209e-212
7.53798e-215
1.16212e-217
1.75791e-220
2.61797e-223
3.73966e-226
5.09632e-229
6.59364e-232
7.97713e-235
8.59249e-238
7.57673e-241
5.21421e-244
3.15924e-247
1.76818e-250
9.34296e-254
4.71809e-257
2.29619e-260
1.08321e-263
4.9754e-267
2.23272e-270
9.81345e-274
4.23437e-277
1.79703e-280
7.50925e-284
3.09312e-287
1.25701e-290
5.04343e-294
1.99897e-297
7.83069e-301
3.03318e-304
1.16221e-307
4.4067e-311
1.65411e-314
6.14851e-318
2.26282e-321
0
0
0
0
0
0
0
0
0
0
0
0
0
0
0
0
0
0
0
0
0
0
0
0
0
0
0
0
0
0
0
0
0
0
0
0
0
0
0
0
0
0
0
0
0
0
0
0
0
0
0
0
0
0
0
0
0
0
0
0
0
0
0
0
0
0
0
0
0
0
0
0
0
0
0
0
0
0
0
0
0
0
0
0
0
0
0
0
0
0
0
0
0
0
0
0
0
0
0
0
0
0
0
0
0
0
0
0
0
0
0
0
0
0
0
0
0
0
0
0
0
0
0
0
0
0
0
0
0
0
0
0
0
0
0
0
0
0
0
0
0
0
0
0
0
0
0
0
0
0
0
0
0
0
0
0
0
0
0
0
0
0
0
0
0
0
0
0
0
0
0
0
0
0
0
0
0
0
0
0
0
0
0
0
0
0
0
0
0
0
0
0
0
0
0
0
0
0
0
0
0
0
0
0
0
0
0
0
0
0
0
0
0
0
0
0
0
0
0
0
0
0
0
0
0
0
0
0
0
0
0
0
0
0
0
0
0
0
0
0
0
0
0
0
0
0
0
0
0
0
0
0
0
0
0
0
0
0
0
0
0
0
0
0
0
0
0
0
0
0
0
0
0
0
0
4.79258e-09
1.86469e-09
3.74234e-10
1.824e-11
8.53486e-13
6.14557e-14
2.13015e-15
1.18384e-16
1.04953e-18
7.40067e-21
6.05903e-23
6.71302e-25
9.00769e-27
1.29076e-28
9.10095e-35
1.83644e-35
4.39953e-38
6.95371e-41
8.64896e-44
1.03926e-46
1.55101e-49
3.94488e-52
1.48913e-54
6.37738e-57
2.92115e-59
1.36125e-61
6.32487e-64
2.95191e-66
1.33394e-68
6.17104e-71
2.80725e-73
1.23249e-75
5.26173e-78
2.13076e-80
8.60396e-83
3.32061e-85
1.32543e-87
5.30286e-90
2.10835e-92
8.68317e-95
3.341e-97
1.24741e-99
4.43322e-102
1.52127e-104
7.06134e-112
3.01496e-113
1.21985e-115
4.2418e-118
1.43513e-120
4.91007e-123
1.69031e-125
5.88739e-128
2.03956e-130
7.11304e-133
2.44057e-135
8.49655e-138
2.93711e-140
1.04342e-142
3.78159e-145
1.44598e-147
5.89338e-150
2.56931e-152
1.22371e-154
6.04164e-157
3.15679e-159
1.64953e-161
8.83627e-164
4.67581e-166
2.50572e-168
1.33012e-170
5.62468e-173
1.7833e-177
1.11102e-181
1.64467e-184
1.02889e-193
9.96899e-194
6.88077e-196
2.39305e-198
6.81749e-201
1.65221e-203
3.57129e-206
7.11812e-209
1.31846e-211
2.27463e-214
3.59276e-217
5.30551e-220
7.5277e-223
1.04845e-225
1.30379e-228
1.19697e-231
9.3433e-235
6.43922e-238
3.84717e-241
2.02676e-244
1.02781e-247
5.05574e-251
2.47066e-254
1.18864e-257
5.66018e-261
2.68489e-264
1.19789e-267
5.29641e-271
2.30757e-274
2.4559e-278
2.27555e-300
3.48357e-298
1.01306e-300
1.65824e-303
1.93686e-306
1.8145e-309
1.51921e-312
1.11746e-315
7.58534e-319
4.74303e-322
0
0
0
0
0
0
0
0
0
0
0
0
0
0
0
0
0
0
0
0
0
0
0
0
0
0
0
0
0
0
0
0
0
0
0
0
0
0
0
0
0
0
0
0
0
0
0
0
0
0
0
0
0
0
0
0
0
0
0
0
0
0
0
0
0
0
0
0
0
0
0
0
0
0
0
0
0
0
0
0
0
0
0
0
0
0
0
0
0
0
0
0
0
0
0
0
0
0
0
0
0
0
0
0
0
0
0
0
0
0
0
0
0
0
0
0
0
0
0
0
0
0
0
0
0
0
0
0
0
0
0
0
0
0
0
0
0
0
0
0
0
0
0
0
0
0
0
0
0
0
0
0
0
0
0
0
0
0
0
0
0
0
0
0
0
0
0
0
0
0
0
0
0
0
0
0
0
0
0
0
0
0
0
0
0
0
0
0
0
0
0
0
0
0
0
0
0
0
0
0
0
0
0
0
0
0
0
0
0
0
0
0
0
0
0
0
0
0
0
0
0
0
0
0
0
0
0
0
0
0
0
0
0
0
0
0
0
0
0
0
0
0
0
0
0
0
0
0
0
0
0
0
0
0
0
0
0
0
0
0
1.15355e-08
1.15806e-08
3.30928e-09
2.54596e-10
1.77632e-11
2.08048e-12
5.01139e-14
6.84826e-15
8.41996e-17
5.97964e-19
3.58492e-21
1.8708e-23
1.10526e-25
9.20053e-28
2.59513e-32
4.40194e-33
1.05987e-35
1.77271e-38
2.28339e-41
2.61295e-44
3.08476e-47
4.44313e-50
9.27161e-53
3.52581e-55
1.69255e-57
8.27004e-60
4.39182e-62
2.30798e-64
1.22008e-66
6.32519e-69
3.13807e-71
1.59046e-73
7.12491e-76
2.96702e-78
1.16112e-80
4.56179e-83
1.82756e-85
7.48686e-88
3.12222e-90
1.28192e-92
5.04332e-95
1.79764e-97
6.22006e-100
1.89892e-102
3.71211e-109
1.55053e-110
4.72143e-113
1.46082e-115
4.83089e-118
1.64821e-120
5.76218e-123
2.00358e-125
6.82678e-128
2.29827e-130
7.69279e-133
2.58753e-135
8.58439e-138
2.93435e-140
9.85619e-143
3.47878e-145
1.19492e-147
4.49566e-150
1.70798e-152
6.99198e-155
3.0008e-157
1.34664e-159
6.41574e-162
3.12349e-164
1.59807e-166
8.31299e-169
4.44548e-171
7.47687e-174
5.47883e-178
1.05131e-180
7.70768e-190
1.90813e-190
1.34436e-192
5.06758e-195
1.55742e-197
4.09287e-200
9.69836e-203
2.13524e-205
4.38343e-208
8.38996e-211
1.45028e-213
2.29317e-216
3.28336e-219
4.27723e-222
4.93134e-225
4.77029e-228
3.85284e-231
2.71718e-234
1.70453e-237
9.68652e-241
5.10993e-244
2.61696e-247
1.30664e-250
6.46909e-254
3.13071e-257
1.50171e-260
6.89402e-264
3.07823e-267
1.36178e-270
2.29408e-274
4.45072e-296
2.44614e-294
7.07631e-297
1.11188e-299
1.29014e-302
1.20814e-305
9.98469e-309
7.42271e-312
5.02226e-315
3.16655e-318
1.87251e-321
0
0
0
0
0
0
0
0
0
0
0
0
0
0
0
0
0
0
0
0
0
0
0
0
0
0
0
0
0
0
0
0
0
0
0
0
0
0
0
0
0
0
0
0
0
0
0
0
0
0
0
0
0
0
0
0
0
0
0
0
0
0
0
0
0
0
0
0
0
0
0
0
0
0
0
0
0
0
0
0
0
0
0
0
0
0
0
0
0
0
0
0
0
0
0
0
0
0
0
0
0
0
0
0
0
0
0
0
0
0
0
0
0
0
0
0
0
0
0
0
0
0
0
0
0
0
0
0
0
0
0
0
0
0
0
0
0
0
0
0
0
0
0
0
0
0
0
0
0
0
0
0
0
0
0
0
0
0
0
0
0
0
0
0
0
0
0
0
0
0
0
0
0
0
0
0
0
0
0
0
0
0
0
0
0
0
0
0
0
0
0
0
0
0
0
0
0
0
0
0
0
0
0
0
0
0
0
0
0
0
0
0
0
0
0
0
0
0
0
0
0
0
0
0
0
0
0
0
0
0
0
0
0
0
0
0
0
0
0
0
0
0
0
0
0
0
0
0
0
0
0
0
0
0
0
0
0
0
0
1.20858e-09
1.75407e-09
2.93244e-10
7.76573e-11
2.86468e-11
9.21135e-12
2.90483e-13
2.62099e-14
1.56986e-16
1.1229e-18
6.82685e-21
1.89365e-23
1.4528e-25
5.72512e-28
8.774e-31
3.99238e-31
1.23706e-33
1.94197e-36
1.85349e-39
1.53136e-42
1.0667e-45
5.45362e-49
1.39314e-52
2.41988e-55
7.32198e-58
2.64182e-60
9.78635e-63
4.14869e-65
1.87459e-67
8.90853e-70
4.44807e-72
4.22467e-74
2.13937e-76
1.13854e-78
5.04176e-81
2.11459e-83
1.25491e-85
5.98473e-88
2.98674e-90
1.66272e-92
7.87328e-95
3.33512e-97
9.05838e-100
2.38252e-102
2.77891e-109
1.43142e-110
3.48951e-113
1.10667e-115
3.74098e-118
1.33659e-120
4.58552e-123
1.59725e-125
5.44721e-128
1.83669e-130
6.17733e-133
2.04906e-135
6.87161e-138
2.31345e-140
7.7969e-143
2.65232e-145
9.15863e-148
3.17574e-150
1.18293e-152
4.3233e-155
1.74483e-157
6.85146e-160
2.89475e-162
1.23682e-164
5.41135e-167
2.46767e-169
1.16017e-171
5.66366e-174
2.64137e-176
2.37342e-179
1.45925e-188
6.36578e-190
3.81568e-192
1.50376e-194
4.6419e-197
1.25263e-199
3.05354e-202
6.99892e-205
1.49337e-207
3.00096e-210
5.47317e-213
9.10389e-216
1.33969e-218
1.67867e-221
1.70055e-224
1.45044e-227
1.07356e-230
6.96615e-234
4.07526e-237
2.30578e-240
1.27982e-243
7.01304e-247
3.74962e-250
1.96846e-253
9.9903e-257
4.92459e-260
2.31781e-263
1.05976e-266
4.76197e-270
5.32527e-274
1.68484e-294
2.78618e-293
7.32083e-296
1.05405e-298
1.12381e-301
9.84082e-305
7.61786e-308
5.35821e-311
3.45029e-314
2.08038e-317
1.17489e-320
4.94066e-324
0
0
0
0
0
0
0
0
0
0
0
0
0
0
0
0
0
0
0
0
0
0
0
0
0
0
0
0
0
0
0
0
0
0
0
0
0
0
0
0
0
0
0
0
0
0
0
0
0
0
0
0
0
0
0
0
0
0
0
0
0
0
0
0
0
0
0
0
0
0
0
0
0
0
0
0
0
0
0
0
0
0
0
0
0
0
0
0
0
0
0
0
0
0
0
0
0
0
0
0
0
0
0
0
0
0
0
0
0
0
0
0
0
0
0
0
0
0
0
0
0
0
0
0
0
0
0
0
0
0
0
0
0
0
0
0
0
0
0
0
0
0
0
0
0
0
0
0
0
0
0
0
0
0
0
0
0
0
0
0
0
0
0
0
0
0
0
0
0
0
0
0
0
0
0
0
0
0
0
0
0
0
0
0
0
0
0
0
0
0
0
0
0
0
0
0
0
0
0
0
0
0
0
0
0
0
0
0
0
0
0
0
0
0
0
0
0
0
0
0
0
0
0
0
0
0
0
0
0
0
0
0
0
0
0
0
0
0
0
0
0
0
0
0
0
0
0
0
0
0
0
0
0
0
0
0
0
0
6.62289e-08
8.09422e-08
3.34453e-08
5.1769e-09
1.12727e-09
7.8582e-10
4.48096e-10
6.25659e-11
4.15889e-13
1.45319e-15
1.9995e-18
3.9118e-21
2.70802e-24
6.36889e-27
1.27423e-25
1.60016e-25
5.0953e-28
7.98753e-31
6.02743e-34
4.03257e-37
2.23473e-40
1.18846e-43
7.75478e-47
7.67052e-50
1.469e-52
4.12765e-55
1.20889e-57
4.23183e-60
1.52134e-62
5.32829e-65
1.89724e-67
6.49824e-70
2.306e-72
7.44764e-75
2.47598e-77
9.10202e-80
3.58647e-82
1.33957e-84
5.91875e-87
2.03275e-89
7.51011e-92
2.06147e-94
5.48313e-97
1.2476e-99
5.6729e-105
2.16869e-106
4.79803e-109
1.40069e-111
4.63557e-114
1.49001e-116
5.09235e-119
1.60399e-121
5.36145e-124
1.67257e-126
5.48571e-129
1.72999e-131
5.61593e-134
1.80418e-136
5.83705e-139
1.95128e-141
6.35319e-144
2.23743e-146
7.55079e-149
2.8306e-151
9.66869e-154
4.09776e-156
1.62366e-158
6.49473e-161
2.78352e-163
1.23907e-165
5.53343e-168
2.60346e-170
1.23438e-172
5.88459e-175
4.17788e-184
1.26364e-186
3.96011e-189
1.32419e-191
3.72346e-194
9.05418e-197
2.05429e-199
4.33927e-202
8.80558e-205
1.68922e-207
3.08713e-210
5.24819e-213
8.11941e-216
1.06305e-218
1.11891e-221
9.67479e-225
7.47637e-228
5.30485e-231
3.54118e-234
2.23193e-237
1.34751e-240
7.78033e-244
4.34521e-247
2.33932e-250
1.2259e-253
6.22954e-257
3.09258e-260
1.4993e-263
6.92185e-267
1.38381e-270
5.62305e-290
1.12595e-289
2.61532e-292
3.42546e-295
3.36138e-298
2.759e-301
1.9992e-304
1.31357e-307
8.02361e-311
4.58629e-314
2.49105e-317
1.28556e-320
4.94066e-324
0
0
0
0
0
0
0
0
0
0
0
0
0
0
0
0
0
0
0
0
0
0
0
0
0
0
0
0
0
0
0
0
0
0
0
0
0
0
0
0
0
0
0
0
0
0
0
0
0
0
0
0
0
0
0
0
0
0
0
0
0
0
0
0
0
0
0
0
0
0
0
0
0
0
0
0
0
0
0
0
0
0
0
0
0
0
0
0
0
0
0
0
0
0
0
0
0
0
0
0
0
0
0
0
0
0
0
0
0
0
0
0
0
0
0
0
0
0
0
0
0
0
0
0
0
0
0
0
0
0
0
0
0
0
0
0
0
0
0
0
0
0
0
0
0
0
0
0
0
0
0
0
0
0
0
0
0
0
0
0
0
0
0
0
0
0
0
0
0
0
0
0
0
0
0
0
0
0
0
0
0
0
0
0
0
0
0
0
0
0
0
0
0
0
0
0
0
0
0
0
0
0
0
0
0
0
0
0
0
0
0
0
0
0
0
0
0
0
0
0
0
0
0
0
0
0
0
0
0
0
0
0
0
0
0
0
0
0
0
0
0
0
0
0
0
0
0
0
0
0
0
0
0
0
0
0
0
3.9268e-07
3.36789e-07
3.75842e-07
2.31315e-07
7.57322e-08
4.38599e-08
1.87126e-08
6.71619e-09
9.72857e-10
1.70058e-11
2.73688e-14
1.91295e-17
1.35605e-20
3.97088e-23
4.06329e-21
5.5957e-21
2.24892e-23
4.10256e-26
5.03787e-29
3.43268e-32
1.95548e-35
9.24911e-39
4.9516e-42
3.3475e-45
3.95577e-48
8.33737e-51
2.48436e-53
7.86085e-56
2.8006e-58
1.0211e-60
3.75162e-63
1.27977e-65
4.57854e-68
1.46102e-70
4.83606e-73
1.75673e-75
6.61265e-78
2.63132e-80
9.82055e-83
3.49418e-85
1.12796e-87
3.05728e-90
7.69609e-93
1.63073e-95
1.49133e-100
5.48923e-102
1.33892e-104
3.95952e-107
1.26937e-109
4.26376e-112
1.38596e-114
4.73417e-117
1.43137e-119
4.87318e-122
1.53792e-124
5.16288e-127
1.62524e-129
5.44088e-132
1.71493e-134
5.83614e-137
1.85182e-139
6.51135e-142
2.12106e-144
7.82112e-147
2.7117e-149
1.05435e-151
3.99316e-154
1.64334e-156
6.75834e-159
2.93135e-161
1.26083e-163
5.69164e-166
2.54318e-168
1.19152e-170
5.89778e-179
6.06402e-182
2.26816e-185
4.37444e-188
1.02611e-190
2.25871e-193
4.65774e-196
9.31262e-199
1.78661e-201
3.34038e-204
5.95088e-207
1.01861e-209
1.63191e-212
2.36644e-215
2.86373e-218
2.76758e-221
2.22674e-224
1.61485e-227
1.07968e-230
6.82058e-234
4.07662e-237
2.34207e-240
1.28876e-243
6.87763e-247
3.5437e-250
1.78036e-253
8.69886e-257
4.14946e-260
1.89858e-263
4.2462e-267
6.59116e-285
1.88167e-285
3.61046e-288
4.08081e-291
3.56132e-294
2.6409e-297
1.74767e-300
1.06585e-303
6.05649e-307
3.26696e-310
1.67243e-313
8.23385e-317
3.88484e-320
1.97626e-323
0
0
0
0
0
0
0
0
0
0
0
0
0
0
0
0
0
0
0
0
0
0
0
0
0
0
0
0
0
0
0
0
0
0
0
0
0
0
0
0
0
0
0
0
0
0
0
0
0
0
0
0
0
0
0
0
0
0
0
0
0
0
0
0
0
0
0
0
0
0
0
0
0
0
0
0
0
0
0
0
0
0
0
0
0
0
0
0
0
0
0
0
0
0
0
0
0
0
0
0
0
0
0
0
0
0
0
0
0
0
0
0
0
0
0
0
0
0
0
0
0
0
0
0
0
0
0
0
0
0
0
0
0
0
0
0
0
0
0
0
0
0
0
0
0
0
0
0
0
0
0
0
0
0
0
0
0
0
0
0
0
0
0
0
0
0
0
0
0
0
0
0
0
0
0
0
0
0
0
0
0
0
0
0
0
0
0
0
0
0
0
0
0
0
0
0
0
0
0
0
0
0
0
0
0
0
0
0
0
0
0
0
0
0
0
0
0
0
0
0
0
0
0
0
0
0
0
0
0
0
0
0
0
0
0
0
0
0
0
0
0
0
0
0
0
0
0
0
0
0
0
0
0
0
0
0
2.95597e-07
2.99068e-07
3.14147e-07
3.60466e-07
3.34275e-07
2.14863e-07
1.94986e-07
1.33107e-07
3.61005e-08
7.98641e-09
2.10399e-10
2.01999e-13
1.06707e-16
2.29691e-19
2.85827e-17
6.37068e-18
1.07557e-20
1.17963e-23
2.37675e-26
9.59913e-29
2.05411e-31
1.67422e-34
1.01608e-37
6.64299e-41
5.46098e-44
7.70294e-47
1.85758e-49
5.91565e-52
2.09247e-54
7.61714e-57
2.67053e-59
9.82299e-62
3.45701e-64
1.18493e-66
3.95623e-69
1.35149e-71
5.20175e-74
2.05269e-76
7.77169e-79
2.8099e-81
9.03025e-84
2.68952e-86
6.78768e-89
1.34132e-91
1.71311e-96
5.89044e-98
1.55136e-100
4.28711e-103
1.35735e-105
4.29145e-108
1.49074e-110
4.88719e-113
1.69128e-115
5.37755e-118
1.81188e-120
5.57208e-123
1.85136e-125
5.88881e-128
1.94413e-130
6.25854e-133
2.06859e-135
6.83725e-138
2.27395e-140
7.9373e-143
2.70247e-145
1.01384e-147
3.64578e-150
1.47964e-152
5.71346e-155
2.45799e-157
1.00854e-159
4.45634e-162
1.91779e-164
8.23407e-167
6.15412e-174
6.27517e-177
5.2817e-181
1.49215e-184
2.03799e-187
3.7741e-190
7.09433e-193
1.29959e-195
2.35367e-198
4.1412e-201
7.13147e-204
1.18554e-206
1.89351e-209
2.82941e-212
3.78517e-215
4.1655e-218
3.66699e-221
2.75573e-224
1.87654e-227
1.18811e-230
7.10159e-234
4.04345e-237
2.2091e-240
1.16309e-243
5.92846e-247
2.93262e-250
1.41299e-253
6.64159e-257
2.98704e-260
6.48455e-264
4.45936e-280
2.10416e-281
3.20363e-284
3.06106e-287
2.32779e-290
1.53958e-293
9.25555e-297
5.17814e-300
2.73818e-303
1.38064e-306
6.67927e-310
3.11204e-313
1.40129e-316
6.11011e-320
2.47033e-323
0
0
0
0
0
0
0
0
0
0
0
0
0
0
0
0
0
0
0
0
0
0
0
0
0
0
0
0
0
0
0
0
0
0
0
0
0
0
0
0
0
0
0
0
0
0
0
0
0
0
0
0
0
0
0
0
0
0
0
0
0
0
0
0
0
0
0
0
0
0
0
0
0
0
0
0
0
0
0
0
0
0
0
0
0
0
0
0
0
0
0
0
0
0
0
0
0
0
0
0
0
0
0
0
0
0
0
0
0
0
0
0
0
0
0
0
0
0
0
0
0
0
0
0
0
0
0
0
0
0
0
0
0
0
0
0
0
0
0
0
0
0
0
0
0
0
0
0
0
0
0
0
0
0
0
0
0
0
0
0
0
0
0
0
0
0
0
0
0
0
0
0
0
0
0
0
0
0
0
0
0
0
0
0
0
0
0
0
0
0
0
0
0
0
0
0
0
0
0
0
0
0
0
0
0
0
0
0
0
0
0
0
0
0
0
0
0
0
0
0
0
0
0
0
0
0
0
0
0
0
0
0
0
0
0
0
0
0
0
0
0
0
0
0
0
0
0
0
0
0
0
0
0
0
0
3.16794e-07
3.21393e-07
3.21568e-07
3.06339e-07
3.07613e-07
3.23025e-07
2.84973e-07
2.73083e-07
2.61178e-07
2.21071e-07
2.40525e-08
6.64071e-10
5.37112e-13
1.19641e-15
2.96789e-14
4.9067e-15
1.62959e-17
5.87448e-21
3.27163e-24
4.61756e-27
1.51772e-29
7.3466e-32
2.16243e-34
2.74329e-37
2.7306e-40
3.1004e-43
5.47601e-46
1.5533e-48
5.55928e-51
2.18371e-53
8.71698e-56
3.4527e-58
1.31032e-60
4.78513e-63
1.74363e-65
6.22228e-68
2.53694e-70
1.03772e-72
4.15144e-75
1.58611e-77
5.33647e-80
1.65718e-82
4.11492e-85
8.15686e-88
5.76314e-93
1.8829e-94
5.92902e-97
1.81057e-99
6.03985e-102
2.07787e-104
7.40291e-107
2.70367e-109
9.4526e-112
3.40514e-114
1.11736e-116
3.89805e-119
1.26843e-121
4.33141e-124
1.39714e-126
4.72542e-129
1.53382e-131
5.17021e-134
1.70884e-136
5.84963e-139
1.99476e-141
7.12617e-144
2.55401e-146
9.77677e-149
3.72634e-151
1.52669e-153
6.15294e-156
2.62216e-158
1.10321e-160
4.8276e-163
4.04144e-170
2.92159e-172
3.45465e-176
3.98088e-180
1.11683e-183
8.09367e-187
1.20582e-189
1.99337e-192
3.29819e-195
5.44956e-198
8.86135e-201
1.4219e-203
2.20856e-206
3.28755e-209
4.56909e-212
5.66571e-215
5.76128e-218
4.70582e-221
3.3184e-224
2.13237e-227
1.27861e-230
7.26057e-234
3.93703e-237
2.05286e-240
1.03345e-243
5.04258e-247
2.39157e-250
1.10517e-253
4.89751e-257
1.13347e-260
4.21961e-275
2.97829e-277
3.36529e-280
2.62119e-283
1.70203e-286
9.89921e-290
5.34209e-293
2.72706e-296
1.33164e-299
6.26395e-303
2.84818e-306
1.25556e-309
5.3732e-313
2.23615e-316
9.0582e-320
3.45846e-323
0
0
0
0
0
0
0
0
0
0
0
0
0
0
0
0
0
0
0
0
0
0
0
0
0
0
0
0
0
0
0
0
0
0
0
0
0
0
0
0
0
0
0
0
0
0
0
0
0
0
0
0
0
0
0
0
0
0
0
0
0
0
0
0
0
0
0
0
0
0
0
0
0
0
0
0
0
0
0
0
0
0
0
0
0
0
0
0
0
0
0
0
0
0
0
0
0
0
0
0
0
0
0
0
0
0
0
0
0
0
0
0
0
0
0
0
0
0
0
0
0
0
0
0
0
0
0
0
0
0
0
0
0
0
0
0
0
0
0
0
0
0
0
0
0
0
0
0
0
0
0
0
0
0
0
0
0
0
0
0
0
0
0
0
0
0
0
0
0
0
0
0
0
0
0
0
0
0
0
0
0
0
0
0
0
0
0
0
0
0
0
0
0
0
0
0
0
0
0
0
0
0
0
0
0
0
0
0
0
0
0
0
0
0
0
0
0
0
0
0
0
0
0
0
0
0
0
0
0
0
0
0
0
0
0
0
0
0
0
0
0
0
0
0
0
0
0
0
0
0
0
0
0
0
3.30694e-07
3.3316e-07
2.85685e-07
2.01137e-07
1.43789e-07
1.76522e-07
2.07315e-07
2.30867e-07
2.53315e-07
2.67325e-07
1.06643e-07
1.01957e-08
2.63551e-10
2.55885e-12
1.58204e-11
5.10599e-12
1.12097e-13
2.08947e-17
2.64118e-21
1.00125e-24
1.4088e-27
5.1151e-30
1.68411e-32
4.34558e-35
7.98576e-38
1.48563e-40
2.65302e-43
6.61337e-46
2.29425e-48
9.49067e-51
4.19168e-53
1.85625e-55
8.03492e-58
3.24177e-60
1.27859e-62
5.12004e-65
2.21174e-67
9.80304e-70
4.2624e-72
1.76927e-74
6.67087e-77
2.27021e-79
6.31247e-82
1.47444e-84
1.62411e-90
4.13327e-92
1.8694e-94
9.53623e-97
4.18384e-99
1.76151e-101
6.93074e-104
2.71944e-106
1.02251e-108
3.80325e-111
1.36597e-113
4.85548e-116
1.6709e-118
5.7207e-121
1.92419e-123
6.47525e-126
2.1633e-128
7.1694e-131
2.4001e-133
8.08038e-136
2.74661e-138
9.51676e-141
3.36454e-143
1.22659e-145
4.58832e-148
1.7758e-150
7.02824e-153
2.85917e-155
1.18332e-157
5.05098e-160
4.7373e-167
3.44247e-169
1.4202e-171
1.19466e-175
3.00472e-179
3.41108e-183
9.69116e-187
1.14531e-189
1.70919e-192
2.60352e-195
3.96534e-198
5.98769e-201
8.86238e-204
1.2659e-206
1.71914e-209
2.17117e-212
2.4316e-215
2.25279e-218
1.70801e-221
1.13176e-224
6.87048e-228
3.90746e-231
2.10961e-234
1.08992e-237
5.41262e-241
2.5913e-244
1.19966e-247
5.39288e-251
2.32374e-254
5.59914e-258
1.46585e-270
1.59776e-273
1.21446e-276
7.36991e-280
3.98367e-283
2.00695e-286
9.64086e-290
4.46522e-293
2.00492e-296
8.75881e-300
3.73088e-303
1.55156e-306
6.29948e-310
2.49894e-313
9.66317e-317
3.65856e-320
1.4822e-323
0
0
0
0
0
0
0
0
0
0
0
0
0
0
0
0
0
0
0
0
0
0
0
0
0
0
0
0
0
0
0
0
0
0
0
0
0
0
0
0
0
0
0
0
0
0
0
0
0
0
0
0
0
0
0
0
0
0
0
0
0
0
0
0
0
0
0
0
0
0
0
0
0
0
0
0
0
0
0
0
0
0
0
0
0
0
0
0
0
0
0
0
0
0
0
0
0
0
0
0
0
0
0
0
0
0
0
0
0
0
0
0
0
0
0
0
0
0
0
0
0
0
0
0
0
0
0
0
0
0
0
0
0
0
0
0
0
0
0
0
0
0
0
0
0
0
0
0
0
0
0
0
0
0
0
0
0
0
0
0
0
0
0
0
0
0
0
0
0
0
0
0
0
0
0
0
0
0
0
0
0
0
0
0
0
0
0
0
0
0
0
0
0
0
0
0
0
0
0
0
0
0
0
0
0
0
0
0
0
0
0
0
0
0
0
0
0
0
0
0
0
0
0
0
0
0
0
0
0
0
0
0
0
0
0
0
0
0
0
0
0
0
0
0
0
0
0
0
0
0
0
0
0
3.07978e-07
2.39296e-07
9.50757e-08
2.92472e-08
2.40302e-08
4.54608e-08
9.11435e-08
1.18471e-07
1.19984e-07
1.2526e-07
1.18706e-07
1.9894e-07
9.55109e-08
7.79742e-09
3.65266e-09
3.8631e-09
5.21009e-09
2.4046e-09
1.45382e-10
2.76516e-14
2.22235e-18
4.39865e-22
3.07071e-25
5.79936e-28
1.66745e-30
3.65298e-33
5.82221e-36
9.54639e-39
1.39041e-41
2.82262e-44
6.61533e-47
1.8908e-49
6.21142e-52
2.61815e-54
1.26357e-56
6.59137e-59
3.55043e-61
1.97431e-63
1.08523e-65
6.00164e-68
3.40298e-70
2.00358e-72
1.12295e-74
5.97039e-77
2.98686e-79
1.13008e-81
3.93247e-84
1.32441e-86
1.13954e-88
4.23825e-91
2.77503e-93
2.03345e-95
1.21718e-97
6.68683e-100
3.36845e-102
1.46823e-104
6.39737e-107
2.5317e-109
1.01462e-111
3.78079e-114
1.41602e-116
5.02971e-119
1.78438e-121
6.18411e-124
2.12025e-126
7.31356e-129
2.45801e-131
8.52652e-134
2.86604e-136
1.00298e-138
3.46578e-141
1.23803e-143
4.50277e-146
1.66987e-148
6.40204e-151
2.50386e-153
1.03338e-155
4.26321e-158
1.85152e-160
8.24215e-163
4.87077e-165
2.62786e-167
1.25843e-169
5.80831e-172
2.3877e-175
1.66013e-179
8.44779e-184
1.47747e-187
1.18682e-190
1.53592e-193
1.88273e-196
2.55715e-199
3.30513e-202
4.45672e-205
5.74109e-208
7.3081e-211
8.59849e-214
9.0214e-217
7.84668e-220
5.62402e-223
3.52324e-226
2.02492e-229
1.0919e-232
5.58733e-236
2.70872e-239
1.23232e-242
5.24424e-246
2.12874e-249
8.22883e-253
3.06859e-256
6.88299e-260
5.50495e-264
2.04143e-267
1.05545e-270
4.84023e-274
2.16035e-277
9.43078e-281
4.05505e-284
1.72592e-287
7.25862e-291
2.99086e-294
1.20601e-297
4.77098e-301
1.85794e-304
7.10957e-308
2.67655e-311
9.80578e-315
3.53504e-318
1.25987e-321
0
0
0
0
0
0
0
0
0
0
0
0
0
0
0
0
0
0
0
0
0
0
0
0
0
0
0
0
0
0
0
0
0
0
0
0
0
0
0
0
0
0
0
0
0
0
0
0
0
0
0
0
0
0
0
0
0
0
0
0
0
0
0
0
0
0
0
0
0
0
0
0
0
0
0
0
0
0
0
0
0
0
0
0
0
0
0
0
0
0
0
0
0
0
0
0
0
0
0
0
0
0
0
0
0
0
0
0
0
0
0
0
0
0
0
0
0
0
0
0
0
0
0
0
0
0
0
0
0
0
0
0
0
0
0
0
0
0
0
0
0
0
0
0
0
0
0
0
0
0
0
0
0
0
0
0
0
0
0
0
0
0
0
0
0
0
0
0
0
0
0
0
0
0
0
0
0
0
0
0
0
0
0
0
0
0
0
0
0
0
0
0
0
0
0
0
0
0
0
0
0
0
0
0
0
0
0
0
0
0
0
0
0
0
0
0
0
0
0
0
0
0
0
0
0
0
0
0
0
0
0
0
0
0
0
0
0
0
0
0
0
0
0
0
0
0
0
0
0
0
0
0
0
0
0
0
0
0
0
0
0
0
0
0
0
0
0
0
0
0
0
6.2197e-08
2.12302e-08
5.74892e-09
2.13665e-09
3.63019e-09
1.14824e-08
3.05845e-08
4.26406e-08
4.023e-08
4.1113e-08
3.67976e-08
2.30094e-08
2.04794e-08
2.47801e-07
2.73668e-07
2.26957e-07
1.71485e-07
1.75499e-08
1.08209e-09
1.34593e-12
4.01683e-16
1.15526e-19
6.87266e-23
9.20284e-26
1.78575e-28
3.01149e-31
4.76518e-34
6.13325e-37
8.9457e-40
1.17111e-42
1.54872e-45
2.51969e-48
4.1648e-51
7.61757e-54
1.66704e-56
5.11e-59
2.28888e-61
1.53783e-63
1.00944e-65
6.62729e-68
4.39356e-70
2.79866e-72
1.74215e-74
1.25467e-76
8.23425e-79
7.22629e-81
2.69985e-83
8.68244e-86
2.11205e-88
5.99201e-91
2.82862e-93
1.79583e-95
9.97934e-98
5.14377e-100
2.48689e-102
1.17038e-104
5.36271e-107
2.64652e-109
1.18536e-111
5.19622e-114
2.19222e-116
9.14014e-119
3.68501e-121
1.47817e-123
5.82407e-126
2.28579e-128
8.95318e-131
3.48209e-133
1.37206e-135
5.38902e-138
2.16357e-140
8.75454e-143
3.63948e-145
1.53542e-147
6.66652e-150
2.93148e-152
1.32519e-154
6.01568e-157
2.68869e-159
1.23394e-161
5.87496e-164
2.73848e-166
1.309e-168
6.1743e-171
2.87793e-173
1.09819e-177
4.63833e-182
4.08535e-186
2.48039e-189
2.70898e-192
3.20162e-195
3.9181e-198
4.8904e-201
6.14079e-204
7.67132e-207
9.35012e-210
1.08047e-212
1.13505e-215
1.03468e-218
7.9662e-222
5.23043e-225
3.04536e-228
1.63054e-231
8.16888e-235
3.87767e-238
1.75609e-241
7.63033e-245
3.24944e-248
1.36061e-251
5.5907e-255
2.21736e-258
9.10505e-262
3.76073e-265
1.4474e-268
5.51509e-272
2.07469e-275
7.7063e-279
2.85973e-282
1.06319e-285
3.95443e-289
1.46189e-292
5.35547e-296
1.94295e-299
6.98073e-303
2.48143e-306
8.73226e-310
3.01998e-313
1.03295e-316
3.50194e-320
9.88131e-324
0
0
0
0
0
0
0
0
0
0
0
0
0
0
0
0
0
0
0
0
0
0
0
0
0
0
0
0
0
0
0
0
0
0
0
0
0
0
0
0
0
0
0
0
0
0
0
0
0
0
0
0
0
0
0
0
0
0
0
0
0
0
0
0
0
0
0
0
0
0
0
0
0
0
0
0
0
0
0
0
0
0
0
0
0
0
0
0
0
0
0
0
0
0
0
0
0
0
0
0
0
0
0
0
0
0
0
0
0
0
0
0
0
0
0
0
0
0
0
0
0
0
0
0
0
0
0
0
0
0
0
0
0
0
0
0
0
0
0
0
0
0
0
0
0
0
0
0
0
0
0
0
0
0
0
0
0
0
0
0
0
0
0
0
0
0
0
0
0
0
0
0
0
0
0
0
0
0
0
0
0
0
0
0
0
0
0
0
0
0
0
0
0
0
0
0
0
0
0
0
0
0
0
0
0
0
0
0
0
0
0
0
0
0
0
0
0
0
0
0
0
0
0
0
0
0
0
0
0
0
0
0
0
0
0
0
0
0
0
0
0
0
0
0
0
0
0
0
0
0
0
0
0
0
0
0
0
0
0
0
0
0
0
0
0
0
0
0
0
0
3.00302e-09
1.05323e-09
4.12435e-10
2.90975e-10
5.1253e-10
1.70837e-09
3.68679e-09
1.08624e-08
1.50986e-08
1.70825e-08
1.27013e-08
1.16911e-08
1.24379e-08
2.26136e-08
1.86456e-08
1.49281e-08
1.19969e-08
3.98664e-09
3.54229e-10
6.92286e-12
1.77311e-15
4.31763e-19
1.91332e-22
1.74351e-25
2.46062e-28
3.20921e-31
4.46547e-34
5.35456e-37
6.22498e-40
8.51252e-43
1.0532e-45
1.41031e-48
1.99997e-51
3.02092e-54
4.85239e-57
8.5807e-60
2.00892e-62
6.10089e-65
2.78359e-67
1.66915e-69
1.1449e-71
7.95246e-74
5.56106e-76
3.84363e-78
2.81546e-80
2.39395e-82
1.03269e-84
3.59941e-87
1.07486e-89
3.44035e-92
1.42267e-94
6.54529e-97
3.04925e-99
1.3841e-101
6.31055e-104
3.00329e-106
1.38424e-108
6.16015e-111
2.72416e-113
1.17249e-115
4.9636e-118
2.05701e-120
8.32306e-123
3.32491e-125
1.30396e-127
5.09901e-130
1.9688e-132
7.63949e-135
2.94261e-137
1.1546e-139
4.5218e-142
1.82698e-144
7.42756e-147
3.14376e-149
1.3464e-151
5.98392e-154
2.70331e-156
1.24957e-158
5.81426e-161
2.73709e-163
1.28212e-165
6.10882e-168
2.95862e-170
1.42467e-172
6.02113e-175
1.62996e-179
4.04754e-184
2.00994e-188
1.2928e-191
1.53125e-194
1.88757e-197
2.37613e-200
3.02611e-203
3.8757e-206
4.93795e-209
6.18794e-212
7.52883e-215
8.69509e-218
9.16646e-221
8.3577e-224
6.35695e-227
4.10402e-230
2.36669e-233
1.26485e-236
6.38245e-240
3.04777e-243
1.38084e-246
6.08812e-250
2.63121e-253
1.09621e-256
4.58825e-260
1.93636e-263
7.72897e-267
2.99018e-270
1.16621e-273
4.49889e-277
1.72458e-280
6.63677e-284
2.54462e-287
9.61885e-291
3.56195e-294
1.29494e-297
4.63599e-301
1.63855e-304
5.72576e-308
1.97918e-311
6.74928e-315
2.28023e-318
7.65802e-322
0
0
0
0
0
0
0
0
0
0
0
0
0
0
0
0
0
0
0
0
0
0
0
0
0
0
0
0
0
0
0
0
0
0
0
0
0
0
0
0
0
0
0
0
0
0
0
0
0
0
0
0
0
0
0
0
0
0
0
0
0
0
0
0
0
0
0
0
0
0
0
0
0
0
0
0
0
0
0
0
0
0
0
0
0
0
0
0
0
0
0
0
0
0
0
0
0
0
0
0
0
0
0
0
0
0
0
0
0
0
0
0
0
0
0
0
0
0
0
0
0
0
0
0
0
0
0
0
0
0
0
0
0
0
0
0
0
0
0
0
0
0
0
0
0
0
0
0
0
0
0
0
0
0
0
0
0
0
0
0
0
0
0
0
0
0
0
0
0
0
0
0
0
0
0
0
0
0
0
0
0
0
0
0
0
0
0
0
0
0
0
0
0
0
0
0
0
0
0
0
0
0
0
0
0
0
0
0
0
0
0
0
0
0
0
0
0
0
0
0
0
0
0
0
0
0
0
0
0
0
0
0
0
0
0
0
0
0
0
0
0
0
0
0
0
0
0
0
0
0
0
0
0
0
0
0
0
0
0
0
0
0
0
0
0
0
0
0
0
0
0
1.41336e-10
1.012e-10
7.86275e-11
7.83413e-11
1.03672e-10
2.04131e-10
5.32014e-10
1.13509e-09
2.75066e-09
2.95664e-09
3.9862e-09
4.65236e-09
4.00204e-09
3.98869e-09
2.79769e-09
4.49679e-09
3.84825e-09
9.95498e-10
8.95117e-11
1.74856e-12
5.34032e-16
1.6447e-19
8.76551e-23
7.10768e-26
7.46982e-29
8.1879e-32
8.88155e-35
9.73382e-38
1.15882e-40
1.44324e-43
1.70992e-46
2.11485e-49
2.75509e-52
3.79101e-55
5.43152e-58
9.7539e-61
1.60043e-63
2.7679e-66
5.71076e-69
1.62897e-71
6.87612e-74
3.6546e-76
2.17285e-78
1.48985e-80
1.08173e-82
1.00047e-84
4.70083e-87
1.62544e-89
5.20496e-92
1.58933e-94
6.47084e-97
2.84133e-99
1.36901e-101
6.27195e-104
2.84343e-106
1.27534e-108
5.72609e-111
2.50203e-113
1.08278e-115
4.59499e-118
1.90239e-120
7.77221e-123
3.08537e-125
1.22329e-127
4.71058e-130
1.84545e-132
7.04612e-135
2.75355e-137
1.06281e-139
4.21536e-142
1.67429e-144
6.89214e-147
2.86132e-149
1.23909e-151
5.42146e-154
2.4602e-156
1.1266e-158
5.29634e-161
2.49706e-163
1.19329e-165
5.69869e-168
2.74245e-170
1.34097e-172
6.25294e-175
2.45207e-179
8.45015e-184
3.78639e-188
1.51879e-191
1.85156e-194
2.41926e-197
3.20547e-200
4.29449e-203
5.77868e-206
7.79879e-209
1.04443e-211
1.37637e-214
1.7647e-217
2.16389e-220
2.44769e-223
2.42814e-226
2.00542e-229
1.37443e-232
8.24296e-236
4.54641e-239
2.35901e-242
1.16608e-245
5.5379e-249
2.54445e-252
1.13635e-255
4.95025e-259
2.11413e-262
8.84918e-266
3.6329e-269
1.46973e-272
5.86349e-276
2.30796e-279
8.97131e-283
3.44567e-286
1.30792e-289
4.90625e-293
1.81886e-296
6.66549e-300
2.41537e-303
8.65652e-307
3.06911e-310
1.07655e-313
3.73659e-317
1.28358e-320
4.94066e-324
0
0
0
0
0
0
0
0
0
0
0
0
0
0
0
0
0
0
0
0
0
0
0
0
0
0
0
0
0
0
0
0
0
0
0
0
0
0
0
0
0
0
0
0
0
0
0
0
0
0
0
0
0
0
0
0
0
0
0
0
0
0
0
0
0
0
0
0
0
0
0
0
0
0
0
0
0
0
0
0
0
0
0
0
0
0
0
0
0
0
0
0
0
0
0
0
0
0
0
0
0
0
0
0
0
0
0
0
0
0
0
0
0
0
0
0
0
0
0
0
0
0
0
0
0
0
0
0
0
0
0
0
0
0
0
0
0
0
0
0
0
0
0
0
0
0
0
0
0
0
0
0
0
0
0
0
0
0
0
0
0
0
0
0
0
0
0
0
0
0
0
0
0
0
0
0
0
0
0
0
0
0
0
0
0
0
0
0
0
0
0
0
0
0
0
0
0
0
0
0
0
0
0
0
0
0
0
0
0
0
0
0
0
0
0
0
0
0
0
0
0
0
0
0
0
0
0
0
0
0
0
0
0
0
0
0
0
0
0
0
0
0
0
0
0
0
0
0
0
0
0
0
0
0
0
0
0
0
0
0
0
0
0
0
0
0
0
0
0
0
0
1.84569e-11
2.15999e-11
2.54446e-11
2.82619e-11
4.34216e-11
6.13077e-11
6.82462e-11
1.50768e-10
2.68611e-10
6.94896e-10
1.23574e-09
1.21281e-09
1.87714e-09
1.41172e-09
1.65958e-09
1.3921e-09
1.17708e-09
1.83524e-10
1.40059e-11
1.36577e-14
1.09848e-17
1.07918e-20
9.73723e-24
9.32887e-27
8.61336e-30
7.92433e-33
7.60947e-36
7.59206e-39
8.21717e-42
1.01827e-44
1.12897e-47
1.25634e-50
1.43974e-53
1.71809e-56
2.07128e-59
2.56735e-62
3.26887e-65
4.19135e-68
5.84489e-71
1.00637e-73
2.54109e-76
1.06567e-78
5.60976e-81
3.16166e-83
1.81895e-85
1.14869e-87
5.8939e-90
2.65709e-92
1.11606e-94
4.64594e-97
1.96541e-99
8.55201e-102
3.67509e-104
1.60219e-106
6.83519e-109
2.93022e-111
1.25339e-113
5.21562e-116
2.1977e-118
8.89997e-121
3.61822e-123
1.42242e-125
5.55442e-128
2.15332e-130
8.19839e-133
3.18149e-135
1.20853e-137
4.72705e-140
1.83715e-142
7.36055e-145
2.98161e-147
1.24798e-149
5.32107e-152
2.3453e-154
1.0508e-156
4.84584e-159
2.25205e-161
1.07207e-163
5.10397e-166
2.46322e-168
1.1895e-170
5.78141e-173
2.7798e-175
1.3421e-179
5.88618e-184
2.72351e-188
7.08588e-192
8.63471e-195
1.19896e-197
1.69094e-200
2.37895e-203
3.35812e-206
4.74365e-209
6.72538e-212
9.43107e-215
1.29893e-217
1.73549e-220
2.23069e-223
2.68449e-226
2.92564e-229
2.70547e-232
2.03158e-235
1.28726e-238
7.37791e-242
3.94677e-245
2.00366e-248
9.75511e-252
4.5867e-255
2.09398e-258
9.30859e-262
4.05477e-265
1.72922e-268
7.23536e-272
2.98543e-275
1.21218e-278
4.85463e-282
1.91873e-285
7.48915e-289
2.8878e-292
1.10052e-295
4.14626e-299
1.54478e-302
5.69341e-306
2.07604e-309
7.49203e-313
2.67628e-316
9.4658e-320
3.45846e-323
0
0
0
0
0
0
0
0
0
0
0
0
0
0
0
0
0
0
0
0
0
0
0
0
0
0
0
0
0
0
0
0
0
0
0
0
0
0
0
0
0
0
0
0
0
0
0
0
0
0
0
0
0
0
0
0
0
0
0
0
0
0
0
0
0
0
0
0
0
0
0
0
0
0
0
0
0
0
0
0
0
0
0
0
0
0
0
0
0
0
0
0
0
0
0
0
0
0
0
0
0
0
0
0
0
0
0
0
0
0
0
0
0
0
0
0
0
0
0
0
0
0
0
0
0
0
0
0
0
0
0
0
0
0
0
0
0
0
0
0
0
0
0
0
0
0
0
0
0
0
0
0
0
0
0
0
0
0
0
0
0
0
0
0
0
0
0
0
0
0
0
0
0
0
0
0
0
0
0
0
0
0
0
0
0
0
0
0
0
0
0
0
0
0
0
0
0
0
0
0
0
0
0
0
0
0
0
0
0
0
0
0
0
0
0
0
0
0
0
0
0
0
0
0
0
0
0
0
0
0
0
0
0
0
0
0
0
0
0
0
0
0
0
0
0
0
0
0
0
0
0
0
0
0
0
0
0
0
0
0
0
0
0
0
0
0
0
0
0
0
0
0
1.51882e-11
1.97399e-11
2.29389e-11
2.34754e-11
2.40136e-11
2.45059e-11
2.59554e-11
2.77293e-11
5.2746e-11
6.82479e-11
1.09661e-10
1.89405e-10
2.89066e-10
4.8165e-10
4.86047e-10
3.98036e-10
9.79637e-11
1.1004e-11
2.61257e-13
1.15331e-16
8.92624e-20
8.72066e-23
9.41693e-26
9.24772e-29
9.92915e-32
9.74274e-35
1.03142e-37
1.08043e-40
1.14956e-43
1.25083e-46
1.36742e-49
1.4446e-52
1.61503e-55
1.82507e-58
2.1107e-61
2.458e-64
2.89855e-67
3.42331e-70
4.41307e-73
6.55684e-76
1.50374e-78
5.83012e-81
2.85698e-83
1.53248e-85
8.13176e-88
4.3601e-90
2.26805e-92
1.09877e-94
5.22294e-97
2.30724e-99
1.0269e-101
4.3725e-104
1.8775e-106
7.87032e-109
3.26176e-111
1.36216e-113
5.53167e-116
2.26174e-118
9.05414e-121
3.58474e-123
1.40481e-125
5.38885e-128
2.06511e-130
7.84448e-133
2.97254e-135
1.13925e-137
4.3464e-140
1.7047e-142
6.687e-145
2.72553e-147
1.12146e-149
4.79961e-152
2.08707e-154
9.38254e-157
4.27787e-159
1.99861e-161
9.429e-164
4.50236e-166
2.17344e-168
1.05025e-170
5.12318e-173
2.47116e-175
1.26332e-179
6.27652e-184
3.10814e-188
5.3295e-192
6.15398e-195
9.13304e-198
1.35775e-200
2.03832e-203
3.01542e-206
4.47882e-209
6.62939e-212
9.89049e-215
1.45997e-217
2.1272e-220
3.01252e-223
4.11054e-226
5.2756e-229
6.15774e-232
6.12828e-235
4.90196e-238
3.24061e-241
1.91757e-244
1.05347e-247
5.47751e-251
2.72596e-254
1.30858e-257
6.09281e-261
2.76275e-264
1.22475e-267
5.31889e-271
2.26775e-274
9.51391e-278
3.93021e-281
1.60074e-284
6.43333e-288
2.55297e-291
1.00091e-294
3.87852e-298
1.48606e-301
5.63204e-305
2.112e-308
7.83899e-312
2.88069e-315
1.04845e-318
3.80431e-322
0
0
0
0
0
0
0
0
0
0
0
0
0
0
0
0
0
0
0
0
0
0
0
0
0
0
0
0
0
0
0
0
0
0
0
0
0
0
0
0
0
0
0
0
0
0
0
0
0
0
0
0
0
0
0
0
0
0
0
0
0
0
0
0
0
0
0
0
0
0
0
0
0
0
0
0
0
0
0
0
0
0
0
0
0
0
0
0
0
0
0
0
0
0
0
0
0
0
0
0
0
0
0
0
0
0
0
0
0
0
0
0
0
0
0
0
0
0
0
0
0
0
0
0
0
0
0
0
0
0
0
0
0
0
0
0
0
0
0
0
0
0
0
0
0
0
0
0
0
0
0
0
0
0
0
0
0
0
0
0
0
0
0
0
0
0
0
0
0
0
0
0
0
0
0
0
0
0
0
0
0
0
0
0
0
0
0
0
0
0
0
0
0
0
0
0
0
0
0
0
0
0
0
0
0
0
0
0
0
0
0
0
0
0
0
0
0
0
0
0
0
0
0
0
0
0
0
0
0
0
0
0
0
0
0
0
0
0
0
0
0
0
0
0
0
0
0
0
0
0
0
0
0
0
0
0
0
0
0
0
0
0
0
0
0
0
0
0
0
0
0
0
0
2.15636e-11
2.36272e-11
2.41794e-11
2.4506e-11
7.91834e-12
4.90426e-12
4.14551e-12
3.69563e-12
4.03096e-12
4.53637e-12
5.89932e-12
8.33548e-12
1.11049e-11
1.38628e-11
1.16113e-11
5.56801e-12
2.4099e-12
1.66993e-13
1.86789e-16
2.03329e-19
2.37689e-22
2.59403e-25
2.97101e-28
2.95225e-31
3.34124e-34
3.53139e-37
3.99494e-40
4.54506e-43
5.07741e-46
5.89457e-49
6.54883e-52
7.11692e-55
8.18312e-58
9.46266e-61
1.12054e-63
1.35572e-66
1.66083e-69
2.08669e-72
2.88092e-75
4.83796e-78
1.3128e-80
5.46499e-83
2.68419e-85
1.3951e-87
7.11384e-90
3.62802e-92
1.80506e-94
8.65527e-97
4.07967e-99
1.8124e-101
8.05097e-104
3.41862e-106
1.44756e-108
6.00117e-111
2.43881e-113
9.98601e-116
3.94586e-118
1.57886e-120
6.1284e-123
2.37459e-125
9.0785e-128
3.43972e-130
1.30167e-132
4.89888e-135
1.86089e-137
7.0792e-140
2.73802e-142
1.07712e-144
4.30551e-147
1.78616e-149
7.49726e-152
3.2819e-154
1.45276e-156
6.65195e-159
3.07497e-161
1.4507e-163
6.92463e-166
3.31389e-168
1.61286e-170
7.81375e-173
3.80117e-175
1.9246e-179
9.9618e-184
5.12864e-188
6.0145e-192
6.09846e-195
9.49079e-198
1.50895e-200
2.37284e-203
3.74478e-206
5.83973e-209
9.13711e-212
1.41841e-214
2.20535e-217
3.39013e-220
5.13914e-223
7.54877e-226
1.0651e-228
1.41364e-231
1.70488e-234
1.74698e-237
1.42009e-240
9.4904e-244
5.65855e-247
3.13188e-250
1.64048e-253
8.22622e-257
3.97962e-260
1.86776e-263
8.54034e-267
3.81679e-270
1.67148e-273
7.18869e-277
3.04122e-280
1.26712e-283
5.20521e-287
2.10985e-290
8.44402e-294
3.33885e-297
1.30494e-300
5.04333e-304
1.92822e-307
7.29578e-311
2.73292e-314
1.01383e-317
3.72525e-321
0
0
0
0
0
0
0
0
0
0
0
0
0
0
0
0
0
0
0
0
0
0
0
0
0
0
0
0
0
0
0
0
0
0
0
0
0
0
0
0
0
0
0
0
0
0
0
0
0
0
0
0
0
0
0
0
0
0
0
0
0
0
0
0
0
0
0
0
0
0
0
0
0
0
0
0
0
0
0
0
0
0
0
0
0
0
0
0
0
0
0
0
0
0
0
0
0
0
0
0
0
0
0
0
0
0
0
0
0
0
0
0
0
0
0
0
0
0
0
0
0
0
0
0
0
0
0
0
0
0
0
0
0
0
0
0
0
0
0
0
0
0
0
0
0
0
0
0
0
0
0
0
0
0
0
0
0
0
0
0
0
0
0
0
0
0
0
0
0
0
0
0
0
0
0
0
0
0
0
0
0
0
0
0
0
0
0
0
0
0
0
0
0
0
0
0
0
0
0
0
0
0
0
0
0
0
0
0
0
0
0
0
0
0
0
0
0
0
0
0
0
0
0
0
0
0
0
0
0
0
0
0
0
0
0
0
0
0
0
0
0
0
0
0
0
0
0
0
0
0
0
0
0
0
0
0
0
0
0
0
0
0
0
0
0
0
0
0
0
0
0
0
0
0
6.72332e-12
4.15812e-12
2.25966e-12
1.42662e-12
6.32803e-13
4.10582e-13
3.24873e-13
2.38772e-13
1.46821e-13
1.13644e-13
1.36567e-13
1.95369e-13
2.63649e-13
2.50692e-13
1.72405e-13
6.83328e-14
6.88382e-15
1.5274e-16
2.61993e-19
3.65825e-22
4.66631e-25
5.59919e-28
6.5672e-31
7.29159e-34
8.62257e-37
1.02146e-39
1.24971e-42
1.51266e-45
1.81331e-48
2.09896e-51
2.40602e-54
2.81638e-57
3.23216e-60
3.89028e-63
4.81393e-66
6.13111e-69
7.98817e-72
1.0895e-74
1.69558e-77
3.50766e-80
1.20714e-82
5.29767e-85
2.65542e-87
1.33164e-89
6.60127e-92
3.27599e-94
1.55215e-96
7.41477e-99
3.35072e-101
1.50324e-103
6.5576e-106
2.7616e-108
1.1603e-110
4.70067e-113
1.90002e-115
7.56899e-118
2.9301e-120
1.154e-122
4.36359e-125
1.6791e-127
6.2703e-130
2.37606e-132
8.8429e-135
3.34557e-137
1.26106e-139
4.83591e-142
1.88982e-144
7.49798e-147
3.0654e-149
1.29085e-151
5.53908e-154
2.46035e-156
1.11389e-158
5.12896e-161
2.4192e-163
1.14211e-165
5.50873e-168
2.64781e-170
1.28759e-172
6.26458e-175
7.39334e-178
4.44649e-183
9.0075e-188
5.75635e-192
3.16159e-195
4.83647e-198
7.77445e-201
1.24379e-203
1.97218e-206
3.1102e-209
4.85326e-212
7.55458e-215
1.15836e-217
1.75975e-220
2.61006e-223
3.74117e-226
5.09317e-229
6.60425e-232
7.97441e-235
8.57969e-238
7.57564e-241
5.21563e-244
3.1597e-247
1.7688e-250
9.34546e-254
4.71981e-257
2.29692e-260
1.08362e-263
4.97723e-267
2.23361e-270
9.81738e-274
4.23616e-277
1.79781e-280
7.51257e-284
3.09453e-287
1.2576e-290
5.04584e-294
1.99996e-297
7.83461e-301
3.03472e-304
1.16279e-307
4.40909e-311
1.655e-314
6.15186e-318
2.26776e-321
0
0
0
0
0
0
0
0
0
0
0
0
0
0
0
0
0
0
0
0
0
0
0
0
0
0
0
0
0
0
0
0
0
0
0
0
0
0
0
0
0
0
0
0
0
0
0
0
0
0
0
0
0
0
0
0
0
0
0
0
0
0
0
0
0
0
0
0
0
0
0
0
0
0
0
0
0
0
0
0
0
0
0
0
0
0
0
0
0
0
0
0
0
0
0
0
0
0
0
0
0
0
0
0
0
0
0
0
0
0
0
0
0
0
0
0
0
0
0
0
0
0
0
0
0
0
0
0
0
0
0
0
0
0
0
0
0
0
0
0
0
0
0
0
0
0
0
0
0
0
0
0
0
0
0
0
0
0
0
0
0
0
0
0
0
0
0
0
0
0
0
0
0
0
0
0
0
0
0
0
0
0
0
0
0
0
0
0
0
0
0
0
0
0
0
0
0
0
0
0
0
0
0
0
0
0
0
0
0
0
0
0
0
0
0
0
0
0
0
0
0
0
0
0
0
0
0
0
0
0
0
0
0
0
0
0
0
0
0
0
0
0
0
0
0
0
0
0
0
0
0
0
0
0
0
0
0
0
0
0
0
0
0
0
0
0
0
0
0
0
0
0
0
0
0
)
;

boundaryField
{
    wand
    {
        type            zeroGradient;
    }
    frontAndBack
    {
        type            empty;
    }
}


// ************************************************************************* //
