/*--------------------------------*- C++ -*----------------------------------*\
| =========                 |                                                 |
| \\      /  F ield         | OpenFOAM: The Open Source CFD Toolbox           |
|  \\    /   O peration     | Version:  2.1.1                                 |
|   \\  /    A nd           | Web:      www.OpenFOAM.org                      |
|    \\/     M anipulation  |                                                 |
\*---------------------------------------------------------------------------*/
FoamFile
{
    version     2.0;
    format      ascii;
    class       volScalarField;
    location    "0.001400000";
    object      T;
}
// * * * * * * * * * * * * * * * * * * * * * * * * * * * * * * * * * * * * * //

dimensions      [0 0 0 1 0 0 0];

internalField   nonuniform List<scalar> 
12384
(
810.809
627.092
440.147
360.19
346.992
339.679
339.693
337.837
334.827
336.369
334.54
335.565
335.37
335.291
342.362
343.681
341.68
340.844
337.326
336.236
334.735
333.501
332.774
334.712
336.319
338.497
339.276
339.068
338.675
337.674
336.547
336.333
333.996
331.292
331.247
326.954
335.92
332.826
341.893
344.576
347.212
345.494
344.473
342.881
317.849
317.498
317.865
317.841
317.956
317.213
316.751
316.683
315.735
315.097
315.186
314.241
314.58
314.247
314.564
314.551
314.553
314.341
313.234
312.846
312.36
310.601
311.091
310.111
309.851
310.034
309.928
309.99
310.14
310.202
299.584
299.44
299.356
299.174
299.2
298.894
298.705
298.709
298.219
298.304
297.682
297.819
297.24
297.101
296.765
296.819
296.214
296.47
295.812
296.09
295.508
295.591
295.459
295.17
295.235
295.129
294.977
295.046
294.928
294.965
293.266
293.226
293.246
293.223
293.223
293.193
293.187
293.161
293.162
293.128
293.137
293.102
293.11
293.077
293.087
293.056
293.065
293.038
293.047
293.026
293.03
293.013
293.017
293.005
293.009
293.002
293.004
292.999
293.001
292.997
292.997
292.996
292.997
292.997
292.998
292.997
292.997
292.998
292.997
292.997
292.998
292.998
292.998
292.997
292.998
292.997
292.997
292.997
292.998
292.998
292.997
292.997
292.998
292.997
292.998
292.998
292.996
292.998
292.997
292.997
292.997
292.997
292.997
292.997
292.998
292.997
292.997
292.997
292.998
292.997
292.999
292.998
292.997
292.997
292.997
292.997
292.997
292.997
292.998
292.998
292.997
292.997
292.998
292.997
292.998
292.998
292.997
292.997
292.996
292.997
292.997
292.997
292.997
292.997
292.998
292.997
292.997
292.997
292.998
292.997
292.999
292.998
292.997
292.997
292.997
292.997
292.997
292.997
292.998
292.998
292.997
292.997
292.998
292.997
292.997
292.998
292.997
292.998
292.997
292.997
292.998
292.997
292.997
292.997
292.999
292.997
292.997
292.997
292.998
292.997
292.999
292.998
292.997
292.997
292.997
292.997
292.997
292.997
292.998
292.998
292.997
292.997
292.998
292.997
292.997
292.998
292.996
292.998
292.997
292.997
292.998
292.998
292.997
292.997
292.998
292.998
292.997
292.998
292.997
292.997
292.998
292.998
292.997
292.997
292.997
292.998
292.997
292.997
292.998
292.998
292.997
292.997
292.998
292.997
292.997
292.999
292.997
292.997
292.997
292.997
292.997
292.997
292.997
292.997
292.998
292.997
292.997
292.997
292.998
292.997
292.999
292.998
292.997
292.997
292.997
292.997
292.997
292.997
292.999
292.998
292.997
292.997
292.998
292.997
292.997
292.998
292.997
292.998
292.997
292.997
292.996
292.997
292.997
292.997
292.998
292.997
292.997
292.997
292.997
292.997
292.999
292.999
292.998
292.998
292.998
292.997
292.998
292.998
292.999
292.999
292.998
292.998
292.998
292.997
292.997
292.999
292.997
292.998
292.997
292.997
292.997
292.996
292.997
292.997
292.999
292.997
292.998
292.998
292.998
292.998
292.999
292.999
292.998
292.998
293
292.999
293
292.998
292.998
292.998
292.998
292.998
292.999
292.998
292.998
292.998
292.998
292.998
292.998
292.998
1832.62
1857.2
783.835
457.567
365.192
347.274
338.411
334.782
335.689
334.009
334.23
334.526
334.606
335.812
343.08
338.059
337.066
333.811
332.663
330.849
330.419
331.097
332.017
332.164
333.815
335.129
336.032
337.377
337.162
335.611
336.983
334.463
333.736
332.02
331.245
329.327
335.189
333.094
340.186
345.067
346.399
346.31
344.746
342.79
316.632
317.523
317.736
317.968
318.129
317.814
317.681
317.15
317.014
315.687
315.108
315.136
314.398
314.627
314.437
314.501
314.318
313.76
313.932
312.259
312.385
311.337
310.429
310.6
309.86
309.74
309.879
309.865
309.986
310.039
299.4
299.413
299.428
299.388
299.107
299.086
298.73
298.685
298.416
298.052
298.077
297.408
297.697
296.793
297.218
296.427
296.601
296.147
296.114
295.814
295.678
295.516
295.412
295.251
295.158
295.116
295.017
294.983
294.958
294.876
293.235
293.27
293.241
293.239
293.213
293.199
293.194
293.161
293.162
293.126
293.134
293.098
293.108
293.073
293.08
293.06
293.051
293.044
293.027
293.03
293.007
293.02
292.994
293.01
292.99
292.991
293
292.98
292.994
292.982
292.981
292.991
292.977
292.997
292.978
292.998
292.979
292.997
292.979
292.997
292.979
292.995
292.983
292.984
292.996
292.981
292.996
292.98
292.997
292.979
292.998
292.979
292.998
292.979
292.998
292.981
292.994
292.995
292.985
292.993
292.98
292.991
292.977
292.995
292.99
292.98
292.997
292.979
292.998
292.978
292.997
292.98
292.997
292.981
292.996
292.981
292.996
292.981
292.997
292.979
292.997
292.979
292.997
292.979
292.997
292.978
292.997
292.978
292.991
292.981
292.983
292.987
292.991
292.979
292.997
292.978
292.998
292.979
292.998
292.978
292.997
292.979
292.997
292.981
292.997
292.981
292.997
292.98
292.997
292.979
292.998
292.979
292.998
292.979
292.998
292.981
292.995
292.994
292.986
292.993
292.993
292.984
292.999
292.978
292.998
292.978
292.998
292.979
292.998
292.979
292.998
292.979
292.997
292.981
292.997
292.981
292.997
292.98
292.997
292.979
292.998
292.979
292.998
292.979
292.998
292.981
292.994
292.995
292.986
292.993
292.988
292.988
292.982
292.996
292.979
292.998
292.979
292.998
292.979
292.998
292.979
292.997
292.98
292.997
292.981
292.997
292.981
292.997
292.982
292.993
292.996
292.98
292.997
292.979
292.997
292.978
292.997
292.977
292.991
292.98
292.992
292.984
292.999
292.979
292.998
292.979
292.999
292.978
292.998
292.979
292.997
292.979
292.997
292.981
292.997
292.981
292.997
292.98
292.997
292.979
292.998
292.979
292.998
292.979
292.998
292.981
292.994
292.995
292.986
292.993
292.979
292.989
292.978
292.984
292.995
292.978
292.997
292.979
292.998
292.979
292.998
292.98
292.998
292.982
292.995
292.995
292.982
292.998
292.98
292.998
292.979
292.998
292.979
292.998
292.979
292.996
292.981
292.982
292.988
292.979
292.992
292.984
293
292.979
292.999
292.978
292.999
292.978
293
292.978
293
292.979
292.999
292.981
292.998
292.982
292.998
292.981
292.998
292.98
292.999
292.98
293
292.979
292.999
292.981
292.993
292.996
292.986
292.994
1407.74
1505.75
917.382
640.006
511.864
438.636
384.512
353.475
335.585
333.426
334.028
334.611
334.932
334.147
337.369
334.9
327.874
329.015
344.281
358.57
375.723
376.36
363.386
350.881
340.278
331.474
332.306
333.795
334.627
336.153
334.737
333.543
333.499
332.29
332.593
331.499
335.31
333.077
340.25
343.336
344.734
345.195
343.952
342.07
317.104
316.637
317.154
317.808
317.946
318.748
318.625
318.357
317.567
317.127
316.238
315.104
315.389
314.393
314.555
314.073
313.7
313.807
313.283
312.624
311.822
311.951
310.216
310.695
309.919
309.712
309.778
309.706
309.785
309.88
299.744
299.727
299.602
299.338
299.369
298.994
298.938
298.584
298.549
298.033
298.133
297.498
297.617
297.007
297.049
296.574
296.582
296.127
296.125
295.817
295.635
295.609
295.308
295.35
295.087
295.102
295.003
294.929
294.94
294.902
293.328
293.276
293.302
293.257
293.262
293.217
293.22
293.181
293.184
293.143
293.15
293.113
293.121
293.086
293.097
293.064
293.074
293.044
293.055
293.031
293.04
293.023
293.027
293.02
293.015
293.016
293.013
293.013
293.011
293.014
293.012
293.009
293.01
293.01
293.009
293.008
293.011
293.01
293.01
293.009
293.009
293.009
293.009
293.009
293.01
293.01
293.009
293.009
293.009
293.01
293.009
293.01
293.01
293.01
293.008
293.01
293.01
293.01
293.01
293.011
293.012
293.009
293.009
293.009
293.01
293.009
293.01
293.011
293.01
293.009
293.01
293.009
293.009
293.009
293.009
293.01
293.009
293.009
293.009
293.01
293.009
293.011
293.01
293.01
293.008
293.01
293.01
293.01
293.009
293.011
293.011
293.01
293.009
293.01
293.009
293.009
293.01
293.011
293.01
293.009
293.01
293.009
293.009
293.009
293.009
293.009
293.009
293.009
293.009
293.01
293.009
293.01
293.01
293.011
293.009
293.01
293.01
293.01
293.01
293.011
293.01
293.011
293.01
293.01
293.01
293.009
293.01
293.011
293.01
293.009
293.009
293.009
293.009
293.009
293.009
293.009
293.009
293.009
293.009
293.01
293.009
293.01
293.01
293.011
293.008
293.01
293.01
293.01
293.01
293.011
293.011
293.01
293.01
293.01
293.01
293.008
293.011
293.01
293.01
293.009
293.01
293.009
293.009
293.009
293.01
293.009
293.009
293.009
293.01
293.011
293.009
293.011
293.01
293.01
293.008
293.009
293.01
293.01
293.009
293.012
293.01
293.011
293.01
293.01
293.009
293.009
293.01
293.011
293.01
293.009
293.009
293.009
293.009
293.009
293.01
293.009
293.009
293.009
293.009
293.01
293.009
293.01
293.01
293.01
293.009
293.01
293.01
293.01
293.01
293.011
293.011
293.009
293.009
293.009
293.009
293.008
293.01
293.011
293.01
293.009
293.01
293.01
293.009
293.009
293.01
293.01
293.009
293.009
293.01
293.01
293.009
293.01
293.011
293.01
293.009
293.009
293.01
293.009
293.009
293.012
293.011
293.01
293.01
293.01
293.009
293.01
293.01
293.011
293.01
293.01
293.011
293.01
293.01
293.01
293.011
293.01
293.01
293.011
293.01
293.01
293.01
293.01
293.011
293.01
293.009
293.011
293.011
293.01
293.011
293.012
1501.81
1690.67
1699.31
1653.59
1520.06
1492.83
962.169
687.782
481.273
362.825
333.54
333.19
334.225
334.261
336.103
329.738
341.414
449.335
709.684
819.542
933.216
963.112
835.522
720.654
599.451
432.436
354.763
331.672
332.802
333.265
334.13
334.198
333.225
333.229
333.396
333.886
335.528
333.891
339.108
341.167
343.822
344.281
344.015
342.102
315.465
316.182
316.864
317.364
318.556
318.876
319.516
319.586
319.435
318.383
317.671
316.475
315.23
315.361
313.982
313.948
313.711
313.115
312.866
312.961
311.878
312.067
310.824
310.534
310.044
309.998
309.48
309.732
309.606
309.455
299.587
299.601
299.487
299.636
299.265
299.27
298.791
298.818
298.456
298.047
298.178
297.511
297.697
297.015
297.195
296.524
296.668
296.19
296.007
295.917
295.588
295.618
295.243
295.403
295.013
295.154
294.933
294.911
294.9
294.857
293.271
293.327
293.274
293.307
293.239
293.253
293.207
293.208
293.166
293.164
293.132
293.129
293.104
293.1
293.078
293.079
293.056
293.059
293.036
293.041
293.02
293.028
293.01
293.013
293.005
293.004
293.007
293.001
293.003
293.001
292.998
293
292.998
293
292.998
293
292.999
293.001
292.999
293.001
292.999
293.001
292.999
293
293.002
292.999
293.002
292.999
293.001
292.998
293.001
292.999
293.001
292.999
293
292.999
293
293.001
292.999
293
292.998
293
292.998
293
292.999
292.998
293.001
292.999
293.001
292.999
293.001
292.998
293.001
292.999
293.002
293
293.001
292.999
293.001
292.999
293.001
292.999
293.001
292.999
293
292.998
293
292.998
293
292.998
292.998
292.999
293
292.998
293.001
292.998
293.001
292.999
293.001
292.998
293.001
292.998
293.002
292.999
293.002
293
293.002
292.999
293.001
292.998
293.001
292.999
293.001
292.998
293
292.999
293
293.001
292.999
293.001
293
292.999
293.001
292.998
293.001
292.998
293.001
292.999
293.001
292.998
293.001
292.999
293.002
292.999
293.001
292.999
293.002
292.999
293.001
292.998
293.001
292.999
293.001
292.999
293
292.999
293
293.001
292.999
293
292.999
293
292.999
293
292.998
293.001
292.998
293.001
292.999
293.001
292.998
293.001
292.999
293.001
292.999
293.001
293
293.001
293
293.001
293.001
292.999
293.001
292.999
293
292.998
293.001
292.998
292.999
292.998
293
292.999
293.001
292.998
293
292.998
293.001
292.998
293.001
292.998
293.001
292.998
293.002
292.999
293.002
293
293.002
292.999
293.001
292.998
293.001
292.999
293.001
292.999
293
292.999
293
293.001
292.999
293
292.997
293
292.998
292.999
293
292.998
293.001
292.999
293.001
292.999
293.002
292.999
293.002
292.999
293.002
293.001
293
293.002
292.999
293.002
292.999
293.001
292.999
293.001
292.998
293.001
292.998
292.998
292.999
292.997
293
292.999
293.001
292.998
293.001
292.997
293.001
292.999
293.002
292.999
293.002
292.999
293.002
292.999
293.001
292.999
293.001
292.999
293.001
292.999
293.002
292.999
293.002
292.999
293
292.999
293
293.001
292.999
293
2160.31
2258.26
2344.46
2298.38
2174.9
2089.24
2072.95
1991.13
1824.33
868.049
443.8
347.395
333.092
333.992
331.282
334.474
489.707
1336.05
2504.5
2423.99
2421.08
2398.23
2347.94
2303.24
2255.07
1302.6
677.129
410.747
336.72
332.322
333.025
334.369
334.109
333.875
334.647
334.306
336.258
335.304
339.048
338.605
341.88
342.856
343.438
343.246
314.513
314.433
315.426
316.922
318.059
319.322
320.063
320.501
320.205
319.9
318.707
317.787
316.237
314.861
314.885
313.219
313.489
312.82
312.922
312.523
312.203
312.097
310.912
311.155
309.744
310.261
309.48
309.286
308.883
309.155
299.964
300.073
300.034
299.647
299.603
299.221
299.216
298.681
298.768
298.135
298.17
297.773
297.43
297.388
296.859
296.883
296.384
296.447
295.944
296.082
295.515
295.756
295.191
295.416
295.036
295.048
294.978
294.878
294.8
294.844
293.424
293.366
293.378
293.306
293.316
293.252
293.253
293.204
293.202
293.157
293.157
293.119
293.121
293.092
293.094
293.066
293.074
293.047
293.054
293.031
293.034
293.018
293.022
293.008
293.014
293.005
293.006
293.005
293.002
293.004
293.001
292.997
293.002
292.997
293.002
292.997
293.001
292.996
293.002
292.997
293.002
292.997
293.001
293.001
292.997
293.002
292.997
293.002
292.996
293.002
292.997
293.002
292.996
293.001
292.996
293.001
292.998
292.998
293
292.996
293.001
292.998
293.002
292.998
292.999
293.001
292.997
293.001
292.997
293.002
292.997
293.001
292.997
293.001
292.997
293.001
292.997
293.001
292.996
293.002
292.997
293.002
292.997
293.001
292.997
293.002
292.997
293.002
292.997
293
293
292.999
292.998
293.001
292.997
293.002
292.996
293.001
292.997
293.002
292.997
293.002
292.997
293.001
292.997
293.001
292.997
293.002
292.996
293.002
292.997
293.002
292.996
293.001
292.997
293.001
292.997
292.998
293
292.996
292.997
293.001
292.996
293.001
292.997
293.002
292.996
293.001
292.997
293.002
292.997
293.001
292.997
293.001
292.997
293.001
292.997
293.002
292.996
293.002
292.997
293.002
292.996
293.001
292.997
293.001
292.997
292.998
293
292.996
292.997
292.999
293
292.997
293.002
292.996
293.001
292.996
293.002
292.997
293.002
292.997
293.002
292.997
293.001
292.997
293.001
292.997
293
292.998
292.998
293.002
292.997
293.001
292.997
293.002
292.997
293.002
292.997
293.001
292.996
293
292.996
293.001
292.996
293.002
292.996
293.001
292.997
293.002
292.997
293.002
292.997
293.001
292.997
293.001
292.997
293.002
292.996
293.002
292.997
293.002
292.996
293.001
292.997
293.001
292.998
292.998
293
292.996
293.001
292.998
293.001
293
292.998
293.002
292.996
293.001
292.997
293.002
292.997
293.001
292.997
293.001
292.997
292.998
293.002
292.997
293.001
292.997
293.002
292.997
293.001
292.997
293.002
292.998
293.001
293
292.999
293.001
292.996
293
292.996
293.001
292.996
293.002
292.996
293.001
292.996
293.002
292.997
293.002
292.997
293.002
292.997
293.002
292.997
293.002
292.997
293.002
292.997
293.002
292.996
293.001
292.997
293
292.998
292.997
292.999
292.996
2378.25
2386.41
2387.78
2400.47
2428.37
2453.94
2443.61
2339.1
2190.45
2093.32
1820.82
735.551
352.268
334.992
328.77
368.565
976.875
2532.67
2375.75
2353.79
2359.78
2440.12
2441.17
2361.92
2269.25
2201.82
2127.56
991.847
428.566
335.469
332.906
333.368
334.868
334.797
334.491
334.461
336.411
336.08
338.175
338.651
340.161
342.048
342.225
340.907
312.089
312.941
314.519
315.599
317.313
319.008
320.461
321.145
321.252
320.543
319.911
318.468
317.232
315.893
313.999
314.26
312.708
313.017
312.487
312.56
312.291
311.823
311.516
310.869
310.271
309.605
309.833
308.857
309.056
308.756
299.849
300.163
299.958
299.951
299.751
299.557
299.139
299.12
298.562
298.63
297.969
298.08
297.541
297.365
297.116
296.821
296.661
296.231
296.312
295.801
295.792
295.576
295.302
295.352
295.026
295.051
294.963
294.8
294.8
294.719
293.395
293.425
293.364
293.387
293.315
293.318
293.253
293.251
293.197
293.193
293.146
293.146
293.11
293.111
293.082
293.086
293.06
293.065
293.043
293.048
293.028
293.034
293.016
293.021
293.008
293.013
293.005
293.007
293.004
293.004
293
293
293
293.001
293
293.001
293
293.001
293
293.001
293
293.001
293.001
293
293
293
293
293
293
293
293.001
293
293.002
292.999
293
292.999
293
293
292.999
293.001
292.999
293
293
293
293.001
293
293
293.001
293.001
293.001
293
293
293
293
293
293
293
293
293
293
293.001
293
293.001
293
293.001
293
293
293
293
293
293
293
293
293
293
293
293.001
293.001
293.001
293
293
293
293
293
293
293
293
293
293
293
293.001
293
293.002
292.999
293
292.999
293
293
293
293.001
293.001
292.999
293
292.999
293
292.999
293.001
293.001
293.001
293
293
293
293
293
293
293
293
293
293
293
293.001
293
293.002
292.999
293
292.999
293
293
292.999
293.001
293
293
293
293.001
293
293.001
293
293.001
293
293.001
293
293
293
293
293
293
293
293
293
293
293
293.001
293.001
293
293.001
293
293
293
293
292.999
293.001
292.999
293
292.999
293.001
292.999
293.001
293.001
293.001
293
293
293
293
293
293
293
293
293
293
293
293.001
293
293.002
292.999
293
292.999
293
293
293
293.001
292.999
293
293
293
293
293
293.001
293.001
293.002
293.001
293.001
293
293
293
293
293.001
293.001
293.001
293
293.001
293
293.002
293.001
293.001
293
293
293
293
293
292.999
293.001
292.999
293
292.999
293.001
293
293.001
293
293.001
293
293.001
293
293.002
293.001
293.002
293
293
293.001
293.002
293
293.001
293
293.001
292.999
293
292.999
293
293
292.999
293.002
2386.31
2388
2406.87
2446.86
2492.32
2533.43
2546.66
2495.41
2445.31
2361.89
2200.47
2047.27
467.182
336.079
330.513
508.632
2449.35
2225.74
2187.14
2191.78
2243.73
2346.51
2451.17
2429.24
2325.2
2219.72
2133.11
2059.09
905.647
413.406
334.266
333.238
334.308
335.658
335.101
334.378
336.142
335.978
337.997
338.305
338.903
338.49
338.882
340.482
312.057
311.385
313.648
315.81
316.776
318.901
320.237
321.335
321.668
321.272
320.234
319.551
317.586
316.892
314.01
314.457
313.061
312.428
312.702
312.275
312.107
311.824
311.72
310.489
311.003
309.084
309.802
308.481
308.068
307.749
300.645
300.553
300.462
300.23
299.962
299.754
299.492
298.997
298.996
298.409
298.425
297.881
297.742
297.5
297.033
297.162
296.444
296.53
296.243
295.799
295.907
295.493
295.441
295.219
295.176
294.875
295.006
294.699
294.797
294.662
293.558
293.5
293.497
293.409
293.398
293.32
293.317
293.246
293.247
293.183
293.186
293.132
293.139
293.098
293.104
293.073
293.079
293.054
293.059
293.038
293.044
293.026
293.025
293.019
293.013
293.009
293.008
293.006
293.004
293.004
293
292.999
293.001
292.998
293.001
292.998
293.001
292.998
293.001
292.998
293
292.998
292.999
292.999
292.998
293
292.998
293
292.998
293
292.998
293.001
292.998
293
292.998
293
292.999
292.998
292.999
292.998
293
292.999
293
292.999
292.999
293
292.999
293
292.999
293
292.998
293
292.998
293
292.998
293
292.998
293
292.997
293
292.998
293.001
292.998
293
292.998
293.001
292.998
293
292.998
292.999
292.999
292.999
292.999
293
292.998
293
292.998
293.001
292.999
293.001
292.998
293
292.998
293
292.998
293
292.998
293
292.998
293
292.998
293.001
292.998
293
292.998
293
292.998
292.998
292.999
292.998
292.998
292.999
292.998
293
292.997
293
292.997
293
292.998
293
292.998
293
292.998
293
292.999
293
292.998
293
292.998
293
292.998
293.001
292.998
293
292.998
293
292.999
292.998
292.999
292.998
292.998
292.999
292.999
292.999
293.001
292.997
293
292.998
293.001
292.998
293
292.998
293
292.998
293
292.998
292.999
292.998
292.999
292.999
292.998
293
292.998
293
292.998
293
292.998
293
292.998
292.999
292.998
292.999
292.998
293
292.997
293
292.997
293
292.998
293
292.998
293
292.998
293
292.998
293
292.998
293
292.998
293
292.998
293.001
292.998
293
292.998
293
292.999
292.998
292.999
292.998
293
292.999
293
293
292.999
293
292.998
293
292.999
293.001
292.998
293
292.998
293
292.999
292.999
293
292.998
293.001
292.998
293.001
292.999
293.001
292.998
293
292.998
293
292.999
292.999
292.999
292.998
292.999
292.997
293
292.997
293
292.997
293.001
292.998
293.001
292.998
293.001
292.998
293.001
292.998
293
292.998
293
292.998
293.001
292.998
293.001
292.997
293
292.997
293
292.998
292.998
292.999
292.997
2406.19
2431.12
2467.21
2502.82
2538.06
2560.84
2581.98
2528.84
2485.23
2457.57
2331.04
2067.47
465.737
337.348
354.766
1007.5
1943.88
2109.13
2160.54
2202.2
2262.07
2329.2
2437.31
2486.35
2366.62
2244.33
2131.35
2068.11
1989
772.429
398.805
334.096
332.874
335.036
335.948
335.29
335.227
335.905
337.453
338.209
338.917
339.188
337.942
334.883
309.719
312.848
314.188
315.527
316.355
318.49
320.164
321.517
321.639
321.473
320.92
319.489
318.541
316.971
315.332
314.492
312.913
313.159
312.138
312.321
312.012
311.81
311.593
310.666
310.84
309.235
309.898
308.106
308.739
307.304
300.917
300.601
300.537
300.533
300.316
299.85
299.782
299.19
299.027
298.589
298.322
298.138
297.639
297.743
296.99
297.242
296.526
296.606
296.14
296.058
295.803
295.517
295.53
295.139
295.24
294.847
294.983
294.692
294.774
294.624
293.494
293.544
293.452
293.483
293.411
293.384
293.323
293.297
293.241
293.225
293.181
293.159
293.134
293.117
293.1
293.087
293.076
293.064
293.058
293.046
293.045
293.033
293.029
293.024
293.016
293.016
293.01
293.011
293.007
293.008
293.003
293.003
293.002
293.002
293.002
293.002
293.001
293.002
293.001
293.001
293.002
293.002
293.001
293.001
293.001
293.001
293.001
293.001
293.001
293.001
293.001
293.001
293.002
293.001
293.002
293.002
293.002
293.002
293.002
293.002
293.002
293.002
293.002
293.002
293.002
293.002
293.002
293.002
293.002
293.001
293.001
293.001
293.001
293.001
293.001
293.001
293.001
293.001
293.001
293.001
293.001
293.002
293.002
293.002
293.002
293.002
293.002
293.002
293.002
293.002
293.001
293.002
293.002
293.002
293.002
293.002
293.002
293.002
293.002
293.001
293.001
293.001
293.001
293.001
293.001
293.001
293.001
293.001
293.001
293.001
293.001
293.001
293.002
293.002
293.002
293.002
293.002
293.002
293.002
293.002
293.001
293.002
293.002
293.002
293.002
293.002
293.001
293.001
293.001
293.001
293.001
293.001
293.001
293.001
293.001
293.001
293.001
293.001
293.001
293.001
293.001
293.001
293.002
293.001
293.002
293.002
293.002
293.002
293.002
293.002
293.002
293.002
293.002
293.002
293.002
293.002
293.002
293.002
293.001
293.001
293.001
293.001
293.001
293.001
293.001
293.001
293.001
293.001
293.002
293.001
293.002
293.001
293.002
293.002
293.002
293.002
293.002
293.002
293.002
293.001
293.002
293.002
293.002
293.002
293.002
293.002
293.002
293.002
293.001
293.001
293.001
293.001
293.001
293.001
293.001
293.001
293.001
293.001
293.001
293.001
293.001
293.001
293.002
293.002
293.002
293.002
293.002
293.002
293.002
293.002
293.002
293.002
293.002
293.002
293.002
293.002
293.002
293.002
293.002
293.001
293.002
293.001
293.001
293.001
293.001
293.001
293.001
293.001
293.002
293.001
293.001
293.002
293.002
293.001
293.002
293.002
293.002
293.002
293.002
293.002
293.001
293.001
293.001
293.001
293.002
293.001
293.002
293.001
293.002
293.001
293.002
293.001
293.002
293.002
293.002
293.002
293.001
293.001
293.001
293.001
293.001
293.001
293.001
293.001
293.001
293.001
293.001
293.001
293.001
293.002
2427.97
2406.64
2393.41
2440.4
2500.02
2548.52
2575.9
2568.3
2558.67
2556.28
2498.55
2305.02
2064.43
493.89
628.85
646.225
466.727
2152.37
1928.64
1984.32
2192.42
2354.22
2413.45
2450.75
2507.95
2499.16
2389.05
2262.27
2169.03
2078.09
2023.3
1949.65
784.311
399.111
334.207
332.863
335.568
335.74
335.361
335.308
336.705
337.79
337.401
336.216
333.343
330.687
300.866
309.705
312.624
312.726
313.381
314.423
316.788
318.247
320.347
321.351
321.927
321.514
321.283
320.111
318.554
318.177
315.965
314.147
314.282
312.459
312.228
312.184
311.804
311.632
311.192
311.146
309.792
309.923
308.294
308.137
306.165
305.188
303.111
303.286
300.847
301.97
301.186
301.152
300.738
300.529
299.744
299.634
299.073
298.699
298.683
297.987
298.079
297.5
297.267
297.151
296.629
296.742
296.078
296.274
295.709
295.669
295.42
295.255
295.072
294.965
294.736
294.728
294.446
294.421
294.048
294.143
293.806
293.696
293.715
293.5
293.509
293.408
293.384
293.298
293.291
293.222
293.215
293.158
293.161
293.109
293.123
293.077
293.092
293.057
293.069
293.041
293.05
293.033
293.03
293.027
293.018
293.017
293.008
293.01
293.004
293.006
293.006
293.008
293
293.001
293
293
293.001
293
293
293
293
292.999
293
292.999
292.999
292.999
292.999
292.999
292.999
292.999
292.999
292.999
292.999
292.999
293
293
293
293
293
292.999
292.999
293
293.004
293.004
293
293
292.999
293
293
293
293
293
292.999
292.999
292.999
292.999
292.999
292.999
292.999
292.999
292.999
292.999
292.999
292.999
292.999
293
292.999
293
293
293
293
293
292.999
292.999
293.004
293.004
293
293
292.999
293
293
293
293
293
292.999
292.999
292.999
292.999
292.999
292.999
292.999
292.999
292.999
292.999
292.999
292.999
292.999
292.999
293
293
293
293
292.999
292.999
292.999
293
293.004
293.004
293
292.999
292.999
293
293
293
293
292.999
292.999
292.999
292.999
292.999
292.999
292.999
292.999
292.999
292.999
292.999
292.999
292.999
292.999
292.999
293
293
293
293
292.999
292.999
292.999
292.999
293.004
293.004
293
292.999
292.999
293
293
293
293
293
292.999
292.999
292.999
292.999
292.999
292.999
292.999
292.999
292.999
293
292.999
293
292.999
293
292.999
293
292.999
293
293
293
292.999
293
293.004
293.004
293
292.999
293
293
293
293
293
293
292.999
292.999
292.999
292.999
292.999
292.999
292.999
292.999
292.999
292.999
292.999
292.999
292.999
292.999
293
293
293
293
293
292.999
292.999
293
293.004
293.004
292.999
293
292.999
292.999
293
293
293
293
292.999
292.999
292.999
292.999
292.999
292.999
292.999
292.999
292.999
292.999
292.999
292.999
292.999
292.999
293
293
293
293
292.999
292.999
292.999
292.999
293.003
293.003
292.999
292.999
292.999
293
292.999
293
292.999
293
292.999
293
292.998
292.999
292.999
292.999
292.999
292.999
292.999
292.999
292.999
292.999
292.999
292.999
292.998
292.999
292.998
292.999
292.999
292.999
292.999
292.999
293.003
293.004
2244.92
2248.22
2231.59
2256.46
2329.1
2408.76
2466.36
2516.92
2515.13
2501.69
2501.2
2543.55
2407.34
1837.31
2114.21
2220.53
1967.03
1921.64
1959.55
2291.27
2529.81
2523.47
2518.16
2530.41
2505.25
2416.05
2312.96
2222.19
2144.97
2092.97
2028.02
1988.21
1926.92
785.172
387.532
332.315
332.85
335.259
335.693
335.834
336.162
336.984
336.748
335.561
332.575
328.163
309.643
313.255
313.307
313.239
312.345
313.677
316.416
318.409
320.029
321.344
321.857
321.941
321.251
320.313
319.406
318.084
316.751
314.09
315.009
312.628
312.276
312.171
311.552
311.6
311.083
310.815
309.702
309.968
307.832
308.522
305.964
306.313
304.193
302.607
303.033
301.691
301.642
301.391
300.693
300.745
299.719
300.101
298.864
299.051
298.502
298.103
298.063
297.449
297.633
296.843
297.023
296.445
296.324
296.081
295.762
295.773
295.308
295.42
294.962
295.058
294.655
294.788
294.374
294.527
294.003
294.152
293.746
293.758
293.666
293.536
293.559
293.405
293.424
293.327
293.279
293.269
293.192
293.208
293.136
293.142
293.123
293.087
293.094
293.064
293.074
293.047
293.054
293.037
293.038
293.027
293.025
293.017
293.017
293.009
293.012
293.006
293.008
293.004
293.005
293.003
293.003
293.003
293.003
293.003
293.003
293.002
293.002
293.001
293.001
293.002
293.002
293.002
293.002
293.002
293.002
293.002
293.002
293.001
293.001
293.002
293.002
293.003
293.002
293.003
293.003
293.002
293.002
293.002
293.002
293.002
293.002
293.002
293.002
293.003
293.003
293.003
293.002
293.002
293.002
293.001
293.001
293.002
293.002
293.002
293.002
293.002
293.002
293.002
293.002
293.001
293.001
293.002
293.002
293.003
293.002
293.003
293.002
293.002
293.002
293.002
293.002
293.002
293.002
293.002
293.002
293.003
293.003
293.003
293.002
293.002
293.002
293.001
293.001
293.002
293.002
293.002
293.002
293.002
293.002
293.002
293.002
293.001
293.001
293.002
293.002
293.003
293.003
293.003
293.003
293.002
293.002
293.002
293.003
293.002
293.002
293.002
293.002
293.003
293.002
293.003
293.002
293.002
293.002
293.001
293.001
293.002
293.002
293.002
293.002
293.002
293.002
293.002
293.002
293.001
293.001
293.002
293.002
293.003
293.003
293.003
293.003
293.002
293.002
293.002
293.003
293.002
293.002
293.002
293.002
293.002
293.003
293.002
293.003
293.002
293.002
293.001
293.001
293.002
293.002
293.002
293.002
293.002
293.002
293.002
293.002
293.001
293.001
293.002
293.002
293.002
293.003
293.003
293.003
293.002
293.002
293.002
293.002
293.002
293.002
293.003
293.002
293.003
293.002
293.003
293.002
293.003
293.002
293.001
293.001
293.002
293.002
293.002
293.002
293.002
293.002
293.002
293.002
293.001
293.001
293.002
293.002
293.003
293.003
293.003
293.003
293.002
293.002
293.002
293.002
293.002
293.002
293.002
293.002
293.003
293.003
293.003
293.003
293.003
293.002
293.001
293.001
293.002
293.002
293.002
293.002
293.002
293.002
293.002
293.002
293.001
293.001
293.002
293.002
293.002
293.002
293.002
293.002
293.002
293.002
293.002
293.001
293.002
293.002
293.002
293.001
293.002
293.002
293.002
293.002
293.002
293.002
293.002
293.002
293.002
293.001
293.002
293.002
293.002
293.002
293.002
293.002
293.002
293.002
293.002
293.002
293.002
293.002
293.001
293.002
293.001
293.002
293.002
293.002
293.003
2064.83
2087.21
2088.48
2114.15
2160.45
2221.45
2307.54
2351.83
2392.93
2396.82
2381.57
2347.72
2346.96
2437.63
2387.9
2383.37
2532.26
2238.01
2546.23
2420.92
2379.31
2388.81
2419.62
2395.57
2359.03
2282.01
2194.75
2138.04
2097.03
2050.65
2034.58
2004.47
1929.29
2000.11
582.022
349.402
332.8
333.22
335.13
335.581
336.022
336.01
335.812
334.622
332.865
327.201
316.709
318.129
315.909
313.653
314.482
314.882
316.912
318.204
320.105
321.182
321.987
321.904
321.832
320.401
319.54
319.222
315.93
316.472
314.095
312.604
313.237
311.614
311.903
311.067
311.142
310.262
310.158
309.041
308.343
307.897
305.898
306.548
303.35
303.747
302.699
301.806
302.263
301.135
301.41
300.489
300.197
299.855
299.178
299.243
298.372
298.656
297.718
297.841
297.373
297.049
297.001
296.416
296.606
295.879
296.051
295.539
295.473
295.278
294.987
295.061
294.619
294.779
294.341
294.504
294.029
294.17
293.768
293.911
293.611
293.678
293.535
293.446
293.442
293.331
293.342
293.235
293.226
293.211
293.141
293.141
293.121
293.092
293.098
293.067
293.072
293.054
293.05
293.041
293.036
293.027
293.026
293.016
293.017
293.006
293.01
293.004
293.004
293.004
293.001
293.002
292.999
293
292.999
292.999
292.998
292.999
292.999
293
292.999
292.999
292.999
292.999
292.998
292.998
292.999
292.999
292.999
292.999
293
292.999
292.999
292.999
292.999
292.999
292.999
292.998
292.999
292.999
293
293
292.999
293
292.998
292.999
292.999
292.999
292.999
292.999
293
292.999
293
292.999
292.999
292.999
292.999
292.998
293
292.999
292.999
292.999
293
292.999
292.999
292.998
292.999
292.999
292.999
292.998
293
292.999
293
293
292.999
293
292.998
292.999
292.999
292.999
292.999
292.998
293
292.999
293
292.998
293
292.999
292.999
292.998
292.999
292.999
292.999
292.999
293
292.999
292.999
292.998
292.999
292.999
292.999
292.998
292.999
292.999
293
293
292.999
292.999
292.998
292.999
292.999
292.999
292.999
292.998
293
292.999
293
292.998
293
292.999
292.999
292.998
292.999
292.999
292.999
292.999
293
292.999
292.999
292.999
292.999
292.999
292.999
292.998
292.999
292.999
293
293
293
293
292.998
292.999
292.999
292.999
292.998
292.999
292.999
293
292.999
292.999
292.999
293
292.998
292.998
292.999
293
292.998
293
292.999
293
292.998
292.998
292.999
292.999
292.999
292.999
293
292.999
293
293
293
292.999
292.999
292.999
292.999
292.999
292.999
292.998
293
292.999
293
292.998
293
292.999
292.999
292.998
292.999
292.999
292.999
292.999
293
292.999
292.999
292.998
292.999
292.999
292.999
292.998
292.999
292.999
293
293
292.998
293
292.998
292.999
292.999
292.999
292.999
292.999
293
293
293
292.999
293
292.999
292.999
292.999
292.999
292.999
292.999
292.999
292.999
293
292.999
292.999
292.999
293
293
292.999
293
292.999
292.999
292.999
292.999
292.999
292.999
292.999
292.999
292.999
292.999
292.998
293
292.999
293
292.999
292.999
292.999
292.999
292.998
292.999
292.999
292.999
292.998
292.998
292.998
292.999
292.999
292.999
292.999
292.999
292.998
292.998
292.999
293
292.998
1998.84
2011.15
2016.66
2026.39
2042.52
2066.55
2098.4
2143.23
2183.35
2208.79
2207.18
2203.48
2191.23
2246.17
2230.61
2256.87
2338.73
2428.26
2292.88
2262.44
2262.74
2283.93
2283.94
2280.22
2224.4
2169.31
2113.5
2068.69
2048.98
2024.94
2006.98
1982.29
1941.86
1865.38
857.842
404.573
332.918
333.397
334.08
335.255
335.446
335.977
334.895
334.884
331.434
327.557
323.9
323.297
317.143
317.93
315.088
316.908
317.095
318.777
319.939
321.453
321.961
322.285
321.603
321.11
319.95
319.568
315.752
316.969
314.032
313.013
313.095
311.445
312.046
310.773
311.152
309.891
310.258
308.454
308.992
306.893
306.782
305.78
303.804
304.472
302.403
302.906
301.953
301.449
301.513
300.379
300.829
299.49
299.835
298.849
298.754
298.32
297.921
297.907
297.268
297.44
296.697
296.718
296.366
296.012
296.067
295.476
295.679
295.117
295.18
294.857
294.787
294.644
294.39
294.453
294.067
294.2
293.814
293.93
293.659
293.719
293.52
293.539
293.394
293.399
293.298
293.287
293.208
293.225
293.142
293.168
293.106
293.12
293.081
293.082
293.074
293.054
293.058
293.039
293.044
293.026
293.033
293.018
293.023
293.011
293.012
293.008
293.007
293.004
293.005
293.003
293.003
293.003
293.003
293.002
293.002
293.001
293.002
293.001
293.001
293.001
293.002
293.001
293.001
293.001
293.001
293.002
293.001
293.001
293.001
293.001
293.001
293.001
293.002
293.002
293.002
293.001
293.001
293.001
293.001
293.001
293.001
293.001
293.001
293.002
293.002
293.002
293.001
293.001
293.001
293.001
293.001
293.001
293.002
293.001
293.001
293.001
293.001
293.002
293.001
293.001
293.001
293.001
293.002
293.001
293.001
293.002
293.002
293.002
293.001
293.001
293.001
293.001
293.001
293.001
293.001
293.002
293.002
293.002
293.001
293.001
293.001
293.001
293.001
293.001
293.002
293.001
293.001
293.001
293.001
293.002
293.001
293.001
293.001
293.001
293.001
293.001
293.002
293.002
293.002
293.002
293.001
293.001
293.001
293.001
293.001
293.001
293.001
293.002
293.002
293.002
293.001
293.001
293.001
293.001
293.001
293.001
293.002
293.001
293.001
293.001
293.001
293.002
293.001
293.001
293.001
293.001
293.001
293.001
293.002
293.002
293.002
293.002
293.001
293.002
293.001
293.001
293.001
293.001
293.001
293.002
293.002
293.002
293.001
293.001
293.001
293.001
293.001
293.001
293.002
293.001
293.001
293.001
293.001
293.002
293.001
293.001
293.001
293.001
293.001
293.002
293.002
293.002
293.002
293.001
293.001
293.001
293.001
293.001
293.001
293.001
293.001
293.002
293.002
293.002
293.001
293.001
293.001
293.001
293.001
293.001
293.002
293.001
293.001
293.001
293.001
293.002
293.001
293.001
293.001
293.001
293.001
293.001
293.002
293.002
293.002
293.001
293.001
293.001
293.001
293.001
293.001
293.001
293.002
293.002
293.002
293.002
293.001
293.001
293.001
293.001
293.001
293.001
293.002
293.001
293.001
293.001
293.001
293.002
293.001
293.001
293.001
293.001
293.001
293.001
293.002
293.002
293.002
293.001
293.001
293.001
293.001
293.001
293.001
293.001
293.001
293.002
293.002
293.002
293.001
293.001
293.001
293.002
293.002
293.001
293.001
293.002
293.001
293.001
293.001
293.001
293.002
293.001
293.001
293.001
293.002
293.002
293.001
293.001
293.001
293.001
293.002
293.001
293.002
293.001
1980.45
1978.72
1983
1982.56
1984.1
1980.34
1980.45
1989.18
1996.53
2011.38
2025.96
2042.32
2053.93
2099.61
2121.58
2143.71
2190.97
2207.4
2159.79
2148.54
2154.47
2161.62
2171.85
2158.58
2139.86
2081.17
2043.2
2023.3
1992.09
1991.24
1964.02
1940.23
1925.3
1894.38
775.433
388.456
335.32
334.012
333.913
334.704
335.406
335.011
335.116
333.427
332.067
327.829
327.788
323.654
320.325
317.378
318.632
316.869
317.947
318.699
320.174
321.167
322.276
322.277
322.102
320.83
321.101
318.605
316.86
317.156
313.516
314.656
312.296
312.03
311.331
311.054
310.632
310.035
309.797
308.488
308.836
306.552
307.278
305.231
304.799
304.145
302.689
303.315
301.764
301.968
301.301
300.677
300.609
299.585
299.968
298.716
299.174
298.106
298.305
297.597
297.542
297.206
296.772
296.866
296.188
296.366
295.79
295.68
295.504
295.13
295.261
294.757
294.911
294.525
294.495
294.362
294.107
294.182
293.83
293.955
293.662
293.756
293.506
293.589
293.373
293.457
293.273
293.334
293.211
293.227
293.155
293.163
293.107
293.128
293.075
293.088
293.069
293.056
293.06
293.038
293.044
293.026
293.029
293.02
293.019
293.013
293.011
293.006
293.006
293.001
293.002
293
293.001
293.001
293
292.999
292.999
292.999
293
293
293
292.999
292.998
292.999
292.999
292.999
292.999
292.999
292.999
293
293
293
292.998
292.999
292.999
293
293
293
292.999
292.999
292.998
292.999
292.999
292.999
293
293
293
292.999
292.998
292.999
293
293
293
292.999
292.999
292.999
292.999
292.999
292.999
292.998
292.998
293
293
293
292.999
292.998
292.999
292.999
293
292.999
292.999
292.999
292.999
292.999
292.999
292.999
293
293
293
292.999
292.999
292.999
293
293
292.999
292.999
292.999
292.999
292.999
292.999
292.999
292.999
292.999
293
293
293
292.998
292.998
292.999
292.999
293
292.999
292.999
292.999
292.999
292.999
292.999
292.999
293
292.999
293
292.998
292.999
292.998
293
293
293
292.999
292.999
292.999
292.999
292.999
293
292.999
292.999
293
293
293
292.999
292.998
292.999
292.999
293
292.999
292.999
292.999
292.999
292.999
292.999
292.999
292.999
293
292.999
292.999
292.998
292.999
293
293
293
292.999
292.999
292.999
292.999
292.999
292.999
292.998
292.999
293
293
292.999
292.999
292.998
292.999
293
293
293
292.999
292.999
292.999
292.999
292.999
292.999
293
292.999
293
292.998
292.999
292.999
293
293
292.999
292.999
292.999
292.999
292.999
292.999
292.999
292.999
292.999
293
293
293
292.999
292.998
292.999
292.999
293
292.999
292.999
292.999
292.998
292.999
292.999
292.999
293
293
293
292.999
292.999
292.998
293
293
293
292.999
292.999
292.999
292.999
292.999
292.999
292.998
292.999
292.999
293
292.999
292.999
292.998
292.998
292.999
292.999
292.999
292.998
292.999
292.998
292.998
292.999
292.999
293
293
292.999
292.998
292.998
292.999
292.999
292.998
292.999
292.999
292.998
292.999
292.999
292.998
292.999
292.999
292.998
292.998
292.998
292.998
292.999
292.999
292.999
292.998
292.998
292.998
292.998
292.999
292.998
292.998
1970.83
1974.07
1966.98
1962.31
1953.33
1950.48
1942.83
1941.98
1938.6
1943.01
1945.34
1964.47
1979.46
2011.52
2024.08
2040.53
2046.02
2043.14
2008.67
2014.34
2008.6
2022.79
2037.46
2059.33
2039.87
2017.4
1990.26
1974.49
1960.96
1956.43
1947.31
1920
1917.91
1899.33
1088.31
447.532
338.018
334.426
333.56
334.603
334.949
335.519
334.211
333.98
332.453
327.647
329.846
324.102
320.169
321.977
317.932
319.322
318.234
319.397
319.955
321.187
322.05
322.496
322.158
321.675
321.077
318.193
318.635
315.48
314.517
314.416
311.863
312.868
310.937
311.21
310.261
310.315
309.206
308.838
308.293
306.694
307.198
304.884
305.701
303.33
303.964
302.76
301.953
302.333
301.009
301.342
300.127
300.215
299.598
298.835
299.17
298.045
298.502
297.463
297.789
297.019
297.039
296.589
296.37
296.271
295.755
295.918
295.319
295.364
295.086
294.847
294.883
294.468
294.605
294.258
294.181
294.158
293.853
293.976
293.662
293.782
293.511
293.613
293.387
293.463
293.29
293.337
293.206
293.248
293.142
293.186
293.102
293.136
293.08
293.09
293.063
293.069
293.047
293.044
293.045
293.029
293.033
293.021
293.024
293.012
293.016
293.006
293.009
293.003
293.004
293.002
293.003
293.002
293.002
293.001
293.001
293.001
293.001
293
293
292.999
292.999
293
293
293
292.999
292.999
292.999
293
293
293
293
293
293.001
293.001
293.001
293.001
293.001
293.001
293.001
293.001
293.001
293.001
293.001
293.001
293.001
293.001
293
293
293
293
293
292.999
292.999
293
293
293
293
292.999
292.999
293
293
293
293.001
293
293.001
293.002
293.002
293.002
293.001
293.002
293.001
293.001
293.001
293.001
293.001
293.002
293.001
293.001
293
293
293
293
292.999
292.999
292.999
292.999
293
293
292.999
292.999
292.999
293
293
293
293
293
293
293.001
293.001
293.001
293.001
293.001
293
293.001
293.001
293.001
293.001
293.001
293.001
293.001
293
293
293
293
293
292.999
292.999
292.999
293
293
292.999
292.999
292.999
293
293
293
293
293
293.001
293.001
293.001
293.001
293.001
293.001
293.001
293.001
293.001
293.001
293.001
293.001
293.001
293.001
293
293
293
293
293
292.999
292.999
293
293
293
293
292.999
292.999
293
293
293
293
293
293.001
293.001
293.002
293.001
293.001
293.001
293.001
293.001
293.001
293.001
293.001
293.001
293.001
293.001
293
293
293
292.999
293
292.999
292.999
292.999
293
293
292.999
292.999
292.999
293
293
293
293
293
293.001
293.002
293.002
293.001
293.001
293.001
293.001
293
293.001
293.001
293.001
293.002
293.002
293.001
293
293
293
293
293
292.999
292.999
292.999
293
293
292.999
292.999
292.999
293
292.999
293
293
293
293
293
293
293
293
293
293.001
293.001
293
293
293
293
293.001
293
293
293.001
293
293
292.999
292.999
293
292.999
293
293
293
293
292.999
292.999
293
293
292.999
292.999
293
292.999
292.999
293
293
292.999
293
293
1971.98
1968
1958.06
1946.28
1938.66
1938.13
1936.41
1931.89
1950.15
1953.42
1961.83
1960.17
1968.69
1963.71
1955.62
1926.41
1900.22
1872.04
1886.96
1896.93
1894.22
1874.94
1900.76
1918.8
1941.53
1945.18
1947.84
1942.64
1938.95
1935.25
1928.67
1895.07
1050.08
604.16
422.782
344.742
334.395
333.038
333.809
333.811
335.206
335.215
334.702
334.421
331.584
329.16
328.974
325.47
322.106
322.623
319.474
318.95
319.372
319.349
320.166
321.051
321.962
322.533
322.413
321.744
321.088
318.1
319.339
314.861
315.812
313.527
312.406
312.336
310.822
311.408
309.93
310.429
308.981
309.093
307.84
307.123
306.856
304.984
305.653
303.497
304.122
302.638
302.32
302.114
301.085
301.46
300.05
300.487
299.434
299.126
298.958
298.153
298.423
297.477
297.834
296.931
297.271
296.42
296.66
296.024
295.978
295.702
295.384
295.444
294.947
295.081
294.712
294.578
294.548
294.229
294.304
294.067
293.927
293.944
293.678
293.789
293.517
293.623
293.393
293.477
293.285
293.36
293.201
293.265
293.145
293.188
293.109
293.134
293.081
293.1
293.06
293.074
293.05
293.046
293.044
293.029
293.035
293.02
293.026
293.012
293.016
293.008
293.009
293.003
293.006
293.002
293.003
293.002
293.002
293.002
293.002
293.001
293.001
293.001
293.001
293.002
293.001
293.001
293.002
293.002
293.001
293.001
293.002
293.001
293.001
293.001
293.001
293.001
293.001
293.001
293.001
293.001
293.001
293.002
293.001
293.001
293.002
293.001
293.002
293.002
293.001
293.001
293
293.001
293.001
293.001
293.001
293.002
293.001
293.001
293.002
293.002
293.001
293.001
293.002
293.001
293.001
293.001
293.001
293.001
293.001
293.001
293.001
293.002
293.002
293.003
293.001
293.001
293.002
293.001
293.002
293.001
293.001
293.001
293.001
293.001
293.001
293.001
293.001
293.002
293.001
293.001
293.002
293.002
293.001
293.001
293.002
293.001
293.001
293.001
293.001
293
293.001
293.001
293.001
293.001
293.001
293.002
293.001
293.001
293.002
293.001
293.001
293.001
293.001
293.001
293.001
293.001
293.001
293.001
293.001
293.002
293.001
293.001
293.002
293.002
293.001
293.001
293.002
293.001
293.001
293.001
293.001
293
293.001
293.001
293.001
293.001
293.001
293.002
293.001
293.001
293.002
293.001
293.002
293.001
293.001
293.001
293
293.001
293.001
293.001
293.001
293.002
293.001
293.001
293.002
293.002
293.001
293.001
293.002
293.001
293.001
293.001
293.001
293.001
293.001
293.001
293.002
293.002
293.001
293.002
293.001
293.001
293.002
293.001
293.001
293.001
293.001
293.001
293.001
293.001
293.001
293.001
293.001
293.002
293.001
293.001
293.002
293.002
293.001
293.001
293.002
293.001
293.001
293.001
293.001
293.001
293.001
293.001
293.001
293.001
293.001
293.002
293.001
293.001
293.002
293.001
293.002
293.002
293.002
293.001
293
293.001
293.001
293.001
293.001
293.002
293.001
293.001
293.001
293.001
293.001
293.001
293.002
293.001
293.001
293.001
293.001
293.001
293.001
293.001
293
293
293
293.001
293.001
293.001
293.001
293.001
293.001
293.001
293.002
293.001
293.001
293.001
293.001
293.001
293.001
293.001
293.002
293.001
293.001
293.001
293.001
293.001
293
293
293
293.001
293
293.001
293.001
293.001
293.001
293.001
293.001
293.001
293.001
293.001
1952.92
1961.79
1946.28
1931.44
1906.58
1103.58
857.836
753.369
701.753
675.535
679.656
708.629
738.148
804.611
894.937
1042.26
1258.25
1878.63
1874.47
1907.32
1870.04
1857.49
1265.84
955.339
789.477
682.649
602.237
544.732
500.378
460.195
428.438
399.717
362.331
344.626
337.087
335.987
332.533
332.011
332.978
333.973
335.15
335.074
335.438
333.856
331.762
331.013
329.168
323.852
325.933
319.897
322.477
318.363
319.13
319.561
319.904
321.011
321.992
322.469
322.346
322.284
319.72
319.719
318.135
315.072
316.078
312.529
313.624
311.233
311.628
310.832
310.089
310.262
308.917
309.332
307.332
307.985
306.08
305.149
305.567
303.472
304.171
302.408
302.963
301.486
301.827
300.997
300.223
300.448
299.253
299.613
298.5
298.498
298.301
297.559
297.731
296.988
297.175
296.407
296.686
295.909
296.178
295.466
295.701
295.114
295.11
295.02
294.629
294.753
294.338
294.413
294.247
293.99
294.073
293.872
293.708
293.777
293.53
293.625
293.395
293.482
293.29
293.356
293.208
293.263
293.147
293.191
293.108
293.14
293.079
293.103
293.061
293.077
293.048
293.057
293.036
293.037
293.033
293.021
293.025
293.013
293.018
293.008
293.012
293.005
293.007
293.004
293.004
293.002
293.003
293.002
293.002
293.002
293.002
293.002
293.002
293.001
293.001
293.001
293.002
293.002
293.001
293.001
293.001
293.002
293.002
293.001
293.001
293.002
293.001
293.002
293.002
293.002
293.003
293.002
293.003
293.003
293.002
293.003
293.002
293.002
293.002
293.002
293.001
293.002
293.001
293.002
293.002
293.001
293.001
293.001
293.002
293.002
293.001
293.001
293.001
293.002
293.002
293.001
293.001
293.002
293.001
293.002
293.002
293.002
293.003
293.002
293.003
293.003
293.002
293.003
293.002
293.002
293.002
293.002
293.001
293.002
293.001
293.003
293.002
293.001
293.001
293.001
293.002
293.002
293.001
293.001
293.001
293.002
293.003
293.001
293.001
293.002
293.001
293.002
293.002
293.002
293.003
293.002
293.003
293.003
293.002
293.003
293.002
293.002
293.002
293.002
293.001
293.001
293.001
293.002
293.002
293.001
293.001
293.001
293.002
293.002
293.001
293.001
293.001
293.002
293.002
293.001
293.001
293.002
293.002
293.002
293.002
293.002
293.003
293.002
293.003
293.003
293.002
293.003
293.002
293.002
293.002
293.002
293.002
293.001
293.001
293.002
293.002
293.001
293.001
293.001
293.002
293.002
293.001
293.001
293.001
293.002
293.002
293.001
293.002
293.001
293.002
293.002
293.002
293.002
293.003
293.002
293.003
293.003
293.002
293.003
293.002
293.002
293.002
293.002
293.001
293.001
293.002
293.002
293.002
293.001
293.001
293.001
293.002
293.002
293.001
293.001
293.001
293.002
293.002
293.001
293.001
293.002
293.002
293.002
293.002
293.002
293.003
293.002
293.003
293.003
293.002
293.003
293.002
293.002
293.002
293.002
293.002
293.001
293.001
293.002
293.002
293.001
293.001
293.001
293.002
293.002
293.001
293.001
293.001
293.002
293.003
293.001
293.001
293.001
293.001
293.001
293.001
293.001
293.002
293.001
293.001
293.001
293.001
293.002
293.001
293.001
293.001
293.001
293.001
293.001
293.002
293.002
293.002
293.002
293.001
293.001
293.002
293.001
293.001
293.001
293.001
293.001
293.002
293.002
293.001
293.001
293.001
293.001
293.001
293.001
293.001
293.001
293
293
837.099
630.606
441.854
362.92
343.912
343.825
338.104
336.238
337.541
334.752
336.481
335.71
335.542
335.73
344.511
342.526
343.344
340.019
339.136
336.672
335.62
334.586
334.586
334.742
337.209
338.297
340.128
339.937
338.123
336.989
337.127
335.237
334.342
333.124
329.513
333.173
327.962
338.393
340.307
346.037
346.154
346.426
343.65
343.6
317.16
317.815
317.791
317.974
317.76
317.884
317.518
316.374
316.027
315.597
314.63
314.836
314.082
314.403
314.395
314.692
314.408
314.035
313.968
312.642
311.434
311.8
310.186
310.354
310.145
309.784
309.927
310.036
310.102
310.212
299.335
299.407
299.345
299.329
299.014
298.986
298.822
298.451
298.521
297.959
298.08
297.423
297.462
297.072
296.937
296.461
296.657
296.002
296.28
295.64
295.877
295.461
295.309
295.38
295.119
295.064
295.095
294.937
294.995
294.929
293.228
293.265
293.234
293.234
293.208
293.206
293.179
293.174
293.143
293.149
293.115
293.123
293.089
293.098
293.066
293.075
293.046
293.055
293.031
293.038
293.019
293.023
293.009
293.012
293.003
293.007
293
293.003
292.997
293.001
292.998
292.997
292.996
292.997
292.998
292.997
292.997
292.997
292.997
292.997
292.999
292.998
292.997
292.997
292.998
292.998
292.997
292.997
292.998
292.998
292.997
292.998
292.997
292.997
292.997
292.999
292.997
292.998
292.997
292.997
292.998
292.997
292.997
292.998
292.998
292.997
292.997
292.998
292.997
292.998
292.998
292.998
292.997
292.997
292.997
292.997
292.997
292.997
292.998
292.998
292.997
292.997
292.997
292.997
292.997
292.998
292.997
292.996
292.997
292.998
292.998
292.997
292.997
292.997
292.998
292.998
292.997
292.998
292.997
292.997
292.998
292.998
292.997
292.997
292.997
292.997
292.997
292.997
292.998
292.999
292.997
292.998
292.997
292.997
292.997
292.999
292.997
292.998
292.997
292.997
292.997
292.997
292.997
292.997
292.998
292.997
292.997
292.998
292.997
292.997
292.998
292.998
292.997
292.997
292.997
292.997
292.997
292.997
292.998
292.999
292.997
292.998
292.997
292.997
292.997
292.999
292.997
292.998
292.997
292.997
292.997
292.997
292.997
292.997
292.998
292.997
292.997
292.997
292.997
292.997
292.998
292.998
292.997
292.997
292.998
292.998
292.997
292.997
292.998
292.998
292.998
292.998
292.997
292.997
292.997
292.999
292.997
292.996
292.997
292.998
292.996
292.997
292.997
292.997
292.998
292.997
292.997
292.998
292.997
292.997
292.998
292.998
292.997
292.997
292.997
292.997
292.997
292.997
292.998
292.999
292.997
292.998
292.997
292.997
292.997
292.999
292.997
292.998
292.997
292.997
292.996
292.996
292.997
292.996
292.998
292.997
292.997
292.998
292.997
292.997
292.998
292.999
292.998
292.997
292.998
292.998
292.998
292.998
292.999
292.999
292.998
292.997
292.998
292.997
292.997
292.998
292.997
292.997
292.997
292.997
292.996
292.996
292.997
292.998
292.998
292.997
292.997
292.998
292.998
292.999
292.999
292.999
292.998
292.998
292.999
292.999
292.999
292.999
292.998
292.998
292.998
292.998
292.998
292.998
292.998
292.999
292.999
292.997
292.997
292.998
1821.44
1989.5
789.852
462.931
370.857
345.077
339.905
337.371
334.072
335.574
335.401
335.605
335.113
333.676
339.065
339.93
335.017
333.196
330.025
329.336
328.909
329.237
330.183
331.794
333.128
334.756
336.67
336.593
336.553
337.558
335.077
335.389
333.404
332.626
331.303
332.747
329.809
338.195
340.122
343.682
346.7
346.183
344.378
343.514
317.824
317.152
317.521
317.602
317.719
318.06
317.695
317.254
316.024
315.988
315.491
314.696
314.871
314.333
314.505
314.417
314.175
314.178
313.125
313.439
311.676
311.239
310.979
309.951
310.133
309.962
309.761
309.889
309.928
310.069
299.649
299.561
299.388
299.238
299.25
298.937
298.922
298.558
298.377
298.264
297.737
297.888
297.079
297.47
296.578
296.93
296.301
296.331
295.968
295.89
295.679
295.535
295.354
295.273
295.185
295.073
295.034
294.963
294.918
294.965
293.279
293.243
293.259
293.234
293.227
293.209
293.181
293.178
293.143
293.148
293.112
293.121
293.085
293.096
293.065
293.063
293.051
293.04
293.036
293.016
293.025
293
293.015
292.992
293.007
292.999
292.986
293.003
292.987
292.995
292.992
292.984
292.999
292.979
292.998
292.979
292.998
292.979
292.998
292.979
292.998
292.981
292.993
292.994
292.982
292.998
292.981
292.997
292.979
292.997
292.978
292.998
292.979
292.997
292.978
292.996
292.982
292.979
292.989
292.979
292.992
292.984
292.998
292.981
292.985
292.997
292.979
292.998
292.979
292.998
292.979
292.998
292.98
292.997
292.981
292.997
292.981
292.997
292.98
292.997
292.979
292.997
292.979
292.997
292.979
292.998
292.979
292.998
292.984
292.992
292.989
292.988
292.984
292.996
292.979
292.998
292.979
292.999
292.979
292.998
292.979
292.997
292.98
292.997
292.981
292.997
292.981
292.997
292.979
292.997
292.978
292.998
292.978
292.997
292.978
292.996
292.981
292.98
292.988
292.979
292.981
292.991
292.977
292.997
292.978
292.997
292.979
292.998
292.978
292.998
292.979
292.997
292.98
292.997
292.981
292.997
292.981
292.997
292.979
292.997
292.978
292.997
292.978
292.997
292.978
292.995
292.982
292.981
292.989
292.979
292.983
292.987
292.994
292.979
292.998
292.978
292.998
292.978
292.998
292.979
292.997
292.979
292.997
292.981
292.997
292.982
292.996
292.981
292.996
292.984
292.982
292.997
292.979
292.998
292.979
292.998
292.979
292.999
292.985
292.993
292.98
292.991
292.976
292.997
292.978
292.998
292.979
292.998
292.978
292.998
292.979
292.997
292.98
292.997
292.981
292.997
292.981
292.996
292.979
292.997
292.979
292.998
292.979
292.997
292.978
292.996
292.983
292.98
292.989
292.979
292.992
292.984
292.997
292.991
292.981
292.998
292.978
292.998
292.978
292.998
292.979
292.997
292.98
292.996
292.983
292.983
292.997
292.98
292.996
292.979
292.998
292.979
292.999
292.98
292.999
292.981
292.995
292.994
292.986
292.993
292.98
292.991
292.976
292.998
292.978
292.998
292.978
292.999
292.978
292.999
292.979
292.999
292.981
292.998
292.982
292.998
292.982
292.997
292.98
292.999
292.98
292.999
292.979
292.998
292.979
292.996
292.984
292.98
292.99
292.981
1437.04
1554.48
889.867
628.596
509.589
450.344
392.058
363.231
340.829
332.616
333.069
334.067
334.14
335.19
340.839
333.337
331.256
332.788
357.54
379.178
393.469
384.807
377.276
360.178
340.794
332.33
330.452
333.228
335.353
334.78
335.075
334.282
332.52
332.908
332.115
333.49
330.852
337.895
337.783
342.211
345.642
345.115
343.612
342.681
316.443
317.071
317.371
317.671
318.421
318.217
318.568
318.453
318.015
316.777
316.023
315.883
314.69
314.932
314.17
314.118
314.016
313.456
313.29
312.859
312.294
310.833
311.397
309.945
310.028
309.883
309.704
309.797
309.745
309.775
299.558
299.568
299.487
299.517
299.181
299.184
298.804
298.699
298.298
298.367
297.772
297.883
297.236
297.331
296.803
296.801
296.335
296.359
295.95
295.878
295.722
295.453
295.477
295.183
295.226
295.032
294.994
294.973
294.899
294.902
293.265
293.307
293.271
293.278
293.235
293.239
293.2
293.202
293.162
293.165
293.128
293.135
293.098
293.108
293.075
293.086
293.053
293.065
293.036
293.048
293.025
293.034
293.022
293.02
293.017
293.015
293.014
293.013
293.013
293.013
293.011
293.011
293.01
293.01
293.009
293.009
293.01
293.011
293.01
293.009
293.01
293.009
293.009
293.009
293.01
293.01
293.009
293.009
293.009
293.01
293.009
293.01
293.01
293.01
293.009
293.01
293.009
293.009
293.009
293.011
293.01
293.01
293.01
293.01
293.01
293.008
293.01
293.01
293.01
293.009
293.01
293.009
293.009
293.009
293.009
293.01
293.009
293.009
293.009
293.01
293.01
293.01
293.011
293.01
293.009
293.01
293.01
293.01
293.01
293.011
293.011
293.01
293.01
293.01
293.01
293.008
293.011
293.01
293.01
293.009
293.01
293.009
293.009
293.009
293.009
293.009
293.009
293.009
293.009
293.01
293.009
293.01
293.011
293.01
293.009
293.009
293.009
293.01
293.009
293.012
293.012
293.009
293.01
293.01
293.01
293.008
293.01
293.01
293.01
293.009
293.01
293.009
293.009
293.009
293.009
293.009
293.009
293.009
293.009
293.01
293.009
293.01
293.01
293.01
293.009
293.009
293.009
293.009
293.009
293.012
293.012
293.01
293.009
293.01
293.009
293.009
293.01
293.011
293.01
293.009
293.01
293.009
293.009
293.009
293.01
293.009
293.009
293.009
293.009
293.01
293.009
293.01
293.01
293.01
293.009
293.009
293.01
293.01
293.01
293.01
293.012
293.009
293.009
293.009
293.01
293.009
293.01
293.01
293.01
293.009
293.01
293.009
293.009
293.009
293.01
293.009
293.009
293.009
293.009
293.01
293.009
293.01
293.011
293.009
293.009
293.01
293.009
293.009
293.009
293.011
293.01
293.01
293.01
293.01
293.01
293.008
293.011
293.01
293.01
293.009
293.01
293.01
293.009
293.009
293.01
293.01
293.009
293.009
293.009
293.01
293.009
293.011
293.011
293.011
293.009
293.01
293.01
293.01
293.01
293.011
293.012
293.009
293.009
293.01
293.01
293.008
293.011
293.01
293.01
293.01
293.011
293.01
293.01
293.01
293.011
293.01
293.01
293.011
293.01
293.01
293.01
293.01
293.011
293.01
293.01
293.01
293.01
293.009
293.01
293.012
1528.21
1650.57
1698.39
1648.31
1548.66
1537.94
1052.11
787.819
546.983
373.559
334.735
332.891
334.211
334.949
333.696
330.84
347.748
502.944
803.244
933.405
1032.49
951.348
925.764
788.841
604.489
429.554
352.563
331.971
331.897
334.65
334.611
333.674
333.438
333.019
333.649
334.309
333.372
336.976
337.045
341.434
344.025
344.797
343.502
342.779
316.275
315.723
316.454
317.605
318.255
319.26
319.442
319.534
319.062
318.611
317.294
316.418
315.965
314.519
314.759
313.747
313.26
313.318
313.107
312.459
312.687
311.283
311.247
310.447
310.122
309.634
309.865
309.459
309.443
309.596
299.864
299.881
299.808
299.408
299.448
299.048
299.083
298.569
298.421
298.346
297.758
297.947
297.268
297.445
296.765
296.947
296.323
296.329
296.074
295.779
295.758
295.413
295.508
295.104
295.28
294.955
295.023
294.931
294.868
294.876
293.369
293.3
293.336
293.264
293.285
293.224
293.231
293.187
293.185
293.148
293.145
293.117
293.114
293.091
293.089
293.065
293.07
293.045
293.05
293.027
293.034
293.013
293.022
293.009
293.008
293.007
293.002
293.006
293.002
293.003
293
292.999
293.001
292.998
293.001
292.998
293.001
292.999
293.001
292.999
293.001
293
293.001
293.001
293
293.001
293
293.002
292.999
293.001
292.998
293.001
292.999
293.001
292.998
293.001
292.999
292.998
292.999
292.997
293
292.999
293.001
292.999
293
293
292.999
293.001
292.998
293.001
292.998
293.001
292.999
293.002
292.999
293.002
292.999
293.001
292.999
293.001
292.999
293.001
292.999
293.001
292.998
293
292.998
293
292.999
293
293.001
292.999
293
293
292.999
293.001
292.998
293.001
292.998
293.001
292.998
293.001
292.999
293.001
293
293.002
292.999
293.002
292.999
293.001
292.998
293.001
292.999
293.001
292.998
293
292.998
292.998
292.999
292.997
292.998
293
292.998
293.001
292.998
293
292.999
293.001
292.999
293.001
292.998
293.001
292.999
293.002
292.999
293.001
292.999
293.001
292.999
293.001
292.998
293.001
292.999
293.001
292.998
293
292.999
292.998
292.999
292.997
292.998
292.999
293
292.998
293.001
292.998
293.001
292.999
293.001
292.999
293.001
292.999
293.002
292.999
293.002
293
293.002
292.999
293.001
293
292.999
293.001
292.999
293.001
292.998
293.001
292.998
293.001
292.999
293
292.998
293
292.998
293.001
292.998
293
292.999
293.001
292.999
293.001
292.998
293.001
292.999
293.001
293
293.002
293
293.002
292.999
293.001
292.999
293.001
292.999
293.001
292.998
293.001
292.999
292.998
293
292.997
293
292.999
293.001
292.999
292.999
293
292.998
293.001
292.999
293.001
292.999
293.001
292.999
293.001
293
293
293.002
292.999
293.001
292.999
293.001
292.999
293.001
292.998
293.001
292.999
293
293.001
292.999
293
292.998
293
292.998
293.001
292.998
293
292.998
293.002
292.999
293.002
292.999
293.002
292.999
293.001
292.999
293.001
292.999
293.001
292.999
293.001
293
293.002
292.999
293.002
292.998
293
293
292.998
293
292.998
2108.07
2237.73
2342.94
2333.64
2192.12
2117.01
2097.48
2009.45
1822.11
847.942
471.86
357.073
333.685
335
330.842
339.752
553.385
2592.12
2368.31
2447.9
2433.71
2423.99
2360.82
2306.73
2247.09
1380.87
676.657
404.855
335.978
331.897
334.2
334.262
334.081
333.878
333.636
335.352
334.897
337.305
336.273
340.487
341.41
343.367
343.618
342.652
314.072
314.433
315.807
316.586
318.308
319.259
320.175
320.459
320.601
319.735
318.929
317.338
316.33
315.554
313.845
314.167
312.966
313.099
312.691
312.717
312.383
311.557
311.632
310.27
310.727
309.458
309.656
309.374
309.427
308.911
299.803
299.871
299.703
299.802
299.474
299.431
298.964
298.995
298.394
298.505
297.935
297.788
297.606
297.127
297.133
296.614
296.656
296.164
296.255
295.721
295.918
295.338
295.592
295.09
295.223
295.007
294.921
294.891
294.873
294.774
293.325
293.36
293.315
293.342
293.274
293.282
293.229
293.227
293.179
293.178
293.137
293.137
293.105
293.107
293.078
293.084
293.056
293.064
293.037
293.044
293.026
293.027
293.01
293.017
293.004
293.008
293.004
293.002
293.004
293
292.997
293
292.996
293.001
292.997
293.002
292.996
293.001
292.997
293.002
292.996
293.001
292.998
292.997
293.001
292.997
293.001
292.997
293.001
292.997
293.002
292.997
293.001
292.997
293.002
292.998
293.001
293.001
292.998
293.002
292.997
293
292.997
293
292.999
292.997
293.001
292.996
293.002
292.997
293.002
292.996
293.002
292.997
293.001
292.997
293.001
292.997
293.001
292.997
293.002
292.997
293.001
292.996
293.001
292.997
293.001
292.996
293
292.998
292.997
293
293
292.997
293.002
292.996
293.001
292.996
293.002
292.997
293.002
292.997
293.002
292.997
293.001
292.997
293.001
292.997
293.001
292.997
293.002
292.997
293.001
292.997
293.003
292.998
293.001
293
292.999
293.001
293
292.998
293.002
292.997
293.002
292.997
293.002
292.996
293.002
292.997
293.002
292.997
293.002
292.997
293.001
292.997
293.001
292.997
293.001
292.997
293.002
292.997
293.001
292.997
293.002
292.998
293.001
293
292.999
293.001
293
292.999
292.998
293.001
292.997
293.002
292.996
293.001
292.997
293.002
292.997
293.002
292.997
293.001
292.997
293.001
292.997
293.001
292.997
293
293.001
292.997
293.001
292.996
293.002
292.997
293.001
292.996
293
292.997
293.001
292.998
293.002
292.997
293.002
292.997
293.001
292.996
293.002
292.997
293.002
292.997
293.002
292.997
293.001
292.997
293.001
292.997
293.001
292.997
293.002
292.997
293.001
292.997
293.002
292.998
293.001
293.001
292.999
293.001
292.996
293
292.997
292.998
293
292.997
293.001
292.997
293.002
292.997
293.002
292.996
293.002
292.997
293.001
293.002
292.998
293.002
292.997
293.002
292.997
293.002
292.996
293.001
292.997
293.001
292.997
292.998
293
292.996
293.001
292.998
293.002
292.996
293.002
292.997
293.001
292.995
293.002
292.997
293.002
292.997
293.002
292.997
293.002
292.997
293.002
292.997
293.002
292.997
293.002
292.997
293.001
292.996
293.002
292.998
293.001
293.001
292.997
293.001
2380.23
2386.29
2390.12
2396.39
2424.42
2440.49
2399.28
2312.85
2214.97
2086.01
1903.08
753.288
360.676
334.009
328.886
384.335
1110.43
2369.3
2390.06
2345.63
2364.8
2437.81
2445.24
2358.34
2276.99
2187.95
2123.56
941.218
427.464
336.433
331.429
334.638
335.295
334.926
334.538
335.229
335.014
337.366
337.089
338.869
340.275
340.369
341.232
341.877
313.469
311.93
313.957
315.53
317.035
318.866
320.357
321.096
321.111
320.895
319.766
318.685
316.926
315.417
315.064
313.115
313.537
312.555
312.741
312.403
312.274
312.034
311.322
310.826
310.333
310.043
308.973
309.233
308.501
308.36
300.184
300.244
300.252
299.953
299.728
299.448
299.369
298.86
298.868
298.256
298.375
297.724
297.72
297.361
297.087
296.865
296.53
296.494
295.988
296.08
295.667
295.511
295.466
295.136
295.222
294.978
294.871
294.879
294.77
294.791
293.491
293.428
293.435
293.352
293.355
293.282
293.282
293.225
293.22
293.17
293.168
293.126
293.128
293.095
293.098
293.07
293.075
293.051
293.056
293.035
293.041
293.022
293.027
293.011
293.016
293.006
293.009
293.004
293.005
293.004
293.001
292.999
293.001
293
293
292.999
293.001
293
293.001
293
293.001
293
293
293
293
293
293
293
293
293
293
293.002
293.001
293.001
293
293
293
293
293
292.999
293.001
292.999
293
293
293
293
293
293.002
293
293.001
293
293
293
293
293
293
293
293
293
293
293
293.001
293
293
293
293
292.999
293
292.999
293
293.001
293
293
293
293
293.001
293
293.002
293
293.001
293
293
293
293
293
293
293
293
293
293
293
293.002
293.001
293.001
293
293
293
293
293
292.999
293
293
293
293
293
293.001
293
293.002
293
293.001
293
293
293
293
293
293
293
293
293
293
293
293.001
293.001
293.001
293
293
293
293
293
292.999
293
293
293
293
293
293
293.001
293
293.001
293
293
293
293
293
293
293
293
293
293
293
293.001
293.001
293
293
292.999
293.001
292.999
293
292.999
293.001
292.999
293
293
293
293
293.001
293
293.002
293.001
293.001
293
293
293
293
293
293
293
293
293
293.001
293
293.002
293.001
293.001
293
293.001
293
293
293
293
293
292.999
293
292.999
292.999
293
292.999
293.001
293
293.001
293.001
293.001
293
293.001
293
293.001
293.001
293.001
293.001
293.001
293.001
293.001
293.002
293
293.001
292.999
293
293
292.999
293.001
292.999
293.001
293
293.001
293
293.001
293
293.002
293
293.002
293
293.002
293.001
293.002
293.001
293
293
293.002
293.001
293.001
293
293.001
293
293.001
293
293
293
293.001
293
293.001
2387.44
2389.94
2407.8
2446.17
2498.72
2531.93
2551.69
2485.96
2405.33
2343.23
2187.44
2081.2
518.604
340.072
330.198
505.348
2413.31
2283.38
2191.65
2195.37
2246.69
2338.33
2467.04
2440.86
2319
2207.43
2127.1
2059.25
900.943
417.718
336.214
331.969
334.985
335.77
335.429
335.313
334.705
337.074
336.968
338.373
339.189
340.553
339.621
338.073
310.207
312.04
313.587
314.66
317.11
318.729
320.335
321.432
321.491
321.094
320.659
319.097
318.141
315.692
315.797
313.284
313.167
312.925
312.238
312.406
312.193
311.889
311.186
311.417
309.755
310.498
308.65
308.939
308.566
308.401
300.285
300.504
300.349
300.252
300.033
299.683
299.36
299.281
298.699
298.702
298.135
298.12
297.691
297.385
297.332
296.694
296.912
296.305
296.098
296.117
295.623
295.661
295.362
295.278
295.049
295.103
294.754
294.882
294.652
294.715
293.479
293.51
293.429
293.441
293.368
293.357
293.281
293.28
293.213
293.215
293.155
293.161
293.113
293.12
293.085
293.091
293.063
293.068
293.046
293.051
293.031
293.036
293.022
293.017
293.012
293.01
293.007
293.005
293.004
293.003
292.999
293
292.998
293
292.998
293
292.997
293
292.998
293
292.998
293
292.999
292.999
292.999
292.998
293
292.998
293
292.998
293.001
292.999
293.001
292.998
293
292.999
293
293
292.999
293
292.998
292.999
292.998
293
292.999
292.998
293
292.998
293.001
292.998
293
292.998
293
292.998
293
292.998
293
292.998
293
292.998
293
292.998
293
292.998
293
292.998
293
292.998
292.999
292.999
292.998
292.999
292.999
292.999
293.001
292.998
293
292.998
293.001
292.998
293
292.998
293
292.998
293
292.998
293
292.998
293
292.998
293.001
292.999
293.001
292.998
293
292.999
293
293
292.999
293
293
292.998
293
292.998
293
292.998
293
292.998
293.001
292.998
293
292.998
293
292.999
293
292.999
293
292.998
293
292.998
293.001
292.999
293.001
292.998
293
292.999
293
293
292.999
293
293
292.999
292.999
293
292.998
293
292.998
293
292.999
293.001
292.998
293
292.998
293
292.998
293
292.998
292.999
292.998
292.999
293
292.998
293
292.998
293
292.997
293
292.998
292.999
292.998
293
292.998
293
292.998
293
292.998
293
292.998
293.001
292.998
293
292.998
293
292.998
293
292.998
292.999
292.998
293
292.998
293.001
292.999
293.001
292.998
293
292.999
293
293
292.999
293
292.998
292.999
292.998
292.999
293
292.998
293
292.998
293.001
292.998
293.001
292.998
293
292.998
293
293
292.999
293
292.999
293
292.998
293.001
292.998
293
292.998
293
292.998
292.998
292.999
292.998
292.999
292.998
293
292.998
293.001
292.997
293.001
292.997
293.002
292.998
293.001
292.998
293.001
292.999
293
292.999
293
292.998
293.001
292.998
293.001
292.998
293
292.997
293
292.998
293
292.999
292.999
293
2403.5
2428.87
2470.46
2504.23
2536.26
2563.79
2573.61
2523.69
2489.64
2455.7
2330.02
2014.13
459.733
338.031
353.86
977.55
2041.47
2132.65
2141.84
2187.41
2240.03
2328.04
2446.73
2473.88
2373.75
2239.13
2138.38
2056.42
1980.97
795.061
407.805
334.763
332.237
335.11
336.091
335.441
334.937
336.01
337.265
338.621
338.593
338.302
338.833
338.795
312.478
311.516
312.78
314.676
316.216
318.622
320.292
321.286
321.882
321.419
320.604
320.014
318.335
316.885
315.526
313.906
313.748
312.402
312.71
312.072
312.03
311.807
311.328
311.266
309.939
310.401
308.66
309.352
307.584
307.832
297.863
300.19
300.534
300.504
300.296
300.129
299.491
299.388
298.886
298.681
298.343
297.977
297.944
297.309
297.522
296.723
296.911
296.334
296.324
295.951
295.778
295.681
295.32
295.379
294.978
295.106
294.756
294.872
294.646
294.704
293.587
293.542
293.56
293.451
293.432
293.365
293.337
293.279
293.26
293.208
293.19
293.157
293.135
293.115
293.101
293.087
293.075
293.066
293.055
293.051
293.038
293.038
293.029
293.021
293.02
293.013
293.013
293.008
293.009
293.007
293.002
293.002
293.002
293.002
293.002
293.002
293.002
293.001
293.001
293.001
293.002
293.002
293.001
293.001
293.001
293.001
293.001
293.001
293.001
293.001
293.001
293.002
293.002
293.001
293.002
293.002
293.002
293.002
293.002
293.002
293.002
293.002
293.002
293.002
293.002
293.002
293.002
293.002
293.002
293.001
293.001
293.001
293.001
293.001
293.001
293.001
293.001
293.001
293.001
293.001
293.001
293.002
293.002
293.002
293.002
293.002
293.002
293.002
293.002
293.001
293.002
293.001
293.002
293.002
293.002
293.002
293.002
293.002
293.001
293.001
293.001
293.001
293.001
293.001
293.001
293.001
293.001
293.001
293.001
293.001
293.001
293.002
293.002
293.002
293.002
293.002
293.002
293.002
293.002
293.002
293.002
293.002
293.002
293.002
293.002
293.002
293.001
293.001
293.001
293.001
293.001
293.001
293.001
293.001
293.001
293.001
293.001
293.001
293.001
293.001
293.001
293.002
293.002
293.001
293.002
293.002
293.002
293.002
293.002
293.002
293.001
293.002
293.002
293.002
293.002
293.002
293.002
293.002
293.002
293.001
293.001
293.001
293.001
293.001
293.001
293.001
293.001
293.001
293.001
293.002
293.001
293.002
293.002
293.002
293.002
293.002
293.002
293.002
293.001
293.002
293.002
293.002
293.002
293.002
293.002
293.002
293.002
293.002
293.001
293.001
293.001
293.001
293.001
293.001
293.001
293.001
293.001
293.001
293.001
293.001
293.001
293.002
293.002
293.002
293.002
293.002
293.002
293.002
293.002
293.002
293.002
293.002
293.002
293.002
293.002
293.002
293.002
293.002
293.002
293.002
293.001
293.002
293.001
293.001
293.001
293.001
293.001
293.001
293.002
293.001
293.001
293.001
293.002
293.001
293.002
293.002
293.002
293.002
293.002
293.002
293.002
293.001
293.001
293.001
293.001
293.002
293.001
293.002
293.002
293.002
293.001
293.002
293.001
293.002
293.002
293.002
293.001
293.001
293.001
293.002
293.001
293.002
293.001
293.001
293.001
293.001
293.001
293.002
293.001
293.002
2429.64
2412.7
2393.4
2436.52
2503.65
2560.55
2579.41
2564.79
2561.6
2555.92
2491.5
2295.09
1992.83
540.849
725.741
696.058
475.002
2159.45
1948.66
1985.68
2168.46
2341.78
2407.2
2442.63
2499.99
2482.72
2368.8
2254.97
2159.64
2080.83
1990.62
1931.74
825.539
416.512
334.369
333.027
335.245
335.979
335.228
335.67
336.855
338.024
338.287
336.733
332.04
321.521
319.645
319.68
316.658
314.162
313.882
314.459
316.957
318.559
320.218
321.564
321.822
321.79
320.86
320.234
319.405
316.861
316.085
315.231
313.003
313.205
312.42
311.898
311.857
311.59
311.427
310.563
310.678
309.114
309.092
307.308
307.062
305.466
301.064
301.885
301.671
301.388
301.529
301.115
300.839
300.212
300.115
299.372
299.17
298.892
298.313
298.411
297.707
297.668
297.326
296.927
296.956
296.341
296.52
295.861
295.971
295.575
295.436
295.247
295.1
294.903
294.846
294.585
294.594
294.345
294.284
293.96
293.839
293.789
293.58
293.617
293.463
293.436
293.346
293.336
293.258
293.25
293.188
293.186
293.132
293.141
293.091
293.107
293.066
293.079
293.049
293.059
293.036
293.04
293.031
293.023
293.021
293.012
293.013
293.005
293.008
293.003
293.009
293.005
293.002
293
293
293.001
293
293
293
293
292.999
293
292.999
292.999
292.999
292.999
292.999
292.999
292.999
292.999
292.999
292.999
292.999
292.999
293
293
293
293
293
292.999
293
293
293.004
293.004
293
292.999
292.999
292.999
293
293
293
293
292.999
292.999
292.999
292.999
292.999
292.999
292.999
292.999
292.999
292.999
292.999
292.999
292.999
292.999
293
293
293
293
293
292.999
292.999
292.999
293.004
293.004
293
292.999
292.999
293
293
293
293
293
292.999
292.999
292.999
292.999
292.999
292.999
292.999
292.999
292.999
292.999
292.999
292.999
292.999
292.999
293
293
293
293
293
293
293
293
293.004
293.004
293
292.999
293
293
293
293
293
292.999
292.999
292.999
292.999
292.999
292.999
292.999
292.999
292.999
292.999
292.999
292.999
292.999
292.999
292.999
293
293
293
293
293
293
293
292.999
293.004
293.004
292.999
292.999
292.999
293
293
293
293
293
292.999
292.999
292.999
292.999
292.999
292.999
292.999
292.999
292.999
292.999
293
292.999
293
292.999
293
292.999
293
292.999
293
292.999
292.999
293
293.004
293.004
292.999
293
293
293
293
293
293
293
292.999
292.999
292.999
292.999
292.999
292.999
292.999
292.999
292.999
292.999
292.999
292.999
292.999
292.999
293
293
293
293
293
292.999
293
293
293.004
293.004
293
292.999
292.999
292.999
293
293
293
293
293
292.999
292.999
292.999
292.999
292.999
292.999
292.999
292.999
292.999
292.999
292.999
292.999
292.999
292.999
293
292.999
293
292.999
292.999
292.999
292.999
293.003
293.003
292.999
292.999
292.999
292.999
293
292.999
293
292.999
293
292.999
293
292.998
293
292.999
292.999
292.999
292.999
292.999
292.999
292.999
292.999
292.999
292.999
292.998
292.999
292.999
292.999
292.999
292.999
292.999
293.003
293.004
2244.5
2247.44
2228.22
2276.9
2348.02
2413.94
2484.07
2512.25
2519.49
2500.31
2508.3
2543.53
2461.91
2048.24
2214.56
2174.46
1948.51
1916.33
1976.3
2262.89
2499.17
2524.53
2540.83
2537.79
2505.8
2411.46
2292.08
2195.3
2134.16
2071.52
2029.06
1972.06
1940.61
893.153
408.375
332.955
332.907
335.106
335.742
335.379
336.177
336.901
336.901
335.018
330.601
326.419
323.172
316.614
314.896
312.892
313.357
314.438
316.138
318.455
320.273
321.3
321.911
321.684
321.345
320.66
319.325
317.743
315.972
316.067
312.976
313.439
312.435
311.782
311.923
311.372
311.206
310.518
310.455
308.813
309.337
306.809
307.432
305.392
303.411
303.66
300.946
302.448
301.784
301.147
301.055
300.217
300.43
299.231
299.651
298.676
298.494
298.283
297.776
297.856
297.13
297.368
296.62
296.646
296.26
296.037
295.933
295.526
295.6
295.121
295.239
294.816
294.907
294.491
294.664
294.267
294.352
293.959
293.929
293.739
293.637
293.611
293.461
293.496
293.359
293.345
293.299
293.231
293.238
293.159
293.178
293.126
293.105
293.109
293.075
293.083
293.054
293.063
293.041
293.046
293.032
293.031
293.022
293.021
293.013
293.014
293.007
293.01
293.005
293.007
293.003
293.005
293.003
293.003
293.003
293.003
293.003
293.002
293.002
293.001
293.001
293.002
293.002
293.002
293.002
293.002
293.002
293.002
293.002
293.001
293.001
293.002
293.002
293.002
293.003
293.003
293.003
293.002
293.002
293.002
293.002
293.003
293.002
293.002
293.002
293.003
293.003
293.003
293.003
293.002
293.002
293.001
293.001
293.002
293.002
293.002
293.002
293.002
293.002
293.002
293.002
293.001
293.001
293.002
293.002
293.002
293.003
293.002
293.003
293.002
293.002
293.002
293.002
293.002
293.002
293.002
293.002
293.003
293.003
293.002
293.003
293.002
293.002
293.001
293.001
293.002
293.002
293.002
293.002
293.002
293.002
293.002
293.002
293.001
293.001
293.002
293.002
293.002
293.003
293.003
293.003
293.002
293.002
293.002
293.002
293.002
293.002
293.002
293.002
293.002
293.003
293.002
293.003
293.002
293.002
293.001
293.001
293.002
293.002
293.002
293.002
293.002
293.002
293.002
293.002
293.001
293.001
293.002
293.002
293.002
293.003
293.003
293.003
293.002
293.002
293.002
293.002
293.002
293.002
293.002
293.002
293.003
293.002
293.003
293.002
293.003
293.002
293.001
293.001
293.002
293.002
293.002
293.002
293.002
293.002
293.002
293.002
293.001
293.001
293.002
293.002
293.002
293.002
293.003
293.003
293.002
293.003
293.002
293.002
293.002
293.002
293.002
293.002
293.002
293.003
293.002
293.003
293.002
293.002
293.001
293.001
293.002
293.002
293.002
293.002
293.002
293.002
293.002
293.002
293.001
293.001
293.002
293.002
293.002
293.003
293.003
293.003
293.002
293.002
293.002
293.002
293.003
293.002
293.002
293.002
293.003
293.003
293.003
293.003
293.002
293.002
293.001
293.001
293.002
293.002
293.002
293.002
293.002
293.002
293.002
293.002
293.001
293.001
293.002
293.002
293.002
293.002
293.002
293.002
293.002
293.002
293.002
293.002
293.001
293.002
293.002
293.002
293.002
293.002
293.002
293.002
293.002
293.002
293.002
293.002
293.002
293.001
293.002
293.002
293.002
293.002
293.002
293.002
293.002
293.002
293.002
293.002
293.002
293.002
293.002
293.001
293.002
293.001
293.002
293.002
293.003
2067.99
2085.53
2087.79
2115.81
2165.76
2228.43
2293.29
2362.88
2384.67
2394.38
2382.2
2361.18
2361.74
2424.2
2387.64
2420.9
2551.61
2215.6
2546.06
2454.36
2404.19
2411.61
2418.22
2426.92
2365.29
2269.37
2189.08
2122.46
2075.83
2059.79
2027.68
2002.48
1999.39
1913.94
657.617
361.516
330.717
333.335
335.165
335.717
335.705
336.37
335.879
334.141
330.139
329.931
324.525
315.953
313.727
314.347
313.462
315.186
316.372
318.704
319.985
321.318
321.885
322.1
321.346
321.208
319.8
317.519
318.021
314.599
314.402
313.942
311.945
312.485
311.344
311.505
310.717
310.713
309.691
309.377
308.432
307.104
307.335
305.077
305.117
303.249
302.263
302.534
301.48
301.916
300.818
300.807
300.186
299.661
299.553
298.771
298.956
297.999
298.296
297.543
297.4
297.181
296.726
296.819
296.12
296.354
295.699
295.746
295.396
295.219
295.177
294.794
294.926
294.466
294.628
294.228
294.342
293.979
294.021
293.699
293.807
293.562
293.543
293.498
293.384
293.391
293.279
293.292
293.218
293.163
293.179
293.131
293.111
293.108
293.078
293.086
293.059
293.059
293.048
293.042
293.034
293.03
293.021
293.022
293.011
293.013
293.005
293.007
293.005
293.002
293.002
293.001
293
292.999
293
292.999
292.999
292.999
293
292.999
293
292.999
292.999
292.999
292.998
292.998
292.999
292.999
292.999
293
292.999
293
292.999
292.999
292.999
292.999
292.999
292.998
293
292.999
293
293
293
292.999
292.998
292.999
292.999
292.999
292.998
292.999
292.999
293
292.999
292.999
292.999
292.999
292.998
292.999
292.999
293
292.998
293
292.999
293
292.998
292.999
292.999
292.999
292.999
292.998
292.999
292.999
293
293
293
293
292.998
292.999
292.999
292.999
292.998
292.999
292.999
293
292.999
292.999
292.999
292.999
292.998
292.998
292.999
293
292.998
293
292.999
293
292.999
292.999
292.999
292.999
292.999
292.998
293
292.999
293
293
292.999
293
292.998
292.999
292.999
292.999
292.998
292.999
292.999
293
292.999
292.999
292.999
292.999
292.998
292.998
292.999
292.999
292.999
293
292.999
293
292.999
292.999
292.999
292.999
292.999
292.998
293
292.999
293
293
292.999
292.999
292.998
292.999
292.999
292.999
292.999
292.998
293
292.999
293
292.998
293
292.999
292.998
292.998
292.999
292.999
292.999
292.999
293
292.999
292.998
292.998
292.999
292.999
292.999
292.999
292.999
292.999
293
293
292.999
293
292.998
292.999
292.999
293
292.998
292.999
292.999
293
292.999
292.999
292.999
293
292.998
292.999
292.999
293
292.999
293
292.999
293
292.999
292.999
292.999
292.999
292.999
292.998
293
292.999
293
293
292.999
292.999
292.998
292.999
292.999
292.999
292.998
292.999
293
293
292.999
292.999
293
292.999
292.999
292.999
292.999
292.999
292.999
292.999
292.999
292.999
292.999
292.999
293
292.999
293
292.999
292.999
292.999
292.999
292.999
292.999
293
292.998
292.999
292.999
292.999
292.998
292.999
292.999
293
292.999
293
292.998
293
292.999
292.999
292.999
292.999
292.999
292.998
292.998
292.998
292.999
292.999
292.999
292.999
292.998
292.999
292.998
292.998
292.999
292.997
2000.9
2008.73
2015.55
2030.25
2051.09
2075.39
2114.52
2149.89
2173.56
2189.96
2202.48
2192.4
2192.01
2240.1
2243.45
2269.7
2363.76
2439
2311.91
2278.86
2296.05
2297.47
2303.68
2271.15
2236.61
2165.24
2095.55
2056.5
2025.34
2021.3
2004.57
1974.99
1942.14
1950.37
909.549
429.22
335.749
332.125
333.694
335.073
335.986
335.465
335.456
332.961
331.843
330.104
324.997
317.142
319.332
315.42
316.777
315.497
317.297
318.49
320.272
321.236
322.206
322.019
321.984
321.157
320.13
317.612
318.671
314.632
314.75
313.552
311.979
312.571
311.088
311.58
310.387
310.718
309.241
309.735
307.644
307.969
306.227
305.589
305.086
303.039
303.723
302.175
302.13
301.742
300.88
301.204
299.903
300.385
299.154
299.262
298.569
298.32
298.124
297.593
297.686
296.947
297.121
296.525
296.337
296.213
295.723
295.889
295.269
295.437
294.994
294.972
294.732
294.583
294.557
294.257
294.324
293.972
294.058
293.742
293.815
293.588
293.626
293.454
293.462
293.342
293.34
293.256
293.253
293.166
293.196
293.122
293.142
293.092
293.101
293.076
293.063
293.066
293.046
293.05
293.032
293.038
293.022
293.028
293.014
293.016
293.009
293.009
293.006
293.006
293.003
293.004
293.003
293.003
293.002
293.003
293.001
293.002
293.001
293.001
293.001
293.001
293.002
293.001
293.001
293.001
293.001
293.002
293.001
293.001
293.001
293.001
293.001
293.001
293.002
293.002
293.002
293.001
293.001
293.001
293.001
293.001
293.001
293.001
293.001
293.002
293.002
293.002
293.001
293.001
293.001
293.001
293.001
293.001
293.002
293.001
293.001
293.001
293.001
293.002
293.001
293.001
293.001
293.001
293.001
293.001
293.001
293.001
293.002
293.002
293.001
293.001
293.001
293.001
293.001
293.001
293.001
293.002
293.002
293.002
293.001
293.001
293.001
293.001
293.001
293.001
293.002
293.001
293.001
293.001
293.001
293.002
293.001
293.001
293.001
293.001
293.001
293.001
293.002
293.002
293.002
293.001
293.001
293.001
293.001
293.001
293.001
293.001
293.001
293.002
293.002
293.002
293.001
293.001
293.001
293.001
293.001
293.001
293.002
293.001
293.001
293.001
293.001
293.002
293.001
293.001
293.001
293.001
293.001
293.001
293.002
293.002
293.002
293.001
293.001
293.001
293.001
293.001
293.001
293.001
293.001
293.002
293.002
293.002
293.001
293.001
293.001
293.001
293.001
293.001
293.002
293.001
293.001
293.001
293.001
293.002
293.001
293.001
293.001
293.001
293.001
293.001
293.002
293.002
293.002
293.001
293.001
293.001
293.001
293.001
293.001
293.001
293.001
293.002
293.002
293.002
293.001
293.001
293.001
293.001
293.001
293.001
293.002
293.001
293.001
293.001
293.001
293.002
293.001
293.001
293.001
293.001
293.001
293.001
293.002
293.002
293.002
293.001
293.001
293.001
293.001
293.001
293.001
293.001
293.002
293.002
293.002
293.002
293.001
293.001
293.001
293.001
293.001
293.001
293.002
293.001
293.001
293.001
293.001
293.002
293.001
293.001
293.001
293.001
293.001
293.001
293.002
293.002
293.002
293.001
293.001
293.001
293.001
293.001
293.001
293.001
293.001
293.002
293.002
293.002
293.001
293.001
293.001
293.002
293.002
293.001
293.001
293.002
293.001
293.001
293.001
293.001
293.001
293.001
293.001
293.001
293.002
293.002
293.001
293.001
293.001
293.001
293.002
293.001
293.002
293.001
1976.59
1981.34
1983.09
1985.93
1983.78
1985.75
1985.43
1987.89
1996.32
2010.01
2025.6
2041.45
2051.63
2109.35
2137.63
2171.83
2205.02
2220.72
2174.18
2160.62
2163.39
2177.4
2180.81
2174.14
2128.83
2090.75
2037.18
1998.97
2001.31
1980.36
1968.56
1944.35
1919.99
1896.4
857.292
412.602
335.259
334.199
333.9
334.598
335.102
335.608
334.395
333.762
331.184
330.538
325.145
322.969
320.931
319.74
316.605
318.067
317.845
319.017
319.994
321.39
322.017
322.424
321.889
321.814
319.528
319.264
317.939
314.869
316.097
312.675
313.048
311.83
311.518
310.972
310.582
310.249
309.354
309.316
307.513
308.205
305.71
306.146
304.553
303.615
303.721
302.087
302.754
301.594
301.267
300.953
300.122
300.3
299.116
299.588
298.389
298.735
297.85
297.917
297.368
297.141
297.06
296.475
296.644
295.953
296.013
295.64
295.393
295.396
294.931
295.103
294.625
294.701
294.433
294.31
294.271
293.973
294.072
293.754
293.85
293.579
293.668
293.436
293.519
293.316
293.397
293.241
293.276
293.181
293.19
293.131
293.144
293.087
293.111
293.071
293.067
293.065
293.046
293.053
293.031
293.036
293.022
293.024
293.016
293.015
293.009
293.009
293.002
293.004
293.001
293.002
293.001
293
293
292.999
292.999
292.999
293
293
293
292.999
292.998
292.999
292.999
292.999
292.999
292.999
292.999
293
293
293
292.999
292.998
292.999
293
293
293
292.999
292.999
292.999
292.999
292.999
292.999
293
293
293
292.999
292.999
292.998
293
293
293
292.999
292.999
292.999
292.999
292.999
292.999
292.998
292.999
292.999
293
293
292.998
292.999
292.998
293
292.999
293
292.999
292.999
292.999
292.998
292.999
292.999
292.999
293
292.999
292.999
292.998
292.999
293
292.999
293
292.999
292.999
292.999
292.999
292.999
292.999
292.999
292.999
293
293
293
292.998
292.999
292.999
293
292.999
293
292.999
292.999
292.999
292.999
292.999
292.999
292.999
293
292.999
292.999
292.998
292.998
293
293
293
292.999
292.999
292.999
292.999
292.999
293
292.999
292.999
292.999
293
293
292.998
292.999
292.999
293
293
293
292.999
292.999
292.999
292.999
292.999
292.999
293
293
293
292.999
292.999
292.999
293
293
293
292.999
292.998
292.999
292.999
292.999
292.999
292.998
292.998
293
292.999
293
292.998
292.999
292.999
292.999
293
292.999
292.999
292.999
292.999
292.999
292.999
292.999
292.999
293
292.999
292.999
292.998
292.999
293
293
292.999
292.999
292.999
292.999
292.999
292.999
292.999
292.999
292.999
292.999
293
293
292.999
292.999
292.999
293
293
293
292.999
292.999
292.999
292.998
292.999
292.999
293
293
293
292.999
292.998
292.999
293
293
293
292.999
292.999
292.999
292.999
292.999
292.999
292.998
292.999
292.999
293
292.999
292.999
292.998
292.999
292.999
292.999
292.999
292.998
292.999
292.999
292.999
292.999
292.999
293
293
292.999
292.998
292.998
292.999
292.999
292.999
292.999
292.999
292.998
292.999
292.999
292.998
292.999
292.999
292.999
292.998
292.998
292.998
292.999
292.999
292.999
292.998
292.998
292.998
292.998
292.999
292.998
292.998
1977.2
1971.65
1969.96
1961.52
1955.38
1947.86
1942.67
1937.34
1939.21
1937.27
1950.18
1965.32
1986.32
2012.17
2046.55
2057.84
2063.71
2034.96
2023.83
2014.05
2015.59
2016.62
2060.57
2059.9
2053.38
2020.77
1991.96
1972.6
1965.32
1952.15
1932.69
1917.99
1912.66
1899.02
1197.56
478.461
341.244
334.406
334.288
334.149
335.307
335.066
335.077
333.108
331.176
331.745
325.136
325.304
323.815
318.515
320.591
318.031
319.078
318.888
320.189
321.068
322.116
322.482
322.412
321.564
319.995
320.138
316.701
316.645
314.776
312.757
313.708
311.256
311.973
310.68
310.714
309.727
309.739
308.772
307.781
307.76
305.602
306.475
303.993
304.929
302.938
302.882
302.691
301.457
301.869
300.579
300.818
299.77
299.477
299.445
298.396
298.842
297.736
298.16
297.23
297.405
296.81
296.707
296.401
296.029
296.112
295.508
295.672
295.201
295.081
294.978
294.633
294.758
294.337
294.414
294.202
293.997
294.074
293.757
293.879
293.582
293.693
293.445
293.537
293.337
293.395
293.247
293.288
293.171
293.215
293.119
293.16
293.088
293.11
293.072
293.077
293.053
293.058
293.048
293.034
293.039
293.024
293.029
293.016
293.02
293.009
293.013
293.004
293.006
293.004
293.003
293.002
293.002
293.002
293.001
293.001
293.001
293
293
293
292.999
292.999
293
293
293
292.999
292.999
292.999
293
293
293
293
293
293.001
293.001
293.001
293.001
293.001
293.001
293.001
293.001
293.001
293.001
293.001
293.001
293.001
293.001
293
293
293
293
293
292.999
292.999
293
293
293
293
292.999
292.999
293
293
293
293.001
293
293.001
293.001
293.002
293.002
293.001
293.002
293.001
293
293.001
293.001
293.001
293.002
293.001
293.001
293
293
293
293
292.999
292.999
292.999
292.999
293
293
292.999
292.999
292.999
293
293
293
293
293
293.001
293.001
293.001
293.001
293.001
293.001
293.001
293
293.001
293.001
293.001
293.001
293.001
293
293
293
293
293
293
292.999
292.999
292.999
293
293
292.999
292.999
292.999
293
293
293
293
293
293.001
293.001
293.001
293.001
293.001
293.001
293.001
293.001
293.001
293.001
293.001
293.001
293.001
293.001
293
293
293
293
293
292.999
292.999
293
293
293
293
292.999
292.999
293
293
293
293
293
293.001
293.001
293.001
293.001
293.001
293.001
293.001
293.001
293.001
293.001
293.001
293.001
293.002
293
293
293
293
292.999
293
292.999
292.999
292.999
293
293
292.999
292.999
292.999
293
293
293
293
293
293.001
293.002
293.002
293.001
293.001
293.001
293.001
293.001
293.001
293.001
293.001
293.002
293.001
293.001
293
293
293
293
293
292.999
292.999
292.999
293
293
292.999
292.999
292.999
293
292.999
293
293
293
293
293
293
293
293
293
293
293
293
293
293
293
293.001
293
293
293.001
293
293
292.999
292.999
293
292.999
293
293
293
293
292.999
292.999
293
293
292.999
292.999
293
292.999
292.999
293
293
292.999
293
293
1966.62
1968.07
1958.38
1949.5
1934.05
1938.05
1929.5
1936.69
1942.05
1956.15
1958.09
1967.82
1969.43
1965.28
1946.02
1922.79
1882.51
1880.15
1887.05
1908.36
1891.88
1884.35
1889.33
1924.17
1939.94
1953.94
1949.32
1943.36
1939.18
1935
1919.87
1897.33
1102.93
626.644
437.649
349.258
334.301
334.187
333.386
334.618
334.744
335.386
334.969
333.027
332.588
331.007
326.334
325.427
324.431
320.269
320.669
319.521
318.992
319.541
320.06
321.058
321.976
322.508
322.459
321.664
320.086
320.412
316.335
317.892
314.073
313.763
312.881
311.477
311.901
310.365
310.929
309.467
309.831
308.43
308.194
307.327
305.908
306.271
304.122
304.928
302.972
303.21
302.421
301.663
301.81
300.543
301.04
299.674
299.789
299.211
298.601
298.697
297.787
298.131
297.2
297.547
296.667
296.988
296.21
296.312
295.852
295.666
295.578
295.152
295.286
294.796
294.82
294.631
294.382
294.45
294.119
294.108
294.009
293.791
293.87
293.591
293.706
293.453
293.545
293.336
293.416
293.24
293.31
293.17
293.223
293.125
293.159
293.095
293.114
293.069
293.088
293.053
293.059
293.048
293.036
293.039
293.024
293.03
293.016
293.021
293.009
293.013
293.005
293.007
293.004
293.004
293.003
293.003
293.002
293.002
293.001
293.001
293.001
293.001
293.001
293.002
293.001
293.001
293.002
293.002
293.001
293.001
293.002
293.001
293.001
293.001
293.001
293
293.001
293.001
293.001
293.001
293.001
293.002
293.001
293.001
293.002
293.001
293.002
293.001
293.002
293.001
293.001
293.001
293.001
293.001
293.001
293.002
293.001
293.001
293.002
293.002
293.001
293.001
293.002
293.001
293.001
293.001
293.001
293.001
293.001
293.001
293.002
293.001
293.002
293.003
293.001
293.001
293.002
293.001
293.002
293.002
293.001
293.001
293.001
293.001
293.001
293.001
293.001
293.002
293.001
293.001
293.002
293.002
293.001
293.001
293.002
293.001
293.001
293.001
293.001
293
293.001
293.001
293.001
293.001
293.001
293.002
293.001
293.001
293.002
293.001
293.001
293.001
293.001
293.001
293.001
293.001
293.001
293.001
293.001
293.002
293.001
293.001
293.002
293.002
293.001
293.001
293.002
293.001
293.001
293.001
293.001
293
293.001
293.001
293.001
293.001
293.001
293.002
293.001
293.001
293.002
293.001
293.002
293.002
293.001
293.001
293
293.001
293.001
293.001
293.001
293.002
293.001
293.001
293.002
293.002
293.001
293.001
293.002
293.001
293.001
293.001
293.001
293.001
293.001
293.001
293.002
293.002
293.001
293.002
293.001
293.001
293.002
293.001
293.001
293.001
293.001
293.001
293.001
293.001
293.001
293.001
293.001
293.002
293.001
293.001
293.002
293.002
293.001
293.001
293.002
293.001
293.001
293.001
293.001
293.001
293.001
293.001
293.001
293.001
293.001
293.002
293.001
293.001
293.002
293.001
293.001
293.002
293.002
293.001
293
293.001
293.001
293.001
293.001
293.002
293.001
293.001
293.001
293.001
293.001
293.001
293.002
293.001
293.001
293.001
293.001
293.001
293.001
293.001
293
293
293
293.001
293.001
293.001
293.001
293.001
293.001
293.001
293.002
293.001
293.001
293.002
293.001
293.001
293.001
293.001
293.002
293.001
293.001
293.001
293.001
293.001
293
293
293.001
293
293.001
293
293.002
293
293.001
293.001
293.001
293.001
293.001
293
1959.13
1954.8
1950.36
1925.15
1903.98
1094.08
856.91
762.86
702.46
680.093
685.314
720.5
769.069
815.487
914.833
1049.4
1287.72
1870.28
1900.46
1905.64
1896.97
1857.97
1329.64
983.935
809.02
699.159
621.209
555.456
503.261
470.496
433.189
401.456
365.338
346.083
338.52
334.441
333.256
332.069
332.624
334.178
335
335.763
334.583
334.089
333.202
329.868
327.069
327.77
321.58
324.138
318.743
320.748
319.179
319.079
320.108
320.929
321.924
322.545
322.497
321.208
321.522
318.649
317.107
317.255
313.626
314.806
311.73
312.574
310.959
310.743
310.58
309.512
309.845
308.197
308.749
306.498
306.712
306.071
304.202
304.881
302.912
303.525
301.937
302.448
301.125
300.969
300.801
299.7
300.028
298.831
299.139
298.383
297.898
298.032
297.271
297.439
296.696
296.933
296.148
296.43
295.682
295.937
295.27
295.443
295.056
294.806
294.896
294.477
294.605
294.25
294.157
294.199
293.893
293.883
293.849
293.611
293.7
293.459
293.552
293.339
293.414
293.247
293.307
293.173
293.225
293.125
293.164
293.093
293.12
293.068
293.089
293.055
293.066
293.041
293.048
293.034
293.027
293.03
293.015
293.021
293.011
293.014
293.006
293.009
293.003
293.006
293.002
293.003
293.002
293.002
293.002
293.002
293.001
293.002
293.002
293.001
293.001
293.001
293.002
293.002
293.001
293.001
293.001
293.002
293.002
293.001
293.002
293.001
293.002
293.002
293.002
293.002
293.003
293.002
293.003
293.003
293.002
293.003
293.002
293.002
293.002
293.001
293.002
293.001
293.001
293.002
293.002
293.001
293.001
293.001
293.002
293.002
293.001
293.001
293.001
293.002
293.002
293.001
293.001
293.001
293.002
293.002
293.002
293.002
293.003
293.002
293.003
293.003
293.002
293.003
293.002
293.002
293.002
293.002
293.002
293.001
293.001
293.002
293.003
293.001
293.001
293.001
293.002
293.002
293.001
293.001
293.001
293.003
293.002
293.001
293.001
293.001
293.002
293.002
293.002
293.002
293.003
293.002
293.003
293.003
293.002
293.003
293.002
293.002
293.002
293.001
293.002
293.001
293.001
293.002
293.002
293.001
293.001
293.001
293.002
293.002
293.001
293.001
293.001
293.002
293.002
293.001
293.002
293.001
293.002
293.002
293.002
293.002
293.003
293.002
293.003
293.003
293.002
293.003
293.002
293.002
293.002
293.002
293.001
293.002
293.001
293.002
293.002
293.001
293.001
293.001
293.002
293.002
293.001
293.001
293.001
293.002
293.002
293.002
293.001
293.002
293.002
293.002
293.002
293.002
293.003
293.002
293.003
293.003
293.002
293.003
293.002
293.002
293.002
293.001
293.002
293.001
293.002
293.003
293.003
293.001
293.001
293.001
293.002
293.002
293.001
293.001
293.001
293.002
293.002
293.001
293.002
293.001
293.002
293.002
293.002
293.002
293.003
293.002
293.003
293.003
293.002
293.003
293.002
293.002
293.002
293.002
293.001
293.001
293.001
293.002
293.002
293.001
293.001
293.001
293.002
293.002
293.001
293.001
293.001
293.003
293.002
293.002
293.001
293.001
293.001
293.001
293.001
293.001
293.002
293.001
293.001
293.002
293.001
293.002
293.001
293.001
293.001
293.001
293.001
293.001
293.002
293.001
293.002
293.001
293.002
293.001
293.001
293.001
293.001
293.002
293.002
293.001
293.002
293.002
293.001
293.001
293.001
293.001
293.001
293.001
293.001
293.001
293
293
)
;

boundaryField
{
    wand
    {
        type            zeroGradient;
    }
    frontAndBack
    {
        type            empty;
    }
}


// ************************************************************************* //
