/*--------------------------------*- C++ -*----------------------------------*\
| =========                 |                                                 |
| \\      /  F ield         | OpenFOAM: The Open Source CFD Toolbox           |
|  \\    /   O peration     | Version:  2.1.1                                 |
|   \\  /    A nd           | Web:      www.OpenFOAM.org                      |
|    \\/     M anipulation  |                                                 |
\*---------------------------------------------------------------------------*/
FoamFile
{
    version     2.0;
    format      ascii;
    class       volScalarField;
    location    "0.003750000";
    object      Xi;
}
// * * * * * * * * * * * * * * * * * * * * * * * * * * * * * * * * * * * * * //

dimensions      [0 0 0 0 0 0 0];

internalField   nonuniform List<scalar> 
12384
(
2.1322
3.63038
4.42931
4.90375
5.2575
5.27602
5.42174
5.69945
5.93645
6.24448
6.86369
10.702
8.50418
6.0291
27.3893
37.7682
42.195
41.5218
42.6889
40.1186
41.7621
38.8462
39.3618
38.8148
40.32
42.7379
45.8437
47.922
49.6685
48.9576
48.3989
44.667
41.2053
38.1018
34.0996
29.6656
32.1661
39.7169
46.1115
59.4356
44.4737
31.8747
18.848
9.88571
39.3798
51.1172
63.3312
76.7343
91.1285
104.191
115.71
118.695
120.584
120.352
116.186
111.444
88.1717
77.2492
72.678
54.7356
45.8044
32.1204
23.0896
19.7891
18.5132
18.0259
17.5029
17.2663
17.6435
18.5369
19.6776
19.5378
17.6249
11.7589
47.1197
60.2055
69.4418
79.8214
90.4725
101.935
112.568
123.605
133.807
142.442
150.591
156.545
158.317
164.129
157.008
158.369
156.038
151.897
137.258
141.552
136.895
138.665
130.088
116.337
92.0841
62.4543
49.2008
44.5687
36.6417
19.8483
51.0172
66.0138
74.9984
83.1367
91.1126
99.1279
107.458
115.539
125.15
133.861
142.649
153.546
159.327
152.341
136.456
126.68
120.053
105.234
96.6325
88.6275
83.0667
76.1144
72.6607
61.6383
51.502
41.2497
35.8713
29.5934
23.9188
15.0852
35.6813
52.4988
62.2757
67.874
75.8331
86.2684
97.1133
104.654
110.658
115.575
119.242
122.575
126.865
132.141
130.369
125.379
126.003
124.959
124.239
119.303
108.007
101.405
84.1598
72.3898
66.8539
67.4846
66.4914
46.2349
36.0627
21.8547
32.5489
48.3256
60.2543
69.3805
67.1475
67.885
73.7791
91.7537
116.423
114.338
106.441
73.7091
66.1602
63.188
62.288
66.7145
73.1835
84.5428
97.9174
108.678
109.277
105.031
103.127
96.5529
94.307
89.5664
87.8357
70.9167
49.5728
26.4368
16.7807
30.6733
45.3651
42.6456
40.6191
37.8747
30.8655
21.9235
13.3911
12.9801
19.1869
29.232
44.4763
63.275
84.7635
100.368
114.06
124.295
124.272
123.461
113.89
102.557
91.9499
74.1818
60.2015
45.1579
32.1448
20.6064
13.8732
9.51199
3.14949
4.37447
5.16454
6.1372
8.19323
11.3384
15.5125
23.4807
30.5214
39.663
44.623
45.9069
44.1982
47.7294
50.082
68.9111
60.3125
67.6645
58.0651
53.2056
44.5082
37.0846
28.5223
21.1727
14.3425
11.1189
8.81473
7.10756
5.64595
3.39816
3.43431
3.99326
4.20159
4.54315
4.85725
5.81565
7.12676
9.11797
11.4227
13.8072
14.2937
13.6887
11.9943
10.7684
9.94592
10.6709
10.119
9.18725
9.37478
9.54462
9.35454
11.6175
13.7521
16.5711
19.2303
21.647
21.3679
15.2149
7.64999
2.89104
4.2698
4.23024
4.04465
3.71337
3.46264
4.55062
5.91319
7.42263
9.42738
12.7333
10.5603
16.4228
12.629
15.223
10.8392
10.6185
8.76171
8.15457
8.1049
7.88583
7.4886
7.96123
7.2002
8.14345
7.53981
7.32326
6.40992
5.59944
4.50655
3.03723
4.56942
5.42875
5.60188
5.29609
5.51405
6.70536
7.81114
9.32466
9.44758
9.7923
9.25732
8.72246
7.82987
7.81478
7.76952
8.94825
10.8161
11.3327
10.1586
8.91993
7.87665
6.36521
5.58636
4.90491
4.37852
3.97726
3.72132
3.27696
2.96699
2.39281
4.41317
4.5839
4.38468
4.05596
4.53671
5.92106
8.49746
10.6524
14.6537
12.0838
12.3662
12.5141
8.90237
9.3954
6.9598
6.52962
5.59728
5.17571
5.16207
4.83591
4.71689
4.36882
4.22462
4.0578
4.09105
3.96146
4.23812
3.6987
3.6214
2.85601
2.73806
4.68498
6.02316
6.92361
7.55635
7.69019
7.65131
7.59611
7.64331
8.35427
9.9298
12.0581
15.5645
14.4419
44.1274
33.9909
35.0159
35.4591
36.7222
38.3829
39.8693
39.4876
38.8219
36.8611
35.067
34.2199
34.9306
38.142
42.9092
47.7202
50.1618
50.6134
48.6226
46.6453
43.468
37.4845
34.9992
41.0279
50.4749
69.3349
64.2271
46.7312
28.3743
19.5155
57.103
62.0919
80.2308
101.754
123.01
142.06
158.472
172.108
182.676
193.714
198.996
203.808
159.572
152.746
136.312
111.698
95.1153
62.9607
39.2073
25.7856
20.2681
18.2396
17.3614
16.9937
17.4761
19.4124
23.8389
26.3844
25.0963
21.2842
60.4449
61.6935
73.5197
90.2082
108.721
127.505
146.89
166.185
184.625
202.351
218.37
233.096
244.248
254.081
257.178
254.058
242.555
211.853
212.94
191.708
179.002
164.803
147.806
132.119
117.047
94.6771
68.9837
52.8959
44.5693
39.2407
64.8239
64.5212
73.578
85.4032
99.362
114.004
128.69
142.824
158.47
171.363
186.745
197.142
182.611
173.048
163.26
163.491
155.475
165.951
157.238
160.387
163.706
158.257
144.985
125.658
93.7219
72.1647
57.2578
47.0805
38.6717
32.8158
62.1608
65.2299
75.5715
80.9118
85.5094
88.8256
90.4178
90.2736
91.9467
95.1971
101.92
110.923
123.843
130.186
135.017
143.295
151.12
158.487
162.409
159.283
146.987
127.776
109.764
94.6098
84.8793
86.6507
86.9018
77.674
73.6225
65.5618
45.2983
49.9949
60.5611
66.3576
65.5274
68.1657
79.6825
104.496
119.035
103.238
87.7614
65.4011
60.7885
56.1103
58.2616
61.4651
68.3888
78.2249
89.3665
99.1778
101.686
102.479
102.959
101.265
102.558
106.127
115.114
107.483
77.5099
53.0942
33.3663
45.4053
66.5395
69.3644
72.9488
81.0204
77.6117
61.7903
61.3361
76.298
96.7335
112.973
123.643
129.948
134.665
135.376
136.025
133.472
118.846
97.5021
110.97
101.943
91.9484
78.5296
71.2665
63.8754
55.0307
39.3518
24.4963
22.798
4.83869
4.18309
6.15246
11.5147
22.7755
41.5926
59.8883
76.2143
94.1794
117.02
123.504
126.957
130.034
132.507
131.194
124.88
113.338
100.123
85.0213
71.7074
58.6082
45.7846
32.2643
19.5979
9.90231
5.50948
4.42546
4.1711
3.9739
4.47282
5.17774
3.92992
5.01492
6.24052
7.8234
10.2987
13.1679
17.3591
22.5168
26.7302
29.5836
30.4958
31.0076
31.1527
32.7686
34.6479
26.9489
21.7973
17.6782
15.0582
13.2914
14.0598
16.9469
22.1673
27.9219
33.95
34.301
23.5766
9.7483
8.24406
6.23443
3.61118
4.34511
5.0388
6.33199
8.1279
10.3896
13.0664
15.6267
18.4216
23.9651
27.6686
32.8123
33.5083
32.4622
30.5567
28.0262
25.6302
23.1659
21.0471
18.6291
16.4515
14.0313
11.5456
9.66306
7.78619
6.45133
4.87858
3.99688
5.02911
6.55091
4.53351
5.77898
6.61863
7.92274
9.96883
12.36
15.0704
16.9477
18.2732
18.8111
18.1197
17.9418
15.6819
13.5657
11.3046
9.87031
9.09307
7.80179
6.49665
5.39725
4.14045
3.36219
2.80567
2.50955
2.34054
2.30169
2.26106
2.18566
3.10485
8.62213
5.30264
6.43645
7.54079
8.44153
10.0429
10.9065
13.6986
17.4361
14.8018
13.7145
10.6289
8.74538
7.32298
5.67623
4.86326
3.91171
3.31813
2.94339
2.79694
2.56732
2.44416
2.337
2.29764
2.27519
2.28999
2.30336
2.20133
2.12385
3.25482
4.30993
9.2456
11.8423
13.3087
13.558
12.3774
11.0112
9.94706
9.0547
8.545
8.86012
11.3634
16.2876
24.5255
44.1568
40.3335
39.3072
39.5929
41.6228
43.454
45.3795
44.7639
41.8901
36.974
32.3225
28.8306
27.3938
27.9814
31.8992
38.4616
45.215
48.3291
49.2222
46.8735
42.7663
37.8081
32.694
35.3498
46.8602
64.2325
66.7884
50.4754
33.8124
24.981
65.3433
83.354
105.897
125.98
143.165
157.93
170.567
181.112
190.822
198.682
202.528
191.559
159.524
155.341
131.441
120.161
102.568
76.7211
47.1508
30.1611
22.3321
19.3689
17.8439
16.8905
16.8164
18.521
24.0881
29.6816
28.3534
24.0163
65.6538
68.8617
81.443
95.9234
111.509
127.703
143.508
158.787
174.162
189.143
203.544
216.769
229.138
237.879
245.324
245.074
224.489
218.301
199.772
196.813
181.648
170.58
156.089
142.693
131.949
117.106
92.5287
67.9293
52.6107
50.535
70.9494
72.9375
78.0086
85.2986
94.1218
104.301
115.124
126.61
139.793
152.884
167.259
152.329
140.708
133.709
131.841
133.236
139.466
142.859
163.41
166.675
174.649
176.3
160.956
138.576
112.226
82.6537
66.2767
55.4869
48.8984
47.2327
81.3686
75.5066
83.2237
88.9695
94.6965
98.1961
99.5928
101.373
104.786
111.033
121.443
132.112
131.351
128.11
125.432
125.756
128.733
131.802
133.941
130.089
122.745
113.667
100.003
89.2842
87.7265
89.2641
91.8653
87.1575
77.9774
80.4103
56.2561
55.5247
63.3852
68.3203
70.9831
77.9521
95.1086
110.995
105.285
93.8028
77.7286
67.1884
65.942
65.3329
70.49
81.1295
92.8666
109.758
118.399
121.734
116.289
105.86
98.3144
95.3576
94.9821
97.5197
110.668
118.669
103.745
72.6977
48.5264
63.8264
82.3389
86.7542
95.1266
102.721
88.1145
69.4686
76.9599
94.0037
115.155
129.75
142.335
146.914
152.372
150.744
148.104
131.23
110.661
99.402
102.24
106.882
106.84
94.1779
76.0196
64.6531
59.4862
48.7417
35.2568
31.3907
6.73266
6.11046
9.05557
16.3612
29.1492
46.7429
69.8558
88.3222
87.7153
97.5822
114.902
136.668
147.137
152.908
154.965
150.184
143.048
131.394
121.708
110.884
99.6482
84.9926
66.4292
44.3841
22.818
8.8801
4.8301
3.8172
4.26218
6.42856
5.67303
4.20192
4.99139
6.08593
7.88143
10.5231
14.1783
19.0743
24.1847
29.0079
32.9779
35.613
37.2295
38.1111
38.4066
38.5762
31.6779
25.239
21.5683
21.4824
24.4959
30.0043
37.9622
50.2346
67.5777
86.9154
91.7076
64.483
21.5333
16.2604
6.96898
3.78983
4.40497
5.30271
6.49561
8.31529
10.3026
12.3528
14.3715
18.3011
21.6568
31.8791
32.7212
36.8068
37.7447
33.6242
31.3142
27.0241
24.5159
21.2983
18.872
16.0613
13.2563
11.3194
9.36437
8.03814
6.63531
5.93126
5.29055
6.31492
7.13739
4.71459
5.42745
5.97221
7.00769
8.66041
11.3949
15.1664
18.9621
21.9667
20.437
20.3339
20.2808
20.2929
18.552
16.9146
15.3412
14.2017
12.6588
10.5803
8.59439
6.04312
4.20498
2.97214
2.42506
2.17823
2.10283
2.09711
2.2175
3.86287
10.8758
6.32198
7.75831
9.01581
10.2841
11.6525
13.1639
15.3971
20.5609
17.2639
16.9614
12.3673
9.84983
7.19356
5.32341
4.28427
3.44719
2.84624
2.56323
2.30739
2.10009
1.99536
1.91996
1.86326
1.87511
1.89733
2.04284
2.12279
2.28022
3.59284
6.6527
15.1534
17.534
18.1656
18.0118
16.7879
14.1046
11.7246
10.4748
9.70415
9.28107
10.2115
16.0398
36.918
35.6083
36.0536
38.8655
42.8145
48.0034
52.2053
53.4528
50.5786
44.691
37.4334
30.3245
25.6366
23.619
23.5288
26.2834
33.3266
41.6234
46.6532
48.2077
46.3081
40.3029
34.5282
30.7969
32.9066
47.0317
68.108
70.3486
54.2118
39.8907
29.3923
74.8955
107.687
124.351
136.005
145.234
154.057
161.582
170.527
177.977
184.853
189.849
161.272
151.503
142.492
124.673
117.686
102.856
78.5069
50.929
32.5796
24.9325
21.6181
19.2509
18.1037
18.5371
21.9649
29.6117
35.3051
34.2689
27.7776
68.754
76.2319
90.7527
103.239
113.114
120.867
128.162
135.39
143.861
153.028
163.111
173.298
182.812
192.523
199.391
197.442
194.773
178.41
186.536
180.452
175.179
167.987
157.714
147.596
140.112
131.379
111.905
85.5805
63.4607
62.7683
74.35
79.8798
84.3406
88.695
93.556
99.3522
106.599
115.245
124.651
127.577
120.733
110.277
103.104
100.955
100.513
103.85
111.402
124.453
136.517
166.196
171.587
176.535
164.078
137.346
112.878
91.5519
70.0807
62.4624
58.2363
59.4795
98.1858
82.8293
88.225
96.2112
107.35
109.47
109.56
111.073
117.278
127.54
140.62
148.292
137.394
130.212
117.807
110.683
103.477
101.005
98.8092
95.9589
95.3742
87.7643
84.3426
85.574
86.4315
92.2572
97.4775
92.707
79.0361
88.8105
68.3122
60.3249
66.354
74.6586
79.5872
92.0413
110.6
112.402
100.379
95.6391
73.2778
68.4885
66.1919
69.3195
83.5799
97.6812
117.273
129.41
135.674
138.996
125.338
106.689
94.1601
91.0224
91.5249
94.8622
109.294
126.888
123.642
93.1679
61.1168
74.2655
88.3302
97.156
110.288
120.011
98.879
86.2798
95.2268
112.307
129.218
142.202
149.839
154.411
156.487
155.938
145.681
125.9
112.831
103.479
107.11
104.989
117.114
114.971
89.9001
69.3526
65.5916
61.5622
51.825
42.7855
9.81094
9.33658
13.9256
22.5467
38.5085
55.7964
76.8846
83.091
91.478
101.302
129.149
150.328
159.204
165.984
166.843
164.558
157.339
153.727
148.894
144.328
135.699
122.859
103.128
76.9736
47.0912
19.4765
8.52471
5.29208
4.29456
8.34289
6.51854
5.17388
5.77148
6.95529
9.32809
13.5079
18.6003
25.1938
31.6644
38.129
44.5377
50.1578
53.4757
52.8818
52.8685
51.9661
45.6787
35.5205
32.7875
37.4407
42.5377
51.5693
60.278
79.1755
113.208
164.882
207.991
172.93
60.2725
21.2159
8.23828
4.58802
5.27578
6.41103
8.26503
10.8133
13.1043
15.8603
18.379
21.4218
25.4103
38.5823
43.8719
42.1669
42.4389
37.7077
35.4704
31.8474
28.7414
26.0486
23.1458
20.4954
18.0588
15.5797
13.4708
11.7138
9.52823
8.64477
7.4602
7.0847
7.99474
5.36661
5.89319
6.31523
7.5182
9.55015
14.0207
19.2825
22.7873
26.059
27.9371
29.1118
30.348
28.4395
28.5171
25.1833
24.6576
23.0669
21.6458
19.4517
16.2153
11.3998
7.18608
4.3145
3.18165
2.75265
2.48107
2.25535
2.29656
4.39434
14.0232
9.13096
11.0502
13.5152
14.2984
15.8761
15.4918
17.5951
19.379
17.5018
17.7313
12.5513
9.95922
7.03856
5.23566
4.24305
3.20405
2.78826
2.35092
2.13948
1.98273
1.89763
1.79405
1.74574
1.71439
1.70775
1.82883
2.04119
2.38672
4.24422
8.66693
17.5431
18.5894
17.603
17.7799
17.2861
15.3399
12.6659
11.2039
10.56
10.1738
10.3609
14.9037
47.5293
30.5265
36.6804
42.2972
48.4275
54.9655
56.5371
52.9193
45.938
38.3753
31.2995
25.615
21.9265
20.7611
21.646
25.7384
33.7216
42.1247
47.0619
47.057
43.7457
36.0464
29.3474
29.045
33.8186
50.1187
77.8962
76.4054
62.8161
49.7878
39.5374
88.2171
121.787
128.319
130.529
132.045
134.375
138.107
143.861
149.147
155.356
139.543
139.4
118.261
111.631
103.212
97.3679
89.5791
70.4731
47.2707
33.4738
27.1793
23.074
20.5843
21.1589
26.0499
35.4593
43.6697
46.3237
41.314
33.6184
75.8686
83.4059
98.1208
106.482
111.683
115.06
118.176
121.212
124.908
128.639
132.398
135.59
138.688
141.092
146.884
150.98
146.923
153.645
154.389
158.377
157.02
154.615
152.812
146.248
142.347
138.695
125.446
100.352
74.403
71.7768
80.0784
89.0731
92.8521
94.726
95.9401
98.3362
100.904
101.971
98.9972
92.6552
86.1723
83.7497
81.4775
79.6087
79.7456
81.5942
88.2401
104.027
125.357
139.708
166.075
160.528
161.452
143.501
111.249
94.1953
85.3147
77.01
77.7493
80.3333
112.986
91.6541
85.201
112.522
117.365
117.684
116.768
118.15
126.345
140.601
151.413
152.845
149.512
135.168
115.281
106.418
89.5034
84.0868
75.803
69.8147
67.9835
72.3745
75.5684
81.6924
90.0205
98.0813
99.0357
95.5432
85.4187
85.4684
78.4333
66.5002
74.5639
81.6833
91.3424
107.869
118.461
110.948
101.701
91.7883
66.5238
59.9702
61.7215
75.7688
92.9304
112.601
128.036
139.583
145.382
148.732
134.844
112.621
98.0502
92.0485
91.7758
96.1671
112.393
132.712
140.06
108.05
75.4512
83.5437
90.1389
100.466
123.069
134.638
112.752
107.095
115.596
128.062
138.475
146.726
150.101
149.475
152.544
152.235
138.955
125.565
115.585
113
109.158
115.703
116.282
118.703
103.077
78.5844
71.4198
73.4994
73.3164
54.6318
13.6991
14.3402
20.5394
30.6802
50.1466
71.1788
79.6208
91.9868
98.2224
113.087
135.558
144.215
152.267
155.947
157.728
156.428
157.928
157.541
161.705
162.207
159.062
148.2
130.271
105.85
75.4235
38.9257
16.489
8.87696
6.12247
9.035
7.29954
6.61417
7.45468
9.80512
13.6396
19.9548
27.3067
35.7146
43.796
51.8142
62.0752
71.5738
75.0493
72.3468
68.2668
66.5771
61.8572
46.1603
47.045
50.4209
59.4569
63.1553
73.8933
96.1661
146.677
241.145
286.716
286.429
140.945
18.5823
10.3813
6.21271
7.40051
9.56319
12.4645
16.2467
19.1704
22.9847
23.6184
30.5973
33.5948
45.8303
48.262
52.7566
54.0003
53.0638
52.3414
49.5877
46.532
43.4461
39.8066
36.1035
31.2974
27.4818
22.802
20.1118
17.4322
16.7269
13.9855
11.3577
9.16449
6.69434
7.3154
7.82233
8.99832
10.9039
14.7492
19.3973
24.4406
29.49
32.0524
35.6597
35.7275
38.5497
35.7128
39.2069
36.9842
37.6588
35.7801
31.3522
28.1323
21.0582
13.1134
6.91851
4.29558
3.67717
3.41624
2.95967
2.41473
5.20886
19.9355
13.6242
16.4173
18.2265
17.4726
17.6551
18.174
18.2398
21.327
17.9782
18.6369
12.9774
10.3299
6.96735
5.56521
4.03556
3.35199
2.76736
2.48798
2.21071
2.09687
2.00442
1.94302
1.86105
1.81597
1.75418
1.76821
1.82198
2.3624
4.83058
9.97773
16.897
16.0466
15.4285
16.6129
17.6332
16.5705
14.2383
12.2129
11.3049
10.9767
11.1481
13.6522
45.0176
34.8265
41.0662
46.2586
51.705
55.3954
54.1126
47.6568
40.3475
32.4354
26.6341
22.6565
21.2324
21.983
25.7488
32.539
40.8991
46.76
47.01
44.1388
36.2509
28.9811
28.0722
31.1955
43.1795
65.1946
90.4282
89.4045
77.7699
64.0601
51.8429
104.934
123.56
122
120.159
117.174
117.158
116.962
118.9
119.453
118.951
106.572
88.1343
71.7922
63.8256
67.5231
75.7948
73.7009
59.6765
42.8951
32.8137
26.2979
22.0757
22.9781
34.2467
51.8571
64.3993
65.0099
57.4159
47.9321
39.3682
90.2522
90.7016
106.895
116.342
120.646
122.349
123.572
123.919
124.916
125.439
124.571
121.013
114.731
107.279
102.231
103.388
114.242
121.305
130.523
138.87
140.567
144.446
142.267
139.247
139.213
139.074
131.457
110.251
85.3105
77.3123
90.429
99.9926
102.783
101.867
97.8825
92.9646
88.4578
81.8953
78.0451
76.5539
74.7675
72.9524
71.1274
69.161
66.4618
65.5916
70.9029
84.8129
111.836
132.208
139.625
157.554
145.955
141.238
125.792
100.252
93.6292
101.185
97.0598
102.865
125.781
92.4249
97.4884
121.858
124.251
121.241
118.981
121.606
132.694
148.109
153.489
163.57
152.953
146.205
111.781
107.893
91.0123
79.4073
69.3089
57.1537
56.7477
61.4251
75.5558
84.8159
99.2554
100.258
103.695
95.072
82.2778
80.3813
90.7727
75.5214
82.1266
93.3728
109.37
124.116
123.123
112.744
100.843
82.2133
58.8358
54.3632
58.3325
71.5755
89.0654
110.077
134.492
141.023
148.074
158.171
154.134
134.028
115.763
103.543
100.354
105.187
119.964
140.461
156.949
127.105
93.9881
87.2075
93.3079
109.359
135.057
151.763
129.57
128.17
137.957
142.229
144.365
143.899
141.851
136.982
136.123
120.707
131.373
120.959
120.605
114.675
120.333
118.145
115.849
124.061
109.284
81.0239
70.8862
79.2672
90.9395
68.9419
21.1508
21.8472
28.8442
38.4352
60.8102
79.5369
84.4662
97.2213
112.236
121.998
126.669
136.093
135.001
136.473
138.087
142.053
144.594
154.232
163.014
169.811
169.212
161.619
145.724
124.292
97.3009
62.5566
27.4533
13.7568
9.11348
10.4605
9.01631
9.3479
10.7691
14.0061
19.6088
28.3216
37.9158
46.8995
54.6542
62.2091
73.5514
88.7106
95.5783
90.7296
84.4175
82.7263
73.0868
65.4247
62.5628
64.5344
61.4966
68.3816
78.5368
109.687
167.528
261.631
298.254
317.413
262.845
48.44
13.2839
9.04565
10.0033
12.6369
16.5058
21.1843
23.9751
29.5606
30.4531
36.4835
44.6688
50.8496
62.1929
68.1547
70.6613
74.2558
73.3603
73.1965
69.029
66.0108
59.9854
55.546
48.5341
42.6578
37.1557
33.3106
32.1332
33.0037
29.685
22.8125
11.0124
9.54921
9.97208
10.4451
10.8542
11.8761
14.275
18.8344
24.5769
29.41
33.4647
36.7118
40.6178
41.9066
49.4
46.0809
50.3372
49.5477
47.7231
48.7639
41.8036
33.6876
23.0206
11.3476
6.14832
4.82934
4.65077
4.15157
3.18451
6.17443
26.6669
20.5253
21.54
21.5795
18.7044
19.497
20.0605
20.7978
23.0453
20.5869
20.6129
14.6875
10.7092
7.26531
5.30908
4.10191
3.21147
2.72134
2.43907
2.20626
2.09133
2.01936
1.96562
1.95852
1.91083
1.92931
1.8547
1.84665
2.41158
4.87345
10.7723
15.9237
15.0586
15.1744
18.3181
20.3962
19.5515
17.656
15.6118
13.9379
12.4584
12.0645
14.1186
40.3536
44.3265
45.4348
47.5789
50.7807
52.6201
52.2969
49.6885
45.328
40.491
35.7625
33.0518
32.6555
35.6501
40.6658
46.4054
49.1381
47.423
42.0407
34.3123
30.3738
30.3867
38.5665
53.1296
75.7995
98.6189
97.8043
98.2919
93.8772
79.5494
66.4607
123.669
118.801
116.589
115.134
116.118
113.864
111.179
108.393
97.1994
94.9722
82.8299
60.6858
45.3358
46.8131
53.5647
63.8628
63.1688
48.9245
38.8486
29.3572
23.5381
23.1155
41.5954
68.875
77.0036
70.3562
64.4685
57.3459
49.7987
48.7795
107.746
101.774
125.073
137.176
140.873
141.288
140.052
138.625
137.897
137.367
134.793
129.745
120.265
108.346
97.5439
93.1992
99.204
110.747
120.839
127.25
130.046
130.344
130.163
130.863
133.412
135.708
131.587
115.704
94.1154
82.158
109.281
110.516
110.216
106.736
97.6987
89.442
80.695
76.8165
75.2289
74.2988
72.6546
71.0125
68.489
64.2416
60.6941
58.0553
63.8798
80.1196
103.589
129.471
138.671
144.172
146.124
139.871
126.825
115.054
111.189
110.903
111.636
116.116
136.033
102.921
119.997
128.962
126.58
120.831
116.991
121.159
131.314
141.591
149.563
161.275
165.631
150.95
126.777
109.414
96.368
95.904
77.3207
75.5998
77.9629
80.5621
89.1831
98.9127
103.602
103.497
99.9892
92.7916
90.2706
83.955
95.8706
83.2938
93.0725
97.3305
123.097
129.621
113.859
102.463
87.5759
71.3417
61.3731
53.0837
55.1553
65.197
84.2044
99.093
117.267
134.536
147.384
164.997
172.464
164.634
152.133
138.168
129.133
126.641
134.676
151.724
177.736
147.587
111.206
89.5646
101.102
106.236
132.893
168.274
147.222
144.745
153.002
155.196
147.495
138.622
127.796
118.543
113.825
102.168
108.701
115.89
116.772
119.856
121.817
119.456
115.989
118.997
112.005
91.9888
65.588
78.0417
97.5207
86.646
34.8064
34.2905
36.6683
51.1388
59.8622
87.218
87.0143
100.138
110.994
119.356
121.769
121.579
117.528
115.669
115.94
117.305
126.466
138.973
155.994
167.496
172.829
167.539
153.439
133.172
111.164
87.3438
50.0517
20.1571
12.5026
12.8535
13.0639
12.6297
15.0056
19.6964
27.0246
36.6148
46.3983
53.5395
60.2148
65.8197
76.5136
93.464
105.387
103.731
95.535
96.4965
95.1184
76.0288
72.4448
66.2813
66.6717
61.0155
71.5663
93.1722
133.424
237.246
289.722
328.123
340.347
141.742
20.1865
15.8238
16.2414
19.5294
25.24
32.0721
36.2536
39.3751
38.5823
45.4946
46.6742
60.4413
69.6792
78.9198
85.8409
89.6848
90.0373
91.1882
86.703
84.2729
78.3516
74.2615
66.8841
59.6319
55.3358
53.0134
54.2582
58.5417
50.5985
42.9597
18.3985
17.5307
15.115
14.2524
14.0371
13.1945
14.1134
18.2349
23.1364
27.5266
32.8107
35.9343
40.5719
43.8557
44.4744
51.9375
51.6865
55.7354
61.2925
61.432
60.0056
48.0462
34.9286
18.468
8.74934
6.67675
6.24333
5.92564
4.44215
8.71124
37.2058
28.3387
27.3253
21.4349
20.6309
20.82
22.6719
23.6199
28.2141
26.9628
24.0444
17.9373
13.3835
8.18581
5.49781
3.89971
3.07003
2.5255
2.28152
2.09603
1.99535
1.96404
1.95152
1.96167
2.01144
2.05789
2.02125
2.0234
2.38833
5.23199
11.518
15.8141
15.0397
17.0136
23.0361
25.421
24.0325
22.8376
21.3886
19.8655
16.7787
14.3292
16.4979
41.272
56.3669
46.7636
47.5568
50.5513
53.1643
54.8713
55.4973
55.3859
54.4317
54.4803
54.3562
54.4275
54.3055
53.7868
50.2029
44.883
39.2451
34.8899
35.5326
45.6205
61.1781
86.0206
93.481
88.4564
92.1545
95.8527
102.872
103.402
91.6253
84.4578
144.498
115.329
118.654
126.324
126.304
122.986
107.129
96.0801
92.2468
89.5868
73.2484
50.2958
42.0588
44.2088
54.7576
59.169
53.2552
43.1239
32.9983
25.4353
23.7631
41.0484
76.788
76.5392
68.7251
72.2438
73.9361
62.6914
54.8434
57.0412
130.479
121.665
151.532
165.167
168.881
167.989
165.111
163.085
162.693
162.452
160.759
156.318
148.63
138.366
128.518
121.168
117.027
116.27
116.666
118.095
119.548
120.921
122.035
123.762
127.072
130.375
128.895
119.154
100.84
90.2612
135.828
115.303
113.228
106.272
97.5436
87.9083
82.791
83.505
83.2833
83.1852
78.4308
74.4312
67.4465
61.4958
56.874
55.8731
66.0777
84.6961
118.405
133.059
140.257
141.251
140.459
132.208
126.21
120.608
120.295
121.078
119.019
128.036
148.643
122.221
132.515
132.497
125.944
117.427
113.261
118.277
128.154
136.596
144.99
157.359
164.952
165.014
138.199
126.455
104.293
114.129
114.95
110.941
127.796
119.443
117.344
117.526
110.932
105.818
97.7849
94.7853
102.14
94.2952
100.026
82.721
84.5464
104.15
114.143
113.36
106.984
98.7534
88.2068
74.5229
68.9048
57.4702
51.8149
59.267
72.3316
83.5296
100.594
120.607
141.222
164.473
183.205
191.874
184.518
174.218
160.571
152.532
153.607
171.022
205.137
182.547
132.584
103.695
112.763
121.041
141.168
184.964
163.413
151.988
159.664
159.193
143.823
132.417
114.938
95.9192
91.4257
87.4048
95.7007
103.449
110.302
115.923
118.004
117.624
115.788
112.697
116.574
95.7741
65.8427
65.3497
81.6099
89.4021
62.5488
49.6834
49.5256
53.4382
70.4563
78.8756
88.068
101.847
108.802
111.609
112.396
106.755
100.665
94.5864
91.2083
94.5957
106.081
123.104
145.272
163.18
171.579
168.857
155.475
135.896
117.527
111.474
81.5047
35.2178
18.8337
19.1773
41.1468
19.9303
21.1534
27.0877
35.5206
45.5813
54.8161
60.1029
63.9959
67.2818
74.9169
89.5162
103.27
108.344
104.257
105.731
105.166
97.1813
83.6926
75.675
63.7144
56.5915
63.1986
77.9688
112.528
152.306
253.65
294.412
353.733
283.195
48.5003
43.7119
32.2075
30.2859
33.0604
39.4677
43.7723
45.6181
44.0933
48.174
52.0803
62.4286
77.4902
90.1697
95.9482
100.517
98.1008
98.3505
93.55
90.961
85.1918
79.5767
73.7393
72.2413
73.0803
79.6052
75.1898
86.6915
65.5044
79.2224
46.0313
43.4267
27.7133
22.029
19.7003
17.4091
14.7346
17.9866
22.0965
26.6427
29.728
35.1626
36.0785
40.4678
39.8376
41.7331
51.3255
67.3416
69.5972
80.3718
74.5567
66.5986
47.6636
27.1385
12.9459
8.81795
8.53713
8.43487
7.29544
13.5014
57.102
37.023
29.2024
23.6691
22.947
23.7355
26.193
31.2867
37.8997
35.0749
32.9594
24.3895
18.0965
10.7848
7.12577
4.41575
3.15153
2.49091
2.17805
1.98927
1.88231
1.85607
1.85364
1.91119
2.02331
2.09628
2.29785
2.39417
2.93013
6.80656
12.1212
16.1192
15.9262
20.6414
27.8655
29.6356
28.8039
30.7581
32.6816
30.1343
23.164
19.8242
25.5611
42.6034
51.6072
52.7835
48.7031
47.2731
50.5317
55.8008
59.6424
61.3711
62.1955
61.9172
61.1081
58.4267
56.2788
53.7031
50.8025
47.2163
43.866
42.2188
43.9583
54.8594
76.6415
103.812
101.282
97.0829
87.9765
88.264
96.2507
104.631
113.664
110.826
103.484
105.655
127.381
134.597
113.661
122.228
136.175
143.586
142.372
117.602
111.21
104.55
97.5403
94.0489
72.8401
52.1386
48.7598
53.02
55.8364
55.8529
47.6937
37.1018
29.2335
27.2297
41.3471
76.0198
86.9056
76.6866
98.3753
123.18
141.176
142.829
135.763
135.62
208.549
252.67
209.865
200.659
200.742
202.219
200.782
197.373
193.89
192.57
193.743
194.891
195.54
191.587
185.724
177.403
167.806
157.84
148.921
140.959
134.378
128.734
125.165
123.058
121.576
122.844
125.072
128.681
130.741
125.652
121.69
126.349
163.181
168.223
120.803
117.23
110.697
106.033
97.5068
94.0136
94.7002
98.6825
99.4787
96.1959
86.2851
76.3557
67.6149
59.9534
57.0399
60.5534
78.0886
106.345
140.851
147.295
150.395
146.992
145.794
138.537
134.25
132.494
131.913
128.603
121.237
114.852
162.62
173.261
158.848
141.305
138.585
133.703
123.778
113.894
108.635
105.787
122.546
125.593
135.159
150.014
159.126
167.336
158.055
141.991
129.328
137.561
164.809
161.597
157.491
152.69
148.614
136.699
123.5
113.611
115.853
120.402
108.083
86.8838
97.0478
89.8413
86.3273
76.614
91.6544
103.506
109.054
106.505
100.163
91.4147
84.5843
83.803
75.3231
64.5286
55.1327
53.9159
61.5115
71.3698
82.3252
106.036
128.584
157.515
180.592
201.769
196.652
184.935
173.307
161.409
161.316
175.114
210.599
223.283
211.867
187.43
128.163
116.333
128.527
136.804
148.234
179.842
176.116
152.127
157.549
156.539
145.21
128.238
110.374
95.1633
90.151
88.9158
93.2024
97.5645
103.541
111.131
113.784
118.022
113.107
110.479
111.973
104.033
82.0595
56.6289
71.0181
96.5325
61.0318
92.5208
74.6595
73.1574
60.9792
65.2913
67.7966
84.7673
80.8441
92.2886
104.75
107.64
103.831
99.098
88.6614
81.3543
74.187
76.9289
88.4478
109.37
135.076
156.34
167.613
165.774
153.635
134.286
116.519
114.576
98.6742
56.4223
29.8898
41.5535
35.9679
55.6857
110.606
56.1691
34.652
37.8199
47.1755
57.4482
65.1886
68.0387
68.7889
70.9679
75.289
83.4689
99.133
107.556
110.067
112.662
116.044
117.701
102.47
90.2938
74.5125
63.6267
62.2973
73.0159
90.7184
116.73
164.1
245.269
263.73
253.717
169.48
153.216
146.481
87.1441
60.0482
49.8675
48.0801
52.7018
58.9848
60.7314
54.8233
52.1202
56.1387
69.769
84.3688
98.6454
104.416
107.095
103.542
100.88
95.7837
88.7108
82.1772
79.549
84.0173
94.4564
102.533
115.533
103.063
77.732
79.3252
94.4456
60.4377
94.5855
127.765
71.1001
40.8491
33.4763
29.333
25.6382
22.1963
19.7658
24.007
27.4311
35.1859
39.04
50.3417
47.7545
45.6009
42.1798
54.2958
68.395
89.522
88.0566
92.6995
77.833
62.826
36.826
18.6292
11.7432
12.0156
14.6439
15.0942
23.6532
31.6816
61.1608
213.917
48.2767
31.5979
27.0034
26.0826
25.8987
31.0346
37.9014
42.1534
43.1115
40.7112
30.3181
23.0444
16.8932
10.583
6.52485
4.03651
2.72801
2.19339
1.95088
1.82456
1.77346
1.76204
1.81856
1.92216
2.02899
2.27161
3.09913
4.71471
7.84051
3.77652
2.19719
12.6466
16.8225
17.8761
25.0736
30.913
31.5623
32.6564
35.7564
38.2435
35.3354
29.6027
28.119
35.0528
43.535
40.636
42.1172
49.083
51.9226
61.4923
73.4692
82.3994
85.9522
86.1719
81.7809
75.5019
69.5084
63.2999
59.5036
56.7249
56.6607
60.878
71.8887
93.297
121.957
123.68
117.895
101.571
107.912
99.3487
111.496
119.514
125.331
126.472
119.787
111.179
106.553
105.895
112.222
126.813
143.3
157.077
149.454
132.846
135.444
129.702
121.153
119.33
103.627
79.7463
63.6119
60.5021
62.5697
60.3088
51.3082
42.1733
36.0186
36.3301
52.764
83.2662
108.469
89.0608
96.3379
124.748
154.506
176.779
194.436
204.756
215.619
240.884
280.718
255.758
241.106
238.721
233.76
230.271
225.681
221.962
221.381
222.047
223.367
223.209
221.941
218.395
212.631
205.049
195.266
183.384
171.63
160.843
150.696
143.145
138.097
135.262
135.004
137.442
141.448
141.881
137.93
129.67
129.434
121.464
109.032
114.447
119.317
117.526
109.163
104.393
105.833
111.439
116.065
113.71
104.828
92.2591
78.4164
67.9145
63.3935
63.2346
72.5796
98.1646
142.129
160.584
165.664
167.098
162.742
161.102
154.921
151.715
150.097
145.704
134.642
116.462
105.94
117.775
149.131
164.755
147.017
141.511
132.604
121.764
104.57
83.618
84.5238
102.927
121.13
121.124
131.663
156.291
163.67
173.662
182.525
163.898
183.419
190.524
190.757
177.763
173.301
165.077
160.745
156.579
157.277
149.795
130.29
91.0836
67.4633
64.944
75.4828
88.3604
90.6395
102.038
106.63
110.278
104.364
97.6496
90.819
84.6828
80.8152
85.2094
80.7681
68.8147
53.7448
53.9685
61.0373
69.5203
86.7081
109.745
136.782
163.675
174.301
179.829
175.446
170.514
164.047
163.384
173.829
196.393
225.967
163.979
143.402
142.158
139.11
145.312
146.967
158.194
177.342
183.331
151.303
150.035
149.986
140.257
128.517
113.762
105.053
103.088
108.03
111.182
106.164
105.306
109.467
116.97
115.818
114.172
107.146
103.061
111.046
86.1174
60.6458
61.1856
73.1394
52.1711
54.9995
69.094
64.9369
70.3566
69.2603
76.5799
79.9921
78.7522
86.9216
101.386
102.147
101.376
94.6486
87.5156
78.6333
73.2041
73.5992
84.5703
104.622
127.987
149.36
160.9
159.998
147.757
129.91
111.596
105.949
97.1211
69.6918
54.8793
46.0233
60.8172
90.0223
102.706
58.3556
47.9168
52.6333
63.9548
76.4913
84.6289
85.0707
76.723
75.9545
77.2121
85.2443
91.0809
103.104
113.721
119.842
123.219
126.534
126.536
121.445
111.575
88.1105
88.4153
81.8807
85.9575
90.8308
104.801
125.541
167.379
184.859
168.581
149.637
116.616
68.5815
55.6793
50.2819
49.1575
55.0387
68.6521
81.4205
88.194
77.5063
77.1007
85.8886
97.1875
108.611
113.107
115.422
114.119
112.647
110.105
109.288
109.176
118.604
130.955
141.172
154.843
156.695
130.487
103.775
74.6316
64.6812
44.9446
71.6225
90.0497
55.1136
34.3571
30.9519
32.2591
39.4681
39.3179
36.1594
33.6045
42.4207
52.1527
68.8008
73.1134
80.3924
72.3717
74.5239
80.1449
87.5465
97.4957
101.999
95.0698
87.8215
68.7592
46.1308
21.8292
14.7073
17.808
24.4336
26.2648
25.2377
35.8239
72.5736
232.335
59.1775
37.0627
32.1516
28.9324
28.0053
33.0044
38.0742
44.33
42.2981
41.1067
33.6383
31.8447
23.6483
17.2098
11.366
6.30875
3.7672
2.58746
2.08822
1.86562
1.76326
1.73048
1.74596
1.81067
1.86385
1.91495
2.32316
3.5299
4.6769
1.84805
2.47949
13.1783
17.793
20.5438
29.1333
34.5879
32.8086
33.6872
37.6262
40.7079
40.2419
37.4878
37.9499
43.7681
49.9281
50.4035
49.1129
52.1826
62.0959
82.959
108.728
128.717
143.154
154.292
157.244
150.957
134.786
120.237
108.772
108.246
115.766
131.965
150.838
158.665
146.482
135.145
126.868
116.822
125.995
126.943
135.419
147.267
142.333
138.425
130.69
121.341
117.268
119.979
128.89
143.255
158.091
152.645
140.75
146.332
143.486
138.534
145.92
140.949
121.792
95.6299
79.7434
70.9848
65.9466
59.0986
53.7637
51.0245
67.1155
91.1217
124.487
129.252
124.939
98.7109
99.8684
113.409
129.319
143.082
154.101
164.987
177.307
193.879
224.699
264.255
263.234
261.41
257.629
254.529
249.892
246.784
241.385
235.836
229.395
224.183
219.137
215.899
212.543
209.009
203.871
197.5
188.459
179.914
172.207
165.865
159.75
157.234
156.857
157.476
158.09
154.314
145.003
138.99
136.797
119.894
120.662
129.306
129.318
124.567
111.62
110.101
114.759
125.563
128.329
124.133
112.605
101.472
90.4992
79.7989
74.2395
78.3898
97.4254
135.793
171.48
183.633
186.983
188.521
184.036
180.692
175.169
167.248
162.571
151.236
132.402
113.846
110.157
124.603
149.364
160.208
146.037
140.018
130.64
110.5
77.4477
58.8447
60.2034
76.4424
106.343
110.347
116.41
139.869
167.754
181.282
209.836
226.184
230.478
209.601
212.287
198.824
192.783
185.471
180.024
173.272
158.666
131.036
99.0918
81.5177
77.1215
81.4042
86.6561
96.1885
95.2739
104.728
109.787
104.459
102.507
95.2387
86.1846
78.763
77.8056
80.2025
82.3758
78.0126
61.1527
49.9127
52.1934
60.0217
70.4336
91.2825
112.826
132.957
150.701
158.841
162.046
155.044
164.006
171.645
173.803
182.986
189.496
146.016
152.057
149.801
145.348
143.029
148.793
158.396
172.66
175.403
150.113
140.387
139.864
135.924
129.375
121.571
120.887
120.81
123.729
125.149
125.893
118.904
121.507
119.359
117.408
116.622
111.816
104.955
110.407
110.198
81.9401
51.7822
58.6657
43.9887
50.5418
58.2705
65.1827
65.7449
77.7051
80.7179
80.9277
84.4293
79.6079
99.3262
100.876
98.3812
96.8866
91.8805
87.9916
85.8348
87.1247
95.7261
109.881
127.041
142.953
152.695
151.052
136.111
115.915
104.681
92.3791
82.8115
65.0583
59.1324
62.208
74.4764
91.0252
93.9927
67.0819
65.9556
72.2169
85.2153
99.811
109.96
108.858
97.6471
91.0443
85.7803
89.7333
99.9821
106.366
118.834
129.079
135.371
140.868
144.993
150.481
145.304
132.156
116.597
95.6542
87.0892
87.6529
89.3674
91.9813
98.3263
100.69
95.8253
94.792
74.1698
59.5373
58.4844
59.0864
60.091
61.6735
66.3408
83.6066
109.247
119.676
114.02
107.008
112.542
120.264
125.46
130.576
133.086
138.838
143.584
154.1
161.028
176.552
187.56
194.038
206.532
197.33
161.803
147.428
88.7114
76.3101
55.5166
48.3764
59.4812
45.6904
42.5756
38.1205
39.3307
42.4101
58.9268
69.1286
67.5266
65.6586
74.9817
84.9962
94.5492
98.7285
104.724
101.082
108.872
109.894
108.813
104.992
97.0891
84.8217
70.7135
48.1025
24.3178
16.3887
26.838
35.4471
35.8976
29.5799
48.9703
97.2312
223.812
67.5604
44.5904
37.8922
33.3719
29.9459
31.8482
34.6449
39.518
36.9231
36.662
39.7284
37.2326
33.1051
27.6355
18.1303
10.6867
5.78578
3.43864
2.43471
2.02482
1.84636
1.76163
1.74591
1.74283
1.78791
1.77088
1.86808
2.28595
2.64734
1.67582
2.21706
13.4554
18.4976
23.1773
32.8849
37.1836
34.6987
33.5251
36.3783
40.9819
43.822
44.6979
46.8092
52.5159
56.4564
55.6963
52.2933
55.0269
71.1467
102.843
131.45
152.231
171.416
179.622
185.077
187.373
188.341
187.518
185.908
184.569
181.707
178.157
172.282
165.728
158.382
145.835
136.976
126.969
135.527
136.369
144.59
155.111
149.393
143.068
136.466
129.609
127.794
130.957
138.369
147.62
145.479
134.951
142.719
146.692
149.18
156.413
157.591
150.606
131.989
109.094
89.1658
81.668
77.3245
84.7759
107.751
139.932
140.949
138.986
140.246
140.724
138.764
114.756
104.969
104.739
106.106
113.725
122.927
133.57
148.578
164.898
182.922
214.021
262.461
264.315
266.578
266.138
263.759
256.272
243.516
228.749
216.847
210.469
207.578
206.681
206.275
204.573
202.888
200.066
195.734
189.595
184.024
179.335
176.952
173.634
171.233
168.221
164.252
157.786
149.791
141.995
136.212
132.23
138.399
138.355
136.825
129.528
112.793
107.866
114.73
129.663
133.627
129.143
120.475
114.297
107.728
102.147
100.425
110.394
147.458
184.49
198.961
208.669
211.551
212.657
206.869
200.074
191.326
180.149
168.859
153.821
130.355
113.527
111.774
125.827
143.877
148.361
135.923
130.476
115.597
84.6515
52.6114
40.5989
43.9807
55.6088
85.7278
97.9297
102.722
120.469
155.691
183.473
217.112
237.463
242.962
224.395
226.128
211.353
200.201
184.71
167.277
145.713
122.906
103.255
90.173
85.0004
87.1502
93.0315
100.489
107.429
109.243
107.006
104.826
102.275
93.7588
87.3474
80.4434
74.2375
68.7177
72.8353
78.3664
75.3147
66.9219
52.9464
44.8973
51.5793
58.8875
70.2934
87.3865
103.808
116.714
127.017
140.918
151.071
170.239
177.266
171.973
171.719
158.104
157.825
151.293
140.673
135.565
136.698
144.819
155.507
160.217
155.815
149.765
131.265
128.624
127.916
126.406
126.249
130.045
130.082
132.159
131.451
132.408
130.624
122.675
113.851
106.615
103.565
99.3609
96.58
97.8158
114.555
98.6142
83.9768
60.5309
64.5319
63.7213
69.2861
68.0053
75.5018
81.0948
82.4985
82.4861
82.7714
84.2995
85.8118
97.2155
98.3571
99.4027
99.4218
101.492
102.367
105.975
111.849
119.934
129.601
138.524
142.998
140.091
124.566
103.472
93.4177
81.3224
71.0316
61.2694
55.4079
58.3858
64.4758
76.7228
77.3076
63.1445
68.9909
79.6125
96.327
114.071
128.591
136.833
131.857
116.587
113.171
103.423
107.204
121.031
129.962
142.51
150.696
160.058
167.283
176.645
184.827
177.405
137.919
106.888
97.9844
88.6777
82.5479
77.926
79.59
87.6666
88.0968
73.9342
64.8766
65.0964
70.2872
71.6674
73.0101
75.7105
78.8173
83.7142
95.1115
120.286
141.02
138.437
133.319
136.293
139.883
150.619
154.444
168.724
174.05
191.764
198.786
217.06
227.092
230.981
239.608
231.996
237.755
211.303
114.063
95.5123
72.5558
66.24
54.0126
55.9542
50.2232
50.5706
49.0415
49.2482
55.4896
76.5216
93.1854
98.8382
97.8508
103.604
108.02
116.427
123.409
138.664
139.172
130.566
117.005
101.652
87.9011
76.4882
64.3304
44.1076
20.692
18.4749
31.2699
45.9837
51.6581
52.208
71.1214
118.253
201.269
69.2254
49.1516
43.0138
37.1911
33.2925
30.8255
33.7656
35.7226
40.4104
41.9033
48.2485
46.868
46.1056
38.5959
27.6693
16.0037
8.44642
4.52844
2.86838
2.23912
1.9787
1.86517
1.79129
1.75415
1.73271
1.7221
1.68715
1.75097
1.87506
1.5155
1.98444
13.5897
18.4377
23.5593
34.7561
39.5435
36.3219
34.0382
34.7024
38.9779
42.8078
46.1632
48.5967
53.6574
55.9659
55.6561
51.4865
51.4496
65.4235
94.5204
123.892
143.287
158.288
170.174
181.568
188.882
192.403
193.73
192.844
190.509
186.122
182.121
175.687
168.913
163.571
155.279
142.377
132.372
135.679
133.511
139.615
149.956
146.323
138.995
134.702
130.47
129.331
131.195
134.859
139.044
119.996
120.927
126.02
137.487
155.161
163.421
162.085
154.088
140.361
125.433
120.824
127.402
157.605
178.252
164.453
151.748
143.12
142.067
146.111
148.647
148.694
127.907
112.192
95.9619
87.8209
86.9306
93.3208
103.43
116.426
129.458
147.957
179.08
239.347
252.145
253.813
257.082
253.653
245.946
231.803
219.818
209.93
207.221
204.967
204.777
203.542
203.723
202.681
201.757
199.667
196.984
193.056
189.282
184.55
180.114
174.752
170.051
164.418
157.938
151.297
145.363
143.104
140.735
140.243
133.848
126.453
119.973
98.6874
95.4261
101.1
117.983
127.039
129.707
129.705
131.576
134.782
139.33
151.471
178.65
213.463
222.69
232.189
238.193
237.84
234.156
224.533
213.929
202.201
186.352
173.069
150.054
127.937
112.669
112.225
121.923
131.704
126.702
115.709
107.202
91.1369
62.3874
38.3132
30.9693
38.5589
47.4112
59.8765
80.5362
88.1899
104.884
134.523
170.49
202.289
220.496
226.912
213.101
206.384
185.129
168.009
150.996
136.3
121.686
110.137
101.859
97.709
98.6177
102.001
105.107
108.81
111.785
111.646
113.999
100.373
94.5014
87.1208
81.5753
75.6821
70.9761
65.3783
67.2504
70.3144
69.4286
62.3973
57.8809
43.7435
43.6663
51.7578
57.915
67.3234
80.1045
91.2374
103.499
117.741
143.353
156.403
172.288
189.63
178.409
165.002
154.198
141.293
135.22
134.545
140.386
148.056
156.748
159.506
152.344
140.092
131.384
118.92
118.338
117.701
123.009
126.897
128.96
135.072
138.931
138.425
128.888
116.031
103.102
97.1518
93.2751
88.8399
84.3428
84.0669
87.6675
105.479
100.612
98.0566
79.5954
86.4817
75.2035
76.1864
79.216
78.7362
79.3679
74.8827
84.0012
75.111
90.2664
96.8932
98.8609
103.344
108.242
112.381
118.145
122.356
127.494
130.62
133.896
134.967
133.345
127.009
112.931
94.4221
80.7157
73.0917
57.1081
50.4334
50.0758
51.7749
54.7396
59.2901
60.0741
58.016
63.6261
72.5124
87.0627
104.286
122.648
137.955
147.195
150.907
144.27
139.004
135.926
137.204
146.785
156.898
167.647
176.481
189.351
199.025
212.494
214.341
143.22
119.874
102.674
93.3761
82.3698
75.1814
74.1859
83.5779
96.4323
93.8974
85.2343
80.6892
79.9962
79.5652
81.0498
83.7325
87.7021
90.7461
95.0623
102.995
121.701
145.51
155.544
159.007
162.613
170.417
176.893
192.755
200.316
219.102
225.581
242.179
251.361
256.747
256.43
256.401
254.179
243.634
151.785
115.741
91.5179
73.5757
71.1981
61.2074
62.2026
56.9034
57.5912
56.5015
59.5409
64.3053
77.3695
94.2978
107.702
113.252
125.275
134.65
150.925
151.513
155.326
135.371
110.259
91.4691
77.4002
67.2871
56.0129
36.037
16.6538
18.0418
33.6716
48.6754
64.4828
72.3294
85.6365
122.249
152.631
61.1596
48.4964
43.1913
38.6509
36.642
39.7197
41.6269
48.5354
50.7086
55.7903
63.8618
59.2016
59.5178
50.1389
35.161
20.5188
10.3374
5.23046
3.13585
2.38167
2.09171
1.92661
1.86566
1.76325
1.74896
1.68455
1.63211
1.57829
1.55015
1.41658
1.85005
13.1492
18.2806
22.1055
31.6245
41.5514
40.7038
36.3534
34.8809
38.2268
42.4615
43.76
43.2924
43.5367
47.2823
49.6066
48.6688
44.576
47.7148
62.9359
87.2374
109.346
137.319
149.786
163.386
175.132
182.563
186.766
187.35
186.832
183.253
179.942
174.609
170.721
165.851
160.806
149.455
136.824
137.344
133.005
135.845
138.839
136.056
129.292
126.329
122.259
120.741
119.71
120.222
110.707
105.244
91.078
94.5546
115.073
141.042
154.782
167.496
177.436
183.758
200.477
226.764
211.404
194.873
176.696
161.833
154.822
147.689
147.899
147.355
148.878
149.91
142.456
113.935
93.0564
77.2475
68.6296
66.9589
73.9322
84.1532
96.3592
111.767
138.579
183.572
234.421
242.106
240.224
238.569
231.868
223.686
216.21
209.428
206.365
201.979
199.786
198.783
197.639
196.575
194.841
192.616
188.499
185.951
181.267
177.259
171.579
166.733
160.668
154.613
148.185
141.627
136.36
130.999
125.826
118.635
110.716
102.138
97.0561
93.5695
80.575
81.5791
94.0993
109.625
124.038
137.396
152.651
173.726
197.194
224.149
248.764
252.798
257.36
261.524
262.533
257.986
253.052
237.492
226.71
207.479
190.467
168.263
145.584
124.888
113.661
110.156
114.931
121.098
113.668
97.7826
87.753
71.6589
51.5273
38.5229
36.1669
43.266
50.198
50.4448
60.9346
74.6515
90.134
118.172
145.032
173.182
185.744
188.645
179.27
173.596
157.731
150.883
140.522
133.535
125.422
120.458
117.582
117.305
118.142
119.453
119.118
117.489
113.336
110.348
105.168
99.7459
82.3903
77.8088
74.0223
75.5943
74.69
74.3892
75.76
72.2178
70.3258
61.9376
58.9121
48.6146
39.3074
43.6869
50.385
55.487
60.9465
69.6688
80.9015
99.1352
116.534
147.103
173.463
180.666
186.88
172.041
166.301
154.067
156.399
155.376
162.054
164.058
167.591
168.762
163.762
160.71
144.862
129.897
123.93
120.329
126.834
133.698
141.188
145.979
140.9
132.756
118.86
105.895
96.2823
89.5569
84.0836
78.6739
75.7528
74.3933
75.0242
77.1209
82.1671
98.4587
69.2842
77.2825
70.674
70.6121
67.2431
68.1803
65.3404
68.8158
66.6803
78.1159
83.9571
97.2341
100.841
107.991
113.916
121.902
130.113
134.514
139.257
138.938
137.265
132.013
123.952
113.596
101.801
89.7329
74.0284
61.825
48.982
40.8202
38.3888
40.1289
45.118
47.7309
51.3781
52.613
58.4246
64.8099
73.8565
84.6909
98.1128
112.784
128.168
143.216
155.374
164.761
168.072
169.264
171.51
176.363
184.594
194.414
206.479
212.469
231.835
230.584
161.626
126.866
109.824
94.445
80.1811
72.126
74.1583
89.6134
109.04
105.697
93.9736
84.0803
80.5553
79.3987
82.801
85.2647
90.1696
93.0211
97.0834
99.6746
106.671
118.872
138.433
156.675
175.057
187.483
198.287
214.023
222.025
240.558
246.403
262.885
266.969
276.876
276.087
268.252
266.109
244.94
170.756
145.179
93.875
85.2708
73.5644
69.2399
65.8984
62.5303
62.3484
60.6674
61.8198
63.3627
67.3882
74.4197
83.8765
97.2766
108.158
125.273
134.621
146.989
136.816
113.936
92.9092
77.6999
67.2559
58.4148
46.5275
25.4176
13.1508
17.0865
28.3618
47.8818
67.2188
80.1287
90.2452
107.987
98.9085
48.4016
41.0108
38.8982
39.7954
45.8717
53.941
65.3456
71.6335
83.3502
83.6252
76.9313
74.3243
70.1405
57.3621
38.807
20.9483
9.54086
4.40625
2.81476
2.26589
2.04036
1.89865
1.83008
1.76439
1.75557
1.66774
1.63831
1.53529
1.44699
1.35658
1.75037
11.9569
18.5685
21.7908
25.9445
36.0863
42.4335
45.0022
42.9692
43.8631
47.0152
48.2691
44.6941
38.8682
35.9054
38.3409
42.6794
42.247
38.0089
37.3518
44.2902
55.0463
70.0767
90.6914
122.432
142.75
152.786
161.742
168.403
171.417
171.503
170.246
166.834
163.808
161.144
158.027
155.778
138.763
143.724
134.021
136.429
127.922
124.264
116.669
112.565
107.01
103.411
100.04
96.0237
86.2355
83.0874
65.3907
63.4527
78.3951
104.105
134.228
156.592
174.298
200.334
232.406
220.731
205.981
191.588
178.514
166.94
159.987
150.097
148.057
141.531
141.538
137.893
129.648
109.061
91.5841
76.0118
60.7998
53.0846
52.3986
58.2346
67.6372
79.6525
92.5676
120.6
157.656
213.924
225.321
225.618
224.981
217.394
214.101
206.547
203.775
195.383
193.043
186.082
182.418
177.887
173.994
169.738
165.14
159.856
154.139
148.791
142.75
136.282
129.493
122.122
114.551
106.642
100.014
92.8503
89.6018
84.869
83.575
82.7509
82.9524
85.897
74.678
64.5626
69.6854
88.8376
107.69
135.465
164.637
205.281
250.161
280.995
283.556
284.817
284.272
282.355
277.817
268.858
260.317
241.312
227.557
202.412
182.872
158.13
140.044
123.984
115.598
108.334
106.705
106.924
94.3775
83.2297
75.093
68.4255
62.4395
59.9499
59.3888
61.5211
60.1179
53.3038
54.6716
67.4655
76.7478
98.8332
120.871
156.941
165.625
170.888
164.407
165.984
156.552
155.624
150.709
147.778
143.715
141.235
138.598
136.88
134.598
131.09
124.532
116.299
107.416
98.8126
93.4739
89.5707
76.5043
75.744
77.3252
83.699
91.9937
95.2385
95.0851
83.7122
74.5122
65.0611
62.1746
52.8749
43.0842
37.9701
42.5142
45.4814
49.9247
54.1393
62.7846
75.2464
94.5764
115.325
131.975
152.31
157.575
165.431
166.489
166.329
174.8
170.161
179.112
173.135
162.978
153.844
146.32
136.866
130.741
125.374
121.005
122.923
125.906
130.609
132.563
130.155
123.786
117.008
109.796
103.447
96.4496
90.9998
84.4596
77.6933
71.4495
67.0432
66.5223
65.2598
66.3977
67.6079
52.311
46.6032
50.4103
47.3725
51.3036
52.8447
55.8316
57.1767
65.9209
69.215
85.874
98.4738
105.048
111.746
121.04
128.67
138.682
142.446
147.498
145.106
139.101
128.89
115.762
101.379
91.8162
87.4679
73.8752
54.3942
40.669
36.1789
34.8382
34.9038
36.7034
39.2346
41.3855
45.1833
49.8072
56.0748
62.3844
69.7604
77.7173
86.2687
96.3069
108.261
123.771
141.272
159.261
174.328
187.443
198.858
207.584
218.193
228.55
232.481
251.754
243.058
163.873
127.004
107.151
87.0625
74.4563
69.2209
78.0502
103.568
116.801
108.286
94.9427
82.5357
79.1349
80.5962
84.7414
86.3267
89.8601
91.1639
94.8167
97.0038
102.491
108.413
119.194
131.652
148.727
167.067
183.835
203.991
216.35
235.758
244.077
257.263
264.099
275.452
265.732
256.82
244.394
230.187
184.282
161.352
95.3491
81.9779
74.5559
69.0266
69.4684
67.1512
65.0024
60.6153
60.6771
61.9361
64.6692
67.0469
71.0676
76.4231
83.6656
91.7718
99.9805
105.729
103.01
89.3575
77.7554
66.7899
58.6277
49.8513
35.7605
15.5892
11.7921
15.4526
23.1872
34.8834
45.5644
55.5801
61.9986
61.9397
51.3554
32.5474
31.0658
34.0972
43.1073
57.6902
72.2586
88.4933
94.7558
101.639
105.014
100.925
87.1388
76.2007
55.825
34.0038
15.2451
5.14152
2.8605
2.30811
2.03219
1.87535
1.77243
1.77812
1.72937
1.76934
1.66264
1.6446
1.51514
1.43585
1.31876
1.68722
6.80024
16.5735
23.0415
28.5011
35.8715
43.6542
53.6858
59.4413
65.1427
67.9322
69.0052
69.0551
62.8897
57.3503
46.8349
40.2518
42.2575
40.7415
27.567
25.5769
28.9594
34.1684
39.1007
43.2026
47.6094
53.0995
66.4879
92.914
118.357
123.789
130.391
132.315
134.817
133.802
133.539
131.46
125.044
126.136
121.401
120.45
115.067
115.06
110.748
108.403
104.782
101.527
100.287
93.7313
97.6542
77.7731
75.0752
71.0935
65.8905
72.2135
79.4947
89.7228
104.159
125.525
163.234
175.017
177.725
178.844
174.742
171.556
168.523
163.19
157.066
153.385
146.874
146.893
135.942
122.735
114.005
95.4235
77.805
63.7219
57.9366
56.5003
60.752
65.6897
70.0779
73.4186
73.1361
73.1182
80.2664
92.1226
103.545
113.255
127.472
134.326
143.529
147.224
154.707
157.803
162.595
165.042
166.202
165.842
163.938
162.489
159.384
157.889
154.032
151.467
147.387
141.803
136.397
128.666
122.838
115.82
109.892
105.675
99.7963
97.6307
93.4662
94.5315
86.0962
69.0328
64.5857
67.0125
61.1747
68.1028
90.5683
124.057
168.337
214.21
226.112
229.258
229.774
226.386
222.675
214.535
213.323
200.655
201.099
185.966
186.022
173.766
172.523
165.286
140.813
137.865
126.439
114.509
105.366
94.8603
86.5381
80.2575
76.0109
72.62
68.4316
64.6319
57.7164
52.6316
64.4186
83.1875
89.8366
89.6175
94.9596
121.828
129.204
135.515
135.934
139.44
137.558
141.244
139.432
139.357
138.17
136.923
136.127
135.277
134.499
133.329
131.279
128.604
127.785
123.322
123.783
124.069
110.147
110.558
107.137
117.264
114.035
118.1
107.074
90.701
81.3708
72.2629
77.966
74.1234
62.4307
52.2494
49.1439
48.8215
50.6219
52.679
53.7892
59.054
69.318
75.9944
91.3078
89.2127
100.714
98.7594
116.502
116.944
141.005
143.103
143.331
142.633
140.388
137.314
135.417
132.465
131.589
129.958
129.957
125.58
124.716
125.876
122.606
127.189
126.683
129.877
130.073
130.998
129.911
128.964
124.043
116.197
101.751
79.7976
65.4222
63.0432
68.862
72.3935
63.9495
48.1332
49.0235
47.1774
46.4592
52.7
55.3701
67.1965
70.5254
90.9255
93.9987
119.615
127.349
133.926
139.721
142.965
149.763
149.468
153.54
150.733
147.18
139.939
128.453
104.457
69.3773
37.0314
22.0847
20.2546
22.1579
24.3914
27.7015
29.1045
33.5714
36.5642
40.5186
46.8894
52.4833
60.9042
69.1444
77.8376
87.1775
95.7392
104.331
112.821
121.095
129.51
137.864
146.797
155.523
162.945
171.538
178.668
184.917
185.209
183.841
194.386
132.666
110.605
100.33
87.258
80.0251
78.2678
83.6742
89.7748
66.223
51.3071
56.4398
70.0545
84.2917
97.0599
110.691
119.502
130.728
136.619
145.874
150.378
157.723
161.919
168.365
171.624
178.121
180.354
184.424
191.003
186.432
194.862
185.541
190.013
183.948
180.533
172.47
158.907
143.732
119.738
82.165
88.6646
39.1184
39.8836
35.455
39.9501
37.2428
36.1716
39.7178
47.3409
53.3177
59.785
65.1965
70.4907
73.9634
78.944
82.3977
87.7971
87.0111
90.4684
91.2126
75.2143
63.5385
48.7676
35.4696
22.7497
10.6166
7.40323
7.13235
8.18746
9.70352
12.1885
16.1619
21.8694
28.6162
31.5703
31.4701
28.1499
30.3474
34.0439
40.147
46.7938
54.9758
55.8929
56.7297
57.4437
57.2992
37.4678
28.3432
19.752
12.2708
5.83056
3.74394
3.13874
2.98178
2.71407
2.462
2.38174
2.34975
2.43403
2.32269
2.47768
2.20747
2.19696
2.04241
1.89066
1.6954
1.53983
2.02698
3.64809
4.32731
4.93534
5.15054
5.26613
5.38352
5.58001
5.88789
6.12506
6.77932
9.90219
10.0839
6.98755
27.3316
38.4816
41.2071
43.3585
41.0702
42.2105
39.3332
40.4391
38.5613
38.8432
40.1139
42.9834
45.362
48.1707
49.1159
49.9125
46.9411
44.6871
42.443
37.5849
31.9423
32.0357
31.8719
35.2781
50.5798
58.5947
46.2492
29.3221
18.193
9.51204
39.9172
51.5187
63.0294
77.0432
91.243
104.621
115.442
119.466
120.681
119.858
117.902
112.742
106.187
78.3961
62.0158
61.2629
45.0822
31.2857
22.924
19.6455
18.6057
17.9374
17.6228
17.481
17.3511
18.7292
19.6344
19.4789
18.2255
11.6606
47.5997
60.5101
70.0449
79.7813
90.9966
101.763
113.039
123.449
133.314
142.787
150.034
155.882
162.377
158.946
161.765
156.31
154.734
142.315
149.029
135.09
141.211
138.365
130.321
116.133
93.603
64.8098
51.3841
47.1143
38.676
22.9874
50.3454
65.7655
74.9807
82.8158
90.8462
99.0849
107.499
116.294
124.011
133.968
143.712
150.984
161.109
150.787
146.479
128.681
112.02
107.995
97.9875
89.9114
82.5949
78.4754
71.3444
65.0413
52.0227
43.0783
37.1
32.9454
27.0972
17.4565
35.4421
52.6212
58.9694
67.7934
76.1182
86.4434
97.9247
104.522
110.567
115.689
119.096
122.603
126.276
132.557
128.182
125.238
123.921
126.27
124.536
116.67
115.048
98.1696
85.1271
72.1167
66.2212
69.1755
63.0801
47.7732
35.5608
22.3157
33.118
49.7357
60.3807
67.0157
68.908
68.0856
71.94
93.3106
113.301
116.605
99.3732
84.6301
66.2236
60.6865
62.7513
66.5985
73.7606
83.7814
96.8894
108.178
107.603
106.927
101.045
97.54
90.923
90.8007
83.4981
69.7591
45.5884
23.3741
15.6695
34.4866
44.632
44.1003
38.0203
33.9317
31.435
21.3674
13.5701
13.4036
20.5062
32.7058
48.0319
65.2218
79.3741
101.903
115.603
121.319
126.104
121.45
114.741
103.991
88.9816
75.4343
56.7994
42.4046
28.6334
17.6194
12.1227
7.06636
3.24152
4.49234
5.03447
6.03314
7.8164
10.8767
16.2439
21.6492
29.8715
33.6087
41.5437
45.8416
44.6403
44.8535
54.2825
50.7669
71.3637
61.4379
60.9275
52.2886
45.4872
36.5857
28.9126
20.2336
14.3598
10.3099
8.24137
6.87719
5.16111
3.28342
3.26457
4.11237
4.66625
4.7074
5.01969
5.76171
7.23084
9.23311
11.9832
14.4512
15.5005
14.7786
13.5587
11.8298
10.6896
10.517
9.58244
8.81211
8.64705
9.37006
10.5732
11.2355
14.0034
16.5446
19.599
21.8922
21.2374
15.2371
7.66058
2.95379
4.33852
4.28694
4.08611
3.7008
3.88737
4.43795
5.89894
8.20447
10.398
10.2338
14.9173
12.8504
18.1789
12.3883
13.0281
9.82791
9.22518
8.55509
8.13314
8.1171
8.1551
7.5734
8.62418
7.85109
7.92886
7.14026
6.68655
5.61824
4.50383
3.24033
4.47729
5.06783
5.4928
5.12092
5.13349
5.70447
6.91028
7.45031
8.42101
8.55916
8.68286
8.191
7.82788
7.44833
8.11565
8.7362
10.5706
10.0418
10.1073
9.15648
7.53381
6.53937
5.50464
4.94777
4.51247
4.06755
3.54864
3.27583
2.84767
2.36717
4.2779
4.43483
4.12869
4.14942
4.91035
7.14865
8.30043
11.4928
12.2758
15.6355
13.3
9.98713
10.9709
7.60566
7.62491
6.14297
5.72485
5.28824
4.8684
4.86173
4.53303
4.35056
4.10149
4.01981
3.89716
4.14206
3.937
4.1806
3.41055
3.01445
2.60369
4.745
5.88512
7.01788
7.52071
7.64026
7.60649
7.57689
7.64273
8.38737
9.97986
12.2036
15.5307
14.466
42.751
34.5155
34.4673
35.6659
36.5807
38.3601
39.3904
40.0195
38.4829
36.9
34.9625
34.0678
35.0857
38.1613
43.0665
47.7629
50.4148
49.4737
49.5373
47.5704
41.6869
37.9058
37.0118
37.9859
50.6358
77.653
65.693
46.9664
29.565
21.4693
56.9159
62.1694
80.3263
101.791
122.884
142.047
158.482
172.114
183.702
190.854
200.444
195.552
191.591
145.561
127.821
119.123
90.9604
64.388
38.8053
25.818
20.3321
18.2439
17.3373
17.026
17.5264
19.5383
23.5535
26.8088
24.5567
20.5672
60.4012
61.6296
73.4461
90.2057
108.573
127.606
146.956
166.106
184.921
202.232
218.655
232.296
245.088
253.582
257.861
253.388
243.631
226.762
202.847
196.047
177.053
165.104
147.589
132.107
117.053
94.9121
69.0095
53.1292
44.3932
39.1347
64.6745
64.6372
73.622
85.5639
99.4254
114.069
128.698
143.506
157.82
173.205
184.007
198.334
185.421
169.908
165.021
157.635
163.341
152.56
162.216
161.53
161.762
159.319
147.294
120.475
96.4823
71.2365
56.9706
47.3669
39.7753
35.0974
61.2445
66.2971
76.5791
81.3406
84.8088
87.9236
89.7219
90.8902
91.9573
95.5148
101.418
111.251
123.561
130.445
135.194
141.986
151.464
159.059
162.555
158.234
145.322
129.695
110.846
94.616
86.3357
85.0193
86.2753
80.1053
73.6872
64.2485
45.6402
50.7332
59.5783
66.4442
65.1205
67.8995
79.4811
106.218
114.722
106.085
88.6164
70.7505
58.4154
57.3421
56.9971
61.7823
68.5928
77.6603
90.3445
98.7387
101.461
102.359
101.761
101.608
100.446
105.703
112.093
103.462
69.3621
47.1391
31.8907
48.6509
63.6274
68.5708
72.3352
78.0297
76.0217
63.1829
60.5927
76.901
97.1416
113.587
123.91
130.478
133.063
136.491
135.534
133.811
109.428
110.354
97.531
102.609
89.8023
80.1094
69.1929
63.5162
54.0589
38.4771
24.2994
20.0698
4.88343
4.15413
6.19832
11.2527
23.2602
40.6793
61.2837
78.0794
94.7884
114.967
123.92
126.779
130.473
132.704
131.76
125.202
114.293
99.3599
85.0905
71.0702
58.4905
45.3465
32.0706
19.1682
9.92114
5.525
4.34018
4.02825
3.97038
4.55717
5.10308
3.87671
4.93309
6.16958
7.89913
9.9682
13.1372
17.1438
21.6646
26.6201
29.6092
31.0113
30.9264
31.2631
31.8283
34.1247
28.0837
21.4161
17.7773
14.7349
13.1275
14.0485
17.2771
22.2213
28.5969
34.6341
34.9913
23.9919
9.38009
8.45182
6.10608
3.57966
4.28286
5.11361
6.32183
8.06671
10.4702
12.7977
15.4107
19.1221
21.9222
28.82
34.0787
33.7748
32.2074
30.2888
28.1575
25.6956
23.33
20.7487
18.7571
16.3425
14.1021
11.9847
9.67879
7.98293
6.37007
4.97594
4.01076
5.00748
6.84368
4.401
5.83835
6.71958
8.14281
10.4657
12.9892
14.9592
16.9479
18.0101
18.4202
19.0643
17.6579
15.6097
12.6304
11.0611
9.93723
8.57292
7.76981
6.64972
5.19491
4.18241
3.33131
2.82194
2.49607
2.42398
2.32974
2.24361
2.13814
3.22803
9.25341
5.35197
6.47949
7.39418
8.81776
9.31106
11.8143
13.6632
14.787
16.9973
13.2953
11.2942
8.80919
6.95306
5.9845
4.66945
3.98803
3.41357
3.07852
2.7651
2.61753
2.43215
2.33055
2.25761
2.23245
2.24285
2.25066
2.29145
2.11965
3.27251
4.05797
9.3379
11.6843
13.4184
13.5574
12.4072
10.9775
9.93348
9.03716
8.51843
8.83628
11.3784
16.5025
25.5393
44.4535
40.4616
39.1261
39.7089
41.2012
44.0439
45.3318
44.8876
41.781
37.076
32.2925
28.9059
27.3989
28.0255
31.6986
38.7368
45.2217
48.3831
48.3684
47.933
43.187
35.8261
33.9957
35.9736
44.151
72.767
67.8952
49.9129
33.3816
24.4075
65.5619
83.5412
105.776
126.002
143.174
157.973
170.789
181.812
189.962
197.028
205.724
197.85
172.825
140.551
136.901
120.831
102.495
75.4578
47.9649
29.8333
22.2736
19.343
17.8529
16.8877
16.7035
18.5045
24.1615
29.0061
28.7978
24.0228
65.9194
69.1384
81.4534
95.9271
111.546
127.614
143.46
158.977
174.072
189.057
203.616
217.36
228.351
238.328
244.498
246.192
236.962
208.019
207.194
191.075
184.783
170.853
155.935
142.715
131.698
116.64
92.8857
68.7295
52.9888
51.8548
71.0078
72.8259
78.1045
85.2867
94.2724
104.172
115.257
127.268
139.329
152.751
166.736
154.33
139.3
133.331
131.365
133.06
137.257
151.201
151.605
167.21
175.044
173.842
163.497
138.408
107.686
85.7935
65.8286
53.9671
47.9481
46.335
79.7314
75.1385
83.2417
88.9696
95.145
98.7189
100.064
100.651
104.41
111.452
121.462
132.496
132.746
127.822
125.636
125.94
128.39
131.84
132.027
132.119
125.636
110.547
98.3058
91.1726
85.9399
89.3879
93.131
86.9868
75.6868
81.673
56.2189
54.8633
61.5696
69.652
70.3761
77.3142
95.8285
113.222
102.975
91.4853
81.6637
71.1844
63.2671
65.1722
71.1228
79.1677
93.7387
110.067
118.59
121.427
116.416
105.622
98.0335
95.3042
93.8667
97.181
107.443
115.728
96.0831
68.5441
47.3992
62.6325
80.4327
86.6863
94.6536
102.341
86.4304
70.8463
75.2876
95.5317
114.662
131.381
140.422
149.389
150.081
153.011
150.166
124.768
110.165
103.484
97.6278
106.192
111.816
95.8516
75.0019
64.5596
59.351
48.6534
35.1454
30.0796
7.00803
6.17314
9.21187
15.8701
28.8186
47.1226
65.3769
90.6464
88.5135
95.1855
119.889
137.247
146.636
153.49
154.835
151.308
141.749
132.425
121.13
111.086
99.3182
85.0129
66.1488
43.8957
22.8226
8.92992
4.86679
3.78346
4.27841
6.14966
5.64203
4.22555
4.94245
6.03528
7.77652
10.5398
14.4946
19.1076
24.3274
29.2141
33.0411
36.0209
37.3188
37.4624
38.2486
39.6397
31.0963
26.2547
21.6132
21.5714
24.3438
29.9379
38.5626
50.715
67.7082
86.5039
91.9382
64.5868
23.116
15.8684
6.70849
3.7809
4.41424
5.11025
6.40686
8.12532
10.193
12.1514
14.4782
16.9236
23.2351
26.8649
36.4027
39.3266
36.3646
34.857
29.8984
27.0789
23.3159
21.0059
18.2153
15.7258
13.2897
10.7911
9.21056
7.63924
6.83365
5.82655
5.25362
6.11105
7.39257
4.66208
5.46779
6.00409
7.01011
8.93113
11.6799
15.083
19.1558
20.9723
20.9906
20.8964
21.038
19.7383
18.7371
16.9192
15.49
13.9434
12.5643
10.9237
8.34654
6.20815
4.1177
3.00214
2.4492
2.17578
2.14736
2.1566
2.3251
3.79868
11.5186
6.53414
7.63121
8.97934
10.1193
11.0508
13.1857
16.2581
17.2861
22.261
16.2351
13.5141
9.34197
7.02524
5.45181
4.18954
3.45297
2.9923
2.55719
2.34305
2.19612
2.05184
1.94674
1.89816
1.86874
1.90709
1.92636
2.18267
2.22905
3.96558
6.2728
15.2321
17.57
18.1594
17.9563
16.8596
14.0178
11.698
10.4972
9.68253
9.28545
10.2634
16.2484
37.8722
34.9916
35.9568
38.9466
43.0379
47.7551
52.3253
53.4591
50.5192
44.782
37.4097
30.666
25.6368
23.6932
23.4503
26.4049
33.1341
41.5693
46.7706
47.9168
46.3033
41.7643
33.3394
30.2144
34.8581
43.491
72.9937
70.1057
54.7589
40.3049
31.3063
75.8958
107.766
124.542
136.104
145.208
153.562
162.361
169.36
177.693
185.947
188.284
173.761
150.549
134.823
130.647
116.62
102.981
78.75
50.0423
32.8348
25.0046
21.7396
19.4419
18.1775
18.596
22.0244
29.2431
35.4958
34.0334
28.0605
69.1116
76.2109
90.893
103.283
112.863
121.067
127.978
135.571
143.784
153.174
163.071
173.298
183.426
191.624
200.595
205.582
185.966
188.923
181.507
180.152
173.407
165.145
157.669
147.479
140.379
131.741
112.479
85.591
63.0578
61.8891
74.3286
79.9156
84.256
88.689
93.447
99.3958
106.454
114.931
125.097
122.163
113.848
108.725
104.227
100.97
100.614
103.959
112.109
124.315
148.231
155.95
174.903
173.016
164.04
146.288
114.853
88.1103
74.7299
63.8498
60.9288
63.0782
98.5358
83.1002
91.5127
93.2111
106.924
109.681
109.751
111.768
116.658
127.171
140.754
143.288
139.286
127.412
118.38
107.998
105.032
100.886
98.375
97.3569
92.2252
91.7579
86.8369
83.3841
87.3121
92.7548
95.801
92.1272
81.4602
85.7137
67.1721
61.2263
66.9862
73.247
79.7486
90.9607
109.627
111.165
99.7041
86.6096
83.8194
66.1455
65.5212
74.8501
83.3219
99.2332
117.264
129.242
135.172
137.746
124.794
106.535
94.4442
90.9088
90.9309
94.2425
107.74
122.992
117.983
85.6133
60.6452
71.5821
86.6919
97.9954
111.725
119.665
97.6852
86.674
95.0221
112.478
129.261
141.289
150.051
154.663
155.729
157.366
146.563
125.964
111.041
105.64
101.645
115.527
115.616
108.973
88.6602
69.1956
65.4913
60.6448
51.4805
39.551
9.57216
9.43723
13.8809
23.4462
36.5896
61.6185
78.8659
86.7442
87.5025
107.282
126.402
150.935
159.895
164.834
167.778
163.027
158.886
152.117
148.897
143.537
135.986
122.772
103.168
77.2514
47.0515
19.8122
8.7862
5.32608
4.32978
8.32234
6.1198
5.04515
5.72899
7.1207
9.59216
13.2279
18.8162
24.6972
31.2272
37.9554
44.9209
50.5774
52.6406
53.4439
52.4981
53.8575
49.7924
34.9423
33.1419
36.4024
42.6208
49.0627
60.6229
78.5325
111.336
162.126
223.463
164.067
58.9509
20.2658
8.07764
4.56632
5.39747
6.68917
8.56082
10.8628
13.5464
15.3818
18.3994
21.2909
29.557
36.4398
42.8581
45.5946
41.3423
39.4591
34.7833
31.958
29.2047
26.0956
23.5662
20.9166
18.003
15.6514
13.6157
11.3242
10.0368
8.32009
7.66885
6.82198
7.96161
5.34827
5.80704
6.39833
7.52319
10.1193
14.0113
18.9809
23.0349
25.3554
27.4168
29.6591
29.1392
29.7733
27.1088
27.2399
25.1801
24.1748
22.598
19.806
15.733
11.6898
7.12177
4.26643
3.20388
2.75588
2.49909
2.26354
2.26574
4.42191
15.2256
8.92577
11.1863
12.9562
14.8366
14.8602
16.7591
17.1029
18.3588
21
15.4518
13.441
9.4656
7.27898
5.30984
3.91243
3.35847
2.69762
2.4234
2.17223
2.03817
1.90803
1.85657
1.77764
1.72401
1.70992
1.73281
1.98411
2.26698
4.20915
8.24753
17.5723
18.462
17.6441
17.7721
17.2639
15.3841
12.6679
11.2204
10.5542
10.1844
10.3163
14.4422
45.5864
30.6984
36.5671
42.2982
48.4412
55.0053
56.8095
52.5681
45.9523
38.2807
31.3212
25.4115
21.7797
20.6507
21.6853
25.7428
33.8641
42.2628
46.7786
47.4901
43.4493
35.749
29.7145
28.411
34.6323
49.2009
77.5615
77.4701
62.1487
49.9057
39.551
89.048
121.893
128.251
130.533
132.245
134.513
138.175
143.283
150.553
154.392
152.944
127.692
124.949
109.74
102.328
98.8737
89.9978
70.3022
47.7752
33.319
26.8074
22.8138
20.183
21.1326
26.2578
35.4846
44.0314
45.9004
40.691
33.1677
76.0788
83.3654
98.0705
106.637
111.66
115.226
117.958
121.377
124.923
128.737
132.397
135.558
138.009
142.153
145.668
146.141
150.883
147.644
156.531
159.01
156.145
155.581
152.662
145.948
142.198
138.434
125.135
100.315
74.5204
72.0898
79.7833
88.9939
92.7418
94.6715
96.2465
98.2191
102.026
99.7593
96.1061
92.492
89.6758
84.3548
81.0939
79.9319
79.6839
81.5914
87.8216
100.662
123.385
154.171
155.313
168.445
153.985
135.065
117.983
91.6861
75.9267
77.1149
74.4328
80.1391
114.392
88.7208
85.4896
111.9
117.719
117.516
116.545
118.537
126.938
139.939
151.139
155.635
146.108
131.026
116.938
99.6013
96.1264
82.5599
74.1782
69.6919
69.6047
69.416
74.2056
81.1902
88.718
95.5349
101.633
95.4258
80.9216
88.0274
79.8389
67.5382
72.6629
83.3139
93.0649
108.99
120.902
109.341
103.61
84.8976
70.9091
60.0124
61.9003
71.7187
90.0384
111.407
128.744
143.029
146.761
145.063
133.699
113.127
98.0642
92.1285
91.3801
96.1225
110.972
130.335
135.659
106.342
75.1078
79.3836
93.084
104.601
123.289
134.819
112.27
106.762
117.151
127.986
139.233
145.487
149.643
152.205
149.864
150.044
137.893
125.489
116.887
109.982
113.201
112
119.275
116.612
103.666
77.2237
71.4318
74.2378
72.5038
53.3974
14.0874
14.4395
20.4958
32.0749
44.7665
76.763
79.9791
92.1957
100.709
114.956
127.964
148.616
153.278
153.087
157.337
157.731
155.785
159.947
162.134
163.399
158.347
148.289
130.565
105.908
75.2638
39.511
16.4665
8.9237
6.14787
9.041
7.38039
6.91659
7.78997
9.68399
13.8017
19.9084
28.2317
36.3012
43.7263
52.1985
62.3406
71.68
74.8626
72.8165
69.2969
67.8203
59.2758
50.5404
49.706
54.9577
57.4061
64.6761
74.5916
101.081
152.237
261.738
289.126
282.361
163.664
21.2073
10.666
6.14848
7.11995
9.01825
12.2435
15.4192
18.3061
21.0509
24.6819
27.4153
35.6714
39.8645
51.1639
53.8957
54.1597
54.4995
52.5728
50.6706
47.8293
44.1362
40.5778
36.5011
32.3587
27.1178
23.7904
19.9022
18.217
15.6278
14.7562
10.9976
9.06023
6.64617
7.11345
7.75056
8.8136
11.5666
14.5573
19.6858
24.7475
28.8247
33.3163
34.8383
37.3228
36.1824
39.7404
35.7273
37.4032
35.7151
34.6513
33.5983
27.2942
21.1156
13.2705
6.72767
4.33631
3.65901
3.44751
2.94342
2.59964
5.09285
20.0768
13.71
16.2495
18.0409
17.8755
17.6576
18.1692
19.5401
18.6335
21.6284
15.8111
13.9769
9.51117
7.4894
5.17736
4.21627
3.28129
2.79729
2.40809
2.23885
2.07192
1.97876
1.90327
1.85911
1.79897
1.78383
1.72144
1.87372
2.28837
4.54863
9.59595
16.8285
16.1259
15.394
16.6733
17.6501
16.6347
14.18
12.2122
11.2932
10.9931
11.1685
13.6702
45.2917
35.0263
40.9782
46.2597
51.6702
55.4389
53.7971
47.8225
40.0025
32.5314
26.5835
22.9117
21.2986
22.1614
25.4542
32.4893
40.5495
46.6568
47.7301
44.0504
35.5988
29.4737
27.5053
31.7936
43.123
63.9963
93.7964
90.0772
77.3777
63.925
52.9315
105.621
123.642
122.053
119.242
118.446
116.254
117.402
119.238
120.807
113.257
107.728
89.1253
70.0122
65.5435
67.6404
73.7264
74.4843
59.7916
42.5388
32.7152
26.5615
22.3886
23.4782
34.3843
51.2203
63.2946
64.47
57.7096
47.7174
41.5602
89.7937
90.6821
106.784
116.213
120.657
122.582
122.958
124.262
124.856
125.295
124.596
121.196
114.673
106.89
102.167
105.03
111.247
123.732
131.268
138.036
139.99
144.221
142.475
139.644
139.28
139.189
131.407
110.292
85.2557
78.0587
88.7814
100.091
102.963
101.603
99.3694
93.7136
86.0212
82.5347
79.8674
76.1813
74.6595
73.0991
71.4298
69.0659
66.4362
65.6405
70.8138
87.8277
107.882
129.418
150.008
145.539
159.728
138.086
116.011
110.592
108.057
104.607
104.835
109.147
125.961
92.8522
98.2107
122.083
123.992
121.435
118.562
121.516
132.635
143.487
153.983
158.018
165.023
135.896
126.962
99.7289
93.2497
80.4991
66.9567
60.4009
54.6359
62.5577
71.6438
86.3596
92.7586
105.501
101.852
95.9738
86.4336
81.8642
90.6437
73.4836
83.2939
93.8302
106.232
123.069
124.299
112.875
95.4663
71.8054
62.9884
54.9034
57.1173
71.1557
93.3031
109.813
134.438
142.593
150.672
153.879
153.635
134.535
115.201
104.097
99.7598
104.851
119.337
138.386
154.513
123.81
91.5449
87.399
96.0306
101.452
135.606
149.55
130.724
128.947
136.808
142.983
145.172
144.215
140.836
138.326
136.614
138.404
120.014
123.994
118.852
122.011
115.684
117.5
120.379
117.303
108.227
82.9069
69.9471
82.4262
91.3344
69.3928
20.8474
22.0886
28.1989
41.8473
53.2355
82.5005
85.7649
97.5125
109.117
119.53
130.276
132.995
136.962
133.684
138.432
139.576
145.841
151.897
162.001
168.349
169.664
161.8
146.245
124.011
97.6614
62.6829
28.1471
14.1254
9.20562
10.3823
8.67031
9.10726
10.7285
14.226
20.0904
28.0639
37.6643
46.3132
53.1675
61.669
74.2604
88.1347
95.9466
91.5706
84.4787
83.5313
76.6831
60.2706
59.7237
60.0145
66.904
66.2779
78.7122
102.168
153.053
265.486
295.733
324.734
258.388
43.3984
13.5502
8.99426
10.5929
13.5913
18.5676
22.7036
27.1123
29.2707
32.3544
38.4305
44.3305
53.5082
60.8163
67.7115
72.8073
73.6174
75.5736
73.3056
71.7566
66.3793
62.3447
55.8692
50.3494
43.1777
37.5339
34.2284
32.9229
31.9883
31.2298
23.5791
11.3944
9.17822
9.55451
10.0358
10.6673
11.9002
14.4713
19.1752
24.3398
29.9267
34.4729
38.287
41.0646
46.4179
44.1739
50.1871
46.734
49.2236
51.4968
46.4939
42.9493
34.2938
22.2242
11.368
5.99632
4.89687
4.68245
4.15349
3.07697
6.30943
28.1821
20.0398
22.1997
19.7738
19.2593
19.4201
20.324
21.3699
21.1812
23.2138
18.2656
15.1495
10.5066
7.51921
5.27049
3.93516
3.25353
2.7456
2.38708
2.20572
2.0885
2.03321
1.99253
1.94371
1.94612
1.89173
1.86931
1.8586
2.30738
5.08132
10.5512
15.8579
15.1278
15.1842
18.2951
20.2516
19.6784
17.6727
15.6664
13.8194
12.4863
12.08
14.182
40.5146
44.6228
45.2318
47.6631
50.6553
52.7004
52.3751
49.5779
45.3222
40.2951
36.0917
33.1477
33.1025
35.8252
41.6083
46.7206
49.2541
48.0048
41.4919
34.2259
29.9866
31.4965
37.312
53.627
74.4978
90.5564
97.9446
99.1641
93.8011
80.0235
67.0604
124.503
118.425
115.549
116.643
114.586
113.442
111.257
105.52
99.2731
93.2478
84.7876
58.633
46.3677
45.3188
55.4969
64.338
61.4235
50.9882
37.1972
30.2035
23.2593
22.9882
40.911
67.2627
77.0308
73.698
65.2412
55.8486
49.4743
47.616
107.284
101.523
124.963
136.853
141.009
141.34
140.23
138.741
137.898
137.037
135.223
129.496
119.993
107.946
97.4593
93.3673
99.3013
110.899
120.662
127.265
129.987
130.425
130.151
130.819
133.415
135.709
131.63
115.544
94.3128
81.5846
109.999
110.06
109.533
106.532
97.9173
87.3244
81.0631
77.0602
75.6081
73.836
72.6356
70.7321
68.0618
64.3198
60.0701
58.7413
62.6485
79.8283
105.539
126.121
137.261
145.256
146.69
137.93
126.292
117.292
111.48
112.512
112.9
117.544
137.64
103.143
119.852
128.854
126.628
120.843
117.102
121.45
134.265
143.463
154.181
164.27
162.955
155.784
127.334
109.41
102.419
85.249
88.188
77.0414
70.9944
78.5735
91.464
99.3
103.473
104.261
99.7584
91.1025
89.0609
80.5454
101.257
81.7904
88.6357
106.262
115.739
128.024
123.285
108.113
93.8663
78.4151
59.702
53.2051
53.4567
66.8547
82.7919
97.3947
120.627
133.283
149.684
161.281
173.31
166.015
151.258
138.286
129.009
126.859
133.38
151.487
175.871
146.714
113.181
94.7783
99.4177
110.33
135.96
169.046
147.452
144.824
153.692
153.492
148.851
138.939
127.796
118.288
103.526
109.78
110.401
112.538
118.452
118.644
119.303
119.02
119.105
119.666
114.292
89.7041
65.2513
73.3518
92.23
84.5701
35.6326
32.5856
39.147
45.9925
67.0451
81.5164
90.2818
101.295
111.352
118.691
122.818
120.74
116.563
115.126
113.762
119.778
126.662
140.507
154.875
168.405
172.557
167.705
153.375
133.288
111.201
87.7862
50.5504
20.2815
12.3167
12.5646
12.7697
13.0739
15.413
20.0987
27.2833
36.8083
46.4686
55.04
59.2776
65.7525
76.8286
92.7303
106.408
103.383
96.7423
96.3386
89.6993
82.7045
71.4867
70.4782
62.4276
65.7727
74.0742
100.596
141.529
211.544
282.438
321.814
340.298
137.968
20.646
15.9278
16.444
18.2853
22.7851
27.4112
32.7035
37.0663
38.9193
41.4138
51.3645
56.8857
71.2002
80.111
85.7691
89.4604
92.3666
90.3559
89.9638
84.1258
80.0578
73.0791
66.8547
60.1988
54.2053
53.6948
55.8138
56.3273
58.2314
45.3976
18.2135
17.8951
14.6664
14.0614
13.5397
13.0994
14.2446
18.3703
23.0521
28.0884
31.7331
36.7985
40.7787
44.0889
51.6904
48.8777
54.3862
58.983
61.3402
63.5654
56.9746
50.0651
34.4645
17.9583
8.98137
6.45932
6.35662
5.84373
4.60782
8.56552
36.0724
27.6745
26.4293
21.3596
20.7432
21.6415
21.6924
25.1511
25.9486
27.933
24.3359
19.0871
12.3275
8.48996
5.44168
3.90769
3.02989
2.62989
2.27908
2.0968
2.00205
1.96518
1.94381
1.97128
1.99695
2.02686
2.07389
1.99217
2.39585
4.91077
11.3172
15.7742
15.0845
17.1535
22.886
25.2336
23.9817
22.7401
21.7464
19.792
16.8826
14.1688
16.5367
40.7629
57.0252
46.7046
47.6348
50.5254
53.1957
54.8094
55.5589
55.6485
55.1665
53.5245
52.7608
52.9032
53.4032
52.492
50.0688
45.1383
38.8537
34.9156
35.993
43.6169
65.3218
82.7874
90.8899
95.2424
88.7185
95.9533
104.073
102.878
91.1722
84.7056
143.736
114.535
120.227
124.402
127.33
121.95
112.871
98.5549
91.7963
87.231
75.1832
49.1808
41.745
45.1579
53.0433
58.9148
54.0687
42.8583
33.3356
25.465
23.8846
40.8034
77.004
76.8983
67.9742
72.5311
70.9097
66.4442
54.9863
59.8628
129.9
121.46
151.528
165.064
169.025
167.899
165.237
163.091
162.298
162.541
161.063
156.215
148.345
138.238
128.425
120.78
116.961
115.846
116.883
117.965
119.343
120.704
121.975
123.685
127.082
130.296
128.833
119.058
101.312
90.2626
137.485
115.429
113.397
105.332
95.2949
87.9062
83.8476
82.6986
83.6529
83.3944
80.2314
73.9287
68.7608
61.8544
56.9546
56.9284
66.1378
87.4837
117.752
133.875
139.03
142.304
138.449
134.138
125.055
120.654
120.073
120.104
117.513
127.098
148.933
120.753
132.346
132.456
125.946
117.551
112.698
117.829
127.191
134.187
143.976
159.163
162.762
159.498
146.42
112.985
119.3
106.424
107.963
121.154
115.347
124.591
122.759
115.098
112.133
105.493
98.0568
95.3142
100.632
92.3268
94.5281
75.2362
90.6519
98.7367
112.969
114.325
104.513
94.8912
85.0737
80.6409
63.3408
54.1222
53.9745
59.1681
72.5847
84.6071
98.8444
121.677
141.793
164.767
181.867
190.952
184.536
173.181
161.642
151.608
153.108
168.806
203.778
181.762
128.499
96.9559
109.699
120.811
137.471
179.567
163.265
151.903
160.01
159.506
147.644
129.4
113.53
100.711
84.0844
89.6984
95.4561
103.109
110.416
116.196
118.188
117.698
115.184
113.614
115.672
99.2588
66.3139
66.2556
87.1562
81.3596
56.5327
51.3539
47.4045
58.1885
64.4712
88.6201
82.6842
101.876
107.81
112.943
111.229
108.041
100.169
93.9977
91.7363
95.6882
104.893
123.716
144.709
163.21
171.924
168.559
155.537
135.919
117.57
111.826
82.7182
35.5722
18.7716
19.034
38.9549
19.8518
21.3635
27.036
35.5951
45.3928
53.8556
60.2121
62.6284
66.6143
75.0994
88.2789
104.281
107.561
104.985
106.234
110.429
99.1901
87.0947
75.3966
67.6813
56.8902
60.1743
83.1313
105.598
162.825
263.732
301.553
360.736
286.268
50.7478
43.6536
32.385
30.4427
33.9978
40.5701
46.5947
45.8773
44.1282
46.1658
52.3627
63.4398
78.8561
89.203
97.8129
98.6266
100.735
96.9574
95.8445
90.7405
86.5806
80.2553
75.4337
72.4227
75.0462
78.4556
84.8079
70.5292
84.1785
75.1638
47.8113
41.1339
27.2391
21.8357
19.3695
16.7
14.9822
17.9536
22.2643
26.0162
30.701
32.9623
38.7355
38.0944
39.6792
45.3704
50.6925
58.5345
77.5439
76.5525
76.6934
63.9266
48.8731
27.0257
13.0093
8.96162
8.5125
8.8037
7.18089
12.7054
52.1945
35.9121
28.623
23.468
23.2052
23.2946
26.4189
31.5709
34.1299
37.4231
31.3515
25.1292
16.5024
11.4668
6.81086
4.53492
3.10113
2.48452
2.15071
1.96771
1.88315
1.85514
1.85925
1.91498
2.00311
2.10049
2.17043
2.39985
2.96697
6.86113
12.0411
16.2234
15.8056
20.8261
28.3876
29.0378
29.043
30.5999
32.2351
30.1454
23.2519
19.7954
25.7862
42.3692
51.5107
52.7854
48.8575
47.265
50.5932
55.7825
59.6748
61.5714
62.0518
61.8153
60.4919
59.854
57.494
54.8102
51.2133
47.6418
44.3027
41.9955
44.3106
54.8036
78.8307
99.0767
105.802
93.4906
89.5858
88.2264
93.4664
106.209
113.405
110.212
104.094
105.151
127.071
134.492
113.725
123.471
134.573
144.783
136.551
131.103
112.427
102.422
100.216
91.5109
71.1889
52.4501
48.4437
51.8707
58.5263
55.3949
47.3056
37.464
28.8778
27.0819
41.6864
76.0994
86.603
76.582
98.2387
122.306
138.257
143.804
136.057
132.652
203.455
253.361
209.86
200.729
200.34
202.637
200.898
197.164
193.886
192.572
193.465
195.348
194.866
192.277
185.674
177.345
167.825
157.854
148.856
141.109
134.065
129.088
124.832
122.794
122.03
122.978
125.233
128.627
130.845
127.342
120.134
126.296
164.215
168.307
120.708
117.469
112.746
105.57
98.4825
94.4691
94.7103
98.7101
99.7129
95.8923
86.7524
76.2473
66.8472
60.1761
56.5623
60.4919
76.7398
106.626
140.966
147.476
149.14
149.688
143.204
140.009
134.912
131.939
131.164
129.593
122.485
114.856
162.619
171.819
160.103
141.964
139.01
133.398
123.813
113.682
107.01
108.789
116.594
128.977
132.569
146.33
163.062
164.532
162.715
137.681
133.764
143.721
149.89
165.293
160.319
152.419
148.331
134.682
122.174
113.466
114.315
118.354
108.807
86.4062
97.0817
92.1225
80.8315
86.1622
90.0721
104.014
112.393
108.259
101.82
94.3361
87.5482
79.9812
78.4079
66.7345
55.4453
53.9331
61.4502
71.1733
83.0102
105.008
128.337
155.699
181.245
194.819
196.429
186.882
172.39
164.065
163.084
177.544
209.778
223.335
210.264
187.885
135.927
118.839
131.994
136.667
149.435
180.421
176.415
152.501
157.257
157.171
145.505
128.024
109.077
96.14
90.4837
92.6001
94.0714
97.7205
103.466
111.647
115.487
114.047
114.534
108.273
109.209
102.112
79.847
57.6323
69.0718
90.5046
64.2795
69.0421
86.5645
69.0557
63.2226
61.124
73.2499
79.3912
80.8506
95.5028
105.932
105.963
105.436
97.6093
89.8884
79.9155
75.6387
76.1133
87.8549
110.443
134.902
156.374
167.492
165.961
153.761
134.367
116.904
115.84
98.0809
55.9181
29.4427
41.5199
37.6769
60.0893
112.939
56.9593
34.7207
37.8641
47.3537
57.8393
64.9911
68.0932
68.9776
70.1414
74.1583
86.0196
99.6387
107.55
110.152
112.979
116.989
113.233
104.729
89.9987
78.7271
62.9806
61.1078
73.2933
88.9017
113.998
150.234
246.282
258.136
251.781
172.532
150.851
145.08
86.0381
59.7543
49.5646
47.6939
52.1543
59.4203
62.5111
54.3461
52.6967
58.3816
66.6276
85.7957
99.1473
105.858
105.456
105.133
100.441
95.8843
90.2861
82.3303
80.1752
84.5907
92.1261
106.333
111.459
100.141
83.25
67.477
84.0388
57.3862
96.1467
138.783
69.1892
43.9663
33.5469
29.9639
26.4535
20.4379
19.8432
22.9772
28.9588
32.7554
43.2692
46.1541
50.7461
43.2503
43.758
54.234
71.7925
80.2208
96.4612
87.48
81.1381
60.5005
37.5961
17.6996
11.6389
12.0055
14.0984
14.5298
22.2926
32.3058
66.573
202.26
45.1402
31.0797
27.0474
25.1617
26.4271
30.3615
36.8759
42.1879
42.3553
37.2619
32.6626
23.1835
15.6249
10.9304
6.74237
3.9735
2.73188
2.21145
1.95638
1.82062
1.76281
1.76091
1.81422
1.93047
2.02995
2.26444
2.96282
4.91757
7.07275
3.62947
2.14579
12.6649
16.9131
17.8403
24.433
31.6294
31.7354
32.277
36.214
38.3904
34.9028
29.4859
27.9627
35.0886
43.24
40.4222
41.9877
49.1934
52.0095
61.6272
73.3136
82.4488
86.3482
85.4599
82.0432
75.575
68.0192
63.0324
58.6476
56.4094
56.3538
60.2218
71.9082
93.9041
119.056
129.467
112.963
110.332
97.1672
109.02
108.332
117.316
127.44
127.657
119.452
111.512
106.468
105.869
112.378
127.448
141.989
152.797
145.022
144.344
126.663
121.904
124.278
116.342
103.219
79.7004
63.7617
60.5946
61.8194
59.5672
52.7688
42.1769
35.6427
36.5335
51.5318
83.9448
109.236
88.7166
96.172
124.867
154.275
178.118
195.115
204.789
214.972
238.328
282.677
256.764
241.647
236.753
234.741
229.542
225.459
222.662
221.077
222.25
223.038
223.495
221.862
218.129
212.922
204.842
194.732
183.923
172.313
160.981
151.774
143.964
138.391
134.969
135.012
137.267
141.469
141.528
135.834
130.623
129.452
120.85
108.778
114.178
118.909
113.364
110.57
104.688
105.336
111.252
116.169
113.536
104.662
91.2656
78.4858
68.7145
62.4083
63.1194
72.8131
97.5784
142.693
160.586
166.145
165.917
165.264
158.405
156.091
152.716
149.383
146.028
134.358
116.066
106.477
117.979
149.912
164.174
148.017
141.389
132.906
121.673
103.923
83.5146
85.9641
103.984
117.401
122.699
133.531
155.134
165.629
176.261
169.879
185.157
192.569
189.072
184.161
181.761
171.392
166.704
160.598
157.789
157.321
150.399
130.467
90.9712
67.0326
65.4752
75.7962
87.7141
87.7636
97.2547
108.446
107.378
105.221
98.1653
89.8194
83.6421
84.2059
84.7396
81.2174
64.1637
55.0127
53.4639
60.9874
69.3771
88.3054
110.371
139.608
162.665
182.849
186.46
181.462
170.404
162.659
162.042
171.753
196.489
226.274
164.367
145.19
138.558
141.27
146.053
148.636
157.081
180.116
183.542
150.981
149.98
149.452
141.726
126.705
114.265
104.542
103.159
108.079
112.852
105.568
104.705
110.618
111.314
116.78
115.133
110.959
104.852
110.019
95.7973
61.7528
54.6625
85.5688
50.3469
58.2944
70.4912
67.6147
66.5903
72.2165
73.6685
80.7012
80.3994
85.1554
102.175
103.479
100.099
95.7194
86.6012
79.183
73.0617
73.4027
84.1664
104.69
128.368
149.21
161.113
159.776
147.79
129.89
111.852
106.859
97.9241
69.9921
55.313
47.0233
62.1773
91.5255
105.451
59.6156
48.1263
52.3036
63.7486
76.0068
83.8133
80.711
77.3785
76.1772
77.8691
82.2144
94.92
103.277
111.301
119.507
123.942
125.538
126.211
119.049
103.23
99.5618
81.1501
83.7433
83.6344
96.2934
109.663
129.798
159.881
187.651
171.117
146.703
113.33
66.099
54.5965
49.6848
49.4142
54.1393
67.9222
84.791
86.3261
79.2359
76.8094
85.7491
98.4305
107.977
114.257
114.687
114.544
112.533
110.721
108.557
110.769
116.485
129.071
144.211
151.431
161.319
149.178
99.8855
77.446
57.4166
45.0944
58.1794
93.2178
50.6377
35.9428
30.7574
32.9541
38.3735
40.5808
33.2497
34.1083
40.7661
56.0175
64.5162
78.2808
74.1502
76.2174
73.0364
77.4927
88.1657
96.9559
100.861
100.034
84.1597
70.252
45.5343
23.4174
14.4712
18.8161
25.4287
26.2864
26.3195
34.9841
75.0746
220.042
56.9747
36.5422
31.5059
28.5391
28.2635
31.7788
39.4751
41.3309
44.4337
40.0367
37.6369
27.7671
24.0329
17.87
11.0082
6.4926
3.76559
2.59203
2.09014
1.86525
1.75986
1.7199
1.7431
1.79867
1.87408
1.88626
2.31587
3.24029
4.31161
1.90691
2.33439
13.2279
17.7431
20.8855
29.3187
33.739
33.4802
33.7603
37.3767
40.851
40.2295
38.0235
38.1159
43.6145
50.1581
50.1787
49.0125
52.1764
62.0489
82.8989
108.806
129.151
142.254
153.361
159.407
151.509
136.223
119.278
110.754
108.131
117.013
135.031
152.127
153.305
147.197
134.453
122.646
124.173
118.409
130.386
138.17
139.964
145.799
139.824
129.635
121.902
117.081
119.919
129.228
142.037
153.302
146.965
150.273
141.168
141.391
146.082
140.543
136.274
119.271
96.7146
79.0018
71.8245
65.6367
59.0486
52.9542
53.3543
62.7562
94.5152
128.407
129.425
124.72
99.0469
99.8482
113.935
130.056
143.925
153.042
164.864
177.169
196.211
223.131
263.238
263.637
260.177
257.29
253.529
250.499
246.215
241.853
235.637
229.325
223.285
219.996
216.268
212.764
208.918
204.494
196.996
188.671
179.425
170.241
164.252
160.316
157.869
157.063
157.89
158.314
155.263
146.384
139.369
136.712
120.419
119.352
129.703
128.639
120.627
117.52
109.666
114.69
125.671
128.434
123.175
112.138
101.112
89.3459
79.0575
75.7903
78.6613
96.2432
137.148
171.393
183.248
188.018
186.727
185.932
179.601
173.495
169.401
161.328
152.164
132.229
114.48
109.228
125.068
149.364
159.852
146.44
139.676
130.24
111.146
77.0447
58.3829
60.0598
77.4353
110.788
110.822
116.935
140.447
162.362
188.367
201.385
226.252
215.703
221.964
205.383
202.975
192.861
186.205
179.624
172.993
158.543
132.071
99.4856
81.5332
77.2878
76.9279
86.453
91.98
101.003
106.57
107.042
108.4
100.365
93.3663
85.9751
79.4204
75.4065
81.9457
88.482
79.8207
61.3141
50.5372
52.0282
59.4214
69.5733
90.0566
111.634
135.057
146.452
152.439
155.319
170.233
172.785
172.153
175.5
183.15
189.426
145.261
152.225
151.5
144.142
145.448
147.783
159.089
168.325
174.181
150.175
140.593
140.145
135.675
128.442
123.779
119.255
121.601
123.606
126.037
127.015
122.254
117.73
120.679
119.789
116.927
111.773
105.174
106.461
98.6862
80.0497
54.1671
55.8384
45.4839
49.0731
58.8715
60.2606
70.6672
74.7685
81.3162
82.0762
82.7913
84.7787
91.3414
98.9967
99.9227
95.9116
92.3912
88.1455
85.1393
86.9327
95.3847
110.323
126.778
143.05
152.395
151.319
135.931
115.889
104.501
92.6305
83.4846
65.0698
59.1869
62.7871
75.7995
92.3006
95.1776
66.7952
65.136
71.4569
84.2922
98.7352
109.979
110.257
95.4147
90.6511
86.7667
91.1504
96.3014
109.119
118.937
128.454
134.971
139.943
146.15
149.463
157.426
134.713
106.783
95.9102
89.2914
85.5905
86.0052
90.595
98.8789
103.943
95.7391
94.578
74.1089
58.429
57.8639
58.4874
59.7066
61.5866
66.8759
81.8352
109.937
121.252
112.23
107.641
112.687
120.045
126.318
129.546
134.426
137.496
145.555
151.245
164.984
173.581
186.932
199.802
197.573
209.045
194.487
120.721
100.146
69.4626
56.8926
48.8038
58.4329
46.8176
39.6853
39.6083
36.8739
41.2995
56.246
70.2929
64.0424
68.0709
75.4254
85.672
92.9867
99.3162
100.652
110.236
108.302
109.9
109.369
104.642
95.7003
83.8552
69.3804
48.3397
23.3772
17.5896
26.5147
36.809
38.8607
33.8582
46.3514
100.219
213.451
67.7278
45.0699
39.0172
33.1253
30.1232
31.3996
36.6259
36.3187
40.6842
41.1423
37.4533
36.2528
34.2306
26.8341
18.683
10.5762
5.87429
3.47019
2.43828
2.02285
1.84057
1.76619
1.73482
1.75681
1.77399
1.77755
1.80917
2.23482
2.54268
1.6313
2.19652
13.6968
18.4138
22.963
33.6547
37.0576
33.9731
33.8284
36.695
40.8026
43.3559
44.6274
47.304
51.8509
56.4795
55.7352
52.2259
55.0657
71.1975
102.219
131.909
150.386
171.384
179.558
184.791
187.481
187.982
187.809
187.057
184.544
182.176
178.296
172.506
165.193
158.855
145.769
134.504
133.85
127.343
138.905
147.296
148.516
150.764
144.676
135.628
129.927
127.488
131.161
137.804
146.267
145.405
144.137
137.788
143.151
155.935
155.744
157.352
152.65
135.121
108.023
90.1612
80.5908
77.991
84.5953
102.287
145.936
142.07
138.705
140.202
140.389
139.7
115.909
104.727
102.823
107.788
114.528
122.944
135.821
148.096
164.486
182.592
218.458
263.44
265.573
264.946
266.267
263.578
256.373
243.751
228.493
217.016
210.459
208.151
206.43
205.203
204.776
202.277
198.356
193.545
189.374
184.797
181.404
175.725
173.032
169.983
167.687
163.908
158.139
149.784
141.626
136.589
132.36
137.627
139.425
135.479
125.192
115.483
105.778
114.173
130.504
132.808
128.312
120.264
114.463
108.362
102.222
102.031
113.449
143.5
183.881
199.143
208.648
212.44
211.013
208.466
199.566
189.844
180.766
170.125
152.411
130.065
113.095
112.383
125.754
143.817
149.714
134.883
127.953
114.123
84.8141
53.3558
40.4169
43.9184
56.1447
83.9456
98.0665
101.405
121.175
153.946
186.763
216.377
244.173
231.392
236.551
219.092
213.62
200.045
185.494
167.22
145.738
122.642
103.241
90.17
85.248
87.0397
93.2301
100.634
106.302
105.611
109.455
105.462
99.187
96.9352
90.0962
80.973
72.3762
69.1378
68.4769
73.2365
76.0913
68.0949
51.8241
44.8798
51.8787
59.0541
71.1735
88.2283
104.594
118.822
130.322
138.51
151.283
158.65
170.477
180.933
174.948
158.542
159.512
150.32
141.489
134.312
137.869
145.469
154.885
160.436
155.89
149.215
132.198
128.163
126.995
127.157
127.628
127.714
131.906
130.966
131.759
132.997
131.676
123.013
113.058
107.758
104.329
100.886
97.1436
97.0761
113.92
104.758
75.3657
63.501
62.2197
66.0199
66.43
71.4109
73.6705
80.9129
84.3507
80.9487
88.0721
77.9306
94.9182
97.6547
98.4464
99.0657
100.435
100.32
102.999
106.145
111.927
120.014
129.305
138.559
143.153
139.91
124.26
103.521
94.0748
81.6639
71.2548
61.4084
55.7301
58.7894
65.6073
77.5254
78.8113
63.4104
69.2549
80.417
96.4542
114.742
129.055
136.504
129.312
116.801
112.097
104.076
109.198
116.54
133.902
142.563
151.135
158.842
169.079
178.967
184.879
160.515
129.111
113.416
95.8325
90.0732
82.9239
79.2135
79.2186
88.1067
87.605
73.9805
66.5477
63.1376
69.8627
70.5274
72.9716
75.2953
78.8904
83.4614
95.8418
122.107
138.273
139.389
134.344
134.709
142.707
146.765
159.134
163.46
179.864
185.875
204.559
212.592
224.319
236.325
234.035
238.89
228.053
164.571
131.08
87.392
77.1811
61.487
58.3633
51.1551
52.2475
49.0608
49.072
49.7369
55.4075
73.4416
93.4017
96.7434
100.036
101.004
108.837
116.106
127.633
128.721
135.001
129.426
115.932
102.355
88.7189
76.8784
64.791
44.7085
21.0042
18.3252
32.0871
44.4898
50.3491
53.1274
70.2823
118.726
187.631
68.2933
50.9264
43.6439
37.4412
31.9812
32.8869
33.0845
35.4948
37.7947
43.0155
44.2205
47.4177
45.4384
39.3299
26.9528
16.1295
8.48889
4.61309
2.93059
2.26918
1.99338
1.8528
1.79055
1.74301
1.73336
1.71031
1.65919
1.74216
1.81358
1.52182
1.99198
13.6656
18.561
23.448
34.5157
40.243
36.2427
33.4911
35.2193
38.9944
43.4464
45.616
49.7974
53.3057
56.3857
55.8048
52.0805
51.3325
65.168
94.858
123.277
144.52
158.129
170.875
181.619
188.874
192.512
193.105
192.499
190.083
186.864
181.305
175.729
169.727
162.994
153.543
142.009
136.981
128.699
136.631
143.617
143.501
144.517
140.269
134.004
130.736
129.436
131.169
134.241
128.053
132.915
118.131
122.509
141.882
153.249
159.523
164.778
156.951
138.867
126.752
120.512
129.617
154.755
178.756
164.266
150.808
143.918
142.825
145.654
148.502
149.375
132.076
108.891
97.0522
88.3732
87.0541
92.718
103.819
116.402
129.906
147.11
178.913
241.511
252.872
255.627
255.252
254.534
245.229
232.478
218.625
211.82
205.719
204.747
204.022
205.295
205.07
205.015
204.425
202.29
198.327
194.047
189.41
185.488
180.644
176.18
170.438
164.162
157.64
150.954
146.29
141.885
142.175
140.096
132.261
126.653
119.881
108.322
93.5493
101.696
117.826
126.069
129.545
129.531
131.832
134.588
139.429
150.849
179.861
213.71
222.453
232.441
238.364
237.734
232.759
225.681
213.847
200.758
189.345
171.116
151.523
127.328
113.344
111.879
121.88
132.39
126.721
114.313
108.954
92.0167
62.8415
38.3367
31.2016
38.2507
47.9826
60.2078
80.106
87.1868
105.867
132.519
173.629
204.125
220.265
221.522
220.941
200.99
187.117
168.074
151.296
135.652
122.162
110.142
101.77
97.8258
98.3431
101.622
105.142
108.33
113.505
115.66
107.394
101.892
92.3168
86.1564
81.1793
75.8348
69.8365
68.276
66.6244
68.1538
67.4783
66.9523
56.8053
43.6424
43.5348
52.0379
58.2018
68.1966
78.5517
89.9162
102.302
120.651
136.054
163.721
182.738
181.441
183.725
165.582
152.779
142.418
135.913
133.765
140.238
149.724
155.922
156.882
150.303
144.184
131.82
120.077
116.243
120.381
121.818
125.654
130.709
133.446
139.331
138.203
129.304
114.632
103.481
95.6823
91.3183
87.6104
85.4345
84.5551
87.539
106.006
116.356
87.0092
94.7531
77.7
81.9679
76.8714
77.9617
80.656
77.1392
78.0272
75.3003
83.5874
84.2418
96.0753
99.4804
103.237
107.468
113.408
117.972
123.333
126.835
130.778
133.22
135.341
133.323
127.004
112.893
94.8356
79.6102
73.0787
57.2054
50.5429
49.8536
51.7975
55.4621
59.4351
60.5339
57.8539
63.8762
72.7266
86.3106
104.676
123.019
137.885
147.357
150.971
144.806
139.121
135.804
139.168
146.151
156.623
166.528
179.071
187.457
199.143
206.998
177.392
153.07
117.894
106.002
93.9682
82.0872
74.859
73.2694
83.7936
95.86
95.9822
82.5152
79.633
79.7437
79.2143
80.7293
83.6998
86.9717
91.3357
94.6695
102.92
121.945
143.823
155.627
159.788
162.638
168.448
181.16
187.942
206.165
213.032
231.195
238.198
250.122
256.553
258.493
254.448
249.604
230.926
177.673
110.426
86.0767
81.1471
66.0643
66.6946
57.973
59.3523
56.8441
57.9501
58.1462
64.9467
77.9562
94.8083
105.522
116.608
122.489
136.319
146.779
164.114
154.088
135.307
110.688
91.6272
77.7829
67.2986
56.1533
36.4238
16.7945
18.3424
31.2764
53.0728
65.0245
71.7093
85.1903
122.31
148.081
60.6698
47.6942
42.7245
38.382
37.2137
37.9203
43.7293
47.0258
56.0826
59.9876
58.756
62.7286
58.801
50.5541
35.5351
20.5921
10.4363
5.19476
3.13074
2.39136
2.08201
1.94318
1.82327
1.79445
1.71481
1.69699
1.63552
1.57087
1.55102
1.42261
1.81086
13.3061
18.2374
22.0906
31.4839
40.8883
41.6224
36.0721
35.0961
37.8564
42.166
43.6723
42.8251
43.6454
46.2585
49.8966
48.2381
44.6206
48.0706
62.5785
86.5075
110.345
135.642
149.778
163.367
174.826
182.88
186.556
188.063
186.182
183.777
179.088
175.223
170.317
165.824
160.508
148.633
141.758
130.36
135.595
140.76
137.346
134.017
130.947
125.416
122.864
120.382
120.128
119.964
117.403
98.5646
92.2539
96.3345
115.692
138.641
157.436
166.005
175.008
186.017
198.686
225.35
212.765
194.2
177.019
163.547
152.854
149.76
145.971
147.957
149.548
148.567
136.892
114.383
93.9605
78.1844
68.119
67.6406
73.4381
84.654
95.9772
111.807
137.663
185.237
234.988
239.711
242.237
237.989
232.309
224.247
215.819
210.375
204.836
202.933
200.381
197.666
195.735
193.986
192.941
190.441
188.558
184.414
181.281
176.485
171.975
166.323
160.825
154.666
148.263
142.208
135.881
131.451
125.297
119.518
109.567
104.363
97.3519
91.025
80.8213
81.0802
94.2385
109.878
123.818
137.671
152.296
172.802
194.928
226.994
248.794
252.838
257.654
261.132
262.238
259.902
249.385
241.508
223.424
209.834
189.496
168.043
145.592
125.746
113.008
110.722
114.269
121.584
112.231
99.0514
87.3679
71.0145
51.6628
38.5503
36.2315
43.7215
49.3796
50.2311
61.1068
74.5967
90.3636
116.331
150.518
174.689
184.154
187.014
184.216
168.189
161.975
149.183
141.859
132.26
126.051
120.406
117.612
116.948
118.272
119.627
119.386
116.838
114.162
109.727
106.544
89.6399
84.1804
77.1345
76.4317
73.7087
75.01
75.6191
75.3575
75.2667
66.812
64.0179
58.9938
48.6288
39.042
43.5333
49.9168
54.1572
62.2498
70.2674
81.9812
96.9275
121.829
141.908
165.891
187.118
182.516
176.832
160.862
159.396
152.418
157.926
160.039
165.618
167.301
169.261
163.41
151.826
145.817
131.276
121.304
123.053
125.624
133.645
141.998
144.032
142.532
132.186
118.502
106.619
96.9061
90.091
84.8712
79.8355
74.5726
73.5836
74.2733
77.5288
85.1029
72.5565
88.8244
70.9819
70.8384
67.7475
70.5075
67.1456
67.2424
65.7063
73.2614
71.8058
87.083
97.0039
101.534
106.776
115.443
122.639
128.648
135.878
138.186
139.612
136.821
132.235
123.925
113.488
101.876
89.1214
73.9262
63.4031
49.3184
41.0814
38.5855
41.11
43.9837
49.1069
50.5643
53.707
58.8982
65.1603
73.9589
85.6052
98.5552
112.96
128.092
143.078
155.217
164.632
168.275
169.45
171.187
176.525
185.154
194.622
203.042
219.616
220.669
202.898
159.871
127.244
109.658
94.1173
79.4691
72.273
74.083
89.7951
108.189
105.606
94.0322
84.6153
79.1968
80.1922
81.6807
86.2568
89.1019
93.8252
96.2125
100.443
106.119
119.64
137.316
158.717
172.611
186.715
200.915
210.314
227.685
234.124
252.784
258.556
271.671
273.437
275.74
271.473
255.658
260.012
235.542
119.374
103.573
80.4631
75.2795
68.993
65.0741
63.9266
61.2459
61.5993
61.0891
64.0717
67.6737
74.0278
83.938
95.4662
111.343
122.231
137.425
138.613
131.538
113.276
91.897
77.689
67.265
58.3945
46.786
26.3377
13.2968
16.9698
29.0205
46.019
63.2379
78.7485
89.8632
105.465
96.3802
47.9497
41.2041
38.675
39.8325
45.4636
56.1901
63.8959
73.636
77.6518
79.28
80.9157
74.6465
70.4694
57.4228
39.1576
21.7111
9.89811
4.55977
2.8026
2.30296
2.04949
1.90775
1.817
1.79519
1.71825
1.70504
1.60307
1.54046
1.45787
1.34225
1.72575
12.1704
18.6223
21.8241
26.2129
34.9903
43.7462
44.0496
43.3756
43.7441
47.0795
48.4996
45.3539
38.9978
36.2715
38.4339
42.79
42.1644
37.6894
37.7682
43.7732
55.3919
69.3424
91.5254
121.972
142.494
153.114
161.873
167.699
171.265
172.141
169.742
167.058
163.875
161.072
158.708
153.108
148.929
133.463
139.903
133.933
130.394
122.093
118.249
111.497
107.659
103.209
100.171
95.1561
92.3142
74.2728
68.3558
64.0966
76.4389
106.595
133.799
156.771
173.661
198.638
232.03
220.721
206.308
191.462
178.498
168.002
157.698
153.046
144.789
144.533
139.567
138.519
130.932
111.028
92.524
74.2969
61.2741
53.2153
52.6301
57.8404
67.9285
79.2989
93.743
116.97
169.264
215.598
222.461
227.955
223.124
219.859
211.903
208.842
200.849
198.501
190.575
188.074
183.175
179.6
175.456
170.925
165.467
160.13
154.666
148.755
142.779
136.372
129.529
122.32
114.357
107.015
99.1909
94.935
87.7699
86.4235
83.226
82.8252
84.3159
85.7235
72.6281
64.8703
69.8402
88.6461
107.697
135.315
165.326
205.69
253.031
281.528
283.495
284.712
284.651
282.441
277.497
270.859
256.705
245.778
223.139
206.317
180.308
159.818
138.689
125.256
114.334
109.566
105.828
106.116
96.1698
82.5666
75.2632
68.2844
62.5511
59.6947
59.5102
61.3178
60.6499
53.0007
54.3357
66.8938
78.5385
94.6638
130.606
152.186
166.961
167.78
170.088
159.849
161.024
154.1
151.559
147.081
144.338
140.802
138.889
136.853
134.777
130.736
124.81
116.453
106.865
99.1877
92.9736
87.9697
79.0005
74.8925
78.6344
84.8126
90.5498
95.36
92.0091
86.7308
72.9883
65.4368
59.9761
55.575
41.635
38.7929
40.5524
46.9935
48.9895
54.1446
61.7439
75.8839
94.0621
115.964
137.891
147.212
161.672
163.55
166.45
170.164
167.137
178.527
173.871
173.009
163.069
154.383
145.089
138.153
129.51
124.197
123.029
122.132
126.013
130.19
132.307
130.218
124.411
116.668
110.102
102.89
96.9027
90.3099
84.7585
77.8492
71.1577
67.45
65.8405
67.7062
65.7136
57.882
55.0151
51.3764
45.329
49.6315
49.7438
53.0013
54.5213
60.4217
61.7135
73.9152
80.9972
98.4196
104.19
112.713
120.287
130.312
136.44
145.043
145.61
145.267
139.179
129.116
115.619
101.422
90.5157
87.6631
75.3897
55.1375
41.3977
36.3857
34.6794
35.3377
36.826
38.9452
42.1723
45.0835
50.4483
55.3437
62.5929
69.9625
77.8299
86.5725
96.0149
108.309
123.7
141.177
159.359
174.71
187.562
198.333
209.716
217.846
226.413
240.646
236.466
207.899
164.489
130.174
104.838
88.0991
73.6659
69.6185
77.3755
103.318
117.247
108.729
96.1865
83.4122
78.9437
81.3986
83.5721
87.4021
88.6396
92.3053
93.8275
97.8974
101.602
109.285
118.278
132.674
148.386
166.091
185.875
200.784
220.55
229.979
247.904
256.986
270.529
268.366
269.095
255.705
242.63
236.057
220.266
124.593
108.619
82.3961
72.4677
71.0112
68.651
67.4736
63.1083
61.5222
60.0017
62.414
64.2471
67.3216
70.8949
76.3982
83.4976
92.399
100.458
103.515
99.4102
90.6663
76.8912
67.309
58.435
49.9907
36.5889
16.4747
11.8597
15.5115
22.9595
32.0186
44.3402
54.5388
60.9317
60.8677
50.0972
32.2041
31.0483
34.0944
43.3101
57.1364
73.8812
85.1218
98.1835
107.647
110.671
95.0117
88.09
75.6327
56.4727
34.8142
16.1275
5.75128
2.91147
2.25951
2.02981
1.86703
1.78784
1.7294
1.77034
1.70245
1.71376
1.59489
1.54816
1.42331
1.31868
1.66793
6.95155
16.4703
22.9953
28.5368
35.2311
44.7973
52.2208
60.5922
64.3798
67.9279
69.7015
67.0479
64.1177
55.8968
46.8957
40.0616
42.6433
41.1037
27.6182
25.4159
29.1936
34.1393
39.0659
43.3717
47.182
53.6202
65.6387
97.9981
118.24
124.666
128.889
133.937
134.245
134.523
132.952
132.177
129.22
120.993
123.225
117.97
117.87
112.783
111.569
107.874
104.828
101.926
99.5009
98.466
84.0882
91.8895
74.1564
66.4077
68.6007
71.5813
79.1347
89.7284
104.535
125.154
157.436
176.479
179.273
177.132
175.873
172.597
167.834
163.265
157.271
150.257
150.492
146.458
136.654
125.235
110.428
97.1619
76.4601
64.7787
57.3399
57.145
60.2349
65.6615
69.5395
73.5707
74.3731
72.4051
85.311
90.633
101.317
115.903
125.045
136.632
141.259
148.664
152.045
158.91
161.969
164.725
165.625
165.456
164.379
161.743
160.266
156.794
154.994
151.138
147.256
142.458
135.392
129.679
121.9
116.269
110.465
104.57
101.344
96.5396
95.1546
93.6958
79.5201
69.5964
65.1632
66.5546
60.8498
68.317
90.271
124.114
166.253
211.375
224.436
230.986
229.345
226.124
220.995
218.206
208.004
207.884
193.209
193.513
178.934
179.234
169.224
154.086
152.566
132.315
122.778
116.603
105.393
94.7613
86.511
80.2899
75.7999
72.8665
68.3468
65.1247
57.2418
53.2599
63.5629
84.0187
89.4844
89.544
98.1262
117.538
130.653
134.123
137.729
136.1
141.013
138.907
140.61
138.92
137.939
137.275
136.111
135.505
134.532
133.199
131.83
129.965
125.729
126.022
123.93
123.1
115.925
105.388
111.978
110.788
119.591
111.471
105.283
94.9137
76.9305
75.2826
76.2599
75.5775
60.9499
53.3334
49.05
48.5553
50.8146
52.3366
54.5946
58.9842
67.7297
82.9336
83.0147
95.6296
92.9565
105.575
105.132
129.282
131.735
143.443
143.856
142.028
140.098
137.893
134.538
133.466
131.307
130.55
127.835
128.254
125.237
122.512
126.238
124.427
128.622
128.766
130.743
130.568
130.482
127.891
125.187
116.597
100.646
80.505
63.7748
63.4921
66.5119
68.2416
57.1244
56.744
46.3651
45.7183
49.1011
50.0205
58.9636
62.2651
76.7105
80.1849
108.088
118.077
127.163
133.458
139.276
146.119
147.47
152.956
150.954
151.384
146.713
140.237
128.05
104.647
68.9707
37.9161
22.7945
21.1103
22.5702
25.0867
26.6122
30.6443
32.4362
36.7402
41.4813
45.8663
53.9922
60.3425
69.3312
78.3329
86.8006
95.9026
104.515
112.81
121.167
129.371
137.963
146.459
155.011
164.315
170.999
176.693
181.235
188.918
187.586
154.867
141.945
114.255
98.3538
88.0912
79.9844
78.2603
82.9984
88.864
69.3622
52.9547
55.3401
68.3857
82.9535
97.7334
108.951
121.4
128.508
138.639
143.949
152.027
156.327
163.277
167.061
173.254
176.054
182.513
185.933
185.326
193.858
186.62
194.731
186.766
186.488
182.761
175.906
163.091
143.74
130.785
104.64
55.3602
51.3919
35.052
39.377
37.0517
38.5461
37.1982
39.8383
46.8896
54.1251
59.6636
65.4867
70.1671
74.8959
78.2059
83.2252
85.6141
91.2301
89.2743
82.7342
76.0131
59.5765
46.6952
34.6642
23.1394
11.8067
7.15038
7.74696
7.96409
9.6996
12.5047
16.0117
21.2948
28.1064
31.1957
30.9957
27.7914
29.9945
33.6786
39.5121
47.2076
52.2089
57.9239
57.9526
51.7347
43.448
36.977
27.9124
20.0962
12.8911
6.64552
3.86047
3.66917
2.95495
2.75495
2.66682
2.47093
2.47955
2.45496
2.60642
2.40354
2.51054
2.23889
2.06898
1.87379
1.67006
1.50815
)
;

boundaryField
{
    wand
    {
        type            zeroGradient;
    }
    frontAndBack
    {
        type            empty;
    }
}


// ************************************************************************* //
