/*--------------------------------*- C++ -*----------------------------------*\
| =========                 |                                                 |
| \\      /  F ield         | OpenFOAM: The Open Source CFD Toolbox           |
|  \\    /   O peration     | Version:  2.1.1                                 |
|   \\  /    A nd           | Web:      www.OpenFOAM.org                      |
|    \\/     M anipulation  |                                                 |
\*---------------------------------------------------------------------------*/
FoamFile
{
    version     2.0;
    format      ascii;
    class       volScalarField;
    location    "0.002450000";
    object      HO2;
}
// * * * * * * * * * * * * * * * * * * * * * * * * * * * * * * * * * * * * * //

dimensions      [0 0 0 0 0 0 0];

internalField   nonuniform List<scalar> 
12384
(
9.3651e-06
8.87684e-06
7.73328e-06
5.29271e-06
4.72302e-06
4.68791e-06
4.69839e-06
4.65037e-06
4.50382e-06
7.12447e-07
4.34568e-08
3.44847e-10
2.71918e-12
4.33311e-14
6.07023e-10
1.08065e-08
1.09097e-07
3.27178e-07
6.89899e-07
2.56328e-06
2.49703e-06
2.4603e-06
2.49603e-06
2.4901e-06
2.42216e-06
2.35664e-06
2.28816e-06
2.2035e-06
2.17548e-06
2.1388e-06
2.11411e-06
8.25916e-07
4.70504e-07
3.68515e-07
2.40875e-07
1.69484e-07
7.44959e-08
1.05238e-08
1.11364e-09
1.14084e-10
7.59433e-12
1.12078e-13
1.54329e-15
2.68517e-17
1.96997e-08
4.54185e-07
1.44649e-06
4.68466e-06
4.61604e-06
4.61459e-06
4.49098e-06
4.30203e-06
4.14002e-06
4.08018e-06
3.88922e-06
3.78304e-06
3.73119e-06
3.65387e-06
3.71705e-06
1.07615e-06
6.69337e-07
6.94773e-07
6.71693e-07
6.42905e-07
5.58016e-07
3.69637e-07
1.50954e-07
5.12077e-09
1.72825e-10
2.03987e-12
1.96289e-14
9.48962e-17
3.09817e-19
1.75141e-21
7.21225e-10
9.29595e-08
7.01664e-07
2.2845e-07
6.92416e-07
7.64637e-07
1.04199e-06
1.0947e-06
1.10302e-06
8.08831e-07
8.58581e-07
1.14375e-06
1.5276e-06
4.23293e-07
2.00352e-07
1.69695e-07
1.31389e-07
4.82079e-08
8.54705e-09
1.44806e-09
5.27709e-11
1.69643e-12
1.9926e-14
3.54796e-16
8.58538e-19
1.6094e-21
2.19521e-24
2.36996e-27
4.02602e-30
9.20904e-33
1.77064e-38
8.52583e-37
3.80608e-35
1.66877e-34
3.09577e-34
3.66006e-34
2.01595e-34
7.11403e-35
3.01658e-35
1.25715e-35
2.82764e-36
5.27653e-38
1.5524e-40
2.44565e-43
1.87996e-46
6.51648e-50
1.75878e-53
1.69069e-57
1.96721e-61
2.32833e-65
3.02128e-69
3.88963e-73
5.04013e-77
6.18236e-81
7.71144e-85
1.09586e-88
1.62388e-92
2.75737e-96
4.74618e-100
8.10103e-104
2.11955e-120
1.20253e-121
5.67053e-125
1.95075e-128
6.95442e-132
2.24411e-135
5.17139e-139
9.26801e-143
1.39763e-146
1.84271e-150
2.36389e-154
2.91298e-158
3.51466e-162
4.71141e-166
5.88404e-170
4.53332e-174
1.25489e-180
8.39694e-187
7.07307e-192
1.08222e-196
8.03441e-202
5.33752e-207
2.64281e-212
1.24087e-217
5.67735e-223
2.77098e-228
6.51652e-234
8.25927e-240
7.66912e-246
7.59334e-252
5.21432e-275
7.58239e-278
2.96884e-283
8.97888e-289
2.31969e-294
5.37749e-300
1.08459e-305
1.94566e-311
3.13648e-317
4.44659e-323
0
0
0
0
0
0
0
0
0
0
0
0
0
0
0
0
0
0
0
0
0
0
0
0
0
0
0
0
0
0
0
0
0
0
0
0
0
0
0
0
0
0
0
0
0
0
0
0
0
0
0
0
0
0
0
0
0
0
0
0
0
0
0
0
0
0
0
0
0
0
0
0
0
0
0
0
0
0
0
0
0
0
0
0
0
0
0
0
0
0
0
0
0
0
0
0
0
0
0
0
0
0
0
0
0
0
0
0
0
0
0
0
0
0
0
0
0
0
0
0
0
0
0
0
0
0
0
0
0
0
0
0
0
0
0
0
0
0
0
0
0
0
0
0
0
0
0
0
0
0
0
0
0
0
0
0
0
0
0
0
0
0
0
0
0
0
0
0
0
0
0
0
0
0
0
0
0
0
0
0
0
0
0
0
0
0
0
0
0
0
0
0
0
0
0
0
0
0
0
0
9.98624e-06
9.49866e-06
5.2479e-06
2.37578e-06
1.22625e-06
1.45495e-06
1.48798e-06
1.73087e-06
2.45909e-06
2.44726e-07
5.10988e-08
3.33302e-09
1.0865e-10
1.59642e-12
1.654e-08
1.75591e-07
7.92639e-07
2.47847e-06
2.48785e-06
2.39096e-06
2.32699e-06
2.30688e-06
2.32696e-06
2.36312e-06
2.29655e-06
2.2099e-06
2.12409e-06
2.02342e-06
1.94276e-06
1.89646e-06
1.86969e-06
1.8574e-06
1.85664e-06
1.72328e-06
1.61673e-06
1.38709e-06
1.48634e-06
1.77866e-07
2.82336e-08
1.33926e-09
2.62105e-10
2.00038e-11
2.53122e-13
4.14487e-15
3.74351e-07
4.32153e-06
4.63876e-06
4.71313e-06
4.64089e-06
4.60465e-06
4.5031e-06
4.26873e-06
4.14106e-06
4.07988e-06
3.89246e-06
3.68597e-06
3.55766e-06
3.44437e-06
3.33773e-06
3.23068e-06
3.11022e-06
3.2425e-06
2.31533e-06
1.30947e-06
1.009e-06
2.10727e-06
4.38077e-06
5.33763e-07
5.34452e-08
2.10388e-10
1.27166e-12
1.3894e-14
6.52411e-17
2.19493e-19
1.33066e-07
1.64759e-06
4.1664e-06
2.31835e-07
2.07127e-07
2.07491e-07
1.96306e-07
1.95182e-07
2.18219e-07
5.44679e-07
2.44523e-07
1.67604e-07
2.20868e-07
4.83229e-07
5.58132e-07
6.21103e-07
2.03623e-07
2.70872e-08
4.13587e-09
1.67691e-09
9.14225e-10
3.39891e-10
4.54914e-11
2.09341e-13
6.41251e-17
4.13141e-20
1.20653e-22
3.90529e-25
5.17516e-28
1.1778e-30
1.7444e-35
4.29319e-34
1.68062e-32
7.61588e-32
3.85488e-31
7.50048e-31
9.15625e-31
5.24368e-31
2.24878e-31
1.32116e-31
1.99197e-32
5.86181e-34
1.92964e-36
6.30443e-39
4.89134e-42
9.79745e-46
6.55181e-50
3.12213e-55
1.67979e-59
4.23162e-64
1.05567e-68
4.97406e-72
5.18964e-75
9.45043e-79
1.35637e-82
2.4439e-86
4.03431e-90
2.05502e-93
3.01875e-97
4.98896e-101
3.19078e-117
1.02126e-118
4.01796e-122
1.33119e-125
4.68545e-129
1.78078e-132
4.41182e-136
1.01093e-139
1.70293e-143
3.01112e-147
4.41206e-151
3.69337e-155
8.68849e-159
9.28678e-163
1.8687e-166
3.04915e-170
4.93128e-176
2.40489e-180
2.65158e-185
3.52801e-190
2.59599e-195
1.48246e-200
6.93933e-206
2.95546e-211
1.20205e-216
5.69897e-222
1.44688e-227
1.77046e-233
1.34678e-239
8.86873e-246
1.50996e-268
2.30261e-271
8.62037e-277
2.51265e-282
6.44506e-288
1.42319e-293
2.74642e-299
4.68789e-305
7.09188e-311
9.96256e-317
1.28457e-322
0
0
0
0
0
0
0
0
0
0
0
0
0
0
0
0
0
0
0
0
0
0
0
0
0
0
0
0
0
0
0
0
0
0
0
0
0
0
0
0
0
0
0
0
0
0
0
0
0
0
0
0
0
0
0
0
0
0
0
0
0
0
0
0
0
0
0
0
0
0
0
0
0
0
0
0
0
0
0
0
0
0
0
0
0
0
0
0
0
0
0
0
0
0
0
0
0
0
0
0
0
0
0
0
0
0
0
0
0
0
0
0
0
0
0
0
0
0
0
0
0
0
0
0
0
0
0
0
0
0
0
0
0
0
0
0
0
0
0
0
0
0
0
0
0
0
0
0
0
0
0
0
0
0
0
0
0
0
0
0
0
0
0
0
0
0
0
0
0
0
0
0
0
0
0
0
0
0
0
0
0
0
0
0
0
0
0
0
0
0
0
0
0
0
0
0
0
0
0
1.01267e-05
4.29511e-06
1.64552e-06
7.99041e-07
3.7312e-07
2.63605e-07
2.58781e-07
3.45836e-07
4.27633e-07
8.40353e-08
5.9934e-08
3.1442e-08
3.18407e-09
6.20218e-11
7.70729e-08
4.62411e-07
9.27125e-07
2.40441e-06
2.37758e-06
2.5172e-06
2.65963e-06
2.66544e-06
2.52275e-06
2.45253e-06
2.44442e-06
2.41362e-06
2.51084e-06
2.58592e-06
2.38595e-06
2.15698e-06
1.91674e-06
1.82789e-06
1.73135e-06
1.47456e-06
1.07635e-06
7.44943e-07
6.46853e-07
2.13736e-07
1.01196e-07
2.56804e-08
5.83397e-09
1.99077e-10
5.92981e-12
4.65853e-14
3.84255e-07
4.31228e-06
4.61911e-06
4.56363e-06
4.37677e-06
4.35914e-06
4.46638e-06
4.52799e-06
4.52367e-06
4.54271e-06
4.51753e-06
4.30141e-06
4.09775e-06
4.0306e-06
3.8544e-06
3.78782e-06
3.2918e-06
1.34666e-06
2.54951e-07
4.09974e-08
1.01077e-08
1.65128e-08
6.00188e-08
1.2816e-06
1.71615e-06
9.41196e-08
1.28403e-10
6.00743e-13
1.06096e-14
3.49074e-17
4.46145e-07
6.46632e-06
2.26564e-07
2.21258e-07
1.94316e-07
1.74644e-07
8.08817e-07
2.51882e-06
5.219e-06
5.16732e-06
5.09243e-06
2.59755e-06
2.2866e-07
1.16142e-07
1.08309e-07
6.82105e-08
3.32294e-08
2.21415e-09
2.61275e-09
4.26816e-09
6.64584e-10
1.80815e-10
3.57189e-11
1.63907e-11
6.22976e-12
9.79573e-17
7.76271e-21
3.80636e-23
4.54798e-25
7.9989e-28
3.96464e-33
1.46828e-31
1.27841e-29
5.42315e-28
2.771e-27
2.35209e-27
2.74578e-28
3.66028e-29
1.04011e-29
4.49174e-30
8.42242e-31
8.22028e-32
7.56992e-35
1.28744e-37
7.96052e-41
9.93482e-44
4.71858e-46
2.38764e-48
1.51333e-52
7.86037e-58
5.95023e-63
2.61022e-67
1.2437e-71
4.70877e-76
2.94481e-81
6.99818e-86
2.42924e-88
2.281e-90
9.42797e-94
1.66457e-97
2.64601e-114
3.72457e-115
2.87877e-118
1.03047e-121
3.49946e-125
7.79625e-129
1.35278e-132
1.32987e-136
1.51716e-140
1.22502e-144
1.29764e-148
6.72827e-154
1.30072e-156
1.29379e-161
1.54191e-164
1.47831e-168
2.00201e-172
2.03037e-176
1.88631e-181
2.18283e-186
1.41653e-191
8.33296e-197
3.2369e-202
1.62248e-207
4.96774e-213
2.98984e-218
9.91203e-224
1.91347e-229
1.36851e-235
5.82531e-242
4.48302e-265
1.71708e-267
5.60592e-273
1.94196e-278
4.1654e-284
1.06072e-289
1.74234e-295
3.31071e-301
4.30178e-307
6.59729e-313
7.44107e-319
0
0
0
0
0
0
0
0
0
0
0
0
0
0
0
0
0
0
0
0
0
0
0
0
0
0
0
0
0
0
0
0
0
0
0
0
0
0
0
0
0
0
0
0
0
0
0
0
0
0
0
0
0
0
0
0
0
0
0
0
0
0
0
0
0
0
0
0
0
0
0
0
0
0
0
0
0
0
0
0
0
0
0
0
0
0
0
0
0
0
0
0
0
0
0
0
0
0
0
0
0
0
0
0
0
0
0
0
0
0
0
0
0
0
0
0
0
0
0
0
0
0
0
0
0
0
0
0
0
0
0
0
0
0
0
0
0
0
0
0
0
0
0
0
0
0
0
0
0
0
0
0
0
0
0
0
0
0
0
0
0
0
0
0
0
0
0
0
0
0
0
0
0
0
0
0
0
0
0
0
0
0
0
0
0
0
0
0
0
0
0
0
0
0
0
0
0
0
0
5.42263e-06
3.18323e-06
3.15799e-06
2.90309e-06
1.3127e-06
4.7524e-07
5.36027e-07
3.44544e-07
3.73402e-07
2.07431e-07
2.34551e-08
1.7101e-08
1.26275e-08
1.09741e-09
1.02209e-07
2.79371e-07
2.27984e-06
2.40592e-06
2.87425e-06
3.4103e-06
3.97219e-06
4.22738e-06
3.87603e-06
4.29093e-06
5.02698e-06
5.48705e-06
6.2978e-06
6.44763e-06
6.41353e-06
6.26599e-06
6.38339e-06
6.74725e-06
6.46867e-06
5.50391e-06
3.85602e-06
2.47346e-06
1.22763e-06
2.94132e-07
6.40282e-08
1.67481e-08
1.65045e-08
1.44373e-10
7.9936e-12
1.17891e-13
3.82301e-07
4.39192e-06
4.51401e-06
4.492e-06
4.0122e-06
3.77703e-06
3.66608e-06
3.92861e-06
4.11467e-06
4.07153e-06
4.05916e-06
4.15916e-06
4.43127e-06
4.499e-06
4.47807e-06
4.386e-06
4.56914e-06
4.2988e-06
8.25356e-07
4.16071e-08
1.06595e-08
7.59278e-09
1.53535e-08
3.98691e-08
4.65811e-07
9.44347e-07
2.99537e-08
4.05048e-11
7.77084e-13
5.24612e-15
5.21179e-07
5.33628e-06
1.08006e-06
1.01116e-06
1.1043e-06
9.17254e-07
9.90451e-07
3.17237e-07
1.85107e-07
3.85643e-07
9.07952e-07
4.90139e-06
3.34952e-06
7.10025e-07
6.44532e-08
2.52772e-08
1.14535e-08
1.3341e-08
9.99556e-09
6.39839e-09
9.2945e-10
5.9016e-10
1.22367e-10
5.2159e-11
7.69486e-12
1.66223e-11
1.30932e-15
1.91958e-20
1.51998e-22
8.3173e-25
1.43764e-30
2.12489e-28
1.53585e-25
1.73483e-24
8.3179e-25
5.1395e-25
4.61745e-25
7.56879e-25
7.46296e-25
7.73573e-25
1.75374e-25
2.36525e-26
6.48831e-30
4.28543e-33
4.3403e-37
4.97739e-41
1.38436e-44
8.30028e-48
4.51628e-50
5.93053e-52
1.1275e-55
5.31992e-60
1.88152e-64
5.29561e-69
1.51089e-74
1.75842e-79
4.15201e-84
3.59493e-87
2.97864e-91
2.73013e-95
3.52963e-108
9.2529e-109
6.26064e-112
2.46819e-115
9.03549e-119
2.32922e-122
3.03093e-126
2.54983e-130
1.6195e-134
1.07675e-138
5.88608e-143
4.83861e-147
2.67034e-151
2.98281e-155
1.708e-159
2.7387e-163
1.73824e-167
3.11922e-171
2.28355e-175
3.09357e-180
1.37899e-185
7.99629e-191
2.38646e-196
9.50726e-202
2.43759e-207
9.69814e-213
3.15906e-218
5.45583e-224
3.44268e-230
1.88155e-236
2.84832e-258
3.78994e-261
1.24895e-266
2.80788e-272
7.36405e-278
1.3242e-283
2.46522e-289
3.36828e-295
4.89546e-301
5.52166e-307
6.81513e-313
6.81544e-319
0
0
0
0
0
0
0
0
0
0
0
0
0
0
0
0
0
0
0
0
0
0
0
0
0
0
0
0
0
0
0
0
0
0
0
0
0
0
0
0
0
0
0
0
0
0
0
0
0
0
0
0
0
0
0
0
0
0
0
0
0
0
0
0
0
0
0
0
0
0
0
0
0
0
0
0
0
0
0
0
0
0
0
0
0
0
0
0
0
0
0
0
0
0
0
0
0
0
0
0
0
0
0
0
0
0
0
0
0
0
0
0
0
0
0
0
0
0
0
0
0
0
0
0
0
0
0
0
0
0
0
0
0
0
0
0
0
0
0
0
0
0
0
0
0
0
0
0
0
0
0
0
0
0
0
0
0
0
0
0
0
0
0
0
0
0
0
0
0
0
0
0
0
0
0
0
0
0
0
0
0
0
0
0
0
0
0
0
0
0
0
0
0
0
0
0
0
0
4.53579e-06
9.88073e-06
1.53466e-05
1.367e-05
8.45309e-06
6.20135e-06
8.3178e-06
7.37189e-06
5.44903e-06
5.52029e-06
2.853e-06
9.14033e-08
1.651e-08
6.07997e-09
1.01496e-07
9.45443e-07
3.09837e-06
3.1543e-06
5.92696e-06
6.82301e-06
7.02499e-06
6.37954e-06
4.19571e-06
1.69964e-06
7.71624e-07
7.87004e-07
1.06663e-06
2.06868e-06
2.55856e-06
2.40464e-06
1.84783e-06
1.27403e-06
1.88562e-06
2.28238e-06
3.65818e-06
4.51506e-06
3.13968e-06
8.86184e-07
1.32898e-07
3.18443e-08
1.42042e-08
4.69127e-10
6.12729e-12
2.06212e-13
2.43235e-07
5.26828e-06
4.62768e-06
4.45626e-06
4.18561e-06
3.71064e-06
3.43945e-06
3.30245e-06
3.20111e-06
3.17976e-06
3.05372e-06
3.05935e-06
3.12147e-06
3.5308e-06
3.56474e-06
3.70886e-06
3.81254e-06
4.09908e-06
4.57175e-06
1.08972e-06
9.06969e-08
2.07096e-08
4.73174e-09
4.121e-09
6.65663e-08
2.89615e-07
4.53545e-07
5.52529e-09
3.11425e-11
6.62453e-13
5.57051e-07
3.9977e-06
1.53045e-06
5.54086e-06
5.07221e-06
5.46188e-06
3.70067e-07
2.1625e-08
2.75612e-07
1.03584e-06
1.85382e-06
4.8944e-06
4.86793e-06
6.06243e-07
2.79739e-08
7.48818e-09
6.40583e-09
1.3267e-08
1.91049e-08
8.39738e-09
5.94132e-09
1.92321e-09
4.26288e-10
1.49263e-10
3.81431e-11
1.95197e-11
2.32368e-11
6.09439e-16
5.29927e-20
5.16576e-22
5.01679e-27
3.2273e-24
3.26471e-22
3.55927e-22
5.29531e-22
2.3445e-21
5.06089e-21
2.22419e-21
6.74959e-22
1.10905e-21
2.34268e-22
1.25256e-22
2.43436e-25
1.87668e-28
1.39451e-32
7.61735e-37
4.6383e-41
5.30489e-45
1.32929e-48
2.62813e-51
1.93807e-53
1.4138e-55
2.62677e-59
1.60865e-63
7.356e-68
2.22424e-72
4.6783e-77
7.22556e-82
1.07832e-86
2.05406e-91
8.17779e-103
2.87725e-104
2.49947e-108
2.61961e-112
5.74468e-116
4.63508e-119
9.28217e-122
4.24986e-125
4.91086e-129
4.06297e-133
3.09252e-137
2.41033e-141
1.93393e-145
1.80577e-149
1.45824e-153
1.64722e-157
1.50238e-161
1.78355e-165
1.85809e-169
2.48759e-173
1.17516e-178
4.93626e-184
1.42624e-189
4.08886e-195
9.9929e-201
2.78872e-206
8.02139e-212
1.44888e-217
1.05405e-223
6.53046e-230
4.75357e-251
7.05333e-254
1.61769e-259
3.98755e-265
7.23113e-271
1.54551e-276
2.25282e-282
3.3035e-288
3.90711e-294
4.70758e-300
4.74169e-306
5.03166e-312
4.58322e-318
4.94066e-324
0
0
0
0
0
0
0
0
0
0
0
0
0
0
0
0
0
0
0
0
0
0
0
0
0
0
0
0
0
0
0
0
0
0
0
0
0
0
0
0
0
0
0
0
0
0
0
0
0
0
0
0
0
0
0
0
0
0
0
0
0
0
0
0
0
0
0
0
0
0
0
0
0
0
0
0
0
0
0
0
0
0
0
0
0
0
0
0
0
0
0
0
0
0
0
0
0
0
0
0
0
0
0
0
0
0
0
0
0
0
0
0
0
0
0
0
0
0
0
0
0
0
0
0
0
0
0
0
0
0
0
0
0
0
0
0
0
0
0
0
0
0
0
0
0
0
0
0
0
0
0
0
0
0
0
0
0
0
0
0
0
0
0
0
0
0
0
0
0
0
0
0
0
0
0
0
0
0
0
0
0
0
0
0
0
0
0
0
0
0
0
0
0
0
0
0
1.13541e-05
1.74246e-05
1.28661e-05
1.16486e-05
9.75534e-06
6.68306e-06
4.7698e-06
5.97876e-06
8.66785e-06
6.05483e-06
4.40139e-06
1.55728e-06
3.13511e-08
7.56699e-09
1.93778e-07
1.72135e-06
3.99614e-06
6.25608e-06
5.6497e-06
4.30194e-06
1.74442e-06
3.40258e-07
7.75902e-08
4.29783e-08
4.74162e-08
7.33914e-08
1.13001e-07
1.38841e-07
1.48637e-07
1.42414e-07
1.31312e-07
1.85492e-07
4.86257e-07
1.61702e-06
2.6702e-06
3.55929e-06
4.38221e-06
1.52853e-06
2.78841e-07
1.41869e-07
1.00294e-08
9.63958e-09
8.11441e-10
1.23452e-11
1.09652e-07
1.39778e-06
4.5946e-06
4.69497e-06
4.53246e-06
4.47495e-06
4.2035e-06
3.77426e-06
3.31374e-06
2.85018e-06
2.49524e-06
2.42626e-06
2.84866e-06
3.46863e-06
4.25541e-06
4.58686e-06
4.55503e-06
4.53711e-06
4.44658e-06
4.57656e-06
3.52145e-06
1.3787e-06
5.13662e-08
2.25414e-09
1.03226e-08
5.40718e-07
4.03644e-06
1.33454e-07
1.53199e-09
4.82232e-11
1.88725e-07
1.94108e-06
4.85189e-06
5.27444e-06
5.12729e-06
1.28e-06
7.68148e-09
4.85585e-07
9.9531e-07
4.16969e-06
4.90363e-06
4.80992e-06
4.90445e-06
6.35068e-08
2.18746e-09
2.0512e-09
4.65338e-09
1.17656e-08
1.35508e-08
6.80446e-09
3.79423e-09
2.28373e-09
9.35344e-10
2.46489e-10
5.14456e-11
3.45491e-11
4.32363e-11
1.4695e-11
1.67364e-17
9.9545e-20
6.41515e-23
7.40362e-21
6.95248e-20
6.21196e-20
4.23152e-19
4.70496e-18
6.40091e-18
2.71925e-18
4.11446e-18
5.54333e-18
4.01563e-18
6.69167e-19
1.55143e-21
8.3322e-25
2.7478e-29
2.38741e-33
2.44148e-37
2.24853e-41
1.93763e-45
3.3628e-49
3.68764e-52
1.11078e-54
6.23498e-57
1.93843e-59
3.60313e-63
2.39037e-67
8.89887e-72
1.7056e-76
1.86728e-81
1.2392e-86
2.64584e-98
6.53306e-101
1.28369e-104
1.13451e-108
8.20675e-113
1.09687e-116
3.49267e-120
5.37754e-123
1.93902e-125
1.23828e-128
1.93952e-132
2.29531e-136
2.36981e-140
2.77457e-144
2.5429e-148
3.44802e-152
2.98351e-156
4.61347e-160
3.94785e-164
6.82932e-168
5.89144e-172
2.73949e-177
5.53021e-183
1.65564e-188
2.64921e-194
7.41074e-200
1.30235e-205
3.21831e-211
2.3579e-217
1.50913e-223
7.3823e-244
8.40971e-247
1.83815e-252
2.86696e-258
5.46801e-264
8.55289e-270
1.46424e-275
1.77254e-281
2.31409e-287
2.31375e-293
2.45647e-299
2.2215e-305
2.09686e-311
1.75953e-317
1.4822e-323
0
0
0
0
0
0
0
0
0
0
0
0
0
0
0
0
0
0
0
0
0
0
0
0
0
0
0
0
0
0
0
0
0
0
0
0
0
0
0
0
0
0
0
0
0
0
0
0
0
0
0
0
0
0
0
0
0
0
0
0
0
0
0
0
0
0
0
0
0
0
0
0
0
0
0
0
0
0
0
0
0
0
0
0
0
0
0
0
0
0
0
0
0
0
0
0
0
0
0
0
0
0
0
0
0
0
0
0
0
0
0
0
0
0
0
0
0
0
0
0
0
0
0
0
0
0
0
0
0
0
0
0
0
0
0
0
0
0
0
0
0
0
0
0
0
0
0
0
0
0
0
0
0
0
0
0
0
0
0
0
0
0
0
0
0
0
0
0
0
0
0
0
0
0
0
0
0
0
0
0
0
0
0
0
0
0
0
0
0
0
0
0
0
0
0
1.72654e-05
9.86708e-06
7.30926e-06
3.90986e-06
1.04105e-06
2.86657e-07
3.11047e-07
2.46102e-06
5.58862e-06
1.36675e-06
7.10851e-07
8.25444e-07
2.29714e-07
1.50663e-08
4.16927e-07
2.90266e-06
5.37493e-06
3.20082e-06
1.05565e-06
2.8889e-07
6.12875e-08
1.55669e-08
7.06798e-09
5.36878e-09
7.91898e-09
1.01198e-08
1.53066e-08
1.64657e-08
1.17374e-08
1.38143e-08
2.7331e-08
1.1715e-07
1.01676e-06
3.99144e-06
4.42756e-06
4.24755e-06
4.51979e-06
2.19825e-06
6.1525e-07
2.30329e-07
3.81138e-08
6.79449e-08
8.03162e-09
3.03316e-10
8.01396e-08
1.07136e-06
4.60638e-06
4.26259e-06
4.13245e-06
3.36627e-06
3.24438e-06
4.28666e-06
4.1829e-06
2.90146e-06
2.27649e-06
2.66377e-06
4.24822e-06
3.49128e-06
4.96485e-07
8.96044e-08
6.81767e-08
1.06614e-07
1.25265e-06
4.3129e-06
4.63143e-06
4.58178e-06
4.42779e-06
8.42173e-08
2.58265e-09
4.47436e-09
2.35769e-07
6.06867e-07
9.74918e-09
2.97922e-10
5.5782e-09
4.91202e-07
1.46359e-06
1.66748e-06
7.60556e-07
7.31658e-08
7.8356e-08
1.17226e-06
3.95865e-06
4.92916e-06
4.98398e-06
4.83242e-06
4.99179e-06
2.42148e-08
2.06866e-10
6.60431e-10
2.68093e-09
5.63212e-09
3.67388e-09
9.64368e-10
7.083e-10
6.99226e-10
6.84135e-10
3.13901e-10
9.02712e-11
1.48137e-11
3.01432e-11
4.95008e-11
1.95641e-12
4.35355e-17
4.00114e-19
9.69892e-18
7.25036e-18
2.9557e-17
2.4743e-16
2.00975e-15
7.16085e-15
1.63423e-14
3.12387e-14
3.76729e-14
2.04483e-14
4.38766e-15
5.0487e-18
3.33721e-22
1.88836e-26
1.74318e-30
2.57743e-34
4.05522e-38
5.22429e-42
5.65008e-46
9.42584e-50
4.64042e-53
1.13231e-55
3.5293e-58
1.22493e-60
1.79603e-63
3.22349e-67
1.8976e-71
3.89756e-76
1.40485e-81
1.7617e-94
1.87417e-96
2.37295e-100
5.79355e-104
3.99901e-108
6.90192e-113
3.25506e-117
8.06438e-121
1.07621e-123
2.00327e-126
2.92527e-129
1.40434e-132
3.66648e-136
6.6303e-140
1.0041e-143
1.48562e-147
1.92447e-151
2.82918e-155
3.54499e-159
5.25211e-163
6.69124e-167
9.99908e-171
2.19248e-176
4.60546e-182
8.13164e-188
1.54826e-193
2.69004e-199
5.64868e-205
6.06321e-211
3.5174e-217
6.46133e-237
6.22796e-240
9.11563e-246
1.37733e-251
1.93251e-257
3.00071e-263
4.29863e-269
6.39888e-275
7.44769e-281
8.52797e-287
8.22084e-293
7.99926e-299
6.77471e-305
5.91677e-311
4.64294e-317
3.95253e-323
0
0
0
0
0
0
0
0
0
0
0
0
0
0
0
0
0
0
0
0
0
0
0
0
0
0
0
0
0
0
0
0
0
0
0
0
0
0
0
0
0
0
0
0
0
0
0
0
0
0
0
0
0
0
0
0
0
0
0
0
0
0
0
0
0
0
0
0
0
0
0
0
0
0
0
0
0
0
0
0
0
0
0
0
0
0
0
0
0
0
0
0
0
0
0
0
0
0
0
0
0
0
0
0
0
0
0
0
0
0
0
0
0
0
0
0
0
0
0
0
0
0
0
0
0
0
0
0
0
0
0
0
0
0
0
0
0
0
0
0
0
0
0
0
0
0
0
0
0
0
0
0
0
0
0
0
0
0
0
0
0
0
0
0
0
0
0
0
0
0
0
0
0
0
0
0
0
0
0
0
0
0
0
0
0
0
0
0
0
0
0
0
0
0
7.27237e-06
4.04858e-06
2.42968e-06
4.64328e-07
3.4234e-08
1.24996e-08
6.92432e-08
6.11309e-06
2.10504e-06
7.19226e-07
4.5763e-07
3.84492e-07
2.41e-07
6.70203e-09
1.34754e-06
4.35741e-06
2.23751e-06
4.82516e-07
1.20882e-07
2.90817e-08
8.21131e-09
3.17056e-09
1.84935e-09
1.89019e-09
1.86631e-09
2.42255e-09
2.12521e-09
1.73473e-09
1.80102e-09
6.32656e-09
4.47467e-08
2.80142e-06
3.89309e-06
3.1291e-06
3.8921e-06
4.39495e-06
3.62257e-06
1.41205e-06
4.5867e-07
2.47872e-07
2.58356e-07
4.44588e-07
2.30102e-08
1.11188e-09
4.65683e-08
8.13863e-07
4.28453e-06
3.31645e-06
2.20086e-06
1.19127e-06
8.35977e-07
1.444e-06
4.52077e-06
2.86064e-06
2.2323e-06
3.55537e-06
2.91803e-06
1.25646e-07
2.12152e-08
6.85915e-09
4.43425e-09
4.481e-09
9.55791e-09
4.22637e-08
1.46133e-06
4.63218e-06
4.57866e-06
4.22798e-06
4.41247e-08
1.67448e-09
1.99479e-08
4.58149e-06
9.8921e-08
5.10578e-09
2.55529e-12
1.74168e-09
1.44973e-07
1.13031e-07
1.27806e-08
3.53602e-09
2.21061e-07
5.3749e-06
5.11522e-06
4.89791e-06
4.84221e-06
4.81397e-06
4.7565e-06
6.51695e-09
2.72938e-11
1.33751e-10
6.9031e-10
4.40625e-10
1.63848e-10
3.78462e-11
3.6609e-11
3.70578e-11
7.45441e-11
1.32557e-10
1.09503e-10
2.14439e-11
7.12873e-12
7.89855e-11
4.11771e-10
9.28262e-14
5.45248e-15
5.3954e-15
1.38346e-14
6.50741e-14
1.96881e-13
1.00498e-12
2.40255e-12
2.72231e-12
2.93544e-12
1.13934e-12
3.03039e-13
3.35383e-14
1.38963e-16
4.48825e-20
5.44486e-24
6.42393e-28
1.0879e-31
2.29675e-35
5.41432e-39
8.79949e-43
1.09007e-46
1.92857e-50
8.92446e-54
1.22112e-56
2.71067e-59
5.34202e-62
1.07082e-64
1.36906e-67
9.09131e-72
2.54054e-77
1.87341e-90
9.19504e-93
9.38692e-97
4.10041e-100
5.64596e-104
7.05475e-109
1.24429e-113
7.72829e-118
2.72836e-121
2.97838e-124
2.67112e-127
1.86629e-130
7.75806e-134
3.24912e-137
1.30948e-140
3.20042e-144
8.65411e-148
1.51319e-151
3.37834e-155
5.28487e-159
9.67088e-163
1.50022e-166
2.43258e-170
4.37726e-176
7.47841e-182
1.17356e-187
1.81477e-193
3.01676e-199
3.40326e-205
2.55953e-211
8.65048e-231
6.43925e-234
7.25525e-240
9.90406e-246
1.25166e-251
1.7087e-257
2.31158e-263
3.23914e-269
4.3037e-275
5.07026e-281
5.35646e-287
5.15527e-293
4.5989e-299
3.85958e-305
3.10139e-311
2.40382e-317
1.97626e-323
0
0
0
0
0
0
0
0
0
0
0
0
0
0
0
0
0
0
0
0
0
0
0
0
0
0
0
0
0
0
0
0
0
0
0
0
0
0
0
0
0
0
0
0
0
0
0
0
0
0
0
0
0
0
0
0
0
0
0
0
0
0
0
0
0
0
0
0
0
0
0
0
0
0
0
0
0
0
0
0
0
0
0
0
0
0
0
0
0
0
0
0
0
0
0
0
0
0
0
0
0
0
0
0
0
0
0
0
0
0
0
0
0
0
0
0
0
0
0
0
0
0
0
0
0
0
0
0
0
0
0
0
0
0
0
0
0
0
0
0
0
0
0
0
0
0
0
0
0
0
0
0
0
0
0
0
0
0
0
0
0
0
0
0
0
0
0
0
0
0
0
0
0
0
0
0
0
0
0
0
0
0
0
0
0
0
0
0
0
0
0
0
0
1.84271e-06
1.16114e-06
4.34182e-07
2.89889e-08
2.29387e-09
3.03629e-09
1.25258e-07
5.9181e-06
2.48017e-06
2.89766e-06
3.22116e-06
1.98498e-06
7.44181e-07
4.60177e-07
1.67046e-06
1.7225e-06
2.34232e-06
3.90765e-06
5.62651e-07
1.61294e-07
4.21024e-08
1.34914e-08
5.10649e-09
2.43513e-09
1.72081e-09
7.61544e-10
6.78573e-10
6.35729e-10
4.85659e-10
4.08443e-10
1.60169e-09
2.56702e-08
4.46173e-06
2.1629e-06
1.31355e-06
1.72683e-06
2.84118e-06
3.3256e-06
2.32224e-06
1.16662e-06
7.25531e-07
6.97618e-07
8.73389e-07
1.22291e-06
2.04763e-08
2.4101e-09
1.09681e-09
1.86105e-09
3.29321e-08
6.29825e-07
3.4934e-06
1.48305e-06
1.43605e-06
1.0585e-06
6.94104e-07
1.10738e-06
4.51813e-06
2.56093e-06
2.2192e-06
3.6857e-06
2.91891e-06
2.56496e-07
5.76067e-08
2.62056e-08
1.17476e-08
6.09136e-09
3.047e-09
3.22487e-09
1.13558e-08
1.1922e-07
3.14633e-06
4.64562e-06
2.24512e-06
8.13268e-09
2.61281e-09
1.79577e-06
3.55648e-07
2.07437e-07
3.06579e-08
1.05135e-09
5.39382e-11
6.70758e-10
1.00309e-09
9.10707e-10
2.29095e-09
5.52615e-08
1.34804e-06
3.28499e-06
4.94129e-06
4.90865e-06
5.06523e-06
5.12511e-06
2.47916e-06
9.31976e-10
6.7322e-12
1.23992e-11
2.70944e-11
1.26161e-11
5.09925e-12
2.98918e-12
2.854e-12
3.58326e-12
4.00537e-12
1.29588e-11
3.47629e-11
3.60726e-11
7.89325e-12
5.89134e-12
3.99954e-10
7.32825e-10
1.00449e-11
2.01893e-12
1.49045e-12
1.13359e-12
1.7997e-12
9.19286e-12
1.86786e-11
9.32252e-12
6.52636e-12
4.00647e-12
8.87275e-12
3.21812e-12
1.30954e-12
1.46743e-13
2.96743e-15
3.83881e-18
1.48023e-21
2.80914e-25
4.98233e-29
1.1261e-32
2.84998e-36
6.74275e-40
1.10197e-43
2.01366e-47
3.48432e-51
1.15137e-54
9.96448e-58
1.59109e-60
2.87946e-63
5.42898e-66
1.89991e-68
1.04253e-72
1.36448e-77
1.10961e-81
5.20984e-87
6.76903e-91
2.17784e-93
2.96501e-96
6.80758e-101
1.11885e-105
2.46186e-110
1.29797e-114
1.76164e-118
6.64546e-122
6.16911e-125
3.37991e-128
1.32874e-131
4.3762e-135
1.43283e-138
3.7908e-142
9.76141e-146
2.35476e-149
5.81562e-153
1.08616e-156
2.2904e-160
4.24065e-164
1.06841e-167
1.77559e-171
3.29383e-177
4.21897e-183
9.2418e-189
1.37458e-194
2.60587e-200
4.12838e-206
1.62766e-212
3.60601e-219
1.45954e-225
5.74885e-232
9.16591e-238
1.14956e-243
3.69384e-249
5.95916e-255
1.84923e-260
4.06451e-266
1.05895e-271
1.64841e-277
2.61494e-283
2.97773e-289
3.46267e-295
3.22488e-301
3.06677e-307
2.51635e-313
2.11742e-319
0
0
0
0
0
0
0
0
0
0
0
0
0
0
0
0
0
0
0
0
0
0
0
0
0
0
0
0
0
0
0
0
0
0
0
0
0
0
0
0
0
0
0
0
0
0
0
0
0
0
0
0
0
0
0
0
0
0
0
0
0
0
0
0
0
0
0
0
0
0
0
0
0
0
0
0
0
0
0
0
0
0
0
0
0
0
0
0
0
0
0
0
0
0
0
0
0
0
0
0
0
0
0
0
0
0
0
0
0
0
0
0
0
0
0
0
0
0
0
0
0
0
0
0
0
0
0
0
0
0
0
0
0
0
0
0
0
0
0
0
0
0
0
0
0
0
0
0
0
0
0
0
0
0
0
0
0
0
0
0
0
0
0
0
0
0
0
0
0
0
0
0
0
0
0
0
0
0
0
0
0
0
0
0
0
0
0
0
0
0
0
0
0
0
0
0
0
0
0
0
0
0
0
0
0
0
0
2.66779e-07
2.34393e-07
5.48527e-08
2.78097e-09
4.81502e-10
1.91205e-09
2.00982e-07
7.07922e-06
5.65602e-06
6.99658e-06
6.13894e-06
5.17626e-06
3.44475e-06
3.15993e-06
3.0048e-06
2.84132e-06
4.98568e-06
1.2712e-06
5.10208e-07
1.88805e-07
7.41448e-08
3.19376e-08
1.3211e-08
4.06096e-09
9.64817e-10
4.92261e-10
3.03432e-10
2.00616e-10
1.85096e-10
5.24917e-10
8.62806e-09
3.87247e-06
1.87376e-06
8.29085e-07
8.47973e-07
1.26528e-06
1.71445e-06
1.65154e-06
1.1988e-06
9.26697e-07
9.01468e-07
1.021e-06
1.29858e-06
2.3076e-06
9.23591e-08
1.08306e-07
8.49485e-08
5.68328e-08
6.9551e-08
1.97106e-07
4.1078e-07
5.60591e-07
1.47978e-06
1.20072e-06
1.01767e-06
1.11501e-06
4.35453e-06
2.77885e-06
2.19892e-06
2.94482e-06
4.19744e-06
4.49355e-06
3.78674e-06
3.08622e-06
2.51697e-06
1.49352e-06
1.88787e-07
1.02171e-08
3.01572e-09
4.76872e-09
3.09385e-08
1.32456e-06
4.36249e-06
6.36721e-07
3.51255e-09
2.01782e-08
4.66944e-06
7.63421e-07
3.75139e-07
6.06315e-08
2.17711e-08
6.48185e-08
9.29158e-08
6.82337e-08
1.07586e-07
4.09116e-07
2.36017e-06
4.85284e-06
2.65919e-06
8.27481e-07
4.35915e-07
2.25842e-07
5.39491e-08
8.75262e-10
4.95466e-12
2.60982e-12
1.90045e-12
1.79458e-12
1.76341e-12
1.96467e-12
2.24973e-12
2.13936e-12
2.21944e-12
2.39362e-12
4.1606e-12
1.25867e-11
1.33337e-11
4.05936e-12
1.29764e-11
6.33397e-10
9.38481e-10
2.32044e-10
2.77955e-10
1.37029e-10
1.52439e-11
4.60683e-12
3.76019e-12
4.25627e-12
4.04467e-12
2.64781e-12
1.15619e-12
5.03064e-13
4.87527e-13
9.16834e-13
3.78853e-13
9.33109e-16
6.50187e-19
2.48641e-22
5.38891e-26
8.85045e-30
2.046e-33
3.77387e-37
7.32226e-41
1.25884e-44
2.5301e-48
5.02415e-52
1.6218e-55
9.44942e-59
8.60636e-62
1.05609e-64
1.23532e-67
5.67766e-70
4.98501e-73
2.83781e-77
2.22882e-81
2.38141e-85
2.19852e-89
6.31326e-94
1.89725e-98
6.75671e-103
2.73199e-107
1.58584e-111
1.87017e-115
4.6474e-119
1.81744e-122
5.8202e-126
2.4302e-129
7.44583e-133
2.18699e-136
5.30865e-140
1.5642e-143
3.28094e-147
7.56825e-151
1.54199e-154
3.88899e-158
6.87692e-162
1.51798e-165
2.53887e-169
7.1359e-173
7.38916e-179
1.16576e-184
1.16172e-190
2.07748e-196
2.11119e-202
1.8328e-208
7.12556e-215
3.22435e-221
1.66454e-227
2.05352e-233
2.21569e-239
3.58682e-245
5.18696e-251
1.28252e-256
2.28281e-262
5.52511e-268
7.48544e-274
1.15257e-279
1.18634e-285
1.36729e-291
1.17789e-297
1.12509e-303
8.66808e-310
7.38114e-316
5.38532e-322
0
0
0
0
0
0
0
0
0
0
0
0
0
0
0
0
0
0
0
0
0
0
0
0
0
0
0
0
0
0
0
0
0
0
0
0
0
0
0
0
0
0
0
0
0
0
0
0
0
0
0
0
0
0
0
0
0
0
0
0
0
0
0
0
0
0
0
0
0
0
0
0
0
0
0
0
0
0
0
0
0
0
0
0
0
0
0
0
0
0
0
0
0
0
0
0
0
0
0
0
0
0
0
0
0
0
0
0
0
0
0
0
0
0
0
0
0
0
0
0
0
0
0
0
0
0
0
0
0
0
0
0
0
0
0
0
0
0
0
0
0
0
0
0
0
0
0
0
0
0
0
0
0
0
0
0
0
0
0
0
0
0
0
0
0
0
0
0
0
0
0
0
0
0
0
0
0
0
0
0
0
0
0
0
0
0
0
0
0
0
0
0
0
0
0
0
0
0
0
0
0
0
0
0
0
0
2.67678e-08
3.8204e-08
6.88049e-09
5.7823e-10
2.61316e-10
1.4095e-09
6.83026e-08
5.8214e-06
8.51489e-06
8.63397e-06
7.45605e-06
6.62649e-06
6.39746e-06
6.40338e-06
6.16128e-06
5.96621e-06
4.10193e-06
2.63249e-06
2.24681e-06
1.33519e-06
5.76971e-07
1.67036e-07
3.02118e-08
3.45009e-09
6.77814e-10
2.58659e-10
1.41813e-10
1.3392e-10
1.64218e-10
2.0587e-09
1.04528e-07
3.50789e-06
9.85956e-07
6.54662e-07
7.37903e-07
9.5365e-07
1.02169e-06
9.83756e-07
9.48821e-07
9.64893e-07
1.027e-06
1.22788e-06
1.6559e-06
2.21632e-06
2.6356e-06
3.38352e-06
3.62751e-06
3.93855e-06
4.3648e-06
4.33243e-06
4.09924e-06
3.03429e-06
1.49757e-06
1.20975e-06
1.20328e-06
1.02298e-06
1.30623e-06
4.27904e-06
3.92163e-06
3.84528e-06
4.52744e-06
3.00291e-06
1.108e-06
9.99179e-07
1.73267e-06
3.04206e-06
2.69682e-06
8.70916e-07
3.6195e-08
3.65026e-09
3.59294e-09
3.49534e-08
1.95853e-06
3.23292e-06
6.79982e-08
6.92594e-09
5.10324e-08
4.8403e-06
2.05556e-06
5.81276e-07
8.19033e-08
1.19564e-07
4.02895e-07
1.01057e-06
1.07773e-06
1.05954e-06
2.69378e-06
4.88624e-06
5.40951e-07
4.83561e-08
1.62017e-08
1.13288e-08
8.09044e-09
2.29586e-09
7.95402e-11
7.35891e-12
3.63506e-12
3.70009e-12
6.53363e-12
9.87754e-12
1.12674e-11
8.68196e-12
4.21579e-12
2.88049e-12
2.21384e-12
3.39739e-12
7.01024e-12
6.32895e-12
1.27544e-12
6.76021e-12
3.95574e-11
3.41674e-11
2.27188e-11
1.48971e-11
5.2534e-12
2.19186e-12
1.59036e-12
5.92381e-13
5.21553e-13
3.97202e-13
5.41728e-13
5.85132e-13
6.42025e-13
7.6882e-13
6.00116e-13
3.39597e-13
4.97021e-16
2.39695e-19
5.94064e-23
9.21917e-27
1.20384e-30
1.98127e-34
2.74586e-38
5.19707e-42
8.50347e-46
1.79493e-49
3.49316e-53
9.74141e-57
3.58221e-60
2.23286e-63
1.76448e-66
1.38957e-69
7.90278e-73
3.25685e-76
6.82908e-80
7.68781e-84
7.24472e-88
5.5552e-92
3.88306e-96
2.65491e-100
1.85869e-104
1.43365e-108
1.55147e-112
2.79608e-116
5.71181e-120
1.81214e-123
4.26838e-127
1.20504e-130
2.86706e-134
6.25255e-138
1.34661e-141
3.04365e-145
6.24697e-149
1.22462e-152
2.28825e-156
4.24477e-160
7.61963e-164
1.39576e-167
3.30702e-171
5.96016e-175
6.56452e-181
6.54583e-187
7.19839e-193
6.77396e-199
5.01878e-205
3.33646e-211
1.84118e-217
1.0755e-223
1.0203e-229
9.74105e-236
1.33705e-241
1.59807e-247
2.73991e-253
4.5349e-259
8.88363e-265
1.26112e-270
1.74342e-276
1.8924e-282
2.03299e-288
1.83644e-294
1.65653e-300
1.32281e-306
1.06734e-312
7.95461e-319
0
0
0
0
0
0
0
0
0
0
0
0
0
0
0
0
0
0
0
0
0
0
0
0
0
0
0
0
0
0
0
0
0
0
0
0
0
0
0
0
0
0
0
0
0
0
0
0
0
0
0
0
0
0
0
0
0
0
0
0
0
0
0
0
0
0
0
0
0
0
0
0
0
0
0
0
0
0
0
0
0
0
0
0
0
0
0
0
0
0
0
0
0
0
0
0
0
0
0
0
0
0
0
0
0
0
0
0
0
0
0
0
0
0
0
0
0
0
0
0
0
0
0
0
0
0
0
0
0
0
0
0
0
0
0
0
0
0
0
0
0
0
0
0
0
0
0
0
0
0
0
0
0
0
0
0
0
0
0
0
0
0
0
0
0
0
0
0
0
0
0
0
0
0
0
0
0
0
0
0
0
0
0
0
0
0
0
0
0
0
0
0
0
0
0
0
0
0
0
0
0
0
0
0
0
0
2.84346e-09
4.13019e-09
1.24428e-09
2.65953e-10
1.95039e-10
5.68551e-10
1.81416e-08
1.41481e-06
8.8e-06
9.25301e-06
8.86166e-06
8.06662e-06
7.32541e-06
7.0025e-06
6.99324e-06
6.7098e-06
7.09574e-06
7.94047e-06
8.09174e-06
7.48541e-06
3.09395e-06
2.13915e-07
1.23653e-08
1.20759e-09
3.10097e-10
1.41082e-10
1.19941e-10
1.30608e-10
3.92376e-10
6.3147e-09
2.25552e-06
2.34635e-06
7.43902e-07
5.58673e-07
6.2123e-07
7.41625e-07
8.8248e-07
9.6244e-07
1.06048e-06
1.21368e-06
1.28685e-06
1.35928e-06
1.48991e-06
1.80254e-06
2.22303e-06
2.77634e-06
3.55196e-06
4.30748e-06
4.13947e-06
3.23415e-06
2.52527e-06
1.73137e-06
1.28068e-06
1.10031e-06
9.82195e-07
7.66514e-07
6.947e-07
1.20864e-06
2.44481e-06
2.30789e-06
9.22541e-07
2.23992e-07
2.03458e-07
2.85472e-07
8.61857e-07
9.47836e-07
2.6879e-07
6.42775e-08
2.48486e-08
5.28105e-09
1.18524e-09
2.33449e-09
3.51639e-08
2.20068e-06
1.5125e-06
6.31101e-08
1.66374e-08
4.16706e-08
2.04268e-06
4.41431e-06
4.02057e-06
3.06131e-06
3.32925e-06
4.2729e-06
4.64402e-06
4.68808e-06
1.91879e-06
1.62419e-07
3.74716e-08
1.36888e-08
5.16621e-09
2.67947e-09
2.56607e-09
2.97753e-09
1.80058e-09
4.61792e-10
1.64806e-10
1.06987e-10
9.40552e-11
7.38899e-11
4.06699e-11
2.81385e-11
1.3366e-11
8.50322e-12
3.61325e-12
2.57353e-12
2.98131e-12
3.38212e-12
2.99152e-12
8.46582e-13
7.04026e-13
8.65038e-13
1.25344e-12
3.59321e-12
1.80772e-12
9.42066e-13
7.88173e-13
5.98301e-13
7.23354e-13
1.27936e-12
2.31238e-12
2.43133e-12
3.03255e-12
3.3503e-12
1.57602e-12
7.80665e-13
2.11841e-13
1.46279e-16
4.49117e-20
7.38217e-24
8.79179e-28
8.72704e-32
1.21671e-35
1.44226e-39
2.68037e-43
4.48288e-47
9.5462e-51
1.94625e-54
4.49315e-58
1.23179e-61
3.81293e-65
1.54076e-68
5.75183e-72
1.40246e-75
3.16251e-79
4.90242e-83
7.22741e-87
7.72635e-91
9.73337e-95
9.08821e-99
1.14582e-102
1.17928e-106
1.57257e-110
1.78574e-114
3.4498e-118
8.70529e-122
1.74925e-125
3.20432e-129
6.08533e-133
1.38905e-136
2.84869e-140
5.05739e-144
9.58515e-148
1.59399e-151
2.80264e-155
4.74057e-159
8.38628e-163
1.49185e-166
3.26816e-170
5.42081e-174
3.29568e-178
1.08237e-184
4.13851e-191
1.88925e-197
1.11411e-203
8.25971e-210
6.71433e-216
6.06512e-222
7.17939e-228
8.12446e-234
1.2763e-239
1.75678e-245
3.33861e-251
5.81796e-257
1.17397e-262
1.62475e-268
2.16049e-274
2.13133e-280
2.09328e-286
1.67529e-292
1.37662e-298
9.92665e-305
7.53723e-311
5.30897e-317
3.95253e-323
0
0
0
0
0
0
0
0
0
0
0
0
0
0
0
0
0
0
0
0
0
0
0
0
0
0
0
0
0
0
0
0
0
0
0
0
0
0
0
0
0
0
0
0
0
0
0
0
0
0
0
0
0
0
0
0
0
0
0
0
0
0
0
0
0
0
0
0
0
0
0
0
0
0
0
0
0
0
0
0
0
0
0
0
0
0
0
0
0
0
0
0
0
0
0
0
0
0
0
0
0
0
0
0
0
0
0
0
0
0
0
0
0
0
0
0
0
0
0
0
0
0
0
0
0
0
0
0
0
0
0
0
0
0
0
0
0
0
0
0
0
0
0
0
0
0
0
0
0
0
0
0
0
0
0
0
0
0
0
0
0
0
0
0
0
0
0
0
0
0
0
0
0
0
0
0
0
0
0
0
0
0
0
0
0
0
0
0
0
0
0
0
0
0
0
0
0
0
0
0
0
0
0
0
0
3.67565e-10
5.87778e-10
3.34794e-10
2.09213e-10
1.78757e-10
2.99632e-10
5.50535e-09
3.87565e-07
7.02686e-06
9.30548e-06
9.17969e-06
8.3894e-06
7.53487e-06
7.1112e-06
7.21611e-06
7.98201e-06
8.39608e-06
8.46216e-06
8.27912e-06
5.19883e-06
6.5119e-07
3.2434e-08
2.64993e-09
4.32565e-10
1.76689e-10
1.18898e-10
1.05246e-10
1.3138e-10
8.65749e-10
1.75065e-08
4.49637e-06
1.78442e-06
6.69866e-07
5.29542e-07
5.61893e-07
7.44434e-07
1.02135e-06
1.36816e-06
1.75467e-06
1.98439e-06
2.19744e-06
2.19142e-06
2.26969e-06
2.47056e-06
2.9121e-06
3.45414e-06
4.24651e-06
4.24602e-06
3.32864e-06
2.95032e-06
2.96557e-06
2.00107e-06
1.12708e-06
8.49997e-07
6.69904e-07
4.64029e-07
2.68998e-07
2.45397e-07
2.34558e-07
1.80974e-07
1.54208e-07
2.24198e-07
8.67263e-07
1.44273e-06
8.22188e-07
5.25987e-08
6.35845e-09
2.32832e-09
1.35517e-09
7.18378e-10
3.48896e-10
4.09122e-10
2.7979e-09
4.45393e-08
1.54272e-06
1.29525e-06
2.23654e-07
4.84526e-08
4.44103e-08
1.46299e-07
7.16838e-07
2.17612e-06
3.57385e-06
3.46881e-06
1.3597e-06
2.13136e-07
5.02e-08
1.73635e-08
8.15672e-09
5.79195e-09
3.8636e-09
2.33369e-09
1.218e-09
8.11305e-10
7.82764e-10
7.74333e-10
5.69257e-10
3.23306e-10
1.55514e-10
7.09922e-11
3.23995e-11
1.44976e-11
1.14856e-11
9.2177e-12
6.25738e-12
3.47433e-12
2.64315e-12
2.5984e-12
2.60462e-12
1.36372e-12
1.17721e-12
1.18177e-12
1.22999e-12
1.0192e-12
8.79211e-13
8.94119e-13
9.9121e-13
1.25454e-12
1.41322e-12
2.3828e-12
2.69537e-12
3.36427e-12
3.58242e-12
3.7074e-12
3.91334e-12
1.38034e-12
7.21804e-13
4.62991e-14
1.29112e-17
1.8867e-21
1.80422e-25
1.79751e-29
1.73419e-33
2.57434e-37
3.03809e-41
5.88152e-45
9.70271e-49
1.78873e-52
3.32983e-56
6.53568e-60
1.10886e-63
3.37836e-67
6.85059e-71
1.29296e-74
2.13044e-78
3.81656e-82
6.25804e-86
1.0424e-89
1.42556e-93
2.40162e-97
3.17542e-101
5.37725e-105
8.1869e-109
1.32144e-112
2.09301e-116
3.51366e-120
5.37352e-124
9.37504e-128
1.46502e-131
3.14007e-135
5.04184e-139
8.39676e-143
1.31832e-146
2.20475e-150
3.19501e-154
5.49131e-158
7.63496e-162
1.3084e-165
2.08792e-169
3.41486e-173
4.67705e-177
5.13944e-183
4.79554e-189
4.82684e-195
3.94812e-201
3.51976e-207
2.67346e-213
2.27361e-219
1.85764e-225
1.73537e-231
1.69415e-237
1.87768e-243
2.35258e-249
3.42232e-255
4.94568e-261
6.20193e-267
6.92984e-273
7.05342e-279
6.61921e-285
5.84115e-291
4.87018e-297
3.92278e-303
3.05732e-309
2.36028e-315
1.80334e-321
0
0
0
0
0
0
0
0
0
0
0
0
0
0
0
0
0
0
0
0
0
0
0
0
0
0
0
0
0
0
0
0
0
0
0
0
0
0
0
0
0
0
0
0
0
0
0
0
0
0
0
0
0
0
0
0
0
0
0
0
0
0
0
0
0
0
0
0
0
0
0
0
0
0
0
0
0
0
0
0
0
0
0
0
0
0
0
0
0
0
0
0
0
0
0
0
0
0
0
0
0
0
0
0
0
0
0
0
0
0
0
0
0
0
0
0
0
0
0
0
0
0
0
0
0
0
0
0
0
0
0
0
0
0
0
0
0
0
0
0
0
0
0
0
0
0
0
0
0
0
0
0
0
0
0
0
0
0
0
0
0
0
0
0
0
0
0
0
0
0
0
0
0
0
0
0
0
0
0
0
0
0
0
0
0
0
0
0
0
0
0
0
0
0
0
0
0
0
0
0
0
0
0
0
0
1.69001e-10
1.73104e-10
1.78981e-10
1.68842e-10
1.82728e-10
2.34368e-10
1.55692e-09
5.87799e-08
2.7117e-06
6.36014e-06
4.16573e-06
1.57509e-06
8.97992e-07
7.76818e-07
9.13645e-07
1.32459e-06
1.50725e-06
1.53131e-06
7.60379e-07
1.81969e-07
2.35516e-08
2.96627e-09
6.6764e-10
2.64675e-10
1.3973e-10
9.83535e-11
9.31297e-11
1.18577e-10
8.26041e-10
2.19219e-08
4.57574e-06
1.90126e-06
8.66363e-07
7.06383e-07
9.55388e-07
1.44725e-06
2.23324e-06
3.00362e-06
3.50067e-06
3.83645e-06
3.92626e-06
4.02872e-06
4.09342e-06
4.20685e-06
4.30194e-06
4.40785e-06
4.15265e-06
3.21551e-06
2.58745e-06
2.63886e-06
2.84899e-06
1.84853e-06
1.33604e-06
1.36657e-06
1.47959e-06
1.3522e-06
9.52741e-07
5.45531e-07
2.89231e-07
4.879e-07
1.25697e-06
3.34194e-06
3.54223e-06
1.10148e-06
1.57109e-08
1.29507e-09
2.38509e-10
8.75801e-11
6.68076e-11
7.13116e-11
8.74366e-11
1.37102e-10
3.11412e-10
3.50139e-09
3.22176e-08
3.48424e-07
9.56765e-07
6.82325e-07
1.76065e-07
8.859e-08
6.88866e-08
1.07858e-07
1.45504e-07
1.31268e-07
6.6999e-08
4.20588e-08
2.16748e-08
1.60164e-08
1.05677e-08
6.81165e-09
4.8144e-09
2.67018e-09
1.68931e-09
8.44523e-10
4.72454e-10
2.93397e-10
1.95191e-10
1.0687e-10
4.38321e-11
2.17495e-11
1.02764e-11
6.5787e-12
4.35261e-12
4.35348e-12
4.27636e-12
3.7959e-12
3.15703e-12
2.66729e-12
2.43194e-12
2.28088e-12
2.10085e-12
1.3742e-12
1.26789e-12
1.248e-12
1.19554e-12
1.33432e-12
2.22944e-12
2.96665e-12
3.31195e-12
3.6605e-12
3.81324e-12
3.942e-12
3.96946e-12
4.0038e-12
3.99436e-12
2.64895e-12
7.47691e-13
3.63249e-13
4.32831e-16
1.18645e-19
1.77766e-23
1.80236e-27
2.23722e-31
1.85723e-35
2.56068e-39
2.97811e-43
4.7428e-47
8.29105e-51
1.44299e-54
2.74731e-58
4.91483e-62
7.98828e-66
1.55202e-69
1.82752e-73
3.55831e-77
5.56957e-81
1.10855e-84
1.87183e-88
3.60796e-92
6.24838e-96
1.16306e-99
2.1677e-103
3.76327e-107
6.16553e-111
1.09277e-114
1.86556e-118
3.25722e-122
5.24643e-126
8.6961e-130
1.44745e-133
2.25282e-137
3.79729e-141
5.59208e-145
9.44428e-149
1.34942e-152
2.16549e-156
3.10724e-160
4.83382e-164
7.18689e-168
1.09951e-171
1.5446e-175
1.73546e-181
1.87642e-187
2.17114e-193
2.38207e-199
2.77957e-205
3.09165e-211
3.67706e-217
4.31407e-223
5.47599e-229
7.01586e-235
1.00493e-240
1.50008e-246
2.23758e-252
2.67213e-258
2.8463e-264
2.57513e-270
2.20534e-276
1.70494e-282
1.3052e-288
9.4805e-295
7.05701e-301
5.18038e-307
3.98185e-313
3.08025e-319
0
0
0
0
0
0
0
0
0
0
0
0
0
0
0
0
0
0
0
0
0
0
0
0
0
0
0
0
0
0
0
0
0
0
0
0
0
0
0
0
0
0
0
0
0
0
0
0
0
0
0
0
0
0
0
0
0
0
0
0
0
0
0
0
0
0
0
0
0
0
0
0
0
0
0
0
0
0
0
0
0
0
0
0
0
0
0
0
0
0
0
0
0
0
0
0
0
0
0
0
0
0
0
0
0
0
0
0
0
0
0
0
0
0
0
0
0
0
0
0
0
0
0
0
0
0
0
0
0
0
0
0
0
0
0
0
0
0
0
0
0
0
0
0
0
0
0
0
0
0
0
0
0
0
0
0
0
0
0
0
0
0
0
0
0
0
0
0
0
0
0
0
0
0
0
0
0
0
0
0
0
0
0
0
0
0
0
0
0
0
0
0
0
0
0
0
0
0
0
0
0
0
0
0
0
1.21549e-10
1.23281e-10
1.37967e-10
1.66439e-10
2.07589e-10
2.24722e-10
4.03428e-10
4.71203e-09
7.5767e-08
2.8373e-07
1.27411e-07
2.74675e-08
9.04319e-09
5.18847e-09
5.13986e-09
6.15991e-09
8.56778e-09
8.52467e-09
6.68151e-09
3.06081e-09
1.49579e-09
6.49064e-10
3.40124e-10
1.81049e-10
1.35819e-10
1.0664e-10
9.34248e-11
9.6444e-11
4.87586e-10
8.03438e-09
2.80965e-06
3.24193e-06
1.94833e-06
1.95636e-06
2.5911e-06
3.43806e-06
4.10175e-06
4.36304e-06
4.4633e-06
4.36656e-06
4.34851e-06
4.22342e-06
4.08372e-06
3.98218e-06
3.86639e-06
3.57985e-06
3.24434e-06
2.9899e-06
3.04107e-06
3.38428e-06
3.43781e-06
3.49288e-06
3.90504e-06
4.20315e-06
4.36712e-06
4.4158e-06
4.3161e-06
4.23412e-06
4.28364e-06
4.4883e-06
4.50875e-06
4.28641e-06
8.80814e-07
9.00793e-09
4.36294e-10
4.53033e-11
2.4664e-11
2.34312e-11
3.35274e-11
3.89143e-11
5.94336e-11
7.02928e-11
1.2153e-10
3.09247e-10
1.07213e-09
1.2774e-08
3.45882e-08
8.88402e-08
1.04655e-07
6.19398e-08
5.60609e-08
5.40921e-08
5.09379e-08
4.09909e-08
3.21283e-08
2.06335e-08
1.57691e-08
8.38781e-09
7.70639e-09
4.04441e-09
3.40195e-09
2.30279e-09
1.33709e-09
7.14332e-10
3.55605e-10
1.5887e-10
6.50316e-11
6.2446e-11
2.58939e-11
5.45215e-12
3.55287e-12
3.29254e-12
3.36948e-12
3.52402e-12
3.53699e-12
3.48068e-12
3.23136e-12
2.89906e-12
2.75864e-12
2.61579e-12
2.54254e-12
2.49416e-12
2.46416e-12
2.75838e-12
3.15809e-12
3.39311e-12
3.86776e-12
3.97116e-12
4.12324e-12
4.21788e-12
4.3155e-12
4.27265e-12
4.23223e-12
4.1241e-12
4.22685e-12
3.97867e-12
1.12513e-12
6.7803e-13
2.90354e-14
5.46644e-18
5.14554e-22
4.40512e-26
4.43749e-30
5.7198e-34
8.04042e-38
1.28468e-41
2.12177e-45
3.53856e-49
5.76086e-53
9.9918e-57
1.60343e-60
2.92551e-64
4.74664e-68
7.86672e-72
1.22263e-75
1.97868e-79
4.37866e-83
9.4573e-87
2.41918e-90
4.48217e-94
9.34219e-98
1.57905e-101
3.11362e-105
4.5491e-109
8.1508e-113
1.28534e-116
2.09156e-120
3.17067e-124
4.78994e-128
7.4938e-132
1.08732e-135
1.68305e-139
2.33913e-143
3.43686e-147
4.7802e-151
6.70772e-155
9.2612e-159
1.32735e-162
1.83311e-166
2.69379e-170
3.3645e-174
4.70965e-178
4.13126e-184
3.81246e-190
2.9152e-196
2.38686e-202
1.70699e-208
1.34195e-214
9.89976e-221
8.36299e-227
7.32811e-233
7.14211e-239
6.4927e-245
5.85605e-251
4.9638e-257
4.18953e-263
3.35289e-269
2.65776e-275
2.02189e-281
1.53531e-287
1.13771e-293
8.49952e-300
6.26428e-306
4.68103e-312
3.47994e-318
4.94066e-324
0
0
0
0
0
0
0
0
0
0
0
0
0
0
0
0
0
0
0
0
0
0
0
0
0
0
0
0
0
0
0
0
0
0
0
0
0
0
0
0
0
0
0
0
0
0
0
0
0
0
0
0
0
0
0
0
0
0
0
0
0
0
0
0
0
0
0
0
0
0
0
0
0
0
0
0
0
0
0
0
0
0
0
0
0
0
0
0
0
0
0
0
0
0
0
0
0
0
0
0
0
0
0
0
0
0
0
0
0
0
0
0
0
0
0
0
0
0
0
0
0
0
0
0
0
0
0
0
0
0
0
0
0
0
0
0
0
0
0
0
0
0
0
0
0
0
0
0
0
0
0
0
0
0
0
0
0
0
0
0
0
0
0
0
0
0
0
0
0
0
0
0
0
0
0
0
0
0
0
0
0
0
0
0
0
0
0
0
0
0
0
0
0
0
0
0
0
0
0
0
0
0
0
0
1.28525e-10
1.28848e-10
1.45436e-10
1.612e-10
2.0382e-10
2.3741e-10
2.81381e-10
4.3925e-10
1.25747e-09
2.18042e-09
1.86494e-09
1.09127e-09
4.63156e-10
3.0497e-10
2.21152e-10
2.37338e-10
2.00184e-10
1.90222e-10
2.08316e-10
2.01694e-10
1.70004e-10
1.41947e-10
1.31139e-10
1.23162e-10
1.17383e-10
1.00751e-10
9.13009e-11
9.34582e-11
1.10664e-10
1.28856e-09
7.31965e-08
4.39766e-06
4.56086e-06
4.5439e-06
4.66719e-06
4.54042e-06
4.52871e-06
4.35178e-06
4.3524e-06
4.18691e-06
4.19294e-06
4.1042e-06
4.06099e-06
4.01189e-06
3.9534e-06
3.90138e-06
3.87398e-06
3.89731e-06
3.99419e-06
4.13143e-06
4.18253e-06
4.23103e-06
4.21402e-06
4.11554e-06
3.69726e-06
3.1977e-06
2.54465e-06
2.15107e-06
1.75499e-06
1.22874e-06
5.88602e-07
9.28073e-08
7.3358e-09
2.53298e-10
3.29426e-11
2.07893e-11
2.36933e-11
2.2906e-11
3.83718e-11
3.22682e-11
5.83337e-11
5.8468e-11
7.1126e-11
8.16446e-11
1.2147e-10
2.59871e-10
4.94263e-10
1.18594e-09
2.1487e-09
3.26425e-09
4.17059e-09
4.14052e-09
4.04736e-09
3.53495e-09
3.22057e-09
2.57185e-09
2.39673e-09
2.45164e-09
2.36249e-09
2.03824e-09
1.54303e-09
1.16284e-09
9.02654e-10
6.284e-10
3.26091e-10
2.10529e-10
1.11103e-10
6.71179e-11
8.67754e-12
3.29768e-12
3.23257e-12
3.24631e-12
3.20734e-12
3.20791e-12
3.23126e-12
3.2521e-12
3.20671e-12
3.22988e-12
3.20864e-12
3.28462e-12
3.34975e-12
3.33195e-12
3.77961e-12
3.96422e-12
3.99843e-12
4.48685e-12
4.17537e-12
4.48782e-12
4.28864e-12
4.29553e-12
4.27905e-12
4.23477e-12
4.19798e-12
4.24549e-12
4.11337e-12
4.64295e-12
1.38498e-12
6.73832e-13
4.22887e-14
8.90001e-18
1.68094e-21
3.35843e-25
1.08226e-28
2.26448e-32
6.61641e-36
1.30345e-39
2.81567e-43
5.78728e-47
1.14818e-50
2.1029e-54
3.98093e-58
7.57298e-62
1.14483e-65
2.26943e-69
3.84606e-73
6.8469e-77
1.26293e-80
1.88498e-84
3.41798e-88
5.21903e-92
8.7867e-96
1.3365e-99
2.13354e-103
2.97717e-107
4.67086e-111
7.12416e-115
1.07359e-118
1.48694e-122
2.173e-126
2.99728e-130
4.29727e-134
5.74706e-138
8.19402e-142
1.04433e-145
1.484e-149
1.84142e-153
2.45312e-157
3.22663e-161
4.26921e-165
5.65268e-169
6.7432e-173
8.72525e-177
6.97622e-183
5.84681e-189
4.48959e-195
3.53532e-201
2.53184e-207
1.8385e-213
1.21596e-219
8.21053e-226
5.09192e-232
3.20256e-238
1.90094e-244
1.14137e-250
6.56728e-257
3.85041e-263
2.20188e-269
1.29775e-275
7.61099e-282
4.66099e-288
2.88937e-294
1.88225e-300
1.24928e-306
8.66663e-313
6.10522e-319
0
0
0
0
0
0
0
0
0
0
0
0
0
0
0
0
0
0
0
0
0
0
0
0
0
0
0
0
0
0
0
0
0
0
0
0
0
0
0
0
0
0
0
0
0
0
0
0
0
0
0
0
0
0
0
0
0
0
0
0
0
0
0
0
0
0
0
0
0
0
0
0
0
0
0
0
0
0
0
0
0
0
0
0
0
0
0
0
0
0
0
0
0
0
0
0
0
0
0
0
0
0
0
0
0
0
0
0
0
0
0
0
0
0
0
0
0
0
0
0
0
0
0
0
0
0
0
0
0
0
0
0
0
0
0
0
0
0
0
0
0
0
0
0
0
0
0
0
0
0
0
0
0
0
0
0
0
0
0
0
0
0
0
0
0
0
0
0
0
0
0
0
0
0
0
0
0
0
0
0
0
0
0
0
0
0
0
0
0
0
0
0
0
0
0
0
0
0
0
0
0
0
0
0
0
9.33013e-06
8.81654e-06
7.32905e-06
4.84409e-06
4.70793e-06
4.73385e-06
4.63364e-06
4.60988e-06
4.91688e-06
8.6081e-07
7.11672e-08
6.56013e-10
4.76832e-12
4.51814e-14
1.11408e-09
1.39127e-08
1.02582e-07
3.14571e-07
7.82126e-07
2.55427e-06
2.47692e-06
2.45252e-06
2.46262e-06
2.44378e-06
2.39693e-06
2.29992e-06
2.25928e-06
2.22993e-06
2.15952e-06
2.12614e-06
2.11676e-06
8.12681e-07
4.64975e-07
3.35769e-07
2.5682e-07
1.78402e-07
7.67882e-08
1.29657e-08
1.01651e-09
2.10088e-10
9.54514e-12
2.00779e-13
2.6531e-15
4.48125e-17
1.61036e-08
4.31626e-07
1.48704e-06
4.68612e-06
4.66391e-06
4.51362e-06
4.52329e-06
4.29277e-06
4.12899e-06
4.05672e-06
3.85581e-06
3.76261e-06
3.65746e-06
3.67591e-06
3.7209e-06
1.10527e-06
6.79545e-07
6.23986e-07
6.68652e-07
6.38074e-07
5.0676e-07
3.59254e-07
1.00426e-07
3.53873e-09
1.67734e-10
2.34531e-12
2.29174e-14
1.30325e-16
4.66418e-19
2.33529e-21
6.16083e-10
7.12706e-08
6.76671e-07
4.40309e-07
5.54337e-07
9.22645e-07
9.5873e-07
1.12657e-06
1.0175e-06
1.03343e-06
9.17714e-07
7.21206e-07
1.50213e-06
4.21361e-07
1.90947e-07
1.60053e-07
1.48744e-07
6.17115e-08
9.67001e-09
1.11985e-09
6.83017e-11
1.1835e-12
1.49874e-14
1.99139e-16
5.55579e-19
1.07678e-21
1.42835e-24
1.8033e-27
3.04784e-30
7.01823e-33
1.88865e-38
8.42596e-37
3.2013e-35
1.69556e-34
3.20639e-34
3.35151e-34
9.65614e-35
4.66798e-35
2.40985e-35
1.29445e-35
2.3452e-36
7.52515e-38
1.04487e-40
3.35875e-43
1.80073e-46
7.236e-50
1.83001e-53
1.92166e-57
2.13459e-61
2.64029e-65
3.35136e-69
4.41807e-73
5.61543e-77
7.06191e-81
8.54312e-85
1.22207e-88
1.95689e-92
3.05827e-96
5.2449e-100
9.57385e-104
2.90264e-120
1.21256e-121
5.6115e-125
1.87959e-128
6.717e-132
2.19771e-135
5.16763e-139
9.34432e-143
1.42687e-146
1.88687e-150
2.26652e-154
2.82163e-158
3.65352e-162
4.4657e-166
6.18134e-170
4.48415e-174
1.26562e-180
8.14158e-187
9.91507e-192
1.05283e-196
9.88687e-202
5.7516e-207
3.06012e-212
1.37339e-217
6.53718e-223
3.12743e-228
7.55072e-234
9.46477e-240
8.99138e-246
8.64092e-252
7.69432e-275
4.11292e-278
1.06868e-283
2.06536e-289
3.73863e-295
6.38614e-301
1.06635e-306
1.72859e-312
2.73003e-318
4.94066e-324
0
0
0
0
0
0
0
0
0
0
0
0
0
0
0
0
0
0
0
0
0
0
0
0
0
0
0
0
0
0
0
0
0
0
0
0
0
0
0
0
0
0
0
0
0
0
0
0
0
0
0
0
0
0
0
0
0
0
0
0
0
0
0
0
0
0
0
0
0
0
0
0
0
0
0
0
0
0
0
0
0
0
0
0
0
0
0
0
0
0
0
0
0
0
0
0
0
0
0
0
0
0
0
0
0
0
0
0
0
0
0
0
0
0
0
0
0
0
0
0
0
0
0
0
0
0
0
0
0
0
0
0
0
0
0
0
0
0
0
0
0
0
0
0
0
0
0
0
0
0
0
0
0
0
0
0
0
0
0
0
0
0
0
0
0
0
0
0
0
0
0
0
0
0
0
0
0
0
0
0
0
0
0
0
0
0
0
0
0
0
0
0
0
0
0
0
0
0
0
0
9.89574e-06
9.478e-06
5.47725e-06
2.47908e-06
1.42389e-06
1.99621e-06
1.92814e-06
2.31084e-06
1.05667e-06
2.85246e-07
5.6445e-08
9.0183e-09
1.75357e-10
2.39227e-12
4.18855e-08
2.3663e-07
9.09197e-07
2.53783e-06
2.45152e-06
2.38985e-06
2.2485e-06
2.23996e-06
2.2377e-06
2.20732e-06
2.17337e-06
2.17163e-06
2.13593e-06
2.00067e-06
1.95145e-06
1.91113e-06
1.90481e-06
1.87235e-06
1.83202e-06
1.82444e-06
1.62404e-06
1.43482e-06
7.61627e-07
1.86004e-07
3.11219e-08
2.42902e-09
3.53876e-10
4.82157e-11
5.65419e-13
7.67127e-15
3.59935e-07
4.29769e-06
4.61654e-06
4.71148e-06
4.66347e-06
4.5927e-06
4.50229e-06
4.33314e-06
4.18265e-06
4.08974e-06
3.85743e-06
3.66467e-06
3.55318e-06
3.46445e-06
3.41972e-06
3.35127e-06
3.38047e-06
2.8549e-06
2.22538e-06
1.438e-06
1.14728e-06
2.37583e-06
1.74953e-06
4.62147e-07
4.54033e-08
2.60051e-10
1.4075e-12
1.8749e-14
9.79012e-17
3.33204e-19
1.15853e-07
1.56233e-06
4.25485e-06
4.57158e-07
2.1436e-07
1.5713e-07
1.98352e-07
2.09343e-07
2.21904e-07
6.37551e-07
4.48555e-07
1.76983e-07
2.1486e-07
4.36338e-07
6.10373e-07
2.44139e-07
1.93676e-07
2.00787e-08
4.22608e-09
1.76786e-09
1.02904e-09
3.32092e-10
2.87288e-11
9.29729e-14
3.70796e-17
2.8013e-20
8.78278e-23
3.38369e-25
4.05494e-28
9.47988e-31
2.01601e-35
4.71762e-34
9.97107e-33
1.05865e-31
3.21109e-31
9.50829e-31
4.20491e-31
2.85533e-31
2.33453e-31
9.07882e-32
2.04508e-32
8.02651e-34
1.83576e-36
6.97465e-39
4.98464e-42
9.11366e-46
7.06938e-50
2.25865e-55
1.97814e-59
5.51893e-64
1.20075e-68
3.72118e-72
5.67441e-75
9.60805e-79
1.39097e-82
2.35327e-86
3.98573e-90
2.02265e-93
3.00222e-97
4.81603e-101
3.66454e-117
8.28114e-119
3.59993e-122
1.16311e-125
4.44365e-129
1.52976e-132
4.57815e-136
9.17357e-140
1.8304e-143
2.86247e-147
2.18818e-151
6.13538e-155
5.5167e-159
1.29083e-162
2.23246e-166
3.04118e-170
5.59573e-176
2.25785e-180
3.54731e-185
3.63588e-190
2.988e-195
1.68883e-200
7.84284e-206
3.25928e-211
1.40442e-216
6.29363e-222
1.72212e-227
1.98367e-233
1.63088e-239
9.75025e-246
2.07143e-268
1.23524e-271
2.80422e-277
5.25372e-283
9.09184e-289
1.53629e-294
2.4898e-300
3.91548e-306
6.0757e-312
9.01827e-318
1.4822e-323
0
0
0
0
0
0
0
0
0
0
0
0
0
0
0
0
0
0
0
0
0
0
0
0
0
0
0
0
0
0
0
0
0
0
0
0
0
0
0
0
0
0
0
0
0
0
0
0
0
0
0
0
0
0
0
0
0
0
0
0
0
0
0
0
0
0
0
0
0
0
0
0
0
0
0
0
0
0
0
0
0
0
0
0
0
0
0
0
0
0
0
0
0
0
0
0
0
0
0
0
0
0
0
0
0
0
0
0
0
0
0
0
0
0
0
0
0
0
0
0
0
0
0
0
0
0
0
0
0
0
0
0
0
0
0
0
0
0
0
0
0
0
0
0
0
0
0
0
0
0
0
0
0
0
0
0
0
0
0
0
0
0
0
0
0
0
0
0
0
0
0
0
0
0
0
0
0
0
0
0
0
0
0
0
0
0
0
0
0
0
0
0
0
0
0
0
0
0
0
1.03587e-05
4.57024e-06
1.61261e-06
8.71538e-07
4.23234e-07
3.02552e-07
2.72671e-07
3.10789e-07
4.2876e-07
1.24434e-07
5.33463e-08
3.14511e-08
5.67636e-09
5.60326e-11
1.86027e-07
1.273e-06
1.61088e-06
2.00249e-06
2.36891e-06
2.51527e-06
2.74261e-06
2.5833e-06
2.4886e-06
2.45174e-06
2.4518e-06
2.49879e-06
2.49313e-06
2.47303e-06
2.41185e-06
2.12972e-06
1.91064e-06
1.81659e-06
1.69637e-06
1.43863e-06
1.23041e-06
8.02479e-07
6.36078e-07
1.96684e-07
1.02007e-07
3.48985e-08
8.96088e-09
2.46408e-10
8.58195e-12
6.59856e-14
4.26171e-07
4.35162e-06
4.48691e-06
4.57744e-06
4.40592e-06
4.38671e-06
4.43473e-06
4.54684e-06
4.53965e-06
4.55422e-06
4.53449e-06
4.3335e-06
4.16671e-06
4.00808e-06
3.98626e-06
4.02689e-06
3.33616e-06
1.82795e-06
2.16685e-07
3.75426e-08
1.14312e-08
1.46336e-08
6.25525e-08
1.23385e-06
1.50032e-06
1.03923e-07
1.53692e-10
1.05771e-12
1.77181e-14
5.36184e-17
4.73147e-07
6.15412e-06
5.8656e-07
3.56767e-07
2.09525e-07
1.90149e-07
8.27867e-07
2.8504e-06
5.29384e-06
5.11164e-06
5.09458e-06
3.01584e-06
2.30413e-07
1.13711e-07
8.36546e-08
7.04599e-08
3.67127e-08
2.37329e-09
2.63726e-09
3.25332e-09
6.44988e-10
1.57791e-10
3.20291e-11
1.42205e-11
4.06316e-12
3.77214e-17
6.41242e-21
3.85851e-23
3.40627e-25
5.60725e-28
5.77186e-33
8.12396e-32
1.62277e-29
3.49842e-28
3.09105e-27
2.4469e-27
1.45854e-28
2.34908e-29
8.51754e-30
4.35448e-30
1.34064e-30
4.36946e-32
7.76146e-35
1.58742e-37
1.24977e-40
9.63166e-44
5.6937e-46
2.36178e-48
1.42725e-52
1.13788e-57
5.79591e-63
2.7756e-67
1.22371e-71
4.90197e-76
3.00607e-81
7.64794e-86
2.12116e-88
2.52376e-90
9.37053e-94
1.64144e-97
3.43512e-114
4.57483e-115
2.73173e-118
9.74526e-122
3.2016e-125
8.30603e-129
1.22663e-132
1.49532e-136
1.38655e-140
1.44526e-144
7.31441e-150
1.29679e-152
6.99258e-158
1.46361e-160
1.26424e-164
1.84786e-168
2.0041e-172
2.13763e-176
2.34234e-181
2.20645e-186
1.72289e-191
8.54387e-197
4.3105e-202
1.36814e-207
7.1725e-213
2.74188e-218
1.53501e-223
1.87226e-229
1.89974e-235
6.35645e-242
7.33319e-265
7.68897e-268
2.03778e-273
3.04753e-279
6.20586e-285
9.03166e-291
1.69925e-296
2.34738e-302
4.14671e-308
5.49237e-314
8.79437e-320
0
0
0
0
0
0
0
0
0
0
0
0
0
0
0
0
0
0
0
0
0
0
0
0
0
0
0
0
0
0
0
0
0
0
0
0
0
0
0
0
0
0
0
0
0
0
0
0
0
0
0
0
0
0
0
0
0
0
0
0
0
0
0
0
0
0
0
0
0
0
0
0
0
0
0
0
0
0
0
0
0
0
0
0
0
0
0
0
0
0
0
0
0
0
0
0
0
0
0
0
0
0
0
0
0
0
0
0
0
0
0
0
0
0
0
0
0
0
0
0
0
0
0
0
0
0
0
0
0
0
0
0
0
0
0
0
0
0
0
0
0
0
0
0
0
0
0
0
0
0
0
0
0
0
0
0
0
0
0
0
0
0
0
0
0
0
0
0
0
0
0
0
0
0
0
0
0
0
0
0
0
0
0
0
0
0
0
0
0
0
0
0
0
0
0
0
0
0
0
6.05526e-06
3.27012e-06
3.17948e-06
2.74662e-06
1.08219e-06
5.02775e-07
6.00089e-07
3.90695e-07
2.47431e-07
1.61947e-07
3.92712e-08
2.62276e-08
1.29796e-08
6.52122e-10
1.60356e-07
9.97874e-07
1.5873e-06
2.22723e-06
2.93104e-06
3.34996e-06
4.42453e-06
4.09125e-06
4.02335e-06
4.36324e-06
5.01243e-06
5.66919e-06
5.80684e-06
6.33154e-06
6.64157e-06
6.41497e-06
6.33667e-06
6.65895e-06
6.38644e-06
5.59408e-06
4.20033e-06
2.57055e-06
1.30191e-06
2.85898e-07
7.80451e-08
2.01652e-08
1.3186e-08
7.18944e-11
5.64034e-12
1.14811e-13
4.08467e-07
4.31978e-06
4.55174e-06
4.5157e-06
4.17362e-06
3.73375e-06
3.68326e-06
3.75114e-06
3.99536e-06
4.06038e-06
3.94842e-06
4.16235e-06
4.40796e-06
4.47802e-06
4.45322e-06
4.42449e-06
4.51823e-06
4.38262e-06
1.08565e-06
4.55269e-08
9.48193e-09
8.958e-09
1.86853e-08
4.55649e-08
9.30655e-07
1.00333e-06
3.60708e-08
6.16229e-11
1.48431e-12
9.59319e-15
6.22072e-07
5.35465e-06
4.3881e-07
1.12667e-06
8.24816e-07
1.15437e-06
1.04189e-06
2.84898e-07
1.83801e-07
3.87449e-07
9.11586e-07
4.91561e-06
3.65361e-06
6.57617e-07
8.07142e-08
2.35526e-08
1.35691e-08
1.10807e-08
1.65455e-08
5.42935e-09
1.06561e-09
7.00046e-10
1.28676e-10
4.60811e-11
5.72627e-12
1.37567e-11
6.37541e-16
1.31046e-20
1.20522e-22
5.77615e-25
1.37728e-30
4.08246e-28
8.9895e-26
1.79317e-24
1.22656e-24
5.18585e-25
4.4498e-25
5.94238e-25
8.56584e-25
4.8023e-25
2.84035e-25
1.12282e-26
1.4583e-29
2.92479e-33
4.71897e-37
5.77088e-41
1.12485e-44
9.33108e-48
4.20617e-50
6.28182e-52
1.19253e-55
5.12949e-60
2.04885e-64
4.7314e-69
1.64067e-74
1.67558e-79
4.38545e-84
3.58122e-87
2.77955e-91
2.6175e-95
5.16431e-108
9.33456e-109
5.87414e-112
2.05715e-115
8.2198e-119
2.2584e-122
3.0736e-126
2.53448e-130
1.70416e-134
1.00505e-138
7.30207e-143
4.07385e-147
3.54468e-151
2.21596e-155
2.92468e-159
1.73924e-163
2.95014e-167
2.1101e-171
3.8607e-175
2.41132e-180
2.01922e-185
7.25882e-191
3.25798e-196
8.55796e-202
3.38532e-207
9.45283e-213
4.14689e-218
5.71948e-224
4.46974e-230
2.09746e-236
3.46384e-258
1.95707e-261
2.97711e-267
5.45739e-273
7.96084e-279
1.37858e-284
1.87184e-290
2.95977e-296
3.87005e-302
5.82134e-308
7.145e-314
9.74297e-320
0
0
0
0
0
0
0
0
0
0
0
0
0
0
0
0
0
0
0
0
0
0
0
0
0
0
0
0
0
0
0
0
0
0
0
0
0
0
0
0
0
0
0
0
0
0
0
0
0
0
0
0
0
0
0
0
0
0
0
0
0
0
0
0
0
0
0
0
0
0
0
0
0
0
0
0
0
0
0
0
0
0
0
0
0
0
0
0
0
0
0
0
0
0
0
0
0
0
0
0
0
0
0
0
0
0
0
0
0
0
0
0
0
0
0
0
0
0
0
0
0
0
0
0
0
0
0
0
0
0
0
0
0
0
0
0
0
0
0
0
0
0
0
0
0
0
0
0
0
0
0
0
0
0
0
0
0
0
0
0
0
0
0
0
0
0
0
0
0
0
0
0
0
0
0
0
0
0
0
0
0
0
0
0
0
0
0
0
0
0
0
0
0
0
0
0
0
0
4.29172e-06
9.83347e-06
1.58184e-05
1.34251e-05
7.96591e-06
6.59304e-06
8.41294e-06
8.07487e-06
6.33132e-06
5.46319e-06
2.84933e-06
1.47338e-07
2.38154e-08
5.7087e-09
1.55331e-07
1.08537e-06
2.18755e-06
3.28053e-06
5.59817e-06
6.76337e-06
7.20953e-06
6.58937e-06
4.26439e-06
1.74078e-06
8.34938e-07
8.42385e-07
1.38359e-06
2.1742e-06
2.47578e-06
2.37431e-06
1.81322e-06
1.29137e-06
1.65107e-06
2.65448e-06
3.35084e-06
4.54142e-06
3.34956e-06
8.0887e-07
1.25313e-07
2.99718e-08
1.1636e-08
1.15648e-10
4.73453e-12
2.21467e-13
3.34823e-07
4.79033e-06
4.66532e-06
4.55668e-06
4.05649e-06
3.74742e-06
3.43342e-06
3.19355e-06
3.15939e-06
3.12926e-06
3.01525e-06
2.91507e-06
3.29698e-06
3.43163e-06
3.64876e-06
3.67231e-06
3.80795e-06
4.1755e-06
4.59105e-06
1.12041e-06
1.01404e-07
2.08877e-08
4.33718e-09
4.16432e-09
5.38449e-08
7.29369e-07
4.20657e-07
5.30583e-09
3.61828e-11
7.45111e-13
5.23239e-07
4.27365e-06
2.31703e-06
5.05814e-06
5.03218e-06
5.52228e-06
2.91392e-07
1.97501e-08
2.67275e-07
1.09589e-06
1.75639e-06
4.88767e-06
4.88001e-06
6.20061e-07
2.08521e-08
7.53786e-09
6.31833e-09
1.3301e-08
1.86642e-08
9.80156e-09
4.00871e-09
2.88737e-09
3.67355e-10
1.23305e-10
3.90058e-11
1.67487e-11
1.59123e-11
3.42166e-16
3.2944e-20
3.19647e-22
6.35961e-27
2.30188e-24
2.80992e-22
3.98041e-22
3.36457e-22
2.76658e-21
3.01963e-21
7.56551e-22
8.65256e-22
4.05887e-22
6.40978e-22
5.153e-23
2.83379e-25
2.43418e-28
1.06005e-32
1.00309e-36
5.79982e-41
4.92376e-45
1.71647e-48
2.59103e-51
2.04047e-53
1.41491e-55
2.63988e-59
1.73982e-63
7.64517e-68
2.39359e-72
4.76505e-77
6.6645e-82
1.0965e-86
2.07641e-91
1.08864e-102
2.38781e-104
2.79158e-108
2.62067e-112
7.25201e-116
4.58287e-119
8.95722e-122
4.23557e-125
5.05057e-129
4.07631e-133
3.25164e-137
2.39694e-141
2.13991e-145
1.70914e-149
1.70673e-153
1.5281e-157
1.7931e-161
1.70881e-165
2.21532e-169
2.36031e-173
1.43816e-178
5.23372e-184
1.67914e-189
4.20782e-195
1.15573e-200
3.04559e-206
9.62474e-212
1.60344e-217
1.30683e-223
7.24452e-230
6.9808e-251
3.08462e-254
4.53571e-260
5.60837e-266
9.208e-272
1.25496e-277
1.91256e-283
2.54542e-289
3.67321e-295
4.5986e-301
6.12972e-307
6.93328e-313
8.29971e-319
0
0
0
0
0
0
0
0
0
0
0
0
0
0
0
0
0
0
0
0
0
0
0
0
0
0
0
0
0
0
0
0
0
0
0
0
0
0
0
0
0
0
0
0
0
0
0
0
0
0
0
0
0
0
0
0
0
0
0
0
0
0
0
0
0
0
0
0
0
0
0
0
0
0
0
0
0
0
0
0
0
0
0
0
0
0
0
0
0
0
0
0
0
0
0
0
0
0
0
0
0
0
0
0
0
0
0
0
0
0
0
0
0
0
0
0
0
0
0
0
0
0
0
0
0
0
0
0
0
0
0
0
0
0
0
0
0
0
0
0
0
0
0
0
0
0
0
0
0
0
0
0
0
0
0
0
0
0
0
0
0
0
0
0
0
0
0
0
0
0
0
0
0
0
0
0
0
0
0
0
0
0
0
0
0
0
0
0
0
0
0
0
0
0
0
0
0
9.37439e-06
1.75885e-05
1.25633e-05
1.13365e-05
9.63113e-06
6.83587e-06
4.24995e-06
5.62808e-06
8.80111e-06
6.49983e-06
4.50265e-06
1.51447e-06
4.09424e-08
1.38896e-08
2.29888e-07
1.71182e-06
3.73428e-06
6.1178e-06
6.07413e-06
4.46704e-06
1.88084e-06
3.61146e-07
9.67491e-08
4.83522e-08
4.46575e-08
6.21968e-08
1.1354e-07
1.47066e-07
1.42988e-07
1.318e-07
1.33833e-07
1.79734e-07
4.7499e-07
1.48859e-06
2.62634e-06
3.24383e-06
4.48452e-06
1.79133e-06
3.53483e-07
1.42888e-07
1.14055e-08
8.48394e-09
1.08161e-09
2.43293e-11
1.38185e-07
1.76429e-06
4.7307e-06
4.57714e-06
4.54511e-06
4.43937e-06
4.19728e-06
3.78807e-06
3.30797e-06
2.86956e-06
2.49494e-06
2.4781e-06
2.80625e-06
3.51028e-06
4.23297e-06
4.55316e-06
4.56739e-06
4.45869e-06
4.4206e-06
4.55914e-06
3.82342e-06
1.4726e-06
4.117e-08
1.88294e-09
7.77078e-09
6.13577e-07
4.58138e-06
1.04005e-07
1.06371e-09
4.49791e-11
2.01343e-07
1.87687e-06
4.43339e-06
5.43404e-06
2.54152e-06
1.27939e-06
3.18811e-09
4.2573e-07
9.89824e-07
4.27482e-06
4.87805e-06
4.85815e-06
4.92844e-06
1.30617e-07
2.81504e-09
1.99668e-09
4.708e-09
1.30401e-08
1.47363e-08
7.00434e-09
4.07266e-09
2.34613e-09
1.76105e-09
2.31854e-10
4.05769e-11
3.15228e-11
2.55686e-11
6.69332e-12
9.96594e-18
7.73629e-20
4.35422e-23
1.27592e-20
5.38505e-20
5.96369e-20
5.13431e-19
4.32171e-18
2.12912e-18
2.85471e-18
4.77202e-18
5.17645e-18
3.22035e-18
7.36437e-19
1.34666e-21
6.60062e-25
2.82621e-29
2.10463e-33
3.3854e-37
2.40981e-41
2.0064e-45
3.67788e-49
3.52621e-52
1.11037e-54
6.3422e-57
2.02357e-59
3.64951e-63
2.45797e-67
8.59488e-72
1.80515e-76
1.8288e-81
1.25629e-86
3.43874e-98
5.582e-101
1.20842e-104
1.2956e-108
1.22228e-112
1.35186e-116
4.00614e-120
5.63952e-123
1.92762e-125
1.2818e-128
2.01426e-132
2.27885e-136
2.62851e-140
2.5493e-144
3.18005e-148
2.8274e-152
4.11522e-156
3.56086e-160
5.85099e-164
5.05289e-168
9.23426e-172
2.34166e-177
7.90379e-183
1.36281e-188
3.96297e-194
6.40336e-200
1.85771e-205
3.04463e-211
3.43001e-217
1.59595e-223
8.12402e-244
3.2915e-247
3.2697e-253
4.34857e-259
5.07041e-265
7.95009e-271
1.06954e-276
1.6267e-282
2.0088e-288
2.75643e-294
3.19048e-300
3.82453e-306
3.93611e-312
4.15983e-318
4.94066e-324
0
0
0
0
0
0
0
0
0
0
0
0
0
0
0
0
0
0
0
0
0
0
0
0
0
0
0
0
0
0
0
0
0
0
0
0
0
0
0
0
0
0
0
0
0
0
0
0
0
0
0
0
0
0
0
0
0
0
0
0
0
0
0
0
0
0
0
0
0
0
0
0
0
0
0
0
0
0
0
0
0
0
0
0
0
0
0
0
0
0
0
0
0
0
0
0
0
0
0
0
0
0
0
0
0
0
0
0
0
0
0
0
0
0
0
0
0
0
0
0
0
0
0
0
0
0
0
0
0
0
0
0
0
0
0
0
0
0
0
0
0
0
0
0
0
0
0
0
0
0
0
0
0
0
0
0
0
0
0
0
0
0
0
0
0
0
0
0
0
0
0
0
0
0
0
0
0
0
0
0
0
0
0
0
0
0
0
0
0
0
0
0
0
0
0
1.80062e-05
1.03007e-05
7.15697e-06
3.82787e-06
1.04068e-06
3.2266e-07
2.61762e-07
2.58925e-06
5.37886e-06
1.35851e-06
7.20764e-07
7.95504e-07
2.52605e-07
2.26979e-08
4.84621e-07
2.66159e-06
5.47958e-06
3.52191e-06
1.17462e-06
3.38037e-07
6.52415e-08
1.40749e-08
5.91761e-09
5.07914e-09
7.22133e-09
1.08338e-08
1.36664e-08
1.39265e-08
1.2734e-08
1.34869e-08
2.67412e-08
1.20074e-07
1.18149e-06
4.06259e-06
4.45034e-06
4.26672e-06
4.45927e-06
2.13786e-06
6.09911e-07
2.16902e-07
3.96293e-08
7.93323e-08
7.72569e-09
4.24978e-10
9.2574e-08
1.1961e-06
4.50666e-06
4.39446e-06
4.1014e-06
3.29057e-06
3.32657e-06
4.28077e-06
4.13909e-06
2.90552e-06
2.2516e-06
2.67649e-06
4.44373e-06
3.75086e-06
4.0483e-07
1.25972e-07
5.83324e-08
9.97435e-08
1.17885e-06
4.30556e-06
4.58362e-06
4.60382e-06
4.44423e-06
5.36237e-08
1.92722e-09
5.73292e-09
2.7067e-07
5.2716e-07
9.63816e-09
3.00205e-10
5.70929e-09
4.70424e-07
1.53971e-06
1.58304e-06
5.78404e-07
4.78169e-08
7.00935e-08
1.05224e-06
3.07907e-06
4.87296e-06
5.04382e-06
4.7926e-06
4.94174e-06
2.29509e-08
2.18348e-10
6.1622e-10
2.59902e-09
5.93617e-09
3.6505e-09
1.27669e-09
7.22273e-10
5.62236e-10
5.32986e-10
5.58619e-10
8.4696e-11
1.14457e-11
3.55569e-11
4.67629e-11
1.02718e-12
6.27154e-17
8.91163e-19
1.00807e-17
1.00354e-17
2.36704e-17
1.8213e-16
2.18753e-15
6.95455e-15
1.59796e-14
3.08108e-14
3.33226e-14
2.12336e-14
4.18737e-15
4.76201e-18
3.21786e-22
1.84671e-26
1.74585e-30
2.53872e-34
5.24949e-38
6.07871e-42
5.55086e-46
1.11865e-49
4.66573e-53
1.16499e-55
3.92262e-58
1.22279e-60
1.78975e-63
3.28695e-67
1.9279e-71
4.21138e-76
1.39676e-81
2.71168e-94
1.45243e-96
2.43375e-100
5.70192e-104
5.0396e-108
1.15625e-112
3.75247e-117
9.21e-121
1.12776e-123
2.07508e-126
2.90105e-129
1.49745e-132
3.75328e-136
6.87199e-140
1.0751e-143
1.47824e-147
2.1618e-151
2.74729e-155
4.05482e-159
5.1849e-163
7.77758e-167
9.97914e-171
2.50034e-176
4.89609e-182
9.5508e-188
1.64152e-193
3.23401e-199
6.08374e-205
7.32616e-211
4.05235e-217
8.57518e-237
2.1315e-240
1.62153e-246
1.44853e-252
1.72519e-258
2.1978e-264
3.494e-270
5.32191e-276
8.25528e-282
1.07988e-287
1.40001e-293
1.52629e-299
1.66825e-305
1.57813e-311
1.52066e-317
1.4822e-323
0
0
0
0
0
0
0
0
0
0
0
0
0
0
0
0
0
0
0
0
0
0
0
0
0
0
0
0
0
0
0
0
0
0
0
0
0
0
0
0
0
0
0
0
0
0
0
0
0
0
0
0
0
0
0
0
0
0
0
0
0
0
0
0
0
0
0
0
0
0
0
0
0
0
0
0
0
0
0
0
0
0
0
0
0
0
0
0
0
0
0
0
0
0
0
0
0
0
0
0
0
0
0
0
0
0
0
0
0
0
0
0
0
0
0
0
0
0
0
0
0
0
0
0
0
0
0
0
0
0
0
0
0
0
0
0
0
0
0
0
0
0
0
0
0
0
0
0
0
0
0
0
0
0
0
0
0
0
0
0
0
0
0
0
0
0
0
0
0
0
0
0
0
0
0
0
0
0
0
0
0
0
0
0
0
0
0
0
0
0
0
0
0
0
7.95909e-06
4.08182e-06
2.32497e-06
4.40421e-07
3.41444e-08
1.40393e-08
6.72935e-08
6.50681e-06
1.90424e-06
6.58466e-07
4.82309e-07
3.87768e-07
2.36402e-07
7.8853e-09
1.26085e-06
4.3641e-06
2.47769e-06
5.75536e-07
1.41706e-07
3.13985e-08
8.27046e-09
3.60419e-09
2.16366e-09
1.56829e-09
1.80627e-09
2.21322e-09
2.51293e-09
1.77264e-09
1.94354e-09
6.54891e-09
4.41136e-08
2.82233e-06
3.85051e-06
3.13644e-06
3.86745e-06
4.402e-06
3.58902e-06
1.42457e-06
4.49474e-07
2.1898e-07
2.5478e-07
4.55761e-07
2.47535e-08
1.01519e-09
4.10217e-08
7.13833e-07
4.32537e-06
3.24317e-06
2.18825e-06
1.11956e-06
8.5218e-07
1.44351e-06
4.51453e-06
2.84802e-06
2.24242e-06
3.54243e-06
2.81378e-06
1.19406e-07
2.07724e-08
7.1313e-09
4.79365e-09
4.68752e-09
9.26415e-09
4.64128e-08
1.25317e-06
4.64289e-06
4.58549e-06
3.95479e-06
2.12133e-08
1.49307e-09
2.2423e-08
4.27757e-06
9.06584e-08
8.18889e-09
7.62791e-13
1.91248e-09
1.03682e-07
6.82464e-08
7.59934e-09
3.26123e-09
2.22322e-07
5.10936e-06
5.02147e-06
5.02629e-06
4.81879e-06
4.83827e-06
5.04228e-06
5.06844e-09
2.7677e-11
1.47009e-10
5.86764e-10
5.16308e-10
1.20572e-10
4.05463e-11
2.90283e-11
3.67899e-11
7.07996e-11
1.22451e-10
1.27605e-10
1.98621e-11
5.23272e-12
7.40392e-11
5.91599e-10
9.63356e-14
4.7731e-15
6.73492e-15
1.36436e-14
5.97663e-14
2.29383e-13
9.75933e-13
2.45314e-12
3.13207e-12
2.18482e-12
1.188e-12
2.45361e-13
4.18727e-14
1.20618e-16
4.1068e-20
5.45857e-24
6.47542e-28
1.14609e-31
2.41994e-35
5.9684e-39
9.56363e-43
1.03959e-46
2.15949e-50
8.81274e-54
9.84678e-57
2.80221e-59
5.60218e-62
1.1033e-64
1.4032e-67
9.76187e-72
2.69408e-77
2.56466e-90
1.08277e-92
8.5868e-97
4.30323e-100
9.79703e-104
8.85985e-109
1.51389e-113
9.67226e-118
2.97412e-121
3.26567e-124
2.69971e-127
2.07539e-130
7.75871e-134
3.70017e-137
1.08608e-140
3.90234e-144
7.4292e-148
1.88402e-151
3.05794e-155
6.18477e-159
9.55613e-163
1.65332e-166
2.56536e-170
5.02565e-176
8.08481e-182
1.2952e-187
2.09336e-193
3.29696e-199
4.19701e-205
2.79837e-211
1.22978e-230
2.59354e-235
3.59194e-241
4.64232e-247
6.77788e-253
1.03434e-258
1.79501e-264
3.48474e-270
6.26305e-276
9.59338e-282
1.27368e-287
1.48879e-293
1.56539e-299
1.5163e-305
1.37165e-311
1.17912e-317
9.88131e-324
0
0
0
0
0
0
0
0
0
0
0
0
0
0
0
0
0
0
0
0
0
0
0
0
0
0
0
0
0
0
0
0
0
0
0
0
0
0
0
0
0
0
0
0
0
0
0
0
0
0
0
0
0
0
0
0
0
0
0
0
0
0
0
0
0
0
0
0
0
0
0
0
0
0
0
0
0
0
0
0
0
0
0
0
0
0
0
0
0
0
0
0
0
0
0
0
0
0
0
0
0
0
0
0
0
0
0
0
0
0
0
0
0
0
0
0
0
0
0
0
0
0
0
0
0
0
0
0
0
0
0
0
0
0
0
0
0
0
0
0
0
0
0
0
0
0
0
0
0
0
0
0
0
0
0
0
0
0
0
0
0
0
0
0
0
0
0
0
0
0
0
0
0
0
0
0
0
0
0
0
0
0
0
0
0
0
0
0
0
0
0
0
0
2.13809e-06
1.20542e-06
4.30535e-07
2.73868e-08
2.46852e-09
2.91896e-09
1.30479e-07
5.81471e-06
2.60772e-06
2.74997e-06
3.58016e-06
1.90476e-06
9.98029e-07
3.9746e-07
1.50698e-06
1.66422e-06
2.29295e-06
3.66321e-06
5.78206e-07
1.62199e-07
4.38352e-08
1.37389e-08
6.0396e-09
2.33211e-09
1.35224e-09
9.2409e-10
6.93919e-10
5.86385e-10
4.7577e-10
5.00256e-10
1.56571e-09
2.5299e-08
4.46887e-06
2.16017e-06
1.30637e-06
1.74961e-06
2.86287e-06
3.33462e-06
2.30321e-06
1.17259e-06
7.29308e-07
7.31014e-07
8.68165e-07
1.17293e-06
1.90692e-08
2.1966e-09
1.23441e-09
1.69398e-09
2.50527e-08
5.73081e-07
3.50894e-06
1.75711e-06
1.42764e-06
1.03216e-06
6.89483e-07
1.11126e-06
4.50946e-06
2.59961e-06
2.20296e-06
3.71812e-06
2.8212e-06
2.70968e-07
5.70076e-08
2.74072e-08
1.16172e-08
6.10888e-09
2.8513e-09
3.38103e-09
1.08524e-08
1.18295e-07
3.42979e-06
4.64379e-06
2.07774e-06
6.84041e-09
2.22913e-09
1.24845e-06
6.05485e-07
1.98165e-07
3.13418e-08
7.17424e-10
1.46247e-10
9.47802e-10
1.08754e-09
7.82724e-10
1.93009e-09
6.08262e-08
1.26455e-06
3.12931e-06
5.09188e-06
4.9385e-06
5.06476e-06
5.09996e-06
1.40667e-06
1.2966e-09
6.40188e-12
1.21213e-11
2.89281e-11
1.27264e-11
4.08252e-12
2.9426e-12
3.07978e-12
2.80726e-12
4.13972e-12
1.16133e-11
3.8981e-11
4.23385e-11
6.52542e-12
4.22286e-12
3.79203e-10
7.09631e-10
9.59294e-12
2.74951e-12
1.39203e-12
1.35837e-12
2.16018e-12
8.10803e-12
1.72216e-11
8.43582e-12
6.08577e-12
4.04551e-12
5.67465e-12
5.1485e-12
8.48909e-13
1.2541e-13
3.54679e-15
3.95891e-18
1.65545e-21
2.94524e-25
5.45212e-29
1.15721e-32
3.18676e-36
9.14407e-40
1.32834e-43
1.86273e-47
3.9016e-51
1.24229e-54
1.18194e-57
1.8134e-60
3.11177e-63
5.77391e-66
1.96275e-68
1.04631e-72
1.56637e-77
8.00685e-82
8.79598e-87
9.11583e-91
3.56017e-93
3.4768e-96
1.04972e-100
1.63969e-105
3.8488e-110
1.51003e-114
2.11862e-118
9.67361e-122
6.52837e-125
3.52026e-128
1.36476e-131
4.65628e-135
1.41478e-138
4.139e-142
9.08887e-146
2.74653e-149
5.58198e-153
1.2269e-156
2.18969e-160
5.5692e-164
9.67475e-168
2.32478e-171
2.98087e-177
5.21603e-183
6.73703e-189
1.81883e-194
2.71828e-200
4.86507e-206
1.65223e-212
4.63853e-219
9.20808e-226
8.39948e-232
9.0882e-238
2.46484e-243
3.47921e-249
1.0398e-254
2.06824e-260
6.53695e-266
1.26266e-271
2.45646e-277
3.14979e-283
4.11485e-289
4.10289e-295
4.18398e-301
3.5703e-307
3.12821e-313
2.44157e-319
0
0
0
0
0
0
0
0
0
0
0
0
0
0
0
0
0
0
0
0
0
0
0
0
0
0
0
0
0
0
0
0
0
0
0
0
0
0
0
0
0
0
0
0
0
0
0
0
0
0
0
0
0
0
0
0
0
0
0
0
0
0
0
0
0
0
0
0
0
0
0
0
0
0
0
0
0
0
0
0
0
0
0
0
0
0
0
0
0
0
0
0
0
0
0
0
0
0
0
0
0
0
0
0
0
0
0
0
0
0
0
0
0
0
0
0
0
0
0
0
0
0
0
0
0
0
0
0
0
0
0
0
0
0
0
0
0
0
0
0
0
0
0
0
0
0
0
0
0
0
0
0
0
0
0
0
0
0
0
0
0
0
0
0
0
0
0
0
0
0
0
0
0
0
0
0
0
0
0
0
0
0
0
0
0
0
0
0
0
0
0
0
0
0
0
0
0
0
0
0
0
0
0
0
0
0
0
3.31055e-07
2.44857e-07
5.02183e-08
2.68411e-09
4.91194e-10
2.00587e-09
1.9907e-07
7.063e-06
5.90964e-06
6.86758e-06
6.4728e-06
5.15228e-06
3.62772e-06
3.06788e-06
3.04195e-06
2.78236e-06
5.11954e-06
1.34363e-06
4.43797e-07
1.79182e-07
7.33014e-08
3.41031e-08
1.33006e-08
3.81028e-09
1.01344e-09
5.16992e-10
2.90729e-10
2.37332e-10
1.97428e-10
5.39078e-10
9.40334e-09
3.80798e-06
1.8633e-06
8.33116e-07
8.49012e-07
1.27648e-06
1.73313e-06
1.66976e-06
1.19989e-06
9.26544e-07
8.94726e-07
1.01124e-06
1.23891e-06
2.35924e-06
8.75314e-08
1.0889e-07
8.78232e-08
5.85606e-08
6.24939e-08
1.83599e-07
4.05801e-07
5.48275e-07
1.49241e-06
1.08995e-06
9.96148e-07
1.08274e-06
4.48853e-06
2.67564e-06
2.29177e-06
2.93527e-06
4.19455e-06
4.49694e-06
3.75599e-06
3.07052e-06
2.49073e-06
1.42491e-06
2.15894e-07
1.03499e-08
2.91076e-09
5.04238e-09
3.63205e-08
1.48829e-06
4.30557e-06
2.4572e-07
2.93319e-09
2.01354e-08
4.66469e-06
6.99699e-07
3.23504e-07
1.18344e-07
1.49734e-08
4.12649e-08
8.21208e-08
6.83106e-08
1.12371e-07
4.10785e-07
2.49156e-06
4.85772e-06
2.62617e-06
7.99012e-07
4.59233e-07
2.29119e-07
5.99078e-08
7.59869e-10
5.71233e-12
1.97765e-12
2.42675e-12
1.84302e-12
1.6637e-12
2.00627e-12
2.23074e-12
2.35139e-12
2.10039e-12
2.45456e-12
4.25784e-12
1.27726e-11
1.36952e-11
3.59225e-12
1.19762e-11
6.72953e-10
9.8445e-10
6.15033e-10
3.00261e-10
9.63221e-11
1.59691e-11
3.11894e-12
3.68087e-12
4.94734e-12
4.36496e-12
2.51554e-12
1.15551e-12
4.62902e-13
4.93358e-13
1.16628e-12
3.43454e-13
1.00035e-15
6.64013e-19
2.78645e-22
5.66215e-26
1.07375e-29
2.14665e-33
4.86841e-37
8.34276e-41
1.5811e-44
2.20779e-48
4.76171e-52
1.41566e-55
8.23601e-59
7.61838e-62
1.05246e-64
1.32213e-67
5.29596e-70
4.94949e-73
4.71205e-77
2.35244e-81
2.7362e-85
2.7099e-89
7.91374e-94
2.84437e-98
9.65618e-103
3.46519e-107
1.94377e-111
1.88483e-115
4.60116e-119
1.78546e-122
6.32207e-126
2.45634e-129
8.27881e-133
2.18318e-136
6.13283e-140
1.48828e-143
3.69649e-147
7.24648e-151
1.89902e-154
3.5538e-158
8.29137e-162
1.42504e-165
3.74228e-169
5.07429e-173
1.01642e-178
1.04127e-184
1.61016e-190
1.52798e-196
3.52647e-202
1.2748e-208
1.02873e-214
2.99605e-221
2.31012e-227
2.04994e-233
3.2152e-239
4.05858e-245
8.13077e-251
1.31109e-256
3.7528e-262
6.16304e-268
1.1542e-273
1.32734e-279
1.71215e-285
1.56842e-291
1.59913e-297
1.27236e-303
1.12294e-309
8.26602e-316
6.71929e-322
0
0
0
0
0
0
0
0
0
0
0
0
0
0
0
0
0
0
0
0
0
0
0
0
0
0
0
0
0
0
0
0
0
0
0
0
0
0
0
0
0
0
0
0
0
0
0
0
0
0
0
0
0
0
0
0
0
0
0
0
0
0
0
0
0
0
0
0
0
0
0
0
0
0
0
0
0
0
0
0
0
0
0
0
0
0
0
0
0
0
0
0
0
0
0
0
0
0
0
0
0
0
0
0
0
0
0
0
0
0
0
0
0
0
0
0
0
0
0
0
0
0
0
0
0
0
0
0
0
0
0
0
0
0
0
0
0
0
0
0
0
0
0
0
0
0
0
0
0
0
0
0
0
0
0
0
0
0
0
0
0
0
0
0
0
0
0
0
0
0
0
0
0
0
0
0
0
0
0
0
0
0
0
0
0
0
0
0
0
0
0
0
0
0
0
0
0
0
0
0
0
0
0
0
0
0
3.29048e-08
3.70208e-08
5.96845e-09
6.21243e-10
2.5132e-10
1.28944e-09
5.93772e-08
5.66851e-06
8.60655e-06
8.52805e-06
7.46376e-06
6.72147e-06
6.31023e-06
6.21174e-06
6.08735e-06
6.07379e-06
3.6547e-06
2.51841e-06
2.36304e-06
1.28458e-06
5.34325e-07
1.58694e-07
2.31808e-08
3.14214e-09
6.55427e-10
2.45419e-10
1.40075e-10
1.24147e-10
1.95311e-10
1.65298e-09
8.73835e-08
3.43769e-06
9.84531e-07
6.53597e-07
7.40377e-07
9.55059e-07
1.02406e-06
9.82991e-07
9.45739e-07
9.59966e-07
1.02777e-06
1.23878e-06
1.65758e-06
2.23562e-06
2.6586e-06
3.31691e-06
3.66212e-06
3.92404e-06
4.36272e-06
4.21599e-06
4.01865e-06
3.02812e-06
1.47565e-06
1.20987e-06
1.2079e-06
1.05943e-06
1.22933e-06
4.35104e-06
3.89096e-06
3.87513e-06
4.52573e-06
3.02924e-06
1.0919e-06
9.85216e-07
1.76366e-06
3.04853e-06
2.65593e-06
9.07771e-07
3.57465e-08
3.48592e-09
3.91973e-09
3.54477e-08
1.44691e-06
3.89235e-06
4.94885e-08
6.15955e-09
6.41354e-08
4.31908e-06
1.83284e-06
6.97431e-07
6.83181e-08
4.85135e-08
1.7684e-07
9.0522e-07
1.02345e-06
1.05741e-06
2.68665e-06
4.8194e-06
5.17027e-07
4.68494e-08
1.61556e-08
1.16606e-08
7.80029e-09
2.5126e-09
7.81736e-11
6.93382e-12
3.61654e-12
3.692e-12
6.23017e-12
1.02584e-11
1.07258e-11
9.13006e-12
4.22646e-12
2.89583e-12
2.1897e-12
3.30745e-12
6.79635e-12
6.6457e-12
1.2486e-12
1.08163e-11
5.09796e-11
2.25533e-11
2.5027e-11
1.59154e-11
6.41408e-12
2.51363e-12
1.26882e-12
6.89951e-13
5.42763e-13
4.03362e-13
5.37038e-13
6.78807e-13
5.73251e-13
7.83402e-13
7.81531e-13
2.98377e-13
5.39819e-16
2.59957e-19
6.32621e-23
9.85317e-27
1.44556e-30
1.9492e-34
2.89525e-38
4.85186e-42
9.73584e-46
1.74472e-49
3.81105e-53
1.176e-56
4.20385e-60
2.39251e-63
1.97048e-66
1.46744e-69
8.78144e-73
3.52522e-76
5.1895e-80
6.86092e-84
7.7056e-88
6.69702e-92
5.05097e-96
3.46461e-100
2.28081e-104
1.50642e-108
1.93927e-112
2.7834e-116
6.04633e-120
1.80654e-123
4.61256e-127
1.22323e-130
3.04609e-134
6.45523e-138
1.30273e-141
3.15219e-145
6.51406e-149
1.26458e-152
2.40529e-156
4.40234e-160
8.05177e-164
1.8831e-167
2.89733e-171
6.42162e-175
6.69919e-181
7.5393e-187
6.99293e-193
9.41288e-199
5.52667e-205
3.77383e-211
1.9366e-217
1.21315e-223
1.00092e-229
1.16699e-235
1.22531e-241
1.86096e-247
2.61357e-253
5.23693e-259
8.86216e-265
1.46739e-270
1.82097e-276
2.22091e-282
2.20282e-288
2.16625e-294
1.83736e-300
1.56287e-306
1.20227e-312
9.40617e-319
0
0
0
0
0
0
0
0
0
0
0
0
0
0
0
0
0
0
0
0
0
0
0
0
0
0
0
0
0
0
0
0
0
0
0
0
0
0
0
0
0
0
0
0
0
0
0
0
0
0
0
0
0
0
0
0
0
0
0
0
0
0
0
0
0
0
0
0
0
0
0
0
0
0
0
0
0
0
0
0
0
0
0
0
0
0
0
0
0
0
0
0
0
0
0
0
0
0
0
0
0
0
0
0
0
0
0
0
0
0
0
0
0
0
0
0
0
0
0
0
0
0
0
0
0
0
0
0
0
0
0
0
0
0
0
0
0
0
0
0
0
0
0
0
0
0
0
0
0
0
0
0
0
0
0
0
0
0
0
0
0
0
0
0
0
0
0
0
0
0
0
0
0
0
0
0
0
0
0
0
0
0
0
0
0
0
0
0
0
0
0
0
0
0
0
0
0
0
0
0
0
0
0
0
0
0
2.77995e-09
4.44841e-09
1.38132e-09
2.78678e-10
1.93326e-10
5.61397e-10
1.67668e-08
1.48761e-06
8.68261e-06
9.26436e-06
8.75867e-06
8.19555e-06
7.3779e-06
7.02036e-06
6.66533e-06
6.81095e-06
7.29978e-06
7.88195e-06
7.98923e-06
7.47045e-06
3.07047e-06
2.1469e-07
1.52874e-08
1.29615e-09
3.34915e-10
1.43782e-10
1.17387e-10
1.28467e-10
4.13162e-10
6.44534e-09
2.07322e-06
2.3782e-06
7.94801e-07
5.65676e-07
6.19911e-07
7.43314e-07
8.81212e-07
9.61194e-07
1.05674e-06
1.21605e-06
1.30439e-06
1.34863e-06
1.48575e-06
1.80911e-06
2.20765e-06
2.77861e-06
3.53891e-06
4.29154e-06
4.1255e-06
3.15368e-06
2.54282e-06
1.72925e-06
1.26572e-06
1.1239e-06
9.84382e-07
7.60591e-07
6.89069e-07
1.17877e-06
2.50629e-06
2.29308e-06
9.17924e-07
2.27621e-07
2.00295e-07
2.83057e-07
8.45965e-07
9.71389e-07
2.68316e-07
5.8806e-08
2.51951e-08
5.57929e-09
1.27285e-09
2.48622e-09
5.63564e-08
1.45909e-06
2.58276e-06
5.61243e-08
1.63891e-08
4.06144e-08
1.30122e-06
4.90067e-06
4.8129e-06
3.95937e-06
4.46295e-06
4.38423e-06
4.61179e-06
4.76118e-06
1.95328e-06
1.53754e-07
3.95888e-08
1.40282e-08
5.00521e-09
2.64016e-09
2.64648e-09
3.04122e-09
1.81079e-09
4.45959e-10
1.53972e-10
1.05099e-10
9.48519e-11
7.38871e-11
4.1228e-11
2.68701e-11
1.33659e-11
8.5528e-12
3.57536e-12
2.53037e-12
3.02323e-12
3.42408e-12
2.97307e-12
9.35843e-13
7.39447e-13
8.4141e-13
1.37111e-12
3.47321e-12
2.80058e-12
9.45153e-13
8.01298e-13
5.93211e-13
7.17102e-13
1.24143e-12
2.32414e-12
2.51532e-12
3.12522e-12
3.32046e-12
1.67615e-12
8.95254e-13
2.05475e-13
1.64118e-16
4.8901e-20
8.03236e-24
9.01074e-28
1.10634e-31
1.15366e-35
1.76086e-39
2.30649e-43
4.71262e-47
8.53435e-51
1.72678e-54
3.52556e-58
1.31158e-61
3.54237e-65
1.59283e-68
5.29247e-72
1.40403e-75
2.8004e-79
4.96246e-83
6.87139e-87
7.61027e-91
1.06587e-94
1.1025e-98
1.14603e-102
1.36843e-106
1.43743e-110
2.10361e-114
4.8908e-118
9.47225e-122
1.71461e-125
3.37592e-129
6.10901e-133
1.49925e-136
2.80955e-140
5.49819e-144
9.38976e-148
1.72812e-151
2.89669e-155
4.93236e-159
8.6735e-163
2.00853e-166
2.77663e-170
5.83781e-174
3.26789e-178
1.14614e-184
4.09736e-191
2.03262e-197
1.18116e-203
9.50693e-210
7.60232e-216
7.36231e-222
8.02236e-228
1.08533e-233
1.37326e-239
2.41362e-245
3.81168e-251
8.25413e-257
1.42415e-262
2.37342e-268
2.7767e-274
3.17244e-280
2.81554e-286
2.51726e-292
1.89805e-298
1.48142e-304
1.03936e-310
7.71263e-317
5.43472e-323
0
0
0
0
0
0
0
0
0
0
0
0
0
0
0
0
0
0
0
0
0
0
0
0
0
0
0
0
0
0
0
0
0
0
0
0
0
0
0
0
0
0
0
0
0
0
0
0
0
0
0
0
0
0
0
0
0
0
0
0
0
0
0
0
0
0
0
0
0
0
0
0
0
0
0
0
0
0
0
0
0
0
0
0
0
0
0
0
0
0
0
0
0
0
0
0
0
0
0
0
0
0
0
0
0
0
0
0
0
0
0
0
0
0
0
0
0
0
0
0
0
0
0
0
0
0
0
0
0
0
0
0
0
0
0
0
0
0
0
0
0
0
0
0
0
0
0
0
0
0
0
0
0
0
0
0
0
0
0
0
0
0
0
0
0
0
0
0
0
0
0
0
0
0
0
0
0
0
0
0
0
0
0
0
0
0
0
0
0
0
0
0
0
0
0
0
0
0
0
0
0
0
0
0
0
4.30965e-10
6.245e-10
3.51395e-10
2.00592e-10
1.82643e-10
2.80813e-10
5.00732e-09
3.95288e-07
6.98347e-06
9.33827e-06
9.08741e-06
8.38434e-06
7.52616e-06
7.16651e-06
7.31432e-06
7.88798e-06
8.3661e-06
8.61006e-06
8.10045e-06
5.4192e-06
5.76489e-07
3.53118e-08
2.44143e-09
4.2275e-10
1.6167e-10
1.13294e-10
1.07346e-10
1.35357e-10
8.51099e-10
1.77531e-08
4.53845e-06
1.76618e-06
6.7679e-07
4.85207e-07
5.67813e-07
7.38506e-07
1.02029e-06
1.37303e-06
1.74576e-06
2.01325e-06
2.1556e-06
2.22682e-06
2.26301e-06
2.46827e-06
2.92064e-06
3.45921e-06
4.25036e-06
4.27122e-06
3.33722e-06
2.99027e-06
2.96178e-06
1.91385e-06
1.14661e-06
8.22635e-07
6.60081e-07
4.64495e-07
2.69763e-07
2.48647e-07
2.31202e-07
1.81912e-07
1.51613e-07
2.25607e-07
8.75695e-07
1.44013e-06
8.23874e-07
5.22895e-08
7.59276e-09
2.79022e-09
1.35208e-09
6.87984e-10
2.98833e-10
3.4922e-10
2.52128e-09
7.03371e-08
9.23838e-07
1.47053e-06
2.0348e-07
5.55979e-08
5.16955e-08
1.08949e-07
7.50087e-07
2.81489e-06
3.99687e-06
3.49761e-06
1.33311e-06
2.13633e-07
4.9537e-08
1.74557e-08
7.80198e-09
5.81466e-09
3.97183e-09
2.30032e-09
1.22179e-09
8.1339e-10
7.89002e-10
7.63425e-10
5.88853e-10
3.21923e-10
1.52197e-10
7.14431e-11
3.24127e-11
1.4418e-11
1.13285e-11
9.18395e-12
6.15913e-12
3.48593e-12
2.68903e-12
2.59986e-12
2.69594e-12
1.31448e-12
1.13716e-12
1.21093e-12
1.09054e-12
9.99886e-13
8.31234e-13
8.64201e-13
1.03984e-12
1.22427e-12
1.4713e-12
1.43267e-12
2.91986e-12
3.38334e-12
3.5876e-12
3.78868e-12
3.85804e-12
1.48793e-12
7.47132e-13
4.89373e-14
1.41138e-17
1.9976e-21
1.9531e-25
1.5795e-29
1.87382e-33
1.98876e-37
3.36232e-41
5.13594e-45
9.47422e-49
1.71754e-52
3.28857e-56
6.05133e-60
1.2638e-63
2.90214e-67
5.2976e-71
1.3902e-74
2.30663e-78
4.03026e-82
6.16493e-86
9.69214e-90
1.61804e-93
1.97925e-97
3.27062e-101
4.87832e-105
8.13579e-109
1.19141e-112
1.95772e-116
3.1495e-120
5.45931e-124
8.41099e-128
1.79068e-131
2.83412e-135
4.92255e-139
7.94295e-143
1.31515e-146
1.99591e-150
3.41727e-154
4.845e-158
8.35305e-162
1.3583e-165
1.98999e-169
3.14463e-173
5.08389e-177
4.94893e-183
5.18803e-189
4.71494e-195
4.36644e-201
3.43041e-207
2.89869e-213
2.21121e-219
1.99607e-225
1.73928e-231
1.74287e-237
1.90326e-243
2.40365e-249
3.48757e-255
5.04852e-261
6.33648e-267
7.09493e-273
7.21715e-279
6.80075e-285
5.98267e-291
5.01838e-297
4.02524e-303
3.16e-309
2.42955e-315
1.87251e-321
0
0
0
0
0
0
0
0
0
0
0
0
0
0
0
0
0
0
0
0
0
0
0
0
0
0
0
0
0
0
0
0
0
0
0
0
0
0
0
0
0
0
0
0
0
0
0
0
0
0
0
0
0
0
0
0
0
0
0
0
0
0
0
0
0
0
0
0
0
0
0
0
0
0
0
0
0
0
0
0
0
0
0
0
0
0
0
0
0
0
0
0
0
0
0
0
0
0
0
0
0
0
0
0
0
0
0
0
0
0
0
0
0
0
0
0
0
0
0
0
0
0
0
0
0
0
0
0
0
0
0
0
0
0
0
0
0
0
0
0
0
0
0
0
0
0
0
0
0
0
0
0
0
0
0
0
0
0
0
0
0
0
0
0
0
0
0
0
0
0
0
0
0
0
0
0
0
0
0
0
0
0
0
0
0
0
0
0
0
0
0
0
0
0
0
0
0
0
0
0
0
0
0
0
0
1.20134e-10
1.79403e-10
1.59497e-10
1.74099e-10
1.87414e-10
2.44431e-10
1.56774e-09
5.95994e-08
2.65706e-06
6.3755e-06
4.15866e-06
1.55732e-06
9.75627e-07
7.809e-07
1.01212e-06
1.27112e-06
1.62897e-06
1.51649e-06
8.45307e-07
1.75421e-07
2.33281e-08
2.88941e-09
6.3954e-10
2.58595e-10
1.42737e-10
1.09551e-10
9.04282e-11
1.12126e-10
8.76564e-10
2.21397e-08
4.57464e-06
1.91943e-06
8.51639e-07
7.20406e-07
9.45634e-07
1.4591e-06
2.23534e-06
2.95524e-06
3.53223e-06
3.80372e-06
3.94539e-06
4.00985e-06
4.11106e-06
4.21234e-06
4.29792e-06
4.40508e-06
4.15081e-06
3.21028e-06
2.60651e-06
2.65886e-06
2.76485e-06
1.89574e-06
1.33202e-06
1.34718e-06
1.46503e-06
1.34889e-06
9.54813e-07
5.2865e-07
2.88451e-07
4.96825e-07
1.23022e-06
3.26911e-06
3.53927e-06
1.13115e-06
1.60308e-08
1.3855e-09
2.24943e-10
9.67129e-11
5.93484e-11
7.8367e-11
8.43997e-11
1.14734e-10
3.91556e-10
1.91016e-09
5.01497e-08
2.74183e-07
8.46009e-07
8.37535e-07
1.8105e-07
8.27695e-08
7.63272e-08
1.29548e-07
1.69425e-07
1.32959e-07
6.59953e-08
4.29854e-08
2.16397e-08
1.59499e-08
1.05757e-08
6.87989e-09
4.73985e-09
2.71014e-09
1.70093e-09
8.56365e-10
4.62414e-10
2.94489e-10
1.97163e-10
1.06786e-10
4.36968e-11
2.1533e-11
1.02913e-11
6.73854e-12
4.41239e-12
4.41272e-12
4.28449e-12
3.81539e-12
3.14796e-12
2.66441e-12
2.4353e-12
2.1845e-12
2.11608e-12
1.33659e-12
1.27442e-12
1.16797e-12
1.22591e-12
1.44033e-12
2.54712e-12
2.84329e-12
3.12264e-12
3.57786e-12
3.83621e-12
3.91342e-12
4.01742e-12
3.96667e-12
4.14683e-12
2.40306e-12
6.64122e-13
3.95373e-13
3.35484e-16
9.57397e-20
1.47739e-23
1.94473e-27
1.81075e-31
2.26725e-35
2.02378e-39
2.98759e-43
4.43321e-47
7.30382e-51
1.35936e-54
2.53101e-58
4.5118e-62
7.80753e-66
9.52558e-70
2.18853e-73
2.64709e-77
5.18424e-81
8.77608e-85
1.79961e-88
3.12052e-92
5.80949e-96
1.06883e-99
1.95009e-103
3.41724e-107
5.95046e-111
1.02095e-114
1.63557e-118
2.83267e-122
4.81946e-126
7.88673e-130
1.26323e-133
2.10438e-137
3.17111e-141
5.37019e-145
7.70181e-149
1.27319e-152
1.81708e-156
2.86015e-160
4.2634e-164
6.30126e-168
9.34524e-172
1.42747e-175
1.53104e-181
1.75556e-187
1.92831e-193
2.25057e-199
2.49902e-205
2.9414e-211
3.36163e-217
4.10436e-223
5.02645e-229
6.74001e-235
9.25461e-241
1.44033e-246
2.05283e-252
2.55971e-258
2.62206e-264
2.47504e-270
2.04911e-276
1.64551e-282
1.22333e-288
9.17026e-295
6.65344e-301
5.00842e-307
3.76189e-313
2.97017e-319
0
0
0
0
0
0
0
0
0
0
0
0
0
0
0
0
0
0
0
0
0
0
0
0
0
0
0
0
0
0
0
0
0
0
0
0
0
0
0
0
0
0
0
0
0
0
0
0
0
0
0
0
0
0
0
0
0
0
0
0
0
0
0
0
0
0
0
0
0
0
0
0
0
0
0
0
0
0
0
0
0
0
0
0
0
0
0
0
0
0
0
0
0
0
0
0
0
0
0
0
0
0
0
0
0
0
0
0
0
0
0
0
0
0
0
0
0
0
0
0
0
0
0
0
0
0
0
0
0
0
0
0
0
0
0
0
0
0
0
0
0
0
0
0
0
0
0
0
0
0
0
0
0
0
0
0
0
0
0
0
0
0
0
0
0
0
0
0
0
0
0
0
0
0
0
0
0
0
0
0
0
0
0
0
0
0
0
0
0
0
0
0
0
0
0
0
0
0
0
0
0
0
0
0
0
1.33882e-10
1.36775e-10
1.57924e-10
1.63529e-10
1.94651e-10
2.21192e-10
3.762e-10
4.6228e-09
7.4617e-08
2.82319e-07
1.28186e-07
2.86142e-08
8.92993e-09
5.47641e-09
4.95918e-09
7.1384e-09
8.24639e-09
9.02597e-09
6.58991e-09
3.27655e-09
1.46961e-09
6.67683e-10
3.05465e-10
2.04825e-10
1.31167e-10
1.06628e-10
9.32987e-11
9.56377e-11
4.73848e-10
8.15128e-09
2.84159e-06
3.22713e-06
1.95296e-06
1.94897e-06
2.54375e-06
3.4958e-06
4.09568e-06
4.39988e-06
4.41074e-06
4.39905e-06
4.34928e-06
4.20902e-06
4.09774e-06
3.97147e-06
3.86255e-06
3.57438e-06
3.24906e-06
2.98734e-06
3.04893e-06
3.40036e-06
3.46845e-06
3.54965e-06
3.9114e-06
4.19343e-06
4.39208e-06
4.38227e-06
4.34203e-06
4.22396e-06
4.2998e-06
4.48598e-06
4.50873e-06
4.28265e-06
8.90083e-07
9.8898e-09
4.84783e-10
4.4222e-11
2.34756e-11
2.37172e-11
2.99032e-11
4.73941e-11
5.47957e-11
7.38678e-11
1.18058e-10
2.79568e-10
1.78056e-09
5.64604e-09
5.13672e-08
8.70104e-08
1.01755e-07
6.1661e-08
5.74938e-08
5.2177e-08
4.64841e-08
4.16472e-08
2.8839e-08
2.08322e-08
1.54112e-08
8.38282e-09
7.76216e-09
4.0451e-09
3.4711e-09
2.27912e-09
1.37708e-09
7.67286e-10
2.50786e-10
1.58756e-10
6.99882e-11
5.99862e-11
2.42934e-11
8.06974e-12
3.4731e-12
3.1892e-12
3.26992e-12
3.4485e-12
3.54647e-12
3.50798e-12
3.22373e-12
2.95016e-12
2.70223e-12
2.57481e-12
2.47489e-12
2.59102e-12
2.49966e-12
2.71814e-12
3.11059e-12
3.48719e-12
3.69631e-12
4.05444e-12
4.08971e-12
4.26678e-12
4.31118e-12
4.31961e-12
4.19246e-12
4.16459e-12
4.128e-12
3.93295e-12
1.0798e-12
6.47444e-13
3.26741e-14
5.86543e-18
6.18354e-22
5.08103e-26
5.13577e-30
6.96451e-34
9.98455e-38
1.6336e-41
2.50705e-45
4.29364e-49
7.48174e-53
1.26033e-56
2.31334e-60
3.66625e-64
6.65439e-68
1.16863e-71
1.54285e-75
3.25319e-79
6.25342e-83
1.76784e-86
3.41308e-90
7.76639e-94
1.37063e-97
2.747e-101
4.30871e-105
8.05928e-109
1.25425e-112
1.896e-116
3.0879e-120
4.80671e-124
7.40537e-128
1.09332e-131
1.69197e-135
2.39773e-139
3.59835e-143
4.95121e-147
7.05334e-151
9.78079e-155
1.36283e-158
1.78142e-162
2.61895e-166
3.51174e-170
5.09591e-174
6.04545e-178
6.14391e-184
5.19656e-190
4.67849e-196
3.59736e-202
2.99761e-208
2.24104e-214
1.88251e-220
1.52163e-226
1.41817e-232
1.29593e-238
1.17388e-244
9.70629e-251
8.03579e-257
6.36965e-263
5.08053e-269
3.91077e-275
3.01606e-281
2.26488e-287
1.71234e-293
1.27343e-299
9.57778e-306
7.13137e-312
5.38979e-318
4.94066e-324
0
0
0
0
0
0
0
0
0
0
0
0
0
0
0
0
0
0
0
0
0
0
0
0
0
0
0
0
0
0
0
0
0
0
0
0
0
0
0
0
0
0
0
0
0
0
0
0
0
0
0
0
0
0
0
0
0
0
0
0
0
0
0
0
0
0
0
0
0
0
0
0
0
0
0
0
0
0
0
0
0
0
0
0
0
0
0
0
0
0
0
0
0
0
0
0
0
0
0
0
0
0
0
0
0
0
0
0
0
0
0
0
0
0
0
0
0
0
0
0
0
0
0
0
0
0
0
0
0
0
0
0
0
0
0
0
0
0
0
0
0
0
0
0
0
0
0
0
0
0
0
0
0
0
0
0
0
0
0
0
0
0
0
0
0
0
0
0
0
0
0
0
0
0
0
0
0
0
0
0
0
0
0
0
0
0
0
0
0
0
0
0
0
0
0
0
0
0
0
0
0
0
0
0
1.27715e-10
1.25639e-10
1.435e-10
1.64327e-10
2.03979e-10
2.30418e-10
2.75215e-10
4.71464e-10
1.1959e-09
2.14618e-09
1.92689e-09
9.69937e-10
5.50333e-10
3.04386e-10
2.66395e-10
1.92473e-10
2.36003e-10
2.29986e-10
2.05013e-10
1.54603e-10
1.70474e-10
1.39317e-10
1.36291e-10
1.23049e-10
1.19439e-10
1.1067e-10
9.38276e-11
9.16207e-11
1.10462e-10
1.35173e-09
7.67912e-08
4.43737e-06
4.56662e-06
4.60342e-06
4.55612e-06
4.60161e-06
4.42871e-06
4.45974e-06
4.27935e-06
4.26955e-06
4.1447e-06
4.11202e-06
4.05476e-06
4.01104e-06
3.95521e-06
3.90457e-06
3.88407e-06
3.91322e-06
4.00182e-06
4.12547e-06
4.15388e-06
4.20994e-06
4.24325e-06
4.08962e-06
3.79523e-06
3.08526e-06
2.5923e-06
2.15609e-06
1.72068e-06
1.23626e-06
5.77229e-07
1.02498e-07
8.05734e-09
2.44396e-10
3.30734e-11
2.10379e-11
2.24502e-11
3.11761e-11
2.46578e-11
4.94487e-11
4.56949e-11
6.66432e-11
6.5415e-11
8.16443e-11
1.20308e-10
2.23172e-10
5.4474e-10
1.08069e-09
2.18241e-09
3.36028e-09
4.19744e-09
4.28534e-09
3.69153e-09
3.41126e-09
3.21755e-09
2.64576e-09
2.25929e-09
2.25583e-09
2.404e-09
2.04575e-09
1.51457e-09
1.18453e-09
9.09636e-10
5.93372e-10
3.52272e-10
1.95031e-10
1.08991e-10
4.83157e-11
7.38922e-12
3.32443e-12
3.30141e-12
3.22681e-12
3.22422e-12
3.2307e-12
3.23265e-12
3.24644e-12
3.26626e-12
3.19631e-12
3.22504e-12
3.23509e-12
3.33284e-12
3.49917e-12
3.62375e-12
3.8881e-12
4.1727e-12
4.0854e-12
4.54824e-12
4.22929e-12
4.31916e-12
4.31884e-12
4.27014e-12
4.24118e-12
4.24381e-12
4.15587e-12
4.25382e-12
4.11249e-12
1.70769e-12
8.20317e-13
7.17529e-14
2.89973e-17
6.33708e-21
1.29815e-24
1.94188e-28
4.31791e-32
7.33194e-36
1.71345e-39
3.50422e-43
7.59035e-47
1.51054e-50
3.18422e-54
6.36553e-58
1.20095e-61
2.55099e-65
4.0342e-69
8.17896e-73
1.30135e-76
2.25724e-80
4.09879e-84
5.96101e-88
1.03113e-91
1.54923e-95
2.4717e-99
3.57733e-103
5.59741e-107
8.53708e-111
1.16307e-114
1.80445e-118
2.6766e-122
3.73064e-126
5.40674e-130
7.40746e-134
1.06225e-137
1.39949e-141
2.0118e-145
2.54418e-149
3.58755e-153
4.63019e-157
6.45466e-161
8.13586e-165
1.08693e-168
1.45514e-172
1.75347e-176
1.51666e-182
1.22397e-188
1.02837e-194
7.95147e-201
6.28958e-207
4.54112e-213
3.36304e-219
2.27776e-225
1.56231e-231
1.00537e-237
6.50861e-244
4.00024e-250
2.48076e-256
1.47935e-262
8.95216e-269
5.28467e-275
3.19424e-281
1.91493e-287
1.18843e-293
7.43521e-300
4.85438e-306
3.22814e-312
2.24012e-318
0
0
0
0
0
0
0
0
0
0
0
0
0
0
0
0
0
0
0
0
0
0
0
0
0
0
0
0
0
0
0
0
0
0
0
0
0
0
0
0
0
0
0
0
0
0
0
0
0
0
0
0
0
0
0
0
0
0
0
0
0
0
0
0
0
0
0
0
0
0
0
0
0
0
0
0
0
0
0
0
0
0
0
0
0
0
0
0
0
0
0
0
0
0
0
0
0
0
0
0
0
0
0
0
0
0
0
0
0
0
0
0
0
0
0
0
0
0
0
0
0
0
0
0
0
0
0
0
0
0
0
0
0
0
0
0
0
0
0
0
0
0
0
0
0
0
0
0
0
0
0
0
0
0
0
0
0
0
0
0
0
0
0
0
0
0
0
0
0
0
0
0
0
0
0
0
0
0
0
0
0
0
0
0
0
0
0
0
0
0
0
0
0
0
0
0
0
0
0
0
0
0
0
0
0
)
;

boundaryField
{
    wand
    {
        type            zeroGradient;
    }
    frontAndBack
    {
        type            empty;
    }
}


// ************************************************************************* //
