/*--------------------------------*- C++ -*----------------------------------*\
| =========                 |                                                 |
| \\      /  F ield         | OpenFOAM: The Open Source CFD Toolbox           |
|  \\    /   O peration     | Version:  2.1.1                                 |
|   \\  /    A nd           | Web:      www.OpenFOAM.org                      |
|    \\/     M anipulation  |                                                 |
\*---------------------------------------------------------------------------*/
FoamFile
{
    version     2.0;
    format      ascii;
    class       volScalarField;
    location    "0.000600000";
    object      H;
}
// * * * * * * * * * * * * * * * * * * * * * * * * * * * * * * * * * * * * * //

dimensions      [0 0 0 0 0 0 0];

internalField   nonuniform List<scalar> 
12384
(
8.74536e-08
5.25734e-08
8.7759e-09
2.07215e-10
4.12515e-12
7.3783e-14
1.33875e-15
2.37233e-17
3.71118e-19
4.85486e-21
5.52078e-23
5.4055e-25
4.69708e-27
3.71982e-29
8.28524e-44
5.90241e-45
3.91799e-47
2.25578e-49
1.20249e-51
5.73295e-54
2.58788e-56
1.08645e-58
4.36987e-61
1.71542e-63
6.68918e-66
2.57125e-68
1.01859e-70
3.93818e-73
1.57016e-75
6.17858e-78
2.47355e-80
1.00395e-82
4.25865e-85
1.895e-87
9.09469e-90
4.6571e-92
2.53887e-94
1.43655e-96
8.20151e-99
4.67632e-101
2.59343e-103
1.4024e-105
7.33483e-108
3.71031e-110
1.28162e-119
1.21354e-120
1.6008e-122
1.45898e-124
1.06153e-126
6.60413e-129
3.66137e-131
1.85895e-133
8.716e-136
3.78951e-138
1.53311e-140
5.81117e-143
2.09403e-145
7.28625e-148
2.44247e-150
7.74715e-153
2.31704e-155
6.5848e-158
1.79458e-160
4.73138e-163
1.2119e-165
3.02475e-168
4.35574e-171
4.75157e-175
2.70788e-178
4.06252e-181
7.03468e-184
1.07213e-186
1.31578e-189
1.43598e-193
1.42689e-210
2.16567e-208
4.89573e-211
5.98086e-214
5.41104e-217
4.06162e-220
2.78286e-223
1.76813e-226
1.07411e-229
6.33365e-233
3.59777e-236
2.02807e-239
1.15698e-242
7.14931e-246
4.56692e-249
2.65267e-252
1.2879e-255
5.67913e-259
2.31958e-262
9.14042e-266
3.43624e-269
1.25137e-272
4.38571e-276
1.50882e-279
5.04314e-283
1.68108e-286
5.58862e-290
1.84342e-293
5.89952e-297
4.71589e-301
0
1.03754e-322
0
0
0
0
0
0
0
0
0
0
0
0
0
0
0
0
0
0
0
0
0
0
0
0
0
0
0
0
0
0
0
0
0
0
0
0
0
0
0
0
0
0
0
0
0
0
0
0
0
0
0
0
0
0
0
0
0
0
0
0
0
0
0
0
0
0
0
0
0
0
0
0
0
0
0
0
0
0
0
0
0
0
0
0
0
0
0
0
0
0
0
0
0
0
0
0
0
0
0
0
0
0
0
0
0
0
0
0
0
0
0
0
0
0
0
0
0
0
0
0
0
0
0
0
0
0
0
0
0
0
0
0
0
0
0
0
0
0
0
0
0
0
0
0
0
0
0
0
0
0
0
0
0
0
0
0
0
0
0
0
0
0
0
0
0
0
0
0
0
0
0
0
0
0
0
0
0
0
0
0
0
0
0
0
0
0
0
0
0
0
0
0
0
0
0
0
0
0
0
0
0
0
0
0
0
0
0
0
0
0
0
0
0
0
0
0
0
0
0
0
0
0
0
0
0
0
0
0
0
0
0
0
0
0
0
0
0
0
0
0
0
0
0
0
0
0
0
0
0
0
0
0
0
0
0
0
0
0
0
0
0
0
0
0
0
0
0
0
3.04128e-08
5.60894e-08
4.90151e-09
1.45412e-10
1.66122e-12
1.37129e-14
3.61359e-16
1.07104e-17
3.50329e-19
8.13744e-21
1.10847e-22
1.55758e-24
1.55908e-26
1.19614e-28
2.26317e-42
1.69755e-43
1.18689e-45
7.84947e-48
4.8605e-50
2.66088e-52
1.35796e-54
6.4085e-57
2.63378e-59
1.15088e-61
4.95078e-64
2.0876e-66
9.0258e-69
3.91809e-71
1.55483e-73
6.63782e-76
2.61766e-78
9.83064e-81
4.06952e-83
1.52326e-85
6.34455e-88
2.77574e-90
1.24826e-92
6.81574e-95
3.72955e-97
2.09606e-99
1.25265e-101
6.56291e-104
3.71294e-106
2.12595e-108
3.18983e-117
1.473e-118
1.80545e-120
1.63896e-122
1.22893e-124
8.02519e-127
4.75965e-129
2.63369e-131
1.36417e-133
6.59587e-136
2.96007e-138
1.21383e-140
4.5908e-143
1.65092e-145
5.69197e-148
1.83792e-150
5.5288e-153
1.57556e-155
4.30534e-158
1.14511e-160
2.96724e-163
7.54988e-166
1.87629e-168
2.45239e-171
1.19132e-174
1.73782e-177
3.15596e-180
5.07464e-183
6.58084e-186
1.38781e-189
3.20244e-206
1.46024e-204
3.21079e-207
3.88583e-210
3.46153e-213
2.54866e-216
1.67771e-219
1.01514e-222
5.80842e-226
3.19914e-229
1.71549e-232
9.10376e-236
4.88814e-239
2.77227e-242
1.66409e-245
9.51421e-249
4.81774e-252
2.19146e-255
9.26633e-259
3.74924e-262
1.46379e-265
5.54583e-269
2.03082e-272
7.24544e-276
2.51267e-279
8.57677e-283
2.91022e-286
9.8008e-290
3.26295e-293
5.14378e-297
1.97972e-320
7.65046e-319
1.57607e-321
0
0
0
0
0
0
0
0
0
0
0
0
0
0
0
0
0
0
0
0
0
0
0
0
0
0
0
0
0
0
0
0
0
0
0
0
0
0
0
0
0
0
0
0
0
0
0
0
0
0
0
0
0
0
0
0
0
0
0
0
0
0
0
0
0
0
0
0
0
0
0
0
0
0
0
0
0
0
0
0
0
0
0
0
0
0
0
0
0
0
0
0
0
0
0
0
0
0
0
0
0
0
0
0
0
0
0
0
0
0
0
0
0
0
0
0
0
0
0
0
0
0
0
0
0
0
0
0
0
0
0
0
0
0
0
0
0
0
0
0
0
0
0
0
0
0
0
0
0
0
0
0
0
0
0
0
0
0
0
0
0
0
0
0
0
0
0
0
0
0
0
0
0
0
0
0
0
0
0
0
0
0
0
0
0
0
0
0
0
0
0
0
0
0
0
0
0
0
0
0
0
0
0
0
0
0
0
0
0
0
0
0
0
0
0
0
0
0
0
0
0
0
0
0
0
0
0
0
0
0
0
0
0
0
0
0
0
0
0
0
0
0
0
0
0
0
0
0
0
0
0
0
0
0
0
0
0
0
0
0
0
0
0
0
0
0
0
1.69678e-13
3.38921e-13
1.16961e-14
2.36897e-15
1.6687e-17
2.05594e-18
3.57626e-21
6.18442e-24
5.8389e-27
2.59268e-29
5.72978e-32
9.06339e-34
3.2439e-35
4.66911e-37
1.57612e-48
1.70573e-49
1.20867e-51
5.40736e-54
3.49218e-56
1.07717e-58
5.9682e-61
1.64113e-63
6.57559e-66
2.33459e-68
9.67304e-71
3.8077e-73
1.85558e-75
7.00792e-78
3.23182e-80
1.43504e-82
5.56165e-85
2.35323e-87
8.82338e-90
3.36975e-92
1.24459e-94
4.84578e-97
1.61406e-99
6.14724e-102
2.03565e-104
7.69305e-107
3.12575e-109
1.07333e-111
5.49417e-114
5.95689e-117
1.86459e-124
1.82207e-125
1.64736e-127
1.3113e-129
9.15796e-132
6.48643e-134
4.33724e-136
3.0233e-138
1.95533e-140
1.23284e-142
6.98817e-145
3.48427e-147
1.4319e-149
5.18765e-152
1.7543e-154
5.33875e-157
1.50639e-159
4.07172e-162
1.10425e-164
2.95076e-167
7.83695e-170
2.00606e-172
5.09979e-175
1.26173e-177
2.9095e-180
5.56471e-183
1.06242e-185
1.72618e-188
2.17331e-191
8.63907e-196
1.64842e-211
7.93657e-210
1.62642e-212
1.87468e-215
1.5903e-218
1.12396e-221
7.09015e-225
4.03743e-228
2.14894e-231
1.07718e-234
5.20367e-238
2.44372e-241
1.17696e-244
5.88516e-248
3.09478e-251
1.54799e-254
6.93505e-258
2.83823e-261
1.13763e-264
4.53985e-268
1.82141e-271
7.12247e-275
2.74521e-278
1.01781e-281
3.64686e-285
1.27376e-288
4.43838e-292
1.51445e-295
5.05302e-299
1.55391e-303
0
4.94066e-324
0
0
0
0
0
0
0
0
0
0
0
0
0
0
0
0
0
0
0
0
0
0
0
0
0
0
0
0
0
0
0
0
0
0
0
0
0
0
0
0
0
0
0
0
0
0
0
0
0
0
0
0
0
0
0
0
0
0
0
0
0
0
0
0
0
0
0
0
0
0
0
0
0
0
0
0
0
0
0
0
0
0
0
0
0
0
0
0
0
0
0
0
0
0
0
0
0
0
0
0
0
0
0
0
0
0
0
0
0
0
0
0
0
0
0
0
0
0
0
0
0
0
0
0
0
0
0
0
0
0
0
0
0
0
0
0
0
0
0
0
0
0
0
0
0
0
0
0
0
0
0
0
0
0
0
0
0
0
0
0
0
0
0
0
0
0
0
0
0
0
0
0
0
0
0
0
0
0
0
0
0
0
0
0
0
0
0
0
0
0
0
0
0
0
0
0
0
0
0
0
0
0
0
0
0
0
0
0
0
0
0
0
0
0
0
0
0
0
0
0
0
0
0
0
0
0
0
0
0
0
0
0
0
0
0
0
0
0
0
0
0
0
0
0
0
0
0
0
0
0
0
0
0
0
0
0
0
0
0
0
0
0
0
0
0
0
0
0
1.99607e-05
6.73951e-06
4.60417e-09
4.75111e-12
3.00881e-13
3.11421e-13
1.14823e-15
5.73824e-19
1.17213e-22
5.16482e-26
5.38476e-29
3.03219e-32
2.5894e-35
5.40345e-38
3.04225e-43
2.62012e-44
1.22077e-46
6.96243e-49
2.83115e-51
1.16782e-53
3.56878e-56
1.15542e-58
3.00004e-61
9.18358e-64
2.49345e-66
1.12172e-68
3.31903e-71
1.50979e-73
5.29047e-76
1.95625e-78
6.44719e-81
3.08828e-83
9.16045e-86
4.26813e-88
1.29293e-90
4.85088e-93
1.77492e-95
6.20263e-98
2.2844e-100
8.37083e-103
2.98908e-105
1.30924e-107
4.41778e-110
1.62532e-112
7.26341e-120
8.16319e-122
4.10171e-124
2.47107e-126
1.52243e-128
9.43978e-131
6.05719e-133
3.88061e-135
2.52312e-137
1.59581e-139
9.83736e-142
5.57693e-144
2.6242e-146
9.78937e-149
3.2848e-151
1.04124e-153
3.16829e-156
9.3455e-159
2.67626e-161
7.51681e-164
2.06889e-166
5.62688e-169
1.50559e-171
3.98476e-174
1.03377e-176
2.59117e-179
5.22375e-182
9.03837e-185
1.22999e-187
2.68805e-191
3.20154e-206
7.10312e-206
1.25913e-208
1.29343e-211
1.00811e-214
6.57371e-218
3.75958e-221
1.95254e-224
9.4019e-228
4.29296e-231
1.88157e-234
8.04927e-238
3.38577e-241
1.41788e-244
5.93664e-248
2.50234e-251
1.06094e-254
4.52863e-258
1.93219e-261
8.2267e-265
3.46393e-268
1.44254e-271
5.89956e-275
2.37457e-278
9.36486e-282
3.62851e-285
1.37948e-288
5.14993e-292
1.86132e-295
3.17574e-299
1.97626e-320
3.91547e-320
6.91692e-323
0
0
0
0
0
0
0
0
0
0
0
0
0
0
0
0
0
0
0
0
0
0
0
0
0
0
0
0
0
0
0
0
0
0
0
0
0
0
0
0
0
0
0
0
0
0
0
0
0
0
0
0
0
0
0
0
0
0
0
0
0
0
0
0
0
0
0
0
0
0
0
0
0
0
0
0
0
0
0
0
0
0
0
0
0
0
0
0
0
0
0
0
0
0
0
0
0
0
0
0
0
0
0
0
0
0
0
0
0
0
0
0
0
0
0
0
0
0
0
0
0
0
0
0
0
0
0
0
0
0
0
0
0
0
0
0
0
0
0
0
0
0
0
0
0
0
0
0
0
0
0
0
0
0
0
0
0
0
0
0
0
0
0
0
0
0
0
0
0
0
0
0
0
0
0
0
0
0
0
0
0
0
0
0
0
0
0
0
0
0
0
0
0
0
0
0
0
0
0
0
0
0
0
0
0
0
0
0
0
0
0
0
0
0
0
0
0
0
0
0
0
0
0
0
0
0
0
0
0
0
0
0
0
0
0
0
0
0
0
0
0
0
0
0
0
0
0
0
0
0
0
0
0
0
0
0
0
0
0
0
0
0
0
0
0
0
0
0.000110387
0.00013013
6.51018e-05
4.12671e-07
6.93745e-10
5.57855e-10
1.5782e-10
5.3136e-13
7.81817e-17
2.69629e-20
1.30682e-23
1.06783e-26
3.27639e-30
4.89748e-33
2.41335e-37
2.87657e-38
1.11095e-40
4.98681e-43
2.22884e-45
7.7305e-48
2.74015e-50
7.00255e-53
2.15817e-55
5.00686e-58
1.78052e-60
6.48986e-63
2.89475e-65
1.10477e-67
5.0459e-70
1.8688e-72
7.98887e-75
3.153e-77
1.16159e-79
4.85383e-82
1.6108e-84
6.56033e-87
2.36573e-89
8.11281e-92
3.14567e-94
1.07566e-96
3.99417e-99
1.43651e-101
5.35585e-104
1.98572e-106
8.81436e-114
7.54177e-116
2.57219e-118
1.17347e-120
5.77597e-123
3.06678e-125
1.6816e-127
9.81851e-130
5.77254e-132
3.49603e-134
2.09368e-136
1.24067e-138
6.64664e-141
2.88537e-143
1.04832e-145
3.47292e-148
1.09241e-150
3.29624e-153
9.67987e-156
2.77128e-158
7.82258e-161
2.16559e-163
5.9277e-166
1.59317e-168
4.21742e-171
1.08765e-173
2.73991e-176
4.77069e-179
6.60191e-182
1.58855e-185
2.43552e-199
7.26793e-200
1.04234e-202
9.09849e-206
6.20553e-209
3.61646e-212
1.88218e-215
8.92246e-219
3.94996e-222
1.64905e-225
6.63446e-229
2.58539e-232
9.94646e-236
3.78853e-239
1.44781e-242
5.55292e-246
2.154e-249
8.40143e-253
3.30611e-256
1.29671e-259
5.08212e-263
1.96379e-266
7.52331e-270
2.83095e-273
1.0532e-276
3.85528e-280
1.39369e-283
4.98084e-287
1.72888e-290
3.14571e-294
1.44981e-313
3.94963e-314
5.64238e-317
4.75785e-320
2.96439e-323
0
0
0
0
0
0
0
0
0
0
0
0
0
0
0
0
0
0
0
0
0
0
0
0
0
0
0
0
0
0
0
0
0
0
0
0
0
0
0
0
0
0
0
0
0
0
0
0
0
0
0
0
0
0
0
0
0
0
0
0
0
0
0
0
0
0
0
0
0
0
0
0
0
0
0
0
0
0
0
0
0
0
0
0
0
0
0
0
0
0
0
0
0
0
0
0
0
0
0
0
0
0
0
0
0
0
0
0
0
0
0
0
0
0
0
0
0
0
0
0
0
0
0
0
0
0
0
0
0
0
0
0
0
0
0
0
0
0
0
0
0
0
0
0
0
0
0
0
0
0
0
0
0
0
0
0
0
0
0
0
0
0
0
0
0
0
0
0
0
0
0
0
0
0
0
0
0
0
0
0
0
0
0
0
0
0
0
0
0
0
0
0
0
0
0
0
0
0
0
0
0
0
0
0
0
0
0
0
0
0
0
0
0
0
0
0
0
0
0
0
0
0
0
0
0
0
0
0
0
0
0
0
0
0
0
0
0
0
0
0
0
0
0
0
0
0
0
0
0
0
0
0
0
0
0
0
0
0
0
0
0
0
0
0
0
0.000126728
0.000128474
0.000132028
5.67381e-05
2.44927e-06
4.67527e-07
9.87528e-08
5.22983e-09
3.39621e-12
2.44361e-15
1.30933e-18
6.85597e-22
3.56159e-25
2.54587e-28
5.73946e-32
8.2269e-33
3.41026e-35
1.3122e-37
4.64696e-40
1.56192e-42
4.64186e-45
1.53785e-47
4.22167e-50
1.17497e-52
2.76855e-55
9.87204e-58
3.99835e-60
1.59866e-62
6.97874e-65
2.72806e-67
1.12585e-69
4.52571e-72
1.66111e-74
6.97001e-77
2.47257e-79
9.9059e-82
3.47843e-84
1.28349e-86
4.62926e-89
1.6496e-91
6.16459e-94
2.11185e-96
7.79922e-99
2.58659e-101
1.22092e-108
1.04697e-110
3.23896e-113
1.28082e-115
5.41046e-118
2.42024e-120
1.15594e-122
5.75611e-125
3.05355e-127
1.63489e-129
9.22163e-132
5.17591e-134
2.84473e-136
1.37335e-138
5.64712e-141
2.00379e-143
6.56189e-146
2.04773e-148
6.15553e-151
1.81059e-153
5.21064e-156
1.47751e-158
4.11043e-161
1.12835e-163
3.03237e-166
7.98067e-169
2.05843e-171
5.15073e-174
7.22854e-177
1.67231e-180
3.35079e-193
1.59224e-194
1.79152e-197
1.28466e-200
7.47405e-204
3.83624e-207
1.78959e-210
7.75245e-214
3.14377e-217
1.21295e-220
4.48507e-224
1.6134e-227
5.69326e-231
1.99642e-234
6.98326e-238
2.45763e-241
8.69809e-245
3.1063e-248
1.11166e-251
3.98541e-255
1.41745e-258
4.99613e-262
1.73397e-265
5.95106e-269
2.01311e-272
6.75748e-276
2.24995e-279
7.44081e-283
2.41335e-286
3.72778e-290
1.91832e-307
8.36622e-309
9.52012e-312
6.73282e-315
3.77508e-318
1.81816e-321
0
0
0
0
0
0
0
0
0
0
0
0
0
0
0
0
0
0
0
0
0
0
0
0
0
0
0
0
0
0
0
0
0
0
0
0
0
0
0
0
0
0
0
0
0
0
0
0
0
0
0
0
0
0
0
0
0
0
0
0
0
0
0
0
0
0
0
0
0
0
0
0
0
0
0
0
0
0
0
0
0
0
0
0
0
0
0
0
0
0
0
0
0
0
0
0
0
0
0
0
0
0
0
0
0
0
0
0
0
0
0
0
0
0
0
0
0
0
0
0
0
0
0
0
0
0
0
0
0
0
0
0
0
0
0
0
0
0
0
0
0
0
0
0
0
0
0
0
0
0
0
0
0
0
0
0
0
0
0
0
0
0
0
0
0
0
0
0
0
0
0
0
0
0
0
0
0
0
0
0
0
0
0
0
0
0
0
0
0
0
0
0
0
0
0
0
0
0
0
0
0
0
0
0
0
0
0
0
0
0
0
0
0
0
0
0
0
0
0
0
0
0
0
0
0
0
0
0
0
0
0
0
0
0
0
0
0
0
0
0
0
0
0
0
0
0
0
0
0
0
0
0
0
0
0
0
0
0
0
0
0
0
0
0
0.000123334
0.000126842
0.000132531
0.000127603
4.36794e-05
2.78659e-05
9.44404e-06
1.33472e-06
3.22301e-08
4.36782e-11
7.01714e-14
6.06542e-17
3.18955e-20
1.34673e-23
2.89057e-27
4.07753e-28
2.38234e-30
9.75562e-33
3.6751e-35
1.34027e-37
4.77607e-40
1.65562e-42
5.92409e-45
1.58793e-47
5.06543e-50
1.46594e-52
6.46856e-55
2.62373e-57
1.18444e-59
4.86614e-62
2.03821e-64
8.558e-67
3.35184e-69
1.37707e-71
5.27739e-74
2.08233e-76
7.74794e-79
3.0071e-81
1.04575e-83
3.93143e-86
1.42578e-88
4.7306e-91
1.76344e-93
5.99203e-96
3.23935e-103
2.23929e-105
7.49787e-108
2.84335e-110
1.1369e-112
4.72131e-115
2.01662e-117
9.17511e-120
4.29175e-122
2.13182e-124
1.07444e-126
5.63491e-129
2.92555e-131
1.44294e-133
6.44502e-136
2.51205e-138
8.73961e-141
2.84134e-143
8.81736e-146
2.66143e-148
7.84372e-151
2.27004e-153
6.44698e-156
1.80119e-158
4.9337e-161
1.32208e-163
3.47203e-166
8.8897e-169
2.1947e-171
7.00917e-175
1.63225e-186
1.0078e-188
8.35581e-192
4.77517e-195
2.30007e-198
1.00975e-201
4.15523e-205
1.62085e-208
6.01505e-212
2.13773e-215
7.31321e-219
2.43235e-222
7.9334e-226
2.56823e-229
8.28691e-233
2.68312e-236
8.75228e-240
2.88416e-243
9.53046e-247
3.14936e-250
1.03455e-253
3.37198e-257
1.08821e-260
3.48449e-264
1.10706e-267
3.49141e-271
1.09665e-274
3.44785e-278
1.06958e-281
1.81663e-285
9.21052e-301
5.11e-303
4.26368e-306
2.43407e-309
1.15208e-312
4.82733e-316
1.8609e-319
6.91692e-323
0
0
0
0
0
0
0
0
0
0
0
0
0
0
0
0
0
0
0
0
0
0
0
0
0
0
0
0
0
0
0
0
0
0
0
0
0
0
0
0
0
0
0
0
0
0
0
0
0
0
0
0
0
0
0
0
0
0
0
0
0
0
0
0
0
0
0
0
0
0
0
0
0
0
0
0
0
0
0
0
0
0
0
0
0
0
0
0
0
0
0
0
0
0
0
0
0
0
0
0
0
0
0
0
0
0
0
0
0
0
0
0
0
0
0
0
0
0
0
0
0
0
0
0
0
0
0
0
0
0
0
0
0
0
0
0
0
0
0
0
0
0
0
0
0
0
0
0
0
0
0
0
0
0
0
0
0
0
0
0
0
0
0
0
0
0
0
0
0
0
0
0
0
0
0
0
0
0
0
0
0
0
0
0
0
0
0
0
0
0
0
0
0
0
0
0
0
0
0
0
0
0
0
0
0
0
0
0
0
0
0
0
0
0
0
0
0
0
0
0
0
0
0
0
0
0
0
0
0
0
0
0
0
0
0
0
0
0
0
0
0
0
0
0
0
0
0
0
0
0
0
0
0
0
0
0
0
0
0
0
0
0
0.000119854
0.000126532
0.000135
0.000139715
8.30999e-05
7.03866e-05
5.74983e-05
4.06171e-05
2.66745e-06
4.60194e-08
7.74216e-11
1.04717e-13
7.02512e-17
3.37644e-20
5.69191e-24
7.88215e-25
8.42456e-27
5.54711e-29
2.60088e-31
1.11122e-33
4.42684e-36
1.66751e-38
5.84455e-41
1.85257e-43
5.27202e-46
1.49262e-48
6.02744e-51
2.54828e-53
1.08706e-55
4.83305e-58
1.91609e-60
8.24106e-63
3.34711e-65
1.37269e-67
5.57045e-70
2.18348e-72
8.23878e-75
3.35867e-77
1.15719e-79
4.58605e-82
1.59195e-84
5.60954e-87
1.99669e-89
6.51182e-92
4.18308e-99
2.24752e-101
8.65793e-104
3.41451e-106
1.32677e-108
5.3329e-111
2.15447e-113
9.06263e-116
3.94845e-118
1.80194e-120
8.52611e-123
4.16416e-125
2.06682e-127
1.00591e-129
4.64123e-132
1.94805e-134
7.32771e-137
2.52022e-139
8.1493e-142
2.53504e-144
7.6626e-147
2.26609e-149
6.56969e-152
1.87019e-154
5.21468e-157
1.42262e-159
3.80004e-162
9.88985e-165
2.5083e-167
5.45444e-170
6.96889e-181
6.54149e-184
3.689e-187
1.60204e-190
6.16435e-194
2.23326e-197
7.84346e-201
2.6872e-204
8.96371e-208
2.90163e-211
9.11744e-215
2.79078e-218
8.39906e-222
2.51092e-225
7.49275e-229
2.24463e-232
6.79125e-236
2.07875e-239
6.39808e-243
1.97104e-246
6.04752e-250
1.84133e-253
5.55172e-257
1.66093e-260
4.93166e-264
1.4507e-267
4.27986e-271
1.26018e-274
3.63322e-278
5.95535e-282
4.08512e-295
3.27566e-298
1.78507e-301
7.70923e-305
2.95168e-308
1.03967e-311
3.47248e-315
1.11456e-318
3.45846e-322
0
0
0
0
0
0
0
0
0
0
0
0
0
0
0
0
0
0
0
0
0
0
0
0
0
0
0
0
0
0
0
0
0
0
0
0
0
0
0
0
0
0
0
0
0
0
0
0
0
0
0
0
0
0
0
0
0
0
0
0
0
0
0
0
0
0
0
0
0
0
0
0
0
0
0
0
0
0
0
0
0
0
0
0
0
0
0
0
0
0
0
0
0
0
0
0
0
0
0
0
0
0
0
0
0
0
0
0
0
0
0
0
0
0
0
0
0
0
0
0
0
0
0
0
0
0
0
0
0
0
0
0
0
0
0
0
0
0
0
0
0
0
0
0
0
0
0
0
0
0
0
0
0
0
0
0
0
0
0
0
0
0
0
0
0
0
0
0
0
0
0
0
0
0
0
0
0
0
0
0
0
0
0
0
0
0
0
0
0
0
0
0
0
0
0
0
0
0
0
0
0
0
0
0
0
0
0
0
0
0
0
0
0
0
0
0
0
0
0
0
0
0
0
0
0
0
0
0
0
0
0
0
0
0
0
0
0
0
0
0
0
0
0
0
0
0
0
0
0
0
0
0
0
0
0
0
0
0
0
0
0
0.00011623
0.000123476
0.00015491
0.000166602
0.00013195
0.000121552
0.000117123
0.000121287
3.26295e-05
3.04697e-06
2.01116e-08
7.92782e-11
1.62082e-13
1.38453e-16
1.02299e-18
1.69623e-20
4.86544e-22
6.9455e-24
7.42463e-26
7.17917e-28
5.9784e-30
4.50951e-32
3.17e-34
2.06249e-36
1.27341e-38
7.5227e-41
4.25759e-43
2.3049e-45
1.19268e-47
5.9475e-50
2.82287e-52
1.30025e-54
5.79012e-57
2.47703e-59
1.06114e-61
4.39786e-64
1.80968e-66
7.3883e-69
2.94103e-71
1.16572e-73
4.49791e-76
1.70977e-78
6.32182e-81
2.29162e-83
8.14227e-86
2.88379e-88
1.05347e-90
4.09412e-93
2.06615e-95
8.9459e-98
3.73704e-100
1.52234e-102
6.11367e-105
2.44701e-107
9.87338e-110
3.94237e-112
1.65527e-114
6.97657e-117
3.07504e-119
1.41179e-121
6.49868e-124
3.07053e-126
1.41748e-128
6.24022e-131
2.52641e-133
9.32872e-136
3.19303e-138
1.03553e-140
3.23167e-143
9.80394e-146
2.90665e-148
8.44068e-151
2.3997e-153
6.6734e-156
1.8153e-158
4.82626e-161
1.25316e-163
3.22648e-166
7.59921e-169
1.21567e-172
5.79891e-176
2.58591e-179
9.25526e-183
2.98114e-186
9.06889e-190
2.70391e-193
8.09283e-197
2.439e-200
7.33527e-204
2.18194e-207
6.38612e-211
1.83597e-214
5.20543e-218
1.4662e-221
4.12489e-225
1.16562e-228
3.32576e-232
9.58955e-236
2.77942e-239
8.06381e-243
2.32953e-246
6.67195e-250
1.89396e-253
5.33406e-257
1.48486e-260
4.05924e-264
1.08993e-267
2.85351e-271
7.20454e-275
1.82263e-278
2.78466e-282
1.57824e-286
3.80099e-290
1.30887e-293
4.19017e-297
1.30408e-300
3.97515e-304
1.1842e-307
3.46369e-311
9.944e-315
2.79573e-318
7.70742e-322
0
0
0
0
0
0
0
0
0
0
0
0
0
0
0
0
0
0
0
0
0
0
0
0
0
0
0
0
0
0
0
0
0
0
0
0
0
0
0
0
0
0
0
0
0
0
0
0
0
0
0
0
0
0
0
0
0
0
0
0
0
0
0
0
0
0
0
0
0
0
0
0
0
0
0
0
0
0
0
0
0
0
0
0
0
0
0
0
0
0
0
0
0
0
0
0
0
0
0
0
0
0
0
0
0
0
0
0
0
0
0
0
0
0
0
0
0
0
0
0
0
0
0
0
0
0
0
0
0
0
0
0
0
0
0
0
0
0
0
0
0
0
0
0
0
0
0
0
0
0
0
0
0
0
0
0
0
0
0
0
0
0
0
0
0
0
0
0
0
0
0
0
0
0
0
0
0
0
0
0
0
0
0
0
0
0
0
0
0
0
0
0
0
0
0
0
0
0
0
0
0
0
0
0
0
0
0
0
0
0
0
0
0
0
0
0
0
0
0
0
0
0
0
0
0
0
0
0
0
0
0
0
0
0
0
0
0
0
0
0
0
0
0
0
0
0
0
0
0
0
0
0
0
0
0
0
0
0
0
0
0
0
0
0
0
0
0
0
0
0
0
0
0
0
0
0
0
0
0.00011678
0.000149447
0.000170907
0.000111609
0.000110129
0.000129425
0.000134117
0.00013362
3.92559e-05
4.41828e-06
4.50282e-08
2.69204e-10
1.42036e-12
6.12728e-15
3.3719e-17
2.39855e-19
1.85609e-21
1.37231e-23
1.11298e-25
1.00858e-27
8.83771e-30
7.38362e-32
5.82836e-34
4.45025e-36
3.2242e-38
2.25736e-40
1.49731e-42
9.66664e-45
5.95337e-47
3.55004e-49
2.04104e-51
1.1229e-53
5.99592e-56
3.08234e-58
1.53636e-60
7.44734e-63
3.50441e-65
1.6031e-67
7.15392e-70
3.09595e-72
1.3137e-74
5.4349e-77
2.20992e-79
8.8618e-82
3.50709e-84
1.38745e-86
5.44491e-89
2.15759e-91
8.58581e-94
3.50073e-96
1.45687e-98
6.24746e-101
2.75841e-103
1.24852e-105
5.7736e-108
2.70254e-110
1.27698e-112
6.05346e-115
2.87519e-117
1.36689e-119
6.48368e-122
3.0545e-124
1.41391e-126
6.31416e-129
2.6526e-131
1.02943e-133
3.70345e-136
1.25429e-138
4.05761e-141
1.2679e-143
3.85544e-146
1.14527e-148
3.32814e-151
9.46722e-154
2.63856e-156
7.20898e-159
1.93087e-161
5.06053e-164
1.32557e-166
3.46108e-169
1.29598e-172
3.88118e-176
1.0888e-179
2.84215e-183
7.05375e-187
1.72232e-190
4.28711e-194
1.1032e-197
2.91908e-201
7.83379e-205
2.10695e-208
5.63518e-212
1.498e-215
3.97324e-219
1.05397e-222
2.80778e-226
7.55649e-230
2.05546e-233
5.61496e-237
1.53297e-240
4.16636e-244
1.12412e-247
3.01295e-251
8.02385e-255
2.11757e-258
5.51393e-262
1.42442e-265
3.65777e-269
9.31887e-273
2.32038e-276
6.63221e-280
2.19633e-283
6.37188e-287
1.59721e-290
4.0612e-294
1.02656e-297
2.58999e-301
6.53683e-305
1.65544e-308
4.20166e-312
1.06314e-315
2.67724e-319
6.91692e-323
0
0
0
0
0
0
0
0
0
0
0
0
0
0
0
0
0
0
0
0
0
0
0
0
0
0
0
0
0
0
0
0
0
0
0
0
0
0
0
0
0
0
0
0
0
0
0
0
0
0
0
0
0
0
0
0
0
0
0
0
0
0
0
0
0
0
0
0
0
0
0
0
0
0
0
0
0
0
0
0
0
0
0
0
0
0
0
0
0
0
0
0
0
0
0
0
0
0
0
0
0
0
0
0
0
0
0
0
0
0
0
0
0
0
0
0
0
0
0
0
0
0
0
0
0
0
0
0
0
0
0
0
0
0
0
0
0
0
0
0
0
0
0
0
0
0
0
0
0
0
0
0
0
0
0
0
0
0
0
0
0
0
0
0
0
0
0
0
0
0
0
0
0
0
0
0
0
0
0
0
0
0
0
0
0
0
0
0
0
0
0
0
0
0
0
0
0
0
0
0
0
0
0
0
0
0
0
0
0
0
0
0
0
0
0
0
0
0
0
0
0
0
0
0
0
0
0
0
0
0
0
0
0
0
0
0
0
0
0
0
0
0
0
0
0
0
0
0
0
0
0
0
0
0
0
0
0
0
0
0
0
0
0
0
0
0
0
0
0
0
0
0
0
0
0
0
0
0.000173858
0.000173134
8.54136e-05
5.4418e-05
6.84178e-05
0.000104885
0.000121951
0.000118941
3.6186e-05
3.92398e-06
4.35656e-08
2.25082e-10
1.16469e-12
5.77295e-15
2.62202e-17
1.20491e-19
6.17545e-22
3.14647e-24
2.00423e-26
1.39848e-28
1.04686e-30
7.72832e-33
5.59092e-35
3.9454e-37
2.68716e-39
1.77149e-41
1.12224e-43
6.97619e-46
4.13731e-48
2.36419e-50
1.31523e-52
7.04156e-55
3.62397e-57
1.8384e-59
8.87874e-62
4.23069e-64
1.96671e-66
8.79152e-69
3.88869e-71
1.66228e-73
6.97664e-76
2.89487e-78
1.17233e-80
4.73923e-83
1.8847e-85
7.60974e-88
2.992e-90
1.16871e-92
4.58458e-95
1.84593e-97
7.62833e-100
3.25992e-102
1.43648e-104
6.53271e-107
3.04113e-109
1.44061e-111
6.90689e-114
3.3289e-116
1.61189e-118
7.8183e-121
3.80143e-123
1.84921e-125
8.91551e-128
4.18854e-130
1.87811e-132
7.87557e-135
3.06067e-137
1.10859e-139
3.7948e-142
1.2436e-144
3.94047e-147
1.21512e-149
3.65709e-152
1.07501e-154
3.08918e-157
8.68579e-160
2.38994e-162
6.41823e-165
1.73201e-167
4.40837e-170
1.45048e-173
3.58331e-177
8.41603e-181
1.96918e-184
4.8492e-188
1.28084e-191
3.55815e-195
1.00264e-198
2.80223e-202
7.72555e-206
2.10925e-209
5.73909e-213
1.56649e-216
4.3068e-220
1.18946e-223
3.2884e-227
9.10048e-231
2.51531e-234
6.91122e-238
1.88448e-241
5.0927e-245
1.36414e-248
3.63394e-252
9.64658e-256
2.54222e-259
6.60295e-263
1.6973e-266
4.32714e-270
1.09048e-273
2.66138e-277
7.6207e-281
2.53528e-284
7.12532e-288
1.69286e-291
4.10953e-295
9.96467e-299
2.42362e-302
5.9352e-306
1.46179e-309
3.60515e-313
8.87083e-317
2.17784e-320
4.94066e-324
0
0
0
0
0
0
0
0
0
0
0
0
0
0
0
0
0
0
0
0
0
0
0
0
0
0
0
0
0
0
0
0
0
0
0
0
0
0
0
0
0
0
0
0
0
0
0
0
0
0
0
0
0
0
0
0
0
0
0
0
0
0
0
0
0
0
0
0
0
0
0
0
0
0
0
0
0
0
0
0
0
0
0
0
0
0
0
0
0
0
0
0
0
0
0
0
0
0
0
0
0
0
0
0
0
0
0
0
0
0
0
0
0
0
0
0
0
0
0
0
0
0
0
0
0
0
0
0
0
0
0
0
0
0
0
0
0
0
0
0
0
0
0
0
0
0
0
0
0
0
0
0
0
0
0
0
0
0
0
0
0
0
0
0
0
0
0
0
0
0
0
0
0
0
0
0
0
0
0
0
0
0
0
0
0
0
0
0
0
0
0
0
0
0
0
0
0
0
0
0
0
0
0
0
0
0
0
0
0
0
0
0
0
0
0
0
0
0
0
0
0
0
0
0
0
0
0
0
0
0
0
0
0
0
0
0
0
0
0
0
0
0
0
0
0
0
0
0
0
0
0
0
0
0
0
0
0
0
0
0
0
0
0
0
0
0
0
0
0
0
0
0
0
0
0
0
0
0.000121733
6.71229e-05
3.35876e-05
3.28102e-05
4.02355e-05
6.87318e-05
8.73437e-05
9.12316e-05
1.55e-05
1.36248e-06
6.93749e-09
3.72964e-11
1.60199e-13
6.44267e-16
2.1474e-18
6.72693e-21
2.34317e-23
8.43638e-26
4.16937e-28
2.42528e-30
1.64808e-32
1.1325e-34
7.90396e-37
5.3095e-39
3.52875e-41
2.2965e-43
1.41736e-45
8.54531e-48
4.9622e-50
2.75976e-52
1.48994e-54
7.81266e-57
3.88846e-59
1.92354e-61
9.06602e-64
4.19273e-66
1.90932e-68
8.34251e-71
3.63958e-73
1.53103e-75
6.34495e-78
2.60495e-80
1.03599e-82
4.16668e-85
1.62847e-87
6.45365e-90
2.53593e-92
1.00237e-94
4.03149e-97
1.65917e-99
7.03996e-102
3.09675e-104
1.40045e-106
6.53043e-109
3.09828e-111
1.492e-113
7.2384e-116
3.5276e-118
1.7254e-120
8.45341e-123
4.15493e-125
2.04182e-127
9.99437e-130
4.81042e-132
2.24065e-134
9.84446e-137
3.98712e-139
1.48403e-141
5.16309e-144
1.70864e-146
5.44348e-149
1.68257e-151
5.0664e-154
1.48831e-156
4.27544e-159
1.20295e-161
3.31586e-164
8.91129e-167
2.38136e-169
1.18468e-172
4.64628e-176
1.51482e-179
4.75787e-183
1.43206e-186
4.21671e-190
1.24757e-193
3.77749e-197
1.16634e-200
3.64034e-204
1.13954e-207
3.55991e-211
1.10533e-214
3.40636e-218
1.04359e-221
3.17108e-225
9.5371e-229
2.83903e-232
8.36369e-236
2.44006e-239
7.07053e-243
2.03221e-246
5.78139e-250
1.63201e-253
4.58648e-257
1.28196e-260
3.56449e-264
9.97568e-268
2.81563e-271
7.97405e-275
2.20106e-278
6.71224e-282
2.27069e-285
6.74383e-289
1.79838e-292
4.9116e-296
1.33253e-299
3.59492e-303
9.6612e-307
2.58692e-310
6.88076e-314
1.81455e-317
4.75291e-321
0
0
0
0
0
0
0
0
0
0
0
0
0
0
0
0
0
0
0
0
0
0
0
0
0
0
0
0
0
0
0
0
0
0
0
0
0
0
0
0
0
0
0
0
0
0
0
0
0
0
0
0
0
0
0
0
0
0
0
0
0
0
0
0
0
0
0
0
0
0
0
0
0
0
0
0
0
0
0
0
0
0
0
0
0
0
0
0
0
0
0
0
0
0
0
0
0
0
0
0
0
0
0
0
0
0
0
0
0
0
0
0
0
0
0
0
0
0
0
0
0
0
0
0
0
0
0
0
0
0
0
0
0
0
0
0
0
0
0
0
0
0
0
0
0
0
0
0
0
0
0
0
0
0
0
0
0
0
0
0
0
0
0
0
0
0
0
0
0
0
0
0
0
0
0
0
0
0
0
0
0
0
0
0
0
0
0
0
0
0
0
0
0
0
0
0
0
0
0
0
0
0
0
0
0
0
0
0
0
0
0
0
0
0
0
0
0
0
0
0
0
0
0
0
0
0
0
0
0
0
0
0
0
0
0
0
0
0
0
0
0
0
0
0
0
0
0
0
0
0
0
0
0
0
0
0
0
0
0
0
0
0
0
0
0
0
0
0
0
0
0
0
0
0
0
0
0
0
5.56918e-05
2.66643e-05
2.10901e-05
2.05059e-05
1.58563e-05
7.6443e-06
6.96899e-06
6.55423e-06
1.56077e-06
4.49652e-08
9.69978e-11
2.52908e-13
7.31104e-16
2.25387e-18
7.18902e-21
2.62604e-23
1.092e-25
5.46772e-28
3.13315e-30
2.04496e-32
1.35973e-34
9.21135e-37
6.19367e-39
4.04809e-41
2.56336e-43
1.58088e-45
9.49794e-48
5.38462e-50
3.04908e-52
1.61664e-54
8.47146e-57
4.24498e-59
2.07738e-61
9.75637e-64
4.56577e-66
2.025e-68
9.08957e-71
3.87144e-73
1.65211e-75
6.83105e-78
2.77707e-80
1.11972e-82
4.42005e-85
1.74136e-87
6.83036e-90
2.67208e-92
1.06363e-94
4.24151e-97
1.75298e-99
7.37792e-102
3.23841e-104
1.45981e-106
6.78509e-109
3.21849e-111
1.54953e-113
7.51893e-116
3.67093e-118
1.79619e-120
8.83633e-123
4.35837e-125
2.15886e-127
1.06983e-129
5.26837e-132
2.55507e-134
1.19847e-136
5.33116e-139
2.19516e-141
8.31668e-144
2.91636e-146
9.63409e-149
3.04965e-151
9.34064e-154
2.78273e-156
8.09201e-159
2.30385e-161
6.42178e-164
1.75236e-166
4.62431e-169
2.63315e-172
1.43942e-175
6.53329e-179
2.71518e-182
1.08411e-185
4.03103e-189
1.42125e-192
4.86159e-196
1.64871e-199
5.57881e-203
1.88857e-206
6.41028e-210
2.16408e-213
7.21299e-217
2.3782e-220
7.78302e-224
2.52475e-227
8.07341e-231
2.53628e-234
7.8222e-238
2.37741e-241
7.18716e-245
2.1721e-248
6.5181e-252
1.9297e-255
5.7e-259
1.7024e-262
5.13018e-266
1.55472e-269
4.71283e-273
1.41864e-276
4.04762e-280
1.16387e-283
3.52322e-287
1.0149e-290
2.93855e-294
8.88145e-298
2.64593e-301
7.73785e-305
2.22164e-308
6.29506e-312
1.76049e-315
4.88414e-319
1.33398e-322
0
0
0
0
0
0
0
0
0
0
0
0
0
0
0
0
0
0
0
0
0
0
0
0
0
0
0
0
0
0
0
0
0
0
0
0
0
0
0
0
0
0
0
0
0
0
0
0
0
0
0
0
0
0
0
0
0
0
0
0
0
0
0
0
0
0
0
0
0
0
0
0
0
0
0
0
0
0
0
0
0
0
0
0
0
0
0
0
0
0
0
0
0
0
0
0
0
0
0
0
0
0
0
0
0
0
0
0
0
0
0
0
0
0
0
0
0
0
0
0
0
0
0
0
0
0
0
0
0
0
0
0
0
0
0
0
0
0
0
0
0
0
0
0
0
0
0
0
0
0
0
0
0
0
0
0
0
0
0
0
0
0
0
0
0
0
0
0
0
0
0
0
0
0
0
0
0
0
0
0
0
0
0
0
0
0
0
0
0
0
0
0
0
0
0
0
0
0
0
0
0
0
0
0
0
0
0
0
0
0
0
0
0
0
0
0
0
0
0
0
0
0
0
0
0
0
0
0
0
0
0
0
0
0
0
0
0
0
0
0
0
0
0
0
0
0
0
0
0
0
0
0
0
0
0
0
0
0
0
0
0
0
0
0
0
0
0
0
0
0
0
0
0
0
0
0
0
0
1.65748e-05
1.66188e-05
1.67565e-05
7.04677e-06
2.10403e-06
5.67328e-07
1.89241e-07
1.15702e-07
9.09331e-09
6.52453e-11
2.1107e-13
7.23533e-16
2.36595e-18
7.76632e-21
2.73575e-23
1.28225e-25
6.58959e-28
4.44483e-30
2.8148e-32
2.02464e-34
1.35761e-36
9.16247e-39
5.9097e-41
3.72642e-43
2.26283e-45
1.33392e-47
7.64992e-50
4.17618e-52
2.25941e-54
1.1511e-56
5.83103e-59
2.79581e-61
1.33194e-63
6.06074e-66
2.74501e-68
1.19862e-70
5.18039e-73
2.18901e-75
9.04333e-78
3.70249e-80
1.47493e-82
5.85784e-85
2.28725e-87
8.92696e-90
3.48328e-92
1.36897e-94
5.47921e-97
2.23592e-99
9.43105e-102
4.09955e-104
1.84329e-106
8.53103e-109
4.03012e-111
1.9376e-113
9.38083e-116
4.56523e-118
2.23052e-120
1.08976e-122
5.36254e-125
2.63864e-127
1.30708e-129
6.44876e-132
3.16823e-134
1.52935e-136
7.18583e-139
3.23817e-141
1.36929e-143
5.28093e-146
1.84981e-148
6.04257e-151
1.8861e-153
5.69083e-156
1.66997e-158
4.78383e-161
1.34076e-163
3.68006e-166
9.89514e-169
1.84725e-171
6.22267e-175
2.41823e-178
1.04918e-181
4.61603e-185
1.93708e-188
7.70163e-192
2.93613e-195
1.09061e-198
3.99429e-202
1.44926e-205
5.21334e-209
1.85609e-212
6.5217e-216
2.25784e-219
7.70346e-223
2.59329e-226
8.62302e-230
2.83409e-233
9.21487e-237
2.9664e-240
9.46536e-244
2.99779e-247
9.43338e-251
2.94962e-254
9.1681e-258
2.8371e-261
8.7532e-265
2.69338e-268
8.26615e-272
2.52906e-275
7.71135e-279
2.33544e-282
7.06301e-286
2.13144e-289
6.39495e-293
1.91438e-296
5.70885e-300
1.69364e-303
4.99211e-307
1.46053e-310
4.23958e-314
1.22031e-317
3.48316e-321
0
0
0
0
0
0
0
0
0
0
0
0
0
0
0
0
0
0
0
0
0
0
0
0
0
0
0
0
0
0
0
0
0
0
0
0
0
0
0
0
0
0
0
0
0
0
0
0
0
0
0
0
0
0
0
0
0
0
0
0
0
0
0
0
0
0
0
0
0
0
0
0
0
0
0
0
0
0
0
0
0
0
0
0
0
0
0
0
0
0
0
0
0
0
0
0
0
0
0
0
0
0
0
0
0
0
0
0
0
0
0
0
0
0
0
0
0
0
0
0
0
0
0
0
0
0
0
0
0
0
0
0
0
0
0
0
0
0
0
0
0
0
0
0
0
0
0
0
0
0
0
0
0
0
0
0
0
0
0
0
0
0
0
0
0
0
0
0
0
0
0
0
0
0
0
0
0
0
0
0
0
0
0
0
0
0
0
0
0
0
0
0
0
0
0
0
0
0
0
0
0
0
0
0
0
0
0
0
0
0
0
0
0
0
0
0
0
0
0
0
0
0
0
0
0
0
0
0
0
0
0
0
0
0
0
0
0
0
0
0
0
0
0
0
0
0
0
0
0
0
0
0
0
0
0
0
0
0
0
0
0
0
0
0
0
0
0
0
0
0
0
0
0
0
0
0
0
0
0
3.66833e-06
2.57438e-06
1.51133e-06
5.50944e-07
9.56319e-08
4.10858e-09
1.05633e-09
3.24633e-10
2.12211e-11
1.45444e-13
6.44812e-16
2.51057e-18
9.05038e-21
3.31446e-23
1.4384e-25
8.43835e-28
5.43709e-30
4.17967e-32
2.93188e-34
2.11599e-36
1.4471e-38
9.59183e-41
6.05142e-43
3.71226e-45
2.1831e-47
1.25047e-49
6.85571e-52
3.66498e-54
1.8829e-56
9.3928e-59
4.54758e-61
2.1416e-63
9.80551e-66
4.41328e-68
1.92078e-70
8.32026e-73
3.47547e-75
1.44891e-77
5.86343e-80
2.35235e-82
9.2874e-85
3.62584e-87
1.40927e-89
5.46182e-92
2.13476e-94
8.465e-97
3.4318e-99
1.4353e-101
6.194e-104
2.7696e-106
1.27196e-108
5.99975e-111
2.86445e-113
1.38767e-115
6.72412e-118
3.27324e-120
1.59382e-122
7.7737e-125
3.81051e-127
1.87038e-129
9.23125e-132
4.54565e-134
2.23077e-136
1.07923e-138
5.09914e-141
2.32043e-143
9.89106e-146
3.78664e-148
1.30641e-150
4.20733e-153
1.29496e-155
3.85211e-158
1.11433e-160
3.14629e-163
8.69112e-166
2.35184e-168
5.55667e-171
2.38732e-174
9.08144e-178
3.6592e-181
1.59298e-184
7.03062e-188
3.00627e-191
1.23325e-194
4.88941e-198
1.89415e-201
7.22724e-205
2.72439e-208
1.01426e-211
3.72323e-215
1.34583e-218
4.78854e-222
1.67818e-225
5.80023e-229
1.97975e-232
6.68098e-236
2.23133e-239
7.38149e-243
2.4205e-246
7.8733e-250
2.54224e-253
8.15362e-257
2.59908e-260
8.23922e-264
2.59888e-267
8.15925e-271
2.55001e-274
7.93373e-278
2.45722e-281
7.57413e-285
2.32361e-288
7.09382e-292
2.15435e-295
6.50681e-299
1.9537e-302
5.82893e-306
1.72715e-309
5.08006e-313
1.48265e-316
4.29244e-320
9.88131e-324
0
0
0
0
0
0
0
0
0
0
0
0
0
0
0
0
0
0
0
0
0
0
0
0
0
0
0
0
0
0
0
0
0
0
0
0
0
0
0
0
0
0
0
0
0
0
0
0
0
0
0
0
0
0
0
0
0
0
0
0
0
0
0
0
0
0
0
0
0
0
0
0
0
0
0
0
0
0
0
0
0
0
0
0
0
0
0
0
0
0
0
0
0
0
0
0
0
0
0
0
0
0
0
0
0
0
0
0
0
0
0
0
0
0
0
0
0
0
0
0
0
0
0
0
0
0
0
0
0
0
0
0
0
0
0
0
0
0
0
0
0
0
0
0
0
0
0
0
0
0
0
0
0
0
0
0
0
0
0
0
0
0
0
0
0
0
0
0
0
0
0
0
0
0
0
0
0
0
0
0
0
0
0
0
0
0
0
0
0
0
0
0
0
0
0
0
0
0
0
0
0
0
0
0
0
0
0
0
0
0
0
0
0
0
0
0
0
0
0
0
0
0
0
0
0
0
0
0
0
0
0
0
0
0
0
0
0
0
0
0
0
0
0
0
0
0
0
0
0
0
0
0
0
0
0
0
0
0
0
0
0
0
0
0
0
0
0
0
0
0
0
0
0
0
0
0
0
0
0
3.06884e-07
1.53893e-07
5.07992e-08
9.52966e-09
7.89075e-10
2.96536e-11
6.26395e-12
1.29122e-12
6.37418e-14
4.54208e-16
2.18765e-18
8.98071e-21
3.56727e-23
1.58974e-25
9.18182e-28
6.4881e-30
5.12321e-32
3.90025e-34
3.02698e-36
2.13645e-38
1.48331e-40
9.61205e-43
5.99347e-45
3.55976e-47
2.05345e-49
1.13366e-51
6.03877e-54
3.12643e-56
1.55049e-58
7.56995e-61
3.5395e-63
1.63635e-65
7.298e-68
3.20426e-70
1.37267e-72
5.76029e-75
2.39124e-77
9.65903e-80
3.88773e-82
1.52698e-84
5.97145e-87
2.3077e-89
8.90108e-92
3.45786e-94
1.35388e-96
5.45113e-99
2.2433e-101
9.60899e-104
4.23912e-106
1.93453e-108
9.04197e-111
4.301e-113
2.06597e-115
9.99134e-118
4.82112e-120
2.33429e-122
1.12488e-124
5.44362e-127
2.62565e-129
1.27058e-131
6.1135e-134
2.92733e-136
1.3768e-138
6.29742e-141
2.76223e-143
1.15007e-145
4.44578e-148
1.5655e-150
5.1199e-153
1.59192e-155
4.76824e-158
1.38603e-160
3.92766e-163
1.0881e-165
2.95194e-168
7.07092e-171
1.37578e-174
4.63141e-178
1.79425e-181
7.7302e-185
3.44431e-188
1.49767e-191
6.24655e-195
2.51199e-198
9.84676e-202
3.79513e-205
1.44374e-208
5.42108e-212
2.00609e-215
7.30692e-219
2.61859e-222
9.23876e-226
3.21305e-229
1.10302e-232
3.7426e-236
1.25638e-239
4.17635e-243
1.37573e-246
4.49395e-250
1.4568e-253
4.6896e-257
1.50003e-260
4.77025e-264
1.50893e-267
4.74942e-271
1.48779e-274
4.6388e-278
1.43957e-281
4.44614e-285
1.36638e-288
4.17757e-292
1.27056e-295
3.8425e-299
1.15506e-302
3.44991e-306
1.02336e-309
3.01346e-313
8.80532e-317
2.55234e-320
4.94066e-324
0
0
0
0
0
0
0
0
0
0
0
0
0
0
0
0
0
0
0
0
0
0
0
0
0
0
0
0
0
0
0
0
0
0
0
0
0
0
0
0
0
0
0
0
0
0
0
0
0
0
0
0
0
0
0
0
0
0
0
0
0
0
0
0
0
0
0
0
0
0
0
0
0
0
0
0
0
0
0
0
0
0
0
0
0
0
0
0
0
0
0
0
0
0
0
0
0
0
0
0
0
0
0
0
0
0
0
0
0
0
0
0
0
0
0
0
0
0
0
0
0
0
0
0
0
0
0
0
0
0
0
0
0
0
0
0
0
0
0
0
0
0
0
0
0
0
0
0
0
0
0
0
0
0
0
0
0
0
0
0
0
0
0
0
0
0
0
0
0
0
0
0
0
0
0
0
0
0
0
0
0
0
0
0
0
0
0
0
0
0
0
0
0
0
0
0
0
0
0
0
0
0
0
0
0
0
0
0
0
0
0
0
0
0
0
0
0
0
0
0
0
0
0
0
0
0
0
0
0
0
0
0
0
0
0
0
0
0
0
0
0
0
0
0
0
0
0
0
0
0
0
0
0
0
0
0
0
0
0
0
0
0
0
0
0
0
0
0
0
0
0
0
0
0
0
0
0
0
0
0
8.99348e-08
5.40933e-08
9.09335e-09
2.12071e-10
4.10127e-12
7.12804e-14
1.25017e-15
2.15418e-17
3.55677e-19
4.68108e-21
5.14052e-23
5.06249e-25
4.44429e-27
3.49964e-29
9.60514e-44
6.82482e-45
4.36664e-47
2.50607e-49
1.28456e-51
6.19825e-54
2.75383e-56
1.15393e-58
4.64085e-61
1.82364e-63
6.99039e-66
2.73916e-68
1.0469e-70
4.12167e-73
1.6008e-75
6.29435e-78
2.48722e-80
1.01211e-82
4.24795e-85
1.89928e-87
9.04459e-90
4.65607e-92
2.53365e-94
1.43103e-96
8.21968e-99
4.65494e-101
2.59231e-103
1.39657e-105
7.30952e-108
3.69772e-110
1.27011e-119
1.22815e-120
1.61141e-122
1.46774e-124
1.06614e-126
6.62458e-129
3.66963e-131
1.861e-133
8.72459e-136
3.79163e-138
1.53475e-140
5.81358e-143
2.09475e-145
7.28826e-148
2.44565e-150
7.75201e-153
2.31742e-155
6.57774e-158
1.79282e-160
4.72514e-163
1.21078e-165
3.02195e-168
4.35686e-171
4.74644e-175
2.71167e-178
4.06101e-181
7.01828e-184
1.07177e-186
1.31493e-189
1.4361e-193
1.42638e-210
2.16793e-208
4.87875e-211
5.99344e-214
5.40272e-217
4.05199e-220
2.78288e-223
1.76751e-226
1.0766e-229
6.32463e-233
3.61292e-236
2.02206e-239
1.16296e-242
7.11874e-246
4.60531e-249
2.64416e-252
1.29603e-255
5.63954e-259
2.32168e-262
9.06419e-266
3.4323e-269
1.2439e-272
4.38229e-276
1.50375e-279
5.04785e-283
1.67993e-286
5.56397e-290
1.83833e-293
5.87353e-297
4.69898e-301
0
1.03754e-322
0
0
0
0
0
0
0
0
0
0
0
0
0
0
0
0
0
0
0
0
0
0
0
0
0
0
0
0
0
0
0
0
0
0
0
0
0
0
0
0
0
0
0
0
0
0
0
0
0
0
0
0
0
0
0
0
0
0
0
0
0
0
0
0
0
0
0
0
0
0
0
0
0
0
0
0
0
0
0
0
0
0
0
0
0
0
0
0
0
0
0
0
0
0
0
0
0
0
0
0
0
0
0
0
0
0
0
0
0
0
0
0
0
0
0
0
0
0
0
0
0
0
0
0
0
0
0
0
0
0
0
0
0
0
0
0
0
0
0
0
0
0
0
0
0
0
0
0
0
0
0
0
0
0
0
0
0
0
0
0
0
0
0
0
0
0
0
0
0
0
0
0
0
0
0
0
0
0
0
0
0
0
0
0
0
0
0
0
0
0
0
0
0
0
0
0
0
0
0
0
0
0
0
0
0
0
0
0
0
0
0
0
0
0
0
0
0
0
0
0
0
0
0
0
0
0
0
0
0
0
0
0
0
0
0
0
0
0
0
0
0
0
0
0
0
0
0
0
0
0
0
0
0
0
0
0
0
0
0
0
0
0
0
0
0
0
0
0
3.11836e-08
5.16228e-08
6.97426e-09
1.04768e-10
2.10593e-12
1.75551e-14
2.76111e-16
1.62943e-17
3.19517e-19
5.70481e-21
1.33228e-22
1.75167e-24
1.70371e-26
1.51513e-28
2.57396e-42
1.88847e-43
1.14915e-45
7.93266e-48
4.82247e-50
2.69692e-52
1.41508e-54
6.21445e-57
2.7785e-59
1.15084e-61
4.86744e-64
2.13772e-66
9.23e-69
3.81407e-71
1.646e-73
6.45079e-76
2.58809e-78
1.04861e-80
3.81731e-83
1.5855e-85
6.28997e-88
2.66652e-90
1.3255e-92
6.5063e-95
3.71757e-97
2.16637e-99
1.17239e-101
6.95059e-104
3.62313e-106
2.1118e-108
3.11805e-117
1.47797e-118
1.80271e-120
1.6464e-122
1.23346e-124
8.06578e-127
4.77516e-129
2.63606e-131
1.36468e-133
6.59893e-136
2.96215e-138
1.21489e-140
4.58969e-143
1.65145e-145
5.6971e-148
1.83935e-150
5.53524e-153
1.57253e-155
4.30714e-158
1.14256e-160
2.9681e-163
7.53482e-166
1.87702e-168
2.4503e-171
1.19093e-174
1.73974e-177
3.15683e-180
5.07353e-183
6.59053e-186
1.3876e-189
3.20192e-206
1.45717e-204
3.20482e-207
3.88186e-210
3.45254e-213
2.54749e-216
1.67676e-219
1.01629e-222
5.81235e-226
3.20209e-229
1.7175e-232
9.10534e-236
4.89436e-239
2.77577e-242
1.66664e-245
9.55198e-249
4.83698e-252
2.1902e-255
9.25997e-259
3.73349e-262
1.45965e-265
5.52257e-269
2.0266e-272
7.22604e-276
2.51153e-279
8.57503e-283
2.90525e-286
9.78354e-290
3.25575e-293
5.12163e-297
1.98071e-320
7.6426e-319
1.57607e-321
0
0
0
0
0
0
0
0
0
0
0
0
0
0
0
0
0
0
0
0
0
0
0
0
0
0
0
0
0
0
0
0
0
0
0
0
0
0
0
0
0
0
0
0
0
0
0
0
0
0
0
0
0
0
0
0
0
0
0
0
0
0
0
0
0
0
0
0
0
0
0
0
0
0
0
0
0
0
0
0
0
0
0
0
0
0
0
0
0
0
0
0
0
0
0
0
0
0
0
0
0
0
0
0
0
0
0
0
0
0
0
0
0
0
0
0
0
0
0
0
0
0
0
0
0
0
0
0
0
0
0
0
0
0
0
0
0
0
0
0
0
0
0
0
0
0
0
0
0
0
0
0
0
0
0
0
0
0
0
0
0
0
0
0
0
0
0
0
0
0
0
0
0
0
0
0
0
0
0
0
0
0
0
0
0
0
0
0
0
0
0
0
0
0
0
0
0
0
0
0
0
0
0
0
0
0
0
0
0
0
0
0
0
0
0
0
0
0
0
0
0
0
0
0
0
0
0
0
0
0
0
0
0
0
0
0
0
0
0
0
0
0
0
0
0
0
0
0
0
0
0
0
0
0
0
0
0
0
0
0
0
0
0
0
0
0
0
1.87366e-13
3.65716e-13
7.49259e-15
1.56298e-15
5.85818e-18
3.28299e-18
5.04474e-21
1.08976e-23
8.40968e-27
1.17803e-29
1.43621e-31
8.03209e-34
3.13477e-35
1.17811e-36
1.73983e-48
2.34977e-49
9.74395e-52
7.15275e-54
2.76193e-56
1.65342e-58
4.71912e-61
2.18387e-63
6.50141e-66
2.39781e-68
9.29411e-71
4.23717e-73
1.60043e-75
7.82643e-78
3.20991e-80
1.31595e-82
5.97827e-85
2.26082e-87
8.98274e-90
3.37662e-92
1.27397e-94
4.54115e-97
1.75055e-99
5.62221e-102
2.13504e-104
8.04865e-107
2.79541e-109
1.26276e-111
4.49048e-114
8.21428e-117
2.14667e-124
1.9454e-125
1.73576e-127
1.32212e-129
9.41926e-132
6.31393e-134
4.44126e-136
2.97867e-138
1.96974e-140
1.22383e-142
7.04971e-145
3.46656e-147
1.43704e-149
5.18769e-152
1.74884e-154
5.36464e-157
1.49786e-159
4.09181e-162
1.0978e-164
2.96613e-167
7.79466e-170
2.01461e-172
5.07739e-175
1.26506e-177
2.89943e-180
5.57711e-183
1.0634e-185
1.72517e-188
2.18033e-191
8.69418e-196
1.64601e-211
7.91269e-210
1.62653e-212
1.87137e-215
1.58379e-218
1.12689e-221
7.07134e-225
4.05569e-228
2.14188e-231
1.08292e-234
5.18415e-238
2.45617e-241
1.17249e-244
5.91439e-248
3.08925e-251
1.55577e-254
6.94897e-258
2.8543e-261
1.1336e-264
4.55327e-268
1.81264e-271
7.13814e-275
2.73503e-278
1.01916e-281
3.63598e-285
1.27406e-288
4.44823e-292
1.51628e-295
5.07636e-299
1.5663e-303
0
4.94066e-324
0
0
0
0
0
0
0
0
0
0
0
0
0
0
0
0
0
0
0
0
0
0
0
0
0
0
0
0
0
0
0
0
0
0
0
0
0
0
0
0
0
0
0
0
0
0
0
0
0
0
0
0
0
0
0
0
0
0
0
0
0
0
0
0
0
0
0
0
0
0
0
0
0
0
0
0
0
0
0
0
0
0
0
0
0
0
0
0
0
0
0
0
0
0
0
0
0
0
0
0
0
0
0
0
0
0
0
0
0
0
0
0
0
0
0
0
0
0
0
0
0
0
0
0
0
0
0
0
0
0
0
0
0
0
0
0
0
0
0
0
0
0
0
0
0
0
0
0
0
0
0
0
0
0
0
0
0
0
0
0
0
0
0
0
0
0
0
0
0
0
0
0
0
0
0
0
0
0
0
0
0
0
0
0
0
0
0
0
0
0
0
0
0
0
0
0
0
0
0
0
0
0
0
0
0
0
0
0
0
0
0
0
0
0
0
0
0
0
0
0
0
0
0
0
0
0
0
0
0
0
0
0
0
0
0
0
0
0
0
0
0
0
0
0
0
0
0
0
0
0
0
0
0
0
0
0
0
0
0
0
0
0
0
0
0
0
0
0
1.97798e-05
6.9153e-06
2.30202e-09
5.83775e-12
2.64641e-13
4.39129e-13
4.47034e-15
1.43006e-18
2.11855e-22
9.87735e-26
3.82456e-29
1.86987e-32
2.5533e-35
5.03187e-38
3.41922e-43
2.59398e-44
1.38119e-46
6.45797e-49
3.09673e-51
1.05644e-53
3.7941e-56
1.04237e-58
3.09193e-61
8.0762e-64
3.0289e-66
8.69739e-69
4.12948e-71
1.29151e-73
5.23387e-76
1.9956e-78
7.58292e-81
2.43854e-83
1.2032e-85
3.43677e-88
1.35583e-90
4.81614e-93
1.72575e-95
6.41277e-98
2.26702e-100
8.20585e-103
3.13358e-105
1.11031e-107
4.50582e-110
1.62471e-112
6.90326e-120
8.18716e-122
4.15617e-124
2.49506e-126
1.51983e-128
9.57228e-131
6.0125e-133
3.91054e-135
2.50119e-137
1.60165e-139
9.83448e-142
5.5868e-144
2.62108e-146
9.79102e-149
3.28632e-151
1.04047e-153
3.17057e-156
9.33456e-159
2.67891e-161
7.50598e-164
2.07108e-166
5.61899e-169
1.50699e-171
3.97985e-174
1.03451e-176
2.58923e-179
5.22074e-182
9.04641e-185
1.23067e-187
2.69177e-191
3.19925e-206
7.09877e-206
1.25695e-208
1.29254e-211
1.00798e-214
6.56711e-218
3.76234e-221
1.95126e-224
9.41354e-228
4.29086e-231
1.88436e-234
8.04668e-238
3.39044e-241
1.41784e-244
5.94357e-248
2.50273e-251
1.06254e-254
4.52851e-258
1.93569e-261
8.225e-265
3.47026e-268
1.44214e-271
5.90911e-275
2.37406e-278
9.3773e-282
3.62938e-285
1.37986e-288
5.15744e-292
1.86256e-295
3.18002e-299
1.97626e-320
3.91596e-320
6.91692e-323
0
0
0
0
0
0
0
0
0
0
0
0
0
0
0
0
0
0
0
0
0
0
0
0
0
0
0
0
0
0
0
0
0
0
0
0
0
0
0
0
0
0
0
0
0
0
0
0
0
0
0
0
0
0
0
0
0
0
0
0
0
0
0
0
0
0
0
0
0
0
0
0
0
0
0
0
0
0
0
0
0
0
0
0
0
0
0
0
0
0
0
0
0
0
0
0
0
0
0
0
0
0
0
0
0
0
0
0
0
0
0
0
0
0
0
0
0
0
0
0
0
0
0
0
0
0
0
0
0
0
0
0
0
0
0
0
0
0
0
0
0
0
0
0
0
0
0
0
0
0
0
0
0
0
0
0
0
0
0
0
0
0
0
0
0
0
0
0
0
0
0
0
0
0
0
0
0
0
0
0
0
0
0
0
0
0
0
0
0
0
0
0
0
0
0
0
0
0
0
0
0
0
0
0
0
0
0
0
0
0
0
0
0
0
0
0
0
0
0
0
0
0
0
0
0
0
0
0
0
0
0
0
0
0
0
0
0
0
0
0
0
0
0
0
0
0
0
0
0
0
0
0
0
0
0
0
0
0
0
0
0
0
0
0
0
0
0
0.000115265
0.000132464
6.67386e-05
6.31408e-07
6.11263e-10
8.27247e-10
3.29419e-10
8.74356e-13
1.61949e-16
5.74323e-20
1.58524e-23
9.01804e-27
5.96959e-30
4.28588e-33
3.29932e-37
2.81722e-38
1.04413e-40
5.2943e-43
2.14229e-45
8.40062e-48
2.50999e-50
8.23796e-53
1.79324e-55
5.29541e-58
1.6817e-60
6.95093e-63
2.67177e-65
1.22327e-67
4.59926e-70
2.05724e-72
7.77969e-75
3.06902e-77
1.24544e-79
4.3092e-82
1.82561e-84
6.18313e-87
2.29093e-89
8.70572e-92
2.90927e-94
1.11435e-96
3.95004e-99
1.45543e-101
5.30747e-104
1.96406e-106
8.53876e-114
7.40642e-116
2.66928e-118
1.18626e-120
5.8401e-123
3.03874e-125
1.69979e-127
9.73225e-130
5.82558e-132
3.4704e-134
2.10624e-136
1.23597e-138
6.66238e-141
2.88388e-143
1.04781e-145
3.47557e-148
1.09076e-150
3.30091e-153
9.65983e-156
2.77647e-158
7.80475e-161
2.16936e-163
5.91656e-166
1.59533e-168
4.21201e-171
1.0886e-173
2.74029e-176
4.76283e-179
6.60726e-182
1.58722e-185
2.43978e-199
7.2616e-200
1.04333e-202
9.08666e-206
6.19718e-209
3.6193e-212
1.87932e-215
8.93747e-219
3.94384e-222
1.65274e-225
6.62432e-229
2.5909e-232
9.93524e-236
3.79477e-239
1.44671e-242
5.56217e-246
2.15183e-249
8.42102e-253
3.30113e-256
1.30041e-259
5.07353e-263
1.969e-266
7.51402e-270
2.83678e-273
1.05268e-276
3.85868e-280
1.39549e-283
4.97418e-287
1.73043e-290
3.14306e-294
1.45318e-313
3.95016e-314
5.65434e-317
4.75291e-320
2.96439e-323
0
0
0
0
0
0
0
0
0
0
0
0
0
0
0
0
0
0
0
0
0
0
0
0
0
0
0
0
0
0
0
0
0
0
0
0
0
0
0
0
0
0
0
0
0
0
0
0
0
0
0
0
0
0
0
0
0
0
0
0
0
0
0
0
0
0
0
0
0
0
0
0
0
0
0
0
0
0
0
0
0
0
0
0
0
0
0
0
0
0
0
0
0
0
0
0
0
0
0
0
0
0
0
0
0
0
0
0
0
0
0
0
0
0
0
0
0
0
0
0
0
0
0
0
0
0
0
0
0
0
0
0
0
0
0
0
0
0
0
0
0
0
0
0
0
0
0
0
0
0
0
0
0
0
0
0
0
0
0
0
0
0
0
0
0
0
0
0
0
0
0
0
0
0
0
0
0
0
0
0
0
0
0
0
0
0
0
0
0
0
0
0
0
0
0
0
0
0
0
0
0
0
0
0
0
0
0
0
0
0
0
0
0
0
0
0
0
0
0
0
0
0
0
0
0
0
0
0
0
0
0
0
0
0
0
0
0
0
0
0
0
0
0
0
0
0
0
0
0
0
0
0
0
0
0
0
0
0
0
0
0
0
0
0
0
0.000121812
0.00013052
0.000130117
3.91889e-05
2.00234e-06
6.50901e-07
1.38493e-07
7.7588e-09
4.45502e-12
2.68305e-15
1.51177e-18
9.78039e-22
4.61727e-25
2.87966e-28
7.78752e-32
6.47759e-33
3.91944e-35
1.2083e-37
4.89006e-40
1.38729e-42
4.68834e-45
1.44458e-47
4.33024e-50
1.06419e-52
3.10155e-55
9.71223e-58
3.8732e-60
1.66596e-62
6.54449e-65
2.78779e-67
1.09993e-69
4.32689e-72
1.80655e-74
6.42639e-77
2.6207e-79
9.23921e-82
3.59918e-84
1.30009e-86
4.68028e-89
1.69413e-91
5.86567e-94
2.18628e-96
7.52511e-99
2.49918e-101
1.16687e-108
9.82761e-111
3.2913e-113
1.27948e-115
5.40241e-118
2.42798e-120
1.14757e-122
5.814e-125
3.01401e-127
1.65449e-129
9.14634e-132
5.20348e-134
2.8334e-136
1.37743e-138
5.6475e-141
2.00224e-143
6.56617e-146
2.04554e-148
6.16065e-151
1.80827e-153
5.21551e-156
1.47537e-158
4.11518e-161
1.12663e-163
3.0361e-166
7.96739e-169
2.05622e-171
5.15645e-174
7.22092e-177
1.67561e-180
3.34681e-193
1.59379e-194
1.78871e-197
1.28533e-200
7.48088e-204
3.83028e-207
1.79158e-210
7.74321e-214
3.14743e-217
1.21198e-220
4.48964e-224
1.61223e-227
5.69894e-231
1.99503e-234
6.99047e-238
2.45576e-241
8.708e-245
3.10407e-248
1.11296e-251
3.98291e-255
1.41925e-258
4.9923e-262
1.7367e-265
5.9462e-269
2.01659e-272
6.75393e-276
2.24888e-279
7.45321e-283
2.41237e-286
3.73734e-290
1.91675e-307
8.38264e-309
9.51119e-312
6.74174e-315
3.77273e-318
1.81816e-321
0
0
0
0
0
0
0
0
0
0
0
0
0
0
0
0
0
0
0
0
0
0
0
0
0
0
0
0
0
0
0
0
0
0
0
0
0
0
0
0
0
0
0
0
0
0
0
0
0
0
0
0
0
0
0
0
0
0
0
0
0
0
0
0
0
0
0
0
0
0
0
0
0
0
0
0
0
0
0
0
0
0
0
0
0
0
0
0
0
0
0
0
0
0
0
0
0
0
0
0
0
0
0
0
0
0
0
0
0
0
0
0
0
0
0
0
0
0
0
0
0
0
0
0
0
0
0
0
0
0
0
0
0
0
0
0
0
0
0
0
0
0
0
0
0
0
0
0
0
0
0
0
0
0
0
0
0
0
0
0
0
0
0
0
0
0
0
0
0
0
0
0
0
0
0
0
0
0
0
0
0
0
0
0
0
0
0
0
0
0
0
0
0
0
0
0
0
0
0
0
0
0
0
0
0
0
0
0
0
0
0
0
0
0
0
0
0
0
0
0
0
0
0
0
0
0
0
0
0
0
0
0
0
0
0
0
0
0
0
0
0
0
0
0
0
0
0
0
0
0
0
0
0
0
0
0
0
0
0
0
0
0
0
0
0.000122985
0.000127741
0.000133792
0.000121056
4.11323e-05
1.71045e-05
1.30268e-05
1.66603e-06
5.31823e-08
5.87378e-11
8.44745e-14
6.91984e-17
3.77883e-20
1.57693e-23
3.5231e-27
3.69068e-28
2.44176e-30
1.00192e-32
3.57589e-35
1.38919e-37
4.57467e-40
1.75112e-42
5.32993e-45
1.76832e-47
4.32175e-50
1.61581e-52
6.02637e-55
2.78318e-57
1.14446e-59
5.00223e-62
2.07869e-64
8.32765e-67
3.47532e-69
1.34592e-71
5.40371e-74
2.04163e-76
7.89836e-79
2.83329e-81
1.09829e-83
3.84132e-86
1.368e-88
5.14226e-91
1.68833e-93
6.22676e-96
3.09598e-103
2.22276e-105
7.43777e-108
2.82877e-110
1.12908e-112
4.66132e-115
2.02653e-117
9.07396e-120
4.33448e-122
2.11071e-124
1.08273e-126
5.6123e-129
2.9292e-131
1.44155e-133
6.45454e-136
2.5085e-138
8.744e-141
2.83944e-143
8.82007e-146
2.6598e-148
7.84501e-151
2.26875e-153
6.44793e-156
1.80032e-158
4.93487e-161
1.32153e-163
3.47133e-166
8.8879e-169
2.19427e-171
7.01077e-175
1.63287e-186
1.00788e-188
8.35559e-192
4.77542e-195
2.30033e-198
1.00923e-201
4.15628e-205
1.62023e-208
6.0176e-212
2.1368e-215
7.31651e-219
2.43083e-222
7.93699e-226
2.56684e-229
8.29056e-233
2.68179e-236
8.75696e-240
2.88306e-243
9.53511e-247
3.14858e-250
1.03505e-253
3.37152e-257
1.0888e-260
3.48454e-264
1.10794e-267
3.49225e-271
1.0972e-274
3.44991e-278
1.07033e-281
1.81954e-285
9.21662e-301
5.11543e-303
4.26667e-306
2.43552e-309
1.1527e-312
4.82877e-316
1.86292e-319
6.91692e-323
0
0
0
0
0
0
0
0
0
0
0
0
0
0
0
0
0
0
0
0
0
0
0
0
0
0
0
0
0
0
0
0
0
0
0
0
0
0
0
0
0
0
0
0
0
0
0
0
0
0
0
0
0
0
0
0
0
0
0
0
0
0
0
0
0
0
0
0
0
0
0
0
0
0
0
0
0
0
0
0
0
0
0
0
0
0
0
0
0
0
0
0
0
0
0
0
0
0
0
0
0
0
0
0
0
0
0
0
0
0
0
0
0
0
0
0
0
0
0
0
0
0
0
0
0
0
0
0
0
0
0
0
0
0
0
0
0
0
0
0
0
0
0
0
0
0
0
0
0
0
0
0
0
0
0
0
0
0
0
0
0
0
0
0
0
0
0
0
0
0
0
0
0
0
0
0
0
0
0
0
0
0
0
0
0
0
0
0
0
0
0
0
0
0
0
0
0
0
0
0
0
0
0
0
0
0
0
0
0
0
0
0
0
0
0
0
0
0
0
0
0
0
0
0
0
0
0
0
0
0
0
0
0
0
0
0
0
0
0
0
0
0
0
0
0
0
0
0
0
0
0
0
0
0
0
0
0
0
0
0
0
0
0.000125643
0.000125478
0.0001339
0.000134791
8.28395e-05
6.31193e-05
5.70273e-05
5.46687e-05
3.61441e-06
5.70895e-08
1.28744e-10
1.47796e-13
1.04087e-16
4.43293e-20
6.75701e-24
7.57159e-25
8.48319e-27
5.34413e-29
2.59833e-31
1.09816e-33
4.27699e-36
1.65339e-38
5.69156e-41
1.83315e-43
5.10271e-46
1.52753e-48
5.82431e-51
2.56682e-53
1.1166e-55
4.49504e-58
2.02707e-60
8.04305e-63
3.41557e-65
1.37713e-67
5.4535e-70
2.16826e-72
8.66073e-75
3.10637e-77
1.26516e-79
4.31694e-82
1.61782e-84
5.63842e-87
1.87345e-89
6.69545e-92
4.10546e-99
2.62456e-101
8.92563e-104
3.31827e-106
1.31611e-108
5.21468e-111
2.14474e-113
9.00474e-116
3.94717e-118
1.79805e-120
8.52991e-123
4.16638e-125
2.06451e-127
1.00622e-129
4.64129e-132
1.94727e-134
7.32615e-137
2.51979e-139
8.14892e-142
2.53427e-144
7.66193e-147
2.26531e-149
6.56917e-152
1.86952e-154
5.21441e-157
1.42223e-159
3.79888e-162
9.8901e-165
2.50784e-167
5.45563e-170
6.96831e-181
6.54163e-184
3.68882e-187
1.60292e-190
6.16533e-194
2.23302e-197
7.8443e-201
2.68711e-204
8.96437e-208
2.90127e-211
9.11641e-215
2.78999e-218
8.39731e-222
2.51e-225
7.49132e-229
2.24374e-232
6.79017e-236
2.07816e-239
6.3977e-243
1.97067e-246
6.04776e-250
1.84116e-253
5.55253e-257
1.66091e-260
4.93299e-264
1.45106e-267
4.28099e-271
1.26066e-274
3.6335e-278
5.95901e-282
4.08612e-295
3.27714e-298
1.78551e-301
7.71552e-305
2.95329e-308
1.04066e-311
3.47638e-315
1.11563e-318
3.45846e-322
0
0
0
0
0
0
0
0
0
0
0
0
0
0
0
0
0
0
0
0
0
0
0
0
0
0
0
0
0
0
0
0
0
0
0
0
0
0
0
0
0
0
0
0
0
0
0
0
0
0
0
0
0
0
0
0
0
0
0
0
0
0
0
0
0
0
0
0
0
0
0
0
0
0
0
0
0
0
0
0
0
0
0
0
0
0
0
0
0
0
0
0
0
0
0
0
0
0
0
0
0
0
0
0
0
0
0
0
0
0
0
0
0
0
0
0
0
0
0
0
0
0
0
0
0
0
0
0
0
0
0
0
0
0
0
0
0
0
0
0
0
0
0
0
0
0
0
0
0
0
0
0
0
0
0
0
0
0
0
0
0
0
0
0
0
0
0
0
0
0
0
0
0
0
0
0
0
0
0
0
0
0
0
0
0
0
0
0
0
0
0
0
0
0
0
0
0
0
0
0
0
0
0
0
0
0
0
0
0
0
0
0
0
0
0
0
0
0
0
0
0
0
0
0
0
0
0
0
0
0
0
0
0
0
0
0
0
0
0
0
0
0
0
0
0
0
0
0
0
0
0
0
0
0
0
0
0
0
0
0
0
0.000118815
0.000122183
0.000151127
0.000160545
0.000128729
0.000124588
0.000108206
0.000124243
3.05087e-05
2.99031e-06
1.92744e-08
7.84987e-11
1.76668e-13
1.52523e-16
1.31999e-18
1.79104e-20
5.00469e-22
6.9292e-24
7.383e-26
7.09512e-28
5.87578e-30
4.44023e-32
3.13616e-34
2.03927e-36
1.26172e-38
7.47814e-41
4.24132e-43
2.29854e-45
1.1944e-47
5.91128e-50
2.83943e-52
1.30192e-54
5.76333e-57
2.5126e-59
1.05129e-61
4.40752e-64
1.81242e-66
7.33918e-69
2.96143e-71
1.16213e-73
4.51279e-76
1.70488e-78
6.32485e-81
2.28036e-83
8.11426e-86
2.88009e-88
1.11684e-90
3.99871e-93
2.01387e-95
8.91798e-98
3.69564e-100
1.49478e-102
6.01215e-105
2.40818e-107
9.63355e-110
3.97974e-112
1.62388e-114
7.00766e-117
3.09295e-119
1.39195e-121
6.55597e-124
3.06213e-126
1.41796e-128
6.23862e-131
2.52605e-133
9.32621e-136
3.19283e-138
1.03531e-140
3.23125e-143
9.80169e-146
2.90622e-148
8.43872e-151
2.39932e-153
6.6718e-156
1.81501e-158
4.82565e-161
1.253e-163
3.22622e-166
7.59856e-169
1.21515e-172
5.79865e-176
2.58616e-179
9.25737e-183
2.98208e-186
9.071e-190
2.70445e-193
8.09427e-197
2.43892e-200
7.33446e-204
2.18124e-207
6.38389e-211
1.83507e-214
5.20301e-218
1.46541e-221
4.12291e-225
1.16505e-228
3.32447e-232
9.58594e-236
2.77873e-239
8.0619e-243
2.32933e-246
6.67148e-250
1.8941e-253
5.33448e-257
1.4851e-260
4.05955e-264
1.0902e-267
2.85445e-271
7.20741e-275
1.8235e-278
2.78563e-282
1.5785e-286
3.80255e-290
1.30967e-293
4.19322e-297
1.30527e-300
3.9797e-304
1.18582e-307
3.46837e-311
9.95582e-315
2.79898e-318
7.70742e-322
0
0
0
0
0
0
0
0
0
0
0
0
0
0
0
0
0
0
0
0
0
0
0
0
0
0
0
0
0
0
0
0
0
0
0
0
0
0
0
0
0
0
0
0
0
0
0
0
0
0
0
0
0
0
0
0
0
0
0
0
0
0
0
0
0
0
0
0
0
0
0
0
0
0
0
0
0
0
0
0
0
0
0
0
0
0
0
0
0
0
0
0
0
0
0
0
0
0
0
0
0
0
0
0
0
0
0
0
0
0
0
0
0
0
0
0
0
0
0
0
0
0
0
0
0
0
0
0
0
0
0
0
0
0
0
0
0
0
0
0
0
0
0
0
0
0
0
0
0
0
0
0
0
0
0
0
0
0
0
0
0
0
0
0
0
0
0
0
0
0
0
0
0
0
0
0
0
0
0
0
0
0
0
0
0
0
0
0
0
0
0
0
0
0
0
0
0
0
0
0
0
0
0
0
0
0
0
0
0
0
0
0
0
0
0
0
0
0
0
0
0
0
0
0
0
0
0
0
0
0
0
0
0
0
0
0
0
0
0
0
0
0
0
0
0
0
0
0
0
0
0
0
0
0
0
0
0
0
0
0
0
0
0
0
0
0
0
0
0
0
0
0
0
0
0
0
0
0
0.000120092
0.000134406
0.000177518
0.000106461
0.000111799
0.000130471
0.000134032
0.000134639
4.88703e-05
6.20818e-06
1.33856e-07
5.00405e-10
2.16599e-12
8.57475e-15
4.21147e-17
2.69114e-19
1.90874e-21
1.36376e-23
1.1169e-25
9.97464e-28
8.72284e-30
7.26643e-32
5.80317e-34
4.39062e-36
3.21762e-38
2.24709e-40
1.50449e-42
9.63996e-45
5.99102e-47
3.56412e-49
2.03902e-51
1.12976e-53
5.99058e-56
3.08302e-58
1.53721e-60
7.43223e-63
3.49778e-65
1.60146e-67
7.11832e-70
3.09602e-72
1.30799e-74
5.42366e-77
2.2048e-79
8.82445e-82
3.50446e-84
1.37655e-86
5.41787e-89
2.14843e-91
8.56224e-94
3.48136e-96
1.45394e-98
6.23368e-101
2.75024e-103
1.24633e-105
5.7558e-108
2.69964e-110
1.27487e-112
6.04933e-115
2.87462e-117
1.36586e-119
6.48299e-122
3.0546e-124
1.41352e-126
6.31327e-129
2.65257e-131
1.0293e-133
3.70267e-136
1.25413e-138
4.05682e-141
1.26766e-143
3.85472e-146
1.14504e-148
3.32752e-151
9.46542e-154
2.63811e-156
7.20787e-159
1.93057e-161
5.05979e-164
1.32542e-166
3.46081e-169
1.29592e-172
3.88164e-176
1.08921e-179
2.84334e-183
7.05618e-187
1.72272e-190
4.28743e-194
1.10312e-197
2.91843e-201
7.83112e-205
2.10605e-208
5.63229e-212
1.49718e-215
3.97095e-219
1.05337e-222
2.80629e-226
7.553e-230
2.05466e-233
5.61323e-237
1.53263e-240
4.16579e-244
1.12406e-247
3.01308e-251
8.02483e-255
2.11807e-258
5.51537e-262
1.4249e-265
3.65921e-269
9.32157e-273
2.32103e-276
6.63506e-280
2.19757e-283
6.37634e-287
1.59872e-290
4.06639e-294
1.02803e-297
2.59393e-301
6.5466e-305
1.65769e-308
4.20687e-312
1.06432e-315
2.67991e-319
6.91692e-323
0
0
0
0
0
0
0
0
0
0
0
0
0
0
0
0
0
0
0
0
0
0
0
0
0
0
0
0
0
0
0
0
0
0
0
0
0
0
0
0
0
0
0
0
0
0
0
0
0
0
0
0
0
0
0
0
0
0
0
0
0
0
0
0
0
0
0
0
0
0
0
0
0
0
0
0
0
0
0
0
0
0
0
0
0
0
0
0
0
0
0
0
0
0
0
0
0
0
0
0
0
0
0
0
0
0
0
0
0
0
0
0
0
0
0
0
0
0
0
0
0
0
0
0
0
0
0
0
0
0
0
0
0
0
0
0
0
0
0
0
0
0
0
0
0
0
0
0
0
0
0
0
0
0
0
0
0
0
0
0
0
0
0
0
0
0
0
0
0
0
0
0
0
0
0
0
0
0
0
0
0
0
0
0
0
0
0
0
0
0
0
0
0
0
0
0
0
0
0
0
0
0
0
0
0
0
0
0
0
0
0
0
0
0
0
0
0
0
0
0
0
0
0
0
0
0
0
0
0
0
0
0
0
0
0
0
0
0
0
0
0
0
0
0
0
0
0
0
0
0
0
0
0
0
0
0
0
0
0
0
0
0
0
0
0
0
0
0
0
0
0
0
0
0
0
0
0
0.000172387
0.000167976
8.0102e-05
5.55538e-05
6.37273e-05
9.86812e-05
0.000122283
0.000122259
3.93069e-05
4.49402e-06
7.56549e-08
3.20266e-10
1.58012e-12
7.74298e-15
3.25834e-17
1.47307e-19
6.5446e-22
3.43955e-24
2.003e-26
1.42712e-28
1.05454e-30
7.77331e-33
5.60783e-35
3.94726e-37
2.71199e-39
1.76086e-41
1.13989e-43
6.98351e-46
4.16189e-48
2.39649e-50
1.32198e-52
7.0743e-55
3.68158e-57
1.82746e-59
8.98993e-62
4.24844e-64
1.95652e-66
8.88069e-69
3.86687e-71
1.66051e-73
6.99287e-76
2.87535e-78
1.17384e-80
4.71076e-83
1.8922e-85
7.55703e-88
2.95e-90
1.16317e-92
4.5489e-95
1.83852e-97
7.62962e-100
3.25817e-102
1.43927e-104
6.53744e-107
3.04454e-109
1.44315e-111
6.91401e-114
3.33768e-116
1.61449e-118
7.83275e-121
3.80864e-123
1.85201e-125
8.92881e-128
4.1952e-130
1.88003e-132
7.88491e-135
3.0638e-137
1.10968e-139
3.79824e-142
1.2446e-144
3.94335e-147
1.21593e-149
3.65927e-152
1.07558e-154
3.09066e-157
8.68945e-160
2.39084e-162
6.42042e-165
1.73257e-167
4.40862e-170
1.45061e-173
3.58374e-177
8.41735e-181
1.96947e-184
4.84986e-188
1.28091e-191
3.55811e-195
1.00258e-198
2.80198e-202
7.72472e-206
2.10908e-209
5.73871e-213
1.56652e-216
4.30727e-220
1.18971e-223
3.28942e-227
9.10412e-231
2.51648e-234
6.91486e-238
1.88553e-241
5.09566e-245
1.36494e-248
3.63609e-252
9.65237e-256
2.54375e-259
6.60709e-263
1.69835e-266
4.32978e-270
1.09115e-273
2.66305e-277
7.62586e-281
2.53718e-284
7.13137e-288
1.69441e-291
4.11353e-295
9.97448e-299
2.42595e-302
5.94035e-306
1.46294e-309
3.60757e-313
8.87553e-317
2.17883e-320
4.94066e-324
0
0
0
0
0
0
0
0
0
0
0
0
0
0
0
0
0
0
0
0
0
0
0
0
0
0
0
0
0
0
0
0
0
0
0
0
0
0
0
0
0
0
0
0
0
0
0
0
0
0
0
0
0
0
0
0
0
0
0
0
0
0
0
0
0
0
0
0
0
0
0
0
0
0
0
0
0
0
0
0
0
0
0
0
0
0
0
0
0
0
0
0
0
0
0
0
0
0
0
0
0
0
0
0
0
0
0
0
0
0
0
0
0
0
0
0
0
0
0
0
0
0
0
0
0
0
0
0
0
0
0
0
0
0
0
0
0
0
0
0
0
0
0
0
0
0
0
0
0
0
0
0
0
0
0
0
0
0
0
0
0
0
0
0
0
0
0
0
0
0
0
0
0
0
0
0
0
0
0
0
0
0
0
0
0
0
0
0
0
0
0
0
0
0
0
0
0
0
0
0
0
0
0
0
0
0
0
0
0
0
0
0
0
0
0
0
0
0
0
0
0
0
0
0
0
0
0
0
0
0
0
0
0
0
0
0
0
0
0
0
0
0
0
0
0
0
0
0
0
0
0
0
0
0
0
0
0
0
0
0
0
0
0
0
0
0
0
0
0
0
0
0
0
0
0
0
0
0.000114462
7.10557e-05
3.3661e-05
3.10539e-05
4.82318e-05
6.77728e-05
8.83662e-05
9.5629e-05
1.76566e-05
1.65689e-06
9.39126e-09
4.91353e-11
2.19198e-13
8.6787e-16
2.80575e-18
9.0172e-21
2.75132e-23
9.95621e-26
4.40169e-28
2.58224e-30
1.67155e-32
1.16041e-34
7.94074e-37
5.35623e-39
3.58456e-41
2.29387e-43
1.44163e-45
8.62656e-48
4.97791e-50
2.79556e-52
1.50598e-54
7.79056e-57
3.96791e-59
1.91086e-61
9.12972e-64
4.22596e-66
1.89351e-68
8.44196e-71
3.60535e-73
1.53242e-75
6.3607e-78
2.57338e-80
1.04477e-82
4.10628e-85
1.63679e-87
6.40444e-90
2.52327e-92
1.00482e-94
4.01355e-97
1.65908e-99
7.05573e-102
3.09257e-104
1.40469e-106
6.5293e-109
3.10479e-111
1.4937e-113
7.24884e-116
3.53479e-118
1.72751e-120
8.47066e-123
4.15898e-125
2.04517e-127
9.99984e-130
4.81585e-132
2.24219e-134
9.85185e-137
3.98901e-139
1.48506e-141
5.16632e-144
1.70972e-146
5.4467e-149
1.68348e-151
5.06907e-154
1.48901e-156
4.27729e-159
1.20344e-161
3.31719e-164
8.91492e-167
2.38237e-169
1.18515e-172
4.64768e-176
1.51511e-179
4.75811e-183
1.43196e-186
4.21638e-190
1.24734e-193
3.77653e-197
1.166e-200
3.6395e-204
1.13935e-207
3.55969e-211
1.1054e-214
3.40694e-218
1.04381e-221
3.17197e-225
9.53975e-229
2.83989e-232
8.36633e-236
2.44096e-239
7.07298e-243
2.03303e-246
5.78364e-250
1.63267e-253
4.58847e-257
1.28263e-260
3.56651e-264
9.98093e-268
2.81749e-271
7.98095e-275
2.20342e-278
6.72101e-282
2.27399e-285
6.7533e-289
1.80063e-292
4.91677e-296
1.33368e-299
3.59735e-303
9.66482e-307
2.58734e-310
6.88021e-314
1.81419e-317
4.74797e-321
0
0
0
0
0
0
0
0
0
0
0
0
0
0
0
0
0
0
0
0
0
0
0
0
0
0
0
0
0
0
0
0
0
0
0
0
0
0
0
0
0
0
0
0
0
0
0
0
0
0
0
0
0
0
0
0
0
0
0
0
0
0
0
0
0
0
0
0
0
0
0
0
0
0
0
0
0
0
0
0
0
0
0
0
0
0
0
0
0
0
0
0
0
0
0
0
0
0
0
0
0
0
0
0
0
0
0
0
0
0
0
0
0
0
0
0
0
0
0
0
0
0
0
0
0
0
0
0
0
0
0
0
0
0
0
0
0
0
0
0
0
0
0
0
0
0
0
0
0
0
0
0
0
0
0
0
0
0
0
0
0
0
0
0
0
0
0
0
0
0
0
0
0
0
0
0
0
0
0
0
0
0
0
0
0
0
0
0
0
0
0
0
0
0
0
0
0
0
0
0
0
0
0
0
0
0
0
0
0
0
0
0
0
0
0
0
0
0
0
0
0
0
0
0
0
0
0
0
0
0
0
0
0
0
0
0
0
0
0
0
0
0
0
0
0
0
0
0
0
0
0
0
0
0
0
0
0
0
0
0
0
0
0
0
0
0
0
0
0
0
0
0
0
0
0
0
0
0
5.80009e-05
2.776e-05
2.04776e-05
2.21177e-05
2.1971e-05
8.90249e-06
7.88848e-06
7.13719e-06
1.80343e-06
5.70276e-08
1.26565e-10
3.46601e-13
9.91715e-16
2.89107e-18
9.23996e-21
3.20607e-23
1.2775e-25
5.90348e-28
3.33152e-30
2.09975e-32
1.38045e-34
9.36668e-37
6.21916e-39
4.06248e-41
2.59426e-43
1.59803e-45
9.45821e-48
5.53528e-50
3.02288e-52
1.64719e-54
8.49085e-57
4.28316e-59
2.07596e-61
9.89961e-64
4.50443e-66
2.06484e-68
8.94773e-71
3.91507e-73
1.63912e-75
6.81422e-78
2.78264e-80
1.11064e-82
4.42042e-85
1.73511e-87
6.79684e-90
2.67782e-92
1.05403e-94
4.27009e-97
1.7394e-99
7.41506e-102
3.23166e-104
1.46303e-106
6.792e-109
3.22394e-111
1.55124e-113
7.53354e-116
3.67336e-118
1.8005e-120
8.84256e-123
4.36627e-125
2.16137e-127
1.07043e-129
5.274e-132
2.55447e-134
1.19979e-136
5.33108e-139
2.19678e-141
8.31976e-144
2.91757e-146
9.63956e-149
3.05114e-151
9.34514e-154
2.784e-156
8.09557e-159
2.30486e-161
6.42447e-164
1.75306e-166
4.6262e-169
2.63446e-172
1.44005e-175
6.53485e-179
2.71542e-182
1.08412e-185
4.03131e-189
1.42112e-192
4.86159e-196
1.64874e-199
5.5788e-203
1.88865e-206
6.41078e-210
2.16443e-213
7.21543e-217
2.37888e-220
7.78512e-224
2.5255e-227
8.07612e-231
2.53703e-234
7.82468e-238
2.37861e-241
7.18974e-245
2.17304e-248
6.52141e-252
1.93052e-255
5.70307e-259
1.70341e-262
5.13338e-266
1.55589e-269
4.71667e-273
1.41999e-276
4.05169e-280
1.16523e-283
3.52735e-287
1.0158e-290
2.94037e-294
8.88627e-298
2.64743e-301
7.74065e-305
2.22253e-308
6.29756e-312
1.76112e-315
4.88675e-319
1.33398e-322
0
0
0
0
0
0
0
0
0
0
0
0
0
0
0
0
0
0
0
0
0
0
0
0
0
0
0
0
0
0
0
0
0
0
0
0
0
0
0
0
0
0
0
0
0
0
0
0
0
0
0
0
0
0
0
0
0
0
0
0
0
0
0
0
0
0
0
0
0
0
0
0
0
0
0
0
0
0
0
0
0
0
0
0
0
0
0
0
0
0
0
0
0
0
0
0
0
0
0
0
0
0
0
0
0
0
0
0
0
0
0
0
0
0
0
0
0
0
0
0
0
0
0
0
0
0
0
0
0
0
0
0
0
0
0
0
0
0
0
0
0
0
0
0
0
0
0
0
0
0
0
0
0
0
0
0
0
0
0
0
0
0
0
0
0
0
0
0
0
0
0
0
0
0
0
0
0
0
0
0
0
0
0
0
0
0
0
0
0
0
0
0
0
0
0
0
0
0
0
0
0
0
0
0
0
0
0
0
0
0
0
0
0
0
0
0
0
0
0
0
0
0
0
0
0
0
0
0
0
0
0
0
0
0
0
0
0
0
0
0
0
0
0
0
0
0
0
0
0
0
0
0
0
0
0
0
0
0
0
0
0
0
0
0
0
0
0
0
0
0
0
0
0
0
0
0
0
0
1.58452e-05
1.64231e-05
1.68006e-05
6.74564e-06
2.45119e-06
6.89002e-07
2.45041e-07
1.5958e-07
1.21277e-08
8.14076e-11
2.94283e-13
9.44801e-16
2.99984e-18
9.51103e-21
3.4263e-23
1.40559e-25
7.80801e-28
4.40857e-30
3.06487e-32
2.0062e-34
1.39233e-36
9.18085e-39
5.97354e-41
3.7382e-43
2.28259e-45
1.34689e-47
7.64714e-50
4.2625e-52
2.24278e-54
1.17423e-56
5.79735e-59
2.8403e-61
1.32294e-63
6.13199e-66
2.72675e-68
1.20518e-70
5.16845e-73
2.18098e-75
9.06601e-78
3.66939e-80
1.47814e-82
5.81592e-85
2.28479e-87
8.89645e-90
3.4736e-92
1.36845e-94
5.46223e-97
2.23984e-99
9.4159e-102
4.1055e-104
1.84528e-106
8.53205e-109
4.04126e-111
1.93849e-113
9.39892e-116
4.57495e-118
2.23012e-120
1.09323e-122
5.35826e-125
2.64701e-127
1.30614e-129
6.46242e-132
3.16737e-134
1.53047e-136
7.18915e-139
3.23856e-141
1.36957e-143
5.284e-146
1.85063e-148
6.04547e-151
1.88697e-153
5.69346e-156
1.67071e-158
4.78588e-161
1.34131e-163
3.68151e-166
9.89883e-169
1.8475e-171
6.22415e-175
2.41897e-178
1.04946e-181
4.61706e-185
1.93744e-188
7.70319e-192
2.93659e-195
1.09084e-198
3.99509e-202
1.44962e-205
5.21461e-209
1.85662e-212
6.52368e-216
2.25864e-219
7.7062e-223
2.5943e-226
8.62635e-230
2.8353e-233
9.21866e-237
2.96774e-240
9.46968e-244
2.9992e-247
9.43794e-251
2.95113e-254
9.17282e-258
2.83867e-261
8.75815e-265
2.69503e-268
8.27142e-272
2.5308e-275
7.7169e-279
2.33724e-282
7.06882e-286
2.13331e-289
6.40075e-293
1.91618e-296
5.71441e-300
1.69537e-303
4.99735e-307
1.46215e-310
4.24443e-314
1.22177e-317
3.4881e-321
0
0
0
0
0
0
0
0
0
0
0
0
0
0
0
0
0
0
0
0
0
0
0
0
0
0
0
0
0
0
0
0
0
0
0
0
0
0
0
0
0
0
0
0
0
0
0
0
0
0
0
0
0
0
0
0
0
0
0
0
0
0
0
0
0
0
0
0
0
0
0
0
0
0
0
0
0
0
0
0
0
0
0
0
0
0
0
0
0
0
0
0
0
0
0
0
0
0
0
0
0
0
0
0
0
0
0
0
0
0
0
0
0
0
0
0
0
0
0
0
0
0
0
0
0
0
0
0
0
0
0
0
0
0
0
0
0
0
0
0
0
0
0
0
0
0
0
0
0
0
0
0
0
0
0
0
0
0
0
0
0
0
0
0
0
0
0
0
0
0
0
0
0
0
0
0
0
0
0
0
0
0
0
0
0
0
0
0
0
0
0
0
0
0
0
0
0
0
0
0
0
0
0
0
0
0
0
0
0
0
0
0
0
0
0
0
0
0
0
0
0
0
0
0
0
0
0
0
0
0
0
0
0
0
0
0
0
0
0
0
0
0
0
0
0
0
0
0
0
0
0
0
0
0
0
0
0
0
0
0
0
0
0
0
0
0
0
0
0
0
0
0
0
0
0
0
0
0
0
3.73955e-06
2.58343e-06
1.52946e-06
5.21293e-07
1.01508e-07
4.88817e-09
1.33678e-09
4.54525e-10
2.78004e-11
1.88872e-13
8.30185e-16
3.12793e-18
1.09858e-20
3.95552e-23
1.69218e-25
8.94624e-28
6.17394e-30
4.12972e-32
3.0722e-34
2.14009e-36
1.46085e-38
9.58393e-41
6.10727e-43
3.71765e-45
2.20345e-47
1.25244e-49
6.94174e-52
3.67891e-54
1.89572e-56
9.43737e-59
4.56275e-61
2.14565e-63
9.85821e-66
4.39233e-68
1.93652e-70
8.23839e-73
3.4993e-75
1.43628e-77
5.86759e-80
2.34271e-82
9.25104e-85
3.61755e-87
1.40324e-89
5.45297e-92
2.12989e-94
8.44971e-97
3.43295e-99
1.43402e-101
6.2048e-104
2.76902e-106
1.2756e-108
5.99512e-111
2.87643e-113
1.38662e-115
6.74428e-118
3.27653e-120
1.59532e-122
7.78925e-125
3.80993e-127
1.87494e-129
9.228e-132
4.55303e-134
2.23095e-136
1.07983e-138
5.10109e-141
2.31977e-143
9.89204e-146
3.78873e-148
1.30693e-150
4.20912e-153
1.29555e-155
3.85381e-158
1.11481e-160
3.14759e-163
8.69453e-166
2.35272e-168
5.56346e-171
2.39003e-174
9.08804e-178
3.66081e-181
1.59348e-184
7.03254e-188
3.00706e-191
1.23358e-194
4.89072e-198
1.8947e-201
7.22943e-205
2.72528e-208
1.0146e-211
3.72458e-215
1.34634e-218
4.79046e-222
1.67888e-225
5.80274e-229
1.98063e-232
6.68402e-236
2.23237e-239
7.38502e-243
2.42169e-246
7.87728e-250
2.54356e-253
8.15803e-257
2.60054e-260
8.24402e-264
2.60046e-267
8.16445e-271
2.55172e-274
7.93933e-278
2.45906e-281
7.58013e-285
2.32556e-288
7.10012e-292
2.15637e-295
6.51319e-299
1.95572e-302
5.83524e-306
1.7291e-309
5.08608e-313
1.48447e-316
4.29788e-320
9.88131e-324
0
0
0
0
0
0
0
0
0
0
0
0
0
0
0
0
0
0
0
0
0
0
0
0
0
0
0
0
0
0
0
0
0
0
0
0
0
0
0
0
0
0
0
0
0
0
0
0
0
0
0
0
0
0
0
0
0
0
0
0
0
0
0
0
0
0
0
0
0
0
0
0
0
0
0
0
0
0
0
0
0
0
0
0
0
0
0
0
0
0
0
0
0
0
0
0
0
0
0
0
0
0
0
0
0
0
0
0
0
0
0
0
0
0
0
0
0
0
0
0
0
0
0
0
0
0
0
0
0
0
0
0
0
0
0
0
0
0
0
0
0
0
0
0
0
0
0
0
0
0
0
0
0
0
0
0
0
0
0
0
0
0
0
0
0
0
0
0
0
0
0
0
0
0
0
0
0
0
0
0
0
0
0
0
0
0
0
0
0
0
0
0
0
0
0
0
0
0
0
0
0
0
0
0
0
0
0
0
0
0
0
0
0
0
0
0
0
0
0
0
0
0
0
0
0
0
0
0
0
0
0
0
0
0
0
0
0
0
0
0
0
0
0
0
0
0
0
0
0
0
0
0
0
0
0
0
0
0
0
0
0
0
0
0
0
0
0
0
0
0
0
0
0
0
0
0
0
0
0
3.13031e-07
1.59737e-07
5.49009e-08
1.00335e-08
8.39848e-10
3.52272e-11
7.8378e-12
1.70645e-12
7.85494e-14
5.61853e-16
2.67609e-18
1.0852e-20
4.22768e-23
1.83797e-25
1.00504e-27
6.94834e-30
5.20683e-32
4.10504e-34
2.98547e-36
2.19081e-38
1.47994e-40
9.70261e-43
6.00095e-45
3.59529e-47
2.05435e-49
1.13974e-51
6.0947e-54
3.12742e-56
1.56907e-58
7.53109e-61
3.57414e-63
1.62962e-65
7.33122e-68
3.19849e-70
1.37064e-72
5.77085e-75
2.3717e-77
9.69329e-80
3.85499e-82
1.52772e-84
5.94025e-87
2.30102e-89
8.88792e-92
3.4409e-94
1.35632e-96
5.42626e-99
2.25032e-101
9.58833e-104
4.24909e-106
1.93692e-108
9.05572e-111
4.30697e-113
2.07125e-115
9.98805e-118
4.8381e-120
2.3326e-122
1.12858e-124
5.43962e-127
2.63312e-129
1.26977e-131
6.12648e-134
2.92685e-136
1.37849e-138
6.29682e-141
2.7641e-143
1.14971e-145
4.44753e-148
1.56613e-150
5.12196e-153
1.59268e-155
4.77035e-158
1.38666e-160
3.9293e-163
1.08855e-165
2.95308e-168
7.07121e-171
1.37728e-174
4.63528e-178
1.79512e-181
7.73279e-185
3.44531e-188
1.49809e-191
6.2483e-195
2.51272e-198
9.84974e-202
3.79636e-205
1.44423e-208
5.42302e-212
2.00685e-215
7.30977e-219
2.61966e-222
9.2427e-226
3.21446e-229
1.10352e-232
3.74434e-236
1.25698e-239
4.1784e-243
1.37642e-246
4.49628e-250
1.45757e-253
4.69218e-257
1.50089e-260
4.77307e-264
1.50985e-267
4.75248e-271
1.4888e-274
4.64213e-278
1.44065e-281
4.44969e-285
1.36753e-288
4.18133e-292
1.27175e-295
3.84632e-299
1.15626e-302
3.4537e-306
1.02454e-309
3.01708e-313
8.81631e-317
2.55531e-320
4.94066e-324
0
0
0
0
0
0
0
0
0
0
0
0
0
0
0
0
0
0
0
0
0
0
0
0
0
0
0
0
0
0
0
0
0
0
0
0
0
0
0
0
0
0
0
0
0
0
0
0
0
0
0
0
0
0
0
0
0
0
0
0
0
0
0
0
0
0
0
0
0
0
0
0
0
0
0
0
0
0
0
0
0
0
0
0
0
0
0
0
0
0
0
0
0
0
0
0
0
0
0
0
0
0
0
0
0
0
0
0
0
0
0
0
0
0
0
0
0
0
0
0
0
0
0
0
0
0
0
0
0
0
0
0
0
0
0
0
0
0
0
0
0
0
0
0
0
0
0
0
0
0
0
0
0
0
0
0
0
0
0
0
0
0
0
0
0
0
0
0
0
0
0
0
0
0
0
0
0
0
0
0
0
0
0
0
0
0
0
0
0
0
0
0
0
0
0
0
0
0
0
0
0
0
0
0
0
0
0
0
0
0
0
0
0
0
0
0
0
0
0
0
0
0
0
0
0
0
0
0
0
0
0
0
0
0
0
0
0
0
0
0
0
0
0
0
0
0
0
0
0
0
0
0
0
0
0
0
0
0
0
0
0
0
0
0
0
0
0
0
0
0
0
0
0
0
0
0
0
0
0
0
)
;

boundaryField
{
    wand
    {
        type            zeroGradient;
    }
    frontAndBack
    {
        type            empty;
    }
}


// ************************************************************************* //
