/*--------------------------------*- C++ -*----------------------------------*\
| =========                 |                                                 |
| \\      /  F ield         | OpenFOAM: The Open Source CFD Toolbox           |
|  \\    /   O peration     | Version:  2.1.1                                 |
|   \\  /    A nd           | Web:      www.OpenFOAM.org                      |
|    \\/     M anipulation  |                                                 |
\*---------------------------------------------------------------------------*/
FoamFile
{
    version     2.0;
    format      ascii;
    class       volScalarField;
    location    "0.002200000";
    object      H2O2;
}
// * * * * * * * * * * * * * * * * * * * * * * * * * * * * * * * * * * * * * //

dimensions      [0 0 0 0 0 0 0];

internalField   nonuniform List<scalar> 
12384
(
3.46099e-07
3.46237e-07
3.36451e-07
3.39771e-07
3.73508e-07
3.08317e-07
3.59621e-07
2.84301e-08
5.79262e-10
1.03341e-10
9.4164e-12
2.43834e-13
7.41893e-15
2.18996e-16
2.89239e-12
4.78915e-11
1.70246e-10
1.2501e-09
6.22533e-09
1.9894e-08
2.61287e-08
3.31852e-08
3.23321e-08
3.15426e-08
3.07543e-08
2.9775e-08
2.6027e-08
2.37258e-08
2.09041e-08
1.80705e-08
1.28995e-08
9.14786e-09
3.4991e-09
9.67789e-10
1.66039e-10
3.23412e-11
1.77536e-11
1.25542e-11
4.37513e-12
3.42664e-14
1.90148e-16
1.01827e-18
6.01676e-21
3.28122e-23
4.52506e-19
2.68758e-16
3.1657e-13
2.54501e-10
6.67974e-09
2.20677e-08
3.99389e-08
4.36176e-08
4.18072e-08
4.04355e-08
3.63636e-08
3.19304e-08
2.46203e-08
1.5955e-08
4.40823e-09
2.15368e-09
9.65763e-10
2.63685e-10
2.72863e-11
8.10946e-13
2.98173e-14
2.97885e-16
1.234e-18
3.30303e-21
9.77567e-24
2.7734e-26
7.26652e-29
1.72842e-31
6.29536e-34
3.15912e-33
9.1881e-39
1.23329e-36
2.6566e-34
2.29705e-33
4.65102e-33
5.52559e-33
6.78288e-33
1.70557e-32
6.25337e-32
3.07662e-31
1.81558e-30
9.0368e-30
3.61745e-29
8.38555e-29
2.99148e-29
9.31129e-31
6.90214e-34
3.26964e-37
8.5412e-41
1.51036e-44
3.01288e-48
6.33601e-52
1.30096e-55
2.54838e-59
4.71697e-63
1.11725e-66
2.4615e-70
6.42451e-74
1.66725e-77
4.31458e-81
1.21677e-99
5.9567e-101
6.43168e-104
4.82659e-107
2.68791e-110
1.32881e-112
2.59152e-115
2.29096e-118
1.20303e-121
4.57165e-125
1.02442e-128
2.24779e-132
4.78758e-136
1.02171e-139
2.17791e-143
4.74113e-147
1.01924e-150
2.12107e-154
4.4993e-158
8.44807e-162
1.81987e-165
3.30006e-169
8.26998e-173
1.17758e-178
2.00675e-184
1.08196e-189
2.1551e-194
1.37669e-198
7.92235e-204
1.33505e-209
6.18527e-228
6.65172e-230
5.87549e-235
2.88679e-240
9.60594e-246
2.59492e-251
6.55059e-257
1.61492e-262
3.755e-268
8.44467e-274
1.81338e-279
3.60044e-285
6.62059e-291
1.12914e-296
1.79544e-302
2.69727e-308
3.85398e-314
5.32603e-320
0
0
0
0
0
0
0
0
0
0
0
0
0
0
0
0
0
0
0
0
0
0
0
0
0
0
0
0
0
0
0
0
0
0
0
0
0
0
0
0
0
0
0
0
0
0
0
0
0
0
0
0
0
0
0
0
0
0
0
0
0
0
0
0
0
0
0
0
0
0
0
0
0
0
0
0
0
0
0
0
0
0
0
0
0
0
0
0
0
0
0
0
0
0
0
0
0
0
0
0
0
0
0
0
0
0
0
0
0
0
0
0
0
0
0
0
0
0
0
0
0
0
0
0
0
0
0
0
0
0
0
0
0
0
0
0
0
0
0
0
0
0
0
0
0
0
0
0
0
0
0
0
0
0
0
0
0
0
0
0
0
0
0
0
0
0
0
0
0
0
0
0
0
0
0
0
0
0
0
0
0
0
0
0
0
0
0
0
0
0
0
0
0
0
0
0
0
0
0
0
0
0
0
0
0
0
0
0
0
0
0
0
0
0
0
0
0
0
0
0
0
0
3.50594e-07
3.43369e-07
3.19936e-07
3.02231e-07
2.67737e-07
3.21762e-07
8.20883e-08
8.88341e-09
2.40645e-09
7.41886e-10
1.93748e-10
5.86913e-12
3.87578e-13
9.56076e-15
8.86833e-11
1.35449e-09
7.882e-09
2.63764e-08
7.0069e-08
1.64349e-07
1.72232e-07
1.96372e-07
1.84663e-07
1.81933e-07
1.76634e-07
1.74997e-07
1.65908e-07
1.58721e-07
1.51828e-07
1.46964e-07
1.30486e-07
1.19898e-07
3.89076e-08
1.61693e-08
7.43743e-09
1.7487e-09
3.76179e-10
1.11069e-10
5.09844e-11
4.71463e-13
7.01889e-15
4.9072e-17
1.87863e-19
1.11819e-21
7.07403e-18
5.32624e-15
6.13313e-12
4.59121e-09
4.44296e-08
8.6563e-08
2.76422e-07
3.37096e-07
3.88683e-07
4.06336e-07
3.97362e-07
4.00727e-07
3.91216e-07
3.53561e-07
1.0314e-07
2.94495e-08
8.55737e-09
2.57463e-09
1.09617e-09
1.95669e-10
3.78589e-11
7.09351e-13
5.50538e-16
4.05696e-19
3.67022e-22
1.74496e-24
6.66883e-27
4.07369e-29
2.82889e-31
1.70512e-30
2.57679e-36
1.43148e-34
2.47056e-32
2.93489e-31
1.08566e-30
2.96962e-30
6.23811e-30
2.0108e-29
7.3564e-29
2.55933e-28
1.41844e-27
6.455e-27
3.86208e-26
1.28366e-25
1.07099e-25
9.22901e-27
1.08241e-29
2.29197e-33
1.32386e-37
9.9667e-43
8.52094e-47
1.10906e-51
1.14507e-54
3.30283e-58
1.23654e-61
3.49812e-65
8.79589e-69
1.56434e-72
3.48141e-76
8.60528e-80
7.30266e-97
1.62124e-98
1.71463e-101
1.23089e-104
7.11128e-108
3.43764e-110
5.62661e-113
4.98261e-116
2.24984e-119
9.91733e-123
7.27415e-127
1.00869e-130
1.98349e-134
5.63848e-138
1.61495e-141
4.55439e-145
1.22395e-148
3.32263e-152
8.73379e-156
2.21771e-159
5.54754e-163
1.35297e-166
3.56237e-169
9.12072e-173
1.81149e-178
1.316e-183
3.31043e-188
2.09254e-192
1.20251e-197
1.56616e-203
1.12479e-221
1.28054e-223
1.15598e-228
5.69374e-234
1.82923e-239
4.70049e-245
1.09744e-250
2.50706e-256
5.59291e-262
1.27121e-267
2.70423e-273
5.25449e-279
9.55189e-285
1.58023e-290
2.4613e-296
3.52634e-302
4.88362e-308
6.26971e-314
7.99201e-320
0
0
0
0
0
0
0
0
0
0
0
0
0
0
0
0
0
0
0
0
0
0
0
0
0
0
0
0
0
0
0
0
0
0
0
0
0
0
0
0
0
0
0
0
0
0
0
0
0
0
0
0
0
0
0
0
0
0
0
0
0
0
0
0
0
0
0
0
0
0
0
0
0
0
0
0
0
0
0
0
0
0
0
0
0
0
0
0
0
0
0
0
0
0
0
0
0
0
0
0
0
0
0
0
0
0
0
0
0
0
0
0
0
0
0
0
0
0
0
0
0
0
0
0
0
0
0
0
0
0
0
0
0
0
0
0
0
0
0
0
0
0
0
0
0
0
0
0
0
0
0
0
0
0
0
0
0
0
0
0
0
0
0
0
0
0
0
0
0
0
0
0
0
0
0
0
0
0
0
0
0
0
0
0
0
0
0
0
0
0
0
0
0
0
0
0
0
0
0
0
0
0
0
0
0
0
0
0
0
0
0
0
0
0
0
0
0
0
0
0
0
3.38445e-07
2.30673e-07
1.38989e-07
6.4151e-08
5.98547e-08
1.04802e-07
1.9428e-08
4.89003e-09
2.51294e-09
1.46394e-09
5.37744e-10
3.24263e-11
5.33597e-12
3.01419e-13
4.32779e-10
1.1562e-08
4.47211e-08
1.53775e-07
1.27402e-07
1.3069e-07
2.41856e-07
2.92308e-07
3.15e-07
3.04484e-07
2.50336e-07
2.11467e-07
1.94415e-07
1.75265e-07
1.41868e-07
1.26492e-07
1.35796e-07
1.05566e-07
9.29215e-08
6.9078e-08
4.43488e-08
1.45756e-08
6.24741e-09
2.03661e-09
4.74129e-10
1.78509e-11
3.29412e-14
3.6758e-16
1.67511e-18
5.16818e-21
1.35055e-17
1.42118e-14
1.73879e-11
1.05068e-08
5.08457e-08
1.70466e-07
1.83899e-07
2.19774e-07
2.24058e-07
2.71179e-07
2.97026e-07
2.83057e-07
3.32621e-07
3.36724e-07
3.49714e-07
4.02234e-07
3.31181e-07
1.65427e-07
6.81731e-08
2.63413e-09
3.04503e-10
5.06186e-11
4.32965e-12
4.45692e-14
1.2929e-18
3.74148e-22
3.77957e-25
8.30566e-27
2.05083e-28
9.31476e-28
2.35152e-34
9.02341e-33
8.34777e-30
4.54205e-28
2.69562e-27
1.3993e-27
3.30428e-28
6.76326e-28
2.61806e-27
3.95351e-26
6.14135e-25
4.145e-24
2.93407e-23
5.29224e-23
1.41702e-23
4.3085e-25
4.73671e-28
7.89385e-31
4.3667e-33
6.14891e-36
1.93663e-40
3.55731e-46
1.38259e-50
3.47716e-55
2.38213e-60
6.96138e-65
4.47395e-67
5.78526e-70
3.37817e-73
1.43912e-76
3.72419e-94
7.10486e-95
1.86499e-97
3.32596e-100
3.47523e-103
1.51055e-105
2.56398e-108
1.25006e-111
3.15715e-115
4.37051e-119
3.4378e-124
4.4397e-128
7.89896e-132
1.12207e-135
2.21596e-139
3.52608e-143
8.27473e-147
1.37392e-150
3.4746e-154
5.78203e-158
1.50081e-161
2.56392e-165
1.25545e-167
2.19258e-171
7.81824e-175
1.0456e-179
8.81379e-184
4.95633e-188
5.33316e-193
6.70632e-199
5.3028e-218
8.69325e-220
9.72023e-225
3.62682e-230
1.27871e-235
2.21033e-241
6.00008e-247
9.09972e-253
2.53833e-258
4.43256e-264
1.20051e-269
2.01605e-275
4.39274e-281
6.97467e-287
1.16091e-292
1.67308e-298
2.19164e-304
2.88516e-310
3.26107e-316
4.05134e-322
0
0
0
0
0
0
0
0
0
0
0
0
0
0
0
0
0
0
0
0
0
0
0
0
0
0
0
0
0
0
0
0
0
0
0
0
0
0
0
0
0
0
0
0
0
0
0
0
0
0
0
0
0
0
0
0
0
0
0
0
0
0
0
0
0
0
0
0
0
0
0
0
0
0
0
0
0
0
0
0
0
0
0
0
0
0
0
0
0
0
0
0
0
0
0
0
0
0
0
0
0
0
0
0
0
0
0
0
0
0
0
0
0
0
0
0
0
0
0
0
0
0
0
0
0
0
0
0
0
0
0
0
0
0
0
0
0
0
0
0
0
0
0
0
0
0
0
0
0
0
0
0
0
0
0
0
0
0
0
0
0
0
0
0
0
0
0
0
0
0
0
0
0
0
0
0
0
0
0
0
0
0
0
0
0
0
0
0
0
0
0
0
0
0
0
0
0
0
0
0
0
0
0
0
0
0
0
0
0
0
0
0
0
0
0
0
0
0
0
0
2.68094e-07
8.3373e-08
2.82953e-08
1.1821e-08
9.87587e-09
1.95194e-08
1.80487e-09
6.03767e-10
6.17374e-10
6.09757e-10
6.62795e-10
2.08553e-10
3.6833e-11
2.74266e-12
1.26017e-09
4.12748e-08
2.34291e-07
3.40762e-07
4.35577e-07
4.76208e-07
4.66257e-07
4.50321e-07
4.52774e-07
4.8297e-07
4.96111e-07
4.73947e-07
4.64942e-07
4.5297e-07
4.70594e-07
4.71832e-07
4.72512e-07
3.45609e-07
1.82988e-07
1.34664e-07
1.28185e-07
1.13593e-07
7.20218e-08
3.54947e-08
3.10249e-09
4.10179e-10
5.90519e-14
6.27986e-16
2.00032e-17
1.6847e-19
2.08101e-17
2.44446e-14
2.39845e-11
1.07719e-08
7.31275e-08
2.56492e-07
2.2203e-07
1.91286e-07
1.97811e-07
2.27156e-07
2.31448e-07
2.30008e-07
2.38373e-07
2.57986e-07
2.88483e-07
3.36911e-07
3.61622e-07
3.59409e-07
4.03275e-07
3.70672e-08
8.67292e-09
5.08927e-10
6.55092e-11
3.77906e-12
6.26906e-13
1.53993e-16
1.97951e-21
1.69571e-24
8.08009e-26
6.26201e-25
4.07142e-32
7.96794e-30
8.61982e-27
1.76402e-25
1.04785e-25
7.21338e-26
1.62831e-25
1.79168e-24
7.5647e-24
4.23802e-23
8.30111e-22
7.85505e-21
2.71371e-19
1.44238e-18
2.68441e-19
2.95834e-21
8.30609e-25
2.40504e-28
1.25744e-31
2.16027e-34
1.35509e-36
3.18945e-39
1.48565e-43
2.50446e-48
5.77275e-54
7.04579e-59
8.19417e-64
1.81598e-67
1.58143e-70
2.23299e-73
1.66815e-88
6.50147e-89
1.35418e-91
7.60592e-95
2.04018e-98
4.01345e-101
1.33059e-103
3.11494e-106
2.13396e-109
4.40546e-113
5.3364e-117
6.11078e-121
6.54685e-125
8.13627e-129
8.90352e-133
1.23125e-136
1.82665e-140
3.30655e-144
4.92596e-148
9.88286e-152
1.78622e-155
3.60903e-159
6.48794e-163
1.25232e-166
2.17102e-170
3.85039e-174
3.1569e-178
7.24723e-183
6.22215e-188
7.56663e-194
3.64906e-211
3.60685e-213
1.38451e-218
5.12652e-224
1.1247e-229
2.52577e-235
4.18637e-241
8.67422e-247
1.47466e-252
3.64095e-258
6.84765e-264
1.53757e-269
2.59885e-275
4.94343e-281
7.31576e-287
1.15721e-292
1.49311e-298
2.00363e-304
2.29399e-310
2.71019e-316
2.91499e-322
0
0
0
0
0
0
0
0
0
0
0
0
0
0
0
0
0
0
0
0
0
0
0
0
0
0
0
0
0
0
0
0
0
0
0
0
0
0
0
0
0
0
0
0
0
0
0
0
0
0
0
0
0
0
0
0
0
0
0
0
0
0
0
0
0
0
0
0
0
0
0
0
0
0
0
0
0
0
0
0
0
0
0
0
0
0
0
0
0
0
0
0
0
0
0
0
0
0
0
0
0
0
0
0
0
0
0
0
0
0
0
0
0
0
0
0
0
0
0
0
0
0
0
0
0
0
0
0
0
0
0
0
0
0
0
0
0
0
0
0
0
0
0
0
0
0
0
0
0
0
0
0
0
0
0
0
0
0
0
0
0
0
0
0
0
0
0
0
0
0
0
0
0
0
0
0
0
0
0
0
0
0
0
0
0
0
0
0
0
0
0
0
0
0
0
0
0
0
0
0
0
0
0
0
0
0
0
0
0
0
0
0
0
0
0
0
0
0
0
1.13299e-07
3.84405e-08
1.74921e-08
1.20253e-08
1.11768e-08
9.69083e-09
8.52092e-09
9.84879e-09
6.55368e-09
1.38479e-09
4.8328e-10
3.93086e-10
1.53543e-10
1.05708e-11
4.50008e-09
9.3069e-08
3.778e-07
3.92085e-07
2.60154e-07
1.97403e-07
1.34999e-07
1.19206e-07
1.16472e-07
1.27248e-07
1.35138e-07
1.05073e-07
6.08947e-08
5.52834e-08
4.66982e-08
4.82159e-08
6.3264e-08
2.71505e-07
4.92571e-07
5.00961e-07
4.80805e-07
4.70444e-07
3.43792e-07
2.00484e-07
2.42546e-08
2.09087e-09
3.92437e-12
1.44704e-16
3.12688e-17
1.42787e-17
1.48263e-17
2.03418e-14
1.23447e-11
5.50085e-09
6.89368e-08
2.54451e-07
1.75482e-07
1.44437e-07
2.33955e-07
3.86837e-07
3.82284e-07
3.46935e-07
3.2487e-07
3.08526e-07
3.20397e-07
3.23167e-07
2.86972e-07
2.90376e-07
3.4942e-07
3.98625e-07
5.11157e-08
3.08152e-09
3.69155e-10
8.90726e-11
8.6217e-12
6.23615e-12
1.16924e-15
3.11534e-21
2.49571e-23
3.89262e-22
3.70637e-29
1.50551e-26
2.85807e-24
6.01214e-24
8.77611e-24
4.0026e-23
1.82319e-22
4.2803e-22
1.18882e-21
1.1786e-20
9.58971e-19
8.58034e-18
5.05889e-16
2.7052e-15
1.02951e-15
1.83549e-17
6.68445e-21
1.20689e-24
1.77573e-28
4.59801e-32
4.05305e-35
1.68253e-37
1.69329e-39
4.71167e-43
1.73446e-47
4.21733e-52
2.78856e-57
3.97454e-63
2.31158e-67
1.34862e-70
2.34223e-83
1.88747e-84
2.47525e-88
5.16791e-92
1.17682e-95
1.67255e-98
2.63708e-101
2.62727e-104
4.48934e-107
1.74327e-109
2.97486e-112
6.59458e-116
1.06206e-119
1.51511e-123
2.41557e-127
3.57454e-131
6.0132e-135
9.72833e-139
1.91352e-142
3.45793e-146
6.46921e-150
1.21944e-153
2.4011e-157
4.24455e-161
7.24302e-165
1.14288e-168
1.70885e-172
1.78525e-176
1.45898e-181
2.34154e-187
5.52331e-204
3.08725e-206
9.66907e-212
1.85282e-217
3.27836e-223
4.8488e-229
8.38731e-235
1.37968e-240
3.02507e-246
5.9713e-252
1.53323e-257
2.80744e-263
6.86974e-269
1.14669e-274
2.24119e-280
3.35963e-286
5.4371e-292
6.87412e-298
9.27478e-304
1.01437e-309
1.17943e-315
1.17094e-321
0
0
0
0
0
0
0
0
0
0
0
0
0
0
0
0
0
0
0
0
0
0
0
0
0
0
0
0
0
0
0
0
0
0
0
0
0
0
0
0
0
0
0
0
0
0
0
0
0
0
0
0
0
0
0
0
0
0
0
0
0
0
0
0
0
0
0
0
0
0
0
0
0
0
0
0
0
0
0
0
0
0
0
0
0
0
0
0
0
0
0
0
0
0
0
0
0
0
0
0
0
0
0
0
0
0
0
0
0
0
0
0
0
0
0
0
0
0
0
0
0
0
0
0
0
0
0
0
0
0
0
0
0
0
0
0
0
0
0
0
0
0
0
0
0
0
0
0
0
0
0
0
0
0
0
0
0
0
0
0
0
0
0
0
0
0
0
0
0
0
0
0
0
0
0
0
0
0
0
0
0
0
0
0
0
0
0
0
0
0
0
0
0
0
0
0
0
0
0
0
0
0
0
0
0
0
0
0
0
0
0
0
0
0
0
0
0
0
4.37311e-08
5.27633e-08
6.58524e-08
8.78873e-08
8.60213e-08
2.35632e-08
5.70434e-08
1.11694e-07
6.71243e-08
4.20283e-08
1.4324e-08
1.50992e-09
6.60834e-10
3.81237e-11
9.25383e-09
1.73849e-07
3.81267e-07
2.05733e-07
1.07458e-07
9.6402e-08
1.01166e-07
9.24835e-08
6.20015e-08
4.34926e-08
2.75031e-08
1.3644e-08
8.07471e-09
5.91052e-09
5.0293e-09
5.55367e-09
1.13665e-08
4.22922e-08
1.40639e-07
2.35185e-07
3.07132e-07
4.13012e-07
4.01476e-07
3.42839e-07
1.7841e-07
2.6134e-08
8.60269e-10
2.1834e-13
2.47182e-15
1.86066e-15
7.78094e-18
1.14488e-14
4.66539e-12
1.74554e-09
5.63851e-08
2.58172e-07
1.37901e-07
1.08535e-07
3.41404e-07
5.17719e-07
2.29781e-07
1.49519e-07
2.4438e-07
3.95236e-07
4.05349e-07
3.88896e-07
3.29854e-07
3.01246e-07
3.09683e-07
3.47308e-07
3.33326e-07
2.18737e-08
9.03799e-10
1.58125e-10
8.65485e-11
7.07158e-11
3.34187e-11
2.29725e-16
9.21339e-21
1.5882e-19
1.89083e-25
2.63632e-23
5.63979e-22
4.84582e-22
2.04607e-21
2.86309e-20
3.71394e-20
1.1135e-19
1.91849e-18
4.98158e-17
5.90361e-15
9.38514e-14
2.51223e-12
1.32908e-12
1.95569e-13
6.29125e-15
6.13692e-18
2.55369e-21
6.08035e-25
8.10861e-29
1.59399e-32
9.8532e-36
2.81413e-38
1.81801e-40
4.65936e-43
3.31717e-47
8.97824e-52
9.63133e-57
7.89527e-63
1.18757e-66
7.12535e-79
3.40895e-81
1.08127e-84
5.80318e-88
1.55009e-91
3.05706e-94
1.32722e-97
3.50524e-101
1.38239e-104
1.44964e-107
4.01227e-110
1.23359e-112
1.6239e-115
4.88357e-119
1.06571e-122
2.39455e-126
4.44267e-130
9.7254e-134
1.7911e-137
4.12381e-141
7.57109e-145
1.69298e-148
3.05709e-152
6.26172e-156
1.04198e-159
1.84309e-163
2.73863e-167
3.60414e-171
3.6839e-175
7.55626e-181
5.71474e-197
1.81232e-199
3.64478e-205
5.24474e-211
6.35765e-217
7.65998e-223
9.46494e-229
1.27402e-234
1.80912e-240
3.23873e-246
6.12035e-252
1.51525e-257
3.87667e-263
1.00472e-268
2.27374e-274
4.31398e-280
7.84274e-286
1.19185e-291
1.74379e-297
2.12813e-303
2.56634e-309
2.65627e-315
2.78653e-321
0
0
0
0
0
0
0
0
0
0
0
0
0
0
0
0
0
0
0
0
0
0
0
0
0
0
0
0
0
0
0
0
0
0
0
0
0
0
0
0
0
0
0
0
0
0
0
0
0
0
0
0
0
0
0
0
0
0
0
0
0
0
0
0
0
0
0
0
0
0
0
0
0
0
0
0
0
0
0
0
0
0
0
0
0
0
0
0
0
0
0
0
0
0
0
0
0
0
0
0
0
0
0
0
0
0
0
0
0
0
0
0
0
0
0
0
0
0
0
0
0
0
0
0
0
0
0
0
0
0
0
0
0
0
0
0
0
0
0
0
0
0
0
0
0
0
0
0
0
0
0
0
0
0
0
0
0
0
0
0
0
0
0
0
0
0
0
0
0
0
0
0
0
0
0
0
0
0
0
0
0
0
0
0
0
0
0
0
0
0
0
0
0
0
0
0
0
0
0
0
0
0
0
0
0
0
0
0
0
0
0
0
0
0
0
0
0
9.14927e-08
2.43868e-07
4.10617e-07
5.14135e-07
5.18766e-07
2.53357e-07
3.54797e-07
3.60976e-07
2.79827e-07
2.19777e-07
1.18902e-07
2.83245e-08
3.15418e-09
2.27067e-10
3.05371e-08
1.78896e-07
3.66843e-07
2.89429e-07
1.4971e-07
1.19988e-07
1.75722e-07
2.11494e-07
1.12972e-07
4.25954e-08
1.56425e-08
7.21993e-09
3.4733e-09
2.01687e-09
1.51028e-09
1.60353e-09
2.94087e-09
9.80938e-09
2.76227e-08
5.86913e-08
1.17293e-07
2.52075e-07
3.51091e-07
3.98647e-07
3.46054e-07
2.18652e-07
1.3063e-08
4.36473e-10
3.2864e-13
1.3086e-13
2.06057e-17
6.59811e-15
1.64829e-12
2.93243e-10
4.06598e-08
2.93291e-07
1.15014e-07
8.02621e-08
3.27084e-07
1.7145e-07
2.02709e-08
9.02188e-09
8.02174e-09
1.6076e-08
6.01197e-08
2.93592e-07
3.99347e-07
3.71527e-07
3.35678e-07
3.3766e-07
3.92107e-07
1.21433e-07
3.62041e-09
1.3379e-10
1.19987e-10
1.73494e-10
4.45651e-10
3.83432e-11
2.13722e-16
5.3882e-17
1.15844e-21
3.00793e-20
1.09451e-19
9.17556e-20
5.17579e-19
5.85277e-18
2.10196e-17
2.30856e-16
2.84874e-15
1.04773e-13
7.42937e-12
8.08755e-11
2.33546e-10
1.0209e-10
2.44136e-11
1.3137e-12
2.31077e-15
1.19406e-18
5.13778e-22
1.4847e-25
2.56291e-29
4.6682e-33
2.35764e-36
4.81756e-39
2.47727e-41
1.25818e-43
3.45707e-47
1.31248e-51
1.38919e-56
7.54326e-62
6.30882e-75
2.00825e-77
7.87716e-81
6.68707e-85
9.06324e-89
1.823e-90
2.0595e-93
2.23484e-97
2.63101e-101
7.1994e-105
6.03657e-108
1.30084e-110
3.17048e-113
4.60981e-116
4.21451e-119
2.09081e-122
6.95975e-126
2.05554e-129
5.27717e-133
1.35769e-136
3.31442e-140
7.93532e-144
1.86275e-147
4.11711e-151
8.84203e-155
1.6798e-158
2.89947e-162
4.00981e-166
4.36739e-170
2.85247e-174
2.05448e-190
3.53344e-193
6.32566e-199
8.02037e-205
8.53939e-211
8.48532e-217
8.88899e-223
9.5594e-229
1.16615e-234
1.53844e-240
2.42944e-246
4.36217e-252
9.77375e-258
2.3676e-263
7.3476e-269
1.99081e-274
4.93466e-280
9.82321e-286
1.76331e-291
2.60616e-297
3.56139e-303
4.14996e-309
4.61463e-315
4.48118e-321
0
0
0
0
0
0
0
0
0
0
0
0
0
0
0
0
0
0
0
0
0
0
0
0
0
0
0
0
0
0
0
0
0
0
0
0
0
0
0
0
0
0
0
0
0
0
0
0
0
0
0
0
0
0
0
0
0
0
0
0
0
0
0
0
0
0
0
0
0
0
0
0
0
0
0
0
0
0
0
0
0
0
0
0
0
0
0
0
0
0
0
0
0
0
0
0
0
0
0
0
0
0
0
0
0
0
0
0
0
0
0
0
0
0
0
0
0
0
0
0
0
0
0
0
0
0
0
0
0
0
0
0
0
0
0
0
0
0
0
0
0
0
0
0
0
0
0
0
0
0
0
0
0
0
0
0
0
0
0
0
0
0
0
0
0
0
0
0
0
0
0
0
0
0
0
0
0
0
0
0
0
0
0
0
0
0
0
0
0
0
0
0
0
0
0
0
0
0
0
0
0
0
0
0
0
0
0
0
0
0
0
0
0
0
0
0
4.32553e-07
6.67282e-07
6.72543e-07
5.83244e-07
5.10329e-07
4.90893e-07
3.67239e-07
3.23831e-07
3.48259e-07
3.39139e-07
2.73564e-07
1.35548e-07
1.87918e-08
5.34257e-10
1.75815e-07
1.73422e-07
2.03709e-07
3.034e-07
4.20906e-07
2.7286e-07
3.32746e-07
4.66813e-07
4.34461e-07
1.35989e-07
3.99163e-08
1.2687e-08
5.75946e-09
2.22085e-09
1.22055e-09
8.04941e-10
9.31838e-10
2.07894e-09
6.14955e-09
1.60197e-08
3.84303e-08
9.91766e-08
2.10331e-07
3.48428e-07
4.02441e-07
3.14608e-07
1.0863e-07
6.66579e-09
2.23916e-10
1.28705e-11
3.42821e-15
9.77604e-14
1.48557e-12
2.00947e-10
2.63387e-08
4.21499e-07
1.6474e-07
7.48071e-08
2.39438e-07
1.19717e-07
9.74459e-09
1.82661e-09
1.01674e-09
1.24919e-09
5.49405e-09
4.55395e-08
2.57008e-07
3.82659e-07
4.03161e-07
3.86081e-07
3.91966e-07
3.37099e-07
1.2727e-08
1.19528e-09
1.2703e-10
5.39023e-11
1.98128e-10
1.49731e-09
4.70672e-12
2.47458e-14
1.14434e-17
3.09955e-17
2.74199e-17
2.99715e-17
1.11854e-16
6.82342e-16
6.77802e-15
6.45947e-14
8.93446e-13
1.62686e-11
1.63859e-10
1.53585e-10
6.0312e-11
3.29954e-11
1.86929e-11
1.03343e-11
9.97902e-13
4.61269e-16
1.78818e-19
7.31243e-23
1.98644e-26
4.29794e-30
8.71949e-34
3.9997e-37
6.85852e-40
2.45783e-42
1.24691e-44
1.39972e-47
4.38043e-52
1.12171e-57
3.48249e-71
1.25567e-73
5.72166e-78
2.88704e-83
2.98921e-86
6.03788e-87
6.22639e-90
5.92491e-94
6.23999e-98
8.76044e-102
3.12443e-105
2.89825e-108
4.68113e-111
7.00601e-114
7.19258e-117
5.4404e-120
3.88771e-123
1.9012e-126
1.13239e-129
4.40237e-133
1.70256e-136
5.64319e-140
1.7474e-143
5.00907e-147
1.28007e-150
3.10958e-154
6.36567e-158
1.14925e-161
1.40907e-165
1.18045e-169
9.82864e-185
5.84564e-188
4.66042e-194
7.55215e-200
1.33706e-205
1.71958e-211
1.93376e-217
1.992e-223
2.18401e-229
2.49118e-235
3.18844e-241
4.66881e-247
7.90518e-253
1.60206e-258
3.81895e-264
1.07859e-269
3.36076e-275
9.83899e-281
2.35612e-286
4.68149e-292
7.84434e-298
1.11308e-303
1.40352e-309
1.45597e-315
1.27469e-321
0
0
0
0
0
0
0
0
0
0
0
0
0
0
0
0
0
0
0
0
0
0
0
0
0
0
0
0
0
0
0
0
0
0
0
0
0
0
0
0
0
0
0
0
0
0
0
0
0
0
0
0
0
0
0
0
0
0
0
0
0
0
0
0
0
0
0
0
0
0
0
0
0
0
0
0
0
0
0
0
0
0
0
0
0
0
0
0
0
0
0
0
0
0
0
0
0
0
0
0
0
0
0
0
0
0
0
0
0
0
0
0
0
0
0
0
0
0
0
0
0
0
0
0
0
0
0
0
0
0
0
0
0
0
0
0
0
0
0
0
0
0
0
0
0
0
0
0
0
0
0
0
0
0
0
0
0
0
0
0
0
0
0
0
0
0
0
0
0
0
0
0
0
0
0
0
0
0
0
0
0
0
0
0
0
0
0
0
0
0
0
0
0
0
0
0
0
0
0
0
0
0
0
0
0
0
0
0
0
0
0
0
0
0
0
6.39816e-07
5.00528e-07
4.29018e-07
3.71704e-07
3.23072e-07
2.64497e-07
1.88314e-07
1.81327e-07
2.68888e-07
3.45405e-07
3.09828e-07
2.17085e-07
7.92031e-08
2.39641e-09
7.52842e-09
1.85747e-08
4.34045e-08
1.10371e-07
2.20294e-07
3.52376e-07
4.30695e-07
4.27062e-07
4.52025e-07
4.31814e-07
4.28753e-07
4.88419e-07
2.67081e-07
6.04069e-08
2.2334e-08
6.77593e-09
2.01221e-09
8.35028e-10
5.1493e-10
7.18574e-10
1.48203e-09
3.86176e-09
1.2105e-08
3.32205e-08
9.9769e-08
2.0142e-07
3.99406e-07
3.36156e-07
1.64103e-07
1.39898e-08
2.04835e-09
1.20533e-10
6.25822e-11
5.52711e-12
1.51322e-12
1.99398e-11
2.1831e-11
1.08778e-10
8.33681e-09
1.91781e-07
2.77597e-07
8.23523e-08
1.61499e-07
3.29274e-07
9.4437e-09
1.62208e-09
5.04721e-10
3.30234e-10
6.25981e-10
5.31418e-09
4.99591e-08
2.22027e-07
2.79955e-07
3.67388e-07
3.95526e-07
3.51796e-07
6.5485e-08
4.85442e-09
3.16658e-10
5.83324e-11
6.4166e-11
6.60378e-10
1.37275e-08
5.20811e-11
8.82058e-13
9.02627e-15
7.87444e-15
1.11697e-14
1.6974e-14
2.59534e-14
1.20411e-13
2.34012e-13
7.92808e-13
5.58778e-12
2.99397e-11
7.25699e-11
6.93828e-11
2.09027e-11
7.96958e-12
8.74605e-12
9.55409e-12
5.74697e-12
2.36674e-12
1.05388e-13
2.23732e-17
4.22519e-21
1.50969e-24
6.20785e-28
2.23496e-31
7.69953e-35
4.00763e-38
4.47581e-41
1.43176e-43
6.51176e-46
1.96686e-48
3.57839e-54
1.58783e-59
6.22262e-64
1.04267e-68
6.04016e-73
1.76191e-76
2.29699e-79
2.17516e-81
2.2591e-83
3.55525e-87
5.11058e-91
7.19378e-95
1.13845e-98
2.63591e-102
1.23749e-105
1.12319e-108
1.2461e-111
1.20524e-114
9.62577e-118
6.35166e-121
3.37943e-124
1.94815e-127
8.54158e-131
4.06787e-134
1.67094e-137
6.23259e-141
2.62722e-144
9.91763e-148
3.48361e-151
1.51339e-154
5.45528e-158
1.70876e-161
2.86576e-165
5.81858e-169
1.34895e-172
7.45891e-179
2.52717e-185
1.81889e-191
2.71474e-197
5.87587e-203
1.07201e-208
1.62212e-214
2.21265e-220
3.33869e-226
5.15885e-232
8.51984e-238
1.3961e-243
2.61711e-249
5.28197e-255
1.19927e-260
3.0871e-266
9.11588e-272
3.07504e-277
9.6527e-283
2.43392e-288
4.99648e-294
8.60375e-300
1.24841e-305
1.51457e-311
1.45378e-317
9.88131e-324
0
0
0
0
0
0
0
0
0
0
0
0
0
0
0
0
0
0
0
0
0
0
0
0
0
0
0
0
0
0
0
0
0
0
0
0
0
0
0
0
0
0
0
0
0
0
0
0
0
0
0
0
0
0
0
0
0
0
0
0
0
0
0
0
0
0
0
0
0
0
0
0
0
0
0
0
0
0
0
0
0
0
0
0
0
0
0
0
0
0
0
0
0
0
0
0
0
0
0
0
0
0
0
0
0
0
0
0
0
0
0
0
0
0
0
0
0
0
0
0
0
0
0
0
0
0
0
0
0
0
0
0
0
0
0
0
0
0
0
0
0
0
0
0
0
0
0
0
0
0
0
0
0
0
0
0
0
0
0
0
0
0
0
0
0
0
0
0
0
0
0
0
0
0
0
0
0
0
0
0
0
0
0
0
0
0
0
0
0
0
0
0
0
0
0
0
0
0
0
0
0
0
0
0
0
0
0
0
0
0
0
0
0
0
0
0
0
0
0
0
0
0
0
0
0
0
0
0
0
0
2.82176e-07
1.94826e-07
1.61182e-07
1.66415e-07
1.35166e-07
8.09652e-08
4.8871e-08
2.56773e-08
4.85592e-08
1.20691e-07
3.45169e-07
2.23006e-07
1.03597e-07
2.63759e-08
6.65905e-09
6.55771e-09
1.18285e-08
7.1695e-08
3.1215e-07
4.17655e-07
4.23303e-07
4.45328e-07
4.25967e-07
3.8031e-07
3.9321e-07
4.44691e-07
4.9767e-07
3.6853e-07
1.27236e-07
2.35868e-08
4.27128e-09
9.75017e-10
4.4335e-10
3.36505e-10
4.67704e-10
1.06874e-09
3.38502e-09
1.38113e-08
4.10342e-08
1.53435e-07
4.17865e-07
1.91223e-07
1.04252e-07
6.78743e-08
3.86297e-09
1.876e-09
1.60951e-09
1.05217e-09
1.40701e-09
3.33389e-09
2.67111e-09
1.64013e-09
4.00603e-09
7.33048e-08
4.14241e-07
1.5043e-07
1.0529e-07
3.165e-07
4.06526e-08
2.85931e-09
5.13132e-10
2.35939e-10
2.03609e-10
5.40307e-10
6.72554e-09
4.52217e-08
8.89172e-08
1.40494e-07
2.08558e-07
2.41581e-07
1.37957e-07
2.06396e-08
1.44612e-09
1.21504e-10
5.04719e-11
4.89048e-11
2.00496e-09
2.22773e-08
2.94365e-09
8.58771e-11
9.50739e-12
6.35455e-13
3.56054e-13
7.98145e-13
7.18388e-12
3.88963e-11
7.20292e-11
3.69082e-11
3.75116e-11
3.40329e-11
1.18097e-11
9.73422e-12
9.19713e-12
1.0251e-11
1.15951e-11
1.1512e-11
2.70173e-12
7.31737e-13
5.82893e-16
1.81039e-19
5.14927e-23
1.70994e-26
5.84387e-30
2.00463e-33
7.40156e-37
5.37543e-40
5.92717e-43
1.52627e-45
5.15028e-48
3.42829e-50
9.89027e-55
1.73676e-59
1.06325e-63
1.46551e-67
3.50468e-71
3.73787e-74
3.09304e-77
6.27018e-81
1.17258e-84
2.13232e-88
4.00474e-92
8.82323e-96
2.11624e-99
7.75627e-103
3.89801e-106
2.99599e-109
2.43884e-112
1.76803e-115
1.0637e-118
6.2467e-122
3.22888e-125
1.60839e-128
7.2979e-132
2.91249e-135
1.32305e-138
5.18086e-142
1.95556e-145
7.84697e-149
3.01231e-152
1.02773e-155
4.35263e-159
2.31255e-162
6.45007e-166
7.47419e-170
6.48428e-174
2.77383e-180
1.98788e-186
2.49625e-192
4.37684e-198
5.93593e-204
8.48827e-210
1.08612e-215
1.43073e-221
1.83219e-227
2.55057e-233
3.58056e-239
6.14033e-245
1.02376e-250
1.99717e-256
4.10199e-262
1.00279e-267
2.69597e-273
7.49045e-279
1.72758e-284
3.36262e-290
5.49654e-296
7.75576e-302
9.6828e-308
1.03727e-313
9.60513e-320
0
0
0
0
0
0
0
0
0
0
0
0
0
0
0
0
0
0
0
0
0
0
0
0
0
0
0
0
0
0
0
0
0
0
0
0
0
0
0
0
0
0
0
0
0
0
0
0
0
0
0
0
0
0
0
0
0
0
0
0
0
0
0
0
0
0
0
0
0
0
0
0
0
0
0
0
0
0
0
0
0
0
0
0
0
0
0
0
0
0
0
0
0
0
0
0
0
0
0
0
0
0
0
0
0
0
0
0
0
0
0
0
0
0
0
0
0
0
0
0
0
0
0
0
0
0
0
0
0
0
0
0
0
0
0
0
0
0
0
0
0
0
0
0
0
0
0
0
0
0
0
0
0
0
0
0
0
0
0
0
0
0
0
0
0
0
0
0
0
0
0
0
0
0
0
0
0
0
0
0
0
0
0
0
0
0
0
0
0
0
0
0
0
0
0
0
0
0
0
0
0
0
0
0
0
0
0
0
0
0
0
0
0
0
0
0
0
0
0
0
0
0
0
0
0
0
0
0
0
0
4.57453e-08
3.81404e-08
3.64275e-08
3.42714e-08
3.92524e-08
2.54433e-08
1.16581e-08
2.9645e-09
2.85992e-09
3.01141e-09
2.67001e-08
2.66566e-07
2.85227e-07
1.66482e-07
2.53005e-08
1.29339e-08
5.53994e-08
3.57941e-07
1.84784e-07
3.62616e-07
4.13091e-07
4.12024e-07
4.04709e-07
4.56991e-07
4.60621e-07
4.72659e-07
4.88521e-07
4.94646e-07
3.10915e-07
4.8117e-08
5.47253e-09
9.22875e-10
3.48936e-10
2.30595e-10
2.38005e-10
4.47902e-10
1.3639e-09
4.69241e-09
1.72475e-08
5.50652e-08
3.99918e-07
1.69949e-07
3.20691e-08
2.31752e-08
2.68378e-08
3.34733e-08
3.73562e-08
5.58356e-08
1.46029e-07
3.71747e-07
1.94963e-08
1.09121e-08
1.02745e-08
1.84564e-08
5.37382e-08
4.03665e-07
1.95155e-07
2.05323e-07
2.82681e-07
6.34867e-09
6.57719e-10
2.26303e-10
1.65429e-10
1.5803e-10
5.39805e-10
5.53705e-09
2.44909e-08
3.01309e-08
4.03352e-08
5.71216e-08
6.25017e-08
2.88076e-08
5.91737e-09
6.39353e-10
1.01474e-10
5.05734e-11
3.78934e-11
7.62745e-10
3.35828e-09
2.64303e-09
1.38829e-09
4.69071e-10
1.76139e-10
2.16674e-10
6.36155e-10
2.20327e-10
9.49689e-11
4.13659e-11
1.2502e-11
5.95193e-12
7.27238e-12
1.17891e-11
1.63021e-11
1.82035e-11
1.99359e-11
2.21244e-11
8.76973e-12
2.22006e-12
3.819e-14
4.67053e-18
6.4442e-22
1.6543e-25
5.84427e-29
2.39259e-32
9.65018e-36
4.25592e-39
2.58009e-42
1.83912e-45
2.83308e-48
7.50588e-51
7.32765e-54
8.28265e-57
1.96588e-60
4.47857e-64
8.38492e-68
1.96202e-71
4.27917e-75
1.02193e-78
2.48669e-82
6.44279e-86
1.83829e-89
5.0787e-93
1.67514e-96
5.64307e-100
2.28454e-103
1.14306e-106
6.01317e-110
3.65085e-113
1.89266e-116
9.97177e-120
4.83294e-123
2.02241e-126
8.94333e-130
3.70621e-133
1.35911e-136
5.10375e-140
1.76225e-143
7.1477e-147
2.54881e-150
8.89655e-154
3.00591e-157
1.24498e-160
3.55437e-164
6.98957e-168
1.03952e-171
1.40807e-175
1.20666e-181
1.35332e-187
1.70277e-193
2.07721e-199
2.43029e-205
2.75315e-211
3.20193e-217
3.69685e-223
4.87072e-229
6.24385e-235
8.55453e-241
1.20181e-246
1.89689e-252
3.16193e-258
6.06053e-264
1.28974e-269
2.98538e-275
6.35724e-281
1.1502e-286
1.79138e-292
2.44211e-298
2.9814e-304
3.28235e-310
3.3498e-316
3.06321e-322
0
0
0
0
0
0
0
0
0
0
0
0
0
0
0
0
0
0
0
0
0
0
0
0
0
0
0
0
0
0
0
0
0
0
0
0
0
0
0
0
0
0
0
0
0
0
0
0
0
0
0
0
0
0
0
0
0
0
0
0
0
0
0
0
0
0
0
0
0
0
0
0
0
0
0
0
0
0
0
0
0
0
0
0
0
0
0
0
0
0
0
0
0
0
0
0
0
0
0
0
0
0
0
0
0
0
0
0
0
0
0
0
0
0
0
0
0
0
0
0
0
0
0
0
0
0
0
0
0
0
0
0
0
0
0
0
0
0
0
0
0
0
0
0
0
0
0
0
0
0
0
0
0
0
0
0
0
0
0
0
0
0
0
0
0
0
0
0
0
0
0
0
0
0
0
0
0
0
0
0
0
0
0
0
0
0
0
0
0
0
0
0
0
0
0
0
0
0
0
0
0
0
0
0
0
0
0
0
0
0
0
0
0
0
0
0
0
0
0
0
0
0
0
0
0
0
0
0
0
3.30669e-09
4.84339e-09
5.68386e-09
6.28724e-09
6.27225e-09
4.01279e-09
1.70731e-09
4.47662e-10
3.17799e-10
2.26685e-10
6.20238e-10
1.93347e-09
1.03454e-08
2.47375e-08
3.08205e-07
2.94611e-07
2.4828e-07
1.46421e-08
4.44184e-08
3.94194e-07
3.76191e-07
4.04192e-07
4.28296e-07
4.87273e-08
2.60638e-08
4.73379e-08
1.36922e-07
2.68744e-07
1.22646e-07
1.95866e-08
2.61341e-09
5.02412e-10
2.22971e-10
1.96768e-10
1.70705e-10
1.96227e-10
3.18611e-10
7.75093e-10
2.32029e-09
5.51397e-09
1.92138e-08
1.8519e-07
1.68041e-07
3.39666e-08
2.07654e-08
2.15636e-08
4.44628e-08
1.12527e-07
2.71012e-07
4.06262e-07
4.1398e-07
3.90403e-07
3.58076e-07
1.62003e-07
2.75455e-07
3.17604e-07
2.14189e-07
4.08075e-07
1.65888e-08
1.69776e-09
4.12453e-10
1.76691e-10
1.30331e-10
9.9308e-11
1.22108e-10
4.662e-10
3.4184e-09
9.48089e-09
8.98671e-09
1.01056e-08
1.22959e-08
1.26118e-08
7.91783e-09
2.44991e-09
4.89501e-10
1.20761e-10
5.03818e-11
1.84758e-11
5.92664e-11
2.2857e-10
5.31489e-10
2.5934e-10
8.94513e-11
9.01069e-11
5.71605e-11
3.60312e-11
1.57832e-11
9.05705e-12
7.31565e-12
9.1362e-12
1.62106e-11
1.67049e-11
1.86133e-11
2.02929e-11
2.18221e-11
2.3503e-11
2.0733e-11
4.35267e-12
8.20794e-13
4.21709e-16
9.87558e-20
2.13029e-23
4.1692e-27
1.02832e-30
2.879e-34
1.0072e-37
3.4609e-41
1.83157e-44
8.21748e-48
6.79657e-51
2.44975e-54
2.08649e-57
6.26838e-61
2.17032e-64
5.44161e-68
1.42136e-71
3.45877e-75
9.0276e-79
2.99543e-82
9.70466e-86
3.71896e-89
1.36339e-92
4.76037e-96
1.74226e-99
7.11989e-103
3.00225e-106
1.4312e-109
6.77236e-113
3.22148e-116
1.42547e-119
6.94737e-123
3.04601e-126
1.19036e-129
4.79522e-133
1.75829e-136
6.68181e-140
2.62545e-143
1.02923e-146
3.65303e-150
1.33061e-153
4.32762e-157
1.50166e-160
4.48653e-164
1.20959e-167
2.79314e-171
5.15717e-175
6.40494e-181
8.97663e-187
1.31268e-192
1.93568e-198
2.75503e-204
3.8507e-210
5.26901e-216
8.04341e-222
1.13272e-227
1.59393e-233
2.32638e-239
3.4841e-245
5.66767e-251
9.7597e-257
1.89813e-262
4.10599e-268
9.63124e-274
2.07815e-279
3.93907e-285
6.52041e-291
9.77405e-297
1.31777e-302
1.64914e-308
1.90921e-314
2.09879e-320
0
0
0
0
0
0
0
0
0
0
0
0
0
0
0
0
0
0
0
0
0
0
0
0
0
0
0
0
0
0
0
0
0
0
0
0
0
0
0
0
0
0
0
0
0
0
0
0
0
0
0
0
0
0
0
0
0
0
0
0
0
0
0
0
0
0
0
0
0
0
0
0
0
0
0
0
0
0
0
0
0
0
0
0
0
0
0
0
0
0
0
0
0
0
0
0
0
0
0
0
0
0
0
0
0
0
0
0
0
0
0
0
0
0
0
0
0
0
0
0
0
0
0
0
0
0
0
0
0
0
0
0
0
0
0
0
0
0
0
0
0
0
0
0
0
0
0
0
0
0
0
0
0
0
0
0
0
0
0
0
0
0
0
0
0
0
0
0
0
0
0
0
0
0
0
0
0
0
0
0
0
0
0
0
0
0
0
0
0
0
0
0
0
0
0
0
0
0
0
0
0
0
0
0
0
0
0
0
0
0
0
0
0
0
0
0
0
0
0
0
0
0
0
0
0
0
0
0
0
1.21197e-10
2.57249e-10
3.83206e-10
5.13368e-10
4.56643e-10
2.66404e-10
1.35739e-10
8.7493e-11
6.42675e-11
4.84014e-11
5.51374e-11
6.13578e-11
1.23173e-10
1.37173e-10
9.60104e-10
7.22903e-10
7.95735e-10
2.00093e-09
9.9913e-08
4.02972e-07
3.83374e-07
3.49172e-07
2.13681e-08
2.45125e-09
1.62446e-09
4.43615e-09
1.18938e-08
2.34175e-08
1.05746e-08
3.05266e-09
7.08652e-10
2.90472e-10
1.81086e-10
1.52369e-10
1.41805e-10
1.47991e-10
1.42618e-10
2.48475e-10
4.81792e-10
1.01092e-09
3.20085e-09
2.25023e-08
4.06945e-07
9.23936e-08
3.13278e-08
2.71913e-08
4.85659e-08
1.45367e-07
3.24387e-07
3.79573e-07
3.79733e-07
3.53424e-07
2.39645e-07
2.80009e-07
2.20124e-07
1.82366e-07
4.17151e-07
4.83051e-08
2.40695e-09
4.10775e-10
1.65642e-10
8.94004e-11
8.45727e-11
7.63575e-11
7.74984e-11
9.08435e-11
2.97993e-10
1.11428e-09
2.64794e-09
2.60478e-09
2.0529e-09
2.26019e-09
2.43268e-09
1.915e-09
1.06016e-09
4.34505e-10
1.37691e-10
5.63084e-11
4.56613e-11
2.35963e-11
1.09039e-11
1.07649e-11
1.11102e-11
1.16669e-11
1.60249e-11
1.67846e-11
1.6577e-11
1.62607e-11
1.15697e-11
1.12395e-11
1.52183e-11
1.7604e-11
1.97151e-11
2.13704e-11
2.19476e-11
2.35729e-11
2.46414e-11
9.17824e-12
2.77353e-12
2.65798e-14
3.08343e-18
4.26681e-22
9.32769e-26
2.30124e-29
6.95686e-33
2.11039e-36
6.62255e-40
2.15391e-43
4.94698e-47
2.1667e-50
1.96338e-54
9.17574e-58
8.63603e-62
2.2672e-65
3.06122e-69
6.53391e-73
1.6971e-76
4.72397e-80
1.99982e-83
8.367e-87
3.95007e-90
1.9635e-93
9.77027e-97
4.80329e-100
2.3177e-103
1.10723e-106
5.14258e-110
2.30684e-113
1.03078e-116
4.36366e-120
2.11889e-123
9.10544e-127
3.35543e-130
1.37328e-133
4.74194e-137
1.85523e-140
6.19791e-144
2.33015e-147
7.63679e-151
2.72669e-154
8.51016e-158
2.84332e-161
8.20082e-165
2.44284e-168
6.56449e-172
1.74881e-175
2.58796e-181
4.07031e-187
6.27663e-193
9.83787e-199
1.44609e-204
2.14214e-210
3.04735e-216
4.29089e-222
6.08711e-228
8.60454e-234
1.26312e-239
1.90445e-245
3.08807e-251
5.35432e-257
1.04022e-262
2.27177e-268
5.1597e-274
1.05299e-279
1.91333e-285
3.13509e-291
4.64848e-297
6.38565e-303
8.14256e-309
9.79942e-315
1.12845e-320
0
0
0
0
0
0
0
0
0
0
0
0
0
0
0
0
0
0
0
0
0
0
0
0
0
0
0
0
0
0
0
0
0
0
0
0
0
0
0
0
0
0
0
0
0
0
0
0
0
0
0
0
0
0
0
0
0
0
0
0
0
0
0
0
0
0
0
0
0
0
0
0
0
0
0
0
0
0
0
0
0
0
0
0
0
0
0
0
0
0
0
0
0
0
0
0
0
0
0
0
0
0
0
0
0
0
0
0
0
0
0
0
0
0
0
0
0
0
0
0
0
0
0
0
0
0
0
0
0
0
0
0
0
0
0
0
0
0
0
0
0
0
0
0
0
0
0
0
0
0
0
0
0
0
0
0
0
0
0
0
0
0
0
0
0
0
0
0
0
0
0
0
0
0
0
0
0
0
0
0
0
0
0
0
0
0
0
0
0
0
0
0
0
0
0
0
0
0
0
0
0
0
0
0
0
0
0
0
0
0
0
0
0
0
0
0
0
0
0
0
0
0
0
0
0
0
0
0
0
2.01587e-11
2.12049e-11
2.55241e-11
2.97906e-11
2.91918e-11
2.79712e-11
2.83441e-11
2.69739e-11
2.6545e-11
2.43139e-11
2.38694e-11
2.32757e-11
2.42852e-11
2.69773e-11
3.04959e-11
3.9364e-11
6.88001e-11
3.37104e-10
1.394e-08
2.21532e-07
4.17939e-07
3.63367e-08
2.64756e-09
3.33469e-10
2.10884e-10
3.5005e-10
8.74879e-10
1.66151e-09
1.50895e-09
8.04447e-10
4.06791e-10
2.12085e-10
1.82124e-10
1.30661e-10
1.27788e-10
1.22478e-10
1.16134e-10
1.42782e-10
1.46061e-10
2.66331e-10
5.37325e-10
2.70372e-09
3.35038e-08
3.82608e-07
1.39484e-07
7.10157e-08
6.61104e-08
1.02814e-07
1.75859e-07
1.81347e-07
1.69409e-07
1.29525e-07
1.08963e-07
1.2261e-07
1.69878e-07
4.40723e-07
5.06691e-08
1.79747e-09
2.10282e-10
8.36589e-11
7.09045e-11
6.4709e-11
6.76576e-11
6.58762e-11
6.84542e-11
5.67206e-11
5.34069e-11
9.84627e-11
1.94607e-10
3.62999e-10
4.60889e-10
3.01953e-10
2.82733e-10
3.24198e-10
3.34931e-10
2.941e-10
2.21027e-10
1.28906e-10
6.49206e-11
4.17438e-11
2.48474e-11
1.96078e-11
1.83632e-11
1.7816e-11
1.67891e-11
1.61368e-11
1.17544e-11
1.12552e-11
1.04712e-11
1.51827e-11
1.83677e-11
2.07635e-11
2.1258e-11
2.23461e-11
2.27887e-11
2.3655e-11
2.45453e-11
1.15084e-11
3.86928e-12
2.45118e-13
5.12451e-17
7.04388e-21
9.05757e-25
1.29871e-28
2.75496e-32
7.58636e-36
2.21223e-39
6.42531e-43
1.46416e-46
3.90787e-50
3.91296e-54
9.62578e-58
6.35167e-62
1.24088e-65
9.75578e-70
2.16345e-73
3.53852e-77
1.19298e-80
4.50392e-84
2.38868e-87
1.27423e-90
7.09042e-94
3.70804e-97
1.9153e-100
9.53112e-104
4.61304e-107
2.12482e-110
9.5247e-114
4.09668e-117
1.78365e-120
7.19071e-124
3.06278e-127
1.10468e-130
4.48095e-134
1.54417e-137
5.93169e-141
1.99273e-144
7.29134e-148
2.39366e-151
8.42888e-155
2.66076e-158
9.00483e-162
2.71844e-165
8.83099e-169
2.60063e-172
8.08872e-176
1.37674e-181
2.4245e-187
3.95535e-193
6.4881e-199
9.90544e-205
1.50102e-210
2.17406e-216
3.14814e-222
4.47164e-228
6.47733e-234
9.54692e-240
1.46621e-245
2.40681e-251
4.2554e-257
8.47577e-263
1.70404e-268
3.14406e-274
5.25311e-280
8.07881e-286
1.16518e-291
1.56062e-297
1.99604e-303
2.43505e-309
2.8635e-315
3.29048e-321
0
0
0
0
0
0
0
0
0
0
0
0
0
0
0
0
0
0
0
0
0
0
0
0
0
0
0
0
0
0
0
0
0
0
0
0
0
0
0
0
0
0
0
0
0
0
0
0
0
0
0
0
0
0
0
0
0
0
0
0
0
0
0
0
0
0
0
0
0
0
0
0
0
0
0
0
0
0
0
0
0
0
0
0
0
0
0
0
0
0
0
0
0
0
0
0
0
0
0
0
0
0
0
0
0
0
0
0
0
0
0
0
0
0
0
0
0
0
0
0
0
0
0
0
0
0
0
0
0
0
0
0
0
0
0
0
0
0
0
0
0
0
0
0
0
0
0
0
0
0
0
0
0
0
0
0
0
0
0
0
0
0
0
0
0
0
0
0
0
0
0
0
0
0
0
0
0
0
0
0
0
0
0
0
0
0
0
0
0
0
0
0
0
0
0
0
0
0
0
0
0
0
0
0
0
0
0
0
0
0
0
0
0
0
0
0
0
0
0
0
0
0
0
0
0
0
0
0
0
2.2344e-11
2.20718e-11
2.23877e-11
2.27343e-11
2.28584e-11
2.31073e-11
2.31677e-11
2.3398e-11
2.34342e-11
2.3784e-11
2.39055e-11
2.43164e-11
2.45436e-11
2.5504e-11
2.63215e-11
3.213e-11
3.30779e-11
5.46895e-11
2.08449e-10
1.43848e-09
8.41336e-09
3.99454e-09
9.10448e-10
1.54167e-10
7.38527e-11
7.13186e-11
1.08075e-10
1.59652e-10
1.95757e-10
2.18083e-10
2.01138e-10
1.68578e-10
1.59416e-10
1.28489e-10
1.16887e-10
1.2795e-10
1.14743e-10
1.35957e-10
1.24093e-10
1.4983e-10
1.74677e-10
4.23232e-10
2.1531e-09
1.1814e-08
9.92071e-08
4.29108e-07
2.67194e-07
1.83316e-07
1.87379e-07
1.95085e-07
2.16375e-07
2.50659e-07
3.88458e-07
4.21324e-07
4.31774e-07
2.25075e-08
1.17304e-09
1.59114e-10
7.5561e-11
6.40482e-11
6.56281e-11
6.21557e-11
6.54142e-11
6.27046e-11
5.9819e-11
4.77384e-11
3.51496e-11
3.24122e-11
3.46845e-11
4.11328e-11
5.13674e-11
6.73279e-11
6.7448e-11
4.82975e-11
4.71491e-11
5.39248e-11
5.74926e-11
5.77709e-11
4.97505e-11
4.55872e-11
3.77518e-11
2.78002e-11
2.57797e-11
2.45367e-11
2.31255e-11
2.20216e-11
2.08652e-11
2.01611e-11
2.02539e-11
2.28499e-11
2.40571e-11
2.41132e-11
2.42633e-11
2.38715e-11
2.35055e-11
2.38619e-11
2.43644e-11
9.48333e-12
3.23803e-12
1.63541e-13
3.95028e-17
6.62831e-21
9.48062e-25
1.41588e-28
2.73208e-32
6.76009e-36
1.87611e-39
5.31179e-43
1.16985e-46
3.06432e-50
3.42576e-54
7.46327e-58
5.16416e-62
9.62863e-66
1.44858e-69
1.006e-72
2.84961e-76
2.46328e-79
1.10882e-82
6.28443e-86
3.04693e-89
1.44477e-92
6.31612e-96
2.63867e-99
1.05676e-102
4.1143e-106
1.54256e-109
5.86809e-113
2.11252e-116
7.9206e-120
2.77793e-123
1.04015e-126
3.34536e-130
1.25519e-133
3.90719e-137
1.44757e-140
4.42032e-144
1.60931e-147
4.85914e-151
1.72178e-154
5.07701e-158
1.75863e-161
5.01895e-165
1.68302e-168
4.91614e-172
1.55894e-175
2.67558e-181
4.85649e-187
8.17282e-193
1.40315e-198
2.25037e-204
3.65015e-210
5.56502e-216
8.69446e-222
1.30316e-227
2.03134e-233
3.1347e-239
5.10744e-245
8.63287e-251
1.42504e-256
2.10423e-262
2.81013e-268
3.49964e-274
4.20319e-280
4.87932e-286
5.66725e-292
6.48026e-298
7.4296e-304
8.52292e-310
9.70622e-316
1.11165e-321
0
0
0
0
0
0
0
0
0
0
0
0
0
0
0
0
0
0
0
0
0
0
0
0
0
0
0
0
0
0
0
0
0
0
0
0
0
0
0
0
0
0
0
0
0
0
0
0
0
0
0
0
0
0
0
0
0
0
0
0
0
0
0
0
0
0
0
0
0
0
0
0
0
0
0
0
0
0
0
0
0
0
0
0
0
0
0
0
0
0
0
0
0
0
0
0
0
0
0
0
0
0
0
0
0
0
0
0
0
0
0
0
0
0
0
0
0
0
0
0
0
0
0
0
0
0
0
0
0
0
0
0
0
0
0
0
0
0
0
0
0
0
0
0
0
0
0
0
0
0
0
0
0
0
0
0
0
0
0
0
0
0
0
0
0
0
0
0
0
0
0
0
0
0
0
0
0
0
0
0
0
0
0
0
0
0
0
0
0
0
0
0
0
0
0
0
0
0
0
0
0
0
0
0
0
0
0
0
0
0
0
0
0
0
0
0
0
0
0
0
0
0
0
0
0
0
0
0
0
2.40575e-11
2.40952e-11
2.43641e-11
2.43243e-11
2.45166e-11
2.45311e-11
2.45847e-11
2.47952e-11
2.48268e-11
2.52178e-11
2.53401e-11
2.57147e-11
2.58284e-11
2.83827e-11
2.63578e-11
3.68543e-11
3.24743e-11
4.50797e-11
4.24767e-11
8.44785e-11
9.74266e-11
1.16148e-10
8.72731e-11
6.53749e-11
5.87493e-11
6.86169e-11
7.37196e-11
7.68052e-11
9.04502e-11
8.96135e-11
1.03804e-10
1.07645e-10
1.04455e-10
1.20858e-10
1.0832e-10
1.22119e-10
1.11781e-10
1.33513e-10
1.24787e-10
1.5066e-10
1.41504e-10
1.9987e-10
2.17727e-10
4.31183e-10
8.4694e-10
2.20102e-09
6.04334e-09
1.35536e-08
1.95511e-08
1.9551e-08
1.59888e-08
9.72325e-09
4.54851e-09
3.63751e-09
1.46901e-09
4.67143e-10
1.57719e-10
9.10632e-11
6.94664e-11
6.9985e-11
6.28948e-11
6.45911e-11
6.25815e-11
6.07876e-11
4.94695e-11
4.02341e-11
3.31723e-11
2.98726e-11
2.33379e-11
2.27323e-11
2.64025e-11
2.84041e-11
3.71697e-11
3.93983e-11
3.59803e-11
3.16626e-11
2.54577e-11
2.24212e-11
2.28174e-11
2.39217e-11
2.4645e-11
2.38276e-11
2.32452e-11
2.28918e-11
2.2854e-11
2.28677e-11
2.3297e-11
2.33611e-11
2.34666e-11
2.40478e-11
2.44166e-11
2.44105e-11
2.43609e-11
2.41937e-11
2.41715e-11
2.42951e-11
1.17363e-11
3.26181e-12
1.54343e-13
1.16144e-16
5.33244e-20
2.26207e-23
1.11123e-26
5.55275e-30
2.95247e-33
1.51061e-36
7.45748e-40
3.59554e-43
1.47603e-46
7.14974e-50
2.33985e-53
1.17788e-56
3.66937e-60
1.68151e-63
5.621e-67
2.40569e-70
8.63982e-74
3.56082e-77
1.32951e-80
5.21607e-84
1.92809e-87
7.32682e-91
2.67585e-94
9.85419e-98
3.547e-101
1.25717e-104
4.37265e-108
1.50463e-111
4.96571e-115
1.66773e-118
5.3422e-122
1.7456e-125
5.09915e-129
1.61862e-132
4.54243e-136
1.40086e-139
3.84883e-143
1.15168e-146
3.12056e-150
9.1139e-154
2.41875e-157
6.90363e-161
1.78441e-164
4.97542e-168
1.30943e-171
3.40844e-175
4.95368e-181
7.16772e-187
9.83378e-193
1.36542e-198
1.77346e-204
2.29237e-210
2.75668e-216
3.26079e-222
3.62767e-228
3.94539e-234
4.06279e-240
4.11828e-246
3.97661e-252
3.80512e-258
3.50219e-264
3.23616e-270
2.91216e-276
2.69043e-282
2.46451e-288
2.36244e-294
2.29105e-300
2.28105e-306
2.33927e-312
2.43877e-318
4.94066e-324
0
0
0
0
0
0
0
0
0
0
0
0
0
0
0
0
0
0
0
0
0
0
0
0
0
0
0
0
0
0
0
0
0
0
0
0
0
0
0
0
0
0
0
0
0
0
0
0
0
0
0
0
0
0
0
0
0
0
0
0
0
0
0
0
0
0
0
0
0
0
0
0
0
0
0
0
0
0
0
0
0
0
0
0
0
0
0
0
0
0
0
0
0
0
0
0
0
0
0
0
0
0
0
0
0
0
0
0
0
0
0
0
0
0
0
0
0
0
0
0
0
0
0
0
0
0
0
0
0
0
0
0
0
0
0
0
0
0
0
0
0
0
0
0
0
0
0
0
0
0
0
0
0
0
0
0
0
0
0
0
0
0
0
0
0
0
0
0
0
0
0
0
0
0
0
0
0
0
0
0
0
0
0
0
0
0
0
0
0
0
0
0
0
0
0
0
0
0
0
0
0
0
0
0
0
0
0
0
0
0
0
0
0
0
0
0
0
0
0
0
0
0
0
0
0
0
0
0
0
3.47731e-07
3.42124e-07
3.46448e-07
3.57586e-07
3.37956e-07
3.66495e-07
3.42253e-07
4.03923e-08
9.95594e-10
1.14264e-10
1.34612e-11
4.9452e-13
1.24085e-14
2.33235e-16
1.24171e-11
7.97717e-11
2.72172e-10
1.66019e-09
7.67024e-09
1.97755e-08
3.14492e-08
3.55008e-08
3.55457e-08
3.35766e-08
3.32234e-08
2.94748e-08
2.73002e-08
2.45588e-08
2.15695e-08
1.68487e-08
1.23402e-08
8.58567e-09
2.83192e-09
7.66708e-10
1.53939e-10
3.18449e-11
1.74737e-11
1.12073e-11
2.09391e-12
1.26611e-14
6.25483e-17
3.08185e-19
2.12163e-21
1.22282e-23
4.64112e-19
2.73567e-16
3.62234e-13
3.19301e-10
5.88258e-09
1.83381e-08
3.41175e-08
3.62157e-08
4.03077e-08
3.4209e-08
2.85658e-08
2.64188e-08
1.84948e-08
1.43266e-08
3.33412e-09
1.67839e-09
1.2662e-09
2.85658e-10
1.84791e-11
1.15838e-12
3.1245e-14
4.39729e-16
1.74792e-18
4.32796e-21
9.86225e-24
2.86259e-26
7.18767e-29
1.70184e-31
5.90733e-34
2.72353e-33
9.15344e-39
1.37008e-36
2.68168e-34
2.55909e-33
5.26615e-33
5.7774e-33
5.00921e-33
1.06931e-32
5.72954e-32
2.89439e-31
1.67305e-30
8.76558e-30
3.60096e-29
8.77295e-29
3.25833e-29
8.60841e-31
6.34238e-34
2.98081e-37
7.72516e-41
1.41174e-44
2.75561e-48
5.9069e-52
1.2268e-55
2.38835e-59
4.81231e-63
9.27376e-67
2.52763e-70
5.98859e-74
1.54631e-77
3.9607e-81
1.17253e-99
1.70273e-100
1.93789e-103
1.34195e-106
7.02927e-110
8.89388e-113
2.14223e-115
1.94494e-118
1.02378e-121
3.91843e-125
8.97263e-129
1.91744e-132
4.23875e-136
8.74914e-140
1.93728e-143
4.2047e-147
9.10892e-151
1.99446e-154
4.17263e-158
9.02462e-162
1.74079e-165
4.41347e-169
9.66895e-173
1.40386e-178
2.10312e-184
1.03878e-189
2.04178e-194
1.2849e-198
7.54186e-204
1.28624e-209
5.75433e-228
8.4088e-230
7.17393e-235
3.46716e-240
1.04257e-245
2.63736e-251
6.01195e-257
1.34046e-262
3.03073e-268
6.57735e-274
1.35807e-279
2.62856e-285
4.70794e-291
7.83283e-297
1.21879e-302
1.78503e-308
2.49575e-314
3.35372e-320
0
0
0
0
0
0
0
0
0
0
0
0
0
0
0
0
0
0
0
0
0
0
0
0
0
0
0
0
0
0
0
0
0
0
0
0
0
0
0
0
0
0
0
0
0
0
0
0
0
0
0
0
0
0
0
0
0
0
0
0
0
0
0
0
0
0
0
0
0
0
0
0
0
0
0
0
0
0
0
0
0
0
0
0
0
0
0
0
0
0
0
0
0
0
0
0
0
0
0
0
0
0
0
0
0
0
0
0
0
0
0
0
0
0
0
0
0
0
0
0
0
0
0
0
0
0
0
0
0
0
0
0
0
0
0
0
0
0
0
0
0
0
0
0
0
0
0
0
0
0
0
0
0
0
0
0
0
0
0
0
0
0
0
0
0
0
0
0
0
0
0
0
0
0
0
0
0
0
0
0
0
0
0
0
0
0
0
0
0
0
0
0
0
0
0
0
0
0
0
0
0
0
0
0
0
0
0
0
0
0
0
0
0
0
0
0
0
0
0
0
0
0
3.48814e-07
3.43308e-07
3.36769e-07
3.09221e-07
3.28456e-07
3.01433e-07
1.01277e-07
9.57916e-09
1.88528e-09
9.20871e-10
1.98033e-10
1.10755e-11
5.52911e-13
1.06113e-14
4.46239e-10
3.6611e-09
1.10027e-08
2.90424e-08
8.46369e-08
1.79444e-07
1.83136e-07
1.81204e-07
1.76123e-07
1.71541e-07
1.70175e-07
1.63347e-07
1.62641e-07
1.57051e-07
1.51893e-07
1.42727e-07
1.31991e-07
1.22025e-07
3.58536e-08
1.43731e-08
6.56524e-09
1.80782e-09
3.20165e-10
1.03324e-10
2.08581e-11
4.30322e-13
3.377e-15
2.10129e-17
1.06882e-19
5.60831e-22
5.87566e-18
4.69807e-15
6.08724e-12
4.54631e-09
4.34947e-08
8.24276e-08
2.78991e-07
3.32713e-07
3.91601e-07
4.02875e-07
4.13204e-07
3.94488e-07
3.82289e-07
3.40124e-07
8.83216e-08
2.68965e-08
7.62269e-09
3.35507e-09
1.52064e-09
1.74981e-10
4.12194e-11
1.12119e-12
1.06224e-15
3.9981e-19
4.08347e-22
1.50367e-24
7.86324e-27
4.49247e-29
2.51928e-31
1.43888e-30
2.50352e-36
1.71791e-34
2.10821e-32
3.18243e-31
1.26179e-30
3.07238e-30
4.61136e-30
1.5669e-29
5.41082e-29
2.28483e-28
1.0313e-27
6.38832e-27
4.15557e-26
1.56234e-25
1.1576e-25
8.55949e-27
9.75071e-30
2.03379e-33
1.21467e-37
8.78073e-43
7.94027e-47
1.13839e-51
2.89134e-55
4.53159e-58
7.99018e-62
3.13023e-65
7.31375e-69
1.30666e-72
2.66529e-76
6.77656e-80
7.49329e-97
5.25433e-98
4.68822e-101
3.70461e-104
2.08462e-107
1.96811e-110
4.94978e-113
3.75411e-116
1.99574e-119
7.96367e-123
7.24103e-127
7.66951e-131
1.83227e-134
5.0501e-138
1.4658e-141
4.05842e-145
1.13041e-148
3.01826e-152
8.04353e-156
1.76083e-159
5.01938e-163
1.54793e-165
4.14368e-169
9.75793e-173
1.74976e-178
1.23344e-183
3.15937e-188
1.93222e-192
1.12445e-197
1.53294e-203
9.87318e-222
1.61988e-223
1.42137e-228
7.2204e-234
2.13546e-239
5.09689e-245
1.11696e-250
2.29269e-256
4.84626e-262
1.02351e-267
2.09006e-273
3.98445e-279
6.93944e-285
1.13642e-290
1.70477e-296
2.42853e-302
3.20093e-308
4.13054e-314
5.04243e-320
0
0
0
0
0
0
0
0
0
0
0
0
0
0
0
0
0
0
0
0
0
0
0
0
0
0
0
0
0
0
0
0
0
0
0
0
0
0
0
0
0
0
0
0
0
0
0
0
0
0
0
0
0
0
0
0
0
0
0
0
0
0
0
0
0
0
0
0
0
0
0
0
0
0
0
0
0
0
0
0
0
0
0
0
0
0
0
0
0
0
0
0
0
0
0
0
0
0
0
0
0
0
0
0
0
0
0
0
0
0
0
0
0
0
0
0
0
0
0
0
0
0
0
0
0
0
0
0
0
0
0
0
0
0
0
0
0
0
0
0
0
0
0
0
0
0
0
0
0
0
0
0
0
0
0
0
0
0
0
0
0
0
0
0
0
0
0
0
0
0
0
0
0
0
0
0
0
0
0
0
0
0
0
0
0
0
0
0
0
0
0
0
0
0
0
0
0
0
0
0
0
0
0
0
0
0
0
0
0
0
0
0
0
0
0
0
0
0
0
0
0
3.39967e-07
2.38078e-07
1.19927e-07
8.14026e-08
8.16551e-08
1.29488e-07
2.12335e-08
4.48072e-09
2.57114e-09
1.60019e-09
5.30677e-10
8.04306e-11
6.15892e-12
1.69459e-13
1.40132e-09
2.58576e-08
7.10238e-08
1.58031e-07
1.48131e-07
1.68404e-07
2.45376e-07
3.34889e-07
3.71438e-07
3.66495e-07
3.08344e-07
2.5188e-07
2.23866e-07
1.91948e-07
1.50628e-07
1.30131e-07
1.28171e-07
1.13458e-07
8.96419e-08
6.98828e-08
4.51556e-08
1.2873e-08
5.27046e-09
1.92095e-09
4.5714e-10
2.04225e-11
2.6989e-14
2.15217e-16
7.44125e-19
2.58234e-21
1.37011e-17
1.49002e-14
1.60945e-11
9.76803e-09
5.75548e-08
1.64277e-07
1.72063e-07
1.94602e-07
2.48079e-07
2.70288e-07
2.93619e-07
3.34461e-07
3.49527e-07
3.73462e-07
3.93548e-07
4.08608e-07
3.59555e-07
1.58092e-07
4.83858e-08
2.80535e-09
3.72901e-10
5.58015e-11
4.93332e-12
7.51323e-14
7.84114e-19
2.96712e-22
5.9503e-25
9.08346e-27
1.77681e-28
8.01081e-28
2.5761e-34
1.16255e-32
9.21233e-30
5.31588e-28
2.93165e-27
1.02253e-27
3.07524e-28
4.02967e-28
2.53072e-27
3.70154e-26
4.42523e-25
4.66015e-24
2.67658e-23
5.84593e-23
1.54099e-23
3.96702e-25
4.21647e-28
7.26785e-31
4.04112e-33
5.41483e-36
1.95965e-40
3.76901e-46
9.65284e-51
3.52301e-55
2.14238e-60
1.04345e-64
1.88119e-67
6.56602e-70
3.18383e-73
1.50415e-76
3.32514e-94
1.58025e-94
6.59799e-97
1.05486e-99
9.48719e-103
1.03744e-105
1.99566e-108
1.11652e-111
2.22745e-115
4.35821e-119
2.85135e-124
4.26423e-128
6.37825e-132
1.17774e-135
1.73764e-139
3.77614e-143
6.21945e-147
1.54481e-150
2.58599e-154
2.93512e-158
1.10963e-161
5.39336e-164
8.8205e-168
2.71649e-171
5.16269e-175
1.18461e-179
6.40105e-184
5.49442e-188
4.58301e-193
6.68876e-199
4.53828e-218
1.20194e-219
9.40199e-225
6.05207e-230
1.26813e-235
3.45307e-241
4.98477e-247
1.2421e-252
1.80342e-258
4.83918e-264
7.96685e-270
1.86154e-275
2.95479e-281
5.47037e-287
8.11486e-293
1.16474e-298
1.5639e-304
1.82879e-310
2.2726e-316
2.47033e-322
0
0
0
0
0
0
0
0
0
0
0
0
0
0
0
0
0
0
0
0
0
0
0
0
0
0
0
0
0
0
0
0
0
0
0
0
0
0
0
0
0
0
0
0
0
0
0
0
0
0
0
0
0
0
0
0
0
0
0
0
0
0
0
0
0
0
0
0
0
0
0
0
0
0
0
0
0
0
0
0
0
0
0
0
0
0
0
0
0
0
0
0
0
0
0
0
0
0
0
0
0
0
0
0
0
0
0
0
0
0
0
0
0
0
0
0
0
0
0
0
0
0
0
0
0
0
0
0
0
0
0
0
0
0
0
0
0
0
0
0
0
0
0
0
0
0
0
0
0
0
0
0
0
0
0
0
0
0
0
0
0
0
0
0
0
0
0
0
0
0
0
0
0
0
0
0
0
0
0
0
0
0
0
0
0
0
0
0
0
0
0
0
0
0
0
0
0
0
0
0
0
0
0
0
0
0
0
0
0
0
0
0
0
0
0
0
0
0
0
0
2.68462e-07
9.03945e-08
2.41444e-08
1.0189e-08
1.42241e-08
2.53976e-08
3.28476e-09
5.94394e-10
6.30274e-10
6.82787e-10
6.93205e-10
3.38434e-10
3.35774e-11
5.19402e-13
3.48399e-09
1.15147e-07
2.87075e-07
3.40689e-07
4.00222e-07
4.47402e-07
4.92729e-07
4.81226e-07
4.64461e-07
4.79372e-07
4.88534e-07
4.68801e-07
4.4277e-07
4.47385e-07
4.53016e-07
4.81397e-07
4.44457e-07
3.35773e-07
1.67271e-07
1.44161e-07
1.27369e-07
1.05987e-07
7.21764e-08
2.3239e-08
2.67005e-09
4.11863e-10
4.77092e-14
2.83158e-16
1.23965e-17
1.34935e-19
1.38551e-17
1.93994e-14
1.65509e-11
8.7705e-09
6.14884e-08
2.37763e-07
1.93547e-07
1.93607e-07
2.16131e-07
2.25823e-07
2.38804e-07
2.45341e-07
2.63293e-07
2.78412e-07
3.0742e-07
3.3443e-07
3.35723e-07
3.6783e-07
3.00678e-07
2.60443e-08
6.33278e-09
5.25471e-10
8.33146e-11
4.92735e-12
6.57344e-13
1.60139e-16
2.29448e-21
1.81803e-24
7.70581e-26
5.47251e-25
2.04058e-32
9.75193e-30
8.96518e-27
1.85322e-25
1.20111e-25
9.1467e-26
1.60906e-25
1.01362e-24
4.23786e-24
6.13283e-23
5.11613e-22
9.32703e-21
2.57612e-19
1.71363e-18
2.917e-19
2.88349e-21
7.08986e-25
2.04833e-28
1.06814e-31
1.93582e-34
1.18782e-36
2.86487e-39
1.23299e-43
1.99858e-48
6.32685e-54
5.95557e-59
6.84247e-64
2.07136e-67
1.27126e-70
2.06173e-73
1.27953e-88
1.55131e-88
3.98357e-91
2.1494e-94
5.00323e-98
2.99402e-101
9.99137e-104
2.80619e-106
1.81651e-109
3.70007e-113
4.76097e-117
5.1878e-121
6.29299e-125
6.74895e-129
9.0094e-133
1.03221e-136
1.79398e-140
2.81174e-144
4.80738e-148
1.68917e-152
1.73784e-155
3.1728e-159
6.34897e-163
1.12761e-166
2.08461e-170
3.50484e-174
3.17737e-178
6.45567e-183
5.90728e-188
7.26511e-194
3.95151e-211
4.67795e-213
2.30744e-218
6.14126e-224
1.62639e-229
2.80117e-235
5.43888e-241
8.34028e-247
1.67046e-252
2.9794e-258
6.68252e-264
1.12757e-269
2.25242e-275
3.45179e-281
5.81978e-287
7.84514e-293
1.11396e-298
1.31935e-304
1.61854e-310
1.7467e-316
1.92686e-322
0
0
0
0
0
0
0
0
0
0
0
0
0
0
0
0
0
0
0
0
0
0
0
0
0
0
0
0
0
0
0
0
0
0
0
0
0
0
0
0
0
0
0
0
0
0
0
0
0
0
0
0
0
0
0
0
0
0
0
0
0
0
0
0
0
0
0
0
0
0
0
0
0
0
0
0
0
0
0
0
0
0
0
0
0
0
0
0
0
0
0
0
0
0
0
0
0
0
0
0
0
0
0
0
0
0
0
0
0
0
0
0
0
0
0
0
0
0
0
0
0
0
0
0
0
0
0
0
0
0
0
0
0
0
0
0
0
0
0
0
0
0
0
0
0
0
0
0
0
0
0
0
0
0
0
0
0
0
0
0
0
0
0
0
0
0
0
0
0
0
0
0
0
0
0
0
0
0
0
0
0
0
0
0
0
0
0
0
0
0
0
0
0
0
0
0
0
0
0
0
0
0
0
0
0
0
0
0
0
0
0
0
0
0
0
0
0
0
0
1.20521e-07
4.227e-08
1.77468e-08
1.20073e-08
1.04138e-08
1.10246e-08
9.78332e-09
1.53977e-08
6.28384e-09
1.60263e-09
1.41695e-09
7.51352e-10
1.94775e-10
6.80404e-12
4.70066e-09
9.34583e-08
3.57194e-07
3.10921e-07
2.44005e-07
2.04797e-07
1.43509e-07
1.3362e-07
1.35873e-07
1.49349e-07
1.66109e-07
1.23438e-07
8.37967e-08
5.53473e-08
5.12716e-08
4.67463e-08
8.48292e-08
2.55114e-07
5.03017e-07
4.74384e-07
4.84619e-07
4.76839e-07
3.53444e-07
1.82405e-07
2.68325e-08
1.95407e-09
2.83464e-12
1.94088e-16
3.09932e-17
1.60094e-17
1.04807e-17
1.38976e-14
9.66675e-12
4.23462e-09
5.37966e-08
2.57421e-07
1.79326e-07
1.46964e-07
2.20284e-07
3.87197e-07
3.80296e-07
3.44638e-07
3.2222e-07
3.1291e-07
3.17556e-07
3.16026e-07
2.79621e-07
2.7775e-07
3.86166e-07
3.82182e-07
2.12145e-08
2.56535e-09
3.93593e-10
1.08581e-10
9.86863e-12
5.49591e-12
1.47899e-15
3.46369e-21
1.83299e-23
3.30499e-22
5.25846e-29
1.80876e-26
2.88037e-24
5.98571e-24
1.1398e-23
5.59256e-23
2.18027e-22
1.5923e-22
4.07893e-22
3.11231e-20
6.31531e-19
1.22418e-17
3.74968e-16
3.23675e-15
1.19153e-15
2.00987e-17
6.08914e-21
1.02594e-24
1.47128e-28
4.02011e-32
3.52726e-35
1.51599e-37
1.46974e-39
4.13284e-43
1.75708e-47
3.93431e-52
1.89507e-57
3.89031e-63
1.47308e-67
2.1904e-70
2.09231e-83
4.04663e-84
5.32894e-88
1.20876e-91
2.97263e-95
1.04845e-98
1.79892e-101
2.15079e-104
3.95552e-107
1.54096e-109
2.63352e-112
5.93627e-116
9.24539e-120
1.42038e-123
2.0822e-127
3.35855e-131
5.31333e-135
9.92539e-139
1.67897e-142
3.34226e-146
5.79218e-150
1.16858e-153
2.15896e-157
4.10289e-161
6.59957e-165
1.10787e-168
1.5282e-172
1.68176e-176
1.31576e-181
2.28307e-187
5.212e-204
4.69651e-206
1.31909e-211
2.66604e-217
4.14877e-223
6.63573e-229
9.95792e-235
1.78686e-240
2.97949e-246
6.77987e-252
1.20136e-257
2.89086e-263
4.87363e-269
9.94549e-275
1.57456e-280
2.72319e-286
3.65548e-292
5.27819e-298
6.05403e-304
7.39908e-310
7.51912e-316
8.15208e-322
0
0
0
0
0
0
0
0
0
0
0
0
0
0
0
0
0
0
0
0
0
0
0
0
0
0
0
0
0
0
0
0
0
0
0
0
0
0
0
0
0
0
0
0
0
0
0
0
0
0
0
0
0
0
0
0
0
0
0
0
0
0
0
0
0
0
0
0
0
0
0
0
0
0
0
0
0
0
0
0
0
0
0
0
0
0
0
0
0
0
0
0
0
0
0
0
0
0
0
0
0
0
0
0
0
0
0
0
0
0
0
0
0
0
0
0
0
0
0
0
0
0
0
0
0
0
0
0
0
0
0
0
0
0
0
0
0
0
0
0
0
0
0
0
0
0
0
0
0
0
0
0
0
0
0
0
0
0
0
0
0
0
0
0
0
0
0
0
0
0
0
0
0
0
0
0
0
0
0
0
0
0
0
0
0
0
0
0
0
0
0
0
0
0
0
0
0
0
0
0
0
0
0
0
0
0
0
0
0
0
0
0
0
0
0
0
0
0
4.5411e-08
4.90711e-08
8.49496e-08
1.05639e-07
7.01428e-08
2.7312e-08
6.49473e-08
1.36639e-07
7.84094e-08
4.08498e-08
1.92669e-08
2.98882e-09
8.71001e-10
8.03903e-11
9.35389e-09
1.761e-07
3.7231e-07
2.08201e-07
1.07323e-07
9.75209e-08
9.78546e-08
8.59229e-08
6.22141e-08
4.7934e-08
2.87079e-08
1.63093e-08
8.89721e-09
6.42415e-09
5.13092e-09
5.68405e-09
1.08335e-08
4.25365e-08
1.26603e-07
2.39249e-07
3.03802e-07
4.03013e-07
3.9615e-07
3.3556e-07
1.78881e-07
2.09203e-08
8.50296e-10
1.19371e-13
3.17886e-15
1.72286e-15
6.09518e-18
8.99947e-15
2.84454e-12
8.6863e-10
4.41834e-08
2.66226e-07
1.43089e-07
1.05862e-07
3.30865e-07
4.94594e-07
1.74285e-07
1.59358e-07
2.59351e-07
3.65142e-07
4.0525e-07
3.86633e-07
3.20079e-07
3.04448e-07
3.045e-07
3.5834e-07
3.14751e-07
1.15e-08
8.997e-10
2.1158e-10
1.04415e-10
6.83687e-11
3.14117e-11
2.61417e-16
8.73569e-21
1.29198e-19
1.95386e-25
3.49084e-23
5.68423e-22
4.70717e-22
1.95468e-21
2.69866e-20
4.96063e-20
1.12661e-19
1.76467e-18
9.72205e-17
3.57925e-15
9.68648e-14
2.35292e-12
1.33676e-12
2.29892e-13
7.02136e-15
5.94845e-18
2.33221e-21
5.26962e-25
6.86234e-29
1.35436e-32
8.83816e-36
2.32305e-38
1.63763e-40
4.21803e-43
3.21343e-47
9.3458e-52
9.16431e-57
8.04542e-63
1.17573e-66
6.08307e-79
6.84903e-81
2.4028e-84
1.3755e-87
3.88866e-91
1.55986e-94
9.92917e-98
2.86481e-101
1.16193e-104
1.28358e-107
3.62991e-110
1.42542e-112
1.45393e-115
4.32609e-119
1.03918e-122
2.01071e-126
4.45525e-130
8.16954e-134
1.87583e-137
3.46793e-141
7.58048e-145
1.46206e-148
3.13219e-152
5.57548e-156
1.054e-159
1.67568e-163
2.64109e-167
3.24645e-171
3.35071e-175
7.3269e-181
5.49143e-197
2.70515e-199
5.61999e-205
7.40952e-211
9.11807e-217
1.03774e-222
1.25819e-228
1.56807e-234
2.24463e-240
3.3869e-246
6.60016e-252
1.38562e-257
3.53438e-263
8.35654e-269
1.74103e-274
3.4192e-280
5.73199e-286
9.13372e-292
1.21235e-297
1.57451e-303
1.72887e-309
1.90207e-315
1.83298e-321
0
0
0
0
0
0
0
0
0
0
0
0
0
0
0
0
0
0
0
0
0
0
0
0
0
0
0
0
0
0
0
0
0
0
0
0
0
0
0
0
0
0
0
0
0
0
0
0
0
0
0
0
0
0
0
0
0
0
0
0
0
0
0
0
0
0
0
0
0
0
0
0
0
0
0
0
0
0
0
0
0
0
0
0
0
0
0
0
0
0
0
0
0
0
0
0
0
0
0
0
0
0
0
0
0
0
0
0
0
0
0
0
0
0
0
0
0
0
0
0
0
0
0
0
0
0
0
0
0
0
0
0
0
0
0
0
0
0
0
0
0
0
0
0
0
0
0
0
0
0
0
0
0
0
0
0
0
0
0
0
0
0
0
0
0
0
0
0
0
0
0
0
0
0
0
0
0
0
0
0
0
0
0
0
0
0
0
0
0
0
0
0
0
0
0
0
0
0
0
0
0
0
0
0
0
0
0
0
0
0
0
0
0
0
0
0
0
7.03317e-08
1.87934e-07
4.37358e-07
5.76902e-07
4.70965e-07
3.05481e-07
3.93392e-07
3.6273e-07
2.7334e-07
2.16712e-07
1.20293e-07
3.6168e-08
5.40123e-09
4.02258e-10
2.46575e-08
1.54468e-07
3.49533e-07
3.06078e-07
1.68428e-07
1.17117e-07
1.66004e-07
1.85669e-07
1.0282e-07
4.16483e-08
1.57304e-08
7.34622e-09
3.75113e-09
2.03233e-09
1.5718e-09
1.40765e-09
2.51986e-09
7.11973e-09
2.48842e-08
5.54046e-08
1.2328e-07
2.49926e-07
3.66797e-07
4.01748e-07
3.48951e-07
2.01679e-07
1.34102e-08
4.2969e-10
3.27406e-13
1.6447e-13
1.47011e-17
6.257e-15
1.52471e-12
2.86201e-10
4.84149e-08
2.96769e-07
1.25017e-07
8.2081e-08
3.47305e-07
1.5466e-07
2.24905e-08
8.10215e-09
7.39414e-09
1.73218e-08
5.67575e-08
2.95693e-07
4.02239e-07
3.65858e-07
3.31722e-07
3.2996e-07
3.96322e-07
9.67315e-08
2.75078e-09
1.49236e-10
1.40379e-10
1.78994e-10
4.46046e-10
3.51234e-11
2.15376e-16
4.50418e-17
9.2396e-22
3.59655e-20
1.02694e-19
9.35534e-20
4.16666e-19
5.70281e-18
1.90422e-17
2.16938e-16
2.73235e-15
1.25853e-13
7.34176e-12
8.09058e-11
2.26504e-10
1.02349e-10
2.53995e-11
1.37508e-12
2.21618e-15
1.12678e-18
4.64156e-22
1.31057e-25
2.18275e-29
3.95013e-33
2.07717e-36
4.33989e-39
2.27593e-41
1.31983e-43
2.97561e-47
1.25974e-51
1.38763e-56
7.72343e-62
5.89138e-75
3.50966e-77
1.3739e-80
1.37004e-84
1.99527e-88
8.05884e-91
1.83203e-93
1.90039e-97
2.17319e-101
6.00683e-105
5.4496e-108
1.1829e-110
2.89632e-113
4.21913e-116
3.77567e-119
1.89965e-122
6.53626e-126
1.8294e-129
4.97526e-133
1.22601e-136
3.10568e-140
7.30952e-144
1.73189e-147
3.83393e-151
8.18928e-155
1.58967e-158
2.64329e-162
3.76947e-166
3.88677e-170
2.83574e-174
1.98962e-190
5.5446e-193
9.71365e-199
1.19184e-204
1.21335e-210
1.20817e-216
1.19292e-222
1.29471e-228
1.45787e-234
1.88076e-240
2.72386e-246
4.72038e-252
9.23078e-258
2.27104e-263
5.97057e-269
1.67843e-274
3.80215e-280
7.77568e-286
1.30053e-291
1.99032e-297
2.5558e-303
3.09004e-309
3.25258e-315
3.25589e-321
0
0
0
0
0
0
0
0
0
0
0
0
0
0
0
0
0
0
0
0
0
0
0
0
0
0
0
0
0
0
0
0
0
0
0
0
0
0
0
0
0
0
0
0
0
0
0
0
0
0
0
0
0
0
0
0
0
0
0
0
0
0
0
0
0
0
0
0
0
0
0
0
0
0
0
0
0
0
0
0
0
0
0
0
0
0
0
0
0
0
0
0
0
0
0
0
0
0
0
0
0
0
0
0
0
0
0
0
0
0
0
0
0
0
0
0
0
0
0
0
0
0
0
0
0
0
0
0
0
0
0
0
0
0
0
0
0
0
0
0
0
0
0
0
0
0
0
0
0
0
0
0
0
0
0
0
0
0
0
0
0
0
0
0
0
0
0
0
0
0
0
0
0
0
0
0
0
0
0
0
0
0
0
0
0
0
0
0
0
0
0
0
0
0
0
0
0
0
0
0
0
0
0
0
0
0
0
0
0
0
0
0
0
0
0
0
3.49265e-07
6.0714e-07
6.61381e-07
5.63971e-07
5.12827e-07
4.92195e-07
3.68832e-07
3.19399e-07
3.45676e-07
3.3969e-07
2.7266e-07
1.40532e-07
2.60862e-08
7.26064e-10
1.82646e-07
1.67772e-07
1.92622e-07
2.89022e-07
4.24383e-07
2.69998e-07
3.23343e-07
4.46814e-07
4.1664e-07
1.38555e-07
3.5462e-08
1.3246e-08
5.20824e-09
2.58688e-09
1.22356e-09
8.48582e-10
8.19523e-10
1.77222e-09
5.3818e-09
1.37491e-08
3.2782e-08
9.94103e-08
2.19616e-07
3.21297e-07
4.04914e-07
2.887e-07
8.98941e-08
7.17207e-09
2.25231e-10
1.03248e-11
2.92352e-15
9.42002e-14
1.62913e-12
2.05432e-10
2.14285e-08
4.29433e-07
1.53746e-07
7.31636e-08
2.21573e-07
1.39579e-07
8.85421e-09
2.08517e-09
9.88999e-10
1.14896e-09
5.82536e-09
4.54242e-08
2.46509e-07
3.87473e-07
3.99703e-07
3.73276e-07
3.82151e-07
3.1024e-07
1.10296e-08
1.07576e-09
1.37876e-10
6.154e-11
2.4201e-10
1.55859e-09
5.31482e-12
2.20902e-14
1.60633e-17
3.39397e-17
2.74578e-17
2.74007e-17
1.04767e-16
6.84652e-16
7.21436e-15
7.03345e-14
7.82142e-13
1.83483e-11
1.54573e-10
1.33887e-10
6.50044e-11
3.44112e-11
1.96532e-11
9.34638e-12
9.55578e-13
4.53531e-16
1.7669e-19
6.60863e-23
1.79779e-26
3.70271e-30
7.61418e-34
3.51429e-37
5.74856e-40
2.19916e-42
1.0968e-44
1.26566e-47
4.51413e-52
1.15396e-57
2.98079e-71
2.23677e-73
1.61691e-77
7.57862e-83
9.04384e-87
2.26382e-87
6.88492e-90
5.62842e-94
5.37652e-98
7.49492e-102
2.71693e-105
2.7044e-108
4.26971e-111
6.62889e-114
6.37251e-117
5.19709e-120
3.37135e-123
1.80061e-126
1.00455e-129
4.15382e-133
1.55615e-136
5.3437e-140
1.63219e-143
4.58535e-147
1.21764e-150
2.84209e-154
6.088e-158
1.01191e-161
1.32699e-165
1.11305e-169
1.05554e-184
1.00864e-187
7.65103e-194
1.1556e-199
1.99871e-205
2.46626e-211
2.68839e-217
2.75697e-223
2.88939e-229
3.19316e-235
3.888e-241
5.36839e-247
8.50833e-253
1.59422e-258
3.5961e-264
9.56657e-270
2.88666e-275
8.20842e-281
1.93228e-286
3.7997e-292
6.30838e-298
8.99138e-304
1.10552e-309
1.16093e-315
9.93072e-322
0
0
0
0
0
0
0
0
0
0
0
0
0
0
0
0
0
0
0
0
0
0
0
0
0
0
0
0
0
0
0
0
0
0
0
0
0
0
0
0
0
0
0
0
0
0
0
0
0
0
0
0
0
0
0
0
0
0
0
0
0
0
0
0
0
0
0
0
0
0
0
0
0
0
0
0
0
0
0
0
0
0
0
0
0
0
0
0
0
0
0
0
0
0
0
0
0
0
0
0
0
0
0
0
0
0
0
0
0
0
0
0
0
0
0
0
0
0
0
0
0
0
0
0
0
0
0
0
0
0
0
0
0
0
0
0
0
0
0
0
0
0
0
0
0
0
0
0
0
0
0
0
0
0
0
0
0
0
0
0
0
0
0
0
0
0
0
0
0
0
0
0
0
0
0
0
0
0
0
0
0
0
0
0
0
0
0
0
0
0
0
0
0
0
0
0
0
0
0
0
0
0
0
0
0
0
0
0
0
0
0
0
0
0
0
6.76302e-07
5.46423e-07
4.21965e-07
3.6918e-07
3.10939e-07
2.52624e-07
1.72419e-07
1.83599e-07
2.5325e-07
3.47156e-07
2.8786e-07
1.85705e-07
6.54271e-08
2.60217e-09
8.55998e-09
1.95223e-08
4.41211e-08
9.91378e-08
2.17929e-07
3.40048e-07
4.36298e-07
4.25941e-07
4.54024e-07
4.39524e-07
4.41453e-07
4.87928e-07
2.50139e-07
6.16689e-08
1.9197e-08
6.6944e-09
2.016e-09
7.81011e-10
4.97885e-10
5.94693e-10
1.33954e-09
3.19839e-09
9.45012e-09
3.00405e-08
8.55202e-08
1.96609e-07
3.90293e-07
3.38172e-07
1.67051e-07
2.28286e-08
1.62406e-09
1.11383e-10
5.71081e-11
6.12948e-12
1.25724e-12
2.05441e-11
2.18901e-11
1.10865e-10
9.02455e-09
1.67276e-07
2.71982e-07
9.07187e-08
1.64466e-07
2.50457e-07
1.16085e-08
1.5229e-09
4.98122e-10
3.65953e-10
6.55912e-10
5.42694e-09
5.37288e-08
2.27802e-07
2.96003e-07
3.84724e-07
3.98279e-07
3.59852e-07
5.41589e-08
4.93888e-09
4.04939e-10
5.83791e-11
6.53077e-11
6.80985e-10
1.33152e-08
5.71628e-11
7.98004e-13
7.69917e-15
7.21978e-15
1.15411e-14
1.72881e-14
2.47118e-14
1.25132e-13
2.47013e-13
7.1124e-13
5.6293e-12
2.84968e-11
7.34345e-11
6.92032e-11
2.53641e-11
9.18361e-12
1.08863e-11
1.03969e-11
5.0984e-12
2.4439e-12
1.00873e-13
1.99721e-17
3.91993e-21
1.33516e-24
5.73954e-28
2.02919e-31
6.67425e-35
3.49486e-38
3.92952e-41
1.29603e-43
5.7933e-46
1.83286e-48
3.10656e-54
9.10418e-60
6.57396e-64
1.25325e-68
8.90153e-73
1.74909e-76
1.37089e-79
6.86845e-82
1.72787e-83
5.57514e-87
5.36309e-91
6.37834e-95
9.73567e-99
2.32913e-102
1.14022e-105
1.04679e-108
1.16634e-111
1.1261e-114
8.87187e-118
5.91183e-121
3.16013e-124
1.78745e-127
7.89976e-131
3.78901e-134
1.54745e-137
5.82646e-141
2.43395e-144
9.29654e-148
3.25396e-151
1.41396e-154
5.12127e-158
1.59841e-161
2.66852e-165
5.76368e-169
1.33412e-172
7.67996e-179
2.62609e-185
1.88051e-191
3.02896e-197
5.81271e-203
1.07082e-208
1.55744e-214
2.14922e-220
3.19538e-226
5.00257e-232
7.94342e-238
1.38406e-243
2.53549e-249
5.17736e-255
1.18651e-260
3.10232e-266
9.29886e-272
3.19449e-277
1.01964e-282
2.60615e-288
5.45569e-294
9.43117e-300
1.4007e-305
1.69209e-311
1.6663e-317
1.4822e-323
0
0
0
0
0
0
0
0
0
0
0
0
0
0
0
0
0
0
0
0
0
0
0
0
0
0
0
0
0
0
0
0
0
0
0
0
0
0
0
0
0
0
0
0
0
0
0
0
0
0
0
0
0
0
0
0
0
0
0
0
0
0
0
0
0
0
0
0
0
0
0
0
0
0
0
0
0
0
0
0
0
0
0
0
0
0
0
0
0
0
0
0
0
0
0
0
0
0
0
0
0
0
0
0
0
0
0
0
0
0
0
0
0
0
0
0
0
0
0
0
0
0
0
0
0
0
0
0
0
0
0
0
0
0
0
0
0
0
0
0
0
0
0
0
0
0
0
0
0
0
0
0
0
0
0
0
0
0
0
0
0
0
0
0
0
0
0
0
0
0
0
0
0
0
0
0
0
0
0
0
0
0
0
0
0
0
0
0
0
0
0
0
0
0
0
0
0
0
0
0
0
0
0
0
0
0
0
0
0
0
0
0
0
0
0
0
0
0
0
0
0
0
0
0
0
0
0
0
0
0
2.89385e-07
1.95547e-07
1.41656e-07
1.28422e-07
1.34171e-07
8.84199e-08
4.82288e-08
2.79558e-08
2.87764e-08
1.82643e-07
3.41897e-07
1.86787e-07
8.35391e-08
1.78573e-08
7.32627e-09
6.69139e-09
1.27235e-08
8.14306e-08
3.2327e-07
4.06074e-07
4.36057e-07
4.37708e-07
4.20522e-07
3.82369e-07
3.88579e-07
4.42096e-07
4.96007e-07
3.7644e-07
1.05524e-07
2.37999e-08
4.02513e-09
9.86764e-10
4.02248e-10
3.49504e-10
4.23688e-10
9.44307e-10
3.05095e-09
1.17194e-08
3.90099e-08
1.52433e-07
4.23718e-07
2.07912e-07
1.15914e-07
6.38439e-08
3.45681e-09
1.90081e-09
1.68954e-09
1.07235e-09
1.42918e-09
3.43002e-09
2.58645e-09
1.69029e-09
3.98253e-09
7.0353e-08
4.22307e-07
1.46509e-07
1.09795e-07
3.16945e-07
3.73366e-08
2.85864e-09
5.48361e-10
2.30023e-10
2.15667e-10
6.10726e-10
6.40089e-09
5.02238e-08
9.06329e-08
1.49097e-07
2.1385e-07
2.4345e-07
1.35753e-07
2.13094e-08
2.18694e-09
1.26625e-10
4.94894e-11
4.91029e-11
1.62094e-09
1.98643e-08
2.90508e-09
8.73621e-11
1.05074e-11
8.35098e-13
3.28258e-13
7.64568e-13
7.37695e-12
3.75335e-11
7.37107e-11
3.74757e-11
3.88318e-11
3.25076e-11
1.13529e-11
8.73936e-12
9.38735e-12
1.02523e-11
1.16127e-11
1.1714e-11
2.83268e-12
7.68058e-13
5.54213e-16
1.61449e-19
4.60143e-23
1.45438e-26
4.90337e-30
1.73714e-33
7.27533e-37
4.48899e-40
5.57176e-43
1.42087e-45
4.60304e-48
3.42235e-50
1.01558e-54
2.51232e-59
8.29395e-64
1.0516e-67
4.19624e-71
2.0523e-74
4.05609e-77
8.58057e-81
1.35769e-84
2.23746e-88
3.86245e-92
8.15152e-96
1.96859e-99
7.31313e-103
3.69289e-106
2.88031e-109
2.30523e-112
1.6582e-115
1.01139e-118
6.26162e-122
2.9236e-125
1.57972e-128
6.69967e-132
2.75981e-135
1.21694e-138
4.91445e-142
1.81783e-145
7.55021e-149
2.75368e-152
1.09174e-155
3.91089e-159
2.36239e-162
5.20805e-166
7.09435e-170
6.34231e-174
2.8064e-180
1.93943e-186
2.44954e-192
4.17397e-198
5.82808e-204
8.0066e-210
1.0676e-215
1.34469e-221
1.80312e-227
2.39623e-233
3.51431e-239
5.71932e-245
1.02734e-250
1.90071e-256
4.1677e-262
9.87577e-268
2.8035e-273
7.70648e-279
1.84707e-284
3.6133e-290
6.02089e-296
8.63622e-302
1.08272e-307
1.18692e-313
1.09213e-319
0
0
0
0
0
0
0
0
0
0
0
0
0
0
0
0
0
0
0
0
0
0
0
0
0
0
0
0
0
0
0
0
0
0
0
0
0
0
0
0
0
0
0
0
0
0
0
0
0
0
0
0
0
0
0
0
0
0
0
0
0
0
0
0
0
0
0
0
0
0
0
0
0
0
0
0
0
0
0
0
0
0
0
0
0
0
0
0
0
0
0
0
0
0
0
0
0
0
0
0
0
0
0
0
0
0
0
0
0
0
0
0
0
0
0
0
0
0
0
0
0
0
0
0
0
0
0
0
0
0
0
0
0
0
0
0
0
0
0
0
0
0
0
0
0
0
0
0
0
0
0
0
0
0
0
0
0
0
0
0
0
0
0
0
0
0
0
0
0
0
0
0
0
0
0
0
0
0
0
0
0
0
0
0
0
0
0
0
0
0
0
0
0
0
0
0
0
0
0
0
0
0
0
0
0
0
0
0
0
0
0
0
0
0
0
0
0
0
0
0
0
0
0
0
0
0
0
0
0
0
5.35754e-08
5.38154e-08
3.59804e-08
4.10762e-08
3.75308e-08
2.4865e-08
8.28611e-09
3.84435e-09
2.58787e-09
6.04645e-09
2.23939e-08
3.27725e-07
3.11651e-07
1.39707e-07
2.83547e-08
1.52207e-08
7.36933e-08
3.62987e-07
1.6707e-07
3.64111e-07
4.15088e-07
3.9236e-07
4.11048e-07
4.48839e-07
4.66033e-07
4.76881e-07
4.93146e-07
4.8427e-07
3.02714e-07
4.58516e-08
5.14935e-09
8.72632e-10
3.29698e-10
2.17578e-10
2.32216e-10
4.20562e-10
1.17156e-09
4.75394e-09
1.59383e-08
5.67005e-08
3.93766e-07
1.4496e-07
3.10753e-08
2.27292e-08
2.85366e-08
3.51988e-08
4.38059e-08
6.60049e-08
1.56251e-07
3.2142e-07
1.89024e-08
1.11099e-08
1.02674e-08
1.75381e-08
5.03937e-08
3.89636e-07
1.93866e-07
2.11219e-07
2.86432e-07
6.51987e-09
6.54195e-10
2.30266e-10
1.62434e-10
1.73648e-10
6.4375e-10
6.14806e-09
2.53476e-08
2.94101e-08
2.99895e-08
5.34279e-08
6.34415e-08
3.84615e-08
8.03872e-09
8.26817e-10
1.08755e-10
5.11063e-11
3.63451e-11
5.57859e-10
2.8923e-09
2.20577e-09
1.36212e-09
4.93474e-10
1.85073e-10
2.11549e-10
6.4169e-10
2.18196e-10
9.4084e-11
4.15264e-11
1.20308e-11
5.99839e-12
7.19046e-12
1.15889e-11
1.63602e-11
1.81518e-11
1.9428e-11
2.268e-11
8.34723e-12
2.02607e-12
3.30146e-14
3.68045e-18
5.22255e-22
1.44768e-25
5.58272e-29
2.07815e-32
9.07589e-36
3.92021e-39
2.07932e-42
1.72542e-45
2.80324e-48
5.69929e-51
9.88251e-54
6.68744e-57
2.23142e-60
4.26521e-64
9.65342e-68
2.03124e-71
4.78283e-75
1.02786e-78
2.60439e-82
6.97001e-86
1.88572e-89
5.01912e-93
1.63133e-96
5.4634e-100
2.23147e-103
1.10982e-106
5.79495e-110
3.5371e-113
1.83431e-116
1.02384e-119
4.62823e-123
1.88975e-126
8.77736e-130
3.38574e-133
1.32864e-136
4.70089e-140
1.69593e-143
6.63655e-147
2.4242e-150
8.45944e-154
2.6905e-157
1.1708e-160
3.3425e-164
6.79489e-168
1.00054e-171
1.31872e-175
1.14849e-181
1.2568e-187
1.61637e-193
1.98497e-199
2.30317e-205
2.66892e-211
3.0344e-217
3.60079e-223
4.61714e-229
6.06207e-235
8.12704e-241
1.19017e-246
1.81382e-252
3.16256e-258
5.97654e-264
1.31003e-269
3.05744e-275
6.67605e-281
1.22841e-286
1.94813e-292
2.70694e-298
3.33824e-304
3.75255e-310
3.8391e-316
3.55727e-322
0
0
0
0
0
0
0
0
0
0
0
0
0
0
0
0
0
0
0
0
0
0
0
0
0
0
0
0
0
0
0
0
0
0
0
0
0
0
0
0
0
0
0
0
0
0
0
0
0
0
0
0
0
0
0
0
0
0
0
0
0
0
0
0
0
0
0
0
0
0
0
0
0
0
0
0
0
0
0
0
0
0
0
0
0
0
0
0
0
0
0
0
0
0
0
0
0
0
0
0
0
0
0
0
0
0
0
0
0
0
0
0
0
0
0
0
0
0
0
0
0
0
0
0
0
0
0
0
0
0
0
0
0
0
0
0
0
0
0
0
0
0
0
0
0
0
0
0
0
0
0
0
0
0
0
0
0
0
0
0
0
0
0
0
0
0
0
0
0
0
0
0
0
0
0
0
0
0
0
0
0
0
0
0
0
0
0
0
0
0
0
0
0
0
0
0
0
0
0
0
0
0
0
0
0
0
0
0
0
0
0
0
0
0
0
0
0
0
0
0
0
0
0
0
0
0
0
0
0
3.43782e-09
5.79351e-09
5.29982e-09
5.49117e-09
6.49986e-09
4.79937e-09
1.51023e-09
5.99356e-10
2.8385e-10
3.29203e-10
4.89194e-10
2.87519e-09
4.59795e-09
4.70592e-08
3.65216e-07
3.25372e-07
6.6432e-08
1.31688e-08
5.5536e-08
3.87957e-07
3.8153e-07
3.95016e-07
4.02319e-07
7.25882e-08
2.65295e-08
5.42172e-08
1.7888e-07
2.75258e-07
1.27732e-07
1.8369e-08
2.1106e-09
4.79631e-10
2.3628e-10
1.79231e-10
1.78589e-10
1.9004e-10
3.23182e-10
7.7018e-10
2.10825e-09
5.65998e-09
1.89416e-08
2.01131e-07
1.71561e-07
3.46577e-08
2.17069e-08
2.15578e-08
4.51157e-08
1.21711e-07
2.74673e-07
4.08227e-07
4.12188e-07
3.75381e-07
3.3862e-07
1.60791e-07
2.6773e-07
3.21772e-07
2.13584e-07
4.04658e-07
1.66494e-08
1.73087e-09
4.29651e-10
1.74883e-10
1.32789e-10
9.40724e-11
1.38632e-10
5.80133e-10
3.60365e-09
1.08983e-08
9.61006e-09
9.36961e-09
1.24727e-08
1.3191e-08
9.29882e-09
2.71239e-09
5.4845e-10
1.29297e-10
5.47997e-11
1.76703e-11
6.19265e-11
2.35197e-10
4.88551e-10
2.47746e-10
9.52436e-11
8.97472e-11
5.43651e-11
3.49977e-11
1.57288e-11
9.01993e-12
7.2669e-12
9.31131e-12
1.18023e-11
1.70076e-11
1.86065e-11
2.03927e-11
2.19002e-11
2.37316e-11
2.50273e-11
3.90459e-12
9.26773e-13
3.51529e-16
9.19873e-20
1.75411e-23
3.78544e-27
8.56562e-31
2.41575e-34
8.13919e-38
3.44839e-41
1.29352e-44
9.69531e-48
3.84104e-51
4.18171e-54
1.39175e-57
7.97372e-61
1.95355e-64
6.03563e-68
1.60826e-71
4.30387e-75
1.15855e-78
3.52205e-82
1.05713e-85
4.02089e-89
1.44537e-92
5.01814e-96
1.83212e-99
7.38023e-103
3.09699e-106
1.45801e-109
6.97543e-113
3.15323e-116
1.42155e-119
7.04576e-123
2.92522e-126
1.22513e-129
4.59673e-133
1.79196e-136
6.44548e-140
2.70304e-143
9.82894e-147
3.71373e-150
1.28471e-153
4.38095e-157
1.43548e-160
4.54486e-164
1.20619e-167
2.6213e-171
4.97384e-175
6.26216e-181
8.57535e-187
1.28222e-192
1.87938e-198
2.6987e-204
3.75883e-210
5.15993e-216
7.91813e-222
1.10366e-227
1.57409e-233
2.26695e-239
3.47438e-245
5.51559e-251
9.7204e-257
1.85835e-262
4.08499e-268
9.46446e-274
2.07061e-279
3.883e-285
6.50451e-291
9.65969e-297
1.31551e-302
1.63386e-308
1.90547e-314
2.08397e-320
0
0
0
0
0
0
0
0
0
0
0
0
0
0
0
0
0
0
0
0
0
0
0
0
0
0
0
0
0
0
0
0
0
0
0
0
0
0
0
0
0
0
0
0
0
0
0
0
0
0
0
0
0
0
0
0
0
0
0
0
0
0
0
0
0
0
0
0
0
0
0
0
0
0
0
0
0
0
0
0
0
0
0
0
0
0
0
0
0
0
0
0
0
0
0
0
0
0
0
0
0
0
0
0
0
0
0
0
0
0
0
0
0
0
0
0
0
0
0
0
0
0
0
0
0
0
0
0
0
0
0
0
0
0
0
0
0
0
0
0
0
0
0
0
0
0
0
0
0
0
0
0
0
0
0
0
0
0
0
0
0
0
0
0
0
0
0
0
0
0
0
0
0
0
0
0
0
0
0
0
0
0
0
0
0
0
0
0
0
0
0
0
0
0
0
0
0
0
0
0
0
0
0
0
0
0
0
0
0
0
0
0
0
0
0
0
0
0
0
0
0
0
0
0
0
0
0
0
0
1.37391e-10
2.99466e-10
4.41691e-10
5.63555e-10
4.952e-10
3.17388e-10
1.25426e-10
1.04175e-10
6.10806e-11
5.71602e-11
5.01854e-11
9.10567e-11
6.78427e-11
1.5229e-10
4.1064e-10
6.27309e-10
4.48985e-10
2.79805e-09
1.04647e-07
3.74893e-07
4.18028e-07
3.58431e-07
1.66169e-08
2.64644e-09
2.01829e-09
4.51574e-09
1.44378e-08
1.92906e-08
1.29178e-08
2.84161e-09
7.51474e-10
2.92365e-10
1.83754e-10
1.52059e-10
1.40315e-10
1.24851e-10
1.75159e-10
2.23847e-10
5.12464e-10
1.09648e-09
3.05363e-09
2.40444e-08
4.0789e-07
9.48358e-08
3.18373e-08
2.75226e-08
4.81904e-08
1.44238e-07
3.24531e-07
3.77478e-07
3.82851e-07
3.58583e-07
2.38443e-07
2.87294e-07
2.20593e-07
1.86293e-07
4.06782e-07
4.23126e-08
2.4086e-09
4.19213e-10
1.55117e-10
9.4789e-11
7.77975e-11
8.45912e-11
6.81219e-11
8.96129e-11
3.19836e-10
1.01715e-09
2.41987e-09
2.50984e-09
1.99466e-09
2.39509e-09
2.45839e-09
2.04518e-09
1.10396e-09
4.62897e-10
1.48104e-10
6.00762e-11
4.8057e-11
2.66197e-11
9.9159e-12
1.0243e-11
1.11054e-11
1.17552e-11
1.60193e-11
1.66099e-11
1.65306e-11
1.62276e-11
1.15129e-11
1.12607e-11
1.52108e-11
1.74863e-11
1.98043e-11
2.13192e-11
2.22055e-11
2.35722e-11
2.46223e-11
8.84383e-12
2.96668e-12
2.62083e-14
2.9092e-18
4.28952e-22
8.28562e-26
2.16021e-29
5.93225e-33
1.8922e-36
5.84531e-40
1.73698e-43
6.36186e-47
9.51667e-51
4.93151e-54
4.2449e-58
1.43777e-61
1.71628e-65
3.986e-69
7.96054e-73
1.73839e-76
5.7959e-80
2.05859e-83
9.76081e-87
4.2329e-90
2.14168e-93
1.0533e-96
5.12732e-100
2.48673e-103
1.17525e-106
5.42245e-110
2.44781e-113
1.05321e-116
4.54134e-120
2.27764e-123
8.81566e-127
3.69798e-130
1.30686e-133
5.20329e-137
1.75923e-140
6.7347e-144
2.22114e-147
8.12383e-151
2.62728e-154
8.9219e-158
2.72642e-161
8.69645e-165
2.42312e-168
6.34921e-172
1.66591e-175
2.53991e-181
3.88983e-187
6.19047e-193
9.35737e-199
1.42921e-204
2.05692e-210
2.95838e-216
4.19415e-222
5.87381e-228
8.42726e-234
1.22043e-239
1.86734e-245
2.98384e-251
5.22528e-257
1.0022e-262
2.19915e-268
4.93161e-274
1.00671e-279
1.81677e-285
2.94995e-291
4.39207e-297
5.98056e-303
7.62192e-309
9.16966e-315
1.05137e-320
0
0
0
0
0
0
0
0
0
0
0
0
0
0
0
0
0
0
0
0
0
0
0
0
0
0
0
0
0
0
0
0
0
0
0
0
0
0
0
0
0
0
0
0
0
0
0
0
0
0
0
0
0
0
0
0
0
0
0
0
0
0
0
0
0
0
0
0
0
0
0
0
0
0
0
0
0
0
0
0
0
0
0
0
0
0
0
0
0
0
0
0
0
0
0
0
0
0
0
0
0
0
0
0
0
0
0
0
0
0
0
0
0
0
0
0
0
0
0
0
0
0
0
0
0
0
0
0
0
0
0
0
0
0
0
0
0
0
0
0
0
0
0
0
0
0
0
0
0
0
0
0
0
0
0
0
0
0
0
0
0
0
0
0
0
0
0
0
0
0
0
0
0
0
0
0
0
0
0
0
0
0
0
0
0
0
0
0
0
0
0
0
0
0
0
0
0
0
0
0
0
0
0
0
0
0
0
0
0
0
0
0
0
0
0
0
0
0
0
0
0
0
0
0
0
0
0
0
0
1.99309e-11
2.12705e-11
2.92818e-11
3.60633e-11
2.8021e-11
3.65094e-11
2.816e-11
2.79784e-11
2.59814e-11
2.53534e-11
2.34979e-11
2.37732e-11
2.3955e-11
2.50355e-11
3.18676e-11
3.23517e-11
7.59562e-11
4.50705e-10
6.83481e-09
3.75053e-07
3.21566e-07
4.06342e-08
1.86668e-09
3.29795e-10
2.34673e-10
4.00739e-10
9.51862e-10
1.6571e-09
1.57883e-09
8.4376e-10
3.83825e-10
2.28552e-10
1.6268e-10
1.53091e-10
1.19737e-10
1.20136e-10
1.2861e-10
1.2231e-10
1.66904e-10
2.36471e-10
5.29656e-10
2.68963e-09
3.08911e-08
3.8672e-07
1.44475e-07
7.16414e-08
6.52388e-08
1.02145e-07
1.7609e-07
1.82589e-07
1.69686e-07
1.30619e-07
1.09326e-07
1.21052e-07
1.7045e-07
4.26319e-07
4.79313e-08
1.71166e-09
2.09951e-10
8.32011e-11
6.61864e-11
6.54412e-11
6.18855e-11
7.17241e-11
6.45015e-11
5.54766e-11
6.32135e-11
1.14094e-10
2.19611e-10
3.72673e-10
4.59954e-10
2.81717e-10
2.85092e-10
3.18976e-10
3.28804e-10
3.07457e-10
2.22423e-10
1.32157e-10
8.37446e-11
4.24277e-11
2.39567e-11
1.98261e-11
1.83698e-11
1.78686e-11
1.69983e-11
1.62206e-11
1.17232e-11
1.12635e-11
1.00686e-11
1.53187e-11
1.84475e-11
2.072e-11
2.20438e-11
2.25396e-11
2.26275e-11
2.36163e-11
2.44509e-11
1.16995e-11
3.8616e-12
2.40063e-13
4.71007e-17
6.69147e-21
8.07133e-25
1.23116e-28
2.57889e-32
6.89844e-36
2.02892e-39
5.64173e-43
1.65248e-46
2.68666e-50
6.89432e-54
5.17671e-58
1.15189e-61
7.54705e-66
1.56274e-69
1.7066e-73
4.37699e-77
1.1176e-80
4.92994e-84
2.36839e-87
1.33256e-90
7.07418e-94
3.78287e-97
1.9261e-100
9.5788e-104
4.57544e-107
2.12057e-110
9.40609e-114
4.09816e-117
1.74148e-120
7.51082e-124
2.79387e-127
1.15989e-130
4.05923e-134
1.59644e-137
5.40088e-141
2.016e-144
6.67879e-148
2.38302e-151
7.66247e-155
2.63158e-158
8.11159e-162
2.67901e-165
7.99902e-169
2.49322e-172
7.18703e-176
1.28782e-181
2.15514e-187
3.67511e-193
5.795e-199
9.12418e-205
1.35355e-210
1.99529e-216
2.84651e-222
4.10242e-228
5.89562e-234
8.72759e-240
1.34573e-245
2.19244e-251
3.92036e-257
7.71948e-263
1.56444e-268
2.86613e-274
4.78491e-280
7.38102e-286
1.05253e-291
1.42262e-297
1.80517e-303
2.19911e-309
2.59057e-315
2.96439e-321
0
0
0
0
0
0
0
0
0
0
0
0
0
0
0
0
0
0
0
0
0
0
0
0
0
0
0
0
0
0
0
0
0
0
0
0
0
0
0
0
0
0
0
0
0
0
0
0
0
0
0
0
0
0
0
0
0
0
0
0
0
0
0
0
0
0
0
0
0
0
0
0
0
0
0
0
0
0
0
0
0
0
0
0
0
0
0
0
0
0
0
0
0
0
0
0
0
0
0
0
0
0
0
0
0
0
0
0
0
0
0
0
0
0
0
0
0
0
0
0
0
0
0
0
0
0
0
0
0
0
0
0
0
0
0
0
0
0
0
0
0
0
0
0
0
0
0
0
0
0
0
0
0
0
0
0
0
0
0
0
0
0
0
0
0
0
0
0
0
0
0
0
0
0
0
0
0
0
0
0
0
0
0
0
0
0
0
0
0
0
0
0
0
0
0
0
0
0
0
0
0
0
0
0
0
0
0
0
0
0
0
0
0
0
0
0
0
0
0
0
0
0
0
0
0
0
0
0
0
2.19575e-11
2.19156e-11
2.21162e-11
2.24978e-11
2.28305e-11
2.29497e-11
2.32285e-11
2.33032e-11
2.35293e-11
2.35768e-11
2.3997e-11
2.40937e-11
2.4718e-11
2.50209e-11
2.96283e-11
2.96645e-11
3.69496e-11
5.98541e-11
2.0467e-10
1.92606e-09
5.9432e-09
4.9537e-09
6.70322e-10
1.49077e-10
6.95615e-11
7.42782e-11
1.0526e-10
1.61046e-10
2.04645e-10
2.1468e-10
2.07493e-10
1.87274e-10
1.4884e-10
1.25485e-10
1.267e-10
1.13381e-10
1.30361e-10
1.19278e-10
1.42351e-10
1.37137e-10
1.86877e-10
4.00486e-10
1.82351e-09
1.27829e-08
8.59139e-08
4.26353e-07
2.70234e-07
1.86076e-07
1.86061e-07
1.95773e-07
2.14591e-07
2.47256e-07
3.91094e-07
4.1651e-07
4.39881e-07
2.29959e-08
1.18759e-09
1.60062e-10
7.62954e-11
6.94584e-11
6.19692e-11
6.40904e-11
6.02677e-11
6.77353e-11
6.09339e-11
4.62572e-11
3.21087e-11
2.74427e-11
2.86403e-11
4.0602e-11
5.9695e-11
6.47587e-11
6.69949e-11
4.99685e-11
4.87485e-11
5.34802e-11
5.71482e-11
5.55442e-11
5.17411e-11
4.49129e-11
3.99652e-11
2.76896e-11
2.54388e-11
2.45033e-11
2.34949e-11
2.19107e-11
2.11853e-11
1.99051e-11
2.02581e-11
2.29053e-11
2.38655e-11
2.41011e-11
2.41605e-11
2.38451e-11
2.35281e-11
2.39177e-11
2.43335e-11
9.39496e-12
3.20934e-12
1.49931e-13
3.3237e-17
5.27461e-21
7.39434e-25
1.21743e-28
2.55514e-32
6.49604e-36
1.83939e-39
4.93765e-43
1.38728e-46
2.15084e-50
5.49651e-54
4.43769e-58
8.73326e-62
7.541e-66
2.37058e-69
5.22663e-73
4.99088e-76
1.82224e-79
1.21467e-82
5.84853e-86
3.01256e-89
1.37568e-92
5.98307e-96
2.46921e-99
9.82087e-103
3.75996e-106
1.43293e-109
5.29405e-113
1.99688e-116
7.2337e-120
2.63286e-123
9.04022e-127
3.41796e-130
1.08667e-133
4.09142e-137
1.26665e-140
4.6812e-144
1.42738e-147
5.14513e-151
1.54228e-154
5.38553e-158
1.56227e-161
5.32441e-165
1.55781e-168
4.88414e-172
1.41489e-175
2.60994e-181
4.44792e-187
7.86691e-193
1.29637e-198
2.16235e-204
3.38049e-210
5.37731e-216
8.10447e-222
1.26095e-227
1.90976e-233
3.03065e-239
4.8621e-245
8.28088e-251
1.36767e-256
2.01394e-262
2.68669e-268
3.34712e-274
3.96909e-280
4.6457e-286
5.30716e-292
6.0945e-298
6.9533e-304
7.91661e-310
9.06294e-316
1.02766e-321
0
0
0
0
0
0
0
0
0
0
0
0
0
0
0
0
0
0
0
0
0
0
0
0
0
0
0
0
0
0
0
0
0
0
0
0
0
0
0
0
0
0
0
0
0
0
0
0
0
0
0
0
0
0
0
0
0
0
0
0
0
0
0
0
0
0
0
0
0
0
0
0
0
0
0
0
0
0
0
0
0
0
0
0
0
0
0
0
0
0
0
0
0
0
0
0
0
0
0
0
0
0
0
0
0
0
0
0
0
0
0
0
0
0
0
0
0
0
0
0
0
0
0
0
0
0
0
0
0
0
0
0
0
0
0
0
0
0
0
0
0
0
0
0
0
0
0
0
0
0
0
0
0
0
0
0
0
0
0
0
0
0
0
0
0
0
0
0
0
0
0
0
0
0
0
0
0
0
0
0
0
0
0
0
0
0
0
0
0
0
0
0
0
0
0
0
0
0
0
0
0
0
0
0
0
0
0
0
0
0
0
0
0
0
0
0
0
0
0
0
0
0
0
0
0
0
0
0
0
2.39703e-11
2.41567e-11
2.41138e-11
2.43645e-11
2.43743e-11
2.44714e-11
2.46051e-11
2.46046e-11
2.49481e-11
2.50006e-11
2.5456e-11
2.55988e-11
2.59665e-11
2.60356e-11
3.22161e-11
2.92473e-11
4.0063e-11
3.58524e-11
5.32148e-11
6.93417e-11
1.15949e-10
1.06028e-10
8.7239e-11
6.05746e-11
6.4279e-11
6.52065e-11
7.13212e-11
8.39728e-11
8.37696e-11
9.90402e-11
9.86303e-11
1.06857e-10
1.20668e-10
1.07052e-10
1.2095e-10
1.08991e-10
1.26237e-10
1.18386e-10
1.42127e-10
1.35438e-10
1.69177e-10
1.6337e-10
2.85478e-10
3.97588e-10
8.4251e-10
2.32826e-09
5.96486e-09
1.30762e-08
2.01569e-08
1.94784e-08
1.61795e-08
9.70681e-09
4.75874e-09
3.48739e-09
1.50079e-09
4.46424e-10
1.67915e-10
8.56889e-11
7.53033e-11
6.46738e-11
6.66958e-11
6.13215e-11
6.40275e-11
5.61867e-11
5.18545e-11
4.1423e-11
3.31574e-11
2.36773e-11
2.69475e-11
2.36248e-11
2.4289e-11
3.29774e-11
3.63202e-11
3.97424e-11
3.81109e-11
3.02351e-11
2.71015e-11
2.22718e-11
2.31607e-11
2.4811e-11
2.41784e-11
2.36087e-11
2.29834e-11
2.29066e-11
2.27756e-11
2.27966e-11
2.30405e-11
2.26461e-11
2.36991e-11
2.42614e-11
2.44674e-11
2.44965e-11
2.43593e-11
2.42354e-11
2.42104e-11
2.42957e-11
1.16355e-11
3.25254e-12
1.06156e-13
9.12538e-17
4.17072e-20
1.95704e-23
9.76259e-27
5.46071e-30
2.8753e-33
1.47854e-36
7.35436e-40
3.35812e-43
1.61325e-46
5.76393e-50
2.85832e-53
8.89064e-57
4.33718e-60
1.45708e-63
6.34773e-67
2.21386e-70
9.44308e-74
3.4729e-77
1.38353e-80
5.11607e-84
1.95095e-87
7.05979e-91
2.60587e-94
9.33733e-98
3.33617e-101
1.17137e-104
4.05048e-108
1.36768e-111
4.64392e-115
1.53877e-118
4.92453e-122
1.53675e-125
4.97904e-129
1.42965e-132
4.5032e-136
1.25481e-139
3.83493e-143
1.05212e-146
3.1222e-150
8.40988e-154
2.43309e-157
6.38136e-161
1.80092e-164
4.77284e-168
1.26112e-171
3.27916e-175
4.76309e-181
6.59429e-187
9.33084e-193
1.23947e-198
1.64647e-204
2.03046e-210
2.47383e-216
2.8101e-222
3.12295e-228
3.27664e-234
3.3695e-240
3.28799e-246
3.17187e-252
2.93356e-258
2.70916e-264
2.42627e-270
2.21235e-276
1.99345e-282
1.88279e-288
1.78705e-294
1.77168e-300
1.79257e-306
1.84903e-312
1.95284e-318
0
0
0
0
0
0
0
0
0
0
0
0
0
0
0
0
0
0
0
0
0
0
0
0
0
0
0
0
0
0
0
0
0
0
0
0
0
0
0
0
0
0
0
0
0
0
0
0
0
0
0
0
0
0
0
0
0
0
0
0
0
0
0
0
0
0
0
0
0
0
0
0
0
0
0
0
0
0
0
0
0
0
0
0
0
0
0
0
0
0
0
0
0
0
0
0
0
0
0
0
0
0
0
0
0
0
0
0
0
0
0
0
0
0
0
0
0
0
0
0
0
0
0
0
0
0
0
0
0
0
0
0
0
0
0
0
0
0
0
0
0
0
0
0
0
0
0
0
0
0
0
0
0
0
0
0
0
0
0
0
0
0
0
0
0
0
0
0
0
0
0
0
0
0
0
0
0
0
0
0
0
0
0
0
0
0
0
0
0
0
0
0
0
0
0
0
0
0
0
0
0
0
0
0
0
0
0
0
0
0
0
0
0
0
0
0
0
0
0
0
0
0
0
0
0
0
0
0
0
0
)
;

boundaryField
{
    wand
    {
        type            zeroGradient;
    }
    frontAndBack
    {
        type            empty;
    }
}


// ************************************************************************* //
