/*--------------------------------*- C++ -*----------------------------------*\
| =========                 |                                                 |
| \\      /  F ield         | OpenFOAM: The Open Source CFD Toolbox           |
|  \\    /   O peration     | Version:  2.1.1                                 |
|   \\  /    A nd           | Web:      www.OpenFOAM.org                      |
|    \\/     M anipulation  |                                                 |
\*---------------------------------------------------------------------------*/
FoamFile
{
    version     2.0;
    format      ascii;
    class       volScalarField;
    location    "0.001350000";
    object      H2O2;
}
// * * * * * * * * * * * * * * * * * * * * * * * * * * * * * * * * * * * * * //

dimensions      [0 0 0 0 0 0 0];

internalField   nonuniform List<scalar> 
12384
(
3.52687e-08
1.94566e-08
6.47731e-09
8.12295e-10
5.02235e-11
7.16583e-12
1.46438e-12
1.83843e-13
7.69963e-15
1.5661e-16
1.73275e-18
2.72996e-20
2.80047e-22
2.97231e-24
1.53095e-22
2.21998e-20
2.54566e-18
7.24552e-17
3.8548e-16
6.60609e-16
8.73894e-16
6.41928e-16
2.52866e-16
4.97019e-17
2.64468e-18
2.0756e-20
4.23066e-23
6.59822e-26
1.17868e-28
2.61947e-31
4.46804e-34
8.69447e-37
1.43997e-39
2.43521e-42
3.94371e-45
6.18356e-48
8.67682e-51
1.32859e-53
2.13586e-56
3.46945e-59
4.88702e-62
6.91945e-65
9.64863e-68
1.24201e-70
1.50724e-84
2.50858e-85
8.75203e-88
2.60208e-90
5.95369e-93
9.53815e-96
1.14641e-98
1.16747e-101
8.99192e-105
6.84846e-108
5.25384e-111
4.1214e-114
3.25437e-117
2.58572e-120
1.96178e-123
1.8158e-126
1.61751e-129
1.84724e-132
2.07644e-135
2.30286e-138
2.43983e-141
2.63225e-144
2.65141e-147
2.76504e-150
2.6997e-153
2.76496e-156
2.66353e-159
2.71786e-162
2.79774e-165
3.39906e-168
3.7849e-179
8.08223e-182
4.48306e-186
2.85495e-189
9.95156e-193
1.90351e-196
2.36114e-200
1.94079e-204
1.1317e-208
7.39108e-213
5.48818e-216
1.08748e-218
2.15046e-221
4.30421e-224
8.24395e-227
1.53984e-229
2.71023e-232
4.60059e-235
7.5479e-238
1.20486e-240
1.89141e-243
2.8984e-246
4.44665e-249
6.96849e-252
1.08297e-254
1.7185e-257
2.80145e-260
5.15708e-263
1.14086e-265
1.85972e-268
1.66606e-286
1.17996e-285
1.09873e-287
4.2798e-290
1.36993e-292
3.67006e-295
8.46502e-298
1.78276e-300
3.50827e-303
6.58062e-306
1.19446e-308
2.11907e-311
3.58521e-314
5.74456e-317
8.60317e-320
1.28457e-322
0
0
0
0
0
0
0
0
0
0
0
0
0
0
0
0
0
0
0
0
0
0
0
0
0
0
0
0
0
0
0
0
0
0
0
0
0
0
0
0
0
0
0
0
0
0
0
0
0
0
0
0
0
0
0
0
0
0
0
0
0
0
0
0
0
0
0
0
0
0
0
0
0
0
0
0
0
0
0
0
0
0
0
0
0
0
0
0
0
0
0
0
0
0
0
0
0
0
0
0
0
0
0
0
0
0
0
0
0
0
0
0
0
0
0
0
0
0
0
0
0
0
0
0
0
0
0
0
0
0
0
0
0
0
0
0
0
0
0
0
0
0
0
0
0
0
0
0
0
0
0
0
0
0
0
0
0
0
0
0
0
0
0
0
0
0
0
0
0
0
0
0
0
0
0
0
0
0
0
0
0
0
0
0
0
0
0
0
0
0
0
0
0
0
0
0
0
0
0
0
0
0
0
0
0
0
0
0
0
0
0
0
0
0
0
0
0
0
0
0
0
0
0
0
0
0
0
0
0
0
0
0
0
0
0
0
0
0
0
0
0
0
0
0
0
0
0
0
0
0
0
0
0
0
2.30594e-08
2.88256e-08
1.34341e-08
3.31347e-09
5.49667e-10
6.31222e-11
1.23862e-11
3.75284e-12
3.10939e-13
1.05388e-14
2.11326e-16
5.72728e-18
4.03328e-20
2.52436e-22
2.30625e-21
3.01424e-19
3.14124e-17
1.15645e-15
7.33815e-15
1.72748e-14
4.20821e-14
3.461e-14
8.44949e-15
1.28044e-15
9.20453e-17
6.60047e-19
1.16313e-21
3.11109e-25
8.00551e-28
6.76549e-30
4.28455e-33
4.09508e-36
3.24541e-39
4.05434e-42
5.03343e-45
6.52632e-48
8.06372e-51
9.80584e-54
1.30704e-56
1.53935e-59
3.50882e-62
6.57313e-65
9.8097e-68
1.31282e-70
3.67998e-82
3.84966e-83
1.28705e-85
4.34623e-88
1.13541e-90
2.01438e-93
2.78078e-96
3.26265e-99
1.28194e-102
6.50326e-106
3.82545e-109
2.94584e-112
2.45406e-115
2.21028e-118
2.0714e-121
8.25719e-124
9.28632e-127
2.24568e-129
2.46733e-132
2.68707e-135
2.58626e-138
2.54462e-141
2.40479e-144
2.25832e-147
2.09314e-150
1.981e-153
1.82292e-156
1.61577e-159
1.40978e-162
1.20807e-165
1.00944e-173
1.39057e-176
5.04077e-181
6.03467e-184
1.8446e-187
3.48323e-191
4.39702e-195
3.81081e-199
2.27285e-203
9.90865e-208
3.9552e-212
1.73275e-215
3.23982e-218
6.28478e-221
1.15753e-223
2.06435e-226
3.43977e-229
5.59927e-232
8.78229e-235
1.3817e-237
2.13222e-240
3.30457e-243
5.04957e-246
7.80377e-249
1.19856e-251
1.90217e-254
3.05839e-257
5.47483e-260
1.13262e-262
1.56312e-265
6.16175e-283
1.72317e-282
1.76237e-284
7.17593e-287
2.46846e-289
7.07209e-292
1.75725e-294
3.96875e-297
8.42871e-300
1.69609e-302
3.29618e-305
6.12895e-308
1.07092e-310
1.71703e-313
2.52772e-316
3.5425e-319
4.69362e-322
0
0
0
0
0
0
0
0
0
0
0
0
0
0
0
0
0
0
0
0
0
0
0
0
0
0
0
0
0
0
0
0
0
0
0
0
0
0
0
0
0
0
0
0
0
0
0
0
0
0
0
0
0
0
0
0
0
0
0
0
0
0
0
0
0
0
0
0
0
0
0
0
0
0
0
0
0
0
0
0
0
0
0
0
0
0
0
0
0
0
0
0
0
0
0
0
0
0
0
0
0
0
0
0
0
0
0
0
0
0
0
0
0
0
0
0
0
0
0
0
0
0
0
0
0
0
0
0
0
0
0
0
0
0
0
0
0
0
0
0
0
0
0
0
0
0
0
0
0
0
0
0
0
0
0
0
0
0
0
0
0
0
0
0
0
0
0
0
0
0
0
0
0
0
0
0
0
0
0
0
0
0
0
0
0
0
0
0
0
0
0
0
0
0
0
0
0
0
0
0
0
0
0
0
0
0
0
0
0
0
0
0
0
0
0
0
0
0
0
0
0
0
0
0
0
0
0
0
0
0
0
0
0
0
0
0
0
0
0
0
0
0
0
0
0
0
0
0
0
0
0
0
0
2.39207e-09
4.8934e-09
2.23418e-09
6.65683e-10
2.27303e-10
1.33569e-10
1.02547e-10
5.51274e-11
7.8035e-12
1.19585e-13
1.44118e-15
5.12336e-17
7.49574e-19
4.38242e-21
1.53403e-20
2.11047e-17
2.47124e-14
2.61371e-12
2.06242e-11
2.04347e-10
7.9338e-10
7.96549e-10
2.85356e-10
2.26149e-11
2.88162e-12
5.31626e-14
1.62309e-16
6.19872e-21
3.79858e-24
2.02058e-27
3.31661e-31
2.99398e-35
1.41808e-38
1.15219e-41
7.73355e-45
6.58783e-48
5.40124e-51
5.51545e-54
1.18141e-55
2.22361e-58
3.92929e-60
1.80618e-62
2.56544e-65
2.614e-68
1.57452e-80
5.27403e-81
2.29697e-83
7.73787e-86
1.70996e-88
2.37408e-91
2.28537e-94
1.62596e-97
7.87287e-102
4.72739e-105
3.11588e-108
2.18706e-111
1.47867e-114
1.19818e-117
8.63644e-121
1.9263e-123
7.65407e-127
9.50987e-129
7.72078e-132
8.76607e-135
7.37987e-138
7.96131e-141
7.45023e-144
9.56411e-147
1.04254e-149
1.23025e-152
1.53142e-155
1.29513e-158
1.02613e-161
4.85886e-165
1.9108e-173
8.14876e-175
1.1424e-178
2.35118e-181
6.3242e-185
1.19764e-188
1.57861e-192
1.5797e-196
9.61549e-201
4.59107e-205
1.51393e-209
4.19212e-214
7.69209e-218
1.34799e-220
2.45942e-223
4.18987e-226
6.62609e-229
1.00385e-231
1.47145e-234
2.22651e-237
3.3136e-240
5.16085e-243
7.80291e-246
1.22726e-248
1.85235e-251
2.97015e-254
4.79832e-257
8.66077e-260
1.76204e-262
1.64601e-265
3.82718e-282
4.52966e-282
4.0385e-284
1.82059e-286
6.45152e-289
1.91432e-291
5.18636e-294
1.23869e-296
2.73515e-299
5.7469e-302
1.14422e-304
2.19043e-307
3.96031e-310
6.56782e-313
9.47894e-316
1.24398e-318
1.41303e-321
0
0
0
0
0
0
0
0
0
0
0
0
0
0
0
0
0
0
0
0
0
0
0
0
0
0
0
0
0
0
0
0
0
0
0
0
0
0
0
0
0
0
0
0
0
0
0
0
0
0
0
0
0
0
0
0
0
0
0
0
0
0
0
0
0
0
0
0
0
0
0
0
0
0
0
0
0
0
0
0
0
0
0
0
0
0
0
0
0
0
0
0
0
0
0
0
0
0
0
0
0
0
0
0
0
0
0
0
0
0
0
0
0
0
0
0
0
0
0
0
0
0
0
0
0
0
0
0
0
0
0
0
0
0
0
0
0
0
0
0
0
0
0
0
0
0
0
0
0
0
0
0
0
0
0
0
0
0
0
0
0
0
0
0
0
0
0
0
0
0
0
0
0
0
0
0
0
0
0
0
0
0
0
0
0
0
0
0
0
0
0
0
0
0
0
0
0
0
0
0
0
0
0
0
0
0
0
0
0
0
0
0
0
0
0
0
0
0
0
0
0
0
0
0
0
0
0
0
0
0
0
0
0
0
0
0
0
0
0
0
0
0
0
0
0
0
0
0
0
0
0
0
0
3.86558e-08
8.65747e-08
6.72367e-08
1.82436e-08
7.39183e-09
4.43483e-09
3.98045e-09
3.0606e-09
1.33459e-09
1.65776e-10
1.54427e-12
1.30947e-14
2.17677e-17
5.715e-20
2.06324e-17
1.897e-13
5.07677e-11
9.42634e-10
1.70024e-09
2.60391e-09
1.88153e-09
1.18612e-09
1.02283e-09
6.55173e-10
3.32662e-10
1.14896e-10
7.46972e-12
2.4059e-14
1.70871e-17
5.6926e-21
1.02427e-24
3.80466e-29
1.51322e-32
7.89749e-36
4.55245e-39
2.01913e-42
9.97361e-46
3.74771e-49
5.82772e-53
1.91914e-56
6.581e-59
6.91824e-61
7.90126e-64
4.5481e-67
2.12115e-75
1.47154e-75
7.47252e-78
2.65697e-80
5.68584e-83
6.23609e-86
4.70533e-89
2.92239e-92
1.50271e-95
8.10294e-99
4.10942e-102
2.4377e-105
1.42752e-108
9.20708e-112
5.81125e-115
4.64948e-118
3.32061e-121
3.36507e-124
2.48438e-127
2.54023e-130
1.99746e-133
1.83044e-136
1.43448e-139
1.19672e-142
9.42904e-146
6.82669e-149
5.76222e-152
3.39806e-155
1.89736e-158
9.11318e-162
5.20568e-169
1.21326e-170
2.25647e-173
5.2093e-176
1.24466e-179
2.34588e-183
3.08182e-187
3.81912e-191
2.25234e-195
1.02306e-199
3.50052e-204
8.66148e-209
1.67454e-213
8.13629e-218
9.70266e-221
1.67394e-223
2.72765e-226
4.58553e-229
7.22534e-232
1.18909e-234
1.83108e-237
2.95959e-240
4.51795e-243
7.18249e-246
1.09443e-248
1.75373e-251
2.80604e-254
4.87177e-257
9.10637e-260
1.17915e-262
1.77443e-278
3.63174e-279
2.73432e-281
1.13861e-283
3.69389e-286
9.98326e-289
2.38997e-291
5.18418e-294
1.05701e-296
2.04008e-299
3.7717e-302
6.66359e-305
1.12838e-307
1.82944e-310
2.8518e-313
4.19583e-316
5.70241e-319
6.96633e-322
0
0
0
0
0
0
0
0
0
0
0
0
0
0
0
0
0
0
0
0
0
0
0
0
0
0
0
0
0
0
0
0
0
0
0
0
0
0
0
0
0
0
0
0
0
0
0
0
0
0
0
0
0
0
0
0
0
0
0
0
0
0
0
0
0
0
0
0
0
0
0
0
0
0
0
0
0
0
0
0
0
0
0
0
0
0
0
0
0
0
0
0
0
0
0
0
0
0
0
0
0
0
0
0
0
0
0
0
0
0
0
0
0
0
0
0
0
0
0
0
0
0
0
0
0
0
0
0
0
0
0
0
0
0
0
0
0
0
0
0
0
0
0
0
0
0
0
0
0
0
0
0
0
0
0
0
0
0
0
0
0
0
0
0
0
0
0
0
0
0
0
0
0
0
0
0
0
0
0
0
0
0
0
0
0
0
0
0
0
0
0
0
0
0
0
0
0
0
0
0
0
0
0
0
0
0
0
0
0
0
0
0
0
0
0
0
0
0
0
0
0
0
0
0
0
0
0
0
0
0
0
0
0
0
0
0
0
0
0
0
0
0
0
0
0
0
0
0
0
0
0
0
5.32678e-07
5.06187e-07
4.97147e-07
4.30753e-07
2.09989e-07
1.36199e-07
1.2855e-07
1.04522e-07
5.78441e-08
1.67759e-08
1.45971e-09
1.14205e-10
6.21293e-14
1.41249e-17
2.86286e-14
6.08895e-11
2.09461e-09
1.32884e-08
3.51485e-08
6.55844e-08
4.98987e-08
3.78647e-08
1.44831e-08
2.57342e-09
5.86136e-10
2.11939e-10
8.59549e-11
2.00568e-12
4.58858e-14
1.1435e-16
6.03233e-20
2.96406e-23
1.54334e-26
8.95025e-30
4.85984e-33
2.54318e-36
1.07027e-39
2.1037e-43
1.38263e-47
3.41255e-51
6.10764e-55
2.46924e-57
5.89852e-61
1.00675e-64
7.68314e-71
3.17914e-71
1.27355e-73
5.36884e-76
1.90237e-78
3.4076e-81
3.03455e-84
1.93731e-87
1.10129e-90
6.08285e-94
3.35333e-97
2.07303e-100
1.26147e-103
8.47452e-107
5.74862e-110
4.33734e-113
3.3193e-116
3.06481e-119
2.53434e-122
2.36012e-125
1.88002e-128
1.66304e-131
1.3218e-134
1.0671e-137
7.77766e-141
5.65193e-144
3.59394e-147
2.17486e-150
1.10983e-153
5.41927e-157
2.57442e-164
4.68673e-166
8.34279e-169
1.8922e-171
4.99948e-174
1.03282e-177
1.67637e-181
3.37628e-185
1.87058e-189
8.15645e-194
2.89524e-198
7.6568e-203
1.50362e-207
2.33347e-212
4.36907e-217
2.58375e-220
4.0213e-223
6.64816e-226
1.02884e-228
1.65852e-231
2.51526e-234
3.9806e-237
5.94083e-240
9.33688e-243
1.40205e-245
2.20824e-248
3.4267e-251
5.68339e-254
9.98948e-257
1.41416e-259
2.94649e-274
1.42202e-275
8.27842e-278
3.10251e-280
8.98464e-283
2.23617e-285
4.95479e-288
1.01809e-290
1.97745e-293
3.67749e-296
6.58108e-299
1.13349e-301
1.88324e-304
3.02102e-307
4.68626e-310
6.97129e-313
9.7366e-316
1.26482e-318
1.46737e-321
0
0
0
0
0
0
0
0
0
0
0
0
0
0
0
0
0
0
0
0
0
0
0
0
0
0
0
0
0
0
0
0
0
0
0
0
0
0
0
0
0
0
0
0
0
0
0
0
0
0
0
0
0
0
0
0
0
0
0
0
0
0
0
0
0
0
0
0
0
0
0
0
0
0
0
0
0
0
0
0
0
0
0
0
0
0
0
0
0
0
0
0
0
0
0
0
0
0
0
0
0
0
0
0
0
0
0
0
0
0
0
0
0
0
0
0
0
0
0
0
0
0
0
0
0
0
0
0
0
0
0
0
0
0
0
0
0
0
0
0
0
0
0
0
0
0
0
0
0
0
0
0
0
0
0
0
0
0
0
0
0
0
0
0
0
0
0
0
0
0
0
0
0
0
0
0
0
0
0
0
0
0
0
0
0
0
0
0
0
0
0
0
0
0
0
0
0
0
0
0
0
0
0
0
0
0
0
0
0
0
0
0
0
0
0
0
0
0
0
0
0
0
0
0
0
0
0
0
0
0
0
0
0
0
0
0
0
0
0
0
0
0
0
0
0
0
0
0
0
0
0
4.29241e-07
4.26458e-07
4.34689e-07
4.44922e-07
4.56728e-07
4.03077e-07
3.02328e-07
2.7095e-07
2.11084e-07
1.4379e-07
4.06539e-08
1.3597e-08
2.00557e-10
3.861e-14
7.42336e-12
1.98413e-09
3.34461e-08
1.79298e-07
3.05856e-07
2.90758e-07
3.04129e-07
1.57414e-07
4.7941e-08
1.05212e-08
3.97841e-09
1.16438e-09
1.20449e-10
3.51809e-11
7.18843e-13
1.08981e-14
1.14149e-16
1.90098e-19
1.45405e-22
1.0686e-25
7.36468e-29
4.76424e-32
2.72111e-35
1.24246e-38
4.78889e-42
1.40874e-45
2.95222e-49
5.17754e-53
6.147e-57
6.81373e-61
5.29126e-67
1.81181e-68
2.4484e-71
5.37249e-74
1.48878e-76
6.7238e-79
5.48006e-81
1.62343e-83
1.57162e-86
1.16256e-89
7.83467e-93
5.46811e-96
3.79868e-99
2.72008e-102
2.02982e-105
1.56484e-108
1.25386e-111
1.14851e-114
9.49607e-118
9.03239e-121
7.50262e-124
6.5934e-127
4.93391e-130
4.08117e-133
2.93657e-136
2.22183e-139
1.38377e-142
9.07677e-146
4.66311e-149
2.20042e-152
7.01008e-160
8.80229e-162
1.29262e-164
2.67819e-167
6.34862e-170
1.68059e-172
7.74718e-176
1.6315e-179
9.8397e-184
3.97352e-188
1.37333e-192
3.66656e-197
7.76895e-202
1.23955e-206
1.58658e-211
1.92605e-216
4.01776e-220
6.04831e-223
9.12206e-226
1.4075e-228
2.06117e-231
3.14751e-234
4.53196e-237
6.87277e-240
9.90373e-243
1.49665e-245
2.21187e-248
3.49796e-251
5.80418e-254
7.53462e-257
2.8309e-270
4.82669e-272
1.89374e-274
5.94619e-277
1.54124e-279
3.47653e-282
7.20753e-285
1.38861e-287
2.57644e-290
4.55477e-293
7.82599e-296
1.29265e-298
2.0838e-301
3.25243e-304
4.93967e-307
7.187e-310
9.98742e-313
1.30642e-315
1.58068e-318
1.70947e-321
0
0
0
0
0
0
0
0
0
0
0
0
0
0
0
0
0
0
0
0
0
0
0
0
0
0
0
0
0
0
0
0
0
0
0
0
0
0
0
0
0
0
0
0
0
0
0
0
0
0
0
0
0
0
0
0
0
0
0
0
0
0
0
0
0
0
0
0
0
0
0
0
0
0
0
0
0
0
0
0
0
0
0
0
0
0
0
0
0
0
0
0
0
0
0
0
0
0
0
0
0
0
0
0
0
0
0
0
0
0
0
0
0
0
0
0
0
0
0
0
0
0
0
0
0
0
0
0
0
0
0
0
0
0
0
0
0
0
0
0
0
0
0
0
0
0
0
0
0
0
0
0
0
0
0
0
0
0
0
0
0
0
0
0
0
0
0
0
0
0
0
0
0
0
0
0
0
0
0
0
0
0
0
0
0
0
0
0
0
0
0
0
0
0
0
0
0
0
0
0
0
0
0
0
0
0
0
0
0
0
0
0
0
0
0
0
0
0
0
0
0
0
0
0
0
0
0
0
0
0
0
0
0
0
0
0
0
0
0
0
0
0
0
0
0
0
0
0
0
0
4.22474e-07
4.248e-07
3.84332e-07
3.35865e-07
3.05319e-07
3.2225e-07
2.96437e-07
3.04689e-07
3.09358e-07
3.00129e-07
2.18524e-07
1.61112e-07
4.13837e-09
7.4137e-12
2.96213e-10
1.84131e-08
2.37167e-07
2.88948e-07
2.46011e-07
2.60667e-07
2.90959e-07
3.12226e-07
1.74281e-07
2.8036e-08
4.45471e-09
1.30159e-09
4.21036e-10
5.18466e-11
1.33152e-11
2.28121e-13
2.00017e-15
1.61478e-17
9.00985e-20
1.90412e-22
2.2942e-25
2.32339e-28
1.91464e-31
1.33546e-34
7.61155e-38
3.28509e-41
9.67822e-45
1.94368e-48
1.92356e-52
7.62432e-57
6.14156e-64
1.82285e-65
3.89711e-68
4.63447e-71
4.52629e-74
6.00402e-77
1.89973e-79
1.16357e-81
6.66154e-84
2.19459e-86
3.1312e-89
3.18082e-92
2.96572e-95
2.65212e-98
2.30118e-101
2.03583e-104
1.86145e-107
1.81507e-110
1.69763e-113
1.69475e-116
1.5457e-119
1.41923e-122
1.18734e-125
1.00629e-128
7.816e-132
5.89529e-135
4.07313e-138
2.57002e-141
1.35824e-144
6.14863e-148
8.06564e-156
7.1387e-158
8.53718e-161
1.47215e-163
3.50948e-166
9.36006e-169
2.76132e-171
4.64434e-174
2.88191e-178
1.20211e-182
4.24742e-187
1.2309e-191
2.86164e-196
5.064e-201
6.90284e-206
7.66068e-211
7.42676e-216
5.9081e-220
7.85883e-223
1.16895e-225
1.68652e-228
2.47586e-231
3.52765e-234
5.11551e-237
7.3072e-240
1.06927e-242
1.56427e-245
2.37273e-248
3.80265e-251
4.92994e-254
3.69621e-266
2.86045e-268
5.34592e-271
1.31995e-273
2.91844e-276
5.89521e-279
1.10685e-281
1.99322e-284
3.4439e-287
5.77805e-290
9.35083e-293
1.47723e-295
2.27425e-298
3.42594e-301
5.03446e-304
7.19746e-307
9.91366e-310
1.30826e-312
1.6254e-315
1.86152e-318
1.87745e-321
0
0
0
0
0
0
0
0
0
0
0
0
0
0
0
0
0
0
0
0
0
0
0
0
0
0
0
0
0
0
0
0
0
0
0
0
0
0
0
0
0
0
0
0
0
0
0
0
0
0
0
0
0
0
0
0
0
0
0
0
0
0
0
0
0
0
0
0
0
0
0
0
0
0
0
0
0
0
0
0
0
0
0
0
0
0
0
0
0
0
0
0
0
0
0
0
0
0
0
0
0
0
0
0
0
0
0
0
0
0
0
0
0
0
0
0
0
0
0
0
0
0
0
0
0
0
0
0
0
0
0
0
0
0
0
0
0
0
0
0
0
0
0
0
0
0
0
0
0
0
0
0
0
0
0
0
0
0
0
0
0
0
0
0
0
0
0
0
0
0
0
0
0
0
0
0
0
0
0
0
0
0
0
0
0
0
0
0
0
0
0
0
0
0
0
0
0
0
0
0
0
0
0
0
0
0
0
0
0
0
0
0
0
0
0
0
0
0
0
0
0
0
0
0
0
0
0
0
0
0
0
0
0
0
0
0
0
0
0
0
0
0
0
0
0
0
0
0
0
3.85701e-07
3.08383e-07
1.6186e-07
1.18348e-07
1.26132e-07
2.04831e-07
1.83535e-07
2.52684e-07
2.94733e-07
3.028e-07
3.02224e-07
1.59822e-07
4.98474e-09
3.89343e-11
3.36006e-09
7.23343e-08
1.2948e-07
2.10556e-07
2.28913e-07
2.55327e-07
2.85608e-07
3.13099e-07
2.514e-07
4.80627e-08
5.98887e-09
1.35785e-09
4.43164e-10
1.00517e-10
1.58419e-11
4.56182e-12
4.97742e-14
2.56031e-16
1.38737e-18
5.6352e-21
1.91141e-23
5.71106e-26
1.19659e-28
1.86837e-31
2.00748e-34
1.52813e-37
7.48371e-41
2.2383e-44
2.04543e-48
4.52258e-53
3.94247e-61
1.39301e-62
4.46585e-65
1.74166e-67
6.01663e-71
2.41476e-74
2.57373e-77
7.60578e-80
4.15778e-82
1.59946e-84
4.29171e-87
8.70626e-90
1.5941e-92
2.33872e-95
3.09323e-98
3.70283e-101
4.34575e-104
5.01349e-107
5.5458e-110
5.94965e-113
6.02404e-116
5.81882e-119
5.33869e-122
4.72167e-125
4.02155e-128
3.29554e-131
2.51755e-134
1.76928e-137
1.03922e-140
5.38719e-144
8.97933e-153
4.77643e-155
5.83332e-158
1.19254e-160
3.25464e-163
9.92671e-166
3.07578e-168
9.84546e-171
1.99982e-173
8.58064e-178
2.84051e-182
8.77044e-187
2.28463e-191
4.5419e-196
6.84318e-201
8.12441e-206
7.86716e-211
6.64489e-216
2.68842e-220
3.11793e-223
4.39897e-226
6.16684e-229
8.61328e-232
1.18263e-234
1.63277e-237
2.26309e-240
3.23975e-243
4.77373e-246
7.5543e-249
9.56842e-252
2.04043e-262
1.20943e-264
7.25778e-268
1.16574e-270
2.08278e-273
3.65021e-276
6.19997e-279
1.02135e-281
1.64239e-284
2.55329e-287
3.8827e-290
5.77736e-293
8.4824e-296
1.22173e-298
1.73143e-301
2.39447e-304
3.20723e-307
4.13226e-310
5.07756e-313
5.89805e-316
6.30482e-319
5.87938e-322
0
0
0
0
0
0
0
0
0
0
0
0
0
0
0
0
0
0
0
0
0
0
0
0
0
0
0
0
0
0
0
0
0
0
0
0
0
0
0
0
0
0
0
0
0
0
0
0
0
0
0
0
0
0
0
0
0
0
0
0
0
0
0
0
0
0
0
0
0
0
0
0
0
0
0
0
0
0
0
0
0
0
0
0
0
0
0
0
0
0
0
0
0
0
0
0
0
0
0
0
0
0
0
0
0
0
0
0
0
0
0
0
0
0
0
0
0
0
0
0
0
0
0
0
0
0
0
0
0
0
0
0
0
0
0
0
0
0
0
0
0
0
0
0
0
0
0
0
0
0
0
0
0
0
0
0
0
0
0
0
0
0
0
0
0
0
0
0
0
0
0
0
0
0
0
0
0
0
0
0
0
0
0
0
0
0
0
0
0
0
0
0
0
0
0
0
0
0
0
0
0
0
0
0
0
0
0
0
0
0
0
0
0
0
0
0
0
0
0
0
0
0
0
0
0
0
0
0
0
0
0
0
0
0
0
0
0
0
0
0
0
0
0
0
0
0
0
0
8.04973e-08
3.81479e-08
1.57556e-08
1.71103e-08
3.47165e-08
7.6104e-08
1.06176e-07
1.6689e-07
2.15384e-07
2.03957e-07
2.45234e-07
2.83339e-07
1.62871e-07
3.07088e-09
5.50398e-09
8.13499e-09
1.30447e-08
1.6241e-07
9.12688e-08
1.39367e-07
2.5984e-07
3.14449e-07
3.09501e-07
2.91517e-07
1.68696e-07
4.0294e-08
5.87097e-09
1.44991e-09
5.92092e-10
2.21696e-10
5.06694e-11
7.15823e-12
1.85197e-12
1.11325e-14
3.51041e-17
1.09807e-19
3.29087e-22
8.79163e-25
2.18605e-27
5.16784e-30
1.46831e-32
4.1752e-35
7.64519e-38
5.99334e-41
1.75593e-44
3.7886e-50
2.33088e-53
1.58344e-56
7.05959e-59
9.71833e-61
3.04939e-62
1.24483e-64
3.69722e-68
1.23326e-71
7.00057e-75
1.11731e-77
3.59809e-80
1.24833e-82
3.02163e-85
5.55592e-88
9.89945e-91
1.49356e-93
2.17407e-96
3.20406e-99
4.40424e-102
5.98629e-105
7.28893e-108
1.02661e-110
1.22991e-113
1.40562e-116
1.44664e-119
1.49644e-122
1.5266e-125
1.86584e-128
2.10905e-131
2.27617e-134
2.40651e-137
1.93718e-140
1.4049e-143
7.79532e-147
2.30609e-150
1.30042e-153
1.66525e-156
5.13572e-159
1.52634e-161
5.28708e-164
1.8316e-166
6.49592e-169
2.2612e-171
5.01465e-174
1.226e-178
3.19593e-183
9.16655e-188
2.09152e-192
3.59098e-197
4.61369e-202
4.69856e-207
4.00112e-212
3.09337e-217
2.34005e-221
2.55552e-224
3.05945e-227
3.68751e-230
4.56296e-233
5.638e-236
7.30352e-239
9.33954e-242
1.26243e-244
1.69714e-247
2.30962e-250
2.56389e-253
1.63035e-256
2.59805e-259
2.48275e-262
2.46547e-265
2.8817e-268
3.35969e-271
4.28633e-274
5.42741e-277
7.21518e-280
9.49139e-283
1.28558e-285
1.69769e-288
2.3211e-291
3.07034e-294
4.2055e-297
5.51578e-300
7.42759e-303
9.473e-306
1.20851e-308
1.45573e-311
1.71584e-314
1.89661e-317
1.91302e-320
1.4822e-323
0
0
0
0
0
0
0
0
0
0
0
0
0
0
0
0
0
0
0
0
0
0
0
0
0
0
0
0
0
0
0
0
0
0
0
0
0
0
0
0
0
0
0
0
0
0
0
0
0
0
0
0
0
0
0
0
0
0
0
0
0
0
0
0
0
0
0
0
0
0
0
0
0
0
0
0
0
0
0
0
0
0
0
0
0
0
0
0
0
0
0
0
0
0
0
0
0
0
0
0
0
0
0
0
0
0
0
0
0
0
0
0
0
0
0
0
0
0
0
0
0
0
0
0
0
0
0
0
0
0
0
0
0
0
0
0
0
0
0
0
0
0
0
0
0
0
0
0
0
0
0
0
0
0
0
0
0
0
0
0
0
0
0
0
0
0
0
0
0
0
0
0
0
0
0
0
0
0
0
0
0
0
0
0
0
0
0
0
0
0
0
0
0
0
0
0
0
0
0
0
0
0
0
0
0
0
0
0
0
0
0
0
0
0
0
0
0
0
0
0
0
0
0
0
0
0
0
0
0
0
0
0
0
0
0
0
0
0
0
0
0
0
0
0
0
0
0
0
0
0
0
0
0
0
0
0
0
0
0
0
0
0
0
0
0
2.73364e-09
2.66622e-09
1.73136e-09
1.94094e-09
3.82726e-09
1.23203e-08
3.14459e-08
3.58947e-08
3.67686e-08
2.76246e-08
2.49546e-08
5.74095e-08
2.97036e-07
7.35836e-08
1.42617e-07
1.81644e-07
9.50417e-08
7.96702e-08
1.2732e-07
3.02884e-07
1.38005e-07
6.33431e-08
6.88506e-08
6.02393e-08
2.72261e-08
8.03109e-09
2.36605e-09
9.02951e-10
3.28879e-10
2.06043e-10
9.28475e-11
2.12067e-11
4.34671e-12
5.27154e-13
1.25396e-15
2.11167e-18
4.76516e-21
1.27647e-23
3.11386e-26
6.28736e-29
1.42863e-31
3.40864e-34
8.60065e-37
2.60929e-39
7.92525e-42
6.23024e-45
7.20401e-49
1.74527e-52
3.08677e-55
2.52342e-57
1.83959e-59
1.30715e-62
6.30244e-66
3.12007e-69
1.96531e-72
2.06377e-75
4.43638e-78
9.8933e-81
2.12366e-83
3.79861e-86
6.03998e-89
9.23705e-92
1.34857e-94
1.81263e-97
2.36351e-100
3.12361e-103
4.02803e-106
4.61563e-109
5.28395e-112
5.82242e-115
7.2186e-118
7.99075e-121
8.54914e-124
9.03731e-127
9.44718e-130
1.13538e-132
1.29566e-135
1.92252e-138
1.24239e-141
6.24964e-145
2.95806e-148
1.6414e-151
1.65993e-154
2.24244e-157
2.87929e-160
3.57942e-163
4.96051e-166
9.43636e-169
2.5408e-171
8.7571e-174
3.21216e-178
1.20089e-182
4.00255e-187
1.00697e-191
1.71585e-196
2.14119e-201
2.05073e-206
1.59322e-211
1.09036e-216
6.52071e-221
7.32007e-224
9.17032e-227
1.14223e-229
1.45772e-232
1.88071e-235
2.46572e-238
3.28204e-241
4.43095e-244
6.1162e-247
8.48672e-250
1.06305e-252
1.3064e-255
1.50983e-258
1.83804e-261
2.4069e-264
3.22398e-267
4.34697e-270
5.80385e-273
7.65693e-276
9.97829e-279
1.29601e-281
1.67933e-284
2.18301e-287
2.82379e-290
3.63041e-293
4.61232e-296
5.82763e-299
7.26461e-302
8.92578e-305
1.07324e-307
1.25464e-310
1.41408e-313
1.52765e-316
1.5527e-319
1.43279e-322
0
0
0
0
0
0
0
0
0
0
0
0
0
0
0
0
0
0
0
0
0
0
0
0
0
0
0
0
0
0
0
0
0
0
0
0
0
0
0
0
0
0
0
0
0
0
0
0
0
0
0
0
0
0
0
0
0
0
0
0
0
0
0
0
0
0
0
0
0
0
0
0
0
0
0
0
0
0
0
0
0
0
0
0
0
0
0
0
0
0
0
0
0
0
0
0
0
0
0
0
0
0
0
0
0
0
0
0
0
0
0
0
0
0
0
0
0
0
0
0
0
0
0
0
0
0
0
0
0
0
0
0
0
0
0
0
0
0
0
0
0
0
0
0
0
0
0
0
0
0
0
0
0
0
0
0
0
0
0
0
0
0
0
0
0
0
0
0
0
0
0
0
0
0
0
0
0
0
0
0
0
0
0
0
0
0
0
0
0
0
0
0
0
0
0
0
0
0
0
0
0
0
0
0
0
0
0
0
0
0
0
0
0
0
0
0
0
0
0
0
0
0
0
0
0
0
0
0
0
0
0
0
0
0
0
0
0
0
0
0
0
0
0
0
0
0
0
0
0
0
0
0
0
0
0
0
0
0
0
0
0
0
0
0
0
1.17074e-10
1.97356e-10
2.06166e-10
2.93709e-10
4.07703e-10
6.97405e-10
1.91474e-09
4.5104e-09
7.68593e-09
6.12941e-09
5.41644e-09
4.16336e-09
2.81838e-09
9.66297e-09
6.109e-09
5.41482e-09
2.66335e-08
3.0396e-07
9.88672e-08
1.00361e-08
5.97019e-09
8.60605e-09
9.77978e-09
7.83617e-09
3.92754e-09
1.43826e-09
6.69436e-10
3.31531e-10
2.04949e-10
1.1988e-10
8.75852e-11
5.15291e-11
9.66259e-12
1.7257e-12
1.28444e-14
2.41244e-17
4.14098e-20
8.32737e-23
1.58116e-25
2.93851e-28
5.11278e-31
1.03653e-33
2.23674e-36
5.31517e-39
1.1517e-41
3.89305e-44
1.10801e-46
1.8031e-49
1.6443e-52
1.13363e-55
7.93573e-59
4.69306e-62
2.58773e-65
1.42974e-68
9.1668e-72
7.75247e-75
9.37345e-78
1.70237e-80
2.5914e-83
3.99224e-86
5.81076e-89
7.59628e-92
9.85636e-95
1.30796e-97
1.62687e-100
1.94294e-103
2.22606e-106
2.55587e-109
2.74565e-112
3.44245e-115
3.68177e-118
4.07895e-121
4.32378e-124
4.68263e-127
4.9914e-130
5.32335e-133
6.10097e-136
7.99864e-139
6.5015e-142
4.20405e-145
2.66008e-148
1.77761e-151
1.61925e-154
1.62104e-157
1.6645e-160
1.70264e-163
1.77649e-166
2.16766e-169
3.0613e-172
5.59195e-175
1.10295e-179
2.34387e-184
4.89399e-189
9.22431e-194
1.34342e-198
1.55897e-203
1.53901e-208
1.40088e-213
1.1978e-218
5.15825e-223
5.45805e-226
7.21256e-229
9.12442e-232
1.17504e-234
1.47956e-237
1.89009e-240
2.39754e-243
3.09045e-246
4.09737e-249
5.73361e-252
6.797e-255
8.91756e-258
1.12922e-260
1.54893e-263
2.1582e-266
2.95085e-269
3.96011e-272
5.21343e-275
6.77703e-278
8.70323e-281
1.11189e-283
1.41669e-286
1.81347e-289
2.33267e-292
3.02379e-295
3.921e-298
5.06739e-301
6.4597e-304
8.11021e-307
9.9909e-310
1.20294e-312
1.40294e-315
1.57114e-318
1.665e-321
0
0
0
0
0
0
0
0
0
0
0
0
0
0
0
0
0
0
0
0
0
0
0
0
0
0
0
0
0
0
0
0
0
0
0
0
0
0
0
0
0
0
0
0
0
0
0
0
0
0
0
0
0
0
0
0
0
0
0
0
0
0
0
0
0
0
0
0
0
0
0
0
0
0
0
0
0
0
0
0
0
0
0
0
0
0
0
0
0
0
0
0
0
0
0
0
0
0
0
0
0
0
0
0
0
0
0
0
0
0
0
0
0
0
0
0
0
0
0
0
0
0
0
0
0
0
0
0
0
0
0
0
0
0
0
0
0
0
0
0
0
0
0
0
0
0
0
0
0
0
0
0
0
0
0
0
0
0
0
0
0
0
0
0
0
0
0
0
0
0
0
0
0
0
0
0
0
0
0
0
0
0
0
0
0
0
0
0
0
0
0
0
0
0
0
0
0
0
0
0
0
0
0
0
0
0
0
0
0
0
0
0
0
0
0
0
0
0
0
0
0
0
0
0
0
0
0
0
0
0
0
0
0
0
0
0
0
0
0
0
0
0
0
0
0
0
0
0
0
0
0
0
0
0
0
0
0
0
0
0
0
0
0
0
0
0
1.96086e-11
2.25833e-11
2.55865e-11
3.68105e-11
4.91613e-11
6.48711e-11
1.22349e-10
2.40692e-10
4.54169e-10
6.40547e-10
6.67551e-10
6.57533e-10
5.25071e-10
9.77199e-10
9.05412e-10
9.22243e-10
1.85757e-09
4.97071e-09
2.04673e-09
1.3875e-09
1.79411e-09
2.00286e-09
1.92275e-09
1.37306e-09
9.67431e-10
5.26348e-10
2.77848e-10
1.86349e-10
1.11171e-10
6.8154e-11
5.73754e-11
4.46034e-11
1.21641e-11
2.33347e-12
1.48175e-13
1.6429e-16
1.44703e-19
1.96308e-22
3.18276e-25
5.7956e-28
8.93019e-31
1.3873e-33
2.19082e-36
3.91395e-39
6.27566e-42
1.19398e-44
2.10503e-47
3.19808e-50
3.86274e-53
3.44659e-56
3.03767e-59
2.2758e-62
1.52562e-65
1.02277e-68
8.68131e-72
7.88675e-75
8.31378e-78
1.01512e-80
1.28168e-83
1.53129e-86
1.8584e-89
2.32525e-92
2.87193e-95
3.24343e-98
3.65034e-101
3.91754e-104
4.20235e-107
4.33047e-110
5.31018e-113
5.47299e-116
5.56073e-119
5.64001e-122
5.57382e-125
5.52834e-128
5.37411e-131
5.23863e-134
4.91743e-137
4.9231e-140
4.20391e-143
3.36211e-146
2.35675e-149
1.47994e-152
1.2313e-155
1.05322e-158
9.4463e-162
9.07738e-165
8.44448e-168
7.83794e-171
7.5749e-174
3.43266e-177
1.10251e-182
4.34126e-188
4.63221e-193
8.48254e-198
1.30682e-202
1.57739e-207
1.51565e-212
1.27512e-217
1.77679e-222
1.19206e-225
1.55714e-228
2.11756e-231
2.74621e-234
3.64965e-237
4.724e-240
6.23167e-243
8.10988e-246
1.07458e-248
1.42296e-251
1.91873e-254
2.54515e-257
3.46127e-260
4.70511e-263
6.65898e-266
9.28815e-269
1.27017e-271
1.7097e-274
2.27237e-277
2.98929e-280
3.8999e-283
5.05405e-286
6.52054e-289
8.40323e-292
1.08214e-294
1.40174e-297
1.82227e-300
2.38221e-303
3.09808e-306
3.9974e-309
5.06599e-312
6.27184e-315
7.52042e-318
8.69556e-321
9.88131e-324
0
0
0
0
0
0
0
0
0
0
0
0
0
0
0
0
0
0
0
0
0
0
0
0
0
0
0
0
0
0
0
0
0
0
0
0
0
0
0
0
0
0
0
0
0
0
0
0
0
0
0
0
0
0
0
0
0
0
0
0
0
0
0
0
0
0
0
0
0
0
0
0
0
0
0
0
0
0
0
0
0
0
0
0
0
0
0
0
0
0
0
0
0
0
0
0
0
0
0
0
0
0
0
0
0
0
0
0
0
0
0
0
0
0
0
0
0
0
0
0
0
0
0
0
0
0
0
0
0
0
0
0
0
0
0
0
0
0
0
0
0
0
0
0
0
0
0
0
0
0
0
0
0
0
0
0
0
0
0
0
0
0
0
0
0
0
0
0
0
0
0
0
0
0
0
0
0
0
0
0
0
0
0
0
0
0
0
0
0
0
0
0
0
0
0
0
0
0
0
0
0
0
0
0
0
0
0
0
0
0
0
0
0
0
0
0
0
0
0
0
0
0
0
0
0
0
0
0
0
0
0
0
0
0
0
0
0
0
0
0
0
0
0
0
0
0
0
0
0
0
0
0
0
0
0
0
0
0
0
0
0
0
0
0
0
0
1.9016e-11
2.08305e-11
2.31722e-11
2.43846e-11
2.51889e-11
2.56745e-11
2.72735e-11
3.6047e-11
4.34075e-11
5.24317e-11
6.00591e-11
8.84618e-11
8.67346e-11
1.455e-10
2.05163e-10
2.58174e-10
4.13379e-10
5.96467e-10
4.80914e-10
4.52267e-10
5.0155e-10
5.25043e-10
4.79872e-10
4.19298e-10
2.78855e-10
1.87636e-10
1.19625e-10
8.30422e-11
5.86105e-11
4.97489e-11
4.19541e-11
3.75951e-11
8.61827e-12
1.61279e-12
1.46231e-14
1.37641e-17
1.86072e-20
2.64951e-23
3.43841e-26
4.90238e-29
6.09631e-32
8.50281e-35
1.12383e-37
1.63106e-40
2.58431e-43
4.05671e-46
5.76669e-49
7.63695e-52
8.95957e-55
9.3654e-58
8.33447e-61
8.14385e-64
7.6626e-67
6.78422e-70
5.9424e-73
6.00387e-76
5.8985e-79
6.2697e-82
6.01764e-85
6.23984e-88
6.06393e-91
6.21321e-94
6.35687e-97
6.20626e-100
6.20112e-103
5.85308e-106
5.68115e-109
5.71818e-112
5.38692e-115
4.78059e-118
4.39368e-121
3.93011e-124
3.6471e-127
3.31608e-130
3.07753e-133
2.75845e-136
2.43869e-139
2.17399e-142
1.72832e-145
1.33856e-148
9.63596e-152
7.09861e-155
5.32781e-158
4.07781e-161
3.22548e-164
2.47557e-167
1.97671e-170
1.58416e-173
1.20648e-176
7.86974e-182
4.66605e-187
2.93257e-192
2.34528e-197
2.71014e-202
3.27242e-207
3.58091e-212
3.27746e-217
3.41157e-222
1.0325e-225
1.44618e-228
1.97181e-231
2.76228e-234
3.71714e-237
5.06209e-240
6.74751e-243
9.08812e-246
1.21772e-248
1.65221e-251
2.23944e-254
3.06298e-257
4.14322e-260
5.76629e-263
8.14165e-266
1.17067e-268
1.65694e-271
2.2818e-274
3.11372e-277
4.15526e-280
5.51351e-283
7.22521e-286
9.46291e-289
1.2347e-291
1.6173e-294
2.12761e-297
2.83083e-300
3.79246e-303
5.08019e-306
6.76186e-309
8.91994e-312
1.15462e-314
1.45516e-317
1.77962e-320
1.97626e-323
0
0
0
0
0
0
0
0
0
0
0
0
0
0
0
0
0
0
0
0
0
0
0
0
0
0
0
0
0
0
0
0
0
0
0
0
0
0
0
0
0
0
0
0
0
0
0
0
0
0
0
0
0
0
0
0
0
0
0
0
0
0
0
0
0
0
0
0
0
0
0
0
0
0
0
0
0
0
0
0
0
0
0
0
0
0
0
0
0
0
0
0
0
0
0
0
0
0
0
0
0
0
0
0
0
0
0
0
0
0
0
0
0
0
0
0
0
0
0
0
0
0
0
0
0
0
0
0
0
0
0
0
0
0
0
0
0
0
0
0
0
0
0
0
0
0
0
0
0
0
0
0
0
0
0
0
0
0
0
0
0
0
0
0
0
0
0
0
0
0
0
0
0
0
0
0
0
0
0
0
0
0
0
0
0
0
0
0
0
0
0
0
0
0
0
0
0
0
0
0
0
0
0
0
0
0
0
0
0
0
0
0
0
0
0
0
0
0
0
0
0
0
0
0
0
0
0
0
0
0
0
0
0
0
0
0
0
0
0
0
0
0
0
0
0
0
0
0
0
0
0
0
0
0
0
0
0
0
0
0
0
0
0
0
0
0
0
2.20196e-11
2.31611e-11
2.39834e-11
2.40204e-11
2.36915e-11
2.32724e-11
2.26427e-11
2.16245e-11
2.05626e-11
1.99499e-11
2.11325e-11
2.56219e-11
3.81304e-11
5.11656e-11
6.1112e-11
8.55036e-11
1.18832e-10
1.45826e-10
1.31048e-10
1.25671e-10
1.34108e-10
1.25531e-10
1.18598e-10
1.08925e-10
8.82151e-11
6.13468e-11
5.21312e-11
4.39651e-11
3.8753e-11
2.91422e-11
2.80673e-11
2.69036e-11
1.1589e-11
2.02347e-12
9.2229e-14
6.91988e-17
5.23289e-20
5.18568e-23
5.69065e-26
6.09042e-29
5.54691e-32
5.42624e-35
4.43e-38
4.18945e-41
3.4771e-44
3.32985e-47
3.09746e-50
3.0674e-53
3.02312e-56
2.99115e-59
2.90738e-62
2.88947e-65
2.794e-68
2.71973e-71
2.67629e-74
2.53867e-77
2.42937e-80
2.26634e-83
2.09887e-86
1.98529e-89
1.76535e-92
1.65094e-95
1.45644e-98
1.31557e-101
1.15713e-104
1.01505e-107
8.75733e-111
7.61744e-114
6.452e-117
5.26288e-120
4.38496e-123
3.47039e-126
2.82847e-129
2.21035e-132
1.76284e-135
1.36821e-138
1.06721e-141
8.33311e-145
6.29685e-148
4.88125e-151
3.60025e-154
2.73761e-157
2.00389e-160
1.50936e-163
1.11254e-166
8.32069e-170
6.27874e-173
4.683e-176
3.39037e-181
2.41127e-186
1.69194e-191
1.24945e-196
9.62341e-202
8.34002e-207
7.88509e-212
7.47208e-217
7.3726e-222
1.4926e-225
2.0567e-228
3.03525e-231
4.27965e-234
6.1812e-237
8.64405e-240
1.22058e-242
1.68758e-245
2.34268e-248
3.2369e-251
4.50463e-254
6.27999e-257
8.8179e-260
1.23033e-262
1.75124e-265
2.53457e-268
3.67251e-271
5.25157e-274
7.31582e-277
1.0136e-279
1.37264e-282
1.85642e-285
2.47447e-288
3.30083e-291
4.37537e-294
5.81664e-297
7.74051e-300
1.03688e-302
1.39404e-305
1.87862e-308
2.52503e-311
3.37464e-314
4.45098e-317
5.75488e-320
7.41098e-323
0
0
0
0
0
0
0
0
0
0
0
0
0
0
0
0
0
0
0
0
0
0
0
0
0
0
0
0
0
0
0
0
0
0
0
0
0
0
0
0
0
0
0
0
0
0
0
0
0
0
0
0
0
0
0
0
0
0
0
0
0
0
0
0
0
0
0
0
0
0
0
0
0
0
0
0
0
0
0
0
0
0
0
0
0
0
0
0
0
0
0
0
0
0
0
0
0
0
0
0
0
0
0
0
0
0
0
0
0
0
0
0
0
0
0
0
0
0
0
0
0
0
0
0
0
0
0
0
0
0
0
0
0
0
0
0
0
0
0
0
0
0
0
0
0
0
0
0
0
0
0
0
0
0
0
0
0
0
0
0
0
0
0
0
0
0
0
0
0
0
0
0
0
0
0
0
0
0
0
0
0
0
0
0
0
0
0
0
0
0
0
0
0
0
0
0
0
0
0
0
0
0
0
0
0
0
0
0
0
0
0
0
0
0
0
0
0
0
0
0
0
0
0
0
0
0
0
0
0
0
0
0
0
0
0
0
0
0
0
0
0
0
0
0
0
0
0
0
0
0
0
0
0
0
0
0
0
0
0
0
0
0
0
0
0
0
0
0
2.40082e-11
2.4694e-11
2.48118e-11
2.49046e-11
2.51244e-11
2.53191e-11
2.55281e-11
2.57165e-11
2.63581e-11
2.69818e-11
2.82478e-11
2.88306e-11
3.69225e-11
2.78821e-11
2.5865e-11
2.25578e-11
1.93361e-11
1.94886e-11
2.12938e-11
2.30263e-11
2.27521e-11
2.41074e-11
2.52956e-11
2.65962e-11
2.74528e-11
2.79326e-11
2.81499e-11
2.74975e-11
2.66154e-11
2.27149e-11
6.3731e-12
2.86583e-12
1.58785e-12
2.53597e-13
5.54421e-16
8.29701e-19
1.13464e-21
1.45374e-24
1.63203e-27
1.82765e-30
1.71752e-33
1.92716e-36
1.83343e-39
1.81673e-42
1.52128e-45
1.33328e-48
1.10251e-51
9.59015e-55
8.48045e-58
7.43149e-61
6.53071e-64
5.64464e-67
4.92965e-70
4.16223e-73
3.71782e-76
3.16046e-79
2.90949e-82
2.48103e-85
2.26354e-88
1.99653e-91
1.76345e-94
1.5799e-97
1.36454e-100
1.20938e-103
1.0278e-106
8.89932e-110
7.70646e-113
6.48067e-116
5.29514e-119
4.27492e-122
3.45766e-125
2.69142e-128
2.15023e-131
1.63688e-134
1.27974e-137
9.68546e-141
7.35215e-144
5.59709e-147
4.12647e-150
3.14072e-153
2.26006e-156
1.7047e-159
1.21293e-162
9.0379e-166
6.42887e-169
4.7344e-172
3.43239e-175
2.29207e-180
1.64235e-185
1.20128e-190
8.11401e-196
4.81628e-201
2.77733e-206
1.89927e-211
1.55288e-216
1.54282e-221
2.50927e-225
3.74718e-228
5.58716e-231
8.55928e-234
1.25375e-236
1.86957e-239
2.68817e-242
3.91787e-245
5.55507e-248
7.98383e-251
1.13394e-253
1.63252e-256
2.34182e-259
3.38345e-262
4.86809e-265
7.09428e-268
1.04683e-270
1.53301e-273
2.21371e-276
3.12099e-279
4.38128e-282
6.00093e-285
8.216e-288
1.10655e-290
1.49323e-293
1.99966e-296
2.68941e-299
3.61897e-302
4.90511e-305
6.66923e-308
9.10909e-311
1.23973e-313
1.67513e-316
2.22725e-319
2.91499e-322
0
0
0
0
0
0
0
0
0
0
0
0
0
0
0
0
0
0
0
0
0
0
0
0
0
0
0
0
0
0
0
0
0
0
0
0
0
0
0
0
0
0
0
0
0
0
0
0
0
0
0
0
0
0
0
0
0
0
0
0
0
0
0
0
0
0
0
0
0
0
0
0
0
0
0
0
0
0
0
0
0
0
0
0
0
0
0
0
0
0
0
0
0
0
0
0
0
0
0
0
0
0
0
0
0
0
0
0
0
0
0
0
0
0
0
0
0
0
0
0
0
0
0
0
0
0
0
0
0
0
0
0
0
0
0
0
0
0
0
0
0
0
0
0
0
0
0
0
0
0
0
0
0
0
0
0
0
0
0
0
0
0
0
0
0
0
0
0
0
0
0
0
0
0
0
0
0
0
0
0
0
0
0
0
0
0
0
0
0
0
0
0
0
0
0
0
0
0
0
0
0
0
0
0
0
0
0
0
0
0
0
0
0
0
0
0
0
0
0
0
0
0
0
0
0
0
0
0
0
0
0
0
0
0
0
0
0
0
0
0
0
0
0
0
0
0
0
0
0
0
0
0
0
0
0
0
0
0
0
0
0
0
0
0
0
0
0
0
0
2.39293e-11
2.42042e-11
2.44502e-11
2.45953e-11
1.181e-11
7.07678e-12
5.59574e-12
4.58687e-12
4.02117e-12
3.73324e-12
3.84522e-12
4.22819e-12
4.60678e-12
5.19052e-12
6.18011e-12
7.45565e-12
8.82208e-12
1.01983e-11
1.14003e-11
1.13654e-11
9.88019e-12
7.90806e-12
6.1078e-12
4.65173e-12
3.57013e-12
2.70636e-12
2.25725e-12
1.81276e-12
1.40409e-12
9.286e-13
3.21607e-13
8.78163e-14
9.66893e-15
4.36357e-16
8.96598e-19
1.45302e-21
2.02509e-24
2.53774e-27
2.81923e-30
3.1088e-33
3.09538e-36
3.19546e-39
3.3644e-42
3.10721e-45
3.0817e-48
2.85205e-51
2.66472e-54
2.53795e-57
2.41743e-60
2.2879e-63
2.14469e-66
2.00784e-69
1.83244e-72
1.73766e-75
1.58952e-78
1.46453e-81
1.40208e-84
1.23615e-87
1.17834e-90
1.02194e-93
9.48427e-97
8.20823e-100
7.33902e-103
6.37499e-106
5.47427e-109
4.70452e-112
4.07967e-115
3.42431e-118
2.76974e-121
2.26739e-124
1.78786e-127
1.40788e-130
1.10886e-133
8.46494e-137
6.59625e-140
4.93871e-143
3.79395e-146
2.80215e-149
2.12132e-152
1.5534e-155
1.14385e-158
8.45242e-162
6.0533e-165
4.44819e-168
3.17249e-171
2.3262e-174
1.27931e-177
2.926e-183
5.33745e-189
9.14148e-195
1.89423e-200
6.25808e-206
3.23503e-211
2.33215e-216
2.20349e-221
2.37827e-225
3.2639e-228
5.12784e-231
7.60567e-234
1.1662e-236
1.7006e-239
2.53111e-242
3.63276e-245
5.27983e-248
7.50684e-251
1.08043e-253
1.5406e-256
2.2214e-259
3.19954e-262
4.60859e-265
6.65075e-268
9.67625e-271
1.42844e-273
2.06556e-276
2.96539e-279
4.12926e-282
5.76863e-285
7.82074e-288
1.06512e-290
1.42016e-293
1.90237e-296
2.51692e-299
3.34938e-302
4.43817e-305
5.9128e-308
7.85412e-311
1.04297e-313
1.36673e-316
1.76164e-319
2.2233e-322
0
0
0
0
0
0
0
0
0
0
0
0
0
0
0
0
0
0
0
0
0
0
0
0
0
0
0
0
0
0
0
0
0
0
0
0
0
0
0
0
0
0
0
0
0
0
0
0
0
0
0
0
0
0
0
0
0
0
0
0
0
0
0
0
0
0
0
0
0
0
0
0
0
0
0
0
0
0
0
0
0
0
0
0
0
0
0
0
0
0
0
0
0
0
0
0
0
0
0
0
0
0
0
0
0
0
0
0
0
0
0
0
0
0
0
0
0
0
0
0
0
0
0
0
0
0
0
0
0
0
0
0
0
0
0
0
0
0
0
0
0
0
0
0
0
0
0
0
0
0
0
0
0
0
0
0
0
0
0
0
0
0
0
0
0
0
0
0
0
0
0
0
0
0
0
0
0
0
0
0
0
0
0
0
0
0
0
0
0
0
0
0
0
0
0
0
0
0
0
0
0
0
0
0
0
0
0
0
0
0
0
0
0
0
0
0
0
0
0
0
0
0
0
0
0
0
0
0
0
0
0
0
0
0
0
0
0
0
0
0
0
0
0
0
0
0
0
0
0
0
0
0
0
0
0
0
0
0
0
0
0
0
0
0
0
0
0
0
0
0
3.51931e-08
1.8759e-08
6.46768e-09
9.01737e-10
5.00847e-11
9.09742e-12
1.90302e-12
3.60196e-13
2.24031e-14
2.69301e-16
3.12324e-18
5.91976e-20
5.45986e-22
4.52512e-24
2.54697e-22
4.18997e-20
4.98926e-18
1.42442e-16
6.28759e-16
1.00138e-15
9.18265e-16
6.34937e-16
3.09672e-16
7.43654e-17
2.68112e-18
1.35895e-20
3.40017e-23
5.68141e-26
1.22459e-28
2.46715e-31
5.24537e-34
9.71369e-37
1.79435e-39
3.14018e-42
5.28899e-45
8.55301e-48
1.25367e-50
1.99008e-53
3.09985e-56
4.93469e-59
7.37068e-62
1.09473e-64
1.50684e-67
1.98289e-70
3.02337e-84
3.76592e-85
1.4149e-87
4.7268e-90
1.18793e-92
1.99802e-95
2.4714e-98
2.54559e-101
1.96418e-104
1.47895e-107
1.12868e-110
8.63947e-114
6.70191e-117
5.20912e-120
4.17793e-123
3.17576e-126
3.35942e-129
3.13192e-132
3.38729e-135
3.66046e-138
3.91089e-141
4.02787e-144
4.30452e-147
4.33193e-150
4.55875e-153
4.51357e-156
4.67152e-159
4.61793e-162
4.72216e-165
5.1879e-168
4.06894e-179
9.15052e-182
4.63184e-186
2.96607e-189
9.88212e-193
1.8925e-196
2.36971e-200
1.9523e-204
1.1432e-208
7.35766e-213
5.55472e-216
1.07481e-218
2.17509e-221
4.26049e-224
8.30126e-227
1.52919e-229
2.71507e-232
4.60266e-235
7.51648e-238
1.20297e-240
1.89361e-243
2.89139e-246
4.45869e-249
6.92169e-252
1.08786e-254
1.70442e-257
2.82607e-260
5.12289e-263
1.1526e-265
1.86066e-268
1.66627e-286
1.19207e-285
1.11935e-287
4.29789e-290
1.37449e-292
3.67903e-295
8.48774e-298
1.78452e-300
3.515e-303
6.58519e-306
1.19559e-308
2.1204e-311
3.59284e-314
5.74376e-317
8.61848e-320
1.28457e-322
0
0
0
0
0
0
0
0
0
0
0
0
0
0
0
0
0
0
0
0
0
0
0
0
0
0
0
0
0
0
0
0
0
0
0
0
0
0
0
0
0
0
0
0
0
0
0
0
0
0
0
0
0
0
0
0
0
0
0
0
0
0
0
0
0
0
0
0
0
0
0
0
0
0
0
0
0
0
0
0
0
0
0
0
0
0
0
0
0
0
0
0
0
0
0
0
0
0
0
0
0
0
0
0
0
0
0
0
0
0
0
0
0
0
0
0
0
0
0
0
0
0
0
0
0
0
0
0
0
0
0
0
0
0
0
0
0
0
0
0
0
0
0
0
0
0
0
0
0
0
0
0
0
0
0
0
0
0
0
0
0
0
0
0
0
0
0
0
0
0
0
0
0
0
0
0
0
0
0
0
0
0
0
0
0
0
0
0
0
0
0
0
0
0
0
0
0
0
0
0
0
0
0
0
0
0
0
0
0
0
0
0
0
0
0
0
0
0
0
0
0
0
0
0
0
0
0
0
0
0
0
0
0
0
0
0
0
0
0
0
0
0
0
0
0
0
0
0
0
0
0
0
0
0
2.7033e-08
4.10282e-08
1.61203e-08
4.24462e-09
5.35965e-10
6.24217e-11
1.57565e-11
3.98351e-12
7.42129e-13
1.41818e-14
2.91179e-16
1.34318e-17
8.69757e-20
4.76156e-22
4.38999e-21
4.15172e-19
6.16603e-17
2.08649e-15
1.37179e-14
4.81109e-14
9.26955e-14
6.15622e-14
1.73554e-14
2.15046e-15
9.69485e-17
3.95985e-19
1.09587e-21
1.44126e-25
1.3645e-27
3.83551e-30
6.33749e-33
4.00573e-36
4.54249e-39
4.80221e-42
6.35694e-45
8.32917e-48
1.03995e-50
1.28114e-53
1.88573e-56
2.48176e-59
4.82064e-62
1.10273e-64
1.68808e-67
2.24373e-70
6.48639e-82
5.66218e-83
2.15855e-85
8.33331e-88
2.38643e-90
4.32966e-93
6.20157e-96
7.08707e-99
2.91468e-102
1.36239e-105
8.47034e-109
6.19308e-112
5.47636e-115
5.05007e-118
4.97805e-121
5.06747e-124
3.56042e-126
2.72805e-129
3.88858e-132
3.97662e-135
4.03784e-138
3.89875e-141
3.82666e-144
3.58712e-147
3.48948e-150
3.31317e-153
3.14404e-156
2.81306e-159
2.46374e-162
2.09112e-165
1.07348e-173
1.35876e-176
5.47662e-181
6.2867e-184
1.85344e-187
3.46868e-191
4.41408e-195
3.82963e-199
2.2895e-203
9.89404e-208
3.95549e-212
1.72515e-215
3.26375e-218
6.23007e-221
1.1674e-223
2.04669e-226
3.46302e-229
5.55566e-232
8.83385e-235
1.36976e-237
2.14693e-240
3.27867e-243
5.09085e-246
7.70023e-249
1.21116e-251
1.87919e-254
3.09044e-257
5.42671e-260
1.14493e-262
1.55969e-265
6.17402e-283
1.73349e-282
1.74444e-284
7.21213e-287
2.47827e-289
7.10907e-292
1.75782e-294
3.98218e-297
8.4247e-300
1.7016e-302
3.29113e-305
6.14832e-308
1.07012e-310
1.72043e-313
2.52979e-316
3.54497e-319
4.69362e-322
0
0
0
0
0
0
0
0
0
0
0
0
0
0
0
0
0
0
0
0
0
0
0
0
0
0
0
0
0
0
0
0
0
0
0
0
0
0
0
0
0
0
0
0
0
0
0
0
0
0
0
0
0
0
0
0
0
0
0
0
0
0
0
0
0
0
0
0
0
0
0
0
0
0
0
0
0
0
0
0
0
0
0
0
0
0
0
0
0
0
0
0
0
0
0
0
0
0
0
0
0
0
0
0
0
0
0
0
0
0
0
0
0
0
0
0
0
0
0
0
0
0
0
0
0
0
0
0
0
0
0
0
0
0
0
0
0
0
0
0
0
0
0
0
0
0
0
0
0
0
0
0
0
0
0
0
0
0
0
0
0
0
0
0
0
0
0
0
0
0
0
0
0
0
0
0
0
0
0
0
0
0
0
0
0
0
0
0
0
0
0
0
0
0
0
0
0
0
0
0
0
0
0
0
0
0
0
0
0
0
0
0
0
0
0
0
0
0
0
0
0
0
0
0
0
0
0
0
0
0
0
0
0
0
0
0
0
0
0
0
0
0
0
0
0
0
0
0
0
0
0
0
0
2.55956e-09
5.87059e-09
2.05637e-09
5.93324e-10
2.39353e-10
1.63029e-10
1.26483e-10
7.66471e-11
1.88276e-11
1.30148e-13
3.42265e-15
1.06595e-16
1.40869e-18
3.80534e-21
2.677e-20
5.81045e-17
5.52045e-14
4.58492e-12
4.64549e-11
7.05853e-10
1.11312e-09
8.76582e-10
5.37655e-10
3.18506e-11
3.19353e-12
4.45739e-14
1.3413e-16
5.99686e-21
3.96446e-24
1.96607e-27
5.79945e-31
2.90868e-35
2.26195e-38
1.54484e-41
1.21616e-44
9.02595e-48
9.53613e-51
9.73351e-54
3.05957e-55
4.36883e-58
4.06039e-60
3.60279e-62
4.83202e-65
5.06944e-68
3.05198e-80
7.85639e-81
3.55817e-83
1.29488e-85
3.32686e-88
4.90813e-91
4.82714e-94
3.72303e-97
1.76188e-101
1.09072e-104
7.31936e-108
4.94812e-111
3.78502e-114
2.6438e-117
2.29046e-120
1.66762e-123
1.16888e-125
1.60575e-129
1.50243e-131
1.13972e-134
1.25347e-137
1.15288e-140
1.24402e-143
1.45288e-146
1.84484e-149
2.0571e-152
2.66749e-155
2.40786e-158
1.78324e-161
9.13914e-165
2.02784e-173
9.13385e-175
2.41209e-178
2.47834e-181
6.37324e-185
1.19302e-188
1.59518e-192
1.55855e-196
9.95647e-201
4.45333e-205
1.53083e-209
4.10224e-214
7.78123e-218
1.34308e-220
2.4619e-223
4.18874e-226
6.64253e-229
9.96353e-232
1.48968e-234
2.19246e-237
3.37264e-240
5.06038e-243
7.96803e-246
1.20012e-248
1.88982e-251
2.91315e-254
4.86371e-257
8.56653e-260
1.77705e-262
1.62157e-265
3.83161e-282
4.56796e-282
4.09065e-284
1.82129e-286
6.50105e-289
1.9151e-291
5.22258e-294
1.23563e-296
2.7475e-299
5.74023e-302
1.14728e-304
2.18902e-307
3.96824e-310
6.5636e-313
9.49557e-316
1.2433e-318
1.41797e-321
0
0
0
0
0
0
0
0
0
0
0
0
0
0
0
0
0
0
0
0
0
0
0
0
0
0
0
0
0
0
0
0
0
0
0
0
0
0
0
0
0
0
0
0
0
0
0
0
0
0
0
0
0
0
0
0
0
0
0
0
0
0
0
0
0
0
0
0
0
0
0
0
0
0
0
0
0
0
0
0
0
0
0
0
0
0
0
0
0
0
0
0
0
0
0
0
0
0
0
0
0
0
0
0
0
0
0
0
0
0
0
0
0
0
0
0
0
0
0
0
0
0
0
0
0
0
0
0
0
0
0
0
0
0
0
0
0
0
0
0
0
0
0
0
0
0
0
0
0
0
0
0
0
0
0
0
0
0
0
0
0
0
0
0
0
0
0
0
0
0
0
0
0
0
0
0
0
0
0
0
0
0
0
0
0
0
0
0
0
0
0
0
0
0
0
0
0
0
0
0
0
0
0
0
0
0
0
0
0
0
0
0
0
0
0
0
0
0
0
0
0
0
0
0
0
0
0
0
0
0
0
0
0
0
0
0
0
0
0
0
0
0
0
0
0
0
0
0
0
0
0
0
0
4.31883e-08
6.03437e-08
5.32883e-08
2.35312e-08
8.21836e-09
6.39079e-09
6.29009e-09
4.69678e-09
2.12831e-09
3.208e-10
6.3916e-12
4.37222e-14
3.56169e-17
2.43147e-20
2.36985e-17
2.61317e-13
9.5706e-11
1.39709e-09
3.14464e-09
3.1436e-09
2.06423e-09
1.6316e-09
1.05414e-09
6.45642e-10
3.57417e-10
9.32526e-11
6.35073e-12
2.24344e-14
1.52466e-17
6.95458e-21
1.06445e-24
4.50474e-29
2.11116e-32
1.29109e-35
7.00211e-39
3.37449e-42
1.71526e-45
8.22725e-49
1.15149e-52
2.15112e-56
6.79296e-59
1.50757e-60
1.44726e-63
1.05723e-66
3.79427e-75
2.14419e-75
1.20701e-77
5.15187e-80
1.15615e-82
1.36286e-85
1.06016e-88
6.35479e-92
3.4445e-95
1.84958e-98
9.71276e-102
5.63548e-105
3.50967e-108
2.05621e-111
1.49506e-114
9.85579e-118
8.14593e-121
5.23157e-124
4.85379e-127
3.58238e-130
3.37525e-133
2.67897e-136
2.36693e-139
1.90557e-142
1.58452e-145
1.16949e-148
9.09606e-152
6.18294e-155
3.39098e-158
1.72558e-161
6.58098e-169
1.53099e-170
2.52751e-173
5.43726e-176
1.27677e-179
2.34623e-183
3.11438e-187
3.82065e-191
2.28731e-195
1.01937e-199
3.41513e-204
8.58023e-209
1.65444e-213
8.06725e-218
9.86525e-221
1.64026e-223
2.79763e-226
4.4716e-229
7.42597e-232
1.15536e-234
1.88383e-237
2.88227e-240
4.62187e-243
7.02009e-246
1.11309e-248
1.72169e-251
2.83474e-254
4.81536e-257
9.14113e-260
1.18256e-262
1.78465e-278
3.66115e-279
2.71845e-281
1.14658e-283
3.69992e-286
1.00568e-288
2.38863e-291
5.20467e-294
1.05693e-296
2.04491e-299
3.77237e-302
6.67346e-305
1.12878e-307
1.83212e-310
2.84984e-313
4.21002e-316
5.69638e-319
6.96633e-322
0
0
0
0
0
0
0
0
0
0
0
0
0
0
0
0
0
0
0
0
0
0
0
0
0
0
0
0
0
0
0
0
0
0
0
0
0
0
0
0
0
0
0
0
0
0
0
0
0
0
0
0
0
0
0
0
0
0
0
0
0
0
0
0
0
0
0
0
0
0
0
0
0
0
0
0
0
0
0
0
0
0
0
0
0
0
0
0
0
0
0
0
0
0
0
0
0
0
0
0
0
0
0
0
0
0
0
0
0
0
0
0
0
0
0
0
0
0
0
0
0
0
0
0
0
0
0
0
0
0
0
0
0
0
0
0
0
0
0
0
0
0
0
0
0
0
0
0
0
0
0
0
0
0
0
0
0
0
0
0
0
0
0
0
0
0
0
0
0
0
0
0
0
0
0
0
0
0
0
0
0
0
0
0
0
0
0
0
0
0
0
0
0
0
0
0
0
0
0
0
0
0
0
0
0
0
0
0
0
0
0
0
0
0
0
0
0
0
0
0
0
0
0
0
0
0
0
0
0
0
0
0
0
0
0
0
0
0
0
0
0
0
0
0
0
0
0
0
0
0
0
0
5.30554e-07
5.10925e-07
4.93703e-07
4.59311e-07
2.05975e-07
1.61213e-07
1.32219e-07
1.05732e-07
6.06673e-08
1.47274e-08
3.68079e-09
2.18658e-10
9.47322e-14
4.65409e-17
4.32498e-14
9.32107e-11
3.16855e-09
1.72019e-08
3.72364e-08
6.84396e-08
5.87152e-08
3.83491e-08
1.732e-08
3.31293e-09
5.74977e-10
2.31013e-10
7.94237e-11
1.8605e-12
4.57381e-14
1.26732e-16
7.90867e-20
3.79324e-23
2.18829e-26
1.24073e-29
8.11936e-33
4.2149e-36
1.87492e-39
6.44501e-43
3.07788e-47
4.30307e-51
1.41482e-54
4.99962e-57
1.24769e-60
1.94249e-64
1.21195e-70
4.49277e-71
1.92765e-73
9.40291e-76
3.84395e-78
6.90695e-81
6.65735e-84
4.40153e-87
2.47049e-90
1.38334e-93
7.95512e-97
4.79243e-100
3.0069e-103
2.03286e-106
1.43234e-109
9.83757e-113
7.7999e-116
5.59665e-119
4.67536e-122
3.69682e-125
3.03403e-128
2.51412e-131
2.15983e-134
1.69747e-137
1.33314e-140
9.38568e-144
6.61227e-147
3.73919e-150
2.10096e-153
9.92658e-157
3.94356e-164
6.34762e-166
9.64716e-169
2.06929e-171
5.02965e-174
1.05646e-177
1.66452e-181
3.42292e-185
1.9016e-189
8.17211e-194
2.83279e-198
7.45729e-203
1.48486e-207
2.27837e-212
4.43384e-217
2.50477e-220
4.15374e-223
6.47608e-226
1.05596e-228
1.61949e-231
2.58352e-234
3.87333e-237
6.09838e-240
9.11741e-243
1.42938e-245
2.16828e-248
3.46838e-251
5.60735e-254
1.00137e-256
1.41124e-259
2.96401e-274
1.43852e-275
8.39679e-278
3.1062e-280
9.07686e-283
2.24215e-285
4.97725e-288
1.01943e-290
1.98183e-293
3.68229e-296
6.58623e-299
1.13502e-301
1.88391e-304
3.02418e-307
4.69124e-310
6.95618e-313
9.77452e-316
1.26263e-318
1.47232e-321
0
0
0
0
0
0
0
0
0
0
0
0
0
0
0
0
0
0
0
0
0
0
0
0
0
0
0
0
0
0
0
0
0
0
0
0
0
0
0
0
0
0
0
0
0
0
0
0
0
0
0
0
0
0
0
0
0
0
0
0
0
0
0
0
0
0
0
0
0
0
0
0
0
0
0
0
0
0
0
0
0
0
0
0
0
0
0
0
0
0
0
0
0
0
0
0
0
0
0
0
0
0
0
0
0
0
0
0
0
0
0
0
0
0
0
0
0
0
0
0
0
0
0
0
0
0
0
0
0
0
0
0
0
0
0
0
0
0
0
0
0
0
0
0
0
0
0
0
0
0
0
0
0
0
0
0
0
0
0
0
0
0
0
0
0
0
0
0
0
0
0
0
0
0
0
0
0
0
0
0
0
0
0
0
0
0
0
0
0
0
0
0
0
0
0
0
0
0
0
0
0
0
0
0
0
0
0
0
0
0
0
0
0
0
0
0
0
0
0
0
0
0
0
0
0
0
0
0
0
0
0
0
0
0
0
0
0
0
0
0
0
0
0
0
0
0
0
0
0
0
0
4.06983e-07
4.07382e-07
4.32838e-07
4.51185e-07
4.65472e-07
4.01686e-07
2.86003e-07
2.53403e-07
2.08021e-07
1.6728e-07
9.89414e-08
1.90397e-08
3.32799e-10
8.94782e-14
1.02336e-11
2.88228e-09
4.37937e-08
2.65466e-07
3.0931e-07
3.04736e-07
2.87076e-07
1.81641e-07
4.14044e-08
1.12302e-08
3.78936e-09
1.1632e-09
1.19967e-10
3.47212e-11
7.568e-13
1.07104e-14
1.52163e-16
2.5805e-19
2.03123e-22
1.51652e-25
1.15677e-28
8.13638e-32
4.75298e-35
2.36954e-38
9.16012e-42
2.95614e-45
6.27382e-49
9.99563e-53
1.45663e-56
1.35313e-60
7.65163e-67
2.53456e-68
3.33529e-71
9.23817e-74
2.81648e-76
1.43152e-78
1.18716e-80
3.66877e-83
3.62952e-86
2.61155e-89
1.86606e-92
1.27782e-95
9.08365e-99
6.57076e-102
4.94321e-105
3.69125e-108
2.96595e-111
2.22067e-114
1.85486e-117
1.44004e-120
1.24981e-123
9.88205e-127
8.22606e-130
6.35251e-133
5.18337e-136
3.64935e-139
2.55632e-142
1.57779e-145
9.07709e-149
3.82181e-152
1.39011e-159
1.55135e-161
1.77185e-164
2.92491e-167
6.76522e-170
1.67942e-172
7.88922e-176
1.62426e-179
1.01889e-183
4.01346e-188
1.3487e-192
3.59676e-197
7.51172e-202
1.21891e-206
1.56078e-211
1.91041e-216
4.05212e-220
5.98446e-223
9.28983e-226
1.37946e-228
2.11561e-231
3.0628e-234
4.66077e-237
6.70165e-240
1.01174e-242
1.46749e-245
2.2483e-248
3.44389e-251
5.87627e-254
7.47312e-257
2.85636e-270
4.81602e-272
1.90384e-274
6.00253e-277
1.54523e-279
3.50784e-282
7.20343e-285
1.39942e-287
2.57193e-290
4.58063e-293
7.81247e-296
1.29763e-298
2.08192e-301
3.26245e-304
4.93705e-307
7.20056e-310
9.98626e-313
1.30788e-315
1.5817e-318
1.70947e-321
0
0
0
0
0
0
0
0
0
0
0
0
0
0
0
0
0
0
0
0
0
0
0
0
0
0
0
0
0
0
0
0
0
0
0
0
0
0
0
0
0
0
0
0
0
0
0
0
0
0
0
0
0
0
0
0
0
0
0
0
0
0
0
0
0
0
0
0
0
0
0
0
0
0
0
0
0
0
0
0
0
0
0
0
0
0
0
0
0
0
0
0
0
0
0
0
0
0
0
0
0
0
0
0
0
0
0
0
0
0
0
0
0
0
0
0
0
0
0
0
0
0
0
0
0
0
0
0
0
0
0
0
0
0
0
0
0
0
0
0
0
0
0
0
0
0
0
0
0
0
0
0
0
0
0
0
0
0
0
0
0
0
0
0
0
0
0
0
0
0
0
0
0
0
0
0
0
0
0
0
0
0
0
0
0
0
0
0
0
0
0
0
0
0
0
0
0
0
0
0
0
0
0
0
0
0
0
0
0
0
0
0
0
0
0
0
0
0
0
0
0
0
0
0
0
0
0
0
0
0
0
0
0
0
0
0
0
0
0
0
0
0
0
0
0
0
0
0
0
0
4.26861e-07
4.26446e-07
3.8011e-07
3.33757e-07
3.08406e-07
3.19326e-07
2.92887e-07
3.05876e-07
3.03194e-07
2.78599e-07
2.55986e-07
1.61672e-07
7.05878e-09
3.01838e-11
3.13196e-10
1.90113e-08
3.12217e-07
2.92943e-07
2.51948e-07
2.63933e-07
2.93146e-07
3.1014e-07
1.64713e-07
2.7225e-08
4.70763e-09
1.13884e-09
4.34073e-10
5.53551e-11
1.55369e-11
2.93798e-13
2.74781e-15
2.52037e-17
1.5005e-19
3.22627e-22
3.96244e-25
4.11785e-28
3.58473e-31
2.65461e-34
1.55555e-37
6.62993e-41
2.15889e-44
4.04733e-48
3.65568e-52
1.56359e-56
7.78884e-64
2.43555e-65
4.71528e-68
7.38539e-71
8.84057e-74
1.23879e-76
4.36386e-79
2.67412e-81
1.53116e-83
5.13737e-86
7.29968e-89
7.57111e-92
7.03928e-95
6.35227e-98
5.60773e-101
4.8958e-104
4.33576e-107
3.76499e-110
3.33084e-113
2.8418e-116
2.56131e-119
2.22445e-122
1.94375e-125
1.62651e-128
1.35796e-131
1.01286e-134
7.39044e-138
4.70774e-141
2.56322e-144
1.14861e-147
1.69695e-155
1.359e-157
1.40651e-160
1.8564e-163
3.74995e-166
9.71199e-169
2.76614e-171
4.7207e-174
2.93745e-178
1.2436e-182
4.24307e-187
1.20753e-191
2.78499e-196
4.91367e-201
6.78783e-206
7.51173e-211
7.38908e-216
5.8612e-220
7.95742e-223
1.15623e-225
1.70848e-228
2.44819e-231
3.56574e-234
5.06802e-237
7.36316e-240
1.06148e-242
1.57309e-245
2.35914e-248
3.83449e-251
4.90306e-254
3.76505e-266
3.05869e-268
5.42446e-271
1.32359e-273
2.93998e-276
5.90025e-279
1.11281e-281
1.99226e-284
3.45889e-287
5.77497e-290
9.37769e-293
1.4765e-295
2.27791e-298
3.42564e-301
5.0417e-304
7.19628e-307
9.92987e-310
1.30726e-312
1.62723e-315
1.86199e-318
1.87745e-321
0
0
0
0
0
0
0
0
0
0
0
0
0
0
0
0
0
0
0
0
0
0
0
0
0
0
0
0
0
0
0
0
0
0
0
0
0
0
0
0
0
0
0
0
0
0
0
0
0
0
0
0
0
0
0
0
0
0
0
0
0
0
0
0
0
0
0
0
0
0
0
0
0
0
0
0
0
0
0
0
0
0
0
0
0
0
0
0
0
0
0
0
0
0
0
0
0
0
0
0
0
0
0
0
0
0
0
0
0
0
0
0
0
0
0
0
0
0
0
0
0
0
0
0
0
0
0
0
0
0
0
0
0
0
0
0
0
0
0
0
0
0
0
0
0
0
0
0
0
0
0
0
0
0
0
0
0
0
0
0
0
0
0
0
0
0
0
0
0
0
0
0
0
0
0
0
0
0
0
0
0
0
0
0
0
0
0
0
0
0
0
0
0
0
0
0
0
0
0
0
0
0
0
0
0
0
0
0
0
0
0
0
0
0
0
0
0
0
0
0
0
0
0
0
0
0
0
0
0
0
0
0
0
0
0
0
0
0
0
0
0
0
0
0
0
0
0
0
0
3.83592e-07
3.18988e-07
1.64328e-07
1.22899e-07
1.2976e-07
2.10701e-07
2.08911e-07
2.71543e-07
2.95649e-07
3.02399e-07
2.96786e-07
1.53424e-07
4.95826e-09
5.08307e-11
3.40026e-09
7.33384e-08
1.68968e-07
2.12154e-07
2.15283e-07
2.50241e-07
2.85843e-07
3.1824e-07
2.25685e-07
4.46712e-08
5.97862e-09
1.36193e-09
5.58568e-10
2.12815e-10
1.89031e-11
5.53818e-12
8.52383e-14
4.923e-16
2.85674e-18
1.22076e-20
4.13176e-23
1.2329e-25
2.57609e-28
4.03706e-31
4.30713e-34
3.15032e-37
1.62188e-40
4.54575e-44
4.22916e-48
9.55073e-53
5.5749e-61
1.9448e-62
4.38961e-65
2.44756e-67
1.14054e-70
5.21691e-74
5.75511e-77
1.81438e-79
9.59098e-82
3.8614e-84
1.01904e-86
2.0771e-89
3.81514e-92
5.70196e-95
7.47706e-98
8.97909e-101
1.00946e-103
1.05553e-106
1.07632e-109
1.04033e-112
1.00276e-115
9.45962e-119
8.7247e-122
7.9675e-125
6.96844e-128
5.86371e-131
4.62956e-134
3.28991e-137
2.00122e-140
1.02954e-143
1.85412e-152
9.2914e-155
1.12342e-157
1.78637e-160
3.74865e-163
1.04017e-165
3.15564e-168
9.89495e-171
2.04772e-173
8.86722e-178
2.89818e-182
8.73242e-187
2.23898e-191
4.4123e-196
6.68531e-201
7.94905e-206
7.75704e-211
6.58427e-216
2.68089e-220
3.12641e-223
4.39232e-226
6.18996e-229
8.59252e-232
1.18689e-234
1.62593e-237
2.27245e-240
3.2259e-243
4.79976e-246
7.56803e-249
9.5763e-252
2.18247e-262
9.63236e-265
6.7945e-268
1.15547e-270
2.09331e-273
3.66128e-276
6.2028e-279
1.02504e-281
1.64139e-284
2.56172e-287
3.88137e-290
5.78943e-293
8.47822e-296
1.22245e-298
1.73154e-301
2.39593e-304
3.21099e-307
4.13585e-310
5.0805e-313
5.89764e-316
6.30932e-319
5.87938e-322
0
0
0
0
0
0
0
0
0
0
0
0
0
0
0
0
0
0
0
0
0
0
0
0
0
0
0
0
0
0
0
0
0
0
0
0
0
0
0
0
0
0
0
0
0
0
0
0
0
0
0
0
0
0
0
0
0
0
0
0
0
0
0
0
0
0
0
0
0
0
0
0
0
0
0
0
0
0
0
0
0
0
0
0
0
0
0
0
0
0
0
0
0
0
0
0
0
0
0
0
0
0
0
0
0
0
0
0
0
0
0
0
0
0
0
0
0
0
0
0
0
0
0
0
0
0
0
0
0
0
0
0
0
0
0
0
0
0
0
0
0
0
0
0
0
0
0
0
0
0
0
0
0
0
0
0
0
0
0
0
0
0
0
0
0
0
0
0
0
0
0
0
0
0
0
0
0
0
0
0
0
0
0
0
0
0
0
0
0
0
0
0
0
0
0
0
0
0
0
0
0
0
0
0
0
0
0
0
0
0
0
0
0
0
0
0
0
0
0
0
0
0
0
0
0
0
0
0
0
0
0
0
0
0
0
0
0
0
0
0
0
0
0
0
0
0
0
0
7.56765e-08
4.06096e-08
1.64488e-08
1.74335e-08
3.99094e-08
8.45897e-08
1.33864e-07
1.78392e-07
2.19919e-07
2.09867e-07
2.72569e-07
2.78895e-07
1.38294e-07
4.53113e-09
7.60739e-09
9.25358e-09
1.39274e-08
1.62703e-07
1.00751e-07
1.42926e-07
2.5153e-07
3.06766e-07
3.16048e-07
2.87969e-07
1.49323e-07
2.29748e-08
5.14334e-09
1.29463e-09
4.94965e-10
2.14975e-10
5.64182e-11
9.49218e-12
2.74746e-12
2.21935e-14
7.8729e-17
2.57932e-19
7.70662e-22
2.05571e-24
5.00917e-27
1.16016e-29
3.23835e-32
9.14439e-35
1.68582e-37
1.38715e-40
3.86768e-44
9.29708e-50
5.94383e-53
5.46917e-56
5.73446e-59
9.36641e-61
2.12881e-62
1.67256e-64
6.95085e-68
2.557e-71
1.60188e-74
2.6031e-77
8.94574e-80
2.99545e-82
7.42486e-85
1.3628e-87
2.42985e-90
3.67644e-93
5.37076e-96
7.6322e-99
9.95898e-102
1.18902e-104
1.38062e-107
1.81504e-110
2.11609e-113
2.28744e-116
2.49242e-119
2.62905e-122
2.75622e-125
3.4764e-128
4.02322e-131
4.45949e-134
4.79664e-137
3.99167e-140
2.91377e-143
1.654e-146
5.21551e-150
2.87809e-153
3.39477e-156
6.95882e-159
1.77883e-161
5.63568e-164
1.93689e-166
6.62297e-169
2.27527e-171
5.17942e-174
1.23665e-178
3.30141e-183
8.90475e-188
2.08574e-192
3.4918e-197
4.51393e-202
4.63698e-207
3.92448e-212
3.08583e-217
2.34609e-221
2.55686e-224
3.05475e-227
3.71131e-230
4.52296e-233
5.71809e-236
7.171e-239
9.47252e-242
1.23844e-244
1.72319e-247
2.29698e-250
2.40217e-253
1.81084e-256
2.69329e-259
2.44301e-262
2.60268e-265
2.82505e-268
3.45919e-271
4.21323e-274
5.50024e-277
7.15058e-280
9.62089e-283
1.26893e-285
1.72614e-288
2.2833e-291
3.12827e-294
4.12386e-297
5.62013e-300
7.3009e-303
9.61308e-306
1.19588e-308
1.46678e-311
1.7083e-314
1.90047e-317
1.91055e-320
1.4822e-323
0
0
0
0
0
0
0
0
0
0
0
0
0
0
0
0
0
0
0
0
0
0
0
0
0
0
0
0
0
0
0
0
0
0
0
0
0
0
0
0
0
0
0
0
0
0
0
0
0
0
0
0
0
0
0
0
0
0
0
0
0
0
0
0
0
0
0
0
0
0
0
0
0
0
0
0
0
0
0
0
0
0
0
0
0
0
0
0
0
0
0
0
0
0
0
0
0
0
0
0
0
0
0
0
0
0
0
0
0
0
0
0
0
0
0
0
0
0
0
0
0
0
0
0
0
0
0
0
0
0
0
0
0
0
0
0
0
0
0
0
0
0
0
0
0
0
0
0
0
0
0
0
0
0
0
0
0
0
0
0
0
0
0
0
0
0
0
0
0
0
0
0
0
0
0
0
0
0
0
0
0
0
0
0
0
0
0
0
0
0
0
0
0
0
0
0
0
0
0
0
0
0
0
0
0
0
0
0
0
0
0
0
0
0
0
0
0
0
0
0
0
0
0
0
0
0
0
0
0
0
0
0
0
0
0
0
0
0
0
0
0
0
0
0
0
0
0
0
0
0
0
0
0
0
0
0
0
0
0
0
0
0
0
0
0
2.92406e-09
2.64643e-09
1.47985e-09
2.19693e-09
4.74985e-09
1.41604e-08
4.17411e-08
3.21798e-08
2.80955e-08
2.60681e-08
2.49888e-08
5.75202e-08
2.70213e-07
1.58019e-07
1.82679e-07
1.65753e-07
9.30693e-08
8.32454e-08
1.33984e-07
2.78989e-07
2.33964e-07
1.20662e-07
1.14971e-07
9.20305e-08
2.57447e-08
7.0619e-09
1.95327e-09
6.31258e-10
2.99193e-10
1.44653e-10
9.28238e-11
2.87503e-11
4.69919e-12
1.02821e-12
3.50534e-15
6.19065e-18
1.25469e-20
3.09164e-23
7.2787e-26
1.4899e-28
3.56217e-31
8.54682e-34
2.19453e-36
6.51136e-39
1.92903e-41
1.62509e-44
1.84189e-48
2.68187e-52
7.48825e-55
3.63874e-57
1.07338e-59
1.5441e-62
1.12971e-65
6.69206e-69
4.52229e-72
5.11021e-75
1.0823e-77
2.63486e-80
5.20005e-83
9.9672e-86
1.51093e-88
2.33937e-91
3.41433e-94
4.56713e-97
5.95184e-100
7.92935e-103
9.80745e-106
1.18656e-108
1.33699e-111
1.59951e-114
1.81627e-117
1.995e-120
2.14102e-123
2.25534e-126
2.34688e-129
2.84228e-132
3.15999e-135
4.77937e-138
2.91334e-141
1.54444e-144
6.89096e-148
3.94709e-151
3.94132e-154
5.33453e-157
6.79786e-160
8.04872e-163
1.005e-165
1.49656e-168
3.14939e-171
9.47209e-174
3.31629e-178
1.20857e-182
4.02754e-187
1.00261e-191
1.71567e-196
2.12989e-201
2.04742e-206
1.58494e-211
1.08755e-216
6.4612e-221
7.3843e-224
9.1227e-227
1.14889e-229
1.45532e-232
1.88349e-235
2.46698e-238
3.27704e-241
4.43395e-244
6.09109e-247
8.49384e-250
1.07039e-252
1.2982e-255
1.50478e-258
1.83883e-261
2.39643e-264
3.22078e-267
4.33451e-270
5.79839e-273
7.64459e-276
9.98388e-279
1.29488e-281
1.68122e-284
2.17972e-287
2.82489e-290
3.62233e-293
4.61435e-296
5.81738e-299
7.26329e-302
8.912e-305
1.07258e-307
1.25349e-310
1.41384e-313
1.52701e-316
1.5524e-319
1.43279e-322
0
0
0
0
0
0
0
0
0
0
0
0
0
0
0
0
0
0
0
0
0
0
0
0
0
0
0
0
0
0
0
0
0
0
0
0
0
0
0
0
0
0
0
0
0
0
0
0
0
0
0
0
0
0
0
0
0
0
0
0
0
0
0
0
0
0
0
0
0
0
0
0
0
0
0
0
0
0
0
0
0
0
0
0
0
0
0
0
0
0
0
0
0
0
0
0
0
0
0
0
0
0
0
0
0
0
0
0
0
0
0
0
0
0
0
0
0
0
0
0
0
0
0
0
0
0
0
0
0
0
0
0
0
0
0
0
0
0
0
0
0
0
0
0
0
0
0
0
0
0
0
0
0
0
0
0
0
0
0
0
0
0
0
0
0
0
0
0
0
0
0
0
0
0
0
0
0
0
0
0
0
0
0
0
0
0
0
0
0
0
0
0
0
0
0
0
0
0
0
0
0
0
0
0
0
0
0
0
0
0
0
0
0
0
0
0
0
0
0
0
0
0
0
0
0
0
0
0
0
0
0
0
0
0
0
0
0
0
0
0
0
0
0
0
0
0
0
0
0
0
0
0
0
0
0
0
0
0
0
0
0
0
0
0
0
1.2696e-10
1.83528e-10
1.98243e-10
2.97749e-10
5.04152e-10
7.36344e-10
1.76324e-09
4.81248e-09
7.11866e-09
5.84594e-09
5.45526e-09
4.48717e-09
3.99568e-09
9.38271e-09
7.16917e-09
8.51524e-09
5.06664e-08
2.97595e-07
1.31678e-07
1.54068e-08
1.03703e-08
1.10148e-08
1.16566e-08
9.04832e-09
4.38357e-09
1.41371e-09
6.15606e-10
2.91773e-10
1.53598e-10
1.14792e-10
8.60607e-11
5.50375e-11
1.17158e-11
2.21183e-12
5.30432e-14
5.92369e-17
1.04111e-19
2.35922e-22
4.8143e-25
9.42228e-28
1.57918e-30
3.07074e-33
6.06608e-36
1.43012e-38
2.84592e-41
1.03919e-43
3.19566e-46
5.04546e-49
5.25505e-52
3.70632e-55
2.27332e-58
1.47954e-61
7.95736e-65
4.48179e-68
2.9204e-71
2.36757e-74
3.01154e-77
5.15224e-80
7.92377e-83
1.26004e-85
1.74913e-88
2.29379e-91
2.943e-94
3.86951e-97
4.79153e-100
5.65596e-103
6.49495e-106
7.26933e-109
7.9373e-112
9.53179e-115
1.05516e-117
1.1184e-120
1.21169e-123
1.29009e-126
1.3698e-129
1.459e-132
1.64813e-135
2.143e-138
1.71053e-141
1.13534e-144
6.85043e-148
4.72567e-151
4.14419e-154
4.24082e-157
4.30484e-160
4.37295e-163
4.51031e-166
5.18217e-169
6.33356e-172
9.06082e-175
1.51402e-179
2.87671e-184
5.82697e-189
1.06097e-193
1.53755e-198
1.72559e-203
1.6766e-208
1.46423e-213
1.23982e-218
5.07542e-223
5.56624e-226
7.09202e-229
9.25245e-232
1.16537e-234
1.49218e-237
1.88424e-240
2.40367e-243
3.10325e-246
4.12286e-249
5.55961e-252
6.92094e-255
8.79987e-258
1.12719e-260
1.55391e-263
2.15723e-266
2.95491e-269
3.96039e-272
5.21933e-275
6.77431e-278
8.71551e-281
1.1114e-283
1.41851e-286
1.81383e-289
2.33661e-292
3.02403e-295
3.92467e-298
5.06555e-301
6.46487e-304
8.10785e-307
9.99411e-310
1.20256e-312
1.40355e-315
1.57107e-318
1.665e-321
0
0
0
0
0
0
0
0
0
0
0
0
0
0
0
0
0
0
0
0
0
0
0
0
0
0
0
0
0
0
0
0
0
0
0
0
0
0
0
0
0
0
0
0
0
0
0
0
0
0
0
0
0
0
0
0
0
0
0
0
0
0
0
0
0
0
0
0
0
0
0
0
0
0
0
0
0
0
0
0
0
0
0
0
0
0
0
0
0
0
0
0
0
0
0
0
0
0
0
0
0
0
0
0
0
0
0
0
0
0
0
0
0
0
0
0
0
0
0
0
0
0
0
0
0
0
0
0
0
0
0
0
0
0
0
0
0
0
0
0
0
0
0
0
0
0
0
0
0
0
0
0
0
0
0
0
0
0
0
0
0
0
0
0
0
0
0
0
0
0
0
0
0
0
0
0
0
0
0
0
0
0
0
0
0
0
0
0
0
0
0
0
0
0
0
0
0
0
0
0
0
0
0
0
0
0
0
0
0
0
0
0
0
0
0
0
0
0
0
0
0
0
0
0
0
0
0
0
0
0
0
0
0
0
0
0
0
0
0
0
0
0
0
0
0
0
0
0
0
0
0
0
0
0
0
0
0
0
0
0
0
0
0
0
0
0
1.96592e-11
2.2209e-11
2.52865e-11
3.73375e-11
5.32615e-11
8.35395e-11
1.39834e-10
2.62657e-10
3.32774e-10
5.59752e-10
6.02715e-10
5.96443e-10
5.19885e-10
9.60514e-10
9.5046e-10
1.11033e-09
2.27037e-09
5.88967e-09
2.41323e-09
2.09804e-09
2.28982e-09
2.3727e-09
2.22546e-09
1.67394e-09
9.46427e-10
4.95668e-10
2.56429e-10
1.35058e-10
1.03351e-10
6.57133e-11
5.54728e-11
4.70337e-11
1.74948e-11
2.73295e-12
3.43735e-13
5.46724e-16
5.31888e-19
6.34457e-22
9.32098e-25
1.77778e-27
2.77227e-30
4.51945e-33
7.62568e-36
1.34784e-38
2.18676e-41
4.16835e-44
7.41444e-47
1.1246e-49
1.41034e-52
1.26033e-55
1.16459e-58
8.4305e-62
5.78544e-65
3.73878e-68
3.15934e-71
2.79987e-74
2.95673e-77
3.50105e-80
4.29895e-83
5.24412e-86
5.97666e-89
7.81541e-92
9.17287e-95
1.06859e-97
1.17846e-100
1.27949e-103
1.35151e-106
1.39069e-109
1.669e-112
1.71171e-115
1.71842e-118
1.70224e-121
1.67544e-124
1.63239e-127
1.57661e-130
1.51946e-133
1.421e-136
1.39577e-139
1.20079e-142
9.51635e-146
6.69878e-149
4.22317e-152
3.41399e-155
3.01679e-158
2.62093e-161
2.62196e-164
2.37952e-167
2.24229e-170
2.12454e-173
1.66084e-176
9.82724e-182
5.31691e-187
3.00959e-192
2.10829e-197
1.95575e-202
1.91623e-207
1.74872e-212
1.38512e-217
1.87917e-222
1.16243e-225
1.59164e-228
2.07611e-231
2.78676e-234
3.60597e-237
4.77066e-240
6.18774e-243
8.16314e-246
1.07063e-248
1.4285e-251
1.91496e-254
2.55571e-257
3.44092e-260
4.71632e-263
6.65168e-266
9.28452e-269
1.26969e-271
1.70891e-274
2.27112e-277
2.98833e-280
3.89871e-283
5.05275e-286
6.52227e-289
8.39279e-292
1.0826e-294
1.39975e-297
1.82394e-300
2.38009e-303
3.10163e-306
3.99645e-309
5.07181e-312
6.27198e-315
7.52722e-318
8.69556e-321
9.88131e-324
0
0
0
0
0
0
0
0
0
0
0
0
0
0
0
0
0
0
0
0
0
0
0
0
0
0
0
0
0
0
0
0
0
0
0
0
0
0
0
0
0
0
0
0
0
0
0
0
0
0
0
0
0
0
0
0
0
0
0
0
0
0
0
0
0
0
0
0
0
0
0
0
0
0
0
0
0
0
0
0
0
0
0
0
0
0
0
0
0
0
0
0
0
0
0
0
0
0
0
0
0
0
0
0
0
0
0
0
0
0
0
0
0
0
0
0
0
0
0
0
0
0
0
0
0
0
0
0
0
0
0
0
0
0
0
0
0
0
0
0
0
0
0
0
0
0
0
0
0
0
0
0
0
0
0
0
0
0
0
0
0
0
0
0
0
0
0
0
0
0
0
0
0
0
0
0
0
0
0
0
0
0
0
0
0
0
0
0
0
0
0
0
0
0
0
0
0
0
0
0
0
0
0
0
0
0
0
0
0
0
0
0
0
0
0
0
0
0
0
0
0
0
0
0
0
0
0
0
0
0
0
0
0
0
0
0
0
0
0
0
0
0
0
0
0
0
0
0
0
0
0
0
0
0
0
0
0
0
0
0
0
0
0
0
0
0
1.88901e-11
2.09242e-11
2.32575e-11
2.45433e-11
2.57185e-11
2.66592e-11
2.77502e-11
3.79557e-11
4.15897e-11
5.19236e-11
5.98114e-11
6.78998e-11
9.16381e-11
1.47445e-10
2.54161e-10
3.10698e-10
5.13071e-10
6.68072e-10
5.86666e-10
5.58607e-10
5.89359e-10
5.63483e-10
5.25488e-10
4.42354e-10
2.81463e-10
1.85224e-10
1.12886e-10
6.78678e-11
5.66726e-11
5.15328e-11
4.54003e-11
3.65976e-11
1.07101e-11
2.26887e-12
9.16587e-14
7.99579e-17
7.08476e-20
8.50827e-23
1.16925e-25
1.67299e-28
2.30923e-31
3.10694e-34
4.21078e-37
5.52664e-40
9.64378e-43
1.40125e-45
2.04891e-48
2.7384e-51
3.19469e-54
3.35554e-57
2.89953e-60
2.87455e-63
2.63083e-66
2.34245e-69
1.96704e-72
1.90506e-75
1.9291e-78
1.85181e-81
1.89008e-84
1.82146e-87
1.79885e-90
1.85117e-93
1.81552e-96
1.81368e-99
1.72349e-102
1.67243e-105
1.71121e-108
1.4584e-111
1.42292e-114
1.2996e-117
1.14467e-120
1.03371e-123
9.29216e-127
8.65412e-130
7.77562e-133
7.16762e-136
6.18964e-139
5.59174e-142
4.45329e-145
3.31426e-148
2.45321e-151
1.76871e-154
1.32431e-157
1.02485e-160
7.80517e-164
6.12941e-167
4.7472e-170
3.77501e-173
2.99528e-176
2.23939e-181
1.60467e-186
1.09674e-191
8.09369e-197
6.27422e-202
5.24631e-207
4.47894e-212
3.78046e-217
3.59935e-222
1.0584e-225
1.41745e-228
2.00703e-231
2.72286e-234
3.76233e-237
5.02874e-240
6.78762e-243
9.05461e-246
1.22242e-248
1.64846e-251
2.24764e-254
3.05107e-257
4.15766e-260
5.74547e-263
8.14874e-266
1.17164e-268
1.64923e-271
2.29163e-274
3.10124e-277
4.16619e-280
5.50035e-283
7.237e-286
9.44872e-289
1.23597e-291
1.61591e-294
2.12962e-297
2.83107e-300
3.79462e-303
5.07767e-306
6.75819e-309
8.91125e-312
1.15399e-314
1.45421e-317
1.77962e-320
1.97626e-323
0
0
0
0
0
0
0
0
0
0
0
0
0
0
0
0
0
0
0
0
0
0
0
0
0
0
0
0
0
0
0
0
0
0
0
0
0
0
0
0
0
0
0
0
0
0
0
0
0
0
0
0
0
0
0
0
0
0
0
0
0
0
0
0
0
0
0
0
0
0
0
0
0
0
0
0
0
0
0
0
0
0
0
0
0
0
0
0
0
0
0
0
0
0
0
0
0
0
0
0
0
0
0
0
0
0
0
0
0
0
0
0
0
0
0
0
0
0
0
0
0
0
0
0
0
0
0
0
0
0
0
0
0
0
0
0
0
0
0
0
0
0
0
0
0
0
0
0
0
0
0
0
0
0
0
0
0
0
0
0
0
0
0
0
0
0
0
0
0
0
0
0
0
0
0
0
0
0
0
0
0
0
0
0
0
0
0
0
0
0
0
0
0
0
0
0
0
0
0
0
0
0
0
0
0
0
0
0
0
0
0
0
0
0
0
0
0
0
0
0
0
0
0
0
0
0
0
0
0
0
0
0
0
0
0
0
0
0
0
0
0
0
0
0
0
0
0
0
0
0
0
0
0
0
0
0
0
0
0
0
0
0
0
0
0
0
0
2.21265e-11
2.3297e-11
2.39812e-11
2.40231e-11
2.36428e-11
2.32593e-11
2.26426e-11
2.16896e-11
2.03215e-11
1.90868e-11
2.18916e-11
2.65914e-11
3.9069e-11
5.36967e-11
8.57639e-11
1.10984e-10
1.28339e-10
1.54247e-10
1.50048e-10
1.39276e-10
1.36125e-10
1.39018e-10
1.32381e-10
1.23009e-10
9.93838e-11
6.40551e-11
5.33618e-11
4.44758e-11
3.98065e-11
3.62723e-11
2.8184e-11
2.65598e-11
1.3152e-11
2.48482e-12
1.64797e-13
1.48262e-16
1.14493e-19
1.01796e-22
1.07753e-25
1.10487e-28
1.13646e-31
9.92564e-35
9.15273e-38
7.50674e-41
6.91193e-44
6.00692e-47
5.71183e-50
5.44105e-53
5.33147e-56
5.14638e-59
4.99401e-62
4.74096e-65
4.5623e-68
4.35865e-71
4.10897e-74
3.92612e-77
3.60265e-80
3.34137e-83
3.0851e-86
2.76133e-89
2.56978e-92
2.26494e-95
2.07319e-98
1.82922e-101
1.62487e-104
1.41964e-107
1.22925e-110
1.07856e-113
9.01515e-117
7.59908e-120
6.13544e-123
5.07942e-126
4.0279e-129
3.26512e-132
2.56894e-135
2.04746e-138
1.60669e-141
1.25258e-144
9.87196e-148
7.47256e-151
5.787e-154
4.29983e-157
3.28506e-160
2.44226e-163
1.84964e-166
1.39173e-169
1.05181e-172
8.08747e-176
6.24989e-181
4.9411e-186
3.86583e-191
2.99499e-196
2.22302e-201
1.52813e-206
1.13035e-211
8.91764e-217
8.14194e-222
1.46329e-225
2.10246e-228
2.98116e-231
4.35087e-234
6.10775e-237
8.72935e-240
1.21406e-242
1.69573e-245
2.33735e-248
3.24158e-251
4.50127e-254
6.2996e-257
8.79716e-260
1.2334e-262
1.75154e-265
2.53585e-268
3.68297e-271
5.23346e-274
7.36304e-277
1.00895e-279
1.37934e-282
1.85083e-285
2.48251e-288
3.29498e-291
4.3825e-294
5.81343e-297
7.74852e-300
1.03658e-302
1.39486e-305
1.87886e-308
2.52713e-311
3.37611e-314
4.45365e-317
5.75586e-320
7.41098e-323
0
0
0
0
0
0
0
0
0
0
0
0
0
0
0
0
0
0
0
0
0
0
0
0
0
0
0
0
0
0
0
0
0
0
0
0
0
0
0
0
0
0
0
0
0
0
0
0
0
0
0
0
0
0
0
0
0
0
0
0
0
0
0
0
0
0
0
0
0
0
0
0
0
0
0
0
0
0
0
0
0
0
0
0
0
0
0
0
0
0
0
0
0
0
0
0
0
0
0
0
0
0
0
0
0
0
0
0
0
0
0
0
0
0
0
0
0
0
0
0
0
0
0
0
0
0
0
0
0
0
0
0
0
0
0
0
0
0
0
0
0
0
0
0
0
0
0
0
0
0
0
0
0
0
0
0
0
0
0
0
0
0
0
0
0
0
0
0
0
0
0
0
0
0
0
0
0
0
0
0
0
0
0
0
0
0
0
0
0
0
0
0
0
0
0
0
0
0
0
0
0
0
0
0
0
0
0
0
0
0
0
0
0
0
0
0
0
0
0
0
0
0
0
0
0
0
0
0
0
0
0
0
0
0
0
0
0
0
0
0
0
0
0
0
0
0
0
0
0
0
0
0
0
0
0
0
0
0
0
0
0
0
0
0
0
0
0
0
2.39734e-11
2.47053e-11
2.48052e-11
2.48374e-11
2.50185e-11
2.52101e-11
2.55471e-11
2.58605e-11
2.63452e-11
2.74112e-11
2.82261e-11
2.85792e-11
3.86602e-11
2.82645e-11
2.46406e-11
2.1047e-11
1.75706e-11
1.86357e-11
2.07069e-11
2.14962e-11
2.37646e-11
2.4222e-11
2.52333e-11
2.66378e-11
2.79896e-11
2.89225e-11
2.84014e-11
2.75248e-11
2.67943e-11
2.5977e-11
6.91837e-12
3.11731e-12
1.76817e-12
3.40084e-13
1.16714e-15
1.66855e-18
2.19996e-21
2.62113e-24
2.95018e-27
2.87596e-30
3.11234e-33
2.85481e-36
2.72113e-39
2.01369e-42
1.58865e-45
1.16517e-48
9.60544e-52
7.94649e-55
6.73509e-58
5.85066e-61
5.15642e-64
4.65442e-67
4.14568e-70
3.84385e-73
3.44328e-76
3.29059e-79
2.90896e-82
2.75712e-85
2.43688e-88
2.21525e-91
1.99722e-94
1.75481e-97
1.57495e-100
1.35568e-103
1.19335e-106
1.01145e-109
8.69485e-113
7.49352e-116
6.21605e-119
5.08356e-122
4.05045e-125
3.27549e-128
2.53406e-131
2.01454e-134
1.53836e-137
1.19243e-140
9.11177e-144
6.86129e-147
5.26079e-150
3.85497e-153
2.93873e-156
2.11235e-159
1.59207e-162
1.14028e-165
8.50019e-169
6.14724e-172
4.54449e-175
3.16312e-180
2.37747e-185
1.87166e-190
1.34541e-195
8.36563e-201
4.80785e-206
2.84129e-211
1.9889e-216
1.71484e-221
2.57541e-225
3.67098e-228
5.69505e-231
8.42304e-234
1.27214e-236
1.84575e-239
2.71981e-242
3.87943e-245
5.60461e-248
7.93484e-251
1.13941e-253
1.62671e-256
2.35052e-259
3.38006e-262
4.87306e-265
7.10281e-268
1.04649e-270
1.53664e-273
2.20785e-276
3.1416e-279
4.35839e-282
6.03504e-285
8.18603e-288
1.11086e-290
1.48998e-293
2.00411e-296
2.68683e-299
3.62425e-302
4.90288e-305
6.67776e-308
9.10938e-311
1.24111e-313
1.67533e-316
2.22873e-319
2.91499e-322
0
0
0
0
0
0
0
0
0
0
0
0
0
0
0
0
0
0
0
0
0
0
0
0
0
0
0
0
0
0
0
0
0
0
0
0
0
0
0
0
0
0
0
0
0
0
0
0
0
0
0
0
0
0
0
0
0
0
0
0
0
0
0
0
0
0
0
0
0
0
0
0
0
0
0
0
0
0
0
0
0
0
0
0
0
0
0
0
0
0
0
0
0
0
0
0
0
0
0
0
0
0
0
0
0
0
0
0
0
0
0
0
0
0
0
0
0
0
0
0
0
0
0
0
0
0
0
0
0
0
0
0
0
0
0
0
0
0
0
0
0
0
0
0
0
0
0
0
0
0
0
0
0
0
0
0
0
0
0
0
0
0
0
0
0
0
0
0
0
0
0
0
0
0
0
0
0
0
0
0
0
0
0
0
0
0
0
0
0
0
0
0
0
0
0
0
0
0
0
0
0
0
0
0
0
0
0
0
0
0
0
0
0
0
0
0
0
0
0
0
0
0
0
0
0
0
0
0
0
0
0
0
0
0
0
0
0
0
0
0
0
0
0
0
0
0
0
0
0
0
0
0
0
0
0
0
0
0
0
0
0
0
0
0
0
0
0
0
0
2.3941e-11
2.42863e-11
2.44368e-11
2.45651e-11
1.16989e-11
6.96299e-12
5.58296e-12
4.68404e-12
4.0239e-12
3.85087e-12
3.93888e-12
4.45067e-12
4.95319e-12
5.53859e-12
6.40178e-12
7.59373e-12
8.89613e-12
1.04299e-11
1.16377e-11
1.16022e-11
1.02653e-11
8.2336e-12
6.32503e-12
4.84523e-12
3.78835e-12
2.99943e-12
2.35327e-12
1.88298e-12
1.5245e-12
1.08799e-12
3.55237e-13
1.13882e-13
1.58684e-14
6.38859e-16
1.65614e-18
2.72166e-21
3.74882e-24
4.50038e-27
5.03533e-30
5.07484e-33
5.19274e-36
5.0439e-39
4.48116e-42
4.04419e-45
3.28208e-48
2.83048e-51
2.484e-54
2.20819e-57
2.02395e-60
1.89101e-63
1.7887e-66
1.69905e-69
1.66411e-72
1.5715e-75
1.5427e-78
1.49467e-81
1.37345e-84
1.33907e-87
1.1813e-90
1.12046e-93
9.76043e-97
8.94165e-100
7.79262e-103
6.85307e-106
5.97132e-109
5.07955e-112
4.33753e-115
3.72897e-118
3.10983e-121
2.4917e-124
2.01632e-127
1.59841e-130
1.24188e-133
9.77703e-137
7.42642e-140
5.77043e-143
4.3091e-146
3.29912e-149
2.43353e-152
1.8304e-155
1.35076e-158
9.80698e-162
7.2587e-165
5.20354e-168
3.8266e-171
2.74434e-174
1.61281e-177
3.87849e-183
7.73241e-189
1.40611e-194
3.04545e-200
1.01597e-205
4.89058e-211
3.07869e-216
2.56807e-221
2.32533e-225
3.35718e-228
5.00293e-231
7.77774e-234
1.14444e-236
1.72767e-239
2.49857e-242
3.66916e-245
5.23813e-248
7.56067e-251
1.07472e-253
1.54694e-256
2.21724e-259
3.20274e-262
4.61694e-265
6.63768e-268
9.71385e-271
1.42333e-273
2.07828e-276
2.94529e-279
4.16999e-282
5.72285e-285
7.88336e-288
1.05912e-290
1.42818e-293
1.89532e-296
2.5261e-299
3.34242e-302
4.44862e-305
5.90703e-308
7.86913e-311
1.04249e-313
1.3686e-316
1.76115e-319
2.2233e-322
0
0
0
0
0
0
0
0
0
0
0
0
0
0
0
0
0
0
0
0
0
0
0
0
0
0
0
0
0
0
0
0
0
0
0
0
0
0
0
0
0
0
0
0
0
0
0
0
0
0
0
0
0
0
0
0
0
0
0
0
0
0
0
0
0
0
0
0
0
0
0
0
0
0
0
0
0
0
0
0
0
0
0
0
0
0
0
0
0
0
0
0
0
0
0
0
0
0
0
0
0
0
0
0
0
0
0
0
0
0
0
0
0
0
0
0
0
0
0
0
0
0
0
0
0
0
0
0
0
0
0
0
0
0
0
0
0
0
0
0
0
0
0
0
0
0
0
0
0
0
0
0
0
0
0
0
0
0
0
0
0
0
0
0
0
0
0
0
0
0
0
0
0
0
0
0
0
0
0
0
0
0
0
0
0
0
0
0
0
0
0
0
0
0
0
0
0
0
0
0
0
0
0
0
0
0
0
0
0
0
0
0
0
0
0
0
0
0
0
0
0
0
0
0
0
0
0
0
0
0
0
0
0
0
0
0
0
0
0
0
0
0
0
0
0
0
0
0
0
0
0
0
0
0
0
0
0
0
0
0
0
0
0
0
0
0
0
0
0
0
)
;

boundaryField
{
    wand
    {
        type            zeroGradient;
    }
    frontAndBack
    {
        type            empty;
    }
}


// ************************************************************************* //
