/*--------------------------------*- C++ -*----------------------------------*\
| =========                 |                                                 |
| \\      /  F ield         | OpenFOAM: The Open Source CFD Toolbox           |
|  \\    /   O peration     | Version:  2.1.1                                 |
|   \\  /    A nd           | Web:      www.OpenFOAM.org                      |
|    \\/     M anipulation  |                                                 |
\*---------------------------------------------------------------------------*/
FoamFile
{
    version     2.0;
    format      ascii;
    class       volScalarField;
    location    "0.001350000";
    object      omegaC_burn;
}
// * * * * * * * * * * * * * * * * * * * * * * * * * * * * * * * * * * * * * //

dimensions      [1 -3 -1 0 0 0 0];

internalField   nonuniform List<scalar> 
12384
(
283.422
157.937
57.5435
11.5007
1.51862
0.190466
0.0568691
0.0150129
0.00105505
2.31408e-05
2.7093e-07
5.36727e-09
4.87771e-11
4.23444e-13
1.63414e-11
2.28737e-09
2.53807e-07
8.31607e-06
4.41997e-05
9.34665e-05
0.000206156
0.000179371
5.80552e-05
1.27568e-05
1.20977e-06
1.02235e-08
2.40688e-11
2.86648e-14
4.46949e-17
1.00442e-19
1.87696e-22
3.79816e-25
7.59829e-28
1.45345e-30
2.6195e-33
4.39228e-36
6.93175e-39
1.07315e-41
1.69771e-44
2.64508e-47
4.17309e-50
6.34462e-53
9.28621e-56
1.27778e-58
1.2236e-72
1.9617e-73
7.14977e-76
2.30251e-78
5.64856e-81
9.52111e-84
1.22049e-86
1.3115e-89
1.05635e-92
8.32787e-96
6.58606e-99
5.25286e-102
4.22626e-105
3.37987e-108
2.67899e-111
2.23504e-114
1.99242e-117
2.31053e-120
2.60853e-123
2.88431e-126
3.11489e-129
3.27932e-132
3.38069e-135
3.42697e-138
3.41806e-141
3.39085e-144
3.31446e-147
3.22006e-150
3.11757e-153
3.20523e-156
0
0
0
0
0
0
0
0
0
0
0
0
0
0
0
0
0
0
0
0
0
0
0
0
0
0
0
0
0
0
0
0
0
0
0
0
0
0
0
0
0
0
0
0
0
0
0
0
0
0
0
0
0
0
0
0
0
0
0
0
0
0
0
0
0
0
0
0
0
0
0
0
0
0
0
0
0
0
0
0
0
0
0
0
0
0
0
0
0
0
0
0
0
0
0
0
0
0
0
0
0
0
0
0
0
0
0
0
0
0
0
0
0
0
0
0
0
0
0
0
0
0
0
0
0
0
0
0
0
0
0
0
0
0
0
0
0
0
0
0
0
0
0
0
0
0
0
0
0
0
0
0
0
0
0
0
0
0
0
0
0
0
0
0
0
0
0
0
0
0
0
0
0
0
0
0
0
0
0
0
0
0
0
0
0
0
0
0
0
0
0
0
0
0
0
0
0
0
0
0
0
0
0
0
0
0
0
0
0
0
0
0
0
0
0
0
0
0
0
0
0
0
0
0
0
0
0
0
0
0
0
0
0
0
0
0
0
0
0
0
0
0
0
0
0
0
0
0
0
0
0
0
0
0
0
0
0
0
0
0
0
0
0
0
0
0
0
0
0
0
0
0
0
0
0
0
0
0
0
0
0
0
0
0
0
0
0
0
0
0
0
0
0
0
0
0
0
0
0
0
858.81
527.145
183.513
53.1513
16.7552
6.37419
2.91725
1.33405
0.187293
0.0034894
4.59998e-05
1.00957e-06
5.68131e-09
3.20069e-11
8.90567e-10
2.28734e-07
3.6184e-05
0.00129364
0.00687919
0.0476735
0.184416
0.173406
0.056854
0.00502545
0.000825739
7.71792e-06
1.10839e-08
2.6716e-12
5.81216e-15
4.81228e-17
2.543e-20
1.20471e-23
6.98535e-27
5.26807e-30
4.69065e-33
4.64317e-36
4.94383e-39
5.65929e-42
7.58568e-45
1.04842e-47
1.92287e-50
4.78962e-53
8.20444e-56
1.19287e-58
1.31076e-69
2.24497e-70
8.35081e-73
2.92126e-75
7.48074e-78
1.22955e-80
1.4317e-83
1.34495e-86
4.23271e-90
1.58435e-93
7.38241e-97
4.49794e-100
3.20581e-103
2.53405e-106
2.0922e-109
3.66688e-112
5.42347e-115
1.92693e-117
2.18096e-120
2.37196e-123
2.3898e-126
2.41889e-129
2.35781e-132
2.28513e-135
2.17533e-138
2.06676e-141
1.92396e-144
1.71004e-147
1.46207e-150
1.27277e-153
5.9288e-162
0
0
0
0
0
0
0
0
0
0
0
0
0
0
0
0
0
0
0
0
0
0
0
0
0
0
0
0
0
0
0
0
0
0
0
0
0
0
0
0
0
0
0
0
0
0
0
0
0
0
0
0
0
0
0
0
0
0
0
0
0
0
0
0
0
0
0
0
0
0
0
0
0
0
0
0
0
0
0
0
0
0
0
0
0
0
0
0
0
0
0
0
0
0
0
0
0
0
0
0
0
0
0
0
0
0
0
0
0
0
0
0
0
0
0
0
0
0
0
0
0
0
0
0
0
0
0
0
0
0
0
0
0
0
0
0
0
0
0
0
0
0
0
0
0
0
0
0
0
0
0
0
0
0
0
0
0
0
0
0
0
0
0
0
0
0
0
0
0
0
0
0
0
0
0
0
0
0
0
0
0
0
0
0
0
0
0
0
0
0
0
0
0
0
0
0
0
0
0
0
0
0
0
0
0
0
0
0
0
0
0
0
0
0
0
0
0
0
0
0
0
0
0
0
0
0
0
0
0
0
0
0
0
0
0
0
0
0
0
0
0
0
0
0
0
0
0
0
0
0
0
0
0
0
0
0
0
0
0
0
0
0
0
0
0
0
0
0
0
0
0
0
0
0
0
0
0
0
0
0
0
0
0
0
0
0
0
0
0
0
0
0
0
0
0
0
0
0
0
782.225
745.233
291.017
122.35
59.9381
29.0377
17.7649
10.3099
4.10431
0.820963
0.0145994
0.000276478
8.56411e-07
2.10677e-09
1.22686e-07
6.74084e-05
0.0122441
0.579127
3.14347
13.8178
21.7896
22.3252
16.2615
5.53993
1.45329
0.145467
0.00157967
8.13055e-11
1.81431e-25
1.50078e-37
2.71573e-58
1.09405e-59
1.37526e-78
4.25874e-85
7.04275e-115
1.46269e-207
0
0
1.58409e-42
1.11942e-45
3.45603e-48
2.32008e-50
2.3289e-53
2.1497e-56
3.55572e-66
7.59207e-67
3.07581e-69
1.16618e-71
3.10575e-74
5.04543e-77
5.56296e-80
4.73088e-83
0
0
0
0
0
0
0
0
0
3.22403e-114
2.81368e-117
2.8947e-120
2.47515e-123
2.41739e-126
2.09838e-129
1.93608e-132
1.69186e-135
1.52399e-138
1.29315e-141
9.32014e-145
5.62022e-148
2.8321e-151
4.18013e-159
1.10935e-160
0
0
0
0
0
0
0
0
0
0
0
0
0
0
0
0
0
0
0
0
0
0
0
0
0
0
0
0
0
0
0
0
0
0
0
0
0
0
0
0
0
0
0
0
0
0
0
0
0
0
0
0
0
0
0
0
0
0
0
0
0
0
0
0
0
0
0
0
0
0
0
0
0
0
0
0
0
0
0
0
0
0
0
0
0
0
0
0
0
0
0
0
0
0
0
0
0
0
0
0
0
0
0
0
0
0
0
0
0
0
0
0
0
0
0
0
0
0
0
0
0
0
0
0
0
0
0
0
0
0
0
0
0
0
0
0
0
0
0
0
0
0
0
0
0
0
0
0
0
0
0
0
0
0
0
0
0
0
0
0
0
0
0
0
0
0
0
0
0
0
0
0
0
0
0
0
0
0
0
0
0
0
0
0
0
0
0
0
0
0
0
0
0
0
0
0
0
0
0
0
0
0
0
0
0
0
0
0
0
0
0
0
0
0
0
0
0
0
0
0
0
0
0
0
0
0
0
0
0
0
0
0
0
0
0
0
0
0
0
0
0
0
0
0
0
0
0
0
0
0
0
0
0
0
0
0
0
0
0
0
0
0
0
0
0
0
0
0
0
0
0
0
0
0
0
0
0
0
0
0
0
0
0
0
0
0
0
0
0
0
0
0
0
0
0
0
0
0
2326.58
2912.45
2635.14
2078.17
1707.82
739.549
422.142
235.249
107.928
20.1068
2.12206
0.238368
0.000435886
4.80659e-07
7.08811e-05
0.030256
3.1043
38.0122
127.984
418.549
437.706
436.622
426.027
181.018
74.4748
26.9803
3.17164
0.0133757
2.88324e-05
3.19744e-08
1.34838e-11
1.57723e-16
5.97484e-23
6.40097e-31
7.49993e-42
2.66661e-70
0
0
0
0
0
3.8755e-47
1.59585e-50
5.1392e-54
4.2499e-62
8.07194e-63
3.26673e-65
1.3885e-67
4.22809e-70
7.55703e-73
8.94972e-76
8.16586e-79
6.23013e-82
4.43453e-85
3.05058e-88
2.18729e-91
1.57454e-94
1.18688e-97
8.9688e-101
7.44817e-104
6.0714e-107
6.01276e-110
5.2793e-113
5.27548e-116
4.5894e-119
4.20628e-122
3.47259e-125
2.93757e-128
2.30757e-131
1.81402e-134
1.32348e-137
9.1119e-141
5.1782e-144
2.63169e-147
4.47299e-155
8.08322e-157
1.52854e-159
3.7259e-162
0
0
0
0
0
0
0
0
0
0
0
0
0
0
0
0
0
0
0
0
0
0
0
0
0
0
0
0
0
0
0
0
0
0
0
0
0
0
0
0
0
0
0
0
0
0
0
0
0
0
0
0
0
0
0
0
0
0
0
0
0
0
0
0
0
0
0
0
0
0
0
0
0
0
0
0
0
0
0
0
0
0
0
0
0
0
0
0
0
0
0
0
0
0
0
0
0
0
0
0
0
0
0
0
0
0
0
0
0
0
0
0
0
0
0
0
0
0
0
0
0
0
0
0
0
0
0
0
0
0
0
0
0
0
0
0
0
0
0
0
0
0
0
0
0
0
0
0
0
0
0
0
0
0
0
0
0
0
0
0
0
0
0
0
0
0
0
0
0
0
0
0
0
0
0
0
0
0
0
0
0
0
0
0
0
0
0
0
0
0
0
0
0
0
0
0
0
0
0
0
0
0
0
0
0
0
0
0
0
0
0
0
0
0
0
0
0
0
0
0
0
0
0
0
0
0
0
0
0
0
0
0
0
0
0
0
0
0
0
0
0
0
0
0
0
0
0
0
0
0
0
0
0
0
0
0
0
0
0
0
0
0
0
0
0
0
0
0
0
0
0
0
0
0
0
0
0
0
0
0
0
0
0
0
0
0
0
0
0
0
0
0
0
0
0
0
5852.06
6366.76
6278.66
5112.67
3826.13
3610.29
3389.79
3111.57
2668.08
476.884
72.5447
12.2805
0.51551
0.000427651
0.016391
3.62068
75.1733
571.08
1502.39
5429.47
6632.27
7062.35
6707.56
2242.53
941.868
452.098
84.4192
7.00532
0.0284631
6.6355e-05
8.38172e-08
7.60639e-11
6.09525e-14
5.00473e-17
4.07523e-20
3.17768e-23
2.08945e-26
1.02336e-30
0
0
0
2.88567e-43
6.86133e-47
1.13974e-50
1.92597e-58
2.21878e-59
8.37641e-62
3.99673e-64
1.50282e-66
3.48312e-69
5.18764e-72
5.64168e-75
5.08965e-78
4.13124e-81
3.18995e-84
2.50541e-87
1.96084e-90
1.57047e-93
1.27312e-96
1.08232e-99
9.2991e-103
9.08892e-106
8.34457e-109
8.25732e-112
7.41715e-115
6.82104e-118
5.66912e-121
4.83028e-124
3.75205e-127
2.93853e-130
2.07256e-133
1.4356e-136
8.30136e-140
4.3647e-143
4.21458e-151
5.10714e-153
8.79602e-156
1.9449e-158
5.12961e-161
0
0
0
0
0
0
0
0
0
0
0
0
0
0
0
0
0
0
0
0
0
0
0
0
0
0
0
0
0
0
0
0
0
0
0
0
0
0
0
0
0
0
0
0
0
0
0
0
0
0
0
0
0
0
0
0
0
0
0
0
0
0
0
0
0
0
0
0
0
0
0
0
0
0
0
0
0
0
0
0
0
0
0
0
0
0
0
0
0
0
0
0
0
0
0
0
0
0
0
0
0
0
0
0
0
0
0
0
0
0
0
0
0
0
0
0
0
0
0
0
0
0
0
0
0
0
0
0
0
0
0
0
0
0
0
0
0
0
0
0
0
0
0
0
0
0
0
0
0
0
0
0
0
0
0
0
0
0
0
0
0
0
0
0
0
0
0
0
0
0
0
0
0
0
0
0
0
0
0
0
0
0
0
0
0
0
0
0
0
0
0
0
0
0
0
0
0
0
0
0
0
0
0
0
0
0
0
0
0
0
0
0
0
0
0
0
0
0
0
0
0
0
0
0
0
0
0
0
0
0
0
0
0
0
0
0
0
0
0
0
0
0
0
0
0
0
0
0
0
0
0
0
0
0
0
0
0
0
0
0
0
0
0
0
0
0
0
0
0
0
0
0
0
0
0
0
0
0
0
0
0
0
0
0
0
0
0
0
0
0
0
0
0
0
0
6668.96
6849.01
7045.54
6957.45
6169.25
5411.36
4685.45
4287.44
3772.24
3263.66
1473.71
313.6
14.9142
0.384277
1.04145
50.9095
718.828
8007.33
8580.06
8629.21
8665.33
8851.33
9218.5
9296.95
8542.48
7830.62
908.122
105.024
7.18575
0.0296074
7.6299e-05
1.15728e-07
1.26574e-10
1.23922e-13
1.18424e-16
1.09308e-19
9.22899e-23
6.69309e-26
4.16548e-29
2.16451e-32
8.91486e-36
2.8176e-39
5.96689e-43
8.31418e-47
3.54243e-55
2.22126e-56
7.27248e-59
3.6509e-61
1.59442e-63
4.66305e-66
9.55094e-69
1.40005e-71
1.58763e-74
1.57582e-77
1.42426e-80
1.26327e-83
1.10466e-86
9.67135e-90
8.47657e-93
7.56615e-96
6.91553e-99
6.84638e-102
6.54533e-105
6.61722e-108
6.08235e-111
5.71349e-114
4.86353e-117
4.2359e-120
3.38119e-123
2.72445e-126
1.99486e-129
1.39965e-132
8.53662e-136
4.65409e-139
2.43672e-147
2.18059e-149
2.8918e-152
5.34447e-155
1.3007e-157
3.66247e-160
1.37776e-162
0
0
0
0
0
0
0
0
0
0
0
0
0
0
0
0
0
0
0
0
0
0
0
0
0
0
0
0
0
0
0
0
0
0
0
0
0
0
0
0
0
0
0
0
0
0
0
0
0
0
0
0
0
0
0
0
0
0
0
0
0
0
0
0
0
0
0
0
0
0
0
0
0
0
0
0
0
0
0
0
0
0
0
0
0
0
0
0
0
0
0
0
0
0
0
0
0
0
0
0
0
0
0
0
0
0
0
0
0
0
0
0
0
0
0
0
0
0
0
0
0
0
0
0
0
0
0
0
0
0
0
0
0
0
0
0
0
0
0
0
0
0
0
0
0
0
0
0
0
0
0
0
0
0
0
0
0
0
0
0
0
0
0
0
0
0
0
0
0
0
0
0
0
0
0
0
0
0
0
0
0
0
0
0
0
0
0
0
0
0
0
0
0
0
0
0
0
0
0
0
0
0
0
0
0
0
0
0
0
0
0
0
0
0
0
0
0
0
0
0
0
0
0
0
0
0
0
0
0
0
0
0
0
0
0
0
0
0
0
0
0
0
0
0
0
0
0
0
0
0
0
0
0
0
0
0
0
0
0
0
0
0
0
0
0
0
0
0
0
0
0
0
0
0
0
0
0
0
0
0
0
0
0
0
0
0
0
0
0
0
0
0
0
6648.74
6834.6
7057.58
7075.62
6685.35
6254.77
5343.61
4781.64
4545.04
4436.32
3912.87
3545.97
139.823
3.97232
11.7732
302.805
9161.68
10863.9
10170.8
10199.2
9812.51
9959.57
10312.5
10253
9540.84
8748.11
7726.18
747.806
73.7828
4.66237
0.0184237
4.78741e-05
8.38459e-08
1.14241e-10
1.3736e-13
1.54359e-16
1.61439e-19
1.51573e-22
1.2372e-25
8.55593e-29
4.61614e-32
1.82367e-35
4.492e-39
5.89253e-43
3.1926e-52
1.41353e-53
4.14927e-56
2.43057e-58
1.10008e-60
3.13665e-63
7.09002e-66
1.3458e-68
2.01902e-71
2.49898e-74
2.76932e-77
2.86711e-80
2.85629e-83
2.79327e-86
2.67613e-89
2.58025e-92
2.53944e-95
2.61124e-98
2.64342e-101
2.74109e-104
2.65605e-107
2.54246e-110
2.2903e-113
2.02429e-116
1.70899e-119
1.40657e-122
1.09054e-125
7.8926e-129
5.13349e-132
2.96918e-135
7.87214e-144
5.20328e-146
6.10974e-149
8.42016e-152
1.79396e-154
4.82317e-157
1.43239e-159
4.92124e-162
0
0
0
0
0
0
0
0
0
0
0
0
0
0
0
0
0
0
0
0
0
0
0
0
0
0
0
0
0
0
0
0
0
0
0
0
0
0
0
0
0
0
0
0
0
0
0
0
0
0
0
0
0
0
0
0
0
0
0
0
0
0
0
0
0
0
0
0
0
0
0
0
0
0
0
0
0
0
0
0
0
0
0
0
0
0
0
0
0
0
0
0
0
0
0
0
0
0
0
0
0
0
0
0
0
0
0
0
0
0
0
0
0
0
0
0
0
0
0
0
0
0
0
0
0
0
0
0
0
0
0
0
0
0
0
0
0
0
0
0
0
0
0
0
0
0
0
0
0
0
0
0
0
0
0
0
0
0
0
0
0
0
0
0
0
0
0
0
0
0
0
0
0
0
0
0
0
0
0
0
0
0
0
0
0
0
0
0
0
0
0
0
0
0
0
0
0
0
0
0
0
0
0
0
0
0
0
0
0
0
0
0
0
0
0
0
0
0
0
0
0
0
0
0
0
0
0
0
0
0
0
0
0
0
0
0
0
0
0
0
0
0
0
0
0
0
0
0
0
0
0
0
0
0
0
0
0
0
0
0
0
0
0
0
0
0
0
0
0
0
0
0
0
0
0
0
0
0
0
0
0
0
0
0
0
0
0
0
0
0
0
0
6843.98
7123.14
7217.62
7001.17
6612.39
6300.95
5411.14
5168.17
5293.66
5465.16
5088.94
3484.26
170.839
9.87611
59.971
1049.49
10009.8
11909.7
12299.3
11805.9
11407.5
10808.6
10952.5
10879.8
10127.5
9188.46
8769.53
5083.22
412.511
46.2338
2.5834
0.00848824
1.89841e-05
3.31417e-08
5.00591e-11
7.07935e-14
9.52724e-17
1.18197e-19
1.30803e-22
1.23238e-25
9.19191e-29
5.11357e-32
1.67204e-35
2.30164e-39
1.864e-49
1.23035e-51
2.31323e-53
1.65675e-55
7.34575e-58
1.95042e-60
3.98746e-63
7.46448e-66
1.27079e-68
1.87313e-71
2.44637e-74
2.99407e-77
3.39266e-80
3.71601e-83
3.93227e-86
4.12655e-89
4.36974e-92
4.7916e-95
5.09567e-98
5.44141e-101
5.44596e-104
5.33203e-107
4.97086e-110
4.47749e-113
3.96587e-116
3.38826e-119
2.79192e-122
2.1686e-125
1.54088e-128
9.85617e-132
1.33814e-140
2.00191e-143
7.38272e-146
7.73999e-149
1.33786e-151
3.25913e-154
9.27183e-157
2.83001e-159
9.37984e-162
0
0
0
0
0
0
0
0
0
0
0
0
0
0
0
0
0
0
0
0
0
0
0
0
0
0
0
0
0
0
0
0
0
0
0
0
0
0
0
0
0
0
0
0
0
0
0
0
0
0
0
0
0
0
0
0
0
0
0
0
0
0
0
0
0
0
0
0
0
0
0
0
0
0
0
0
0
0
0
0
0
0
0
0
0
0
0
0
0
0
0
0
0
0
0
0
0
0
0
0
0
0
0
0
0
0
0
0
0
0
0
0
0
0
0
0
0
0
0
0
0
0
0
0
0
0
0
0
0
0
0
0
0
0
0
0
0
0
0
0
0
0
0
0
0
0
0
0
0
0
0
0
0
0
0
0
0
0
0
0
0
0
0
0
0
0
0
0
0
0
0
0
0
0
0
0
0
0
0
0
0
0
0
0
0
0
0
0
0
0
0
0
0
0
0
0
0
0
0
0
0
0
0
0
0
0
0
0
0
0
0
0
0
0
0
0
0
0
0
0
0
0
0
0
0
0
0
0
0
0
0
0
0
0
0
0
0
0
0
0
0
0
0
0
0
0
0
0
0
0
0
0
0
0
0
0
0
0
0
0
0
0
0
0
0
0
0
0
0
0
0
0
0
0
0
0
0
0
0
0
0
0
0
0
0
0
0
0
0
0
0
7318.05
7336.79
6987.78
6772.53
6703.07
6518.1
6239.74
6421.43
6716.5
7197.99
7278.23
6060.63
4650.14
89.8643
413.915
368.366
307.528
11240.6
12296.4
13576.3
14298.3
14460.1
13031.6
12285.6
11885.1
10810.5
10511.2
10445.7
9830.95
9329.71
3132.89
318.345
34.5503
1.51374
0.00338
5.9601e-06
9.32777e-09
1.3967e-11
2.07539e-14
3.04698e-17
4.24392e-20
5.34728e-23
5.79743e-26
4.83359e-29
2.71998e-32
1.48303e-39
2.13825e-40
9.53441e-44
8.66593e-47
7.78764e-49
1.69689e-50
1.28753e-52
4.77465e-55
1.15149e-57
2.15985e-60
3.64309e-63
5.88585e-66
8.8211e-69
1.22462e-71
1.58946e-74
1.97999e-77
2.37458e-80
2.76278e-83
3.13201e-86
3.5388e-89
4.08611e-92
4.68891e-95
5.20387e-98
5.5813e-101
5.66441e-104
5.58806e-107
5.19911e-110
4.80524e-113
4.29886e-116
3.76562e-119
3.13926e-122
2.48442e-125
1.76872e-128
1.45583e-131
1.44213e-134
1.57852e-137
1.84642e-140
2.13031e-143
2.65788e-146
4.92152e-149
1.13216e-151
3.01354e-154
8.90448e-157
2.78415e-159
9.28457e-162
0
0
0
0
0
0
0
0
0
0
0
0
0
0
0
0
0
0
0
0
0
0
0
0
0
0
0
0
0
0
0
0
0
0
0
0
0
0
0
0
0
0
0
0
0
0
0
0
0
0
0
0
0
0
0
0
0
0
0
0
0
0
0
0
0
0
0
0
0
0
0
0
0
0
0
0
0
0
0
0
0
0
0
0
0
0
0
0
0
0
0
0
0
0
0
0
0
0
0
0
0
0
0
0
0
0
0
0
0
0
0
0
0
0
0
0
0
0
0
0
0
0
0
0
0
0
0
0
0
0
0
0
0
0
0
0
0
0
0
0
0
0
0
0
0
0
0
0
0
0
0
0
0
0
0
0
0
0
0
0
0
0
0
0
0
0
0
0
0
0
0
0
0
0
0
0
0
0
0
0
0
0
0
0
0
0
0
0
0
0
0
0
0
0
0
0
0
0
0
0
0
0
0
0
0
0
0
0
0
0
0
0
0
0
0
0
0
0
0
0
0
0
0
0
0
0
0
0
0
0
0
0
0
0
0
0
0
0
0
0
0
0
0
0
0
0
0
0
0
0
0
0
0
0
0
0
0
0
0
0
0
0
0
0
0
0
0
0
0
0
0
0
0
0
0
0
0
0
0
0
0
0
0
0
0
0
0
0
0
0
0
0
0
0
0
0
0
0
0
0
0
0
0
0
0
0
0
0
0
0
6108.3
6262.79
5956.2
5796.79
5803.99
6178.04
6432.5
6102.7
5909.63
6277.67
6842.37
7022.23
7199.07
5807.64
9606.88
12162
11980.8
12909.3
13575.3
14983.7
14962.8
13592.2
13242
12426.8
11869.7
11702
10944.5
10154.5
10151.1
9678.87
9235.88
2523.09
242.128
21.9071
0.578957
0.000720879
9.20804e-07
1.34377e-09
2.06156e-12
3.03409e-15
4.20017e-18
5.54962e-21
6.95631e-24
7.96021e-27
7.84484e-30
5.50271e-33
8.00201e-37
8.89764e-41
1.76964e-43
1.05087e-45
3.1983e-48
2.83555e-50
1.43739e-52
4.01546e-55
8.20832e-58
1.39356e-60
2.15163e-63
3.05407e-66
4.13568e-69
5.27624e-72
6.53181e-75
7.90643e-78
9.29543e-81
1.07958e-83
1.22915e-86
1.37158e-89
1.49531e-92
1.61065e-95
1.68345e-98
1.7366e-101
1.74518e-104
1.73173e-107
1.68245e-110
1.61642e-113
1.53254e-116
1.42198e-119
1.30733e-122
1.16244e-125
1.02221e-128
9.40954e-132
9.11069e-135
9.42996e-138
9.96707e-141
1.0548e-143
1.09882e-146
1.1529e-149
1.27239e-152
1.65396e-155
2.97596e-158
7.69508e-161
0
0
0
0
0
0
0
0
0
0
0
0
0
0
0
0
0
0
0
0
0
0
0
0
0
0
0
0
0
0
0
0
0
0
0
0
0
0
0
0
0
0
0
0
0
0
0
0
0
0
0
0
0
0
0
0
0
0
0
0
0
0
0
0
0
0
0
0
0
0
0
0
0
0
0
0
0
0
0
0
0
0
0
0
0
0
0
0
0
0
0
0
0
0
0
0
0
0
0
0
0
0
0
0
0
0
0
0
0
0
0
0
0
0
0
0
0
0
0
0
0
0
0
0
0
0
0
0
0
0
0
0
0
0
0
0
0
0
0
0
0
0
0
0
0
0
0
0
0
0
0
0
0
0
0
0
0
0
0
0
0
0
0
0
0
0
0
0
0
0
0
0
0
0
0
0
0
0
0
0
0
0
0
0
0
0
0
0
0
0
0
0
0
0
0
0
0
0
0
0
0
0
0
0
0
0
0
0
0
0
0
0
0
0
0
0
0
0
0
0
0
0
0
0
0
0
0
0
0
0
0
0
0
0
0
0
0
0
0
0
0
0
0
0
0
0
0
0
0
0
0
0
0
0
0
0
0
0
0
0
0
0
0
0
0
0
0
0
0
0
0
0
0
0
0
0
0
0
0
0
0
0
0
0
0
0
0
0
0
0
0
0
0
0
0
0
0
0
0
0
0
0
0
0
0
0
0
0
0
0
4547.77
4938.09
4881.52
4835.98
4837.12
4967.65
5410.2
5780.57
6051.52
6032.76
6553.5
6863.93
7790.65
9217.4
10304
11218.7
12871.6
13171.5
13270.3
12534.5
11911.9
11913.3
11760.5
11832.9
11877.2
11208.6
10822
10698.5
10220.8
10195.9
9795.97
9376.74
1116.01
105.933
7.11541
0.016983
3.06064e-05
4.80691e-08
6.73972e-11
8.59938e-14
1.07145e-16
1.35067e-19
1.69205e-22
2.1388e-25
2.64661e-28
3.27337e-31
3.75706e-34
4.3678e-37
5.90222e-40
8.73129e-43
1.53078e-45
2.91194e-48
4.86558e-51
7.20542e-54
9.64002e-57
1.22874e-59
1.51258e-62
1.83629e-65
2.21738e-68
2.55182e-71
2.96091e-74
3.38725e-77
3.83073e-80
4.2886e-83
4.75273e-86
5.18996e-89
5.58548e-92
5.9412e-95
6.19558e-98
6.44171e-101
6.53773e-104
6.64789e-107
6.62366e-110
6.61012e-113
6.52788e-116
6.43147e-119
6.29355e-122
6.21793e-125
5.93898e-128
5.65394e-131
5.36391e-134
5.0012e-137
4.72226e-140
4.45747e-143
4.22776e-146
4.07527e-149
3.97196e-152
4.02243e-155
4.40378e-158
5.982e-161
0
0
0
0
0
0
0
0
0
0
0
0
0
0
0
0
0
0
0
0
0
0
0
0
0
0
0
0
0
0
0
0
0
0
0
0
0
0
0
0
0
0
0
0
0
0
0
0
0
0
0
0
0
0
0
0
0
0
0
0
0
0
0
0
0
0
0
0
0
0
0
0
0
0
0
0
0
0
0
0
0
0
0
0
0
0
0
0
0
0
0
0
0
0
0
0
0
0
0
0
0
0
0
0
0
0
0
0
0
0
0
0
0
0
0
0
0
0
0
0
0
0
0
0
0
0
0
0
0
0
0
0
0
0
0
0
0
0
0
0
0
0
0
0
0
0
0
0
0
0
0
0
0
0
0
0
0
0
0
0
0
0
0
0
0
0
0
0
0
0
0
0
0
0
0
0
0
0
0
0
0
0
0
0
0
0
0
0
0
0
0
0
0
0
0
0
0
0
0
0
0
0
0
0
0
0
0
0
0
0
0
0
0
0
0
0
0
0
0
0
0
0
0
0
0
0
0
0
0
0
0
0
0
0
0
0
0
0
0
0
0
0
0
0
0
0
0
0
0
0
0
0
0
0
0
0
0
0
0
0
0
0
0
0
0
0
0
0
0
0
0
0
0
0
0
0
0
0
0
0
0
0
0
0
0
0
0
0
0
0
0
0
0
0
0
0
0
0
0
0
0
0
0
0
0
0
0
0
0
0
3874.27
4028.27
3964.45
3889.78
3986.68
4183.93
4457.84
4826.52
5131.29
5466.38
5857.33
6229.9
6920.6
7891.28
8609.33
9355.7
10221.5
11503.2
10870.8
10743.5
10892.1
10963.7
11037.3
11050.2
11057.1
10981.2
10968.7
10894
10800.4
10429.3
10176.9
9883.5
2533.12
233.342
17.585
0.473023
0.000388438
3.6244e-07
4.54419e-10
6.10152e-13
7.82302e-16
9.41608e-19
1.07155e-21
1.23966e-24
1.44961e-27
1.77664e-30
2.25005e-33
2.99565e-36
4.17066e-39
5.80218e-42
7.98368e-45
1.05735e-47
1.34155e-50
1.61357e-53
1.86813e-56
2.10091e-59
2.29945e-62
2.53937e-65
2.7524e-68
2.98118e-71
3.20549e-74
3.40887e-77
3.58308e-80
3.72679e-83
3.83358e-86
3.90052e-89
3.94912e-92
3.92921e-95
3.8775e-98
3.7839e-101
3.64973e-104
3.51459e-107
3.33578e-110
3.16972e-113
2.96772e-116
2.79158e-119
2.58253e-122
2.42383e-125
2.21241e-128
2.00451e-131
1.7483e-134
1.49669e-137
1.28663e-140
1.09556e-143
9.4329e-147
8.08738e-150
6.97669e-153
6.11851e-156
5.43133e-159
4.14124e-162
0
0
0
0
0
0
0
0
0
0
0
0
0
0
0
0
0
0
0
0
0
0
0
0
0
0
0
0
0
0
0
0
0
0
0
0
0
0
0
0
0
0
0
0
0
0
0
0
0
0
0
0
0
0
0
0
0
0
0
0
0
0
0
0
0
0
0
0
0
0
0
0
0
0
0
0
0
0
0
0
0
0
0
0
0
0
0
0
0
0
0
0
0
0
0
0
0
0
0
0
0
0
0
0
0
0
0
0
0
0
0
0
0
0
0
0
0
0
0
0
0
0
0
0
0
0
0
0
0
0
0
0
0
0
0
0
0
0
0
0
0
0
0
0
0
0
0
0
0
0
0
0
0
0
0
0
0
0
0
0
0
0
0
0
0
0
0
0
0
0
0
0
0
0
0
0
0
0
0
0
0
0
0
0
0
0
0
0
0
0
0
0
0
0
0
0
0
0
0
0
0
0
0
0
0
0
0
0
0
0
0
0
0
0
0
0
0
0
0
0
0
0
0
0
0
0
0
0
0
0
0
0
0
0
0
0
0
0
0
0
0
0
0
0
0
0
0
0
0
0
0
0
0
0
0
0
0
0
0
0
0
0
0
0
0
0
0
0
0
0
0
0
0
0
0
0
0
0
0
0
0
0
0
0
0
0
0
0
0
0
0
0
0
0
0
0
0
0
0
0
0
0
0
0
0
0
0
0
0
0
3645.02
3690.69
3753.92
3772.31
3845.29
4007.56
4228.19
4508.34
4648.7
4754.4
5086.58
5673.02
6393.69
7315
7980.68
8662.13
9359.04
9927.26
9936.15
10097.4
10417.9
10545.4
10548.3
10581
10678.6
10711.8
10897.7
11050.2
11183.7
11086.1
10836.5
11139
1782.02
154.859
9.59256
0.0601594
5.41377e-05
7.85602e-08
1.09781e-10
1.37316e-13
1.58937e-16
1.83573e-19
2.09271e-22
2.51239e-25
3.06117e-28
3.85203e-31
5.05997e-34
6.59849e-37
8.60403e-40
1.06928e-42
1.31379e-45
1.57522e-48
1.82007e-51
2.02423e-54
2.20729e-57
2.35216e-60
2.42528e-63
2.51272e-66
2.50945e-69
2.5014e-72
2.43824e-75
2.3423e-78
2.24651e-81
2.14278e-84
2.02843e-87
1.89184e-90
1.75332e-93
1.5961e-96
1.45485e-99
1.29536e-102
1.15492e-105
1.01383e-108
9.00345e-112
8.06777e-115
7.17056e-118
6.49014e-121
5.65796e-124
5.03092e-127
4.27953e-130
3.58351e-133
2.83926e-136
2.23835e-139
1.73392e-142
1.33752e-145
1.03738e-148
7.98353e-152
6.20011e-155
4.83253e-158
3.8192e-161
0
0
0
0
0
0
0
0
0
0
0
0
0
0
0
0
0
0
0
0
0
0
0
0
0
0
0
0
0
0
0
0
0
0
0
0
0
0
0
0
0
0
0
0
0
0
0
0
0
0
0
0
0
0
0
0
0
0
0
0
0
0
0
0
0
0
0
0
0
0
0
0
0
0
0
0
0
0
0
0
0
0
0
0
0
0
0
0
0
0
0
0
0
0
0
0
0
0
0
0
0
0
0
0
0
0
0
0
0
0
0
0
0
0
0
0
0
0
0
0
0
0
0
0
0
0
0
0
0
0
0
0
0
0
0
0
0
0
0
0
0
0
0
0
0
0
0
0
0
0
0
0
0
0
0
0
0
0
0
0
0
0
0
0
0
0
0
0
0
0
0
0
0
0
0
0
0
0
0
0
0
0
0
0
0
0
0
0
0
0
0
0
0
0
0
0
0
0
0
0
0
0
0
0
0
0
0
0
0
0
0
0
0
0
0
0
0
0
0
0
0
0
0
0
0
0
0
0
0
0
0
0
0
0
0
0
0
0
0
0
0
0
0
0
0
0
0
0
0
0
0
0
0
0
0
0
0
0
0
0
0
0
0
0
0
0
0
0
0
0
0
0
0
0
0
0
0
0
0
0
0
0
0
0
0
0
0
0
0
0
0
0
0
0
0
0
0
0
0
0
0
0
0
0
0
0
0
0
0
0
0
3485.89
3538.88
3739.35
3831.68
3853.88
4110.29
4356.23
4752.68
4950.34
5038.71
5237.19
5830.91
6582.35
7267.64
7780.01
8203.02
8704.49
9106.26
9123.38
9433.58
9853.06
9999.86
10193.3
10328.9
10375.5
10632.2
11172
11669.3
11985.1
12438.9
12225.2
12657.2
3438.1
240.156
16.6877
0.423587
0.000296728
2.28547e-07
2.31678e-10
2.54725e-13
2.58898e-16
2.50481e-19
2.17624e-22
1.91126e-25
1.60432e-28
1.41292e-31
1.28147e-34
1.2066e-37
1.18076e-40
1.18311e-43
1.19034e-46
1.20391e-49
1.20932e-52
1.1943e-55
1.18797e-58
1.14251e-61
1.11064e-64
1.04808e-67
9.87181e-71
9.30822e-74
8.50858e-77
7.87139e-80
7.06479e-83
6.3769e-86
5.65566e-89
4.99057e-92
4.33403e-95
3.71921e-98
3.16086e-101
2.62195e-104
2.18311e-107
1.75873e-110
1.42753e-113
1.13054e-116
8.99955e-120
7.02927e-123
5.51251e-126
4.2947e-129
3.30336e-132
2.56051e-135
1.93763e-138
1.47932e-141
1.10129e-144
8.27973e-148
6.1304e-151
4.57077e-154
3.42002e-157
2.55726e-160
0
0
0
0
0
0
0
0
0
0
0
0
0
0
0
0
0
0
0
0
0
0
0
0
0
0
0
0
0
0
0
0
0
0
0
0
0
0
0
0
0
0
0
0
0
0
0
0
0
0
0
0
0
0
0
0
0
0
0
0
0
0
0
0
0
0
0
0
0
0
0
0
0
0
0
0
0
0
0
0
0
0
0
0
0
0
0
0
0
0
0
0
0
0
0
0
0
0
0
0
0
0
0
0
0
0
0
0
0
0
0
0
0
0
0
0
0
0
0
0
0
0
0
0
0
0
0
0
0
0
0
0
0
0
0
0
0
0
0
0
0
0
0
0
0
0
0
0
0
0
0
0
0
0
0
0
0
0
0
0
0
0
0
0
0
0
0
0
0
0
0
0
0
0
0
0
0
0
0
0
0
0
0
0
0
0
0
0
0
0
0
0
0
0
0
0
0
0
0
0
0
0
0
0
0
0
0
0
0
0
0
0
0
0
0
0
0
0
0
0
0
0
0
0
0
0
0
0
0
0
0
0
0
0
0
0
0
0
0
0
0
0
0
0
0
0
0
0
0
0
0
0
0
0
0
0
0
0
0
0
0
0
0
0
0
0
0
0
0
0
0
0
0
0
0
0
0
0
0
0
0
0
0
0
0
0
0
0
0
0
0
0
0
0
0
0
0
0
0
0
0
0
0
0
0
0
0
0
0
0
0
0
3364.82
3384.64
3613.32
3812.71
4015.47
4238.62
4613.94
4861.51
5045.81
4990.5
5118.33
5441.9
5855.76
6270.51
6833.49
7157
7382.99
7781.36
8316.33
8908.9
9482.06
10121.2
10702.7
11271
11645.7
12095.2
12666.3
13373.5
14128.6
11405.2
1409.47
479.061
168.357
23.7771
1.33611
0.00259804
3.84266e-06
5.22884e-09
6.56429e-12
7.53995e-15
8.00895e-18
8.07609e-21
8.28217e-24
8.18247e-27
7.56415e-30
6.90344e-33
5.73319e-36
4.87102e-39
4.25193e-42
3.75124e-45
3.29753e-48
2.87092e-51
2.49186e-54
2.13756e-57
1.87137e-60
1.60334e-63
1.44137e-66
1.24637e-69
1.12851e-72
9.99263e-76
8.95554e-79
7.99858e-82
7.06026e-85
6.25524e-88
5.4217e-91
4.70467e-94
3.99008e-97
3.38047e-100
2.79539e-103
2.29064e-106
1.85982e-109
1.4773e-112
1.17847e-115
9.14605e-119
7.15582e-122
5.46593e-125
4.19414e-128
3.17847e-131
2.39355e-134
1.80129e-137
1.33186e-140
9.93567e-144
7.23334e-147
5.33664e-150
3.8479e-153
2.81496e-156
2.04051e-159
0
0
0
0
0
0
0
0
0
0
0
0
0
0
0
0
0
0
0
0
0
0
0
0
0
0
0
0
0
0
0
0
0
0
0
0
0
0
0
0
0
0
0
0
0
0
0
0
0
0
0
0
0
0
0
0
0
0
0
0
0
0
0
0
0
0
0
0
0
0
0
0
0
0
0
0
0
0
0
0
0
0
0
0
0
0
0
0
0
0
0
0
0
0
0
0
0
0
0
0
0
0
0
0
0
0
0
0
0
0
0
0
0
0
0
0
0
0
0
0
0
0
0
0
0
0
0
0
0
0
0
0
0
0
0
0
0
0
0
0
0
0
0
0
0
0
0
0
0
0
0
0
0
0
0
0
0
0
0
0
0
0
0
0
0
0
0
0
0
0
0
0
0
0
0
0
0
0
0
0
0
0
0
0
0
0
0
0
0
0
0
0
0
0
0
0
0
0
0
0
0
0
0
0
0
0
0
0
0
0
0
0
0
0
0
0
0
0
0
0
0
0
0
0
0
0
0
0
0
0
0
0
0
0
0
0
0
0
0
0
0
0
0
0
0
0
0
0
0
0
0
0
0
0
0
0
0
0
0
0
0
0
0
0
0
0
0
0
0
0
0
0
0
0
0
0
0
0
0
0
0
0
0
0
0
0
0
0
0
0
0
0
0
0
0
0
0
0
0
0
0
0
0
0
0
0
0
0
0
0
0
0
0
3041.85
3072.29
3064.43
3038.37
1244.43
693.653
549.948
463.7
411.187
390.112
397.276
438.411
481.653
550.537
662.246
817.794
995.601
1220.63
1466.14
1515.49
1312.24
1027.57
774.554
580.112
453.499
363.235
296.945
257.241
237.13
190.442
56.4
25.4818
9.85013
1.25877
0.00330818
5.7094e-06
8.49404e-09
1.13678e-11
1.3603e-14
1.53744e-17
1.58366e-20
1.64872e-23
1.6715e-26
1.59876e-29
1.55624e-32
1.45288e-35
1.34166e-38
1.26069e-41
1.19119e-44
1.12432e-47
1.0539e-50
9.83605e-54
9.00019e-57
8.41126e-60
7.69772e-63
7.09255e-66
6.71473e-69
6.1064e-72
5.73999e-75
5.15854e-78
4.75217e-81
4.2241e-84
3.78687e-87
3.33672e-90
2.9031e-93
2.5133e-96
2.13294e-99
1.80212e-102
1.48445e-105
1.22252e-108
9.79078e-112
7.78551e-115
6.16345e-118
4.78051e-121
3.72148e-124
2.83572e-127
2.17256e-130
1.62961e-133
1.23215e-136
9.11991e-140
6.75763e-143
5.00186e-146
3.63112e-149
2.65684e-152
1.91408e-155
1.39402e-158
9.6364e-162
0
0
0
0
0
0
0
0
0
0
0
0
0
0
0
0
0
0
0
0
0
0
0
0
0
0
0
0
0
0
0
0
0
0
0
0
0
0
0
0
0
0
0
0
0
0
0
0
0
0
0
0
0
0
0
0
0
0
0
0
0
0
0
0
0
0
0
0
0
0
0
0
0
0
0
0
0
0
0
0
0
0
0
0
0
0
0
0
0
0
0
0
0
0
0
0
0
0
0
0
0
0
0
0
0
0
0
0
0
0
0
0
0
0
0
0
0
0
0
0
0
0
0
0
0
0
0
0
0
0
0
0
0
0
0
0
0
0
0
0
0
0
0
0
0
0
0
0
0
0
0
0
0
0
0
0
0
0
0
0
0
0
0
0
0
0
0
0
0
0
0
0
0
0
0
0
0
0
0
0
0
0
0
0
0
0
0
0
0
0
0
0
0
0
0
0
0
0
0
0
0
0
0
0
0
0
0
0
0
0
0
0
0
0
0
0
0
0
0
0
0
0
0
0
0
0
0
0
0
0
0
0
0
0
0
0
0
0
0
0
0
0
0
0
0
0
0
0
0
0
0
0
0
0
0
0
0
0
0
0
0
0
0
0
0
0
0
0
0
0
0
0
0
0
0
0
0
0
0
0
0
0
0
0
0
0
0
0
0
0
0
0
0
0
0
0
0
0
0
0
0
0
0
0
0
0
0
0
0
0
0
0
0
295.389
164.944
58.3733
11.9281
1.69346
0.2309
0.0698125
0.0226855
0.00308473
3.67947e-05
5.41034e-07
1.27903e-08
1.05004e-10
8.10173e-13
2.87839e-11
4.33214e-09
5.03925e-07
1.61673e-05
7.85925e-05
0.000197778
0.000295391
0.00020709
9.25248e-05
1.89345e-05
1.26894e-06
6.43502e-09
1.98223e-11
2.32575e-14
4.19881e-17
8.97704e-20
1.94286e-22
4.11864e-25
8.82055e-28
1.79441e-30
3.39308e-33
5.90608e-36
9.74117e-39
1.55904e-41
2.4505e-44
3.99042e-47
6.25197e-50
9.82376e-53
1.44251e-55
2.01812e-58
2.31749e-72
2.91573e-73
1.1514e-75
4.18203e-78
1.13149e-80
2.0005e-83
2.63186e-86
2.86178e-89
2.30681e-92
1.81245e-95
1.42602e-98
1.12362e-101
8.81012e-105
6.95719e-108
5.50899e-111
4.3093e-114
4.31432e-117
3.98163e-120
4.25203e-123
4.58443e-126
4.87761e-129
5.1321e-132
5.31168e-135
5.44449e-138
5.55588e-141
5.59657e-144
5.62339e-147
5.5023e-150
5.38715e-153
5.35991e-156
0
0
0
0
0
0
0
0
0
0
0
0
0
0
0
0
0
0
0
0
0
0
0
0
0
0
0
0
0
0
0
0
0
0
0
0
0
0
0
0
0
0
0
0
0
0
0
0
0
0
0
0
0
0
0
0
0
0
0
0
0
0
0
0
0
0
0
0
0
0
0
0
0
0
0
0
0
0
0
0
0
0
0
0
0
0
0
0
0
0
0
0
0
0
0
0
0
0
0
0
0
0
0
0
0
0
0
0
0
0
0
0
0
0
0
0
0
0
0
0
0
0
0
0
0
0
0
0
0
0
0
0
0
0
0
0
0
0
0
0
0
0
0
0
0
0
0
0
0
0
0
0
0
0
0
0
0
0
0
0
0
0
0
0
0
0
0
0
0
0
0
0
0
0
0
0
0
0
0
0
0
0
0
0
0
0
0
0
0
0
0
0
0
0
0
0
0
0
0
0
0
0
0
0
0
0
0
0
0
0
0
0
0
0
0
0
0
0
0
0
0
0
0
0
0
0
0
0
0
0
0
0
0
0
0
0
0
0
0
0
0
0
0
0
0
0
0
0
0
0
0
0
0
0
0
0
0
0
0
0
0
0
0
0
0
0
0
0
0
0
0
0
0
0
0
0
0
0
0
0
0
0
0
0
0
0
0
0
0
0
0
0
0
0
0
0
0
0
0
0
910.953
590.389
192.532
56.2589
16.315
7.23434
3.58911
1.66667
0.466574
0.00444051
0.000108693
2.38178e-06
1.30828e-08
6.23612e-11
1.67072e-09
3.94122e-07
7.31642e-05
0.00219995
0.0125444
0.165676
0.281425
0.215775
0.114056
0.00715588
0.000821293
4.07089e-06
1.29325e-08
5.14177e-13
1.12839e-14
2.80198e-17
2.93922e-20
1.32992e-23
8.51843e-27
6.61757e-30
5.99282e-33
5.94074e-36
6.36554e-39
7.3572e-42
1.07531e-44
1.57188e-47
2.6327e-50
7.85979e-53
1.38538e-55
2.04901e-58
2.34366e-69
3.33142e-70
1.35645e-72
5.36706e-75
1.52945e-77
2.61793e-80
3.14772e-83
2.98051e-86
9.46234e-90
3.4921e-93
1.65115e-96
9.96017e-100
7.34094e-103
5.84509e-106
4.9719e-109
4.35924e-112
2.36371e-114
2.23648e-117
3.41495e-120
3.53212e-123
3.70707e-126
3.71661e-129
3.71125e-132
3.6305e-135
3.56184e-138
3.43718e-141
3.2842e-144
2.95877e-147
2.5711e-150
2.22779e-153
5.94495e-162
0
0
0
0
0
0
0
0
0
0
0
0
0
0
0
0
0
0
0
0
0
0
0
0
0
0
0
0
0
0
0
0
0
0
0
0
0
0
0
0
0
0
0
0
0
0
0
0
0
0
0
0
0
0
0
0
0
0
0
0
0
0
0
0
0
0
0
0
0
0
0
0
0
0
0
0
0
0
0
0
0
0
0
0
0
0
0
0
0
0
0
0
0
0
0
0
0
0
0
0
0
0
0
0
0
0
0
0
0
0
0
0
0
0
0
0
0
0
0
0
0
0
0
0
0
0
0
0
0
0
0
0
0
0
0
0
0
0
0
0
0
0
0
0
0
0
0
0
0
0
0
0
0
0
0
0
0
0
0
0
0
0
0
0
0
0
0
0
0
0
0
0
0
0
0
0
0
0
0
0
0
0
0
0
0
0
0
0
0
0
0
0
0
0
0
0
0
0
0
0
0
0
0
0
0
0
0
0
0
0
0
0
0
0
0
0
0
0
0
0
0
0
0
0
0
0
0
0
0
0
0
0
0
0
0
0
0
0
0
0
0
0
0
0
0
0
0
0
0
0
0
0
0
0
0
0
0
0
0
0
0
0
0
0
0
0
0
0
0
0
0
0
0
0
0
0
0
0
0
0
0
0
0
0
0
0
0
0
0
0
0
0
0
0
0
0
0
0
0
818.132
760.341
279.04
117.378
60.7321
32.3079
19.7544
12.1488
5.27188
0.949048
0.0402687
0.000590731
1.70901e-06
3.29983e-09
2.09008e-07
0.000125826
0.0235952
0.861639
4.84654
19.5676
25.9941
24.1553
19.2448
6.33885
1.62703
0.111758
0.00129236
1.61282e-10
4.00811e-24
6.90175e-43
1.21559e-48
1.54678e-69
6.64821e-70
1.17166e-90
1.03561e-113
1.74501e-219
0
0
3.60134e-42
2.12981e-45
3.59962e-48
4.67447e-50
4.45042e-53
4.13999e-56
6.12525e-66
1.1135e-66
4.8051e-69
2.06184e-71
6.2339e-74
1.05884e-76
1.21313e-79
1.05996e-82
0
0
0
0
0
0
0
0
0
0
5.17768e-117
4.03291e-120
4.08762e-123
3.60096e-126
3.4239e-129
3.06784e-132
2.89311e-135
2.5694e-138
2.27218e-141
1.67895e-144
1.01741e-147
5.26028e-151
5.14062e-159
1.35142e-160
3.38996e-163
0
0
0
0
0
0
0
0
0
0
0
0
0
0
0
0
0
0
0
0
0
0
0
0
0
0
0
0
0
0
0
0
0
0
0
0
0
0
0
0
0
0
0
0
0
0
0
0
0
0
0
0
0
0
0
0
0
0
0
0
0
0
0
0
0
0
0
0
0
0
0
0
0
0
0
0
0
0
0
0
0
0
0
0
0
0
0
0
0
0
0
0
0
0
0
0
0
0
0
0
0
0
0
0
0
0
0
0
0
0
0
0
0
0
0
0
0
0
0
0
0
0
0
0
0
0
0
0
0
0
0
0
0
0
0
0
0
0
0
0
0
0
0
0
0
0
0
0
0
0
0
0
0
0
0
0
0
0
0
0
0
0
0
0
0
0
0
0
0
0
0
0
0
0
0
0
0
0
0
0
0
0
0
0
0
0
0
0
0
0
0
0
0
0
0
0
0
0
0
0
0
0
0
0
0
0
0
0
0
0
0
0
0
0
0
0
0
0
0
0
0
0
0
0
0
0
0
0
0
0
0
0
0
0
0
0
0
0
0
0
0
0
0
0
0
0
0
0
0
0
0
0
0
0
0
0
0
0
0
0
0
0
0
0
0
0
0
0
0
0
0
0
0
0
0
0
0
0
0
0
0
0
0
0
0
0
0
0
0
0
0
0
0
0
0
0
0
2356.23
2693.38
2509.63
2176.52
1732.19
871.598
484.354
274.821
119.362
22.8499
3.98653
0.448183
0.000738165
6.73961e-07
0.000100723
0.0480175
4.56196
46.7661
138.027
403.059
454.509
440.905
421.839
185.891
73.8714
26.6197
2.773
0.012385
2.85787e-05
3.60782e-08
1.44303e-11
1.62049e-16
1.01339e-22
2.40666e-30
1.55556e-42
1.31706e-69
0
0
0
0
0
8.0198e-47
3.16104e-50
1.03266e-53
6.63615e-62
1.14039e-62
5.01891e-65
2.47281e-67
8.45473e-70
1.60675e-72
1.97633e-75
1.81511e-78
1.41944e-81
1.008e-84
7.20615e-88
5.09888e-91
3.77632e-94
2.83171e-97
2.22603e-100
1.69567e-103
1.42872e-106
1.10268e-109
9.89981e-113
8.11286e-116
7.47124e-119
6.35111e-122
5.65579e-125
4.68743e-128
3.92589e-131
3.06698e-134
2.34684e-137
1.62186e-140
9.54146e-144
4.891e-147
6.87717e-155
1.10788e-156
1.79254e-159
4.01044e-162
0
0
0
0
0
0
0
0
0
0
0
0
0
0
0
0
0
0
0
0
0
0
0
0
0
0
0
0
0
0
0
0
0
0
0
0
0
0
0
0
0
0
0
0
0
0
0
0
0
0
0
0
0
0
0
0
0
0
0
0
0
0
0
0
0
0
0
0
0
0
0
0
0
0
0
0
0
0
0
0
0
0
0
0
0
0
0
0
0
0
0
0
0
0
0
0
0
0
0
0
0
0
0
0
0
0
0
0
0
0
0
0
0
0
0
0
0
0
0
0
0
0
0
0
0
0
0
0
0
0
0
0
0
0
0
0
0
0
0
0
0
0
0
0
0
0
0
0
0
0
0
0
0
0
0
0
0
0
0
0
0
0
0
0
0
0
0
0
0
0
0
0
0
0
0
0
0
0
0
0
0
0
0
0
0
0
0
0
0
0
0
0
0
0
0
0
0
0
0
0
0
0
0
0
0
0
0
0
0
0
0
0
0
0
0
0
0
0
0
0
0
0
0
0
0
0
0
0
0
0
0
0
0
0
0
0
0
0
0
0
0
0
0
0
0
0
0
0
0
0
0
0
0
0
0
0
0
0
0
0
0
0
0
0
0
0
0
0
0
0
0
0
0
0
0
0
0
0
0
0
0
0
0
0
0
0
0
0
0
0
0
0
0
0
0
0
5707.43
6308.89
6362.9
5348.92
3794.32
3765.19
3432.22
3139.23
2705.04
455.724
118.783
16.576
0.738003
0.000888795
0.0244715
5.10269
87.7294
584.248
1545.19
6525.31
6603.87
6817.41
6821.01
2306.27
908.853
460.939
78.7217
6.61509
0.0293852
7.44149e-05
1.03672e-07
9.97925e-11
8.6803e-14
7.4529e-17
6.57684e-20
5.3354e-23
3.68435e-26
7.71779e-30
0
0
0
5.85024e-43
1.4095e-46
2.27525e-50
2.7623e-58
3.01336e-59
1.20169e-61
6.70891e-64
2.97058e-66
7.23039e-69
1.1363e-71
1.27044e-74
1.15436e-77
9.45436e-81
7.50486e-84
5.84723e-87
4.67022e-90
3.77393e-93
3.1134e-96
2.54393e-99
2.19125e-102
1.78752e-105
1.5809e-108
1.3386e-111
1.20916e-114
1.04101e-117
9.29414e-121
7.69255e-124
6.4483e-127
4.95078e-130
3.76525e-133
2.53143e-136
1.56756e-139
8.04144e-143
7.88954e-151
8.90206e-153
1.17251e-155
2.17765e-158
5.3414e-161
0
0
0
0
0
0
0
0
0
0
0
0
0
0
0
0
0
0
0
0
0
0
0
0
0
0
0
0
0
0
0
0
0
0
0
0
0
0
0
0
0
0
0
0
0
0
0
0
0
0
0
0
0
0
0
0
0
0
0
0
0
0
0
0
0
0
0
0
0
0
0
0
0
0
0
0
0
0
0
0
0
0
0
0
0
0
0
0
0
0
0
0
0
0
0
0
0
0
0
0
0
0
0
0
0
0
0
0
0
0
0
0
0
0
0
0
0
0
0
0
0
0
0
0
0
0
0
0
0
0
0
0
0
0
0
0
0
0
0
0
0
0
0
0
0
0
0
0
0
0
0
0
0
0
0
0
0
0
0
0
0
0
0
0
0
0
0
0
0
0
0
0
0
0
0
0
0
0
0
0
0
0
0
0
0
0
0
0
0
0
0
0
0
0
0
0
0
0
0
0
0
0
0
0
0
0
0
0
0
0
0
0
0
0
0
0
0
0
0
0
0
0
0
0
0
0
0
0
0
0
0
0
0
0
0
0
0
0
0
0
0
0
0
0
0
0
0
0
0
0
0
0
0
0
0
0
0
0
0
0
0
0
0
0
0
0
0
0
0
0
0
0
0
0
0
0
0
0
0
0
0
0
0
0
0
0
0
0
0
0
0
0
0
0
0
6664.09
6860.14
7051.6
6875.13
6030.99
5315.14
4526.27
4185.25
3759.24
3393.11
2252.35
368.918
19.43
0.607482
1.49911
58.4023
736.725
8381.21
8490.4
8307.27
8191.38
8500.14
8881.96
9326.19
8886.93
7360.34
892.232
101.716
7.67393
0.0350331
9.89112e-05
1.59983e-07
1.85179e-10
1.91029e-13
1.92661e-16
1.87598e-19
1.65746e-22
1.28309e-25
8.24396e-29
4.42827e-32
1.87104e-35
5.71827e-39
1.22466e-42
1.68281e-46
4.72821e-55
2.84867e-56
9.43554e-59
5.81835e-61
3.06418e-63
9.75737e-66
2.07311e-68
3.16302e-71
3.66389e-74
3.59859e-77
3.35595e-80
2.98024e-83
2.63528e-86
2.32269e-89
2.05782e-92
1.81746e-95
1.62791e-98
1.41162e-101
1.28007e-104
1.10779e-107
1.01569e-110
8.84281e-114
8.03043e-117
6.78876e-120
5.86973e-123
4.64867e-126
3.62496e-129
2.5264e-132
1.61885e-135
8.70654e-139
5.1556e-147
4.15479e-149
4.81217e-152
6.6601e-155
1.40825e-157
3.75543e-160
1.38736e-162
0
0
0
0
0
0
0
0
0
0
0
0
0
0
0
0
0
0
0
0
0
0
0
0
0
0
0
0
0
0
0
0
0
0
0
0
0
0
0
0
0
0
0
0
0
0
0
0
0
0
0
0
0
0
0
0
0
0
0
0
0
0
0
0
0
0
0
0
0
0
0
0
0
0
0
0
0
0
0
0
0
0
0
0
0
0
0
0
0
0
0
0
0
0
0
0
0
0
0
0
0
0
0
0
0
0
0
0
0
0
0
0
0
0
0
0
0
0
0
0
0
0
0
0
0
0
0
0
0
0
0
0
0
0
0
0
0
0
0
0
0
0
0
0
0
0
0
0
0
0
0
0
0
0
0
0
0
0
0
0
0
0
0
0
0
0
0
0
0
0
0
0
0
0
0
0
0
0
0
0
0
0
0
0
0
0
0
0
0
0
0
0
0
0
0
0
0
0
0
0
0
0
0
0
0
0
0
0
0
0
0
0
0
0
0
0
0
0
0
0
0
0
0
0
0
0
0
0
0
0
0
0
0
0
0
0
0
0
0
0
0
0
0
0
0
0
0
0
0
0
0
0
0
0
0
0
0
0
0
0
0
0
0
0
0
0
0
0
0
0
0
0
0
0
0
0
0
0
0
0
0
0
0
0
0
0
0
0
0
0
0
0
0
6704.58
6879.43
7055.93
7054.28
6640.3
6184.12
5257.92
4731.14
4465.25
4257.63
4123.79
3504.78
156.791
5.30261
12.0341
294.64
9122.65
10657.3
10305.2
10089.7
9952.38
9832.76
10314.9
10406.2
9602.21
8357.55
7259.12
783.233
79.28
5.96592
0.0269955
7.73279e-05
1.43372e-07
1.99781e-10
2.44151e-13
2.80455e-16
3.05093e-19
3.01018e-22
2.54777e-25
1.75806e-28
9.6841e-32
3.81984e-35
9.10644e-39
1.20006e-42
3.98478e-52
1.71412e-53
4.65358e-56
3.52941e-58
2.03821e-60
6.48897e-63
1.56291e-65
3.01747e-68
4.69992e-71
5.84052e-74
6.50474e-77
6.8217e-80
6.82497e-83
6.68824e-86
6.50645e-89
6.23604e-92
5.95108e-95
5.58027e-98
5.26281e-101
4.79984e-104
4.48487e-107
4.08761e-110
3.76094e-113
3.34727e-116
2.95428e-119
2.47116e-122
1.98235e-125
1.4676e-128
9.74765e-132
5.68967e-135
1.70035e-143
1.01777e-145
1.1791e-148
1.28716e-151
2.0999e-154
5.09598e-157
1.4623e-159
4.94461e-162
0
0
0
0
0
0
0
0
0
0
0
0
0
0
0
0
0
0
0
0
0
0
0
0
0
0
0
0
0
0
0
0
0
0
0
0
0
0
0
0
0
0
0
0
0
0
0
0
0
0
0
0
0
0
0
0
0
0
0
0
0
0
0
0
0
0
0
0
0
0
0
0
0
0
0
0
0
0
0
0
0
0
0
0
0
0
0
0
0
0
0
0
0
0
0
0
0
0
0
0
0
0
0
0
0
0
0
0
0
0
0
0
0
0
0
0
0
0
0
0
0
0
0
0
0
0
0
0
0
0
0
0
0
0
0
0
0
0
0
0
0
0
0
0
0
0
0
0
0
0
0
0
0
0
0
0
0
0
0
0
0
0
0
0
0
0
0
0
0
0
0
0
0
0
0
0
0
0
0
0
0
0
0
0
0
0
0
0
0
0
0
0
0
0
0
0
0
0
0
0
0
0
0
0
0
0
0
0
0
0
0
0
0
0
0
0
0
0
0
0
0
0
0
0
0
0
0
0
0
0
0
0
0
0
0
0
0
0
0
0
0
0
0
0
0
0
0
0
0
0
0
0
0
0
0
0
0
0
0
0
0
0
0
0
0
0
0
0
0
0
0
0
0
0
0
0
0
0
0
0
0
0
0
0
0
0
0
0
0
0
0
0
6851.75
7134.95
7285.11
7006.83
6621.12
6264.73
5382.9
5131.42
5276.27
5511.95
4966.87
3466.16
170.516
12.2632
61.0467
1058.55
10364.3
12205
11714.8
11737.7
11003
10800.5
10801.9
10310.6
9679.64
9424.97
8501.41
9162.21
474.914
51.2669
4.14842
0.0155401
3.83938e-05
7.10165e-08
1.08813e-10
1.52991e-13
2.05081e-16
2.56524e-19
2.82532e-22
2.61565e-25
1.9809e-28
1.07776e-31
3.53367e-35
4.75976e-39
2.21796e-49
1.26801e-51
1.90974e-53
2.07693e-55
1.29397e-57
3.97985e-60
8.80105e-63
1.72497e-65
2.96265e-68
4.4733e-71
5.91339e-74
7.13733e-77
8.24667e-80
8.98688e-83
9.58073e-86
9.95552e-89
1.02238e-91
1.02131e-94
1.01455e-97
9.73708e-101
9.35211e-104
8.83083e-107
8.25944e-110
7.67273e-113
6.93767e-116
6.13382e-119
5.18279e-122
4.1188e-125
3.0015e-128
1.95115e-131
2.90221e-140
4.34897e-143
1.44813e-145
1.3983e-148
1.78422e-151
3.63278e-154
9.71635e-157
2.89785e-159
9.41174e-162
0
0
0
0
0
0
0
0
0
0
0
0
0
0
0
0
0
0
0
0
0
0
0
0
0
0
0
0
0
0
0
0
0
0
0
0
0
0
0
0
0
0
0
0
0
0
0
0
0
0
0
0
0
0
0
0
0
0
0
0
0
0
0
0
0
0
0
0
0
0
0
0
0
0
0
0
0
0
0
0
0
0
0
0
0
0
0
0
0
0
0
0
0
0
0
0
0
0
0
0
0
0
0
0
0
0
0
0
0
0
0
0
0
0
0
0
0
0
0
0
0
0
0
0
0
0
0
0
0
0
0
0
0
0
0
0
0
0
0
0
0
0
0
0
0
0
0
0
0
0
0
0
0
0
0
0
0
0
0
0
0
0
0
0
0
0
0
0
0
0
0
0
0
0
0
0
0
0
0
0
0
0
0
0
0
0
0
0
0
0
0
0
0
0
0
0
0
0
0
0
0
0
0
0
0
0
0
0
0
0
0
0
0
0
0
0
0
0
0
0
0
0
0
0
0
0
0
0
0
0
0
0
0
0
0
0
0
0
0
0
0
0
0
0
0
0
0
0
0
0
0
0
0
0
0
0
0
0
0
0
0
0
0
0
0
0
0
0
0
0
0
0
0
0
0
0
0
0
0
0
0
0
0
0
0
0
0
0
0
0
0
7289.86
7368.08
7012.21
6819.84
6687.39
6480.61
6199.83
6383.92
6733.42
7238.94
7104.14
5986.52
4501.46
177.964
486.564
399.163
311.289
11230.9
12561.5
13353.4
14451.2
13842.8
13200.3
12063.6
11570.3
11481.7
10753.9
9885.23
9742.67
9024.15
3080.39
332.585
40.6557
2.78485
0.00720274
1.38184e-05
2.23799e-08
3.31784e-11
4.80488e-14
6.89037e-17
9.49693e-20
1.20379e-22
1.28798e-25
1.09948e-28
6.11461e-32
6.82671e-39
5.45283e-40
2.57042e-43
8.27292e-47
1.25693e-48
7.83012e-51
1.26323e-52
7.89702e-55
2.30757e-57
4.79544e-60
8.52169e-63
1.42406e-65
2.14932e-68
3.02126e-71
3.90995e-74
4.89117e-77
5.86411e-80
6.83389e-83
7.73341e-86
8.59352e-89
9.23864e-92
9.82259e-95
9.99491e-98
1.01732e-100
9.95802e-104
9.72805e-107
9.37901e-110
8.80511e-113
8.1899e-116
7.2851e-119
6.27249e-122
5.06145e-125
3.69888e-128
3.05862e-131
3.11381e-134
3.56355e-137
4.17276e-140
4.82052e-143
5.50311e-146
7.00937e-149
1.32662e-151
3.28545e-154
9.31441e-157
2.8539e-159
9.34124e-162
0
0
0
0
0
0
0
0
0
0
0
0
0
0
0
0
0
0
0
0
0
0
0
0
0
0
0
0
0
0
0
0
0
0
0
0
0
0
0
0
0
0
0
0
0
0
0
0
0
0
0
0
0
0
0
0
0
0
0
0
0
0
0
0
0
0
0
0
0
0
0
0
0
0
0
0
0
0
0
0
0
0
0
0
0
0
0
0
0
0
0
0
0
0
0
0
0
0
0
0
0
0
0
0
0
0
0
0
0
0
0
0
0
0
0
0
0
0
0
0
0
0
0
0
0
0
0
0
0
0
0
0
0
0
0
0
0
0
0
0
0
0
0
0
0
0
0
0
0
0
0
0
0
0
0
0
0
0
0
0
0
0
0
0
0
0
0
0
0
0
0
0
0
0
0
0
0
0
0
0
0
0
0
0
0
0
0
0
0
0
0
0
0
0
0
0
0
0
0
0
0
0
0
0
0
0
0
0
0
0
0
0
0
0
0
0
0
0
0
0
0
0
0
0
0
0
0
0
0
0
0
0
0
0
0
0
0
0
0
0
0
0
0
0
0
0
0
0
0
0
0
0
0
0
0
0
0
0
0
0
0
0
0
0
0
0
0
0
0
0
0
0
0
0
0
0
0
0
0
0
0
0
0
0
0
0
0
0
0
0
0
0
0
0
0
0
0
0
0
0
0
0
0
0
0
0
0
0
0
0
6154.12
6273
5928.84
5857.91
5963.2
6232.97
6397.76
5992.76
5951.49
6246.84
6914.12
7055.53
7353.47
6801.22
10097
11789.3
11939.7
13109.6
13731.6
14608.6
14403
13861.1
12626.5
12217
12249.9
11195.5
10742.9
10478.4
9760.01
9628.92
9307.68
2817.16
260.459
27.6442
1.28836
0.00199874
2.66438e-06
3.55073e-09
4.9498e-12
7.11599e-15
1.01314e-17
1.36777e-20
1.74802e-23
2.00749e-26
1.98099e-29
1.43355e-32
1.74092e-36
9.98545e-41
5.04095e-43
2.42151e-45
7.09741e-48
1.95949e-50
1.49831e-52
6.92764e-55
1.72194e-57
3.28207e-60
5.21785e-63
7.77024e-66
1.0356e-68
1.35258e-71
1.65231e-74
1.9943e-77
2.35907e-80
2.72362e-83
3.09998e-86
3.45824e-89
3.7981e-92
4.04004e-95
4.27354e-98
4.35091e-101
4.4094e-104
4.32518e-107
4.22687e-110
4.03784e-113
3.81705e-116
3.56157e-119
3.22148e-122
2.86573e-125
2.44775e-128
2.28502e-131
2.14565e-134
2.22274e-137
2.3705e-140
2.50246e-143
2.61663e-146
2.70779e-149
2.88079e-152
3.30402e-155
4.68578e-158
9.47034e-161
0
0
0
0
0
0
0
0
0
0
0
0
0
0
0
0
0
0
0
0
0
0
0
0
0
0
0
0
0
0
0
0
0
0
0
0
0
0
0
0
0
0
0
0
0
0
0
0
0
0
0
0
0
0
0
0
0
0
0
0
0
0
0
0
0
0
0
0
0
0
0
0
0
0
0
0
0
0
0
0
0
0
0
0
0
0
0
0
0
0
0
0
0
0
0
0
0
0
0
0
0
0
0
0
0
0
0
0
0
0
0
0
0
0
0
0
0
0
0
0
0
0
0
0
0
0
0
0
0
0
0
0
0
0
0
0
0
0
0
0
0
0
0
0
0
0
0
0
0
0
0
0
0
0
0
0
0
0
0
0
0
0
0
0
0
0
0
0
0
0
0
0
0
0
0
0
0
0
0
0
0
0
0
0
0
0
0
0
0
0
0
0
0
0
0
0
0
0
0
0
0
0
0
0
0
0
0
0
0
0
0
0
0
0
0
0
0
0
0
0
0
0
0
0
0
0
0
0
0
0
0
0
0
0
0
0
0
0
0
0
0
0
0
0
0
0
0
0
0
0
0
0
0
0
0
0
0
0
0
0
0
0
0
0
0
0
0
0
0
0
0
0
0
0
0
0
0
0
0
0
0
0
0
0
0
0
0
0
0
0
0
0
0
0
0
0
0
0
0
0
0
0
0
0
0
0
0
0
0
0
4597.7
4902.42
4858.3
4808.55
4868.64
4986.04
5358.47
5857.61
5974.8
6054.61
6574.65
6905.75
7918.94
9231.35
10389.9
11501
12872.2
13065.5
13242.6
12710.1
12145.7
11766
12089
11955.2
11602
11327.7
10856.5
10396
10285.1
9933.6
9861.1
9350.72
1243.9
118.825
10.56
0.0666608
7.1419e-05
1.20635e-07
1.89873e-10
2.66739e-13
3.39459e-16
4.15178e-19
5.0231e-22
6.07458e-25
7.51984e-28
9.02818e-31
1.04088e-33
1.23281e-36
1.61183e-39
2.3397e-42
3.99716e-45
7.58551e-48
1.37513e-50
2.1546e-53
2.99365e-56
3.81507e-59
4.7794e-62
5.69317e-65
6.77024e-68
7.97374e-71
9.06525e-74
1.03003e-76
1.15413e-79
1.281e-82
1.40614e-85
1.52536e-88
1.63189e-91
1.71278e-94
1.79278e-97
1.81871e-100
1.86612e-103
1.84779e-106
1.86209e-109
1.82435e-112
1.80746e-115
1.76451e-118
1.7225e-121
1.68174e-124
1.59871e-127
1.51796e-130
1.40261e-133
1.31802e-136
1.22134e-139
1.15732e-142
1.1008e-145
1.05107e-148
1.02669e-151
1.01344e-154
1.05597e-157
1.21441e-160
0
0
0
0
0
0
0
0
0
0
0
0
0
0
0
0
0
0
0
0
0
0
0
0
0
0
0
0
0
0
0
0
0
0
0
0
0
0
0
0
0
0
0
0
0
0
0
0
0
0
0
0
0
0
0
0
0
0
0
0
0
0
0
0
0
0
0
0
0
0
0
0
0
0
0
0
0
0
0
0
0
0
0
0
0
0
0
0
0
0
0
0
0
0
0
0
0
0
0
0
0
0
0
0
0
0
0
0
0
0
0
0
0
0
0
0
0
0
0
0
0
0
0
0
0
0
0
0
0
0
0
0
0
0
0
0
0
0
0
0
0
0
0
0
0
0
0
0
0
0
0
0
0
0
0
0
0
0
0
0
0
0
0
0
0
0
0
0
0
0
0
0
0
0
0
0
0
0
0
0
0
0
0
0
0
0
0
0
0
0
0
0
0
0
0
0
0
0
0
0
0
0
0
0
0
0
0
0
0
0
0
0
0
0
0
0
0
0
0
0
0
0
0
0
0
0
0
0
0
0
0
0
0
0
0
0
0
0
0
0
0
0
0
0
0
0
0
0
0
0
0
0
0
0
0
0
0
0
0
0
0
0
0
0
0
0
0
0
0
0
0
0
0
0
0
0
0
0
0
0
0
0
0
0
0
0
0
0
0
0
0
0
0
0
0
0
0
0
0
0
0
0
0
0
0
0
0
0
0
0
3836.35
4015.94
3953.12
3883.6
4054.23
4219.78
4543.86
4844.7
5103.86
5400.84
5794.64
6200.23
6928.63
7904.25
8698.02
9495.48
10471.8
11651.8
11027.1
11010.9
11077.7
11176.9
11122.8
11128.7
11031.9
10909.3
10775.3
10567.5
10414.5
10419.7
10256.7
10301.9
2717.4
252.513
22.9745
1.16815
0.00128835
1.28688e-06
1.42892e-09
1.81987e-12
2.33793e-15
2.93958e-18
3.58653e-21
4.23857e-24
5.05735e-27
6.2468e-30
7.98139e-33
1.06268e-35
1.48081e-38
2.09326e-41
2.93483e-44
3.9034e-47
4.97836e-50
5.93602e-53
6.83235e-56
7.53293e-59
8.29318e-62
8.83202e-65
9.51544e-68
1.01616e-70
1.06376e-73
1.12822e-76
1.16537e-79
1.21751e-82
1.24486e-85
1.27384e-88
1.27152e-91
1.26935e-94
1.23501e-97
1.19373e-100
1.14406e-103
1.07476e-106
1.0186e-109
9.40704e-113
8.83982e-116
8.10768e-119
7.5688e-122
6.92224e-125
6.40339e-128
5.64344e-131
4.96193e-134
4.24161e-137
3.60376e-140
3.10724e-143
2.63927e-146
2.28213e-149
1.98145e-152
1.73448e-155
1.55539e-158
1.4255e-161
0
0
0
0
0
0
0
0
0
0
0
0
0
0
0
0
0
0
0
0
0
0
0
0
0
0
0
0
0
0
0
0
0
0
0
0
0
0
0
0
0
0
0
0
0
0
0
0
0
0
0
0
0
0
0
0
0
0
0
0
0
0
0
0
0
0
0
0
0
0
0
0
0
0
0
0
0
0
0
0
0
0
0
0
0
0
0
0
0
0
0
0
0
0
0
0
0
0
0
0
0
0
0
0
0
0
0
0
0
0
0
0
0
0
0
0
0
0
0
0
0
0
0
0
0
0
0
0
0
0
0
0
0
0
0
0
0
0
0
0
0
0
0
0
0
0
0
0
0
0
0
0
0
0
0
0
0
0
0
0
0
0
0
0
0
0
0
0
0
0
0
0
0
0
0
0
0
0
0
0
0
0
0
0
0
0
0
0
0
0
0
0
0
0
0
0
0
0
0
0
0
0
0
0
0
0
0
0
0
0
0
0
0
0
0
0
0
0
0
0
0
0
0
0
0
0
0
0
0
0
0
0
0
0
0
0
0
0
0
0
0
0
0
0
0
0
0
0
0
0
0
0
0
0
0
0
0
0
0
0
0
0
0
0
0
0
0
0
0
0
0
0
0
0
0
0
0
0
0
0
0
0
0
0
0
0
0
0
0
0
0
0
0
0
0
0
0
0
0
0
0
0
0
0
0
0
0
0
0
0
3644.69
3689.62
3747.1
3780.82
3854.96
4032.9
4248.83
4544.83
4610.63
4787.19
5098.28
5652.73
6442.28
7344.27
8167.57
8898.75
9541.18
10124.5
10122.3
10345
10614.6
10647.2
10629
10663.3
10592.5
10656.2
10894.9
11003.7
11003.9
11145.1
11126.3
11298
2050.51
176.163
14.4383
0.419
0.000312525
2.84656e-07
3.53645e-10
4.59735e-13
5.69122e-16
6.50818e-19
7.70077e-22
8.79065e-25
1.10172e-27
1.35786e-30
1.78587e-33
2.38305e-36
3.07621e-39
3.84372e-42
4.6597e-45
5.55418e-48
6.32773e-51
7.00854e-54
7.4311e-57
7.72949e-60
7.94831e-63
7.78624e-66
7.86064e-69
7.46014e-72
7.29215e-75
6.94652e-78
6.59808e-81
6.22504e-84
5.78896e-87
5.374e-90
4.88692e-93
4.45775e-96
3.94442e-99
3.52767e-102
3.05686e-105
2.69026e-108
2.33605e-111
2.06809e-114
1.86783e-117
1.63595e-120
1.47747e-123
1.26219e-126
1.12397e-129
8.96206e-133
7.20078e-136
5.58158e-139
4.34249e-142
3.35299e-145
2.56218e-148
1.97752e-151
1.50792e-154
1.16876e-157
9.20083e-161
0
0
0
0
0
0
0
0
0
0
0
0
0
0
0
0
0
0
0
0
0
0
0
0
0
0
0
0
0
0
0
0
0
0
0
0
0
0
0
0
0
0
0
0
0
0
0
0
0
0
0
0
0
0
0
0
0
0
0
0
0
0
0
0
0
0
0
0
0
0
0
0
0
0
0
0
0
0
0
0
0
0
0
0
0
0
0
0
0
0
0
0
0
0
0
0
0
0
0
0
0
0
0
0
0
0
0
0
0
0
0
0
0
0
0
0
0
0
0
0
0
0
0
0
0
0
0
0
0
0
0
0
0
0
0
0
0
0
0
0
0
0
0
0
0
0
0
0
0
0
0
0
0
0
0
0
0
0
0
0
0
0
0
0
0
0
0
0
0
0
0
0
0
0
0
0
0
0
0
0
0
0
0
0
0
0
0
0
0
0
0
0
0
0
0
0
0
0
0
0
0
0
0
0
0
0
0
0
0
0
0
0
0
0
0
0
0
0
0
0
0
0
0
0
0
0
0
0
0
0
0
0
0
0
0
0
0
0
0
0
0
0
0
0
0
0
0
0
0
0
0
0
0
0
0
0
0
0
0
0
0
0
0
0
0
0
0
0
0
0
0
0
0
0
0
0
0
0
0
0
0
0
0
0
0
0
0
0
0
0
0
0
0
0
0
0
0
0
0
0
0
0
0
0
0
0
0
0
0
0
0
3473.91
3546.09
3758.31
3827.45
3856.07
4121.05
4371.47
4734
4943.51
4960.96
5310.64
5892.5
6598.62
7343.36
7953.66
8462.56
8834.29
9198.88
9404.6
9527.9
9870.12
10155.5
10318.2
10527.6
10500.9
10765.7
11247.8
11660.9
11875.2
11860.4
12280.2
12686.7
3734.01
263.456
20.0439
0.795442
0.000659061
5.00968e-07
4.51292e-10
4.71097e-13
4.95572e-16
4.68952e-19
4.34221e-22
3.61012e-25
3.14556e-28
2.65142e-31
2.37905e-34
2.19386e-37
2.10905e-40
2.07825e-43
2.06379e-46
2.03515e-49
2.00163e-52
1.95661e-55
1.86573e-58
1.80114e-61
1.67497e-64
1.57806e-67
1.46103e-70
1.33117e-73
1.23255e-76
1.10094e-79
1.00316e-82
8.9084e-86
7.94913e-89
6.98047e-92
6.09229e-95
5.24168e-98
4.43505e-101
3.75114e-104
3.072e-107
2.5448e-110
2.03934e-113
1.65423e-116
1.31013e-119
1.0485e-122
8.23603e-126
6.48769e-129
5.11039e-132
3.94726e-135
3.08246e-138
2.33432e-141
1.7928e-144
1.34168e-147
1.01702e-150
7.6278e-154
5.74491e-157
4.38483e-160
0
0
0
0
0
0
0
0
0
0
0
0
0
0
0
0
0
0
0
0
0
0
0
0
0
0
0
0
0
0
0
0
0
0
0
0
0
0
0
0
0
0
0
0
0
0
0
0
0
0
0
0
0
0
0
0
0
0
0
0
0
0
0
0
0
0
0
0
0
0
0
0
0
0
0
0
0
0
0
0
0
0
0
0
0
0
0
0
0
0
0
0
0
0
0
0
0
0
0
0
0
0
0
0
0
0
0
0
0
0
0
0
0
0
0
0
0
0
0
0
0
0
0
0
0
0
0
0
0
0
0
0
0
0
0
0
0
0
0
0
0
0
0
0
0
0
0
0
0
0
0
0
0
0
0
0
0
0
0
0
0
0
0
0
0
0
0
0
0
0
0
0
0
0
0
0
0
0
0
0
0
0
0
0
0
0
0
0
0
0
0
0
0
0
0
0
0
0
0
0
0
0
0
0
0
0
0
0
0
0
0
0
0
0
0
0
0
0
0
0
0
0
0
0
0
0
0
0
0
0
0
0
0
0
0
0
0
0
0
0
0
0
0
0
0
0
0
0
0
0
0
0
0
0
0
0
0
0
0
0
0
0
0
0
0
0
0
0
0
0
0
0
0
0
0
0
0
0
0
0
0
0
0
0
0
0
0
0
0
0
0
0
0
0
0
0
0
0
0
0
0
0
0
0
0
0
0
0
0
0
0
0
3398.9
3381.32
3611.59
3821.8
4026.71
4262.37
4623.26
4897.1
5024.27
5004.52
5059.15
5428
5899.86
6297.82
6787.96
7104.15
7304.01
7754.81
8274.23
8862.8
9577.54
10144.6
10761
11273.3
11705.6
12136.9
12687.5
13307.2
13575.8
15721
1474.67
497.076
183.172
26.7999
1.83006
0.0054409
7.70722e-06
1.00373e-08
1.20596e-11
1.30513e-14
1.34187e-17
1.3456e-20
1.27886e-23
1.12463e-26
8.97415e-30
6.63818e-33
5.21284e-36
4.20717e-39
3.49414e-42
2.98305e-45
2.59129e-48
2.28777e-51
2.0397e-54
1.854e-57
1.67824e-60
1.5737e-63
1.4187e-66
1.33577e-69
1.20011e-72
1.10383e-75
9.9729e-79
8.95839e-82
8.03485e-85
7.05948e-88
6.22717e-91
5.36881e-94
4.636e-97
3.90129e-100
3.27417e-103
2.69798e-106
2.18907e-109
1.7735e-112
1.3984e-115
1.11231e-118
8.60255e-122
6.7175e-125
5.13598e-128
3.93401e-131
2.9902e-134
2.24699e-137
1.69581e-140
1.24991e-143
9.33648e-147
6.79418e-150
5.03317e-153
3.65434e-156
2.69126e-159
0
0
0
0
0
0
0
0
0
0
0
0
0
0
0
0
0
0
0
0
0
0
0
0
0
0
0
0
0
0
0
0
0
0
0
0
0
0
0
0
0
0
0
0
0
0
0
0
0
0
0
0
0
0
0
0
0
0
0
0
0
0
0
0
0
0
0
0
0
0
0
0
0
0
0
0
0
0
0
0
0
0
0
0
0
0
0
0
0
0
0
0
0
0
0
0
0
0
0
0
0
0
0
0
0
0
0
0
0
0
0
0
0
0
0
0
0
0
0
0
0
0
0
0
0
0
0
0
0
0
0
0
0
0
0
0
0
0
0
0
0
0
0
0
0
0
0
0
0
0
0
0
0
0
0
0
0
0
0
0
0
0
0
0
0
0
0
0
0
0
0
0
0
0
0
0
0
0
0
0
0
0
0
0
0
0
0
0
0
0
0
0
0
0
0
0
0
0
0
0
0
0
0
0
0
0
0
0
0
0
0
0
0
0
0
0
0
0
0
0
0
0
0
0
0
0
0
0
0
0
0
0
0
0
0
0
0
0
0
0
0
0
0
0
0
0
0
0
0
0
0
0
0
0
0
0
0
0
0
0
0
0
0
0
0
0
0
0
0
0
0
0
0
0
0
0
0
0
0
0
0
0
0
0
0
0
0
0
0
0
0
0
0
0
0
0
0
0
0
0
0
0
0
0
0
0
0
0
0
0
0
0
0
3057.74
3108.62
3055.15
3033.48
1242.95
689.887
551.872
464.991
412.57
389.371
397.047
442.792
490.358
558.38
665.434
819.174
1009.87
1258.72
1487.27
1574.7
1388.63
1071.42
801.479
597.345
461.756
370.159
297.309
259.397
237.097
230.92
59.757
27.1361
11.4239
1.64108
0.00620546
1.09361e-05
1.60591e-08
2.07859e-11
2.44383e-14
2.5942e-17
2.71959e-20
2.62187e-23
2.42921e-26
2.19292e-29
1.81622e-32
1.53034e-35
1.3179e-38
1.14788e-41
1.0242e-44
9.35608e-48
8.67937e-51
8.13594e-54
7.81376e-57
7.39134e-60
7.17993e-63
6.97851e-66
6.58144e-69
6.37015e-72
5.84683e-75
5.50783e-78
4.95537e-81
4.53663e-84
4.03104e-87
3.57604e-90
3.14526e-93
2.7173e-96
2.3363e-99
1.96522e-102
1.65051e-105
1.34508e-108
1.09688e-111
8.78365e-115
6.9231e-118
5.46117e-121
4.21614e-124
3.27378e-127
2.48354e-130
1.89913e-133
1.41829e-136
1.07035e-139
7.94336e-143
5.83469e-146
4.31419e-149
3.12691e-152
2.2899e-155
1.65263e-158
1.19015e-161
0
0
0
0
0
0
0
0
0
0
0
0
0
0
0
0
0
0
0
0
0
0
0
0
0
0
0
0
0
0
0
0
0
0
0
0
0
0
0
0
0
0
0
0
0
0
0
0
0
0
0
0
0
0
0
0
0
0
0
0
0
0
0
0
0
0
0
0
0
0
0
0
0
0
0
0
0
0
0
0
0
0
0
0
0
0
0
0
0
0
0
0
0
0
0
0
0
0
0
0
0
0
0
0
0
0
0
0
0
0
0
0
0
0
0
0
0
0
0
0
0
0
0
0
0
0
0
0
0
0
0
0
0
0
0
0
0
0
0
0
0
0
0
0
0
0
0
0
0
0
0
0
0
0
0
0
0
0
0
0
0
0
0
0
0
0
0
0
0
0
0
0
0
0
0
0
0
0
0
0
0
0
0
0
0
0
0
0
0
0
0
0
0
0
0
0
0
0
0
0
0
0
0
0
0
0
0
0
0
0
0
0
0
0
0
0
0
0
0
0
0
0
0
0
0
0
0
0
0
0
0
0
0
0
0
0
0
0
0
0
0
0
0
0
0
0
0
0
0
0
0
0
0
0
0
0
0
0
0
0
0
0
0
0
0
0
0
0
0
0
0
0
0
0
0
0
0
0
0
0
0
0
0
0
0
0
0
0
0
0
0
0
0
0
0
0
0
0
0
0
0
0
0
0
0
0
0
0
0
0
0
0
0
)
;

boundaryField
{
    wand
    {
        type            calculated;
        value           nonuniform List<scalar> 
2048
(
283.161
858.261
782.192
2326.58
5852.06
6668.96
6648.74
6843.98
7318.05
6108.3
4547.77
3874.27
3645.02
3485.89
3364.82
3041.85
295.109
910.256
817.96
2356.23
5707.43
6664.09
6704.58
6851.75
7289.86
6154.12
4597.7
3836.35
3644.69
3473.91
3398.9
3057.74
3041.85
3057.74
3072.29
3108.62
3064.43
3055.15
3038.37
3033.48
1237.06
1235.48
672.378
668.473
519.325
521.081
423.487
424.961
362.65
363.833
336.803
336.507
344.5
344.514
389.471
394.054
435.762
444.639
508.458
516.576
626.577
630.007
789.172
790.699
972.931
986.955
1202.66
1240.61
1451.13
1472.46
1500.39
1559.47
1292.91
1369.04
1000.06
1043.65
735.756
762.061
528.253
544.66
387.806
395.735
283.309
290.008
197.302
198.22
135.455
136.892
93.9597
94.3247
57.5424
57.6349
17.4458
17.579
5.26535
5.26724
0.74552
0.842114
0.0540035
0.0798393
0.00208166
0.00307099
4.21378e-06
7.73882e-06
6.68367e-09
1.24721e-08
9.214e-12
1.69565e-11
1.13706e-14
2.04635e-14
1.29518e-17
2.23008e-17
1.36622e-20
2.33244e-20
1.40965e-23
2.28463e-23
1.44764e-26
2.14305e-26
1.40361e-29
1.99378e-29
1.39273e-32
1.6883e-32
1.33337e-35
1.4402e-35
1.25129e-38
1.24931e-38
1.18755e-41
1.09402e-41
1.13084e-44
9.80133e-45
1.07491e-47
8.99004e-48
1.01357e-50
8.37285e-51
9.51039e-54
7.87414e-54
8.73836e-57
7.58751e-57
8.19672e-60
7.19575e-60
7.52188e-63
7.00802e-63
6.94985e-66
6.82387e-66
6.5894e-69
6.45092e-69
6.00492e-72
6.24945e-72
5.64844e-75
5.74483e-75
5.08183e-78
5.41467e-78
4.68354e-81
4.87547e-81
4.16542e-84
4.46537e-84
3.73558e-87
3.96951e-87
3.29255e-90
3.52286e-90
2.86573e-93
3.09933e-93
2.48141e-96
2.67865e-96
2.10663e-99
2.30353e-99
1.78021e-102
1.93834e-102
1.46685e-105
1.62829e-105
1.20827e-108
1.3273e-108
9.6782e-112
1.08265e-111
7.69804e-115
8.67038e-115
6.09404e-118
6.83618e-118
4.72832e-121
5.39215e-121
3.68052e-124
4.16409e-124
2.8053e-127
3.23304e-127
2.14912e-130
2.45298e-130
1.61221e-133
1.8756e-133
1.21898e-136
1.4007e-136
9.02262e-140
1.05708e-139
6.68612e-143
7.84431e-143
4.94857e-146
5.7626e-146
3.59309e-149
4.2601e-149
2.62859e-152
3.08788e-152
1.89392e-155
2.26075e-155
1.3791e-158
1.63132e-158
9.6364e-162
1.19015e-161
0
0
0
0
0
0
0
0
0
0
0
0
0
0
0
0
0
0
0
0
0
0
0
0
0
0
0
0
0
0
0
0
0
0
0
0
0
0
0
0
0
0
0
0
0
0
0
0
0
0
0
0
0
0
0
0
0
0
0
0
0
0
0
0
0
0
0
0
0
0
0
0
0
0
0
0
0
0
0
0
0
0
0
0
0
0
0
0
0
0
0
0
0
0
0
0
0
0
0
0
0
0
0
0
0
0
0
0
0
0
0
0
0
0
0
0
0
0
0
0
0
0
0
0
0
0
0
0
0
0
0
0
0
0
0
0
0
0
0
0
0
0
0
0
0
0
0
0
0
0
0
0
0
0
0
0
0
0
0
0
0
0
0
0
0
0
0
0
0
0
0
0
0
0
0
0
0
0
0
0
0
0
0
0
0
0
0
0
0
0
0
0
0
0
0
0
0
0
0
0
0
0
0
0
0
0
0
0
0
0
0
0
0
0
0
0
0
0
0
0
0
0
0
0
0
0
0
0
0
0
0
0
0
0
0
0
0
0
0
0
0
0
0
0
0
0
0
0
0
0
0
0
0
0
0
0
0
0
0
0
0
0
0
0
0
0
0
0
0
0
0
0
0
0
0
0
0
0
0
0
0
0
0
0
0
0
0
0
0
0
0
0
0
0
0
0
0
0
0
0
0
0
0
0
0
0
0
0
0
0
0
0
0
0
0
0
0
0
0
0
0
0
0
0
0
0
0
0
0
0
0
0
0
0
0
0
0
0
0
0
0
0
0
0
0
0
0
0
0
0
0
0
0
0
0
0
0
0
0
0
0
0
0
0
0
0
0
0
0
0
0
0
0
0
0
0
0
0
0
0
0
0
0
0
0
0
0
0
0
0
0
0
0
0
0
0
0
0
0
0
0
0
0
0
0
0
0
0
0
0
0
0
0
0
0
0
0
0
0
0
0
0
0
0
0
0
0
0
0
0
0
0
0
0
0
0
0
0
0
0
0
0
0
0
0
0
0
0
0
0
0
0
0
0
0
0
0
0
0
0
0
0
0
0
0
0
0
0
0
0
0
0
0
0
0
0
0
0
0
0
0
0
0
0
0
0
0
0
0
0
0
0
0
0
0
0
0
0
0
0
0
0
0
0
0
0
0
0
0
0
0
0
0
0
0
0
0
0
0
0
0
0
0
0
0
0
0
0
0
0
0
0
0
0
0
0
0
0
0
0
0
0
0
0
0
0
0
0
0
0
0
0
0
0
0
0
0
0
0
0
0
0
0
0
0
0
0
0
0
0
0
0
0
0
0
0
0
0
0
0
0
0
0
0
0
0
0
0
0
0
0
0
0
0
0
0
0
0
0
0
0
0
0
0
0
0
0
0
0
0
0
0
0
0
0
0
0
0
0
0
0
0
0
0
0
0
0
0
0
0
0
0
0
0
0
0
0
0
0
0
0
0
269.005
278.614
146.784
152.684
51.8443
52.4669
8.18674
8.32338
0.728366
0.804041
0.0726296
0.0730655
0.0135918
0.0139821
0.0023098
0.00244723
0.00019047
0.000304313
7.11774e-06
1.9092e-05
1.65371e-07
2.75313e-07
2.049e-09
3.65205e-09
3.57946e-11
7.72268e-11
3.62907e-13
7.1231e-13
1.54947e-11
2.75059e-11
1.76332e-09
3.46049e-09
5.59164e-08
9.94764e-08
7.44164e-07
8.58992e-07
3.66697e-06
3.52e-06
6.27352e-06
5.91797e-06
7.33306e-06
6.38266e-06
5.26288e-06
4.58577e-06
2.23981e-06
2.15526e-06
5.00036e-07
5.16729e-07
4.17617e-08
6.01981e-08
1.89552e-09
2.0114e-09
1.44868e-11
9.79481e-12
2.82957e-14
2.31339e-14
4.3562e-17
3.87539e-17
8.5015e-20
8.17431e-20
1.85698e-22
1.91233e-22
3.79532e-25
4.11543e-25
7.59787e-28
8.81996e-28
1.45344e-30
1.7944e-30
2.61949e-33
3.39308e-33
4.39228e-36
5.90608e-36
6.93175e-39
9.74117e-39
1.07315e-41
1.55904e-41
1.69771e-44
2.4505e-44
2.64508e-47
3.99042e-47
4.17309e-50
6.25197e-50
6.34462e-53
9.82376e-53
9.28621e-56
1.44251e-55
1.27778e-58
2.01812e-58
1.87406e-74
1.87691e-74
2.64284e-75
3.359e-75
1.87521e-76
2.79014e-76
6.52402e-79
1.05271e-78
1.96167e-81
3.55856e-81
4.54233e-84
9.11e-84
7.46016e-87
1.56322e-86
9.47508e-90
2.03773e-89
1.01445e-92
2.2113e-92
8.2478e-96
1.7953e-95
6.56244e-99
1.42093e-98
5.24163e-102
1.12121e-101
4.21923e-105
8.79373e-105
3.37455e-108
6.94385e-108
2.67437e-111
5.49525e-111
2.14355e-114
4.29401e-114
1.88013e-117
3.45877e-117
1.71146e-120
3.50468e-120
1.95339e-123
3.28155e-123
2.17654e-126
3.58628e-126
2.43315e-129
3.84767e-129
2.62535e-132
4.1242e-132
2.76978e-135
4.34285e-135
2.8619e-138
4.52311e-138
2.89935e-141
4.68019e-141
2.91312e-144
4.77754e-144
2.89147e-147
4.8729e-147
2.87245e-150
4.88765e-150
2.84874e-153
4.90089e-153
2.97584e-156
4.96643e-156
0
0
0
0
0
0
0
0
0
0
0
0
0
0
0
0
0
0
0
0
0
0
0
0
0
0
0
0
0
0
0
0
0
0
0
0
0
0
0
0
0
0
0
0
0
0
0
0
0
0
0
0
0
0
0
0
0
0
0
0
0
0
0
0
0
0
0
0
0
0
0
0
0
0
0
0
0
0
0
0
0
0
0
0
0
0
0
0
0
0
0
0
0
0
0
0
0
0
0
0
0
0
0
0
0
0
0
0
0
0
0
0
0
0
0
0
0
0
0
0
0
0
0
0
0
0
0
0
0
0
0
0
0
0
0
0
0
0
0
0
0
0
0
0
0
0
0
0
0
0
0
0
0
0
0
0
0
0
0
0
0
0
0
0
0
0
0
0
0
0
0
0
0
0
0
0
0
0
0
0
0
0
0
0
0
0
0
0
0
0
0
0
0
0
0
0
0
0
0
0
0
0
0
0
0
0
0
0
0
0
0
0
0
0
0
0
0
0
0
0
0
0
0
0
0
0
0
0
0
0
0
0
0
0
0
0
0
0
0
0
0
0
0
0
0
0
0
0
0
0
0
0
0
0
0
0
0
0
0
0
0
0
0
0
0
0
0
0
0
0
0
0
0
0
0
0
0
0
0
0
0
0
0
0
0
0
0
0
0
0
0
0
0
0
0
0
0
0
0
0
0
0
0
0
0
0
0
0
0
0
0
0
0
0
0
0
0
0
0
0
0
0
0
0
0
0
0
0
0
0
0
0
0
0
0
0
0
0
0
0
0
0
0
0
0
0
0
0
0
0
0
0
0
0
0
0
0
0
0
0
0
0
0
0
0
0
0
0
0
0
0
0
0
0
0
0
0
0
0
0
0
0
0
0
0
0
0
0
0
0
0
0
0
0
0
0
0
0
0
0
0
0
0
0
0
0
0
0
0
0
0
0
0
0
0
0
0
0
0
0
0
0
0
0
0
0
0
0
0
0
0
0
0
0
0
0
0
0
0
0
0
0
0
0
0
0
0
0
0
0
0
0
0
0
0
0
0
0
0
0
0
0
0
0
0
0
0
0
0
0
0
0
0
0
0
0
0
0
0
0
0
0
0
0
0
0
0
0
0
0
0
0
0
0
0
0
0
0
0
0
0
0
0
0
0
0
0
0
0
0
0
0
0
0
0
0
0
0
0
0
0
0
0
0
0
0
0
0
0
0
0
0
0
0
0
0
0
0
0
0
0
0
0
0
0
0
0
0
0
0
0
0
0
0
0
0
0
0
0
0
0
0
0
0
0
0
0
0
0
0
0
0
0
0
0
0
0
0
0
0
0
0
0
0
0
0
0
0
0
0
0
0
0
0
0
0
0
0
0
0
2.23306e-13
5.3842e-12
2.09437e-60
1.2236e-72
1.19163e-156
0
0
0
0
0
0
0
0
0
0
0
0
0
0
0
0
0
0
0
0
1.02861e-11
4.02596e-10
2.57042e-59
1.31076e-69
2.09526e-154
5.9288e-162
0
0
0
0
0
0
0
0
0
0
0
0
0
0
0
0
0
0
0
1.02972e-09
8.45058e-08
3.79859e-57
3.55572e-66
2.77131e-151
4.18013e-159
0
0
0
0
0
0
0
0
0
0
0
0
0
0
0
0
0
0
0
3.36645e-07
2.63374e-05
2.90774e-54
4.2499e-62
2.61316e-147
4.47299e-155
0
0
0
0
0
0
0
0
0
0
0
0
0
0
0
0
0
0
0
0.000258933
0.0042923
8.65115e-51
1.92597e-58
4.29612e-143
4.21458e-151
0
0
0
0
0
0
0
0
0
0
0
0
0
0
0
0
0
0
0
0.0286007
0.169145
5.65414e-47
3.54243e-55
4.47304e-139
2.43672e-147
0
0
0
0
0
0
0
0
0
0
0
0
0
0
0
0
0
0
0
0.863211
2.95873
2.42046e-43
3.19259e-52
2.63034e-135
7.87214e-144
0
0
0
0
0
0
0
0
0
0
0
0
0
0
0
0
0
0
0
8.70738
383.19
27.3154
332.168
5.48488e-41
6.36817e-41
1.864e-49
7.07189e-44
7.64921e-132
1.2301e-131
1.33814e-140
1.18599e-134
0
0
0
0
0
0
0
0
0
0
0
0
0
0
0
0
0
0
0
0
0
0
0
0
0
0
0
0
0
0
0
0
0
0
0
0
0
0
0
3.8901e-13
8.58775e-12
2.10232e-60
2.31749e-72
2.01628e-156
0
0
0
0
0
0
0
0
0
0
0
0
0
0
0
0
0
0
0
0
1.43903e-11
6.92056e-10
4.8703e-59
2.34366e-69
3.82414e-154
5.94495e-162
0
0
0
0
0
0
0
0
0
0
0
0
0
0
0
0
0
0
0
1.23925e-09
1.21329e-07
7.73129e-57
6.12525e-66
5.15228e-151
5.14062e-159
0
0
0
0
0
0
0
0
0
0
0
0
0
0
0
0
0
0
0
5.27533e-07
3.82212e-05
5.89503e-54
6.63615e-62
4.85649e-147
6.87717e-155
0
0
0
0
0
0
0
0
0
0
0
0
0
0
0
0
0
0
0
0.000583698
0.00577558
1.71489e-50
2.7623e-58
7.91156e-143
7.88954e-151
0
0
0
0
0
0
0
0
0
0
0
0
0
0
0
0
0
0
0
0.103685
0.178807
1.14556e-46
4.72821e-55
8.37058e-139
5.1556e-147
0
0
0
0
0
0
0
0
0
0
0
0
0
0
0
0
0
0
0
0.914905
2.97059
5.14068e-43
3.98478e-52
5.07643e-135
1.70035e-143
0
0
0
0
0
0
0
0
0
0
0
0
0
0
0
0
0
0
0
11.4039
453.928
27.6972
361.844
1.23602e-40
1.3883e-40
2.21796e-49
2.23795e-43
1.55297e-131
2.45956e-131
2.90221e-140
2.43842e-134
0
0
0
0
0
0
0
0
0
0
0
0
0
0
0
0
0
0
0
0
0
0
0
0
0
0
0
0
0
0
0
0
0
0
0
0
0
0
0
)
;
    }
    frontAndBack
    {
        type            empty;
    }
}


// ************************************************************************* //
