/*--------------------------------*- C++ -*----------------------------------*\
| =========                 |                                                 |
| \\      /  F ield         | OpenFOAM: The Open Source CFD Toolbox           |
|  \\    /   O peration     | Version:  2.1.1                                 |
|   \\  /    A nd           | Web:      www.OpenFOAM.org                      |
|    \\/     M anipulation  |                                                 |
\*---------------------------------------------------------------------------*/
FoamFile
{
    version     2.0;
    format      ascii;
    class       volScalarField;
    location    "0.001900000";
    object      p;
}
// * * * * * * * * * * * * * * * * * * * * * * * * * * * * * * * * * * * * * //

dimensions      [1 -1 -2 0 0 0 0];

internalField   nonuniform List<scalar> 
12384
(
226158
221809
229863
207020
245498
232447
227084
231509
214504
216677
191548
196498
180368
185573
195538
198518
200963
203391
204407
208028
203041
228383
206975
208307
205664
208844
211595
212789
213546
211244
210653
210681
211308
208493
204327
184079
186590
157741
167048
151503
152917
166454
170866
178580
181410
183080
187212
188043
189014
188030
191688
185612
202407
191714
218116
210290
228253
236396
238466
243990
245608
245173
246528
244907
250055
246679
257062
254552
270636
280412
292181
291901
292469
251262
139202
140232
139226
142215
140961
144550
143976
146136
147325
148318
149244
149986
150326
150381
150241
149518
149767
149119
149105
149256
148885
148424
148387
146797
147753
147313
149191
150548
152155
153495
116709
116982
116825
116365
116327
115756
115591
114688
114864
113449
113762
112658
111868
111979
110633
110865
109916
109298
109480
108195
108766
107771
107471
107588
106825
107101
106491
106724
106359
106458
102324
102309
102304
102227
102220
102143
102131
102025
102039
101914
101937
101805
101842
101709
101753
101632
101673
101565
101594
101511
101531
101462
101486
101432
101450
101412
101427
101403
101411
101407
101330
101330
101330
101329
101328
101327
101327
101326
101325
101325
101324
101324
101323
101323
101322
101323
101322
101323
101322
101323
101322
101323
101323
101324
101323
101324
101324
101325
101324
101325
101325
101324
101324
101324
101324
101324
101323
101323
101323
101323
101322
101323
101322
101322
101322
101322
101322
101322
101322
101323
101322
101323
101323
101324
101323
101324
101324
101325
101325
101325
101325
101325
101324
101325
101324
101324
101323
101323
101323
101323
101322
101323
101322
101322
101322
101322
101322
101322
101322
101323
101322
101323
101323
101324
101323
101324
101324
101325
101325
101325
101324
101325
101324
101324
101324
101323
101324
101323
101323
101322
101323
101322
101322
101322
101322
101322
101322
101322
101322
101323
101322
101323
101323
101324
101324
101324
101324
101325
101324
101325
101325
101325
101324
101324
101324
101324
101323
101323
101323
101323
101322
101323
101322
101322
101322
101322
101322
101322
101322
101323
101322
101323
101323
101324
101323
101324
101324
101325
101324
101325
101325
101325
101325
101325
101324
101324
101323
101324
101323
101323
101322
101323
101322
101322
101322
101322
101322
101322
101322
101322
101323
101322
101323
101323
101324
101323
101324
101324
101324
101324
101326
101326
101325
101326
101325
101325
101324
101324
101323
101323
101322
101322
101321
101322
101321
101321
101321
101321
101321
101322
101321
101322
101322
101323
101323
101324
101323
101324
101324
101324
216280
229850
215535
244128
239025
248323
221257
214739
218781
205566
200233
189630
182563
179998
197616
202085
202002
203865
206960
202752
220549
230117
221283
211395
211070
209711
210171
209832
208039
208141
205024
205061
205525
207055
201443
192719
182309
160922
164821
151950
157880
165400
171280
175715
181296
184734
185717
188406
190771
187315
193583
185624
201896
194269
215814
209780
231304
230048
239975
241948
244488
245316
245325
246934
247095
252903
252874
261414
261395
271603
278478
287016
278056
270280
139126
139414
139145
141617
140862
144632
144225
146757
147519
148691
149072
149531
149801
150032
150145
149852
149716
149539
149315
148974
148817
148451
148142
146835
147436
147246
148854
149885
151700
152773
117212
116751
116498
116708
116171
116167
115421
115073
114497
114086
113084
113239
111920
111708
111172
110138
110523
109037
109724
108277
108744
107767
107774
107344
107039
106896
106643
106519
106455
106307
102300
102293
102269
102292
102205
102203
102124
102072
102026
101951
101929
101830
101837
101724
101748
101642
101668
101572
101598
101512
101537
101466
101483
101440
101438
101424
101416
101409
101405
101400
101327
101327
101326
101325
101326
101324
101323
101323
101321
101322
101320
101321
101319
101320
101319
101319
101319
101319
101319
101320
101319
101320
101319
101321
101320
101321
101320
101321
101320
101321
101321
101321
101320
101321
101320
101320
101319
101320
101319
101320
101319
101319
101318
101319
101318
101319
101318
101319
101318
101319
101319
101320
101319
101320
101320
101321
101320
101321
101321
101321
101321
101321
101320
101321
101320
101321
101319
101320
101319
101320
101319
101319
101318
101319
101318
101319
101318
101319
101319
101320
101319
101320
101319
101320
101320
101321
101320
101321
101321
101321
101321
101320
101320
101320
101321
101320
101320
101319
101320
101319
101320
101318
101319
101318
101319
101318
101319
101319
101319
101320
101319
101320
101319
101321
101320
101321
101320
101321
101320
101321
101321
101321
101320
101321
101320
101321
101319
101320
101319
101320
101319
101319
101318
101319
101318
101319
101318
101319
101319
101320
101319
101320
101319
101320
101320
101321
101320
101320
101320
101321
101321
101321
101321
101321
101320
101321
101320
101320
101319
101320
101319
101319
101318
101319
101318
101318
101319
101318
101319
101318
101320
101319
101320
101319
101320
101320
101321
101320
101321
101321
101322
101322
101322
101322
101321
101322
101320
101321
101319
101320
101318
101319
101318
101319
101317
101318
101317
101318
101317
101319
101318
101319
101318
101320
101319
101320
101320
101320
101320
101320
217798
216076
225434
214561
241957
213312
210525
215140
208790
207885
198315
190596
181513
180201
199077
202524
202404
204043
205917
210606
206675
212202
216776
212332
205149
205679
205641
204750
204637
204242
204705
202428
201255
200548
201393
192944
186457
164589
169900
156224
161808
168582
168275
174805
183352
183069
187554
188753
189608
188739
189873
190514
192925
193300
209833
208320
227399
226644
240634
240594
244284
244256
246702
245936
250406
250168
256748
254738
259326
257024
265306
263607
269853
293693
138227
138470
138600
140435
140356
143988
143836
147003
146825
148816
148575
149548
149427
149881
150002
150356
150251
150027
149703
149363
148469
148725
147490
147183
147303
147554
148322
149462
150744
151946
116999
117523
117580
116996
116561
115903
116040
114917
115017
113792
113800
112605
112706
111271
111682
110049
110593
109147
109499
108307
108713
107602
107897
107143
107125
106792
106632
106498
106366
106286
102472
102442
102439
102278
102309
102169
102190
102053
102075
101932
101962
101816
101854
101715
101755
101633
101669
101567
101598
101512
101538
101468
101488
101442
101440
101432
101410
101420
101404
101410
101337
101336
101335
101335
101334
101333
101333
101331
101331
101329
101330
101328
101329
101327
101328
101326
101328
101326
101328
101327
101328
101327
101329
101328
101330
101329
101330
101329
101330
101330
101330
101330
101330
101329
101330
101328
101329
101328
101329
101327
101328
101327
101328
101326
101327
101326
101327
101326
101328
101327
101328
101327
101329
101328
101330
101329
101330
101329
101330
101330
101330
101330
101331
101329
101330
101328
101329
101328
101329
101327
101328
101327
101328
101326
101327
101326
101327
101326
101328
101327
101328
101327
101329
101328
101330
101329
101330
101329
101330
101330
101330
101330
101329
101330
101329
101330
101328
101329
101327
101328
101327
101328
101326
101327
101326
101327
101326
101327
101327
101327
101328
101327
101329
101328
101330
101329
101330
101329
101330
101330
101330
101330
101331
101329
101330
101328
101329
101328
101329
101327
101328
101327
101328
101326
101327
101326
101327
101326
101328
101327
101328
101327
101329
101328
101330
101329
101330
101329
101330
101330
101331
101331
101330
101329
101330
101329
101330
101328
101329
101327
101328
101327
101328
101326
101327
101327
101326
101327
101326
101328
101327
101328
101327
101329
101328
101330
101329
101330
101330
101330
101332
101331
101332
101330
101331
101329
101330
101328
101329
101327
101328
101326
101327
101325
101327
101325
101326
101325
101327
101326
101327
101326
101328
101327
101329
101328
101330
101329
101330
101330
215928
214558
213157
219963
209949
213340
212421
205882
208730
204231
199740
191823
185205
178250
201335
204548
204682
204622
203929
201014
211482
204850
211863
203258
206797
205175
203096
201780
200766
201522
199743
199121
195992
197424
195216
194427
186108
173510
174315
165260
163657
170887
171870
169899
183453
184410
187359
189715
189919
189610
191001
189558
191015
185192
206211
206762
218344
223279
234398
239866
244041
245261
244016
246769
246019
250513
247781
249163
242625
247928
245623
250119
274944
302774
139322
137685
138054
138821
139564
142325
144507
146238
148374
148819
149832
149155
150002
149757
149910
150305
150358
150063
149620
149494
148376
148248
147495
147548
147714
147234
148136
148785
149575
150187
117642
117518
117089
116915
117007
116776
115655
115733
114516
114603
113234
113417
112232
111677
111607
110216
110599
109253
109520
108439
108633
107632
107948
107014
107319
106576
106845
106284
106487
106169
102376
102387
102303
102412
102243
102292
102143
102157
102022
102025
101905
101903
101799
101795
101707
101704
101629
101628
101563
101562
101504
101511
101457
101473
101425
101443
101408
101416
101409
101402
101333
101332
101332
101330
101330
101329
101327
101329
101325
101327
101323
101326
101322
101325
101322
101324
101322
101324
101322
101324
101322
101325
101322
101325
101323
101326
101323
101326
101324
101325
101325
101325
101324
101326
101323
101325
101322
101325
101322
101324
101321
101324
101321
101324
101321
101323
101321
101324
101321
101324
101322
101325
101322
101325
101323
101326
101324
101325
101325
101325
101325
101326
101323
101326
101323
101325
101322
101325
101322
101324
101321
101324
101321
101324
101321
101323
101321
101324
101321
101324
101322
101325
101322
101325
101323
101326
101324
101325
101325
101325
101325
101325
101326
101323
101326
101323
101325
101322
101325
101322
101324
101321
101324
101321
101323
101321
101324
101321
101324
101323
101322
101325
101322
101325
101323
101326
101323
101326
101324
101325
101325
101326
101323
101326
101323
101325
101322
101325
101322
101324
101321
101324
101321
101324
101321
101323
101321
101324
101321
101324
101322
101325
101322
101325
101323
101326
101324
101325
101325
101325
101326
101325
101325
101326
101323
101326
101323
101325
101322
101325
101322
101324
101321
101324
101321
101321
101323
101321
101324
101321
101324
101322
101325
101322
101325
101323
101326
101324
101324
101325
101326
101327
101325
101327
101324
101326
101323
101326
101322
101325
101321
101324
101321
101323
101320
101323
101320
101323
101320
101323
101321
101324
101321
101325
101322
101325
101323
101325
101325
101325
210024
211441
207822
208000
216878
208670
207900
208890
206980
203797
201164
195783
189536
183024
201082
203111
202356
202674
202593
204939
201390
211329
201494
205757
202883
202447
201451
199830
198922
196656
197183
195610
194804
190967
187998
190880
186742
178479
180446
175569
177232
175914
173250
168379
183908
186668
188459
189170
189780
190514
190685
188517
192908
194754
203223
207287
205647
215507
219876
228974
240347
244429
245334
241629
243609
239808
240180
234355
240116
227875
239189
245269
275638
299954
139262
137929
136107
136796
137500
141599
142145
146489
147606
150318
150164
150824
149880
150342
149915
149941
149917
149960
149379
149139
148025
148271
147601
147334
147554
147729
147285
147864
147781
147915
117197
118143
118291
118485
117759
116790
116708
115439
115543
114144
114236
112859
113016
111545
111878
110538
110228
110009
108839
109123
108384
107742
107870
107151
107081
106735
106554
106396
106204
106322
102681
102601
102640
102405
102457
102261
102285
102121
102140
101981
102004
101856
101881
101752
101774
101666
101683
101597
101606
101535
101543
101491
101474
101463
101441
101427
101425
101408
101412
101400
101339
101335
101332
101334
101330
101332
101329
101329
101327
101327
101325
101325
101325
101323
101324
101323
101323
101323
101323
101323
101323
101323
101324
101324
101324
101324
101325
101325
101325
101325
101325
101325
101325
101325
101325
101324
101324
101324
101324
101323
101323
101323
101323
101323
101323
101323
101323
101323
101323
101323
101323
101323
101324
101324
101324
101324
101325
101325
101325
101325
101325
101325
101325
101325
101325
101324
101324
101324
101324
101323
101323
101323
101323
101323
101323
101323
101323
101323
101323
101323
101323
101323
101324
101324
101324
101324
101325
101325
101325
101325
101325
101325
101325
101325
101324
101324
101324
101324
101323
101323
101323
101323
101323
101323
101322
101323
101323
101323
101323
101323
101323
101323
101324
101324
101325
101325
101325
101325
101325
101325
101325
101325
101325
101325
101325
101324
101324
101324
101324
101323
101323
101323
101323
101323
101323
101323
101323
101323
101323
101323
101323
101323
101324
101324
101324
101324
101325
101325
101325
101325
101326
101325
101325
101325
101325
101324
101324
101324
101324
101323
101323
101323
101323
101322
101323
101322
101322
101323
101323
101323
101323
101324
101323
101324
101324
101325
101325
101325
101325
101325
101326
101326
101326
101326
101326
101325
101325
101324
101324
101323
101323
101322
101322
101322
101322
101322
101322
101322
101322
101322
101323
101322
101323
101323
101324
101324
101324
101325
101325
101325
207559
204783
208904
207816
207341
209120
209103
207917
209018
205723
202822
200097
197316
189437
200645
202393
201657
201869
202255
201515
204114
198834
203821
200835
202613
202180
200818
198935
196320
198104
195556
194461
192380
192459
189479
188376
186785
181979
181746
186825
185651
183777
178626
174550
190527
188052
187299
189319
189870
196844
193980
188348
198574
211383
203272
193065
201772
205602
213496
217422
224018
237864
240488
236179
229754
232868
232128
231391
220597
228017
235468
245221
266445
290406
139243
141921
136408
134287
135950
138451
142727
145625
149531
149961
151753
151120
151382
150163
150308
149476
149336
149145
148985
148491
148308
148010
147830
147309
147451
147077
147449
146568
146011
144997
117463
118176
118614
118049
117844
117730
116790
116598
115113
115312
113713
113932
112433
112619
111119
111531
109806
110414
108909
108927
108550
107862
107651
107434
106733
106980
106218
106465
105995
106089
102623
102744
102507
102636
102394
102459
102247
102273
102094
102109
101950
101962
101829
101836
101730
101731
101647
101648
101571
101583
101512
101527
101466
101482
101434
101448
101414
101424
101403
101409
101335
101339
101339
101335
101335
101332
101332
101330
101329
101329
101326
101327
101325
101325
101324
101325
101324
101324
101324
101324
101324
101325
101324
101325
101325
101326
101325
101326
101326
101326
101326
101326
101326
101326
101325
101326
101325
101325
101324
101325
101324
101324
101323
101324
101323
101324
101323
101324
101323
101324
101324
101325
101324
101325
101325
101326
101325
101326
101326
101326
101326
101326
101326
101326
101325
101326
101324
101325
101324
101325
101324
101324
101323
101324
101323
101324
101323
101324
101323
101324
101324
101325
101324
101325
101325
101326
101325
101326
101326
101326
101326
101326
101326
101325
101326
101325
101325
101324
101325
101324
101324
101323
101324
101323
101324
101323
101324
101323
101324
101324
101324
101325
101324
101325
101325
101326
101325
101326
101326
101326
101326
101326
101325
101326
101325
101326
101324
101325
101324
101325
101324
101324
101323
101324
101323
101324
101323
101324
101323
101324
101324
101325
101324
101325
101325
101326
101325
101326
101326
101326
101326
101326
101326
101326
101325
101326
101325
101325
101324
101325
101324
101324
101323
101324
101323
101323
101324
101323
101324
101323
101324
101324
101325
101324
101325
101325
101326
101326
101326
101326
101327
101327
101327
101327
101326
101326
101325
101325
101324
101325
101323
101324
101323
101323
101322
101323
101322
101323
101322
101324
101323
101324
101324
101325
101324
101326
101325
101326
101326
101326
201174
205413
204781
207067
209356
210604
210238
211307
208700
209205
204792
203645
202525
196115
199570
200146
201133
201237
201681
202213
200429
202841
198997
201018
200560
200657
199791
198091
195530
195196
193713
193701
192224
192575
190244
185474
185118
184571
185546
186709
191037
189688
183809
176522
188805
188923
188176
188450
195640
196690
192401
197603
211827
225681
184979
192897
201006
209669
220993
218367
208642
217861
228663
229545
232909
226240
218161
213907
220870
227562
227082
244608
252089
268614
147948
139558
140240
133957
133847
140167
141595
147636
149322
152271
152246
152744
151433
151224
149565
149804
148687
148231
147941
148244
148046
148147
147472
147566
147235
146018
145109
144250
142661
143431
118066
118575
118531
119563
119814
118508
117710
116677
116243
114727
114848
113368
113506
112087
111708
111275
110298
110067
109326
109066
108188
108435
107255
107717
106563
107029
106114
106400
105896
105841
103094
102821
102954
102596
102684
102395
102465
102206
102269
102048
102097
101902
101947
101781
101822
101684
101717
101616
101608
101576
101530
101522
101490
101467
101454
101444
101415
101426
101401
101407
101348
101339
101335
101339
101334
101336
101331
101331
101328
101329
101327
101327
101325
101325
101324
101324
101324
101323
101324
101324
101324
101324
101324
101324
101325
101325
101325
101325
101325
101325
101325
101325
101325
101325
101325
101325
101325
101324
101324
101323
101324
101323
101323
101323
101323
101323
101323
101323
101323
101323
101324
101324
101324
101324
101325
101325
101325
101325
101325
101325
101325
101325
101325
101325
101325
101325
101325
101324
101324
101324
101324
101323
101323
101323
101323
101323
101323
101323
101323
101323
101324
101324
101324
101324
101325
101325
101325
101325
101325
101325
101326
101325
101325
101325
101325
101325
101324
101324
101324
101324
101323
101323
101323
101323
101323
101323
101323
101323
101324
101323
101324
101324
101324
101324
101325
101325
101325
101325
101325
101326
101325
101325
101325
101325
101325
101325
101324
101324
101324
101323
101324
101323
101323
101323
101323
101323
101323
101323
101323
101323
101324
101324
101324
101324
101325
101325
101325
101325
101325
101325
101326
101326
101326
101325
101325
101325
101325
101324
101324
101324
101324
101323
101323
101323
101323
101323
101323
101323
101323
101323
101323
101324
101324
101324
101324
101325
101325
101325
101325
101326
101326
101326
101326
101326
101326
101325
101325
101324
101324
101323
101323
101323
101323
101322
101322
101322
101322
101322
101323
101322
101323
101323
101324
101324
101325
101325
101325
101326
101326
101326
200450
202697
203612
207870
210834
210449
213483
211900
211964
208876
208640
205813
205146
202174
199358
199350
199707
199801
199637
199350
199173
197318
197569
196395
196724
198413
198811
197390
197271
194159
194479
193023
193508
191860
188726
187060
185469
184973
185537
186559
191314
192803
188574
183511
185982
182927
180683
188356
192679
190972
181417
208053
207543
184277
161230
192546
195701
197376
203844
199867
187624
203460
219386
229889
218998
210969
210647
217772
216861
218992
230155
236956
248022
250721
140511
147913
140540
143215
139557
140015
150130
147026
152556
151978
153644
152788
152726
150912
150486
148604
148430
147592
147710
147409
147929
147707
147599
147123
146893
145634
145856
143954
143163
139055
114957
119225
119494
119358
119516
119879
118487
117434
116770
115511
114498
114319
112855
112933
111494
111789
110136
110670
109128
109504
108152
108480
107299
107654
106656
106953
106111
106336
105836
106004
102422
103127
102616
102912
102545
102648
102367
102392
102187
102188
102030
102014
101904
101852
101793
101738
101700
101642
101632
101556
101580
101494
101527
101452
101473
101436
101425
101423
101405
101406
101335
101344
101346
101338
101340
101335
101335
101332
101332
101329
101329
101327
101327
101326
101326
101325
101325
101325
101325
101325
101325
101325
101325
101326
101326
101326
101326
101327
101327
101327
101327
101327
101326
101327
101326
101326
101325
101326
101325
101325
101324
101325
101324
101324
101324
101324
101324
101325
101324
101325
101325
101325
101325
101326
101326
101326
101326
101327
101327
101327
101327
101327
101326
101327
101326
101326
101325
101326
101325
101325
101324
101325
101324
101324
101324
101324
101324
101325
101324
101325
101325
101325
101325
101326
101326
101326
101326
101327
101327
101327
101327
101327
101327
101326
101326
101326
101326
101325
101325
101325
101325
101324
101325
101324
101324
101324
101324
101324
101324
101325
101325
101325
101325
101326
101326
101326
101326
101327
101327
101327
101327
101327
101326
101327
101326
101326
101325
101326
101325
101325
101324
101325
101324
101324
101324
101324
101324
101325
101324
101325
101325
101325
101325
101326
101326
101326
101326
101326
101327
101327
101327
101327
101327
101327
101326
101326
101325
101326
101325
101325
101324
101325
101324
101324
101324
101324
101324
101324
101325
101324
101325
101325
101326
101325
101326
101326
101326
101327
101327
101327
101327
101327
101327
101327
101326
101327
101326
101326
101325
101325
101324
101324
101324
101324
101323
101324
101323
101324
101323
101324
101324
101325
101325
101326
101326
101326
101327
101327
101327
101327
200380
202185
203618
208562
209213
213538
213510
214600
213248
212592
210574
208487
208928
207298
205063
203176
204614
198914
200264
199969
200212
199881
198966
198481
197955
198419
197067
195690
195640
197542
195304
195330
194000
194363
192172
190920
188508
187012
185062
183996
185774
189492
185898
183653
182111
169517
149036
151803
176084
172385
176223
182189
186980
183435
181104
190541
194872
195239
190594
186892
190831
194355
195982
193965
188991
194150
221972
217622
216337
217526
213408
209173
212356
216085
217808
225897
219000
200783
127659
138442
150278
144460
145188
140913
146366
146683
147060
154872
152329
154954
153518
153851
152394
152048
149676
149557
147553
147611
146792
147247
147026
147266
147161
146513
145932
145464
141822
139171
134485
130026
119864
123088
116947
119736
120309
121406
120755
120153
119709
117937
117543
115429
115637
113889
113888
112158
112760
110842
110841
110486
109124
109636
108061
108662
107238
107723
106559
106872
105975
105954
105636
105019
104839
104055
104103
103259
103535
102861
103035
102597
102676
102338
102411
102115
102195
101947
102018
101816
101874
101702
101765
101620
101670
101560
101588
101506
101525
101461
101481
101427
101443
101411
101408
101394
101388
101367
101365
101354
101346
101347
101338
101340
101334
101335
101331
101328
101329
101326
101327
101325
101326
101324
101325
101324
101324
101324
101324
101324
101325
101325
101325
101325
101326
101326
101326
101326
101327
101327
101326
101326
101326
101326
101325
101325
101325
101325
101325
101324
101324
101324
101324
101323
101323
101323
101324
101324
101324
101324
101324
101324
101325
101325
101325
101325
101326
101326
101326
101326
101327
101327
101326
101326
101326
101326
101325
101325
101325
101325
101325
101324
101324
101324
101324
101323
101323
101323
101324
101324
101324
101324
101324
101324
101325
101325
101325
101325
101326
101326
101326
101326
101327
101327
101326
101326
101326
101326
101325
101325
101325
101325
101324
101324
101324
101324
101324
101324
101324
101323
101324
101323
101324
101324
101324
101324
101325
101325
101325
101325
101326
101326
101326
101326
101327
101327
101326
101326
101326
101326
101325
101325
101325
101325
101325
101324
101324
101324
101324
101323
101323
101323
101324
101323
101324
101324
101324
101324
101325
101325
101325
101325
101326
101326
101326
101326
101327
101327
101326
101326
101326
101326
101326
101325
101325
101325
101324
101324
101324
101324
101324
101323
101323
101323
101323
101324
101323
101324
101324
101324
101324
101325
101325
101325
101325
101326
101326
101326
101327
101327
101327
101326
101326
101326
101326
101325
101325
101325
101324
101324
101324
101323
101323
101323
101323
101323
101323
101323
101323
101323
101324
101324
101325
101325
101325
101326
101326
101327
101327
101327
101328
101328
199318
203541
203305
207317
210597
212681
215266
214662
214961
213732
212462
211078
208832
208301
205488
203364
200209
200521
198381
198133
196922
196716
196083
196120
195245
194738
195447
196985
196691
194974
195957
194227
194833
192001
191279
190555
186222
186943
183734
184522
185302
183444
188999
191537
177390
176151
168973
165926
172859
169470
174432
182214
182184
187742
171025
194178
187894
198949
186202
193794
186586
191154
195428
193862
205604
196914
189814
218626
215586
211333
206320
207121
208920
211591
213529
211698
209840
200813
150641
166011
144073
154737
151722
153885
152457
155307
160321
155493
158096
154699
155371
153482
153618
151356
151174
148359
148811
146767
147271
146439
146674
146685
146443
146091
145210
143354
141451
140397
134767
134824
127634
123177
122243
121859
122390
121284
121565
120394
119288
119464
116762
116545
115841
113715
114584
112073
112845
111091
110918
110275
109509
109306
108254
108567
107287
107692
106536
106913
105835
106194
105203
105411
104288
104469
103526
103533
103304
103028
102949
102787
102523
102551
102313
102206
102162
102004
102018
101823
101898
101723
101762
101640
101677
101560
101607
101506
101542
101465
101486
101437
101440
101413
101414
101387
101396
101365
101375
101349
101359
101341
101348
101337
101340
101334
101334
101332
101330
101330
101328
101328
101326
101327
101326
101326
101326
101326
101326
101326
101326
101326
101326
101327
101327
101327
101327
101327
101327
101327
101327
101327
101327
101327
101327
101327
101326
101326
101326
101326
101325
101325
101325
101325
101325
101325
101325
101325
101325
101325
101325
101326
101326
101326
101326
101327
101327
101327
101327
101327
101327
101327
101327
101327
101327
101327
101327
101327
101326
101326
101326
101326
101325
101325
101325
101325
101325
101325
101325
101325
101325
101325
101325
101326
101326
101326
101326
101327
101327
101327
101327
101327
101327
101327
101327
101327
101327
101327
101327
101326
101326
101326
101326
101325
101325
101325
101325
101325
101325
101325
101325
101325
101325
101325
101325
101326
101326
101326
101326
101327
101327
101327
101327
101327
101327
101327
101327
101327
101327
101327
101327
101326
101326
101326
101326
101326
101325
101325
101325
101325
101325
101325
101325
101325
101325
101325
101325
101326
101326
101326
101326
101327
101327
101327
101327
101327
101327
101327
101327
101327
101327
101327
101327
101327
101326
101326
101325
101326
101325
101325
101325
101325
101325
101325
101325
101325
101325
101325
101326
101325
101326
101326
101327
101327
101327
101327
101327
101327
101328
101328
101328
101328
101327
101327
101327
101327
101326
101326
101325
101325
101325
101325
101324
101324
101324
101324
101324
101325
101324
101325
101325
101325
101326
101326
101327
101327
101327
101328
101328
101328
101329
101329
200430
204899
202161
209736
208343
214179
214810
217242
217173
216470
214229
212345
211231
209236
206422
203537
202154
200349
199322
198032
198414
196776
197027
196103
196503
196551
195240
194383
193941
194378
193514
194444
192672
191092
191566
187010
186269
185885
184288
184925
185393
183733
180975
181020
186937
197395
188671
171556
177268
178171
179477
179755
176533
176467
179520
181913
195282
191954
194967
189115
189364
192681
196986
200564
200271
200369
184293
205752
211538
207216
209145
206749
202338
201793
206764
207260
203052
190402
179409
166516
163048
152395
154678
156121
158597
161858
159833
162631
157460
158368
154787
155176
152868
152941
150179
150139
147702
147851
146390
146530
146162
145908
145851
145274
143505
143660
139956
138307
136096
131575
131904
124629
124977
123272
122149
122670
121257
121422
119407
119784
117022
117446
115593
114430
114178
112566
112799
111050
111539
109749
110364
108744
108764
108323
107346
107749
106474
106960
105734
106175
105064
105413
104213
104655
103487
103873
103285
103236
102984
102717
102779
102438
102432
102196
102254
101973
102081
101843
101897
101750
101778
101648
101692
101573
101602
101524
101532
101478
101486
101439
101451
101407
101422
101385
101395
101368
101375
101353
101358
101345
101346
101341
101338
101336
101333
101332
101329
101329
101327
101327
101326
101326
101325
101325
101325
101325
101325
101325
101325
101325
101326
101326
101326
101326
101326
101326
101326
101326
101326
101326
101326
101326
101326
101325
101325
101325
101325
101324
101324
101324
101324
101324
101324
101324
101324
101324
101324
101324
101325
101324
101325
101325
101325
101326
101326
101326
101326
101326
101326
101326
101326
101326
101326
101326
101326
101325
101325
101325
101325
101324
101324
101324
101324
101324
101324
101324
101324
101324
101324
101324
101325
101324
101325
101325
101325
101326
101326
101326
101326
101326
101326
101326
101326
101326
101326
101326
101326
101325
101325
101325
101325
101325
101324
101324
101324
101324
101324
101324
101324
101324
101324
101324
101324
101325
101325
101325
101325
101326
101326
101326
101326
101326
101326
101326
101326
101326
101326
101326
101326
101325
101325
101325
101325
101324
101324
101324
101324
101324
101324
101324
101324
101324
101324
101324
101325
101324
101325
101325
101325
101326
101326
101326
101326
101326
101326
101326
101326
101326
101326
101326
101326
101325
101325
101325
101325
101324
101324
101324
101324
101324
101324
101324
101324
101324
101324
101324
101324
101325
101325
101325
101325
101326
101326
101326
101326
101327
101327
101327
101327
101327
101326
101326
101326
101325
101325
101325
101324
101324
101324
101324
101323
101323
101323
101323
101323
101323
101324
101324
101325
101324
101325
101325
101326
101326
101327
101327
101327
101327
101328
101328
201953
204395
202859
209105
209224
213628
216139
217571
218153
216788
216609
212795
211838
208219
207988
203138
203068
199483
200003
195832
197141
195171
194921
195388
195413
195760
195768
195820
195320
194338
194754
193052
192304
190711
189825
185348
187198
184579
184656
184718
184365
184209
182630
182379
175832
172383
164638
167988
171332
174620
177014
175975
173978
175531
176821
186518
190036
197640
194536
191676
194596
198107
198265
199837
197832
205320
201220
212360
204700
205288
203203
200290
201908
199612
196571
197660
192731
193033
177708
179142
159112
163511
161220
159545
163652
163519
166996
162971
162973
157060
157963
154101
154706
151872
152239
149023
149639
146634
147432
145449
146102
145436
144993
143892
143362
142149
139038
137160
136890
131292
132532
124929
127878
122919
124490
122363
122625
120748
121108
118732
118110
117624
115194
115913
113103
114025
111960
111742
111087
110022
110211
108831
109149
107930
107806
107567
106515
106939
105772
106130
104997
105402
104307
104556
103651
103969
103167
103501
102867
102908
102690
102446
102546
102177
102294
102014
102064
101869
101918
101738
101810
101644
101705
101580
101611
101525
101548
101472
101502
101433
101460
101406
101426
101385
101398
101368
101377
101354
101362
101345
101351
101340
101343
101335
101338
101331
101333
101329
101330
101327
101328
101326
101327
101326
101326
101326
101326
101326
101326
101327
101327
101327
101327
101327
101327
101328
101327
101327
101328
101327
101327
101327
101327
101327
101326
101326
101326
101326
101325
101325
101325
101325
101325
101325
101325
101325
101325
101326
101325
101326
101326
101326
101327
101327
101327
101327
101327
101328
101327
101327
101328
101327
101327
101327
101327
101327
101326
101326
101326
101326
101325
101325
101325
101325
101325
101325
101325
101325
101325
101326
101326
101326
101326
101326
101327
101327
101327
101327
101327
101328
101327
101327
101328
101327
101327
101327
101327
101327
101326
101326
101326
101326
101326
101325
101325
101325
101325
101325
101325
101325
101325
101325
101326
101326
101326
101326
101327
101327
101327
101327
101327
101328
101327
101327
101328
101327
101327
101327
101327
101327
101326
101326
101326
101326
101325
101325
101325
101325
101325
101325
101325
101325
101325
101326
101325
101326
101326
101326
101326
101327
101327
101327
101327
101327
101327
101327
101327
101327
101327
101327
101327
101327
101326
101326
101326
101325
101326
101325
101325
101325
101325
101325
101325
101325
101325
101325
101325
101326
101326
101326
101327
101327
101327
101327
101327
101328
101328
101328
101328
101328
101327
101327
101327
101327
101326
101326
101326
101325
101325
101325
101325
101324
101325
101325
101324
101325
101325
101325
101325
101326
101326
101327
101327
101327
101328
101328
101328
101329
101329
101329
202252
204934
202642
209420
207785
214526
215841
218981
219247
218773
216504
214694
212031
208502
207631
203735
203126
198913
197892
196997
195227
195662
195704
195268
195645
195373
195655
195227
195267
194969
193856
193170
192869
188910
189846
185194
187042
184137
184813
183824
184362
183268
182601
182814
180368
181789
177894
176582
173612
174694
175223
176752
176236
176000
178696
180883
190968
197178
197109
196932
200065
201858
201612
197100
205467
206525
208129
196028
204448
209119
197237
202364
192234
193767
198715
194763
195270
183517
187700
171664
165634
168503
160573
164104
163354
167759
166602
168118
163230
161508
156273
156590
153434
153617
151152
151192
148587
147756
146816
145397
145622
144458
144011
143738
142003
141065
139400
135777
137086
130867
133193
126435
128238
124169
124821
122936
122855
121245
120900
119640
117810
118046
115616
115362
113655
113812
111791
112539
110484
110701
109747
109001
109134
107792
108114
107268
106603
106924
105713
106235
104973
105475
104399
104510
103984
103710
103466
103396
102907
103104
102582
102606
102489
102222
102320
102007
102120
101859
101956
101739
101817
101660
101698
101587
101623
101519
101563
101471
101506
101438
101457
101411
101423
101386
101400
101367
101380
101355
101363
101348
101350
101342
101342
101336
101336
101331
101333
101328
101330
101327
101327
101326
101326
101326
101325
101325
101325
101325
101326
101326
101326
101326
101326
101327
101327
101327
101327
101327
101327
101327
101326
101326
101326
101326
101326
101325
101325
101325
101325
101324
101325
101324
101324
101324
101324
101324
101325
101325
101325
101325
101326
101326
101326
101326
101326
101327
101327
101327
101327
101327
101327
101327
101327
101326
101326
101326
101326
101325
101325
101325
101325
101325
101325
101324
101324
101324
101324
101324
101325
101325
101325
101325
101326
101326
101326
101326
101326
101327
101327
101327
101327
101327
101327
101327
101326
101326
101326
101326
101326
101326
101325
101325
101325
101325
101324
101324
101324
101324
101324
101325
101325
101325
101325
101325
101325
101326
101326
101326
101326
101327
101327
101327
101327
101327
101327
101327
101326
101326
101326
101326
101326
101325
101325
101325
101325
101325
101325
101324
101324
101324
101324
101324
101325
101325
101325
101325
101325
101325
101326
101326
101326
101326
101327
101327
101327
101327
101327
101327
101326
101326
101326
101326
101326
101325
101325
101325
101325
101325
101324
101324
101324
101324
101324
101324
101325
101325
101325
101325
101325
101326
101326
101326
101326
101327
101327
101327
101327
101327
101327
101327
101327
101326
101326
101326
101325
101325
101325
101325
101324
101324
101324
101324
101324
101324
101324
101324
101324
101324
101325
101325
101326
101326
101326
101327
101327
101327
101328
101328
101328
101328
202677
204075
203660
208050
208752
214261
216839
219687
220730
219729
217551
214879
212284
210083
205219
205973
199371
201601
194557
197806
193441
195421
193967
193826
194280
194922
195440
195344
195281
195162
194984
192885
192985
189367
189430
185398
186674
183833
185017
183293
184121
183468
182436
183414
181072
181519
178420
177966
173787
174059
172824
177109
179524
181410
181031
182459
184339
192275
196060
196904
200686
203537
203446
200951
198680
207247
201915
197102
192894
202215
199860
197613
190858
187397
187231
192270
188557
187267
186197
167928
173819
167217
163055
162925
167341
167457
170144
167352
167931
159137
161464
153770
156174
152204
153186
149650
150646
146707
148100
144597
146026
143301
144249
142055
142368
139344
140105
135633
137132
131406
132603
128231
126853
126645
124070
124245
122314
122175
120114
120678
117654
117960
116550
114525
114869
113008
112674
111946
110695
111157
109328
109690
108718
107993
108195
107002
107029
106676
105801
106112
104986
105455
104280
104773
103788
103847
103729
103175
103149
102952
102653
102741
102345
102403
102230
102051
102120
101862
101964
101754
101813
101662
101715
101580
101636
101520
101563
101477
101503
101440
101462
101408
101430
101385
101403
101368
101381
101357
101364
101348
101353
101342
101345
101336
101338
101332
101333
101330
101329
101328
101328
101326
101327
101326
101326
101326
101326
101326
101326
101326
101326
101327
101327
101327
101327
101327
101327
101327
101327
101327
101327
101327
101326
101326
101326
101326
101326
101325
101325
101325
101325
101325
101325
101325
101325
101325
101325
101325
101325
101326
101326
101326
101326
101327
101327
101327
101327
101327
101327
101327
101327
101327
101327
101327
101327
101326
101326
101326
101326
101325
101325
101325
101325
101325
101325
101325
101325
101325
101325
101325
101325
101325
101326
101326
101327
101326
101327
101327
101327
101327
101327
101327
101327
101327
101327
101327
101326
101326
101326
101326
101325
101326
101325
101325
101325
101325
101325
101325
101325
101325
101325
101325
101326
101325
101326
101326
101326
101327
101327
101327
101327
101327
101327
101327
101327
101327
101327
101327
101327
101326
101326
101326
101325
101325
101325
101325
101325
101325
101325
101325
101325
101325
101325
101325
101325
101325
101326
101326
101326
101326
101327
101327
101327
101327
101327
101327
101327
101327
101327
101327
101327
101326
101326
101326
101326
101325
101325
101325
101325
101325
101325
101325
101325
101325
101325
101325
101325
101326
101326
101326
101326
101327
101327
101327
101327
101327
101327
101327
101327
101327
101327
101327
101326
101326
101326
101326
101325
101325
101325
101325
101325
101324
101324
101324
101324
101325
101325
101325
101325
101326
101326
101327
101326
101327
101327
101328
101328
101329
101328
101329
202100
204524
203053
208493
207947
214570
217436
220725
221455
220681
217199
215667
210805
211144
204512
206362
199230
201134
194798
197021
193389
194563
193845
194319
194527
193988
194941
194888
195766
195615
195461
194072
191881
189653
189531
185057
186944
183270
185119
183202
184087
183812
182804
183540
182069
182019
180712
177741
174978
172589
171751
178014
183382
185474
185538
183139
183888
183296
190223
194024
195889
198859
200137
198932
200872
202288
197618
190015
186467
203927
203541
196144
188714
188864
187883
186559
190488
184652
187464
169060
170067
168775
163972
166440
167033
169669
169786
170556
165593
162627
160652
154894
155773
153008
152961
150533
150631
147214
148010
144451
145744
143089
143607
141943
141692
139391
139460
135902
136580
132100
131494
130085
126698
127249
124206
124604
122139
122790
119944
120542
118356
117133
116926
114476
115242
112532
113591
111321
111485
110500
109684
109803
108348
108668
107771
107094
107250
106370
105850
106072
104999
105413
104325
104743
103833
103870
103626
103200
103327
102783
102900
102597
102408
102445
102140
102184
102046
101903
101951
101754
101833
101656
101726
101584
101633
101527
101561
101477
101508
101437
101465
101407
101429
101386
101402
101369
101381
101357
101365
101348
101354
101341
101346
101336
101340
101332
101335
101329
101331
101327
101329
101326
101327
101326
101326
101326
101326
101326
101326
101326
101327
101327
101327
101327
101327
101327
101327
101327
101327
101327
101327
101327
101327
101326
101326
101326
101326
101326
101325
101325
101325
101325
101325
101325
101325
101325
101325
101325
101326
101325
101326
101326
101327
101327
101327
101327
101327
101327
101327
101327
101327
101327
101327
101327
101327
101326
101326
101326
101326
101325
101326
101325
101325
101325
101325
101325
101325
101325
101325
101325
101326
101326
101326
101326
101327
101327
101327
101327
101327
101327
101327
101327
101327
101327
101327
101327
101327
101327
101326
101326
101326
101326
101325
101325
101325
101325
101325
101325
101325
101325
101325
101325
101326
101326
101326
101326
101327
101326
101327
101327
101327
101327
101327
101327
101327
101327
101327
101327
101327
101326
101326
101326
101326
101326
101325
101325
101325
101325
101325
101325
101325
101325
101325
101325
101326
101326
101326
101326
101326
101326
101327
101327
101327
101327
101327
101327
101327
101327
101327
101327
101327
101326
101326
101326
101326
101325
101325
101325
101325
101325
101325
101325
101325
101325
101325
101325
101325
101326
101326
101326
101326
101327
101327
101327
101327
101327
101327
101327
101327
101327
101327
101327
101326
101327
101326
101326
101325
101326
101325
101325
101324
101324
101324
101324
101324
101325
101325
101325
101325
101326
101326
101327
101327
101327
101327
101328
101328
101329
101329
101329
200715
202957
204623
208296
208905
213308
219071
221377
222362
221118
217942
215557
210919
211352
204584
206116
199483
199934
195860
195355
194306
193020
193099
193191
193362
193761
194376
195258
195743
196232
195857
193870
192979
188471
189572
185246
186084
183815
184126
183511
184099
183638
183043
183743
182245
183012
180348
179396
173120
172385
172428
177609
185588
190029
187054
184262
181230
181635
179854
186886
189886
198049
198723
194608
199990
205732
205299
206088
199633
202446
200443
191475
189379
184228
183111
188596
188337
188169
184050
169598
174995
163358
167989
165849
168947
170114
171267
169545
170323
158924
163687
153325
157166
152290
153795
149945
151242
146760
148541
144054
145822
142511
143528
141062
141969
138622
140150
135599
135014
134440
129433
131721
125894
128608
123304
125868
121442
123478
120072
119669
119487
116452
117563
114222
115488
112516
113534
111146
111919
109915
110580
108894
108762
108696
107383
107767
106727
106522
105880
105978
105087
105273
104410
104670
103816
104090
103338
103562
103022
102876
102906
102493
102618
102237
102285
102184
101962
102012
101901
101773
101820
101663
101723
101585
101637
101524
101567
101475
101511
101437
101465
101408
101430
101386
101403
101369
101382
101357
101367
101348
101355
101341
101346
101336
101340
101332
101335
101329
101331
101327
101329
101326
101327
101326
101326
101326
101326
101326
101326
101327
101326
101327
101327
101327
101327
101327
101327
101327
101327
101327
101327
101327
101327
101326
101326
101326
101326
101325
101326
101325
101325
101325
101325
101325
101325
101325
101325
101325
101326
101325
101326
101326
101327
101327
101327
101327
101327
101327
101327
101327
101327
101327
101327
101327
101327
101326
101326
101326
101326
101325
101325
101325
101325
101325
101325
101325
101325
101325
101325
101325
101326
101325
101326
101326
101327
101327
101327
101327
101327
101327
101327
101327
101327
101327
101327
101327
101327
101326
101326
101326
101326
101325
101325
101325
101325
101325
101325
101325
101325
101325
101325
101325
101326
101325
101326
101326
101327
101327
101327
101327
101327
101327
101327
101327
101327
101327
101327
101327
101327
101327
101326
101326
101326
101326
101325
101325
101325
101325
101325
101325
101325
101325
101325
101325
101326
101325
101326
101326
101327
101326
101327
101327
101327
101327
101327
101327
101327
101327
101327
101327
101327
101326
101326
101326
101326
101325
101325
101325
101325
101325
101325
101325
101325
101325
101325
101325
101325
101326
101326
101326
101326
101327
101327
101327
101327
101327
101327
101327
101327
101327
101327
101327
101326
101327
101326
101326
101325
101325
101325
101325
101324
101324
101324
101324
101324
101325
101325
101325
101325
101326
101326
101327
101327
101328
101327
101328
101328
101329
101329
101329
218338
228371
220738
233736
196837
231362
233782
224878
226476
203231
206672
184085
189072
177984
195849
198910
200612
202972
205479
204410
215800
211774
213817
202950
205964
208249
211696
213737
212916
211643
208610
211317
211657
209435
198875
196014
169328
176386
152347
160702
162844
161593
172123
177432
183825
185651
185146
187502
188291
189766
186804
195950
186513
210402
199556
224679
224272
232301
241423
243199
245013
246138
244914
247771
245836
253122
248047
261672
267299
281278
291517
294089
272441
281801
139618
139013
141186
139998
143447
142314
145329
145849
147247
148428
149254
149917
150343
150399
150101
150076
149114
149350
149265
149087
149152
148658
147409
147970
146866
148368
148715
150600
152210
153476
117074
116674
116524
116593
116086
115954
115284
115264
114078
114403
112927
112826
112435
111202
111446
110159
110101
109726
108687
109203
107878
108121
107749
107076
107342
106628
106884
106389
106567
106388
102273
102261
102242
102257
102187
102170
102085
102090
101970
101987
101859
101889
101754
101796
101670
101712
101597
101634
101538
101558
101485
101508
101445
101466
101421
101437
101406
101418
101402
101404
101330
101330
101330
101329
101328
101328
101327
101326
101325
101325
101324
101323
101323
101322
101323
101322
101322
101322
101323
101322
101323
101323
101323
101323
101324
101324
101325
101324
101325
101325
101324
101325
101325
101324
101324
101323
101324
101323
101323
101322
101323
101322
101322
101322
101322
101322
101322
101322
101323
101322
101323
101323
101323
101323
101324
101324
101324
101324
101324
101324
101325
101324
101325
101324
101324
101323
101324
101323
101323
101322
101323
101322
101322
101322
101322
101322
101322
101322
101323
101322
101323
101323
101323
101323
101324
101324
101324
101324
101324
101325
101325
101324
101324
101324
101324
101324
101323
101323
101323
101323
101322
101323
101322
101322
101322
101322
101322
101322
101322
101323
101323
101323
101324
101323
101324
101324
101325
101324
101325
101325
101325
101324
101325
101324
101324
101323
101324
101323
101323
101322
101323
101322
101322
101322
101322
101322
101322
101322
101323
101322
101323
101323
101324
101323
101324
101324
101324
101324
101324
101324
101325
101325
101325
101325
101325
101324
101324
101323
101323
101322
101323
101322
101322
101322
101322
101322
101322
101322
101322
101323
101322
101323
101323
101324
101323
101324
101324
101325
101325
101325
101326
101326
101326
101325
101325
101324
101325
101323
101324
101322
101323
101322
101322
101321
101321
101321
101321
101321
101321
101321
101322
101322
101322
101322
101323
101323
101324
101324
101324
101324
223719
216965
238446
210134
241262
226855
225533
223113
210787
210793
197284
189908
184498
178249
198909
200598
203306
203969
202814
215439
213887
200048
360543
216813
206163
209062
210274
209726
209184
206993
206253
205123
206227
204952
203027
192641
176736
174333
154799
161486
160432
164262
170476
177504
183406
183532
186816
188253
187832
191450
186166
197302
188180
207889
200124
224402
220210
236392
237410
242638
244378
244983
245830
245716
249372
249941
256932
255275
265628
270042
278525
277638
285625
287423
138984
139040
140224
139651
143155
142331
145598
146067
147866
148486
149208
149538
149862
149976
149937
150024
149729
149348
149144
149207
148858
148335
147558
147884
146934
147886
148378
150261
151432
152985
116795
117192
117151
116508
116430
115797
115679
115018
114497
113808
113729
112453
112572
111528
110883
110840
109503
110134
108626
109259
108005
108237
107536
107360
107128
106808
106683
106529
106394
106449
102389
102370
102355
102257
102261
102162
102137
102079
102012
101975
101891
101884
101774
101791
101681
101706
101606
101632
101541
101566
101487
101509
101451
101458
101432
101424
101415
101409
101403
101405
101327
101326
101327
101326
101324
101325
101323
101322
101322
101321
101321
101320
101321
101319
101320
101319
101319
101319
101319
101319
101320
101319
101320
101319
101321
101320
101321
101320
101321
101321
101321
101320
101320
101320
101321
101320
101320
101319
101320
101319
101320
101319
101319
101318
101319
101318
101319
101318
101319
101319
101320
101319
101320
101319
101320
101320
101321
101321
101321
101321
101321
101320
101321
101320
101321
101320
101321
101319
101320
101319
101320
101319
101319
101318
101319
101318
101319
101319
101319
101319
101320
101319
101320
101319
101321
101320
101321
101321
101321
101321
101321
101320
101320
101321
101320
101321
101319
101320
101319
101320
101319
101319
101318
101319
101318
101319
101318
101319
101319
101318
101320
101319
101320
101319
101321
101320
101321
101320
101321
101321
101321
101320
101321
101320
101321
101320
101320
101319
101320
101319
101320
101319
101319
101318
101319
101318
101319
101319
101319
101319
101320
101319
101320
101319
101321
101320
101321
101320
101321
101321
101321
101321
101321
101321
101321
101320
101321
101319
101320
101319
101320
101318
101319
101318
101319
101319
101318
101319
101318
101319
101319
101320
101319
101320
101320
101321
101320
101321
101320
101321
101322
101322
101322
101321
101322
101320
101321
101320
101321
101319
101320
101318
101319
101318
101318
101317
101318
101317
101318
101318
101319
101318
101319
101318
101320
101319
101320
101320
101320
101320
216902
221365
215640
229507
214603
225593
217037
209166
212482
204932
200186
189116
183519
175489
200135
202573
202468
202905
207391
203174
214582
209131
206611
203534
208904
207075
205776
204854
203602
205016
203217
202830
199432
203128
198343
195987
179968
178192
155574
162623
162310
165527
172494
172562
180588
184635
186147
189952
190160
189857
188692
190388
192490
199617
198784
218660
217764
235607
235186
243272
242377
245550
245391
248314
246976
253326
253947
259410
255939
259626
257247
270838
285900
287773
138772
138536
139220
139159
142124
141944
145715
145407
148001
147878
149214
148921
149529
149644
150177
150269
150357
150075
149589
149067
149104
147915
148089
147422
147012
147430
148303
149598
150752
151746
117436
117041
116733
116889
116521
116472
115461
115568
114351
114413
113215
113222
111940
112195
110630
111160
109559
110005
108726
109095
107919
108316
107357
107484
106959
106841
106628
106466
106388
106341
102323
102321
102275
102349
102219
102248
102113
102133
101992
102018
101874
101907
101763
101803
101671
101710
101599
101632
101538
101567
101488
101512
101453
101464
101437
101421
101426
101404
101414
101405
101336
101336
101336
101334
101334
101333
101332
101332
101330
101330
101328
101329
101327
101328
101327
101328
101326
101328
101327
101328
101327
101329
101328
101329
101328
101330
101329
101331
101330
101330
101330
101330
101329
101330
101329
101330
101328
101329
101327
101328
101327
101328
101326
101327
101326
101327
101326
101328
101327
101328
101327
101329
101328
101329
101328
101330
101329
101330
101330
101330
101330
101330
101329
101330
101329
101330
101328
101329
101327
101328
101327
101328
101326
101327
101326
101327
101326
101328
101327
101328
101327
101329
101328
101329
101328
101330
101329
101330
101330
101330
101330
101330
101330
101329
101330
101328
101329
101328
101329
101327
101328
101326
101327
101326
101327
101326
101327
101326
101328
101328
101327
101329
101328
101329
101328
101330
101329
101331
101330
101330
101330
101330
101329
101330
101329
101330
101328
101329
101327
101328
101327
101328
101326
101327
101326
101327
101326
101328
101327
101328
101327
101329
101328
101329
101328
101330
101329
101330
101330
101330
101331
101331
101330
101331
101329
101330
101328
101329
101327
101328
101327
101328
101326
101327
101326
101326
101327
101326
101328
101327
101328
101327
101329
101328
101330
101329
101330
101329
101330
101330
101332
101332
101330
101331
101330
101331
101329
101330
101327
101329
101327
101328
101326
101327
101325
101326
101325
101326
101325
101327
101326
101328
101327
101329
101328
101329
101329
101329
101330
101330
213815
214017
215222
209435
230165
208747
205163
210290
205805
205590
199236
192841
183720
179278
201440
204699
204594
204746
203122
207440
200939
216446
201396
208607
204342
204110
203176
202230
201939
200924
200726
198528
198489
195726
194452
195323
183939
181491
165192
167708
172363
169560
170371
172763
182082
185215
187933
189303
188977
188556
186996
188088
186205
199095
197399
211313
214078
226995
232566
240462
244033
244727
245386
244911
248257
246590
251660
247542
247152
237506
245361
261096
277546
298515
137367
138109
137923
138026
140414
141705
144294
146716
147833
149553
149305
150116
149313
149746
150072
150212
150366
150278
149744
148740
148799
147965
148009
147440
147043
147892
147891
148709
149387
150105
117085
117827
117980
117795
116821
116126
116250
115115
115168
113878
114040
112648
112613
111950
110855
111154
109706
110041
108845
109036
108021
108290
107302
107616
106773
107060
106405
106660
106221
106386
102562
102521
102527
102314
102370
102199
102223
102082
102090
101962
101963
101850
101847
101751
101747
101666
101664
101595
101594
101533
101535
101479
101491
101439
101457
101414
101430
101406
101404
101405
101332
101332
101331
101331
101330
101329
101329
101326
101328
101324
101326
101323
101325
101322
101324
101322
101324
101321
101324
101322
101324
101322
101325
101322
101325
101323
101326
101323
101326
101325
101325
101325
101326
101324
101326
101323
101325
101322
101325
101322
101324
101321
101324
101321
101324
101321
101324
101321
101324
101322
101324
101322
101325
101322
101325
101323
101326
101324
101324
101325
101325
101324
101326
101323
101326
101323
101325
101322
101325
101322
101324
101321
101324
101321
101324
101321
101324
101321
101324
101322
101325
101322
101325
101322
101325
101323
101326
101324
101324
101325
101325
101325
101324
101326
101323
101325
101322
101325
101322
101324
101321
101324
101321
101324
101321
101324
101321
101324
101322
101323
101324
101322
101325
101322
101326
101323
101326
101324
101326
101325
101325
101324
101326
101323
101326
101323
101325
101322
101325
101322
101324
101321
101324
101321
101324
101321
101324
101321
101324
101322
101325
101322
101325
101322
101325
101323
101326
101324
101324
101325
101325
101326
101324
101324
101326
101323
101325
101322
101325
101322
101324
101321
101324
101321
101323
101323
101321
101324
101321
101324
101321
101325
101322
101325
101323
101326
101323
101325
101325
101325
101327
101325
101328
101324
101327
101323
101326
101322
101325
101322
101324
101321
101324
101320
101323
101320
101323
101320
101323
101321
101324
101321
101324
101322
101325
101322
101325
101324
101324
101325
212790
208986
211513
211610
205199
209546
209691
207975
206638
204878
200716
196810
190121
182789
200753
203433
201973
202435
203582
201522
206916
199585
206961
201819
204793
203710
201508
199402
197824
199569
197473
195954
191990
193233
190092
190596
185695
182219
174692
177462
176227
176098
173918
173060
187133
186832
188154
188873
189039
191916
191386
190145
186851
202554
204030
201788
212022
212348
220815
228890
238788
245261
244012
242745
240650
244666
240420
237466
227287
239564
234359
252997
269605
302368
139164
137732
137896
136144
138919
138921
144279
145236
148651
149453
150734
150057
150619
149768
149947
149957
150061
149789
149580
148664
148760
147716
147776
147665
147291
147208
147866
147731
148123
148103
117866
118049
117822
117376
117428
117192
116021
116155
114805
114895
113495
113603
112207
112471
110936
111106
110265
109440
109678
108500
108362
108238
107413
107456
106934
106783
106550
106376
106300
106047
102509
102558
102405
102507
102315
102364
102193
102212
102050
102071
101916
101941
101802
101826
101707
101727
101630
101642
101565
101574
101509
101508
101480
101454
101444
101432
101415
101417
101403
101408
101332
101335
101336
101332
101333
101330
101331
101328
101328
101326
101326
101325
101324
101324
101323
101323
101323
101323
101323
101323
101323
101324
101324
101324
101324
101325
101325
101325
101325
101325
101325
101325
101325
101325
101324
101324
101324
101324
101323
101323
101323
101323
101323
101323
101322
101323
101323
101323
101323
101323
101323
101324
101324
101324
101324
101325
101325
101325
101325
101325
101325
101325
101325
101325
101324
101324
101324
101324
101323
101323
101323
101323
101323
101323
101323
101323
101323
101323
101323
101323
101323
101324
101324
101324
101324
101325
101325
101325
101325
101325
101325
101325
101325
101325
101325
101324
101324
101324
101324
101323
101323
101323
101323
101323
101323
101323
101323
101323
101323
101323
101323
101324
101324
101324
101324
101325
101325
101325
101325
101325
101325
101325
101325
101325
101324
101324
101324
101324
101323
101323
101323
101323
101323
101323
101323
101323
101323
101323
101323
101323
101323
101324
101324
101324
101324
101325
101325
101325
101325
101325
101325
101326
101325
101325
101325
101325
101324
101324
101323
101323
101323
101323
101323
101323
101322
101322
101323
101322
101323
101323
101323
101323
101324
101324
101324
101324
101325
101325
101325
101325
101326
101326
101326
101326
101325
101325
101324
101324
101323
101324
101323
101323
101322
101322
101322
101322
101322
101322
101322
101322
101322
101323
101323
101324
101324
101324
101325
101325
101325
101325
205007
208176
205379
207814
210254
208607
209581
210433
207205
207362
203440
200234
196923
190479
200998
202053
201902
202239
202460
203343
201361
206119
200487
203263
201858
201703
200806
198005
197041
194255
195212
194165
193659
191681
190818
186400
187433
183205
184405
182825
186643
183631
178132
171498
187730
188711
188764
188103
192715
194858
193583
194115
194146
207787
202096
197520
195911
206774
214322
217412
227402
235138
240481
238407
238316
230493
226153
221210
232077
228397
231369
247588
264363
288925
143044
136845
137195
135765
135418
138687
142293
146682
148434
151149
151244
151856
150726
150800
149673
149714
149310
149090
148783
148723
148307
147984
147597
147712
147218
147234
146487
146662
145905
145743
117089
118457
118448
118970
118879
117717
117026
115813
115980
114414
114624
113056
113252
111796
112062
110433
110985
109283
109729
108718
108251
108171
107625
107154
107222
106421
106720
106092
106264
106033
102861
102698
102797
102495
102565
102323
102362
102168
102188
102021
102033
101886
101896
101777
101781
101687
101687
101607
101614
101539
101554
101487
101503
101448
101464
101423
101434
101407
101414
101401
101343
101337
101334
101337
101333
101334
101331
101330
101329
101327
101328
101326
101326
101324
101325
101324
101324
101324
101324
101324
101325
101324
101325
101325
101326
101325
101326
101325
101326
101326
101326
101326
101326
101325
101326
101325
101325
101324
101325
101324
101324
101323
101324
101323
101324
101323
101324
101323
101324
101324
101325
101324
101325
101324
101326
101325
101326
101326
101326
101326
101326
101326
101326
101325
101326
101325
101325
101324
101325
101324
101324
101323
101324
101323
101324
101323
101324
101323
101324
101324
101325
101324
101325
101325
101326
101325
101326
101326
101326
101326
101326
101326
101326
101326
101325
101326
101325
101325
101324
101325
101324
101324
101323
101324
101323
101324
101323
101324
101324
101324
101325
101324
101325
101325
101326
101325
101326
101326
101326
101326
101326
101326
101326
101325
101326
101325
101325
101324
101325
101324
101324
101323
101324
101323
101324
101323
101324
101323
101324
101324
101325
101324
101325
101325
101326
101325
101326
101326
101326
101326
101326
101326
101326
101326
101326
101325
101325
101324
101325
101324
101324
101323
101324
101323
101324
101324
101323
101324
101323
101324
101324
101325
101324
101325
101325
101326
101325
101326
101326
101326
101327
101327
101327
101326
101327
101325
101326
101324
101325
101324
101324
101323
101324
101323
101323
101322
101323
101322
101323
101323
101324
101323
101325
101324
101325
101325
101326
101326
101326
101326
203169
201897
206550
208104
209071
209628
211144
209518
210463
207096
207210
203183
202439
196483
200396
200507
200808
200610
200750
200487
201760
198210
201006
198593
199536
199871
199739
198233
196900
194790
194794
193265
193213
190871
190336
188018
186769
184036
183332
188680
190214
189554
184230
179697
190127
187240
185849
189426
191406
197397
191942
196203
209060
225365
191585
191075
200415
209494
221639
216902
205086
218557
231321
233784
221538
216253
219995
224368
220986
220246
233230
238526
254922
269652
143185
145806
137728
137207
136494
137183
144907
146336
150249
151220
152790
152083
152092
150606
150522
148744
148652
148276
148263
148008
148190
147819
147987
147235
146772
146897
146580
145593
144429
141391
116607
117760
119085
118918
118527
118782
117737
116861
115606
115599
114035
114142
112688
112737
111721
110874
110691
109806
109490
108770
108751
107679
108078
106881
107368
106305
106692
105955
106099
105960
102765
102962
102637
102796
102498
102574
102298
102364
102124
102180
101974
102019
101837
101881
101730
101767
101646
101665
101596
101561
101551
101507
101493
101475
101450
101430
101436
101406
101416
101401
101337
101342
101342
101335
101338
101333
101333
101330
101330
101327
101328
101326
101326
101324
101324
101324
101324
101324
101324
101324
101324
101324
101324
101324
101325
101325
101325
101325
101325
101325
101326
101325
101325
101325
101325
101325
101324
101324
101324
101324
101323
101323
101323
101323
101323
101323
101323
101323
101323
101324
101324
101324
101324
101325
101325
101325
101325
101325
101325
101326
101326
101325
101325
101325
101325
101325
101324
101324
101324
101324
101323
101323
101323
101323
101323
101323
101323
101323
101323
101324
101324
101324
101324
101325
101325
101325
101325
101325
101325
101325
101325
101325
101325
101325
101325
101325
101325
101324
101324
101324
101324
101323
101323
101323
101323
101323
101323
101323
101323
101324
101323
101324
101324
101325
101325
101325
101325
101325
101325
101325
101325
101325
101325
101325
101325
101325
101324
101324
101324
101324
101323
101323
101323
101323
101323
101323
101323
101323
101323
101324
101324
101324
101324
101325
101325
101325
101325
101325
101325
101325
101326
101326
101326
101325
101325
101325
101324
101324
101324
101324
101323
101323
101323
101323
101323
101323
101323
101323
101323
101323
101324
101324
101324
101324
101325
101325
101325
101325
101325
101326
101326
101326
101326
101326
101325
101325
101325
101325
101324
101324
101323
101323
101322
101323
101322
101322
101322
101322
101322
101323
101323
101324
101323
101324
101324
101325
101325
101326
101326
101326
200528
202018
205815
207175
209152
212604
211442
212537
210685
210546
207330
206853
205426
201690
200740
200642
200854
200628
200945
201237
200145
200621
198790
199582
199211
198184
197771
198155
195552
195588
193755
193844
192443
191691
190994
186853
182649
183353
185600
186823
190966
193096
188964
182665
187886
184487
185331
185378
192992
189278
191124
198269
206710
198333
177180
186454
197432
201269
202135
198603
187884
202576
215908
219268
225577
221677
215642
210388
215156
221778
225134
240469
244214
251941
149268
144534
145030
135971
138226
143026
140628
150928
149817
153303
153050
153342
151947
151796
149818
149392
147880
147716
147240
147732
147599
147904
147618
147288
146402
146310
144524
143972
141752
141842
111075
113943
117382
120335
120362
119253
118861
117703
116241
115589
114894
113564
113623
112185
112326
110793
111241
109605
110080
108636
108964
107701
108059
106957
107275
106370
106653
105952
106105
105770
103322
102776
103141
102659
102799
102459
102513
102274
102283
102104
102104
101966
101925
101845
101791
101745
101689
101662
101597
101606
101522
101553
101470
101502
101443
101446
101429
101411
101413
101403
101357
101344
101338
101342
101337
101337
101334
101333
101331
101331
101328
101328
101327
101327
101325
101325
101325
101325
101325
101325
101325
101325
101326
101325
101326
101326
101327
101326
101327
101327
101327
101327
101327
101326
101326
101326
101326
101325
101325
101325
101325
101324
101325
101324
101324
101324
101324
101324
101325
101324
101325
101325
101326
101325
101326
101326
101326
101327
101327
101327
101327
101327
101327
101326
101326
101326
101326
101325
101325
101325
101325
101324
101325
101324
101324
101324
101324
101324
101325
101324
101325
101325
101326
101325
101326
101326
101326
101327
101327
101327
101327
101327
101327
101327
101326
101326
101325
101326
101325
101325
101324
101325
101324
101324
101324
101324
101324
101324
101325
101325
101325
101325
101326
101325
101326
101326
101327
101326
101327
101327
101327
101327
101327
101326
101326
101326
101326
101325
101325
101325
101325
101324
101325
101324
101324
101324
101324
101324
101325
101324
101325
101325
101326
101325
101326
101326
101326
101327
101327
101327
101327
101327
101327
101326
101327
101326
101326
101325
101325
101325
101325
101324
101325
101324
101324
101324
101324
101324
101324
101325
101325
101325
101325
101326
101326
101326
101326
101327
101327
101327
101327
101327
101327
101327
101327
101326
101326
101325
101326
101324
101325
101324
101324
101323
101324
101323
101324
101323
101324
101324
101325
101324
101325
101325
101326
101326
101327
101327
101327
101327
200609
201927
204964
206230
211671
211986
214545
213779
213758
211994
210655
207866
208871
207094
204364
201013
203202
200306
199449
198615
198390
197808
197256
196281
195771
195049
195925
197825
197969
195924
196506
194624
194908
192747
193235
191027
189194
185698
184497
184221
184799
190243
184616
185081
183650
174522
137382
164535
171402
172560
171759
181308
185015
185646
176927
199838
187279
193793
183779
193617
190593
192145
200512
198762
196295
192039
218832
221642
217431
211115
207974
211651
212380
215680
222606
222443
221600
194488
136712
157344
144145
150030
144632
147009
144250
148162
155567
150651
155302
153221
154453
153190
153080
151162
150884
148442
148362
147017
147303
146815
147313
147241
147045
146759
145780
144126
144326
141572
138845
130365
112916
118093
119461
120788
121752
120803
121077
120472
119076
118547
116598
116720
114673
114647
113033
113317
111384
111963
110612
109772
110097
108567
109148
107622
108182
106891
107299
106259
106426
105703
105352
105306
104260
104562
103317
103793
103032
103260
102732
102844
102468
102533
102215
102298
102027
102105
101877
101938
101755
101818
101658
101717
101589
101627
101532
101555
101482
101500
101441
101463
101418
101424
101403
101397
101379
101381
101353
101355
101350
101341
101343
101336
101338
101331
101331
101330
101327
101328
101326
101327
101325
101325
101324
101324
101324
101324
101324
101325
101325
101325
101325
101325
101326
101326
101326
101326
101327
101327
101326
101326
101326
101326
101325
101325
101325
101325
101324
101324
101324
101324
101324
101324
101323
101323
101323
101324
101324
101324
101324
101325
101324
101325
101325
101325
101326
101326
101326
101326
101327
101327
101326
101326
101326
101326
101325
101325
101325
101325
101324
101324
101324
101324
101324
101324
101323
101324
101323
101324
101324
101324
101324
101325
101325
101325
101325
101325
101326
101326
101326
101326
101327
101327
101326
101326
101326
101326
101325
101325
101325
101325
101325
101324
101324
101324
101324
101324
101324
101324
101323
101324
101324
101324
101324
101325
101325
101325
101325
101325
101326
101326
101326
101326
101327
101327
101326
101326
101326
101326
101325
101325
101325
101325
101324
101324
101324
101324
101324
101324
101323
101323
101323
101324
101324
101324
101324
101325
101324
101325
101325
101325
101325
101326
101326
101326
101327
101327
101326
101326
101326
101326
101325
101325
101325
101325
101324
101324
101324
101324
101323
101324
101323
101323
101323
101323
101324
101324
101324
101324
101325
101325
101325
101325
101326
101326
101326
101326
101327
101327
101327
101326
101326
101326
101326
101325
101325
101325
101324
101324
101323
101324
101323
101323
101323
101323
101323
101323
101323
101324
101324
101324
101325
101325
101325
101326
101326
101327
101327
101327
101328
101328
202993
201275
205280
207084
209984
213395
214483
216311
215058
214049
213005
211107
209134
207729
206058
202300
201259
198991
199890
198893
199306
198546
197801
196818
197142
197216
195983
194308
194437
195777
194404
194845
193265
193738
191675
188378
188556
184385
185414
183280
183754
181273
186611
192096
177474
176688
164875
163250
172718
172274
175325
182981
182406
188766
179267
186784
196298
198091
196623
185419
188875
187725
194387
201808
199090
203687
194697
218202
216558
209734
211834
208830
207785
208640
211456
215283
208313
194423
178636
154189
155394
147037
150819
149989
155341
156711
154866
159262
155084
156606
154198
154471
152553
152441
149804
149964
147363
147899
146491
146900
146585
146610
146612
146026
144997
144036
141885
138099
137865
131251
124050
124626
120761
121659
121592
122105
120962
120782
120036
117797
118210
116095
114866
115311
112831
113776
111496
111845
110725
110144
109762
108883
108935
107716
108146
106917
107278
106172
106560
105506
105793
104960
104907
104187
103949
103527
103247
103132
102872
102718
102692
102387
102369
102252
102103
102082
101906
101962
101765
101826
101683
101713
101596
101643
101532
101573
101484
101513
101449
101461
101426
101425
101399
101406
101372
101385
101352
101366
101344
101353
101339
101343
101335
101337
101333
101331
101331
101329
101329
101327
101327
101326
101326
101325
101326
101326
101326
101326
101326
101326
101327
101327
101327
101327
101327
101327
101327
101327
101327
101327
101327
101327
101327
101326
101326
101326
101326
101325
101325
101325
101325
101325
101325
101325
101325
101325
101325
101325
101326
101325
101326
101326
101327
101327
101327
101327
101327
101327
101328
101327
101327
101327
101327
101327
101327
101326
101326
101326
101326
101325
101325
101325
101325
101325
101325
101325
101325
101325
101325
101325
101326
101326
101326
101326
101327
101327
101327
101327
101327
101327
101327
101327
101327
101327
101327
101327
101327
101327
101326
101326
101326
101326
101325
101325
101325
101325
101325
101325
101325
101325
101325
101325
101326
101326
101326
101326
101327
101327
101327
101327
101327
101327
101327
101327
101327
101327
101327
101327
101327
101326
101326
101326
101326
101325
101325
101325
101325
101325
101325
101325
101325
101325
101325
101325
101326
101325
101326
101326
101327
101327
101327
101327
101327
101327
101327
101327
101327
101327
101327
101327
101327
101326
101326
101326
101326
101325
101325
101325
101325
101325
101325
101325
101325
101325
101325
101325
101325
101326
101326
101326
101326
101327
101327
101327
101327
101328
101328
101328
101328
101328
101327
101327
101327
101327
101326
101326
101326
101325
101325
101324
101325
101324
101324
101324
101324
101324
101325
101325
101325
101325
101326
101326
101327
101327
101327
101328
101328
101328
101329
101329
203108
201072
207245
204991
212178
212192
216240
216249
216538
215480
214593
212723
211016
208539
206607
204290
201907
200699
198942
197893
196391
196419
195373
195936
195284
195173
195962
196341
195800
194816
195369
193367
193656
192520
188634
188871
186348
184929
185408
183775
184718
184019
184097
179752
186154
198074
186120
178635
177200
177054
179694
178728
174817
176274
172585
192107
189149
198266
187524
189512
190069
191805
195770
198196
204751
194628
197266
212590
209951
210255
204854
203487
205649
206526
204590
202932
198321
198369
174655
169149
154666
158657
155684
156407
159247
160864
164217
159155
160528
155984
156594
153881
154070
151541
151576
148845
148880
146911
147136
146212
146067
146021
145624
145024
144666
141535
141343
138323
134889
134345
125010
128126
123301
123026
123293
121881
122065
120448
120672
118183
118800
116163
115800
114980
113472
113452
111737
112146
110392
110953
109161
109637
108504
107955
108082
106886
107361
106086
106561
105396
105787
104818
105004
104056
104308
103452
103508
103117
102973
102909
102547
102595
102328
102329
102069
102170
101899
101988
101799
101828
101698
101735
101605
101646
101547
101564
101501
101507
101457
101467
101422
101436
101394
101409
101374
101384
101357
101365
101348
101352
101343
101341
101339
101335
101334
101331
101330
101328
101328
101326
101326
101325
101325
101325
101325
101325
101325
101325
101325
101325
101325
101326
101326
101326
101326
101326
101326
101326
101326
101326
101326
101326
101326
101325
101325
101325
101325
101325
101324
101324
101324
101324
101324
101324
101324
101324
101324
101324
101324
101325
101325
101325
101325
101326
101326
101326
101326
101326
101326
101326
101326
101326
101326
101326
101326
101325
101325
101325
101325
101325
101324
101324
101324
101324
101324
101324
101324
101324
101324
101324
101324
101325
101325
101325
101325
101326
101326
101326
101326
101326
101326
101326
101326
101326
101326
101326
101326
101325
101325
101325
101325
101324
101324
101324
101324
101324
101324
101324
101324
101324
101324
101324
101325
101325
101325
101325
101325
101326
101326
101326
101326
101326
101326
101326
101326
101326
101326
101326
101326
101325
101325
101325
101324
101325
101324
101324
101324
101324
101324
101324
101324
101324
101324
101324
101324
101325
101325
101325
101325
101326
101326
101326
101326
101326
101326
101326
101326
101326
101326
101326
101326
101325
101325
101325
101325
101324
101324
101324
101324
101324
101324
101324
101324
101324
101324
101324
101324
101325
101325
101325
101325
101326
101326
101326
101326
101326
101327
101327
101327
101326
101326
101326
101326
101326
101325
101325
101324
101324
101324
101324
101324
101323
101323
101323
101323
101324
101323
101324
101324
101325
101325
101326
101326
101326
101326
101327
101327
101328
101328
101328
202715
201969
206608
205329
211410
212967
215943
218044
218328
218012
214805
214197
211048
209323
205790
205846
201577
201264
197076
198776
196111
196205
196307
195777
196166
195836
195622
194848
194594
194608
193485
193779
192517
190860
187872
188710
184461
185702
184862
183877
184774
183235
183124
180384
176931
170862
169574
167363
172103
175207
176751
176912
173429
173945
174046
183544
195890
194529
193353
193430
194692
196677
198048
196554
201754
200019
210168
211090
208007
207510
204834
204574
197055
197330
203630
200363
198659
188412
184572
165108
171856
160076
158874
161466
160801
165376
163673
165377
159974
160401
155302
156121
153080
153468
150477
150936
147686
148443
145938
146737
145254
145245
144882
144657
143068
141178
140440
137977
133563
134705
127225
130137
123361
125922
122686
123475
121702
121898
119667
119891
118173
116424
116799
114106
115041
112386
112830
111536
110841
110673
109356
109705
108372
108539
107656
107021
107306
106127
106524
105396
105776
104753
104969
104128
104242
103443
103744
102962
103200
102781
102663
102636
102295
102431
102091
102167
101940
101983
101801
101863
101686
101757
101609
101655
101553
101576
101497
101524
101451
101480
101419
101442
101394
101411
101375
101386
101359
101369
101348
101356
101343
101347
101337
101340
101333
101335
101330
101331
101328
101329
101327
101327
101326
101326
101326
101326
101326
101326
101326
101326
101327
101327
101327
101327
101327
101328
101327
101327
101328
101327
101327
101327
101327
101327
101326
101326
101326
101326
101326
101325
101325
101325
101325
101325
101325
101325
101325
101325
101326
101326
101326
101326
101327
101327
101327
101327
101327
101328
101327
101328
101328
101327
101327
101327
101327
101327
101326
101326
101326
101326
101326
101325
101325
101325
101325
101325
101325
101325
101325
101325
101326
101326
101326
101326
101327
101327
101327
101327
101327
101328
101327
101327
101328
101327
101327
101327
101327
101327
101326
101326
101326
101326
101325
101325
101325
101325
101325
101325
101325
101325
101325
101326
101326
101326
101326
101326
101327
101327
101327
101327
101327
101328
101327
101327
101327
101327
101327
101327
101327
101327
101326
101326
101326
101326
101326
101325
101325
101325
101325
101325
101325
101325
101325
101325
101326
101326
101326
101326
101327
101327
101327
101327
101327
101327
101327
101327
101327
101327
101327
101327
101327
101327
101326
101326
101326
101326
101325
101325
101325
101325
101325
101325
101325
101325
101325
101325
101326
101326
101326
101326
101327
101327
101327
101327
101327
101328
101328
101328
101328
101328
101327
101327
101327
101327
101326
101326
101326
101326
101325
101325
101325
101325
101324
101324
101325
101325
101325
101325
101326
101326
101326
101326
101327
101327
101328
101328
101328
101329
101329
101329
203600
202163
207018
204713
212212
211963
217124
218472
219624
218489
217212
214064
211804
210071
206167
205346
201863
200578
197368
195824
195736
194495
194254
194764
194961
195721
195581
195694
195066
194534
194584
193379
191029
191612
186975
188292
184092
185696
184339
184493
183896
183877
182943
181896
181906
182292
178780
175943
175917
174148
175950
176136
175292
176722
176773
185717
191561
196207
197337
197011
198922
202560
201612
202270
196983
207904
210191
193823
201680
204165
205580
197384
198450
193463
190885
194307
189932
192161
175427
177325
170810
159882
165266
162348
165896
165706
168884
165827
165134
159574
158770
154487
154937
152383
152439
149803
149563
147682
146405
146198
144788
144971
144370
143166
142652
140563
138617
138481
133116
135322
128294
130598
125096
126295
123556
123740
122168
121988
120341
119399
118967
116530
116674
114696
114429
112638
113195
111027
111700
110125
109817
109451
108324
108735
107445
107325
107168
106117
106591
105343
105867
104688
104989
104245
104051
103786
103522
103146
103254
102706
102890
102546
102382
102412
102104
102221
101930
102030
101792
101886
101696
101752
101624
101656
101551
101593
101493
101533
101453
101480
101424
101438
101398
101411
101375
101389
101360
101371
101351
101356
101345
101346
101339
101339
101334
101334
101329
101331
101327
101329
101327
101326
101326
101325
101325
101325
101325
101326
101326
101326
101326
101326
101326
101327
101327
101327
101327
101327
101327
101327
101327
101326
101326
101326
101326
101325
101325
101325
101325
101325
101324
101325
101324
101324
101324
101325
101325
101325
101325
101325
101325
101326
101326
101326
101326
101327
101327
101327
101327
101327
101327
101327
101327
101326
101326
101326
101326
101325
101325
101325
101325
101325
101324
101324
101324
101324
101324
101325
101325
101325
101325
101325
101325
101326
101326
101326
101326
101327
101327
101327
101327
101327
101327
101327
101326
101326
101326
101326
101326
101325
101325
101325
101325
101324
101325
101324
101324
101324
101324
101324
101325
101325
101325
101325
101325
101326
101326
101326
101326
101326
101327
101327
101327
101327
101327
101327
101327
101326
101326
101326
101326
101326
101325
101325
101325
101325
101324
101324
101324
101324
101324
101325
101324
101325
101325
101325
101325
101326
101326
101326
101326
101326
101326
101327
101327
101327
101327
101327
101326
101326
101326
101326
101326
101325
101325
101325
101325
101324
101324
101324
101324
101324
101324
101324
101324
101325
101325
101325
101325
101326
101326
101326
101326
101326
101327
101327
101327
101327
101327
101327
101327
101326
101326
101326
101326
101325
101325
101324
101325
101324
101324
101324
101324
101324
101324
101324
101324
101325
101325
101325
101325
101326
101326
101327
101327
101327
101328
101328
101328
101328
203252
202894
205449
205577
211134
212926
217250
219761
220644
219707
217640
214863
212309
208832
208521
202385
203896
197009
199537
193880
196371
193349
194739
194993
194961
194991
195060
195472
195645
195289
194311
194437
191227
190975
187086
187978
184333
185615
183642
184689
183630
183563
183432
182013
181818
181069
179723
176101
175735
172751
175209
175676
178653
180745
181655
180523
187046
191324
195095
197966
200053
203720
203698
201120
203498
200372
204783
181634
189124
203992
200225
198796
193547
191227
192677
189629
192895
186732
175708
181861
165948
164801
165423
165982
165018
169062
168236
169657
164102
164910
155515
158430
153026
154550
151065
151913
148113
149350
145549
147007
143828
145127
142828
143351
140876
141285
137544
138765
133452
135165
129617
129620
127636
125238
125451
123131
123119
121342
121445
118829
119610
116873
115944
115952
113695
113727
112405
111648
111617
109963
110562
108964
108769
108482
107401
107737
106800
106306
106425
105388
105776
104644
105115
104025
104360
103746
103380
103491
103062
102868
102853
102485
102607
102276
102202
102183
101944
102046
101801
101882
101708
101760
101618
101675
101548
101598
101497
101531
101458
101481
101423
101445
101395
101416
101375
101391
101362
101372
101352
101358
101345
101349
101339
101341
101334
101335
101331
101331
101329
101328
101327
101327
101326
101326
101326
101326
101326
101326
101326
101326
101326
101327
101327
101327
101327
101327
101327
101327
101327
101327
101327
101327
101327
101326
101326
101326
101326
101325
101325
101325
101325
101325
101325
101325
101325
101325
101325
101325
101325
101326
101326
101326
101326
101327
101327
101327
101327
101327
101327
101327
101327
101327
101327
101327
101327
101326
101326
101326
101326
101325
101325
101325
101325
101325
101325
101325
101325
101325
101325
101325
101325
101326
101326
101326
101326
101327
101327
101327
101327
101327
101327
101327
101327
101327
101327
101327
101327
101326
101326
101326
101326
101325
101325
101325
101325
101325
101325
101325
101325
101325
101325
101325
101325
101326
101326
101326
101326
101327
101327
101327
101327
101327
101327
101327
101327
101327
101327
101327
101327
101326
101326
101326
101326
101325
101325
101325
101325
101325
101325
101325
101325
101325
101325
101325
101325
101326
101326
101326
101326
101327
101327
101327
101327
101327
101327
101327
101327
101327
101327
101327
101326
101326
101326
101326
101325
101325
101325
101325
101325
101325
101325
101325
101325
101325
101325
101325
101325
101325
101326
101326
101326
101326
101327
101327
101327
101327
101327
101327
101327
101327
101327
101327
101327
101326
101326
101325
101325
101325
101325
101325
101324
101324
101324
101324
101324
101324
101325
101325
101325
101325
101326
101326
101327
101327
101328
101328
101328
101329
101329
101329
204209
202928
205775
204547
211488
212897
217902
220449
221633
219945
218413
214058
213430
207660
208857
201629
203776
196566
198822
193732
195631
193504
193892
193481
193461
194598
194525
195491
195444
195870
195151
194101
192433
190327
186776
188251
183874
185898
183210
184595
183419
183457
183826
182753
182838
182066
180609
178157
174157
171959
173129
176109
182673
186591
184701
182841
181487
187526
188333
192142
196927
200597
200486
197972
198219
202530
206581
190250
188332
204971
199543
197774
191440
184006
184905
190270
188549
189739
175426
180671
168665
163738
167078
165386
168007
169018
170691
168323
168061
163229
157594
157939
153753
154225
152023
151816
148777
149328
145748
146867
143659
144663
142590
142596
140836
140707
137747
138110
133838
134454
131006
128548
128761
125348
125843
123175
123574
120981
121896
119114
118916
117734
115679
116039
113419
114454
111844
112574
110901
110506
110123
108959
109378
107967
107806
107580
106604
106620
106319
105384
105748
104670
105077
104054
104338
103739
103479
103482
102975
103150
102666
102623
102528
102257
102342
102078
102021
102002
101816
101892
101702
101777
101617
101677
101554
101594
101501
101532
101456
101485
101421
101446
101396
101415
101377
101390
101363
101372
101352
101359
101344
101350
101338
101343
101334
101337
101330
101333
101328
101330
101327
101328
101326
101327
101326
101326
101326
101326
101326
101326
101327
101327
101327
101327
101327
101327
101327
101327
101327
101327
101327
101327
101327
101327
101326
101326
101326
101325
101325
101325
101325
101325
101325
101325
101325
101325
101325
101326
101325
101326
101326
101326
101326
101327
101327
101327
101327
101327
101327
101327
101327
101327
101327
101327
101327
101327
101326
101326
101325
101326
101325
101325
101325
101325
101325
101325
101325
101325
101325
101325
101325
101326
101326
101326
101326
101327
101327
101327
101327
101327
101327
101327
101327
101327
101327
101327
101327
101326
101326
101326
101326
101326
101325
101325
101325
101325
101325
101325
101325
101325
101325
101325
101325
101326
101326
101326
101326
101327
101327
101327
101327
101327
101327
101327
101327
101327
101327
101327
101327
101326
101326
101326
101326
101325
101325
101325
101325
101325
101325
101325
101325
101325
101325
101325
101325
101326
101326
101326
101326
101327
101327
101327
101327
101327
101327
101327
101327
101327
101327
101327
101326
101326
101326
101326
101326
101326
101325
101325
101325
101325
101325
101325
101325
101325
101325
101325
101326
101325
101326
101326
101326
101326
101327
101327
101327
101327
101327
101327
101327
101327
101327
101327
101327
101326
101326
101325
101326
101325
101325
101324
101325
101324
101324
101324
101324
101324
101325
101325
101326
101325
101326
101326
101327
101327
101328
101328
101328
101329
101329
101329
204654
204267
204699
204670
210501
214874
217645
221411
222437
220897
218350
214595
213424
207183
208807
201719
203174
197189
197162
195012
194080
194201
193683
193440
193608
193997
194396
194984
195915
196093
195644
194734
191334
191484
186634
187714
184243
184814
183725
184039
183320
183683
183795
182821
183557
181736
181994
177356
175539
170610
170788
178763
187949
189219
188059
183208
181307
179769
184903
187415
194608
194260
195095
196086
199372
212454
199534
207311
203286
200840
198537
196964
186942
185464
186634
186137
189803
186175
179893
181001
164636
170360
164595
167723
167995
170466
171273
171368
164652
167558
154988
159966
152794
155234
151342
152523
148346
149885
145267
147191
143181
144506
141803
142714
140040
141177
136944
138158
134983
131765
133214
127430
130123
124478
127165
122314
124669
120617
121794
119830
117758
118603
115275
116512
113302
114478
111802
112688
110528
111228
109337
109805
108796
107884
108297
106988
107111
106422
106269
105448
105622
104757
104951
104106
104373
103580
103826
103138
103241
102997
102644
102763
102354
102471
102180
102074
102124
101909
101869
101870
101713
101770
101621
101678
101553
101600
101498
101537
101455
101487
101421
101446
101396
101415
101376
101392
101362
101374
101352
101360
101344
101350
101338
101343
101334
101337
101330
101333
101328
101330
101327
101328
101326
101327
101326
101326
101326
101326
101326
101326
101327
101327
101327
101327
101327
101327
101327
101327
101327
101327
101327
101327
101327
101327
101326
101326
101326
101326
101325
101325
101325
101325
101325
101325
101325
101325
101325
101325
101325
101326
101326
101326
101326
101327
101327
101327
101327
101327
101327
101327
101327
101327
101327
101327
101327
101327
101326
101326
101326
101326
101325
101325
101325
101325
101325
101325
101325
101325
101325
101326
101325
101326
101326
101326
101326
101327
101327
101327
101327
101327
101327
101327
101327
101327
101327
101327
101327
101327
101326
101326
101326
101326
101325
101325
101325
101325
101325
101325
101325
101325
101325
101326
101325
101326
101326
101326
101326
101327
101327
101327
101327
101327
101327
101327
101327
101327
101327
101327
101327
101326
101326
101326
101326
101325
101325
101325
101325
101325
101325
101325
101325
101325
101325
101326
101325
101326
101326
101326
101326
101327
101327
101327
101327
101327
101327
101327
101327
101327
101327
101327
101326
101326
101326
101326
101325
101326
101325
101325
101325
101325
101325
101325
101325
101325
101325
101325
101326
101325
101326
101326
101327
101326
101327
101327
101327
101327
101327
101327
101327
101327
101327
101327
101327
101326
101326
101325
101326
101325
101325
101324
101325
101324
101324
101324
101325
101324
101325
101325
101326
101325
101326
101326
101327
101327
101328
101328
101328
101329
101329
101329
)
;

boundaryField
{
    wand
    {
        type            zeroGradient;
    }
    frontAndBack
    {
        type            empty;
    }
}


// ************************************************************************* //
