/*--------------------------------*- C++ -*----------------------------------*\
| =========                 |                                                 |
| \\      /  F ield         | OpenFOAM: The Open Source CFD Toolbox           |
|  \\    /   O peration     | Version:  2.1.1                                 |
|   \\  /    A nd           | Web:      www.OpenFOAM.org                      |
|    \\/     M anipulation  |                                                 |
\*---------------------------------------------------------------------------*/
FoamFile
{
    version     2.0;
    format      ascii;
    class       volScalarField;
    location    "0.000200000";
    object      O;
}
// * * * * * * * * * * * * * * * * * * * * * * * * * * * * * * * * * * * * * //

dimensions      [0 0 0 0 0 0 0];

internalField   nonuniform List<scalar> 
12384
(
4.56918e-09
3.59466e-09
1.61817e-10
1.47474e-12
1.36076e-14
7.62854e-17
3.23549e-19
1.24909e-21
4.73461e-24
1.72392e-26
5.93404e-29
1.89018e-31
5.5816e-34
1.50455e-36
2.50171e-53
3.2488e-54
3.1133e-56
1.98532e-58
9.67962e-61
3.90865e-63
1.36912e-65
4.21816e-68
1.15662e-70
2.85927e-73
6.47293e-76
1.36209e-78
2.69895e-81
5.07948e-84
9.13305e-87
1.57435e-89
2.60796e-92
4.16359e-95
6.42283e-98
9.59957e-101
1.39267e-103
1.96483e-106
2.69285e-109
3.57291e-112
4.58578e-115
5.70271e-118
6.8792e-121
8.05185e-124
9.14858e-127
9.56833e-130
1.49694e-142
1.09482e-143
2.82233e-146
4.98849e-149
7.29781e-152
9.62528e-155
1.20515e-157
1.45155e-160
1.66197e-163
1.80483e-166
1.8273e-169
1.91062e-173
3.99449e-177
1.68772e-180
1.05064e-183
6.41315e-187
3.37043e-190
1.49176e-193
5.61146e-197
1.85829e-200
5.4958e-204
1.48052e-207
3.51308e-211
6.99321e-215
1.20575e-218
1.91062e-222
2.84724e-226
3.99158e-230
5.30517e-234
1.91738e-238
7.44014e-260
2.4497e-258
2.1098e-261
1.0062e-264
3.5541e-268
1.06548e-271
3.02653e-275
8.03894e-279
1.82475e-282
3.54391e-286
6.23169e-290
1.0198e-293
1.60814e-297
2.47461e-301
3.73233e-305
5.42703e-309
7.54367e-313
1.01698e-316
1.34682e-320
0
0
0
0
0
0
0
0
0
0
0
0
0
0
0
0
0
0
0
0
0
0
0
0
0
0
0
0
0
0
0
0
0
0
0
0
0
0
0
0
0
0
0
0
0
0
0
0
0
0
0
0
0
0
0
0
0
0
0
0
0
0
0
0
0
0
0
0
0
0
0
0
0
0
0
0
0
0
0
0
0
0
0
0
0
0
0
0
0
0
0
0
0
0
0
0
0
0
0
0
0
0
0
0
0
0
0
0
0
0
0
0
0
0
0
0
0
0
0
0
0
0
0
0
0
0
0
0
0
0
0
0
0
0
0
0
0
0
0
0
0
0
0
0
0
0
0
0
0
0
0
0
0
0
0
0
0
0
0
0
0
0
0
0
0
0
0
0
0
0
0
0
0
0
0
0
0
0
0
0
0
0
0
0
0
0
0
0
0
0
0
0
0
0
0
0
0
0
0
0
0
0
0
0
0
0
0
0
0
0
0
0
0
0
0
0
0
0
0
0
0
0
0
0
0
0
0
0
0
0
0
0
0
0
0
0
0
0
0
0
0
0
0
0
0
0
0
0
0
0
0
0
0
0
0
0
0
0
0
0
0
0
0
0
0
0
0
0
0
0
0
0
0
0
0
0
0
0
0
0
0
4.77522e-07
3.36234e-07
1.21121e-08
1.14719e-10
7.9449e-13
4.35287e-15
1.99471e-17
7.89293e-20
2.703e-22
8.35741e-25
2.37761e-27
6.29676e-30
1.56484e-32
3.63754e-35
1.13117e-50
7.7039e-52
7.21161e-54
4.80219e-56
2.51325e-58
1.0833e-60
4.01686e-63
1.29939e-65
3.70298e-68
9.46366e-71
2.20656e-73
4.76718e-76
9.68237e-79
1.86781e-81
3.44463e-84
6.09442e-87
1.03595e-89
1.69564e-92
2.68048e-95
4.10672e-98
6.11308e-101
8.85625e-104
1.24603e-106
1.68873e-109
2.19757e-112
2.75973e-115
3.35966e-118
3.96748e-121
4.54586e-124
4.55275e-127
1.8578e-139
1.34934e-140
3.33374e-143
5.61901e-146
7.85253e-149
9.94809e-152
1.20995e-154
1.4301e-157
1.61215e-160
1.72667e-163
1.77163e-166
1.71298e-169
4.3035e-173
1.89777e-176
1.20012e-179
7.51138e-183
4.07985e-186
1.85974e-189
7.16307e-193
2.39801e-196
7.10369e-200
1.89091e-203
4.49841e-207
9.22513e-211
1.63907e-214
2.63972e-218
3.98096e-222
5.6674e-226
7.65548e-230
4.75747e-234
4.56836e-255
4.94762e-254
4.13059e-257
1.92245e-260
6.61858e-264
1.90502e-267
5.07567e-271
1.27323e-274
2.86189e-278
5.69075e-282
1.02041e-285
1.69383e-289
2.67491e-293
4.09565e-297
6.12949e-301
8.91622e-305
1.24941e-308
1.69311e-312
2.24509e-316
2.95945e-320
4.94066e-324
0
0
0
0
0
0
0
0
0
0
0
0
0
0
0
0
0
0
0
0
0
0
0
0
0
0
0
0
0
0
0
0
0
0
0
0
0
0
0
0
0
0
0
0
0
0
0
0
0
0
0
0
0
0
0
0
0
0
0
0
0
0
0
0
0
0
0
0
0
0
0
0
0
0
0
0
0
0
0
0
0
0
0
0
0
0
0
0
0
0
0
0
0
0
0
0
0
0
0
0
0
0
0
0
0
0
0
0
0
0
0
0
0
0
0
0
0
0
0
0
0
0
0
0
0
0
0
0
0
0
0
0
0
0
0
0
0
0
0
0
0
0
0
0
0
0
0
0
0
0
0
0
0
0
0
0
0
0
0
0
0
0
0
0
0
0
0
0
0
0
0
0
0
0
0
0
0
0
0
0
0
0
0
0
0
0
0
0
0
0
0
0
0
0
0
0
0
0
0
0
0
0
0
0
0
0
0
0
0
0
0
0
0
0
0
0
0
0
0
0
0
0
0
0
0
0
0
0
0
0
0
0
0
0
0
0
0
0
0
0
0
0
0
0
0
0
0
0
0
0
0
0
0
0
0
0
0
0
0
0
0
0
0
0
0
0
0
0
0
0
0
0
0
0
0
0
0
0
0
1.1854e-10
1.95656e-10
2.38528e-12
1.94784e-15
1.66152e-18
5.14112e-21
1.18615e-23
1.94384e-26
2.5291e-29
3.21272e-32
3.90661e-35
3.15102e-38
3.35878e-41
4.75802e-44
5.92898e-54
3.05386e-55
2.03333e-57
1.15603e-59
5.89396e-62
2.74031e-64
1.11761e-66
3.71495e-69
9.73826e-72
2.13904e-74
4.29277e-77
8.26699e-80
1.54765e-82
2.79676e-85
4.90265e-88
8.38477e-91
1.39959e-93
2.27713e-96
3.58761e-99
5.49131e-102
8.14151e-105
1.16854e-107
1.62185e-110
2.12838e-113
2.68548e-116
3.40457e-119
4.32851e-122
5.29981e-125
6.13747e-128
6.93377e-132
2.74939e-142
2.94941e-143
6.70688e-146
1.03436e-148
1.31556e-151
1.52358e-154
1.71604e-157
1.88407e-160
1.96392e-163
1.97762e-166
1.94828e-169
1.87732e-172
1.76919e-175
1.42083e-178
1.064e-181
6.85226e-185
3.71321e-188
1.65294e-191
6.0882e-195
1.91556e-198
5.2722e-202
1.28819e-205
2.81266e-209
5.36498e-213
8.90327e-217
1.34579e-220
1.92152e-224
2.59422e-228
3.34114e-232
1.08966e-236
2.99393e-256
1.07332e-255
7.89894e-259
3.32837e-262
1.02429e-265
2.59245e-269
5.89848e-273
1.25307e-276
2.45615e-280
4.44184e-284
7.47938e-288
1.18401e-291
1.78697e-295
2.60168e-299
3.67859e-303
5.04321e-307
6.68845e-311
8.62272e-315
1.09023e-318
1.38338e-322
0
0
0
0
0
0
0
0
0
0
0
0
0
0
0
0
0
0
0
0
0
0
0
0
0
0
0
0
0
0
0
0
0
0
0
0
0
0
0
0
0
0
0
0
0
0
0
0
0
0
0
0
0
0
0
0
0
0
0
0
0
0
0
0
0
0
0
0
0
0
0
0
0
0
0
0
0
0
0
0
0
0
0
0
0
0
0
0
0
0
0
0
0
0
0
0
0
0
0
0
0
0
0
0
0
0
0
0
0
0
0
0
0
0
0
0
0
0
0
0
0
0
0
0
0
0
0
0
0
0
0
0
0
0
0
0
0
0
0
0
0
0
0
0
0
0
0
0
0
0
0
0
0
0
0
0
0
0
0
0
0
0
0
0
0
0
0
0
0
0
0
0
0
0
0
0
0
0
0
0
0
0
0
0
0
0
0
0
0
0
0
0
0
0
0
0
0
0
0
0
0
0
0
0
0
0
0
0
0
0
0
0
0
0
0
0
0
0
0
0
0
0
0
0
0
0
0
0
0
0
0
0
0
0
0
0
0
0
0
0
0
0
0
0
0
0
0
0
0
0
0
0
0
0
0
0
0
0
0
0
0
0
0
0
0
0
0
0
0
0
0
0
0
0
0
0
0
0
0
0
0.000156011
6.19713e-05
8.41912e-10
8.30681e-12
1.60697e-14
3.64674e-17
5.9567e-20
1.16332e-22
1.40255e-25
1.66717e-28
2.13532e-31
3.30711e-34
5.62272e-37
9.23001e-40
1.58709e-49
1.93882e-51
8.94561e-54
3.75663e-56
1.66008e-58
7.25335e-61
3.02518e-63
1.13354e-65
3.38413e-68
8.05769e-71
1.7138e-73
3.46764e-76
6.839e-79
1.30354e-81
2.40344e-84
4.31e-87
7.50976e-90
1.26455e-92
2.05335e-95
3.22432e-98
4.88919e-101
7.23117e-104
1.05438e-106
1.52766e-109
2.20383e-112
3.14631e-115
4.40297e-118
5.90238e-121
7.42642e-124
1.92718e-127
2.10954e-137
4.68424e-139
9.64773e-142
1.3865e-144
1.68167e-147
1.86025e-150
1.95885e-153
2.01802e-156
2.05641e-159
2.08036e-162
2.08608e-165
2.05172e-168
1.98078e-171
1.87259e-174
1.42058e-177
9.0198e-181
4.79453e-184
2.02862e-187
6.86991e-191
1.95163e-194
4.77346e-198
1.03122e-201
2.01678e-205
3.67201e-209
6.4054e-213
1.08174e-216
1.76437e-220
2.76058e-224
4.15533e-228
2.68809e-232
1.00201e-250
3.82351e-251
2.39457e-254
8.62036e-258
2.28848e-261
4.9412e-265
9.16995e-269
1.53721e-272
2.41886e-276
3.64888e-280
5.34354e-284
7.63958e-288
1.0617e-291
1.41697e-295
1.80222e-299
2.18641e-303
2.54354e-307
2.84557e-311
3.0526e-315
3.12259e-319
2.96439e-323
0
0
0
0
0
0
0
0
0
0
0
0
0
0
0
0
0
0
0
0
0
0
0
0
0
0
0
0
0
0
0
0
0
0
0
0
0
0
0
0
0
0
0
0
0
0
0
0
0
0
0
0
0
0
0
0
0
0
0
0
0
0
0
0
0
0
0
0
0
0
0
0
0
0
0
0
0
0
0
0
0
0
0
0
0
0
0
0
0
0
0
0
0
0
0
0
0
0
0
0
0
0
0
0
0
0
0
0
0
0
0
0
0
0
0
0
0
0
0
0
0
0
0
0
0
0
0
0
0
0
0
0
0
0
0
0
0
0
0
0
0
0
0
0
0
0
0
0
0
0
0
0
0
0
0
0
0
0
0
0
0
0
0
0
0
0
0
0
0
0
0
0
0
0
0
0
0
0
0
0
0
0
0
0
0
0
0
0
0
0
0
0
0
0
0
0
0
0
0
0
0
0
0
0
0
0
0
0
0
0
0
0
0
0
0
0
0
0
0
0
0
0
0
0
0
0
0
0
0
0
0
0
0
0
0
0
0
0
0
0
0
0
0
0
0
0
0
0
0
0
0
0
0
0
0
0
0
0
0
0
0
0
0
0
0
0
0
0
0
0
0
0
0
0
0
0
0
0
0
0.000515683
0.000494604
0.000280138
2.10423e-08
7.63877e-10
3.02459e-12
5.62449e-15
1.26987e-17
1.88708e-20
2.48374e-23
3.55335e-26
5.87075e-29
1.05407e-31
1.84491e-34
3.06409e-44
2.28961e-46
8.1578e-49
2.96165e-51
1.06801e-53
4.20616e-56
1.70544e-58
6.68731e-61
2.2501e-63
5.98138e-66
1.36922e-68
2.89824e-71
5.94536e-74
1.18678e-76
2.29171e-79
4.28185e-82
7.73399e-85
1.34566e-87
2.26863e-90
3.73262e-93
5.95009e-96
9.23667e-99
1.40521e-101
2.09877e-104
3.06942e-107
4.41466e-110
6.23508e-113
8.4777e-116
1.07835e-118
4.43576e-122
1.23933e-131
9.37077e-134
1.7781e-136
2.50012e-139
3.062e-142
3.49472e-145
3.83511e-148
4.08073e-151
4.23959e-154
4.32841e-157
4.34703e-160
4.26341e-163
4.12415e-166
3.94405e-169
3.70904e-172
2.31926e-175
1.275e-178
5.20416e-182
1.62249e-185
4.30665e-189
1.00571e-192
2.1e-196
3.98816e-200
7.00646e-204
1.1531e-207
1.80493e-211
2.72272e-215
3.94372e-219
5.35831e-223
3.19147e-227
3.10328e-244
1.78282e-245
9.21154e-249
2.84186e-252
6.64054e-256
1.2992e-259
2.24823e-263
3.54687e-267
5.22263e-271
7.32036e-275
9.88576e-279
1.28236e-282
1.60524e-286
1.94948e-290
2.28347e-294
2.56557e-298
2.75821e-302
2.83216e-306
2.7969e-310
2.69909e-314
2.55988e-318
2.42092e-322
0
0
0
0
0
0
0
0
0
0
0
0
0
0
0
0
0
0
0
0
0
0
0
0
0
0
0
0
0
0
0
0
0
0
0
0
0
0
0
0
0
0
0
0
0
0
0
0
0
0
0
0
0
0
0
0
0
0
0
0
0
0
0
0
0
0
0
0
0
0
0
0
0
0
0
0
0
0
0
0
0
0
0
0
0
0
0
0
0
0
0
0
0
0
0
0
0
0
0
0
0
0
0
0
0
0
0
0
0
0
0
0
0
0
0
0
0
0
0
0
0
0
0
0
0
0
0
0
0
0
0
0
0
0
0
0
0
0
0
0
0
0
0
0
0
0
0
0
0
0
0
0
0
0
0
0
0
0
0
0
0
0
0
0
0
0
0
0
0
0
0
0
0
0
0
0
0
0
0
0
0
0
0
0
0
0
0
0
0
0
0
0
0
0
0
0
0
0
0
0
0
0
0
0
0
0
0
0
0
0
0
0
0
0
0
0
0
0
0
0
0
0
0
0
0
0
0
0
0
0
0
0
0
0
0
0
0
0
0
0
0
0
0
0
0
0
0
0
0
0
0
0
0
0
0
0
0
0
0
0
0
0
0
0
0
0
0
0
0
0
0
0
0
0
0
0
0
0
0.000459919
0.000459253
0.000486693
0.000348345
4.48043e-07
4.04871e-08
8.38552e-11
2.11982e-13
3.4926e-16
5.21453e-19
8.3348e-22
1.52356e-24
3.02553e-27
5.61867e-30
1.10663e-39
7.40916e-42
2.01625e-44
6.52675e-47
2.19302e-49
7.47191e-52
2.7481e-54
1.0416e-56
3.76152e-59
1.13548e-61
2.83894e-64
6.43136e-67
1.38861e-69
2.89826e-72
5.83538e-75
1.13399e-77
2.13183e-80
3.86666e-83
6.78666e-86
1.1577e-88
1.91944e-91
3.09366e-94
4.86107e-97
7.44556e-100
1.10924e-102
1.61539e-105
2.30391e-108
3.17542e-111
4.17172e-114
2.59488e-117
1.27665e-126
4.9476e-129
8.54519e-132
1.17801e-134
1.46106e-137
1.71471e-140
1.94387e-143
2.13501e-146
2.27914e-149
2.37531e-152
2.41957e-155
2.41103e-158
2.36092e-161
2.27849e-164
2.16905e-167
2.04483e-170
1.37072e-173
5.36182e-177
1.48909e-180
3.49815e-184
7.47246e-188
1.47747e-191
2.69178e-195
4.51147e-199
6.97995e-203
1.01265e-206
1.40758e-210
1.8797e-214
2.37799e-218
1.2844e-222
2.79557e-238
2.85539e-240
1.15067e-243
2.96811e-247
6.05766e-251
1.07434e-254
1.73606e-258
2.60363e-262
3.66189e-266
4.87417e-270
6.18176e-274
7.48742e-278
8.69093e-282
9.69037e-286
1.03599e-289
1.0718e-293
1.08991e-297
1.09086e-301
1.07229e-305
1.04127e-309
1.0012e-313
9.54692e-318
9.0414e-322
0
0
0
0
0
0
0
0
0
0
0
0
0
0
0
0
0
0
0
0
0
0
0
0
0
0
0
0
0
0
0
0
0
0
0
0
0
0
0
0
0
0
0
0
0
0
0
0
0
0
0
0
0
0
0
0
0
0
0
0
0
0
0
0
0
0
0
0
0
0
0
0
0
0
0
0
0
0
0
0
0
0
0
0
0
0
0
0
0
0
0
0
0
0
0
0
0
0
0
0
0
0
0
0
0
0
0
0
0
0
0
0
0
0
0
0
0
0
0
0
0
0
0
0
0
0
0
0
0
0
0
0
0
0
0
0
0
0
0
0
0
0
0
0
0
0
0
0
0
0
0
0
0
0
0
0
0
0
0
0
0
0
0
0
0
0
0
0
0
0
0
0
0
0
0
0
0
0
0
0
0
0
0
0
0
0
0
0
0
0
0
0
0
0
0
0
0
0
0
0
0
0
0
0
0
0
0
0
0
0
0
0
0
0
0
0
0
0
0
0
0
0
0
0
0
0
0
0
0
0
0
0
0
0
0
0
0
0
0
0
0
0
0
0
0
0
0
0
0
0
0
0
0
0
0
0
0
0
0
0
0
0
0
0
0
0
0
0
0
0
0
0
0
0
0
0
0
0.000463746
0.000462427
0.000459927
0.000488875
0.000394249
7.57518e-06
8.33198e-08
3.00605e-10
1.12666e-12
3.91316e-15
1.15879e-17
3.00931e-20
7.02389e-23
1.47285e-25
5.11072e-35
3.28613e-37
8.19128e-40
2.38552e-42
7.39463e-45
2.37456e-47
7.85764e-50
2.7555e-52
9.83424e-55
3.23283e-57
8.95074e-60
2.19149e-62
5.01351e-65
1.09797e-67
2.31592e-70
4.69685e-73
9.1635e-76
1.72326e-78
3.13555e-81
5.5331e-84
9.48284e-87
1.5772e-89
2.54909e-92
4.00563e-95
6.11466e-98
9.09467e-101
1.31802e-103
1.8499e-106
2.50401e-109
2.37851e-112
1.72966e-121
3.99673e-124
6.36638e-127
8.64702e-130
1.08594e-132
1.30063e-135
1.50988e-138
1.7035e-141
1.86963e-144
2.00088e-147
2.08825e-150
2.12891e-153
2.12647e-156
2.09181e-159
2.03312e-162
1.95203e-165
1.84886e-168
1.35557e-171
3.36485e-175
6.70883e-179
1.20991e-182
2.14817e-186
3.689e-190
5.95088e-194
8.89695e-198
1.24049e-201
1.6377e-205
2.05297e-209
2.43818e-213
1.3782e-217
5.25176e-232
9.50052e-235
2.90343e-238
6.23969e-242
1.12315e-245
1.81e-249
2.71638e-253
3.84322e-257
5.14873e-261
6.56891e-265
7.99122e-269
9.29379e-273
1.0386e-276
1.12045e-280
1.17185e-284
1.19476e-288
1.19356e-292
1.17339e-296
1.13998e-300
1.10093e-304
1.06326e-308
1.02484e-312
9.83127e-317
9.3576e-321
0
0
0
0
0
0
0
0
0
0
0
0
0
0
0
0
0
0
0
0
0
0
0
0
0
0
0
0
0
0
0
0
0
0
0
0
0
0
0
0
0
0
0
0
0
0
0
0
0
0
0
0
0
0
0
0
0
0
0
0
0
0
0
0
0
0
0
0
0
0
0
0
0
0
0
0
0
0
0
0
0
0
0
0
0
0
0
0
0
0
0
0
0
0
0
0
0
0
0
0
0
0
0
0
0
0
0
0
0
0
0
0
0
0
0
0
0
0
0
0
0
0
0
0
0
0
0
0
0
0
0
0
0
0
0
0
0
0
0
0
0
0
0
0
0
0
0
0
0
0
0
0
0
0
0
0
0
0
0
0
0
0
0
0
0
0
0
0
0
0
0
0
0
0
0
0
0
0
0
0
0
0
0
0
0
0
0
0
0
0
0
0
0
0
0
0
0
0
0
0
0
0
0
0
0
0
0
0
0
0
0
0
0
0
0
0
0
0
0
0
0
0
0
0
0
0
0
0
0
0
0
0
0
0
0
0
0
0
0
0
0
0
0
0
0
0
0
0
0
0
0
0
0
0
0
0
0
0
0
0
0
0
0
0
0
0
0
0
0
0
0
0
0
0
0
0
0.000463945
0.000464493
0.000465326
0.000489876
0.000401143
3.21744e-05
7.99019e-07
4.72514e-09
2.82242e-11
1.56359e-13
7.23641e-16
2.85279e-18
9.39987e-21
2.83166e-23
1.80286e-31
1.18729e-33
2.84009e-36
7.37568e-39
2.16917e-41
6.57881e-44
2.04542e-46
6.64534e-49
2.26918e-51
7.68881e-54
2.33414e-56
6.24115e-59
1.52828e-61
3.52439e-64
7.77126e-67
1.64446e-69
3.34182e-72
6.53871e-75
1.236e-77
2.26039e-80
4.00057e-83
6.85727e-86
1.13965e-88
1.83773e-91
2.87677e-94
4.38152e-97
6.488e-100
9.32347e-103
1.29926e-105
1.57253e-108
1.75866e-117
2.96635e-120
4.29686e-123
5.66643e-126
7.1175e-129
8.64641e-132
1.02429e-134
1.18532e-137
1.33838e-140
1.47432e-143
1.58426e-146
1.66006e-149
1.69858e-152
1.70592e-155
1.69004e-158
1.65243e-161
1.59341e-164
1.51741e-167
1.14047e-170
2.08965e-174
2.97914e-178
4.31823e-182
6.57149e-186
9.86691e-190
1.39951e-193
1.86268e-197
2.32821e-201
2.74219e-205
3.05544e-209
1.96485e-213
1.4613e-226
4.77689e-230
1.01596e-233
1.7358e-237
2.66904e-241
3.83463e-245
5.26933e-249
7.00173e-253
8.9881e-257
1.11246e-260
1.32421e-264
1.50842e-268
1.63625e-272
1.70211e-276
1.72654e-280
1.7242e-284
1.70135e-288
1.66986e-292
1.64291e-296
1.617e-300
1.58085e-304
1.52885e-308
1.45865e-312
1.3673e-316
1.25443e-320
0
0
0
0
0
0
0
0
0
0
0
0
0
0
0
0
0
0
0
0
0
0
0
0
0
0
0
0
0
0
0
0
0
0
0
0
0
0
0
0
0
0
0
0
0
0
0
0
0
0
0
0
0
0
0
0
0
0
0
0
0
0
0
0
0
0
0
0
0
0
0
0
0
0
0
0
0
0
0
0
0
0
0
0
0
0
0
0
0
0
0
0
0
0
0
0
0
0
0
0
0
0
0
0
0
0
0
0
0
0
0
0
0
0
0
0
0
0
0
0
0
0
0
0
0
0
0
0
0
0
0
0
0
0
0
0
0
0
0
0
0
0
0
0
0
0
0
0
0
0
0
0
0
0
0
0
0
0
0
0
0
0
0
0
0
0
0
0
0
0
0
0
0
0
0
0
0
0
0
0
0
0
0
0
0
0
0
0
0
0
0
0
0
0
0
0
0
0
0
0
0
0
0
0
0
0
0
0
0
0
0
0
0
0
0
0
0
0
0
0
0
0
0
0
0
0
0
0
0
0
0
0
0
0
0
0
0
0
0
0
0
0
0
0
0
0
0
0
0
0
0
0
0
0
0
0
0
0
0
0
0
0
0
0
0
0
0
0
0
0
0
0
0
0
0
0.00046392
0.00046739
0.000470362
0.000468319
0.000245455
1.29935e-05
5.32733e-07
5.44467e-09
4.99029e-11
4.14224e-13
2.99802e-15
1.89063e-17
1.07058e-19
5.25574e-22
2.34619e-24
9.37009e-27
3.57202e-29
1.23224e-31
4.05102e-34
1.2345e-36
3.69606e-39
1.09458e-41
3.25572e-44
9.87763e-47
3.13936e-49
1.02991e-51
3.27812e-54
9.52632e-57
2.51453e-59
6.17211e-62
1.43321e-64
3.1765e-67
6.74276e-70
1.37436e-72
2.69626e-75
5.10171e-78
9.32609e-81
1.64962e-83
2.82814e-86
4.70475e-89
7.59621e-92
1.19089e-94
1.81392e-97
2.68479e-100
3.86383e-103
5.3683e-106
6.85303e-109
8.12927e-112
1.02966e-114
1.36336e-117
1.75362e-120
2.21919e-123
2.76449e-126
3.38917e-129
4.0864e-132
4.83522e-135
5.60017e-138
6.34091e-141
7.01404e-144
7.57484e-147
7.99238e-150
8.25718e-153
8.37902e-156
8.36724e-159
8.22678e-162
7.97374e-165
7.62418e-168
5.47654e-171
5.98046e-175
6.65261e-179
8.53924e-183
1.1761e-186
1.5924e-190
2.03762e-194
2.44368e-198
2.75561e-202
2.95236e-206
3.03748e-210
2.00173e-214
8.73178e-219
1.26254e-222
2.01856e-226
2.81021e-230
3.71252e-234
4.77543e-238
6.04581e-242
7.5728e-246
9.3574e-250
1.13273e-253
1.33945e-257
1.54321e-261
1.72136e-265
1.85174e-269
1.927e-273
1.95954e-277
1.96284e-281
1.94117e-285
1.90609e-289
1.86702e-293
1.82299e-297
1.76627e-301
1.69189e-305
1.6017e-309
1.49365e-313
1.36087e-317
1.20552e-321
0
0
0
0
0
0
0
0
0
0
0
0
0
0
0
0
0
0
0
0
0
0
0
0
0
0
0
0
0
0
0
0
0
0
0
0
0
0
0
0
0
0
0
0
0
0
0
0
0
0
0
0
0
0
0
0
0
0
0
0
0
0
0
0
0
0
0
0
0
0
0
0
0
0
0
0
0
0
0
0
0
0
0
0
0
0
0
0
0
0
0
0
0
0
0
0
0
0
0
0
0
0
0
0
0
0
0
0
0
0
0
0
0
0
0
0
0
0
0
0
0
0
0
0
0
0
0
0
0
0
0
0
0
0
0
0
0
0
0
0
0
0
0
0
0
0
0
0
0
0
0
0
0
0
0
0
0
0
0
0
0
0
0
0
0
0
0
0
0
0
0
0
0
0
0
0
0
0
0
0
0
0
0
0
0
0
0
0
0
0
0
0
0
0
0
0
0
0
0
0
0
0
0
0
0
0
0
0
0
0
0
0
0
0
0
0
0
0
0
0
0
0
0
0
0
0
0
0
0
0
0
0
0
0
0
0
0
0
0
0
0
0
0
0
0
0
0
0
0
0
0
0
0
0
0
0
0
0
0
0
0
0
0
0
0
0
0
0
0
0
0
0
0
0
0
0
0
0
0
0
0
0
0
0
0
0
0
0
0
0
0
0
0
0
0.000468605
0.000469395
0.000462104
0.000169021
4.61376e-05
3.30968e-06
9.13316e-08
9.79662e-10
1.03116e-11
9.53892e-14
7.90161e-16
5.81556e-18
3.85753e-20
2.23735e-22
1.17239e-24
5.35671e-27
2.38643e-29
8.9336e-32
3.49166e-34
1.19742e-36
4.2097e-39
1.41033e-41
4.83303e-44
1.63422e-46
5.6392e-49
2.00892e-51
7.0901e-54
2.33307e-56
6.97315e-59
1.92133e-61
4.96432e-64
1.21718e-66
2.85099e-69
6.40385e-72
1.38326e-74
2.87948e-77
5.78629e-80
1.12361e-82
2.11102e-85
3.84285e-88
6.78312e-91
1.16159e-93
1.93091e-96
3.11779e-99
4.89548e-102
7.47539e-105
1.14574e-107
1.80724e-110
2.69553e-113
3.71681e-116
5.03024e-119
6.67375e-122
8.6939e-125
1.11251e-127
1.39832e-130
1.72498e-133
2.08566e-136
2.4677e-139
2.852e-142
3.21552e-145
3.53859e-148
3.80722e-151
4.01166e-154
4.14489e-157
4.20266e-160
4.18661e-163
4.10323e-166
3.95792e-169
1.54502e-172
1.16978e-176
1.39956e-180
1.8792e-184
2.45355e-188
3.02374e-192
3.50503e-196
3.84081e-200
4.03388e-204
4.07118e-208
5.23318e-212
8.45349e-216
1.11123e-219
1.11348e-223
1.1479e-227
1.20417e-231
1.29027e-235
1.4094e-239
1.56469e-243
1.75737e-247
1.98388e-251
2.23467e-255
2.48417e-259
2.69441e-263
2.84435e-267
2.93593e-271
2.97994e-275
2.98291e-279
2.94604e-283
2.87958e-287
2.80058e-291
2.71948e-295
2.6289e-299
2.50749e-303
2.34518e-307
2.14637e-311
1.91785e-315
1.67034e-319
1.4822e-323
0
0
0
0
0
0
0
0
0
0
0
0
0
0
0
0
0
0
0
0
0
0
0
0
0
0
0
0
0
0
0
0
0
0
0
0
0
0
0
0
0
0
0
0
0
0
0
0
0
0
0
0
0
0
0
0
0
0
0
0
0
0
0
0
0
0
0
0
0
0
0
0
0
0
0
0
0
0
0
0
0
0
0
0
0
0
0
0
0
0
0
0
0
0
0
0
0
0
0
0
0
0
0
0
0
0
0
0
0
0
0
0
0
0
0
0
0
0
0
0
0
0
0
0
0
0
0
0
0
0
0
0
0
0
0
0
0
0
0
0
0
0
0
0
0
0
0
0
0
0
0
0
0
0
0
0
0
0
0
0
0
0
0
0
0
0
0
0
0
0
0
0
0
0
0
0
0
0
0
0
0
0
0
0
0
0
0
0
0
0
0
0
0
0
0
0
0
0
0
0
0
0
0
0
0
0
0
0
0
0
0
0
0
0
0
0
0
0
0
0
0
0
0
0
0
0
0
0
0
0
0
0
0
0
0
0
0
0
0
0
0
0
0
0
0
0
0
0
0
0
0
0
0
0
0
0
0
0
0
0
0
0
0
0
0
0
0
0
0
0
0
0
0
0
0
0
0
0
0
0
0
0
0
0
0
0
0
0
0
0
0
0
0
0.000473606
0.000467019
0.000127208
2.46234e-06
1.73772e-07
4.21001e-08
3.63633e-10
4.61643e-12
4.81248e-14
4.19054e-16
3.19669e-18
2.13191e-20
1.27717e-22
6.77067e-25
3.26079e-27
1.40355e-29
5.72614e-32
2.10822e-34
7.57619e-37
2.53062e-39
8.43553e-42
2.77795e-44
9.45537e-47
3.21129e-49
1.12259e-51
4.08035e-54
1.49625e-56
5.17142e-59
1.62074e-61
4.64385e-64
1.23713e-66
3.10079e-69
7.3884e-72
1.68593e-74
3.69937e-77
7.82218e-80
1.59651e-82
3.14837e-85
6.00353e-88
1.10842e-90
1.98449e-93
3.45026e-96
5.83215e-99
9.58964e-102
1.53658e-104
2.38101e-107
3.73322e-110
5.88786e-113
8.66815e-116
1.21672e-118
1.6826e-121
2.27746e-124
3.02247e-127
3.93669e-130
5.03513e-133
6.32415e-136
7.79819e-139
9.42996e-142
1.11647e-144
1.2936e-147
1.46757e-150
1.63028e-153
1.77284e-156
1.88747e-159
1.96892e-162
2.01479e-165
2.02472e-168
1.98446e-171
3.21651e-175
4.94184e-179
7.05906e-183
9.34824e-187
1.16371e-190
1.39561e-194
1.65972e-198
1.99852e-202
2.47182e-206
2.97151e-210
4.33188e-214
7.52442e-218
1.05202e-221
1.20912e-225
1.4359e-229
1.68314e-233
1.96934e-237
2.31323e-241
2.74278e-245
3.28767e-249
3.97738e-253
4.82181e-257
5.79046e-261
6.84639e-265
7.97646e-269
9.14813e-273
1.03054e-276
1.13906e-280
1.2361e-284
1.31952e-288
1.38805e-292
1.44173e-296
1.48304e-300
1.50563e-304
1.49712e-308
1.45311e-312
1.37773e-316
1.27914e-320
0
0
0
0
0
0
0
0
0
0
0
0
0
0
0
0
0
0
0
0
0
0
0
0
0
0
0
0
0
0
0
0
0
0
0
0
0
0
0
0
0
0
0
0
0
0
0
0
0
0
0
0
0
0
0
0
0
0
0
0
0
0
0
0
0
0
0
0
0
0
0
0
0
0
0
0
0
0
0
0
0
0
0
0
0
0
0
0
0
0
0
0
0
0
0
0
0
0
0
0
0
0
0
0
0
0
0
0
0
0
0
0
0
0
0
0
0
0
0
0
0
0
0
0
0
0
0
0
0
0
0
0
0
0
0
0
0
0
0
0
0
0
0
0
0
0
0
0
0
0
0
0
0
0
0
0
0
0
0
0
0
0
0
0
0
0
0
0
0
0
0
0
0
0
0
0
0
0
0
0
0
0
0
0
0
0
0
0
0
0
0
0
0
0
0
0
0
0
0
0
0
0
0
0
0
0
0
0
0
0
0
0
0
0
0
0
0
0
0
0
0
0
0
0
0
0
0
0
0
0
0
0
0
0
0
0
0
0
0
0
0
0
0
0
0
0
0
0
0
0
0
0
0
0
0
0
0
0
0
0
0
0
0
0
0
0
0
0
0
0
0
0
0
0
0
0
0
0
0
0
0
0
0
0
0
0
0
0
0
0
0
0
0
0
0.000306007
0.000151526
3.6507e-07
2.20937e-08
2.40275e-09
9.03328e-11
1.22601e-12
1.45183e-14
1.39113e-16
1.13222e-18
8.04524e-21
5.01628e-23
2.79939e-25
1.38909e-27
6.38279e-30
2.59981e-32
1.01769e-34
3.61573e-37
1.26022e-39
4.15129e-42
1.38458e-44
4.65324e-47
1.64653e-49
5.86366e-52
2.13267e-54
8.21246e-57
3.22296e-59
1.18124e-61
3.84871e-64
1.1236e-66
3.01541e-69
7.58538e-72
1.8094e-74
4.11536e-77
8.95979e-80
1.87544e-82
3.78591e-85
7.38024e-88
1.39167e-90
2.54244e-93
4.50654e-96
7.76458e-99
1.30367e-101
2.13943e-104
3.44598e-107
5.37451e-110
8.27984e-113
1.25757e-115
1.81903e-118
2.56473e-121
3.55631e-124
4.80393e-127
6.34587e-130
8.2243e-133
1.04829e-135
1.31532e-138
1.62305e-141
1.96648e-144
2.33472e-147
2.71256e-150
3.08671e-153
3.44677e-156
3.78155e-159
4.07004e-162
4.2847e-165
4.41423e-168
4.46027e-171
1.35683e-174
2.12594e-178
4.19243e-182
8.00514e-186
1.4406e-189
2.44616e-193
3.96223e-197
6.22693e-201
9.69464e-205
1.53654e-208
2.37411e-212
3.79199e-216
6.40992e-220
9.86219e-224
1.44585e-227
2.14543e-231
3.06414e-235
4.28549e-239
5.94536e-243
8.27511e-247
1.16377e-250
1.65529e-254
2.37503e-258
3.40811e-262
4.82844e-266
6.71737e-270
9.20179e-274
1.24617e-277
1.65585e-281
2.12288e-285
2.62067e-289
3.15289e-293
3.73834e-297
4.38537e-301
5.0683e-305
5.7494e-309
6.38457e-313
6.92741e-317
7.37146e-321
0
0
0
0
0
0
0
0
0
0
0
0
0
0
0
0
0
0
0
0
0
0
0
0
0
0
0
0
0
0
0
0
0
0
0
0
0
0
0
0
0
0
0
0
0
0
0
0
0
0
0
0
0
0
0
0
0
0
0
0
0
0
0
0
0
0
0
0
0
0
0
0
0
0
0
0
0
0
0
0
0
0
0
0
0
0
0
0
0
0
0
0
0
0
0
0
0
0
0
0
0
0
0
0
0
0
0
0
0
0
0
0
0
0
0
0
0
0
0
0
0
0
0
0
0
0
0
0
0
0
0
0
0
0
0
0
0
0
0
0
0
0
0
0
0
0
0
0
0
0
0
0
0
0
0
0
0
0
0
0
0
0
0
0
0
0
0
0
0
0
0
0
0
0
0
0
0
0
0
0
0
0
0
0
0
0
0
0
0
0
0
0
0
0
0
0
0
0
0
0
0
0
0
0
0
0
0
0
0
0
0
0
0
0
0
0
0
0
0
0
0
0
0
0
0
0
0
0
0
0
0
0
0
0
0
0
0
0
0
0
0
0
0
0
0
0
0
0
0
0
0
0
0
0
0
0
0
0
0
0
0
0
0
0
0
0
0
0
0
0
0
0
0
0
0
0
0
0
0
0
0
0
0
0
0
0
0
0
0
0
0
0
0
0
5.13673e-06
1.20881e-06
3.56093e-09
2.68949e-10
4.95312e-12
1.4427e-13
1.91657e-15
2.0254e-17
1.8072e-19
1.36452e-21
8.94869e-24
5.20258e-26
2.70258e-28
1.26363e-30
5.41582e-33
2.17465e-35
7.81827e-38
2.81513e-40
9.17299e-43
3.12859e-45
1.01619e-47
3.59375e-50
1.33554e-52
4.96542e-55
1.88299e-57
7.60781e-60
3.08938e-62
1.14441e-64
3.67428e-67
1.04588e-69
2.7381e-72
6.72315e-75
1.56482e-77
3.47531e-80
7.39979e-83
1.51663e-85
3.00006e-88
5.73937e-91
1.06396e-93
1.91397e-96
3.34563e-99
5.69018e-102
9.42974e-105
1.52505e-107
2.41167e-110
3.70722e-113
5.59574e-116
8.24814e-119
1.18008e-121
1.65572e-124
2.26769e-127
3.03655e-130
3.97814e-133
5.10507e-136
6.4244e-139
7.9335e-142
9.61366e-145
1.14311e-147
1.33311e-150
1.52459e-153
1.71073e-156
1.88449e-159
2.03861e-162
2.1646e-165
2.2548e-168
2.30487e-171
1.90209e-174
3.22136e-178
5.52147e-182
1.02997e-185
2.0257e-189
3.97173e-193
7.52841e-197
1.37059e-200
2.40808e-204
4.12044e-208
6.93807e-212
1.15117e-215
1.90349e-219
3.12773e-223
5.06358e-227
8.1065e-231
1.27759e-234
1.98178e-238
3.02493e-242
4.54661e-246
6.7373e-250
9.85508e-254
1.4238e-257
2.03408e-261
2.87338e-265
4.00654e-269
5.51044e-273
7.47108e-277
9.98314e-281
1.31418e-284
1.7035e-288
2.17445e-292
2.73454e-296
3.39029e-300
4.14609e-304
5.00075e-308
5.95493e-312
7.00263e-316
8.12689e-320
9.88131e-324
0
0
0
0
0
0
0
0
0
0
0
0
0
0
0
0
0
0
0
0
0
0
0
0
0
0
0
0
0
0
0
0
0
0
0
0
0
0
0
0
0
0
0
0
0
0
0
0
0
0
0
0
0
0
0
0
0
0
0
0
0
0
0
0
0
0
0
0
0
0
0
0
0
0
0
0
0
0
0
0
0
0
0
0
0
0
0
0
0
0
0
0
0
0
0
0
0
0
0
0
0
0
0
0
0
0
0
0
0
0
0
0
0
0
0
0
0
0
0
0
0
0
0
0
0
0
0
0
0
0
0
0
0
0
0
0
0
0
0
0
0
0
0
0
0
0
0
0
0
0
0
0
0
0
0
0
0
0
0
0
0
0
0
0
0
0
0
0
0
0
0
0
0
0
0
0
0
0
0
0
0
0
0
0
0
0
0
0
0
0
0
0
0
0
0
0
0
0
0
0
0
0
0
0
0
0
0
0
0
0
0
0
0
0
0
0
0
0
0
0
0
0
0
0
0
0
0
0
0
0
0
0
0
0
0
0
0
0
0
0
0
0
0
0
0
0
0
0
0
0
0
0
0
0
0
0
0
0
0
0
0
0
0
0
0
0
0
0
0
0
0
0
0
0
0
0
0
0
0
0
0
0
0
0
0
0
0
0
0
0
0
0
0
0
8.47879e-10
7.01801e-10
1.4237e-10
2.65192e-12
3.62808e-14
5.68863e-16
6.80104e-18
6.92764e-20
5.76843e-22
4.10529e-24
2.54137e-26
1.3957e-28
6.86802e-31
3.06662e-33
1.25014e-35
4.80453e-38
1.69705e-40
5.87019e-43
1.91352e-45
6.50074e-48
2.17869e-50
7.98537e-53
3.10364e-55
1.20249e-57
4.76162e-60
1.97998e-62
8.16409e-65
2.98484e-67
9.29889e-70
2.57481e-72
6.57199e-75
1.57452e-77
3.57848e-80
7.76857e-83
1.61873e-85
3.24919e-88
6.30007e-91
1.18257e-93
2.15278e-96
3.80612e-99
6.54343e-102
1.09506e-104
1.78562e-107
2.83966e-110
4.40783e-113
6.67659e-116
9.8802e-119
1.42876e-121
2.01799e-124
2.78654e-127
3.76228e-130
4.96863e-133
6.42145e-136
8.12662e-139
1.00776e-141
1.22523e-144
1.461e-147
1.70923e-150
1.96218e-153
2.21093e-156
2.44578e-159
2.65688e-162
2.83472e-165
2.97063e-168
3.0574e-171
2.94146e-174
6.76875e-178
1.33923e-181
2.55289e-185
5.01035e-189
1.01423e-192
2.05544e-196
4.06934e-200
7.79423e-204
1.4453e-207
2.60912e-211
4.61609e-215
8.04231e-219
1.38434e-222
2.35585e-226
3.95844e-230
6.55874e-234
1.07013e-237
1.71812e-241
2.71383e-245
4.21814e-249
6.45506e-253
9.73166e-257
1.44616e-260
2.1193e-264
3.06318e-268
4.36676e-272
6.13927e-276
8.51166e-280
1.16373e-283
1.56916e-287
2.087e-291
2.7386e-295
3.54679e-299
4.53556e-303
5.72962e-307
7.1538e-311
8.83319e-315
1.07915e-318
1.28457e-322
0
0
0
0
0
0
0
0
0
0
0
0
0
0
0
0
0
0
0
0
0
0
0
0
0
0
0
0
0
0
0
0
0
0
0
0
0
0
0
0
0
0
0
0
0
0
0
0
0
0
0
0
0
0
0
0
0
0
0
0
0
0
0
0
0
0
0
0
0
0
0
0
0
0
0
0
0
0
0
0
0
0
0
0
0
0
0
0
0
0
0
0
0
0
0
0
0
0
0
0
0
0
0
0
0
0
0
0
0
0
0
0
0
0
0
0
0
0
0
0
0
0
0
0
0
0
0
0
0
0
0
0
0
0
0
0
0
0
0
0
0
0
0
0
0
0
0
0
0
0
0
0
0
0
0
0
0
0
0
0
0
0
0
0
0
0
0
0
0
0
0
0
0
0
0
0
0
0
0
0
0
0
0
0
0
0
0
0
0
0
0
0
0
0
0
0
0
0
0
0
0
0
0
0
0
0
0
0
0
0
0
0
0
0
0
0
0
0
0
0
0
0
0
0
0
0
0
0
0
0
0
0
0
0
0
0
0
0
0
0
0
0
0
0
0
0
0
0
0
0
0
0
0
0
0
0
0
0
0
0
0
0
0
0
0
0
0
0
0
0
0
0
0
0
0
0
0
0
0
0
0
0
0
0
0
0
0
0
0
0
0
0
0
0
0
2.29188e-11
1.9719e-11
2.18702e-12
3.50738e-14
4.21426e-16
4.65456e-18
4.8297e-20
4.28636e-22
3.29898e-24
2.19623e-26
1.283e-28
6.68903e-31
3.15312e-33
1.3512e-35
5.35018e-38
1.98192e-40
6.91636e-43
2.35131e-45
7.7299e-48
2.6647e-50
9.36513e-53
3.59027e-55
1.44519e-57
5.82859e-60
2.39087e-62
1.01708e-64
4.22387e-67
1.50384e-69
4.54449e-72
1.22997e-74
3.07607e-77
7.2288e-80
1.61267e-82
3.43857e-85
7.04128e-88
1.38968e-90
2.65066e-93
4.89668e-96
8.77592e-99
1.52799e-101
2.58747e-104
4.2654e-107
6.85055e-110
1.07271e-112
1.63872e-115
2.44338e-118
3.55764e-121
5.06074e-124
7.03533e-127
9.56193e-130
1.27107e-132
1.6532e-135
2.1048e-138
2.62444e-141
3.20644e-144
3.84043e-147
4.51126e-150
5.19934e-153
5.88146e-156
6.532e-159
7.1245e-162
7.63327e-165
8.03516e-168
8.31095e-171
8.30608e-174
2.15574e-177
4.9305e-181
1.02167e-184
2.03875e-188
4.10063e-192
8.39401e-196
1.72216e-199
3.47736e-203
6.84172e-207
1.30942e-210
2.44508e-214
4.47436e-218
8.05401e-222
1.42918e-225
2.50155e-229
4.31676e-233
7.33724e-237
1.2274e-240
2.01983e-244
3.26963e-248
5.20773e-252
8.16502e-256
1.2608e-259
1.91835e-263
2.87719e-267
4.25494e-271
6.20573e-275
8.92766e-279
1.26707e-282
1.77447e-286
2.45278e-290
3.3475e-294
4.51264e-298
6.01168e-302
7.91856e-306
1.03188e-309
1.33106e-313
1.70064e-317
2.15413e-321
0
0
0
0
0
0
0
0
0
0
0
0
0
0
0
0
0
0
0
0
0
0
0
0
0
0
0
0
0
0
0
0
0
0
0
0
0
0
0
0
0
0
0
0
0
0
0
0
0
0
0
0
0
0
0
0
0
0
0
0
0
0
0
0
0
0
0
0
0
0
0
0
0
0
0
0
0
0
0
0
0
0
0
0
0
0
0
0
0
0
0
0
0
0
0
0
0
0
0
0
0
0
0
0
0
0
0
0
0
0
0
0
0
0
0
0
0
0
0
0
0
0
0
0
0
0
0
0
0
0
0
0
0
0
0
0
0
0
0
0
0
0
0
0
0
0
0
0
0
0
0
0
0
0
0
0
0
0
0
0
0
0
0
0
0
0
0
0
0
0
0
0
0
0
0
0
0
0
0
0
0
0
0
0
0
0
0
0
0
0
0
0
0
0
0
0
0
0
0
0
0
0
0
0
0
0
0
0
0
0
0
0
0
0
0
0
0
0
0
0
0
0
0
0
0
0
0
0
0
0
0
0
0
0
0
0
0
0
0
0
0
0
0
0
0
0
0
0
0
0
0
0
0
0
0
0
0
0
0
0
0
0
0
0
0
0
0
0
0
0
0
0
0
0
0
0
0
0
0
0
0
0
0
0
0
0
0
0
0
0
0
0
0
0
0
0
3.48577e-13
3.12993e-13
2.88742e-14
4.16713e-16
4.39058e-18
4.08171e-20
3.46289e-22
2.7211e-24
1.9076e-26
1.18e-28
6.54412e-31
3.24427e-33
1.46842e-35
6.0984e-38
2.34693e-40
8.51919e-43
2.93982e-45
9.95733e-48
3.34493e-50
1.16258e-52
4.28497e-55
1.66509e-57
6.63104e-60
2.63525e-62
1.0438e-64
4.09237e-67
1.49671e-69
4.70997e-72
1.31346e-74
3.35586e-77
8.01283e-80
1.80987e-82
3.89798e-85
8.04911e-88
1.6e-90
3.071e-93
5.70487e-96
1.02758e-98
1.79731e-101
3.05614e-104
5.05693e-107
8.1492e-110
1.27987e-112
1.96026e-115
2.92964e-118
4.27446e-121
6.09147e-124
8.48273e-127
1.15476e-129
1.53735e-132
2.00243e-135
2.55293e-138
3.18722e-141
3.89841e-144
4.6738e-147
5.4949e-150
6.33786e-153
7.1744e-156
7.97335e-159
8.70248e-162
9.33055e-165
9.82937e-168
1.01756e-170
1.01996e-173
1.13833e-177
2.39521e-181
5.01757e-185
1.00527e-188
2.01677e-192
4.12788e-196
8.51642e-200
1.73613e-203
3.45323e-207
6.67884e-211
1.25891e-214
2.32261e-218
4.21096e-222
7.52098e-226
1.3244e-229
2.29873e-233
3.92922e-237
6.60878e-241
1.09328e-244
1.77869e-248
2.84661e-252
4.48339e-256
6.9528e-260
1.06219e-263
1.59927e-267
2.37384e-271
3.47456e-275
5.01589e-279
7.14293e-283
1.00364e-286
1.39179e-290
1.90552e-294
2.57677e-298
3.44325e-302
4.54906e-306
5.94541e-310
7.69139e-314
9.85477e-318
1.24999e-321
0
0
0
0
0
0
0
0
0
0
0
0
0
0
0
0
0
0
0
0
0
0
0
0
0
0
0
0
0
0
0
0
0
0
0
0
0
0
0
0
0
0
0
0
0
0
0
0
0
0
0
0
0
0
0
0
0
0
0
0
0
0
0
0
0
0
0
0
0
0
0
0
0
0
0
0
0
0
0
0
0
0
0
0
0
0
0
0
0
0
0
0
0
0
0
0
0
0
0
0
0
0
0
0
0
0
0
0
0
0
0
0
0
0
0
0
0
0
0
0
0
0
0
0
0
0
0
0
0
0
0
0
0
0
0
0
0
0
0
0
0
0
0
0
0
0
0
0
0
0
0
0
0
0
0
0
0
0
0
0
0
0
0
0
0
0
0
0
0
0
0
0
0
0
0
0
0
0
0
0
0
0
0
0
0
0
0
0
0
0
0
0
0
0
0
0
0
0
0
0
0
0
0
0
0
0
0
0
0
0
0
0
0
0
0
0
0
0
0
0
0
0
0
0
0
0
0
0
0
0
0
0
0
0
0
0
0
0
0
0
0
0
0
0
0
0
0
0
0
0
0
0
0
0
0
0
0
0
0
0
0
0
0
0
0
0
0
0
0
0
0
0
0
0
0
0
0
0
0
0
0
0
0
0
0
0
0
0
0
0
0
0
0
0
0
0
0
4.57847e-09
3.58863e-09
1.5968e-10
1.46274e-12
1.40305e-14
7.99566e-17
3.46863e-19
1.3236e-21
4.76875e-24
1.73738e-26
5.94098e-29
1.88881e-31
5.5727e-34
1.50335e-36
2.50261e-53
3.24637e-54
3.10466e-56
1.98362e-58
9.6754e-61
3.90816e-63
1.36914e-65
4.21798e-68
1.15663e-70
2.85924e-73
6.47307e-76
1.36208e-78
2.69901e-81
5.07952e-84
9.13324e-87
1.57439e-89
2.60803e-92
4.16372e-95
6.42305e-98
9.59994e-101
1.39273e-103
1.96493e-106
2.693e-109
3.57313e-112
4.58609e-115
5.70313e-118
6.87974e-121
8.05254e-124
9.14942e-127
9.56926e-130
1.4972e-142
1.09495e-143
2.82269e-146
4.98918e-149
7.29886e-152
9.62675e-155
1.20534e-157
1.45179e-160
1.66226e-163
1.80516e-166
1.82743e-169
1.91094e-173
3.99517e-177
1.688e-180
1.0508e-183
6.41401e-187
3.37089e-190
1.49198e-193
5.61231e-197
1.8586e-200
5.49682e-204
1.48088e-207
3.51402e-211
6.99558e-215
1.20622e-218
1.91146e-222
2.8486e-226
3.99363e-230
5.30807e-234
1.91846e-238
7.44734e-260
2.45165e-258
2.11158e-261
1.0071e-264
3.55739e-268
1.06653e-271
3.02952e-275
8.04739e-279
1.82673e-282
3.54789e-286
6.23895e-290
1.02103e-293
1.61015e-297
2.47781e-301
3.73733e-305
5.43456e-309
7.55448e-313
1.01849e-316
1.34929e-320
0
0
0
0
0
0
0
0
0
0
0
0
0
0
0
0
0
0
0
0
0
0
0
0
0
0
0
0
0
0
0
0
0
0
0
0
0
0
0
0
0
0
0
0
0
0
0
0
0
0
0
0
0
0
0
0
0
0
0
0
0
0
0
0
0
0
0
0
0
0
0
0
0
0
0
0
0
0
0
0
0
0
0
0
0
0
0
0
0
0
0
0
0
0
0
0
0
0
0
0
0
0
0
0
0
0
0
0
0
0
0
0
0
0
0
0
0
0
0
0
0
0
0
0
0
0
0
0
0
0
0
0
0
0
0
0
0
0
0
0
0
0
0
0
0
0
0
0
0
0
0
0
0
0
0
0
0
0
0
0
0
0
0
0
0
0
0
0
0
0
0
0
0
0
0
0
0
0
0
0
0
0
0
0
0
0
0
0
0
0
0
0
0
0
0
0
0
0
0
0
0
0
0
0
0
0
0
0
0
0
0
0
0
0
0
0
0
0
0
0
0
0
0
0
0
0
0
0
0
0
0
0
0
0
0
0
0
0
0
0
0
0
0
0
0
0
0
0
0
0
0
0
0
0
0
0
0
0
0
0
0
0
0
0
0
0
0
0
0
0
0
0
0
0
0
0
0
0
0
0
0
4.82177e-07
3.36316e-07
1.19826e-08
1.13787e-10
7.90697e-13
4.34672e-15
1.99517e-17
7.89623e-20
2.70501e-22
8.36951e-25
2.3776e-27
6.2614e-30
1.56683e-32
3.62141e-35
1.13072e-50
7.67255e-52
7.19055e-54
4.79255e-56
2.51192e-58
1.0829e-60
4.01696e-63
1.29921e-65
3.7031e-68
9.46358e-71
2.20662e-73
4.76721e-76
9.68257e-79
1.86785e-81
3.44471e-84
6.09463e-87
1.03598e-89
1.6957e-92
2.68058e-95
4.1069e-98
6.11338e-101
8.85673e-104
1.2461e-106
1.68884e-109
2.19773e-112
2.75994e-115
3.35993e-118
3.96783e-121
4.54629e-124
4.55321e-127
1.85811e-139
1.34949e-140
3.33415e-143
5.61976e-146
7.85362e-149
9.94957e-152
1.21014e-154
1.43033e-157
1.61242e-160
1.72698e-163
1.77196e-166
1.71342e-169
4.30438e-173
1.89809e-176
1.20031e-179
7.51242e-183
4.08044e-186
1.86001e-189
7.16419e-193
2.39841e-196
7.10491e-200
1.89135e-203
4.4995e-207
9.22806e-211
1.63968e-214
2.64084e-218
3.98283e-222
5.67031e-226
7.65968e-230
4.76025e-234
4.57272e-255
4.9515e-254
4.13402e-257
1.92416e-260
6.62466e-264
1.9069e-267
5.08069e-271
1.27458e-274
2.86499e-278
5.69719e-282
1.02161e-285
1.69589e-289
2.67828e-293
4.10098e-297
6.13772e-301
8.92863e-305
1.2512e-308
1.69563e-312
2.24855e-316
2.96439e-320
4.94066e-324
0
0
0
0
0
0
0
0
0
0
0
0
0
0
0
0
0
0
0
0
0
0
0
0
0
0
0
0
0
0
0
0
0
0
0
0
0
0
0
0
0
0
0
0
0
0
0
0
0
0
0
0
0
0
0
0
0
0
0
0
0
0
0
0
0
0
0
0
0
0
0
0
0
0
0
0
0
0
0
0
0
0
0
0
0
0
0
0
0
0
0
0
0
0
0
0
0
0
0
0
0
0
0
0
0
0
0
0
0
0
0
0
0
0
0
0
0
0
0
0
0
0
0
0
0
0
0
0
0
0
0
0
0
0
0
0
0
0
0
0
0
0
0
0
0
0
0
0
0
0
0
0
0
0
0
0
0
0
0
0
0
0
0
0
0
0
0
0
0
0
0
0
0
0
0
0
0
0
0
0
0
0
0
0
0
0
0
0
0
0
0
0
0
0
0
0
0
0
0
0
0
0
0
0
0
0
0
0
0
0
0
0
0
0
0
0
0
0
0
0
0
0
0
0
0
0
0
0
0
0
0
0
0
0
0
0
0
0
0
0
0
0
0
0
0
0
0
0
0
0
0
0
0
0
0
0
0
0
0
0
0
0
0
0
0
0
0
0
0
0
0
0
0
0
0
0
0
0
0
1.18595e-10
1.969e-10
2.40394e-12
1.98648e-15
1.66992e-18
5.18364e-21
1.18179e-23
1.94342e-26
2.49981e-29
3.05121e-32
3.79847e-35
3.00364e-38
3.57635e-41
4.40565e-44
5.95898e-54
2.99411e-55
2.03714e-57
1.15201e-59
5.89131e-62
2.73811e-64
1.11786e-66
3.7103e-69
9.74246e-72
2.13838e-74
4.29382e-77
8.26504e-80
1.54801e-82
2.79635e-85
4.90335e-88
8.38552e-91
1.39965e-93
2.27722e-96
3.58777e-99
5.49153e-102
8.1419e-105
1.16861e-107
1.62193e-110
2.12854e-113
2.68566e-116
3.40483e-119
4.32885e-122
5.30028e-125
6.13806e-128
6.93459e-132
2.74984e-142
2.94973e-143
6.70769e-146
1.0345e-148
1.31574e-151
1.52381e-154
1.7163e-157
1.88437e-160
1.96424e-163
1.97796e-166
1.94863e-169
1.87767e-172
1.76952e-175
1.42109e-178
1.06419e-181
6.85341e-185
3.71384e-188
1.65323e-191
6.0893e-195
1.91591e-198
5.27318e-202
1.28849e-205
2.81334e-209
5.3666e-213
8.90645e-217
1.34634e-220
1.9224e-224
2.59556e-228
3.34302e-232
1.09032e-236
2.99674e-256
1.07418e-255
7.90568e-259
3.3314e-262
1.02526e-265
2.59507e-269
5.90453e-273
1.25444e-276
2.45893e-280
4.44705e-284
7.48849e-288
1.1855e-291
1.78931e-295
2.60519e-299
3.68371e-303
5.05046e-307
6.69839e-311
8.63601e-315
1.09196e-318
1.38338e-322
0
0
0
0
0
0
0
0
0
0
0
0
0
0
0
0
0
0
0
0
0
0
0
0
0
0
0
0
0
0
0
0
0
0
0
0
0
0
0
0
0
0
0
0
0
0
0
0
0
0
0
0
0
0
0
0
0
0
0
0
0
0
0
0
0
0
0
0
0
0
0
0
0
0
0
0
0
0
0
0
0
0
0
0
0
0
0
0
0
0
0
0
0
0
0
0
0
0
0
0
0
0
0
0
0
0
0
0
0
0
0
0
0
0
0
0
0
0
0
0
0
0
0
0
0
0
0
0
0
0
0
0
0
0
0
0
0
0
0
0
0
0
0
0
0
0
0
0
0
0
0
0
0
0
0
0
0
0
0
0
0
0
0
0
0
0
0
0
0
0
0
0
0
0
0
0
0
0
0
0
0
0
0
0
0
0
0
0
0
0
0
0
0
0
0
0
0
0
0
0
0
0
0
0
0
0
0
0
0
0
0
0
0
0
0
0
0
0
0
0
0
0
0
0
0
0
0
0
0
0
0
0
0
0
0
0
0
0
0
0
0
0
0
0
0
0
0
0
0
0
0
0
0
0
0
0
0
0
0
0
0
0
0
0
0
0
0
0
0
0
0
0
0
0
0
0
0
0
0
0
0.000157066
6.21438e-05
8.49336e-10
8.33642e-12
1.63682e-14
3.63693e-17
6.13549e-20
1.05648e-22
1.4248e-25
1.67089e-28
2.12341e-31
3.32015e-34
5.63512e-37
9.19859e-40
1.57223e-49
1.94232e-51
8.6656e-54
3.75517e-56
1.65678e-58
7.2422e-61
3.02323e-63
1.13239e-65
3.38265e-68
8.05528e-71
1.71402e-73
3.4673e-76
6.83979e-79
1.30345e-81
2.40359e-84
4.3102e-87
7.51004e-90
1.26461e-92
2.05346e-95
3.22448e-98
4.8895e-101
7.23162e-104
1.05445e-106
1.52777e-109
2.204e-112
3.14656e-115
4.40336e-118
5.90292e-121
7.42716e-124
1.92743e-127
2.10987e-137
4.6848e-139
9.64898e-142
1.38669e-144
1.68192e-147
1.86054e-150
1.95917e-153
2.01837e-156
2.05678e-159
2.08075e-162
2.08649e-165
2.05214e-168
1.9812e-171
1.873e-174
1.42088e-177
9.02169e-181
4.79548e-184
2.02903e-187
6.8713e-191
1.95202e-194
4.77446e-198
1.03144e-201
2.01725e-205
3.67299e-209
6.40742e-213
1.08214e-216
1.76514e-220
2.76195e-224
4.15768e-228
2.68981e-232
1.00294e-250
3.82662e-251
2.39666e-254
8.62831e-258
2.29072e-261
4.94625e-265
9.17981e-269
1.53893e-272
2.42168e-276
3.65327e-280
5.3502e-284
7.6494e-288
1.06311e-291
1.4189e-295
1.80476e-299
2.18959e-303
2.54734e-307
2.84996e-311
3.05745e-315
3.12768e-319
2.96439e-323
0
0
0
0
0
0
0
0
0
0
0
0
0
0
0
0
0
0
0
0
0
0
0
0
0
0
0
0
0
0
0
0
0
0
0
0
0
0
0
0
0
0
0
0
0
0
0
0
0
0
0
0
0
0
0
0
0
0
0
0
0
0
0
0
0
0
0
0
0
0
0
0
0
0
0
0
0
0
0
0
0
0
0
0
0
0
0
0
0
0
0
0
0
0
0
0
0
0
0
0
0
0
0
0
0
0
0
0
0
0
0
0
0
0
0
0
0
0
0
0
0
0
0
0
0
0
0
0
0
0
0
0
0
0
0
0
0
0
0
0
0
0
0
0
0
0
0
0
0
0
0
0
0
0
0
0
0
0
0
0
0
0
0
0
0
0
0
0
0
0
0
0
0
0
0
0
0
0
0
0
0
0
0
0
0
0
0
0
0
0
0
0
0
0
0
0
0
0
0
0
0
0
0
0
0
0
0
0
0
0
0
0
0
0
0
0
0
0
0
0
0
0
0
0
0
0
0
0
0
0
0
0
0
0
0
0
0
0
0
0
0
0
0
0
0
0
0
0
0
0
0
0
0
0
0
0
0
0
0
0
0
0
0
0
0
0
0
0
0
0
0
0
0
0
0
0
0
0
0
0.000514435
0.000495978
0.000278333
2.0894e-08
7.70349e-10
3.02212e-12
5.71829e-15
1.25156e-17
1.90513e-20
2.53229e-23
3.49149e-26
5.90952e-29
1.05759e-31
1.83531e-34
3.10577e-44
2.29746e-46
7.9731e-49
2.89882e-51
1.0676e-53
4.19727e-56
1.70254e-58
6.68012e-61
2.24817e-63
5.97897e-66
1.369e-68
2.89808e-71
5.94532e-74
1.18679e-76
2.29178e-79
4.28201e-82
7.73432e-85
1.34573e-87
2.26875e-90
3.73283e-93
5.95047e-96
9.2373e-99
1.40532e-101
2.09893e-104
3.06968e-107
4.41505e-110
6.23568e-113
8.47855e-116
1.07846e-118
4.43634e-122
1.23952e-131
9.37201e-134
1.77836e-136
2.50049e-139
3.06249e-142
3.4953e-145
3.83578e-148
4.08148e-151
4.2404e-154
4.32927e-157
4.34794e-160
4.26434e-163
4.12508e-166
3.94498e-169
3.70993e-172
2.31981e-175
1.27527e-178
5.20523e-182
1.62284e-185
4.30759e-189
1.00593e-192
2.10046e-196
3.98907e-200
7.0082e-204
1.15343e-207
1.80555e-211
2.72384e-215
3.94562e-219
5.36127e-223
3.19347e-227
3.10609e-244
1.78432e-245
9.21978e-249
2.84454e-252
6.64717e-256
1.30056e-259
2.2507e-263
3.55094e-267
5.22888e-271
7.32942e-275
9.89842e-279
1.28406e-282
1.60742e-286
1.95221e-290
2.28676e-294
2.56938e-298
2.76242e-302
2.8366e-306
2.80141e-310
2.70356e-314
2.56424e-318
2.42092e-322
0
0
0
0
0
0
0
0
0
0
0
0
0
0
0
0
0
0
0
0
0
0
0
0
0
0
0
0
0
0
0
0
0
0
0
0
0
0
0
0
0
0
0
0
0
0
0
0
0
0
0
0
0
0
0
0
0
0
0
0
0
0
0
0
0
0
0
0
0
0
0
0
0
0
0
0
0
0
0
0
0
0
0
0
0
0
0
0
0
0
0
0
0
0
0
0
0
0
0
0
0
0
0
0
0
0
0
0
0
0
0
0
0
0
0
0
0
0
0
0
0
0
0
0
0
0
0
0
0
0
0
0
0
0
0
0
0
0
0
0
0
0
0
0
0
0
0
0
0
0
0
0
0
0
0
0
0
0
0
0
0
0
0
0
0
0
0
0
0
0
0
0
0
0
0
0
0
0
0
0
0
0
0
0
0
0
0
0
0
0
0
0
0
0
0
0
0
0
0
0
0
0
0
0
0
0
0
0
0
0
0
0
0
0
0
0
0
0
0
0
0
0
0
0
0
0
0
0
0
0
0
0
0
0
0
0
0
0
0
0
0
0
0
0
0
0
0
0
0
0
0
0
0
0
0
0
0
0
0
0
0
0
0
0
0
0
0
0
0
0
0
0
0
0
0
0
0
0
0.000461818
0.000458512
0.000487697
0.000350264
4.58462e-07
4.10457e-08
8.4843e-11
2.09921e-13
3.54373e-16
5.27174e-19
8.21918e-22
1.55527e-24
2.99998e-27
5.57149e-30
1.0827e-39
6.71067e-42
1.86429e-44
6.47191e-47
2.15717e-49
7.47795e-52
2.74248e-54
1.03963e-56
3.75719e-59
1.13471e-61
2.83799e-64
6.43052e-67
1.38854e-69
2.89826e-72
5.83549e-75
1.13402e-77
2.13192e-80
3.86685e-83
6.78702e-86
1.15777e-88
1.91957e-91
3.09388e-94
4.86144e-97
7.44615e-100
1.10934e-102
1.61554e-105
2.30414e-108
3.17575e-111
4.17218e-114
2.59521e-117
1.27684e-126
4.94829e-129
8.54645e-132
1.17819e-134
1.4613e-137
1.715e-140
1.94422e-143
2.13542e-146
2.27959e-149
2.37579e-152
2.42009e-155
2.41157e-158
2.36147e-161
2.27904e-164
2.16959e-167
2.04536e-170
1.37098e-173
5.36276e-177
1.48938e-180
3.49891e-184
7.47416e-188
1.47781e-191
2.6924e-195
4.51258e-199
6.98189e-203
1.01298e-206
1.40812e-210
1.88057e-214
2.37925e-218
1.28518e-222
2.79806e-238
2.85786e-240
1.15172e-243
2.97098e-247
6.06382e-251
1.07549e-254
1.73801e-258
2.60668e-262
3.66636e-266
4.88035e-270
6.18987e-274
7.49757e-278
8.70307e-282
9.70431e-286
1.03752e-289
1.07342e-293
1.09161e-297
1.0926e-301
1.07406e-305
1.04303e-309
1.00294e-313
9.56393e-318
9.09081e-322
0
0
0
0
0
0
0
0
0
0
0
0
0
0
0
0
0
0
0
0
0
0
0
0
0
0
0
0
0
0
0
0
0
0
0
0
0
0
0
0
0
0
0
0
0
0
0
0
0
0
0
0
0
0
0
0
0
0
0
0
0
0
0
0
0
0
0
0
0
0
0
0
0
0
0
0
0
0
0
0
0
0
0
0
0
0
0
0
0
0
0
0
0
0
0
0
0
0
0
0
0
0
0
0
0
0
0
0
0
0
0
0
0
0
0
0
0
0
0
0
0
0
0
0
0
0
0
0
0
0
0
0
0
0
0
0
0
0
0
0
0
0
0
0
0
0
0
0
0
0
0
0
0
0
0
0
0
0
0
0
0
0
0
0
0
0
0
0
0
0
0
0
0
0
0
0
0
0
0
0
0
0
0
0
0
0
0
0
0
0
0
0
0
0
0
0
0
0
0
0
0
0
0
0
0
0
0
0
0
0
0
0
0
0
0
0
0
0
0
0
0
0
0
0
0
0
0
0
0
0
0
0
0
0
0
0
0
0
0
0
0
0
0
0
0
0
0
0
0
0
0
0
0
0
0
0
0
0
0
0
0
0
0
0
0
0
0
0
0
0
0
0
0
0
0
0
0
0.00046462
0.000463566
0.00045883
0.000490961
0.000393573
7.5751e-06
8.32743e-08
3.00009e-10
1.14088e-12
3.88221e-15
1.16299e-17
3.04224e-20
6.98327e-23
1.45407e-25
5.29504e-35
3.11397e-37
7.65714e-40
2.27111e-42
7.34757e-45
2.36133e-47
7.84673e-50
2.75082e-52
9.81793e-55
3.22956e-57
8.94563e-60
2.19086e-62
5.01287e-65
1.09792e-67
2.31592e-70
4.69696e-73
9.16384e-76
1.72334e-78
3.13571e-81
5.53342e-84
9.48347e-87
1.57731e-89
2.54928e-92
4.00596e-95
6.11519e-98
9.09552e-101
1.31815e-103
1.85009e-106
2.50429e-109
2.3788e-112
1.7299e-121
3.9973e-124
6.36733e-127
8.64839e-130
1.08612e-132
1.30085e-135
1.51015e-138
1.70382e-141
1.87e-144
2.00129e-147
2.0887e-150
2.12938e-153
2.12697e-156
2.09231e-159
2.03364e-162
1.95254e-165
1.84936e-168
1.35574e-171
3.36535e-175
6.71007e-179
1.21018e-182
2.14869e-186
3.6899e-190
5.95238e-194
8.89943e-198
1.24089e-201
1.63831e-205
2.05388e-209
2.43945e-213
1.37903e-217
5.25633e-232
9.50883e-235
2.90612e-238
6.2458e-242
1.12431e-245
1.81196e-249
2.71947e-253
3.84781e-257
5.15514e-261
6.57742e-265
8.00195e-269
9.3067e-273
1.04009e-276
1.1221e-280
1.17363e-284
1.19663e-288
1.19547e-292
1.17532e-296
1.14191e-300
1.10284e-304
1.06515e-308
1.02671e-312
9.84973e-317
9.37737e-321
0
0
0
0
0
0
0
0
0
0
0
0
0
0
0
0
0
0
0
0
0
0
0
0
0
0
0
0
0
0
0
0
0
0
0
0
0
0
0
0
0
0
0
0
0
0
0
0
0
0
0
0
0
0
0
0
0
0
0
0
0
0
0
0
0
0
0
0
0
0
0
0
0
0
0
0
0
0
0
0
0
0
0
0
0
0
0
0
0
0
0
0
0
0
0
0
0
0
0
0
0
0
0
0
0
0
0
0
0
0
0
0
0
0
0
0
0
0
0
0
0
0
0
0
0
0
0
0
0
0
0
0
0
0
0
0
0
0
0
0
0
0
0
0
0
0
0
0
0
0
0
0
0
0
0
0
0
0
0
0
0
0
0
0
0
0
0
0
0
0
0
0
0
0
0
0
0
0
0
0
0
0
0
0
0
0
0
0
0
0
0
0
0
0
0
0
0
0
0
0
0
0
0
0
0
0
0
0
0
0
0
0
0
0
0
0
0
0
0
0
0
0
0
0
0
0
0
0
0
0
0
0
0
0
0
0
0
0
0
0
0
0
0
0
0
0
0
0
0
0
0
0
0
0
0
0
0
0
0
0
0
0
0
0
0
0
0
0
0
0
0
0
0
0
0
0
0.000465147
0.000464325
0.000465385
0.000488765
0.00040089
3.16536e-05
7.72208e-07
4.69268e-09
2.81179e-11
1.54598e-13
7.27032e-16
2.85188e-18
9.57584e-21
2.79417e-23
1.82189e-31
8.08955e-34
2.28896e-36
7.03167e-39
2.12168e-41
6.57578e-44
2.03921e-46
6.63628e-49
2.2661e-51
7.67813e-54
2.33208e-56
6.23789e-59
1.52785e-61
3.52395e-64
7.77093e-67
1.64446e-69
3.3419e-72
6.53896e-75
1.23605e-77
2.26052e-80
4.00082e-83
6.85775e-86
1.13973e-88
1.83788e-91
2.87702e-94
4.38192e-97
6.48864e-100
9.32444e-103
1.29941e-105
1.57272e-108
1.75891e-117
2.96677e-120
4.2975e-123
5.66732e-126
7.11866e-129
8.6479e-132
1.02448e-134
1.18554e-137
1.33865e-140
1.47463e-143
1.5846e-146
1.66043e-149
1.69897e-152
1.70633e-155
1.69046e-158
1.65286e-161
1.59384e-164
1.51783e-167
1.14059e-170
2.08992e-174
2.97973e-178
4.31929e-182
6.57318e-186
9.86953e-190
1.39991e-193
1.86328e-197
2.32907e-201
2.74337e-205
3.05699e-209
1.96601e-213
1.46253e-226
4.7811e-230
1.01691e-233
1.73753e-237
2.67183e-241
3.83885e-245
5.27542e-249
7.01021e-253
8.99949e-257
1.11393e-260
1.32602e-264
1.51057e-268
1.63865e-272
1.70468e-276
1.72923e-280
1.72696e-284
1.70415e-288
1.67268e-292
1.64576e-296
1.61987e-300
1.58374e-304
1.53172e-308
1.46145e-312
1.37e-316
1.2569e-320
0
0
0
0
0
0
0
0
0
0
0
0
0
0
0
0
0
0
0
0
0
0
0
0
0
0
0
0
0
0
0
0
0
0
0
0
0
0
0
0
0
0
0
0
0
0
0
0
0
0
0
0
0
0
0
0
0
0
0
0
0
0
0
0
0
0
0
0
0
0
0
0
0
0
0
0
0
0
0
0
0
0
0
0
0
0
0
0
0
0
0
0
0
0
0
0
0
0
0
0
0
0
0
0
0
0
0
0
0
0
0
0
0
0
0
0
0
0
0
0
0
0
0
0
0
0
0
0
0
0
0
0
0
0
0
0
0
0
0
0
0
0
0
0
0
0
0
0
0
0
0
0
0
0
0
0
0
0
0
0
0
0
0
0
0
0
0
0
0
0
0
0
0
0
0
0
0
0
0
0
0
0
0
0
0
0
0
0
0
0
0
0
0
0
0
0
0
0
0
0
0
0
0
0
0
0
0
0
0
0
0
0
0
0
0
0
0
0
0
0
0
0
0
0
0
0
0
0
0
0
0
0
0
0
0
0
0
0
0
0
0
0
0
0
0
0
0
0
0
0
0
0
0
0
0
0
0
0
0
0
0
0
0
0
0
0
0
0
0
0
0
0
0
0
0
0.000464027
0.000464865
0.000471065
0.000465849
0.000245711
1.37413e-05
5.77899e-07
5.58189e-09
5.02659e-11
4.1271e-13
2.99299e-15
1.90797e-17
1.05669e-19
5.33948e-22
2.29863e-24
9.53307e-27
3.53753e-29
1.26249e-31
4.02514e-34
1.24317e-36
3.69398e-39
1.09481e-41
3.24849e-44
9.87002e-47
3.13574e-49
1.02872e-51
3.27429e-54
9.51852e-57
2.51326e-59
6.17045e-62
1.43304e-64
3.17637e-67
6.74278e-70
1.3744e-72
2.69637e-75
5.10197e-78
9.32665e-81
1.64973e-83
2.82835e-86
4.70513e-89
7.59686e-92
1.19099e-94
1.81409e-97
2.68507e-100
3.86425e-103
5.36892e-106
6.85388e-109
8.13031e-112
1.02979e-114
1.36355e-117
1.75387e-120
2.21953e-123
2.76493e-126
3.38975e-129
4.08712e-132
4.83613e-135
5.60126e-138
6.3422e-141
7.01553e-144
7.57652e-147
7.99422e-150
8.25916e-153
8.3811e-156
8.3694e-159
8.22898e-162
7.97595e-165
7.62637e-168
5.47699e-171
5.98141e-175
6.6542e-179
8.54155e-183
1.17643e-186
1.59286e-190
2.03828e-194
2.44458e-198
2.75678e-202
2.95382e-206
3.03921e-210
2.00305e-214
8.73833e-219
1.26358e-222
2.02035e-226
2.81287e-230
3.71625e-234
4.78049e-238
6.05256e-242
7.58168e-246
9.36892e-250
1.13419e-253
1.34126e-257
1.54537e-261
1.72386e-265
1.85452e-269
1.92999e-273
1.96267e-277
1.96606e-281
1.94445e-285
1.9094e-289
1.87035e-293
1.82632e-297
1.76958e-301
1.69515e-305
1.60486e-309
1.49668e-313
1.3637e-317
1.21046e-321
0
0
0
0
0
0
0
0
0
0
0
0
0
0
0
0
0
0
0
0
0
0
0
0
0
0
0
0
0
0
0
0
0
0
0
0
0
0
0
0
0
0
0
0
0
0
0
0
0
0
0
0
0
0
0
0
0
0
0
0
0
0
0
0
0
0
0
0
0
0
0
0
0
0
0
0
0
0
0
0
0
0
0
0
0
0
0
0
0
0
0
0
0
0
0
0
0
0
0
0
0
0
0
0
0
0
0
0
0
0
0
0
0
0
0
0
0
0
0
0
0
0
0
0
0
0
0
0
0
0
0
0
0
0
0
0
0
0
0
0
0
0
0
0
0
0
0
0
0
0
0
0
0
0
0
0
0
0
0
0
0
0
0
0
0
0
0
0
0
0
0
0
0
0
0
0
0
0
0
0
0
0
0
0
0
0
0
0
0
0
0
0
0
0
0
0
0
0
0
0
0
0
0
0
0
0
0
0
0
0
0
0
0
0
0
0
0
0
0
0
0
0
0
0
0
0
0
0
0
0
0
0
0
0
0
0
0
0
0
0
0
0
0
0
0
0
0
0
0
0
0
0
0
0
0
0
0
0
0
0
0
0
0
0
0
0
0
0
0
0
0
0
0
0
0
0
0
0
0
0
0
0
0
0
0
0
0
0
0
0
0
0
0
0
0.000469414
0.000469516
0.000467018
0.000196952
4.25554e-05
3.1543e-06
8.36667e-08
9.49542e-10
1.02307e-11
9.57097e-14
7.92229e-16
5.84798e-18
3.81416e-20
2.27221e-22
1.14697e-24
5.51756e-27
2.22579e-29
9.42317e-32
3.34857e-34
1.2302e-36
4.13668e-39
1.42622e-41
4.79892e-44
1.63029e-46
5.62968e-49
2.0064e-51
7.08394e-54
2.33103e-56
6.96795e-59
1.92044e-61
4.9632e-64
1.21709e-66
2.85101e-69
6.40413e-72
1.38335e-74
2.87967e-77
5.78671e-80
1.12369e-82
2.11119e-85
3.84318e-88
6.78372e-91
1.1617e-93
1.9311e-96
3.1181e-99
4.89601e-102
7.47622e-105
1.14587e-107
1.80747e-110
2.69589e-113
3.71734e-116
5.03098e-119
6.67478e-122
8.69531e-125
1.1127e-127
1.39857e-130
1.7253e-133
2.08607e-136
2.4682e-139
2.85261e-142
3.21624e-145
3.53941e-148
3.80813e-151
4.01266e-154
4.14596e-157
4.20379e-160
4.18777e-163
4.10441e-166
3.95907e-169
1.5452e-172
1.1701e-176
1.39996e-180
1.87974e-184
2.45428e-188
3.02471e-192
3.50629e-196
3.8424e-200
4.03583e-204
4.07346e-208
5.23651e-212
8.45969e-216
1.11216e-219
1.11448e-223
1.149e-227
1.2054e-231
1.29166e-235
1.41099e-239
1.56656e-243
1.75957e-247
1.98648e-251
2.23773e-255
2.48772e-259
2.69841e-263
2.84872e-267
2.9406e-271
2.98482e-275
2.98794e-279
2.95115e-283
2.88471e-287
2.8057e-291
2.72458e-295
2.63396e-299
2.51244e-303
2.34993e-307
2.15083e-311
1.92193e-315
1.67399e-319
1.4822e-323
0
0
0
0
0
0
0
0
0
0
0
0
0
0
0
0
0
0
0
0
0
0
0
0
0
0
0
0
0
0
0
0
0
0
0
0
0
0
0
0
0
0
0
0
0
0
0
0
0
0
0
0
0
0
0
0
0
0
0
0
0
0
0
0
0
0
0
0
0
0
0
0
0
0
0
0
0
0
0
0
0
0
0
0
0
0
0
0
0
0
0
0
0
0
0
0
0
0
0
0
0
0
0
0
0
0
0
0
0
0
0
0
0
0
0
0
0
0
0
0
0
0
0
0
0
0
0
0
0
0
0
0
0
0
0
0
0
0
0
0
0
0
0
0
0
0
0
0
0
0
0
0
0
0
0
0
0
0
0
0
0
0
0
0
0
0
0
0
0
0
0
0
0
0
0
0
0
0
0
0
0
0
0
0
0
0
0
0
0
0
0
0
0
0
0
0
0
0
0
0
0
0
0
0
0
0
0
0
0
0
0
0
0
0
0
0
0
0
0
0
0
0
0
0
0
0
0
0
0
0
0
0
0
0
0
0
0
0
0
0
0
0
0
0
0
0
0
0
0
0
0
0
0
0
0
0
0
0
0
0
0
0
0
0
0
0
0
0
0
0
0
0
0
0
0
0
0
0
0
0
0
0
0
0
0
0
0
0
0
0
0
0
0
0.000469822
0.000461663
0.000118689
2.56679e-06
1.79668e-07
4.14827e-08
3.50639e-10
4.59462e-12
4.77816e-14
4.18079e-16
3.16983e-18
2.13806e-20
1.26645e-22
6.80223e-25
3.21798e-27
1.41874e-29
5.55855e-32
2.1369e-34
7.40984e-37
2.53471e-39
8.34427e-42
2.79274e-44
9.40725e-47
3.2248e-49
1.12278e-51
4.08678e-54
1.49947e-56
5.18516e-59
1.62324e-61
4.6482e-64
1.23782e-66
3.10184e-69
7.3899e-72
1.68615e-74
3.69974e-77
7.82286e-80
1.59665e-82
3.14866e-85
6.00417e-88
1.10856e-90
1.98475e-93
3.45074e-96
5.83297e-99
9.59101e-102
1.53682e-104
2.38137e-107
3.73381e-110
5.88881e-113
8.66959e-116
1.21692e-118
1.6829e-121
2.27787e-124
3.02304e-127
3.93745e-130
5.03614e-133
6.32547e-136
7.79989e-139
9.4321e-142
1.11673e-144
1.29392e-147
1.46795e-150
1.63071e-153
1.77332e-156
1.88801e-159
1.9695e-162
2.0154e-165
2.02536e-168
1.98517e-171
3.21762e-175
4.94337e-179
7.06117e-183
9.35136e-187
1.16419e-190
1.39637e-194
1.66091e-198
2.00033e-202
2.47453e-206
2.97525e-210
4.33784e-214
7.5355e-218
1.05364e-221
1.211e-225
1.43814e-229
1.68573e-233
1.97232e-237
2.31666e-241
2.74678e-245
3.29241e-249
3.98312e-253
4.82885e-257
5.79907e-261
6.85686e-265
7.98906e-269
9.16313e-273
1.0323e-276
1.14108e-280
1.23839e-284
1.32206e-288
1.39083e-292
1.44473e-296
1.48624e-300
1.509e-304
1.50059e-308
1.4566e-312
1.38114e-316
1.28259e-320
0
0
0
0
0
0
0
0
0
0
0
0
0
0
0
0
0
0
0
0
0
0
0
0
0
0
0
0
0
0
0
0
0
0
0
0
0
0
0
0
0
0
0
0
0
0
0
0
0
0
0
0
0
0
0
0
0
0
0
0
0
0
0
0
0
0
0
0
0
0
0
0
0
0
0
0
0
0
0
0
0
0
0
0
0
0
0
0
0
0
0
0
0
0
0
0
0
0
0
0
0
0
0
0
0
0
0
0
0
0
0
0
0
0
0
0
0
0
0
0
0
0
0
0
0
0
0
0
0
0
0
0
0
0
0
0
0
0
0
0
0
0
0
0
0
0
0
0
0
0
0
0
0
0
0
0
0
0
0
0
0
0
0
0
0
0
0
0
0
0
0
0
0
0
0
0
0
0
0
0
0
0
0
0
0
0
0
0
0
0
0
0
0
0
0
0
0
0
0
0
0
0
0
0
0
0
0
0
0
0
0
0
0
0
0
0
0
0
0
0
0
0
0
0
0
0
0
0
0
0
0
0
0
0
0
0
0
0
0
0
0
0
0
0
0
0
0
0
0
0
0
0
0
0
0
0
0
0
0
0
0
0
0
0
0
0
0
0
0
0
0
0
0
0
0
0
0
0
0
0
0
0
0
0
0
0
0
0
0
0
0
0
0
0
0.000335437
0.000178253
3.02807e-07
2.10799e-08
2.41922e-09
8.86619e-11
1.23368e-12
1.45087e-14
1.38938e-16
1.13647e-18
8.02517e-21
5.01918e-23
2.78361e-25
1.39867e-27
6.24933e-30
2.64356e-32
1e-34
3.65764e-37
1.23713e-39
4.17959e-42
1.3774e-44
4.67181e-47
1.62804e-49
5.79603e-52
2.13043e-54
8.2186e-57
3.23352e-59
1.185e-61
3.8546e-64
1.12429e-66
3.01613e-69
7.58624e-72
1.80956e-74
4.11582e-77
8.961e-80
1.87571e-82
3.78647e-85
7.3813e-88
1.39187e-90
2.54281e-93
4.5072e-96
7.76574e-99
1.30387e-101
2.13978e-104
3.44655e-107
5.37547e-110
8.28137e-113
1.25781e-115
1.81938e-118
2.56523e-121
3.55703e-124
4.80495e-127
6.34726e-130
8.22617e-133
1.04854e-135
1.31564e-138
1.62346e-141
1.967e-144
2.33536e-147
2.71334e-150
3.08762e-153
3.44784e-156
3.78276e-159
4.07139e-162
4.28618e-165
4.4158e-168
4.4619e-171
1.35721e-174
2.12677e-178
4.19407e-182
8.00837e-186
1.44123e-189
2.44735e-193
3.96446e-197
6.23099e-201
9.70192e-205
1.53785e-208
2.37637e-212
3.79593e-216
6.41709e-220
9.87391e-224
1.44765e-227
2.14823e-231
3.06832e-235
4.2916e-239
5.95422e-243
8.28802e-247
1.16568e-250
1.65812e-254
2.3793e-258
3.41453e-262
4.83795e-266
6.73121e-270
9.22157e-274
1.24896e-277
1.65971e-281
2.12803e-285
2.62727e-289
3.16111e-293
3.74841e-297
4.39756e-301
5.08283e-305
5.76638e-309
6.40398e-313
6.94906e-317
7.39616e-321
0
0
0
0
0
0
0
0
0
0
0
0
0
0
0
0
0
0
0
0
0
0
0
0
0
0
0
0
0
0
0
0
0
0
0
0
0
0
0
0
0
0
0
0
0
0
0
0
0
0
0
0
0
0
0
0
0
0
0
0
0
0
0
0
0
0
0
0
0
0
0
0
0
0
0
0
0
0
0
0
0
0
0
0
0
0
0
0
0
0
0
0
0
0
0
0
0
0
0
0
0
0
0
0
0
0
0
0
0
0
0
0
0
0
0
0
0
0
0
0
0
0
0
0
0
0
0
0
0
0
0
0
0
0
0
0
0
0
0
0
0
0
0
0
0
0
0
0
0
0
0
0
0
0
0
0
0
0
0
0
0
0
0
0
0
0
0
0
0
0
0
0
0
0
0
0
0
0
0
0
0
0
0
0
0
0
0
0
0
0
0
0
0
0
0
0
0
0
0
0
0
0
0
0
0
0
0
0
0
0
0
0
0
0
0
0
0
0
0
0
0
0
0
0
0
0
0
0
0
0
0
0
0
0
0
0
0
0
0
0
0
0
0
0
0
0
0
0
0
0
0
0
0
0
0
0
0
0
0
0
0
0
0
0
0
0
0
0
0
0
0
0
0
0
0
0
0
0
0
0
0
0
0
0
0
0
0
0
0
0
0
0
0
0
5.03347e-06
1.14485e-06
3.5841e-09
2.35403e-10
4.90666e-12
1.49402e-13
1.85765e-15
2.04428e-17
1.80464e-19
1.36159e-21
8.96223e-24
5.18954e-26
2.69467e-28
1.26754e-30
5.44544e-33
2.12339e-35
8.0629e-38
2.72714e-40
9.43768e-43
3.02547e-45
1.04118e-47
3.56724e-50
1.31124e-52
4.86512e-55
1.88051e-57
7.60371e-60
3.09465e-62
1.14651e-64
3.67654e-67
1.04607e-69
2.7384e-72
6.72392e-75
1.56503e-77
3.47583e-80
7.40101e-83
1.51689e-85
3.00056e-88
5.7403e-91
1.06413e-93
1.91428e-96
3.34617e-99
5.69113e-102
9.43136e-105
1.52532e-107
2.41211e-110
3.70793e-113
5.59684e-116
8.24981e-119
1.18033e-121
1.65608e-124
2.2682e-127
3.03726e-130
3.97911e-133
5.10637e-136
6.42609e-139
7.93567e-142
9.61639e-145
1.14345e-147
1.33352e-150
1.52507e-153
1.71129e-156
1.88513e-159
2.03934e-162
2.16539e-165
2.25566e-168
2.30577e-171
1.90236e-174
3.2222e-178
5.52359e-182
1.03044e-185
2.02673e-189
3.97389e-193
7.53288e-197
1.3715e-200
2.40986e-204
4.12383e-208
6.94438e-212
1.15232e-215
1.90554e-219
3.13134e-223
5.06982e-227
8.11713e-231
1.27938e-234
1.98472e-238
3.02972e-242
4.55429e-246
6.74948e-250
9.87411e-254
1.42673e-257
2.03855e-261
2.88009e-265
4.01646e-269
5.52485e-273
7.49165e-277
1.0012e-280
1.31815e-284
1.70886e-288
2.18157e-292
2.74381e-296
3.40217e-300
4.16106e-304
5.01932e-308
5.97759e-312
7.0299e-316
8.159e-320
9.88131e-324
0
0
0
0
0
0
0
0
0
0
0
0
0
0
0
0
0
0
0
0
0
0
0
0
0
0
0
0
0
0
0
0
0
0
0
0
0
0
0
0
0
0
0
0
0
0
0
0
0
0
0
0
0
0
0
0
0
0
0
0
0
0
0
0
0
0
0
0
0
0
0
0
0
0
0
0
0
0
0
0
0
0
0
0
0
0
0
0
0
0
0
0
0
0
0
0
0
0
0
0
0
0
0
0
0
0
0
0
0
0
0
0
0
0
0
0
0
0
0
0
0
0
0
0
0
0
0
0
0
0
0
0
0
0
0
0
0
0
0
0
0
0
0
0
0
0
0
0
0
0
0
0
0
0
0
0
0
0
0
0
0
0
0
0
0
0
0
0
0
0
0
0
0
0
0
0
0
0
0
0
0
0
0
0
0
0
0
0
0
0
0
0
0
0
0
0
0
0
0
0
0
0
0
0
0
0
0
0
0
0
0
0
0
0
0
0
0
0
0
0
0
0
0
0
0
0
0
0
0
0
0
0
0
0
0
0
0
0
0
0
0
0
0
0
0
0
0
0
0
0
0
0
0
0
0
0
0
0
0
0
0
0
0
0
0
0
0
0
0
0
0
0
0
0
0
0
0
0
0
0
0
0
0
0
0
0
0
0
0
0
0
0
0
0
8.5494e-10
6.8809e-10
1.44719e-10
2.5986e-12
3.59577e-14
5.46399e-16
6.89265e-18
6.88381e-20
5.76092e-22
4.09694e-24
2.54416e-26
1.39389e-28
6.85391e-31
3.05855e-33
1.26096e-35
4.74746e-38
1.71941e-40
5.78133e-43
1.95292e-45
6.34047e-48
2.21965e-50
7.96229e-53
3.06175e-55
1.18489e-57
4.76893e-60
1.97521e-62
8.16909e-65
2.98794e-67
9.2993e-70
2.57494e-72
6.57277e-75
1.57477e-77
3.5791e-80
7.76996e-83
1.61902e-85
3.24976e-88
6.30116e-91
1.18277e-93
2.15315e-96
3.80677e-99
6.54457e-102
1.09525e-104
1.78595e-107
2.8402e-110
4.4087e-113
6.67797e-116
9.88231e-119
1.42908e-121
2.01846e-124
2.78721e-127
3.76322e-130
4.96992e-133
6.42318e-136
8.1289e-139
1.00806e-141
1.2256e-144
1.46146e-147
1.70978e-150
1.96284e-153
2.2117e-156
2.44666e-159
2.65787e-162
2.83582e-165
2.97182e-168
3.05867e-171
2.9432e-174
6.7712e-178
1.33972e-181
2.55403e-185
5.01303e-189
1.01484e-192
2.05677e-196
4.0722e-200
7.80024e-204
1.44653e-207
2.61157e-211
4.62086e-215
8.05143e-219
1.38605e-222
2.35901e-226
3.96419e-230
6.569e-234
1.07193e-237
1.72123e-241
2.7191e-245
4.22692e-249
6.46945e-253
9.75482e-257
1.44982e-260
2.125e-264
3.07189e-268
4.37985e-272
6.1586e-276
8.53967e-280
1.16772e-283
1.57474e-287
2.09466e-291
2.74896e-295
3.56056e-299
4.55356e-303
5.75278e-307
7.18317e-311
8.86993e-315
1.08369e-318
1.33398e-322
0
0
0
0
0
0
0
0
0
0
0
0
0
0
0
0
0
0
0
0
0
0
0
0
0
0
0
0
0
0
0
0
0
0
0
0
0
0
0
0
0
0
0
0
0
0
0
0
0
0
0
0
0
0
0
0
0
0
0
0
0
0
0
0
0
0
0
0
0
0
0
0
0
0
0
0
0
0
0
0
0
0
0
0
0
0
0
0
0
0
0
0
0
0
0
0
0
0
0
0
0
0
0
0
0
0
0
0
0
0
0
0
0
0
0
0
0
0
0
0
0
0
0
0
0
0
0
0
0
0
0
0
0
0
0
0
0
0
0
0
0
0
0
0
0
0
0
0
0
0
0
0
0
0
0
0
0
0
0
0
0
0
0
0
0
0
0
0
0
0
0
0
0
0
0
0
0
0
0
0
0
0
0
0
0
0
0
0
0
0
0
0
0
0
0
0
0
0
0
0
0
0
0
0
0
0
0
0
0
0
0
0
0
0
0
0
0
0
0
0
0
0
0
0
0
0
0
0
0
0
0
0
0
0
0
0
0
0
0
0
0
0
0
0
0
0
0
0
0
0
0
0
0
0
0
0
0
0
0
0
0
0
0
0
0
0
0
0
0
0
0
0
0
0
0
0
0
0
0
0
0
0
0
0
0
0
0
0
0
0
0
0
0
0
0
2.33231e-11
1.98013e-11
2.20577e-12
3.58012e-14
4.20076e-16
4.79636e-18
4.7973e-20
4.31561e-22
3.30211e-24
2.19216e-26
1.28344e-28
6.69486e-31
3.14374e-33
1.35101e-35
5.35807e-38
1.97842e-40
6.95547e-43
2.32887e-45
7.84331e-48
2.61638e-50
9.48565e-53
3.58399e-55
1.43212e-57
5.77787e-60
2.39789e-62
1.01637e-64
4.23085e-67
1.50535e-69
4.54527e-72
1.23015e-74
3.07659e-77
7.23008e-80
1.61296e-82
3.43919e-85
7.04251e-88
1.38992e-90
2.65113e-93
4.89753e-96
8.77745e-99
1.52827e-101
2.58794e-104
4.26621e-107
6.85191e-110
1.07293e-112
1.63907e-115
2.44393e-118
3.55848e-121
5.06198e-124
7.03712e-127
9.56446e-130
1.27142e-132
1.65367e-135
2.10542e-138
2.62525e-141
3.20747e-144
3.8417e-147
4.51281e-150
5.2012e-153
5.88363e-156
6.5345e-159
7.12732e-162
7.6364e-165
8.03857e-168
8.31459e-171
8.31141e-174
2.15784e-177
4.93585e-181
1.02275e-184
2.04073e-188
4.10419e-192
8.40079e-196
1.72353e-199
3.48025e-203
6.84787e-207
1.31071e-210
2.44775e-214
4.47977e-218
8.0648e-222
1.43128e-225
2.50559e-229
4.32435e-233
7.3512e-237
1.22991e-240
2.02427e-244
3.2773e-248
5.22072e-252
8.18662e-256
1.26433e-259
1.92399e-263
2.88606e-267
4.26866e-271
6.22657e-275
8.95876e-279
1.27163e-282
1.78104e-286
2.46211e-290
3.36051e-294
4.53051e-298
6.03584e-302
7.95076e-306
1.03611e-309
1.33656e-313
1.7077e-317
2.16401e-321
0
0
0
0
0
0
0
0
0
0
0
0
0
0
0
0
0
0
0
0
0
0
0
0
0
0
0
0
0
0
0
0
0
0
0
0
0
0
0
0
0
0
0
0
0
0
0
0
0
0
0
0
0
0
0
0
0
0
0
0
0
0
0
0
0
0
0
0
0
0
0
0
0
0
0
0
0
0
0
0
0
0
0
0
0
0
0
0
0
0
0
0
0
0
0
0
0
0
0
0
0
0
0
0
0
0
0
0
0
0
0
0
0
0
0
0
0
0
0
0
0
0
0
0
0
0
0
0
0
0
0
0
0
0
0
0
0
0
0
0
0
0
0
0
0
0
0
0
0
0
0
0
0
0
0
0
0
0
0
0
0
0
0
0
0
0
0
0
0
0
0
0
0
0
0
0
0
0
0
0
0
0
0
0
0
0
0
0
0
0
0
0
0
0
0
0
0
0
0
0
0
0
0
0
0
0
0
0
0
0
0
0
0
0
0
0
0
0
0
0
0
0
0
0
0
0
0
0
0
0
0
0
0
0
0
0
0
0
0
0
0
0
0
0
0
0
0
0
0
0
0
0
0
0
0
0
0
0
0
0
0
0
0
0
0
0
0
0
0
0
0
0
0
0
0
0
0
0
0
0
0
0
0
0
0
0
0
0
0
0
0
0
0
0
0
0
3.50131e-13
3.11993e-13
2.91597e-14
4.16583e-16
4.41897e-18
4.05898e-20
3.47762e-22
2.71786e-24
1.90129e-26
1.18345e-28
6.52144e-31
3.25242e-33
1.46736e-35
6.08702e-38
2.35159e-40
8.5072e-43
2.95198e-45
9.90103e-48
3.34658e-50
1.16546e-52
4.28423e-55
1.6606e-57
6.619e-60
2.62867e-62
1.04536e-64
4.0917e-67
1.49837e-69
4.71119e-72
1.31367e-74
3.35641e-77
8.01423e-80
1.8102e-82
3.89868e-85
8.05053e-88
1.60028e-90
3.07152e-93
5.70582e-96
1.02775e-98
1.79762e-101
3.05669e-104
5.05788e-107
8.1508e-110
1.28013e-112
1.96069e-115
2.9303e-118
4.27546e-121
6.09296e-124
8.48489e-127
1.15507e-129
1.53777e-132
2.00301e-135
2.55369e-138
3.18821e-141
3.89966e-144
4.67536e-147
5.49681e-150
6.34013e-153
7.17706e-156
7.97641e-159
8.70594e-162
9.3344e-165
9.83356e-168
1.018e-170
1.02057e-173
1.13966e-177
2.39833e-181
5.02374e-185
1.00636e-188
2.01866e-192
4.13138e-196
8.52343e-200
1.73761e-203
3.45637e-207
6.68551e-211
1.2603e-214
2.32547e-218
4.21669e-222
7.53229e-226
1.32659e-229
2.30285e-233
3.93686e-237
6.6226e-241
1.09573e-244
1.78294e-248
2.85384e-252
4.49544e-256
6.97252e-260
1.06536e-263
1.60426e-267
2.38159e-271
3.48635e-275
5.03353e-279
7.16888e-283
1.00739e-286
1.39713e-290
1.91298e-294
2.58703e-298
3.45716e-302
4.56764e-306
5.96991e-310
7.72329e-314
9.89582e-318
1.25493e-321
0
0
0
0
0
0
0
0
0
0
0
0
0
0
0
0
0
0
0
0
0
0
0
0
0
0
0
0
0
0
0
0
0
0
0
0
0
0
0
0
0
0
0
0
0
0
0
0
0
0
0
0
0
0
0
0
0
0
0
0
0
0
0
0
0
0
0
0
0
0
0
0
0
0
0
0
0
0
0
0
0
0
0
0
0
0
0
0
0
0
0
0
0
0
0
0
0
0
0
0
0
0
0
0
0
0
0
0
0
0
0
0
0
0
0
0
0
0
0
0
0
0
0
0
0
0
0
0
0
0
0
0
0
0
0
0
0
0
0
0
0
0
0
0
0
0
0
0
0
0
0
0
0
0
0
0
0
0
0
0
0
0
0
0
0
0
0
0
0
0
0
0
0
0
0
0
0
0
0
0
0
0
0
0
0
0
0
0
0
0
0
0
0
0
0
0
0
0
0
0
0
0
0
0
0
0
0
0
0
0
0
0
0
0
0
0
0
0
0
0
0
0
0
0
0
0
0
0
0
0
0
0
0
0
0
0
0
0
0
0
0
0
0
0
0
0
0
0
0
0
0
0
0
0
0
0
0
0
0
0
0
0
0
0
0
0
0
0
0
0
0
0
0
0
0
0
0
0
0
0
0
0
0
0
0
0
0
0
0
0
0
0
0
0
0
0
0
)
;

boundaryField
{
    wand
    {
        type            zeroGradient;
    }
    frontAndBack
    {
        type            empty;
    }
}


// ************************************************************************* //
