/*--------------------------------*- C++ -*----------------------------------*\
| =========                 |                                                 |
| \\      /  F ield         | OpenFOAM: The Open Source CFD Toolbox           |
|  \\    /   O peration     | Version:  2.1.1                                 |
|   \\  /    A nd           | Web:      www.OpenFOAM.org                      |
|    \\/     M anipulation  |                                                 |
\*---------------------------------------------------------------------------*/
FoamFile
{
    version     2.0;
    format      ascii;
    class       volScalarField;
    location    "0.000200000";
    object      T;
}
// * * * * * * * * * * * * * * * * * * * * * * * * * * * * * * * * * * * * * //

dimensions      [0 0 0 1 0 0 0];

internalField   nonuniform List<scalar> 
12384
(
295.824
295.832
295.635
295.584
295.485
295.229
294.85
294.402
293.874
293.967
294.3
296.018
297.891
299.617
292.985
292.99
292.994
292.997
293
293
292.999
292.998
292.997
292.997
292.996
292.997
292.996
292.996
292.996
292.996
292.996
292.996
292.997
292.997
292.997
292.996
292.996
292.996
292.996
292.997
292.997
292.997
292.996
292.996
292.996
292.996
292.997
292.997
292.997
292.996
292.996
292.996
292.996
292.997
292.997
292.997
292.996
292.996
292.996
292.996
292.996
292.996
292.997
292.997
292.997
292.996
292.996
292.996
292.996
292.997
292.997
292.997
292.996
292.996
292.996
292.996
292.997
292.997
292.997
292.996
292.996
292.996
292.996
292.997
292.997
292.997
292.996
292.996
292.996
292.996
292.996
292.996
292.997
292.997
292.997
292.996
292.996
292.996
292.996
292.997
292.997
292.997
292.996
292.996
292.996
292.996
292.997
292.997
292.997
292.996
292.996
292.996
292.996
292.997
292.997
292.997
292.996
292.996
292.996
292.996
292.996
292.996
292.997
292.997
292.997
292.996
292.996
292.996
292.996
292.997
292.997
292.997
292.996
292.996
292.996
292.996
292.997
292.997
292.997
292.996
292.996
292.996
292.996
292.997
292.997
292.997
292.996
292.996
292.996
292.996
292.996
292.996
292.997
292.997
292.997
292.996
292.996
292.996
292.996
292.997
292.997
292.997
292.996
292.996
292.996
292.996
292.997
292.997
292.997
292.996
292.996
292.996
292.996
292.997
292.997
292.997
292.996
292.996
292.996
292.996
292.996
292.996
292.997
292.997
292.997
292.996
292.996
292.996
292.996
292.997
292.997
292.997
292.996
292.996
292.996
292.996
292.997
292.997
292.997
292.996
292.996
292.996
292.996
292.997
292.997
292.997
292.996
292.996
292.996
292.996
292.996
292.996
292.997
292.997
292.997
292.996
292.996
292.996
292.996
292.997
292.997
292.997
292.996
292.996
292.996
292.996
292.997
292.997
292.997
292.996
292.996
292.996
292.996
292.997
292.997
292.997
292.996
292.996
292.996
292.996
292.996
292.996
292.997
292.997
292.997
292.996
292.996
292.996
292.996
292.997
292.997
292.997
292.996
292.996
292.996
292.996
292.997
292.997
292.997
292.996
292.996
292.996
292.996
292.997
292.997
292.997
292.996
292.996
292.996
292.996
292.996
292.996
292.997
292.997
292.997
292.996
292.996
292.996
292.996
292.997
292.997
292.997
292.996
292.996
292.996
292.996
292.997
292.997
292.997
292.996
292.996
292.996
292.996
292.997
292.997
292.997
292.996
292.996
292.996
292.996
292.996
292.996
292.997
292.997
292.997
292.996
292.996
292.996
292.996
292.997
292.997
292.997
292.996
292.996
292.996
292.996
292.997
292.997
292.997
292.996
292.996
292.996
292.996
292.997
292.997
292.997
292.996
292.996
292.996
292.996
292.996
292.996
292.997
292.997
292.997
292.996
292.996
292.996
292.996
292.997
292.997
292.997
292.996
292.996
292.996
292.996
292.997
292.997
292.997
292.996
292.996
292.996
292.996
292.997
292.997
292.997
292.996
292.996
292.996
292.996
292.996
292.996
292.997
292.997
292.997
292.997
292.997
292.997
292.997
292.997
292.997
292.997
292.997
292.997
298.22
296.894
295.624
295.507
295.496
295.454
295.167
294.792
294.354
294.077
294.591
296.015
297.553
299.142
292.997
292.981
292.983
292.984
292.989
292.993
292.992
292.991
292.989
292.988
292.988
292.988
292.987
292.987
292.987
292.987
292.987
292.988
292.988
292.988
292.988
292.988
292.988
292.989
292.99
292.991
292.991
292.991
292.991
292.991
292.991
292.991
292.991
292.991
292.991
292.99
292.989
292.988
292.988
292.988
292.988
292.988
292.988
292.987
292.987
292.987
292.987
292.988
292.988
292.988
292.988
292.988
292.988
292.989
292.99
292.991
292.991
292.991
292.991
292.991
292.991
292.991
292.991
292.991
292.991
292.99
292.989
292.988
292.988
292.988
292.988
292.988
292.988
292.987
292.987
292.987
292.987
292.988
292.988
292.988
292.988
292.988
292.988
292.989
292.99
292.991
292.991
292.991
292.991
292.991
292.991
292.991
292.991
292.991
292.991
292.99
292.989
292.988
292.988
292.988
292.988
292.988
292.988
292.987
292.987
292.987
292.987
292.988
292.988
292.988
292.988
292.988
292.988
292.989
292.99
292.991
292.991
292.991
292.991
292.991
292.991
292.991
292.991
292.991
292.991
292.99
292.989
292.988
292.988
292.988
292.988
292.988
292.988
292.987
292.987
292.987
292.987
292.988
292.988
292.988
292.988
292.988
292.988
292.989
292.99
292.991
292.991
292.991
292.991
292.991
292.991
292.991
292.991
292.991
292.991
292.99
292.989
292.988
292.988
292.988
292.988
292.988
292.988
292.987
292.987
292.987
292.987
292.988
292.988
292.988
292.988
292.988
292.988
292.989
292.99
292.991
292.991
292.991
292.991
292.991
292.991
292.991
292.991
292.991
292.991
292.99
292.989
292.988
292.988
292.988
292.988
292.988
292.988
292.987
292.987
292.987
292.987
292.988
292.988
292.988
292.988
292.988
292.988
292.989
292.99
292.991
292.991
292.991
292.991
292.991
292.991
292.991
292.991
292.991
292.991
292.99
292.989
292.988
292.988
292.988
292.988
292.988
292.988
292.987
292.987
292.987
292.987
292.988
292.988
292.988
292.988
292.988
292.988
292.989
292.99
292.991
292.991
292.991
292.991
292.991
292.991
292.991
292.991
292.991
292.991
292.99
292.989
292.988
292.988
292.988
292.988
292.988
292.988
292.987
292.987
292.987
292.987
292.988
292.988
292.988
292.988
292.988
292.988
292.989
292.99
292.991
292.991
292.991
292.991
292.991
292.991
292.991
292.991
292.991
292.991
292.99
292.989
292.988
292.988
292.988
292.988
292.988
292.988
292.987
292.987
292.987
292.987
292.988
292.988
292.988
292.988
292.988
292.988
292.989
292.99
292.991
292.991
292.991
292.991
292.991
292.991
292.991
292.991
292.991
292.991
292.99
292.989
292.988
292.988
292.988
292.988
292.988
292.988
292.987
292.987
292.987
292.987
292.988
292.988
292.988
292.988
292.988
292.988
292.989
292.99
292.991
292.991
292.991
292.991
292.991
292.991
292.991
292.991
292.991
292.991
292.99
292.989
292.988
292.988
292.988
292.988
292.988
292.988
292.987
292.987
292.987
292.987
292.988
292.988
292.988
292.988
292.988
292.989
292.989
292.99
292.991
292.991
292.991
292.991
292.991
334.522
325.629
296.344
295.363
295.428
295.579
295.553
295.377
294.979
294.976
295.204
295.982
297.004
297.936
292.969
293
292.975
292.99
292.99
292.998
293.006
293.01
293.01
293.01
293.01
293.01
293.01
293.01
293.01
293.01
293.01
293.01
293.01
293.01
293.01
293.01
293.009
293.008
293.007
293.006
293.006
293.006
293.005
293.005
293.005
293.005
293.006
293.006
293.006
293.007
293.008
293.009
293.01
293.01
293.01
293.01
293.01
293.01
293.01
293.01
293.01
293.01
293.01
293.01
293.01
293.01
293.009
293.008
293.007
293.006
293.006
293.006
293.005
293.005
293.005
293.005
293.006
293.006
293.006
293.007
293.008
293.009
293.01
293.01
293.01
293.01
293.01
293.01
293.01
293.01
293.01
293.01
293.01
293.01
293.01
293.01
293.009
293.008
293.007
293.006
293.006
293.006
293.005
293.005
293.005
293.005
293.006
293.006
293.006
293.007
293.008
293.009
293.01
293.01
293.01
293.01
293.01
293.01
293.01
293.01
293.01
293.01
293.01
293.01
293.01
293.01
293.009
293.008
293.007
293.006
293.006
293.006
293.005
293.005
293.005
293.005
293.006
293.006
293.006
293.007
293.008
293.009
293.01
293.01
293.01
293.01
293.01
293.01
293.01
293.01
293.01
293.01
293.01
293.01
293.01
293.01
293.009
293.008
293.007
293.006
293.006
293.006
293.005
293.005
293.005
293.005
293.006
293.006
293.006
293.007
293.008
293.009
293.01
293.01
293.01
293.01
293.01
293.01
293.01
293.01
293.01
293.01
293.01
293.01
293.01
293.01
293.009
293.008
293.007
293.006
293.006
293.006
293.005
293.005
293.005
293.005
293.006
293.006
293.006
293.007
293.008
293.009
293.01
293.01
293.01
293.01
293.01
293.01
293.01
293.01
293.01
293.01
293.01
293.01
293.01
293.01
293.009
293.008
293.007
293.006
293.006
293.006
293.005
293.005
293.005
293.005
293.006
293.006
293.006
293.007
293.008
293.009
293.01
293.01
293.01
293.01
293.01
293.01
293.01
293.01
293.01
293.01
293.01
293.01
293.01
293.01
293.009
293.008
293.007
293.006
293.006
293.006
293.005
293.005
293.005
293.005
293.006
293.006
293.006
293.007
293.008
293.009
293.01
293.01
293.01
293.01
293.01
293.01
293.01
293.01
293.01
293.01
293.01
293.01
293.01
293.01
293.009
293.008
293.007
293.006
293.006
293.006
293.005
293.005
293.005
293.005
293.006
293.006
293.006
293.007
293.008
293.009
293.01
293.01
293.01
293.01
293.01
293.01
293.01
293.01
293.01
293.01
293.01
293.01
293.01
293.01
293.009
293.008
293.007
293.006
293.006
293.006
293.005
293.005
293.005
293.005
293.006
293.006
293.006
293.007
293.008
293.009
293.01
293.01
293.01
293.01
293.01
293.01
293.01
293.01
293.01
293.01
293.01
293.01
293.01
293.01
293.009
293.008
293.007
293.006
293.006
293.006
293.005
293.005
293.005
293.005
293.006
293.006
293.006
293.007
293.008
293.009
293.01
293.01
293.01
293.01
293.01
293.01
293.01
293.01
293.01
293.01
293.01
293.01
293.01
293.01
293.009
293.008
293.007
293.006
293.006
293.006
293.006
293.005
1989.58
1890.49
366.639
296.399
295.077
295.738
295.908
296.11
296.036
295.773
295.864
295.891
296.023
296.226
293.042
292.983
293.026
292.967
292.979
292.981
292.989
292.996
292.999
292.999
292.999
292.998
292.998
292.998
292.998
292.998
292.998
292.998
292.998
292.998
292.998
292.998
292.998
292.998
292.998
292.998
292.999
292.999
292.999
292.999
292.999
292.999
292.999
292.999
292.998
292.998
292.998
292.998
292.998
292.998
292.998
292.998
292.998
292.998
292.998
292.998
292.998
292.998
292.998
292.998
292.998
292.998
292.998
292.998
292.998
292.998
292.999
292.999
292.999
292.999
292.999
292.999
292.999
292.999
292.998
292.998
292.998
292.998
292.998
292.998
292.998
292.998
292.998
292.998
292.998
292.998
292.998
292.998
292.998
292.998
292.998
292.998
292.998
292.998
292.998
292.998
292.999
292.999
292.999
292.999
292.999
292.999
292.999
292.999
292.998
292.998
292.998
292.998
292.998
292.998
292.998
292.998
292.998
292.998
292.998
292.998
292.998
292.998
292.998
292.998
292.998
292.998
292.998
292.998
292.998
292.998
292.999
292.999
292.999
292.999
292.999
292.999
292.999
292.999
292.998
292.998
292.998
292.998
292.998
292.998
292.998
292.998
292.998
292.998
292.998
292.998
292.998
292.998
292.998
292.998
292.998
292.998
292.998
292.998
292.998
292.998
292.999
292.999
292.999
292.999
292.999
292.999
292.999
292.999
292.998
292.998
292.998
292.998
292.998
292.998
292.998
292.998
292.998
292.998
292.998
292.998
292.998
292.998
292.998
292.998
292.998
292.998
292.998
292.998
292.998
292.998
292.999
292.999
292.999
292.999
292.999
292.999
292.999
292.999
292.998
292.998
292.998
292.998
292.998
292.998
292.998
292.998
292.998
292.998
292.998
292.998
292.998
292.998
292.998
292.998
292.998
292.998
292.998
292.998
292.998
292.998
292.999
292.999
292.999
292.999
292.999
292.999
292.999
292.999
292.998
292.998
292.998
292.998
292.998
292.998
292.998
292.998
292.998
292.998
292.998
292.998
292.998
292.998
292.998
292.998
292.998
292.998
292.998
292.998
292.998
292.998
292.999
292.999
292.999
292.999
292.999
292.999
292.999
292.999
292.998
292.998
292.998
292.998
292.998
292.998
292.998
292.998
292.998
292.998
292.998
292.998
292.998
292.998
292.998
292.998
292.998
292.998
292.998
292.998
292.998
292.998
292.999
292.999
292.999
292.999
292.999
292.999
292.999
292.999
292.998
292.998
292.998
292.998
292.998
292.998
292.998
292.998
292.998
292.998
292.998
292.998
292.998
292.998
292.998
292.998
292.998
292.998
292.998
292.998
292.998
292.998
292.999
292.999
292.999
292.999
292.999
292.999
292.999
292.999
292.998
292.998
292.998
292.998
292.998
292.998
292.998
292.998
292.998
292.998
292.998
292.998
292.998
292.998
292.998
292.998
292.998
292.998
292.998
292.998
292.998
292.998
292.999
292.999
292.999
292.999
292.999
292.999
292.999
292.999
292.998
292.998
292.998
292.998
292.998
292.998
292.998
292.998
292.998
292.998
292.998
292.998
292.998
292.998
292.999
292.999
292.999
292.999
292.999
292.999
292.998
292.999
292.999
292.999
292.999
292.999
2256.71
2261.76
2130.82
383.421
299.397
295.592
296.292
296.796
296.95
296.846
296.198
295.63
295.016
294.571
293.153
293.017
292.952
293.024
292.965
292.98
292.984
292.993
292.999
293
293
292.999
292.999
292.999
292.999
292.999
292.999
292.999
292.999
292.999
292.999
292.999
292.999
292.999
292.999
292.999
292.999
293
293
293
293
293
293
292.999
292.999
292.999
292.999
292.999
292.999
292.999
292.999
292.999
292.999
292.999
292.999
292.999
292.999
292.999
292.999
292.999
292.999
292.999
292.999
292.999
292.999
292.999
292.999
293
293
293
293
293
293
292.999
292.999
292.999
292.999
292.999
292.999
292.999
292.999
292.999
292.999
292.999
292.999
292.999
292.999
292.999
292.999
292.999
292.999
292.999
292.999
292.999
292.999
292.999
292.999
293
293
293
293
293
293
292.999
292.999
292.999
292.999
292.999
292.999
292.999
292.999
292.999
292.999
292.999
292.999
292.999
292.999
292.999
292.999
292.999
292.999
292.999
292.999
292.999
292.999
292.999
292.999
293
293
293
293
293
293
292.999
292.999
292.999
292.999
292.999
292.999
292.999
292.999
292.999
292.999
292.999
292.999
292.999
292.999
292.999
292.999
292.999
292.999
292.999
292.999
292.999
292.999
292.999
292.999
293
293
293
293
293
293
292.999
292.999
292.999
292.999
292.999
292.999
292.999
292.999
292.999
292.999
292.999
292.999
292.999
292.999
292.999
292.999
292.999
292.999
292.999
292.999
292.999
292.999
292.999
292.999
293
293
293
293
293
293
292.999
292.999
292.999
292.999
292.999
292.999
292.999
292.999
292.999
292.999
292.999
292.999
292.999
292.999
292.999
292.999
292.999
292.999
292.999
292.999
292.999
292.999
292.999
292.999
293
293
293
293
293
293
292.999
292.999
292.999
292.999
292.999
292.999
292.999
292.999
292.999
292.999
292.999
292.999
292.999
292.999
292.999
292.999
292.999
292.999
292.999
292.999
292.999
292.999
292.999
292.999
293
293
293
293
293
293
292.999
292.999
292.999
292.999
292.999
292.999
292.999
292.999
292.999
292.999
292.999
292.999
292.999
292.999
292.999
292.999
292.999
292.999
292.999
292.999
292.999
292.999
292.999
292.999
293
293
293
293
293
293
292.999
292.999
292.999
292.999
292.999
292.999
292.999
292.999
292.999
292.999
292.999
292.999
292.999
292.999
292.999
292.999
292.999
292.999
292.999
292.999
292.999
292.999
292.999
292.999
293
293
293
293
293
293
292.999
292.999
292.999
292.999
292.999
292.999
292.999
292.999
292.999
292.999
292.999
292.999
292.999
292.999
292.999
292.999
292.999
292.999
292.999
292.999
292.999
292.999
292.999
292.999
293
293
293
293
293
293
292.999
292.999
292.999
292.999
292.999
292.999
292.999
292.999
292.999
292.999
292.999
292.999
292.999
292.999
292.999
292.999
292.999
292.999
292.999
292.999
292.999
292.999
293
293
293
293
293
2270.04
2270.06
2263.62
2186.98
451.041
309.109
296.339
297.108
297.394
297.355
296.41
295.205
294.263
293.586
293.065
293.285
293.195
292.989
293.023
292.963
292.978
292.986
292.998
293.002
293.002
293.002
293.001
293.001
293.002
293.002
293.001
293.001
293.001
293.001
293.001
293.001
293.001
293.002
293.002
293.002
293.002
293.002
293.002
293.002
293.002
293.002
293.002
293.002
293.002
293.002
293.002
293.001
293.001
293.001
293.001
293.001
293.001
293.001
293.002
293.002
293.001
293.001
293.001
293.001
293.001
293.001
293.001
293.002
293.002
293.002
293.002
293.002
293.002
293.002
293.002
293.002
293.002
293.002
293.002
293.002
293.002
293.001
293.001
293.001
293.001
293.001
293.001
293.001
293.002
293.002
293.001
293.001
293.001
293.001
293.001
293.001
293.001
293.002
293.002
293.002
293.002
293.002
293.002
293.002
293.002
293.002
293.002
293.002
293.002
293.002
293.002
293.001
293.001
293.001
293.001
293.001
293.001
293.001
293.002
293.002
293.001
293.001
293.001
293.001
293.001
293.001
293.001
293.002
293.002
293.002
293.002
293.002
293.002
293.002
293.002
293.002
293.002
293.002
293.002
293.002
293.002
293.001
293.001
293.001
293.001
293.001
293.001
293.001
293.002
293.002
293.001
293.001
293.001
293.001
293.001
293.001
293.001
293.002
293.002
293.002
293.002
293.002
293.002
293.002
293.002
293.002
293.002
293.002
293.002
293.002
293.002
293.001
293.001
293.001
293.001
293.001
293.001
293.001
293.002
293.002
293.001
293.001
293.001
293.001
293.001
293.001
293.001
293.002
293.002
293.002
293.002
293.002
293.002
293.002
293.002
293.002
293.002
293.002
293.002
293.002
293.002
293.001
293.001
293.001
293.001
293.001
293.001
293.001
293.002
293.002
293.001
293.001
293.001
293.001
293.001
293.001
293.001
293.002
293.002
293.002
293.002
293.002
293.002
293.002
293.002
293.002
293.002
293.002
293.002
293.002
293.002
293.001
293.001
293.001
293.001
293.001
293.001
293.001
293.002
293.002
293.001
293.001
293.001
293.001
293.001
293.001
293.001
293.002
293.002
293.002
293.002
293.002
293.002
293.002
293.002
293.002
293.002
293.002
293.002
293.002
293.002
293.001
293.001
293.001
293.001
293.001
293.001
293.001
293.002
293.002
293.001
293.001
293.001
293.001
293.001
293.001
293.001
293.002
293.002
293.002
293.002
293.002
293.002
293.002
293.002
293.002
293.002
293.002
293.002
293.002
293.002
293.001
293.001
293.001
293.001
293.001
293.001
293.001
293.002
293.002
293.001
293.001
293.001
293.001
293.001
293.001
293.001
293.002
293.002
293.002
293.002
293.002
293.002
293.002
293.002
293.002
293.002
293.002
293.002
293.002
293.002
293.001
293.001
293.001
293.001
293.001
293.001
293.001
293.002
293.002
293.001
293.001
293.001
293.001
293.001
293.001
293.001
293.002
293.002
293.002
293.002
293.002
293.002
293.002
293.002
293.002
293.002
293.002
293.002
293.002
293.002
293.001
293.001
293.001
293.001
293.001
293.001
293.001
293.002
293.002
293.002
293.001
293.001
293.001
293.001
293.001
293.001
293.001
293.002
293.002
293.002
293.002
293.002
293.002
2270.25
2270.11
2270.24
2264.29
2235.77
425.848
299.064
296.552
297.27
297.249
296.368
294.933
294.157
293.416
293.695
293.293
293.197
293.192
292.975
293.015
292.962
292.978
292.991
293.001
293.002
293.002
293.001
293.001
293.002
293.002
293.001
293.001
293.001
293.001
293.001
293.001
293.001
293.001
293.002
293.002
293.001
293.001
293.001
293.001
293.001
293.001
293.001
293.001
293.002
293.002
293.001
293.001
293.001
293.001
293.001
293.001
293.001
293.001
293.002
293.002
293.001
293.001
293.001
293.001
293.001
293.001
293.001
293.001
293.002
293.002
293.001
293.001
293.001
293.001
293.001
293.001
293.001
293.001
293.002
293.002
293.001
293.001
293.001
293.001
293.001
293.001
293.001
293.001
293.002
293.002
293.001
293.001
293.001
293.001
293.001
293.001
293.001
293.001
293.002
293.002
293.001
293.001
293.001
293.001
293.001
293.001
293.001
293.001
293.002
293.002
293.001
293.001
293.001
293.001
293.001
293.001
293.001
293.001
293.002
293.002
293.001
293.001
293.001
293.001
293.001
293.001
293.001
293.001
293.002
293.002
293.001
293.001
293.001
293.001
293.001
293.001
293.001
293.001
293.002
293.002
293.001
293.001
293.001
293.001
293.001
293.001
293.001
293.001
293.002
293.002
293.001
293.001
293.001
293.001
293.001
293.001
293.001
293.001
293.002
293.002
293.001
293.001
293.001
293.001
293.001
293.001
293.001
293.001
293.002
293.002
293.001
293.001
293.001
293.001
293.001
293.001
293.001
293.001
293.002
293.002
293.001
293.001
293.001
293.001
293.001
293.001
293.001
293.001
293.002
293.002
293.001
293.001
293.001
293.001
293.001
293.001
293.001
293.001
293.002
293.002
293.001
293.001
293.001
293.001
293.001
293.001
293.001
293.001
293.002
293.002
293.001
293.001
293.001
293.001
293.001
293.001
293.001
293.001
293.002
293.002
293.001
293.001
293.001
293.001
293.001
293.001
293.001
293.001
293.002
293.002
293.001
293.001
293.001
293.001
293.001
293.001
293.001
293.001
293.002
293.002
293.001
293.001
293.001
293.001
293.001
293.001
293.001
293.001
293.002
293.002
293.001
293.001
293.001
293.001
293.001
293.001
293.001
293.001
293.002
293.002
293.001
293.001
293.001
293.001
293.001
293.001
293.001
293.001
293.002
293.002
293.001
293.001
293.001
293.001
293.001
293.001
293.001
293.001
293.002
293.002
293.001
293.001
293.001
293.001
293.001
293.001
293.001
293.001
293.002
293.002
293.001
293.001
293.001
293.001
293.001
293.001
293.001
293.001
293.002
293.002
293.001
293.001
293.001
293.001
293.001
293.001
293.001
293.001
293.002
293.002
293.001
293.001
293.001
293.001
293.001
293.001
293.001
293.001
293.002
293.002
293.001
293.001
293.001
293.001
293.001
293.001
293.001
293.001
293.002
293.002
293.001
293.001
293.001
293.001
293.001
293.001
293.001
293.001
293.002
293.002
293.001
293.001
293.001
293.001
293.001
293.001
293.001
293.001
293.002
293.002
293.001
293.001
293.001
293.001
293.001
293.001
293.001
293.001
293.002
293.002
293.002
293.001
293.001
293.001
293.001
293.001
293.001
293.001
293.001
293.001
293.001
293.001
293.001
293.001
2270.86
2270.51
2270.24
2264.58
2290.78
487.124
302.481
296.01
296.729
296.504
296.039
295.072
294.441
293.875
293.535
293.793
293.428
293.276
293.128
292.988
293.001
292.971
292.985
292.999
293.005
293.005
293.004
293.004
293.004
293.004
293.004
293.004
293.003
293.003
293.003
293.003
293.004
293.004
293.004
293.003
293.003
293.003
293.003
293.003
293.003
293.003
293.003
293.003
293.003
293.004
293.004
293.004
293.003
293.003
293.003
293.003
293.004
293.004
293.004
293.004
293.004
293.004
293.003
293.003
293.003
293.003
293.004
293.004
293.004
293.003
293.003
293.003
293.003
293.003
293.003
293.003
293.003
293.003
293.003
293.004
293.004
293.004
293.003
293.003
293.003
293.003
293.004
293.004
293.004
293.004
293.004
293.004
293.003
293.003
293.003
293.003
293.004
293.004
293.004
293.003
293.003
293.003
293.003
293.003
293.003
293.003
293.003
293.003
293.003
293.004
293.004
293.004
293.003
293.003
293.003
293.003
293.004
293.004
293.004
293.004
293.004
293.004
293.003
293.003
293.003
293.003
293.004
293.004
293.004
293.003
293.003
293.003
293.003
293.003
293.003
293.003
293.003
293.003
293.003
293.004
293.004
293.004
293.003
293.003
293.003
293.003
293.004
293.004
293.004
293.004
293.004
293.004
293.003
293.003
293.003
293.003
293.004
293.004
293.004
293.003
293.003
293.003
293.003
293.003
293.003
293.003
293.003
293.003
293.003
293.004
293.004
293.004
293.003
293.003
293.003
293.003
293.004
293.004
293.004
293.004
293.004
293.004
293.003
293.003
293.003
293.003
293.004
293.004
293.004
293.003
293.003
293.003
293.003
293.003
293.003
293.003
293.003
293.003
293.003
293.004
293.004
293.004
293.003
293.003
293.003
293.003
293.004
293.004
293.004
293.004
293.004
293.004
293.003
293.003
293.003
293.003
293.004
293.004
293.004
293.003
293.003
293.003
293.003
293.003
293.003
293.003
293.003
293.003
293.003
293.004
293.004
293.004
293.003
293.003
293.003
293.003
293.004
293.004
293.004
293.004
293.004
293.004
293.003
293.003
293.003
293.003
293.004
293.004
293.004
293.003
293.003
293.003
293.003
293.003
293.003
293.003
293.003
293.003
293.003
293.004
293.004
293.004
293.003
293.003
293.003
293.003
293.004
293.004
293.004
293.004
293.004
293.004
293.003
293.003
293.003
293.003
293.004
293.004
293.004
293.003
293.003
293.003
293.003
293.003
293.003
293.003
293.003
293.003
293.003
293.004
293.004
293.004
293.003
293.003
293.003
293.003
293.004
293.004
293.004
293.004
293.004
293.004
293.003
293.003
293.003
293.003
293.004
293.004
293.004
293.003
293.003
293.003
293.003
293.003
293.003
293.003
293.003
293.003
293.003
293.004
293.004
293.004
293.003
293.003
293.003
293.003
293.004
293.004
293.004
293.004
293.004
293.004
293.003
293.003
293.003
293.003
293.004
293.004
293.004
293.003
293.003
293.003
293.003
293.003
293.003
293.003
293.003
293.003
293.003
293.004
293.004
293.004
293.003
293.003
293.003
293.003
293.004
293.004
293.004
293.004
293.004
293.004
293.004
293.004
293.003
293.003
293.003
293.003
293.003
293.003
293.003
293.003
293.003
293.003
2270.1
2269.77
2268.8
2270.11
2326.68
559.9
307.705
295.188
295.867
295.935
295.595
295.189
294.844
294.483
294.483
294.422
294.063
294.088
293.807
293.501
293.119
293.096
292.962
292.992
292.977
292.993
293.003
293.004
293.004
293.003
293.003
293.003
293.003
293.003
293.002
293.002
293.002
293.002
293.002
293.002
293.002
293.002
293.002
293.002
293.001
293.001
293.002
293.002
293.001
293.001
293.002
293.002
293.002
293.002
293.002
293.002
293.002
293.002
293.002
293.002
293.003
293.003
293.003
293.003
293.003
293.003
293.002
293.002
293.002
293.002
293.002
293.002
293.002
293.002
293.002
293.002
293.001
293.001
293.002
293.002
293.001
293.001
293.002
293.002
293.002
293.002
293.002
293.002
293.002
293.002
293.002
293.002
293.003
293.003
293.003
293.003
293.003
293.003
293.002
293.002
293.002
293.002
293.002
293.002
293.002
293.002
293.002
293.002
293.001
293.001
293.002
293.002
293.001
293.001
293.002
293.002
293.002
293.002
293.002
293.002
293.002
293.002
293.002
293.002
293.003
293.003
293.003
293.003
293.003
293.003
293.002
293.002
293.002
293.002
293.002
293.002
293.002
293.002
293.002
293.002
293.001
293.001
293.002
293.002
293.001
293.001
293.002
293.002
293.002
293.002
293.002
293.002
293.002
293.002
293.002
293.002
293.003
293.003
293.003
293.003
293.003
293.003
293.002
293.002
293.002
293.002
293.002
293.002
293.002
293.002
293.002
293.002
293.001
293.001
293.002
293.002
293.001
293.001
293.002
293.002
293.002
293.002
293.002
293.002
293.002
293.002
293.002
293.002
293.003
293.003
293.003
293.003
293.003
293.003
293.002
293.002
293.002
293.002
293.002
293.002
293.002
293.002
293.002
293.002
293.001
293.001
293.002
293.002
293.001
293.001
293.002
293.002
293.002
293.002
293.002
293.002
293.002
293.002
293.002
293.002
293.003
293.003
293.003
293.003
293.003
293.003
293.002
293.002
293.002
293.002
293.002
293.002
293.002
293.002
293.002
293.002
293.001
293.001
293.002
293.002
293.001
293.001
293.002
293.002
293.002
293.002
293.002
293.002
293.002
293.002
293.002
293.002
293.003
293.003
293.003
293.003
293.003
293.003
293.002
293.002
293.002
293.002
293.002
293.002
293.002
293.002
293.002
293.002
293.001
293.001
293.002
293.002
293.001
293.001
293.002
293.002
293.002
293.002
293.002
293.002
293.002
293.002
293.002
293.002
293.003
293.003
293.003
293.003
293.003
293.003
293.002
293.002
293.002
293.002
293.002
293.002
293.002
293.002
293.002
293.002
293.001
293.001
293.002
293.002
293.001
293.001
293.002
293.002
293.002
293.002
293.002
293.002
293.002
293.002
293.002
293.002
293.003
293.003
293.003
293.003
293.003
293.003
293.002
293.002
293.002
293.002
293.002
293.002
293.002
293.002
293.002
293.002
293.001
293.001
293.002
293.002
293.001
293.001
293.002
293.002
293.002
293.002
293.002
293.002
293.002
293.002
293.002
293.002
293.003
293.003
293.003
293.003
293.003
293.003
293.002
293.002
293.002
293.002
293.002
293.002
293.002
293.002
293.002
293.002
293.001
293.001
293.002
293.002
293.001
293.001
293.002
293.002
293.002
293.002
293.002
293.002
293.002
293.002
293.002
293.002
293.003
293.003
293.003
293.003
293.003
293.003
293.003
293.002
293.002
293.002
293.002
293.002
293.002
293.002
293.002
293.001
293.001
293.001
293.001
293.001
2268.89
2268.44
2270.74
2300.45
2322.71
578.97
308.85
294.871
295.261
295.259
295.207
295.199
295.112
295.06
294.923
294.726
294.542
293.926
294.049
293.553
293.115
293.236
292.903
293.017
292.977
292.989
293.003
293.006
293.006
293.006
293.005
293.005
293.005
293.005
293.005
293.004
293.004
293.004
293.004
293.004
293.004
293.003
293.003
293.003
293.003
293.003
293.003
293.003
293.003
293.003
293.003
293.003
293.003
293.004
293.004
293.004
293.004
293.004
293.004
293.005
293.005
293.005
293.005
293.005
293.005
293.005
293.005
293.004
293.004
293.004
293.004
293.004
293.004
293.003
293.003
293.003
293.003
293.003
293.003
293.003
293.003
293.003
293.003
293.003
293.003
293.004
293.004
293.004
293.004
293.004
293.004
293.005
293.005
293.005
293.005
293.005
293.005
293.005
293.005
293.004
293.004
293.004
293.004
293.004
293.004
293.003
293.003
293.003
293.003
293.003
293.003
293.003
293.003
293.003
293.003
293.003
293.003
293.004
293.004
293.004
293.004
293.004
293.004
293.005
293.005
293.005
293.005
293.005
293.005
293.005
293.005
293.004
293.004
293.004
293.004
293.004
293.004
293.003
293.003
293.003
293.003
293.003
293.003
293.003
293.003
293.003
293.003
293.003
293.003
293.004
293.004
293.004
293.004
293.004
293.004
293.005
293.005
293.005
293.005
293.005
293.005
293.005
293.005
293.004
293.004
293.004
293.004
293.004
293.004
293.003
293.003
293.003
293.003
293.003
293.003
293.003
293.003
293.003
293.003
293.003
293.003
293.004
293.004
293.004
293.004
293.004
293.004
293.005
293.005
293.005
293.005
293.005
293.005
293.005
293.005
293.004
293.004
293.004
293.004
293.004
293.004
293.003
293.003
293.003
293.003
293.003
293.003
293.003
293.003
293.003
293.003
293.003
293.003
293.004
293.004
293.004
293.004
293.004
293.004
293.005
293.005
293.005
293.005
293.005
293.005
293.005
293.005
293.004
293.004
293.004
293.004
293.004
293.004
293.003
293.003
293.003
293.003
293.003
293.003
293.003
293.003
293.003
293.003
293.003
293.003
293.004
293.004
293.004
293.004
293.004
293.004
293.005
293.005
293.005
293.005
293.005
293.005
293.005
293.005
293.004
293.004
293.004
293.004
293.004
293.004
293.003
293.003
293.003
293.003
293.003
293.003
293.003
293.003
293.003
293.003
293.003
293.003
293.004
293.004
293.004
293.004
293.004
293.004
293.005
293.005
293.005
293.005
293.005
293.005
293.005
293.005
293.004
293.004
293.004
293.004
293.004
293.004
293.003
293.003
293.003
293.003
293.003
293.003
293.003
293.003
293.003
293.003
293.003
293.003
293.004
293.004
293.004
293.004
293.004
293.004
293.005
293.005
293.005
293.005
293.005
293.005
293.005
293.005
293.004
293.004
293.004
293.004
293.004
293.004
293.003
293.003
293.003
293.003
293.003
293.003
293.003
293.003
293.003
293.003
293.003
293.003
293.004
293.004
293.004
293.004
293.004
293.004
293.005
293.005
293.005
293.005
293.005
293.005
293.005
293.005
293.004
293.004
293.004
293.004
293.004
293.004
293.003
293.003
293.003
293.003
293.003
293.003
293.003
293.003
293.003
293.003
293.003
293.003
293.004
293.004
293.004
293.004
293.004
293.004
293.005
293.005
293.005
293.005
293.006
293.006
293.005
293.005
293.005
293.004
293.004
293.004
293.004
293.004
293.003
293.003
293.003
293.002
293.002
293.002
293.002
2268.01
2269.49
2301.48
2191.61
613.831
337.069
295.881
294.946
295.034
294.978
294.919
295.033
295.229
295.239
295.287
294.896
294.967
294.21
293.972
293.717
293.191
293.194
292.958
293.009
292.966
292.989
292.996
293.004
293.004
293.004
293.003
293.003
293.003
293.003
293.002
293.002
293.002
293.002
293.002
293.001
293.001
293.001
293.001
293.001
293.001
293.001
293
293
293.001
293.001
293.001
293.001
293.001
293.001
293.001
293.002
293.002
293.002
293.002
293.002
293.003
293.003
293.003
293.003
293.003
293.003
293.002
293.002
293.002
293.002
293.002
293.001
293.001
293.001
293.001
293.001
293.001
293.001
293
293
293.001
293.001
293.001
293.001
293.001
293.001
293.001
293.002
293.002
293.002
293.002
293.002
293.003
293.003
293.003
293.003
293.003
293.003
293.002
293.002
293.002
293.002
293.002
293.001
293.001
293.001
293.001
293.001
293.001
293.001
293
293
293.001
293.001
293.001
293.001
293.001
293.001
293.001
293.002
293.002
293.002
293.002
293.002
293.003
293.003
293.003
293.003
293.003
293.003
293.002
293.002
293.002
293.002
293.002
293.001
293.001
293.001
293.001
293.001
293.001
293.001
293
293
293.001
293.001
293.001
293.001
293.001
293.001
293.001
293.002
293.002
293.002
293.002
293.002
293.003
293.003
293.003
293.003
293.003
293.003
293.002
293.002
293.002
293.002
293.002
293.001
293.001
293.001
293.001
293.001
293.001
293.001
293
293
293.001
293.001
293.001
293.001
293.001
293.001
293.001
293.002
293.002
293.002
293.002
293.002
293.003
293.003
293.003
293.003
293.003
293.003
293.002
293.002
293.002
293.002
293.002
293.001
293.001
293.001
293.001
293.001
293.001
293.001
293
293
293.001
293.001
293.001
293.001
293.001
293.001
293.001
293.001
293.002
293.002
293.002
293.002
293.003
293.003
293.003
293.003
293.003
293.003
293.002
293.002
293.002
293.002
293.002
293.001
293.001
293.001
293.001
293.001
293.001
293.001
293
293
293.001
293.001
293.001
293.001
293.001
293.001
293.001
293.002
293.002
293.002
293.002
293.002
293.003
293.003
293.003
293.003
293.003
293.003
293.002
293.002
293.002
293.002
293.002
293.001
293.001
293.001
293.001
293.001
293.001
293.001
293
293
293.001
293.001
293.001
293.001
293.001
293.001
293.001
293.002
293.002
293.002
293.002
293.002
293.003
293.003
293.003
293.003
293.003
293.003
293.002
293.002
293.002
293.002
293.002
293.001
293.001
293.001
293.001
293.001
293.001
293.001
293
293
293.001
293.001
293.001
293.001
293.001
293.001
293.001
293.001
293.002
293.002
293.002
293.002
293.003
293.003
293.003
293.003
293.003
293.003
293.002
293.002
293.002
293.002
293.002
293.001
293.001
293.001
293.001
293.001
293.001
293.001
293
293
293.001
293.001
293.001
293.001
293.001
293.001
293.001
293.002
293.002
293.002
293.002
293.002
293.003
293.003
293.003
293.003
293.003
293.003
293.002
293.002
293.002
293.002
293.002
293.001
293.001
293.001
293.001
293.001
293.001
293.001
293
293
293.001
293.001
293.001
293.001
293.001
293.001
293.001
293.001
293.002
293.002
293.002
293.002
293.003
293.003
293.003
293.003
293.003
293.003
293.003
293.002
293.002
293.002
293.001
293.001
293.001
293.001
293.001
293
293
293
292.999
292.999
2275.4
2295.65
2066.85
529.721
311.2
295.685
294.675
294.925
294.655
294.6
294.739
294.925
295.116
295.272
295.387
295.167
295.137
294.544
294.199
293.751
293.163
293.281
292.899
293.067
292.95
292.993
292.996
293.004
293.005
293.005
293.004
293.004
293.004
293.004
293.003
293.003
293.003
293.003
293.002
293.002
293.002
293.002
293.002
293.002
293.002
293.002
293.001
293.001
293.002
293.002
293.002
293.002
293.002
293.002
293.002
293.002
293.002
293.003
293.003
293.003
293.004
293.004
293.004
293.004
293.004
293.004
293.003
293.003
293.003
293.002
293.002
293.002
293.002
293.002
293.002
293.002
293.002
293.002
293.001
293.001
293.002
293.002
293.002
293.002
293.002
293.002
293.002
293.002
293.002
293.003
293.003
293.003
293.004
293.004
293.004
293.004
293.004
293.004
293.003
293.003
293.003
293.002
293.002
293.002
293.002
293.002
293.002
293.002
293.002
293.002
293.001
293.001
293.002
293.002
293.002
293.002
293.002
293.002
293.002
293.002
293.002
293.003
293.003
293.003
293.004
293.004
293.004
293.004
293.004
293.004
293.003
293.003
293.003
293.002
293.002
293.002
293.002
293.002
293.002
293.002
293.002
293.002
293.001
293.001
293.002
293.002
293.002
293.002
293.002
293.002
293.002
293.002
293.002
293.003
293.003
293.003
293.004
293.004
293.004
293.004
293.004
293.004
293.003
293.003
293.003
293.002
293.002
293.002
293.002
293.002
293.002
293.002
293.002
293.002
293.001
293.001
293.002
293.002
293.002
293.002
293.002
293.002
293.002
293.002
293.002
293.003
293.003
293.003
293.004
293.004
293.004
293.004
293.004
293.004
293.003
293.003
293.003
293.002
293.002
293.002
293.002
293.002
293.002
293.002
293.002
293.002
293.001
293.001
293.002
293.002
293.002
293.002
293.002
293.002
293.002
293.002
293.002
293.003
293.003
293.003
293.004
293.004
293.004
293.004
293.004
293.004
293.003
293.003
293.003
293.002
293.002
293.002
293.002
293.002
293.002
293.002
293.002
293.002
293.001
293.001
293.002
293.002
293.002
293.002
293.002
293.002
293.002
293.002
293.002
293.003
293.003
293.003
293.004
293.004
293.004
293.004
293.004
293.004
293.003
293.003
293.003
293.002
293.002
293.002
293.002
293.002
293.002
293.002
293.002
293.002
293.001
293.001
293.002
293.002
293.002
293.002
293.002
293.002
293.002
293.002
293.002
293.003
293.003
293.003
293.004
293.004
293.004
293.004
293.004
293.004
293.003
293.003
293.003
293.002
293.002
293.002
293.002
293.002
293.002
293.002
293.002
293.002
293.001
293.001
293.002
293.002
293.002
293.002
293.002
293.002
293.002
293.002
293.002
293.003
293.003
293.003
293.004
293.004
293.004
293.004
293.004
293.004
293.003
293.003
293.003
293.002
293.002
293.002
293.002
293.002
293.002
293.002
293.002
293.002
293.001
293.001
293.002
293.002
293.002
293.002
293.002
293.002
293.002
293.002
293.002
293.003
293.003
293.003
293.004
293.004
293.004
293.004
293.004
293.004
293.003
293.003
293.003
293.002
293.002
293.002
293.002
293.002
293.002
293.002
293.002
293.002
293.001
293.001
293.002
293.002
293.002
293.002
293.002
293.002
293.002
293.002
293.002
293.003
293.003
293.003
293.004
293.004
293.004
293.005
293.004
293.004
293.004
293.003
293.003
293.002
293.002
293.002
293.002
293.002
293.001
293.001
293.001
293.001
293
293
2175.66
2106.25
533.144
308.705
294.87
294.774
294.831
294.499
294.469
294.552
294.665
294.8
295.006
295.14
295.36
295.215
295.298
294.705
294.42
293.975
293.075
293.357
292.9
293.031
292.974
292.989
292.993
293
293.002
293.002
293.002
293.001
293.001
293
293
293
292.999
292.999
292.999
292.999
292.999
292.999
292.999
292.999
292.999
292.999
292.999
292.999
292.999
292.999
292.999
292.999
292.999
292.999
292.999
292.999
292.999
292.999
293
293
293.001
293.001
293.001
293.001
293.001
293.001
293
293
292.999
292.999
292.999
292.999
292.999
292.999
292.999
292.999
292.999
292.999
292.999
292.999
292.999
292.999
292.999
292.999
292.999
292.999
292.999
292.999
292.999
292.999
293
293
293.001
293.001
293.001
293.001
293.001
293.001
293
293
292.999
292.999
292.999
292.999
292.999
292.999
292.999
292.999
292.999
292.999
292.999
292.999
292.999
292.999
292.999
292.999
292.999
292.999
292.999
292.999
292.999
292.999
293
293
293.001
293.001
293.001
293.001
293.001
293.001
293
293
292.999
292.999
292.999
292.999
292.999
292.999
292.999
292.999
292.999
292.999
292.999
292.999
292.999
292.999
292.999
292.999
292.999
292.999
292.999
292.999
292.999
292.999
293
293
293.001
293.001
293.001
293.001
293.001
293.001
293
293
292.999
292.999
292.999
292.999
292.999
292.999
292.999
292.999
292.999
292.999
292.999
292.999
292.999
292.999
292.999
292.999
292.999
292.999
292.999
292.999
292.999
292.999
293
293
293.001
293.001
293.001
293.001
293.001
293.001
293
293
292.999
292.999
292.999
292.999
292.999
292.999
292.999
292.999
292.999
292.999
292.999
292.999
292.999
292.999
292.999
292.999
292.999
292.999
292.999
292.999
292.999
292.999
293
293
293.001
293.001
293.001
293.001
293.001
293.001
293
293
292.999
292.999
292.999
292.999
292.999
292.999
292.999
292.999
292.999
292.999
292.999
292.999
292.999
292.999
292.999
292.999
292.999
292.999
292.999
292.999
292.999
292.999
293
293
293.001
293.001
293.001
293.001
293.001
293.001
293
293
292.999
292.999
292.999
292.999
292.999
292.999
292.999
292.999
292.999
292.999
292.999
292.999
292.999
292.999
292.999
292.999
292.999
292.999
292.999
292.999
292.999
292.999
293
293
293.001
293.001
293.001
293.001
293.001
293.001
293
293
292.999
292.999
292.999
292.999
292.999
292.999
292.999
292.999
292.999
292.999
292.999
292.999
292.999
292.999
292.999
292.999
292.999
292.999
292.999
292.999
292.999
292.999
293
293
293.001
293.001
293.001
293.001
293.001
293.001
293
293
292.999
292.999
292.999
292.999
292.999
292.999
292.999
292.999
292.999
292.999
292.999
292.999
292.999
292.999
292.999
292.999
292.999
292.999
292.999
292.999
292.999
292.999
293
293
293.001
293.001
293.001
293.001
293.001
293.001
293
293
292.999
292.999
292.999
292.999
292.999
292.999
292.999
292.999
292.999
292.999
292.999
292.999
292.999
292.999
292.999
292.999
292.999
292.999
292.999
292.999
292.999
292.999
293
293
293.001
293.001
293.002
293.002
293.001
293.001
293
293
292.999
292.999
292.999
292.999
292.999
292.999
292.999
292.999
292.998
292.998
292.998
292.998
429.113
410.574
312.863
295.396
294.718
294.98
294.327
294.54
294.444
294.518
294.52
294.729
294.879
295.03
295.222
295.248
295.241
294.955
294.454
294.238
293.022
293.395
292.87
293.062
292.946
292.998
292.992
292.999
293.001
293.001
293.001
293
293
292.999
292.999
292.999
292.998
292.998
292.998
292.998
292.998
292.998
292.998
292.998
292.998
292.998
292.998
292.998
292.998
292.998
292.998
292.998
292.998
292.998
292.998
292.998
292.998
292.998
292.998
292.999
293
293
293
293
293
293
292.999
292.998
292.998
292.998
292.998
292.998
292.998
292.998
292.998
292.998
292.998
292.998
292.998
292.998
292.998
292.998
292.998
292.998
292.998
292.998
292.998
292.998
292.998
292.998
292.998
292.999
293
293
293
293
293
293
292.999
292.998
292.998
292.998
292.998
292.998
292.998
292.998
292.998
292.998
292.998
292.998
292.998
292.998
292.998
292.998
292.998
292.998
292.998
292.998
292.998
292.998
292.998
292.998
292.998
292.999
293
293
293
293
293
293
292.999
292.998
292.998
292.998
292.998
292.998
292.998
292.998
292.998
292.998
292.998
292.998
292.998
292.998
292.998
292.998
292.998
292.998
292.998
292.998
292.998
292.998
292.998
292.998
292.998
292.999
293
293
293
293
293
293
292.999
292.998
292.998
292.998
292.998
292.998
292.998
292.998
292.998
292.998
292.998
292.998
292.998
292.998
292.998
292.998
292.998
292.998
292.998
292.998
292.998
292.998
292.998
292.998
292.998
292.999
293
293
293
293
293
293
292.999
292.998
292.998
292.998
292.998
292.998
292.998
292.998
292.998
292.998
292.998
292.998
292.998
292.998
292.998
292.998
292.998
292.998
292.998
292.998
292.998
292.998
292.998
292.998
292.998
292.999
293
293
293
293
293
293
292.999
292.998
292.998
292.998
292.998
292.998
292.998
292.998
292.998
292.998
292.998
292.998
292.998
292.998
292.998
292.998
292.998
292.998
292.998
292.998
292.998
292.998
292.998
292.998
292.998
292.999
293
293
293
293
293
293
292.999
292.998
292.998
292.998
292.998
292.998
292.998
292.998
292.998
292.998
292.998
292.998
292.998
292.998
292.998
292.998
292.998
292.998
292.998
292.998
292.998
292.998
292.998
292.998
292.998
292.999
293
293
293
293
293
293
292.999
292.998
292.998
292.998
292.998
292.998
292.998
292.998
292.998
292.998
292.998
292.998
292.998
292.998
292.998
292.998
292.998
292.998
292.998
292.998
292.998
292.998
292.998
292.998
292.998
292.999
293
293
293
293
293
293
292.999
292.998
292.998
292.998
292.998
292.998
292.998
292.998
292.998
292.998
292.998
292.998
292.998
292.998
292.998
292.998
292.998
292.998
292.998
292.998
292.998
292.998
292.998
292.998
292.998
292.999
293
293
293
293
293
293
292.999
292.998
292.998
292.998
292.998
292.998
292.998
292.998
292.998
292.998
292.998
292.998
292.998
292.998
292.998
292.998
292.998
292.998
292.998
292.998
292.998
292.998
292.998
292.998
292.999
292.999
293
293
293.001
293.001
293
293
292.999
292.999
292.998
292.998
292.998
292.998
292.998
292.998
292.998
292.998
292.998
292.998
292.998
292.998
298.238
297.72
295.299
294.845
294.832
294.399
294.45
294.241
294.311
294.354
294.495
294.585
294.83
294.941
295.155
295.208
295.227
295.027
294.557
294.207
292.993
293.509
292.793
293.113
292.941
292.987
292.991
292.998
293
293
293
292.999
292.999
292.998
292.998
292.997
292.997
292.997
292.997
292.997
292.998
292.998
292.998
292.998
292.998
292.998
292.997
292.997
292.998
292.998
292.998
292.998
292.998
292.998
292.997
292.997
292.997
292.997
292.997
292.998
292.998
292.999
292.999
292.999
292.999
292.998
292.998
292.997
292.997
292.997
292.997
292.997
292.998
292.998
292.998
292.998
292.998
292.998
292.997
292.997
292.998
292.998
292.998
292.998
292.998
292.998
292.997
292.997
292.997
292.997
292.997
292.998
292.998
292.999
292.999
292.999
292.999
292.998
292.998
292.997
292.997
292.997
292.997
292.997
292.998
292.998
292.998
292.998
292.998
292.998
292.997
292.997
292.998
292.998
292.998
292.998
292.998
292.998
292.997
292.997
292.997
292.997
292.997
292.998
292.998
292.999
292.999
292.999
292.999
292.998
292.998
292.997
292.997
292.997
292.997
292.997
292.998
292.998
292.998
292.998
292.998
292.998
292.997
292.997
292.998
292.998
292.998
292.998
292.998
292.998
292.997
292.997
292.997
292.997
292.997
292.998
292.998
292.999
292.999
292.999
292.999
292.998
292.998
292.997
292.997
292.997
292.997
292.997
292.998
292.998
292.998
292.998
292.998
292.998
292.997
292.997
292.998
292.998
292.998
292.998
292.998
292.998
292.997
292.997
292.997
292.997
292.997
292.998
292.998
292.999
292.999
292.999
292.999
292.998
292.998
292.997
292.997
292.997
292.997
292.997
292.998
292.998
292.998
292.998
292.998
292.998
292.997
292.997
292.998
292.998
292.998
292.998
292.998
292.998
292.997
292.997
292.997
292.997
292.997
292.998
292.998
292.999
292.999
292.999
292.999
292.998
292.998
292.997
292.997
292.997
292.997
292.997
292.998
292.998
292.998
292.998
292.998
292.998
292.997
292.997
292.998
292.998
292.998
292.998
292.998
292.998
292.997
292.997
292.997
292.997
292.997
292.998
292.998
292.999
292.999
292.999
292.999
292.998
292.998
292.997
292.997
292.997
292.997
292.997
292.998
292.998
292.998
292.998
292.998
292.998
292.997
292.997
292.998
292.998
292.998
292.998
292.998
292.998
292.997
292.997
292.997
292.997
292.997
292.998
292.998
292.999
292.999
292.999
292.999
292.998
292.998
292.997
292.997
292.997
292.997
292.997
292.998
292.998
292.998
292.998
292.998
292.998
292.997
292.997
292.998
292.998
292.998
292.998
292.998
292.998
292.997
292.997
292.997
292.997
292.997
292.998
292.998
292.999
292.999
292.999
292.999
292.998
292.998
292.997
292.997
292.997
292.997
292.997
292.998
292.998
292.998
292.998
292.998
292.998
292.997
292.997
292.998
292.998
292.998
292.998
292.998
292.998
292.997
292.997
292.997
292.997
292.997
292.998
292.998
292.999
292.999
292.999
292.999
292.998
292.998
292.997
292.997
292.997
292.997
292.997
292.998
292.998
292.998
292.998
292.998
292.998
292.997
292.997
292.998
292.998
292.998
292.998
292.998
292.998
292.997
292.997
292.997
292.997
292.997
292.998
292.999
292.999
293
293
292.999
292.999
292.998
292.997
292.997
292.997
292.997
292.997
292.997
292.997
292.997
292.998
292.998
292.998
292.997
292.997
295.042
295.114
294.665
294.532
294.309
294.466
294.255
294.276
294.364
294.241
294.509
294.5
294.73
294.949
295.09
295.228
295.194
295.057
294.867
293.579
293.572
293.268
292.857
293.083
292.928
293.001
292.99
292.997
292.999
292.999
292.998
292.998
292.998
292.997
292.996
292.996
292.996
292.996
292.996
292.996
292.997
292.997
292.997
292.997
292.997
292.997
292.997
292.997
292.997
292.997
292.997
292.997
292.997
292.997
292.996
292.996
292.996
292.996
292.996
292.997
292.997
292.998
292.998
292.998
292.998
292.997
292.997
292.996
292.996
292.996
292.996
292.996
292.997
292.997
292.997
292.997
292.997
292.997
292.997
292.997
292.997
292.997
292.997
292.997
292.997
292.997
292.996
292.996
292.996
292.996
292.996
292.997
292.997
292.998
292.998
292.998
292.998
292.997
292.997
292.996
292.996
292.996
292.996
292.996
292.997
292.997
292.997
292.997
292.997
292.997
292.997
292.997
292.997
292.997
292.997
292.997
292.997
292.997
292.996
292.996
292.996
292.996
292.996
292.997
292.997
292.998
292.998
292.998
292.998
292.997
292.997
292.996
292.996
292.996
292.996
292.996
292.997
292.997
292.997
292.997
292.997
292.997
292.997
292.997
292.997
292.997
292.997
292.997
292.997
292.997
292.996
292.996
292.996
292.996
292.996
292.997
292.997
292.998
292.998
292.998
292.998
292.997
292.997
292.996
292.996
292.996
292.996
292.996
292.997
292.997
292.997
292.997
292.997
292.997
292.997
292.997
292.997
292.997
292.997
292.997
292.997
292.997
292.996
292.996
292.996
292.996
292.996
292.997
292.997
292.998
292.998
292.998
292.998
292.997
292.997
292.996
292.996
292.996
292.996
292.996
292.997
292.997
292.997
292.997
292.997
292.997
292.997
292.997
292.997
292.997
292.997
292.997
292.997
292.997
292.996
292.996
292.996
292.996
292.996
292.997
292.997
292.998
292.998
292.998
292.998
292.997
292.997
292.996
292.996
292.996
292.996
292.996
292.997
292.997
292.997
292.997
292.997
292.997
292.997
292.997
292.997
292.997
292.997
292.997
292.997
292.997
292.996
292.996
292.996
292.996
292.996
292.997
292.997
292.998
292.998
292.998
292.998
292.997
292.997
292.996
292.996
292.996
292.996
292.996
292.997
292.997
292.997
292.997
292.997
292.997
292.997
292.997
292.997
292.997
292.997
292.997
292.997
292.997
292.996
292.996
292.996
292.996
292.996
292.997
292.997
292.998
292.998
292.998
292.998
292.997
292.997
292.996
292.996
292.996
292.996
292.996
292.997
292.997
292.997
292.997
292.997
292.997
292.997
292.997
292.997
292.997
292.997
292.997
292.997
292.997
292.996
292.996
292.996
292.996
292.996
292.997
292.997
292.998
292.998
292.998
292.998
292.997
292.997
292.996
292.996
292.996
292.996
292.996
292.997
292.997
292.997
292.997
292.997
292.997
292.997
292.997
292.997
292.997
292.997
292.997
292.997
292.997
292.996
292.996
292.996
292.996
292.996
292.997
292.997
292.998
292.998
292.998
292.998
292.997
292.997
292.996
292.996
292.996
292.996
292.996
292.997
292.997
292.997
292.997
292.997
292.997
292.997
292.997
292.997
292.997
292.997
292.997
292.997
292.997
292.996
292.996
292.996
292.996
292.996
292.997
292.997
292.998
292.998
292.999
292.998
292.998
292.997
292.996
292.996
292.996
292.996
292.996
292.996
292.996
292.997
292.997
292.997
292.997
292.997
292.997
295.89
295.782
295.728
295.578
295.458
295.235
294.839
294.386
294.048
293.723
294.509
295.857
297.936
299.618
292.992
292.99
292.993
292.997
293
293
292.999
292.998
292.997
292.997
292.997
292.996
292.996
292.996
292.996
292.996
292.996
292.996
292.997
292.997
292.997
292.996
292.996
292.996
292.996
292.997
292.997
292.997
292.996
292.996
292.996
292.996
292.997
292.997
292.997
292.996
292.996
292.996
292.996
292.997
292.997
292.997
292.996
292.996
292.996
292.996
292.996
292.996
292.997
292.997
292.997
292.996
292.996
292.996
292.996
292.997
292.997
292.997
292.996
292.996
292.996
292.996
292.997
292.997
292.997
292.996
292.996
292.996
292.996
292.997
292.997
292.997
292.996
292.996
292.996
292.996
292.996
292.996
292.997
292.997
292.997
292.996
292.996
292.996
292.996
292.997
292.997
292.997
292.996
292.996
292.996
292.996
292.997
292.997
292.997
292.996
292.996
292.996
292.996
292.997
292.997
292.997
292.996
292.996
292.996
292.996
292.996
292.996
292.997
292.997
292.997
292.996
292.996
292.996
292.996
292.997
292.997
292.997
292.996
292.996
292.996
292.996
292.997
292.997
292.997
292.996
292.996
292.996
292.996
292.997
292.997
292.997
292.996
292.996
292.996
292.996
292.996
292.996
292.997
292.997
292.997
292.996
292.996
292.996
292.996
292.997
292.997
292.997
292.996
292.996
292.996
292.996
292.997
292.997
292.997
292.996
292.996
292.996
292.996
292.997
292.997
292.997
292.996
292.996
292.996
292.996
292.996
292.996
292.997
292.997
292.997
292.996
292.996
292.996
292.996
292.997
292.997
292.997
292.996
292.996
292.996
292.996
292.997
292.997
292.997
292.996
292.996
292.996
292.996
292.997
292.997
292.997
292.996
292.996
292.996
292.996
292.996
292.996
292.997
292.997
292.997
292.996
292.996
292.996
292.996
292.997
292.997
292.997
292.996
292.996
292.996
292.996
292.997
292.997
292.997
292.996
292.996
292.996
292.996
292.997
292.997
292.997
292.996
292.996
292.996
292.996
292.996
292.996
292.997
292.997
292.997
292.996
292.996
292.996
292.996
292.997
292.997
292.997
292.996
292.996
292.996
292.996
292.997
292.997
292.997
292.996
292.996
292.996
292.996
292.997
292.997
292.997
292.996
292.996
292.996
292.996
292.996
292.996
292.997
292.997
292.997
292.996
292.996
292.996
292.996
292.997
292.997
292.997
292.996
292.996
292.996
292.996
292.997
292.997
292.997
292.996
292.996
292.996
292.996
292.997
292.997
292.997
292.996
292.996
292.996
292.996
292.996
292.996
292.997
292.997
292.997
292.996
292.996
292.996
292.996
292.997
292.997
292.997
292.996
292.996
292.996
292.996
292.997
292.997
292.997
292.996
292.996
292.996
292.996
292.997
292.997
292.997
292.996
292.996
292.996
292.996
292.996
292.996
292.997
292.997
292.997
292.996
292.996
292.996
292.996
292.997
292.997
292.997
292.996
292.996
292.996
292.996
292.997
292.997
292.997
292.996
292.996
292.996
292.996
292.997
292.997
292.997
292.996
292.996
292.996
292.996
292.996
292.996
292.997
292.997
292.997
292.997
292.997
292.997
292.997
292.997
292.997
292.997
292.997
292.997
298.283
296.835
295.55
295.562
295.544
295.478
295.19
294.77
294.262
294.241
294.763
295.923
297.605
299.098
292.963
292.981
292.98
292.984
292.989
292.993
292.992
292.991
292.989
292.988
292.988
292.988
292.987
292.987
292.987
292.987
292.987
292.988
292.988
292.988
292.988
292.988
292.988
292.989
292.99
292.991
292.991
292.991
292.991
292.991
292.991
292.991
292.991
292.991
292.991
292.99
292.989
292.988
292.988
292.988
292.988
292.988
292.988
292.987
292.987
292.987
292.987
292.988
292.988
292.988
292.988
292.988
292.988
292.989
292.99
292.991
292.991
292.991
292.991
292.991
292.991
292.991
292.991
292.991
292.991
292.99
292.989
292.988
292.988
292.988
292.988
292.988
292.988
292.987
292.987
292.987
292.987
292.988
292.988
292.988
292.988
292.988
292.988
292.989
292.99
292.991
292.991
292.991
292.991
292.991
292.991
292.991
292.991
292.991
292.991
292.99
292.989
292.988
292.988
292.988
292.988
292.988
292.988
292.987
292.987
292.987
292.987
292.988
292.988
292.988
292.988
292.988
292.988
292.989
292.99
292.991
292.991
292.991
292.991
292.991
292.991
292.991
292.991
292.991
292.991
292.99
292.989
292.988
292.988
292.988
292.988
292.988
292.988
292.987
292.987
292.987
292.987
292.988
292.988
292.988
292.988
292.988
292.988
292.989
292.99
292.991
292.991
292.991
292.991
292.991
292.991
292.991
292.991
292.991
292.991
292.99
292.989
292.988
292.988
292.988
292.988
292.988
292.988
292.987
292.987
292.987
292.987
292.988
292.988
292.988
292.988
292.988
292.988
292.989
292.99
292.991
292.991
292.991
292.991
292.991
292.991
292.991
292.991
292.991
292.991
292.99
292.989
292.988
292.988
292.988
292.988
292.988
292.988
292.987
292.987
292.987
292.987
292.988
292.988
292.988
292.988
292.988
292.988
292.989
292.99
292.991
292.991
292.991
292.991
292.991
292.991
292.991
292.991
292.991
292.991
292.99
292.989
292.988
292.988
292.988
292.988
292.988
292.988
292.987
292.987
292.987
292.987
292.988
292.988
292.988
292.988
292.988
292.988
292.989
292.99
292.991
292.991
292.991
292.991
292.991
292.991
292.991
292.991
292.991
292.991
292.99
292.989
292.988
292.988
292.988
292.988
292.988
292.988
292.987
292.987
292.987
292.987
292.988
292.988
292.988
292.988
292.988
292.988
292.989
292.99
292.991
292.991
292.991
292.991
292.991
292.991
292.991
292.991
292.991
292.991
292.99
292.989
292.988
292.988
292.988
292.988
292.988
292.988
292.987
292.987
292.987
292.987
292.988
292.988
292.988
292.988
292.988
292.988
292.989
292.99
292.991
292.991
292.991
292.991
292.991
292.991
292.991
292.991
292.991
292.991
292.99
292.989
292.988
292.988
292.988
292.988
292.988
292.988
292.987
292.987
292.987
292.987
292.988
292.988
292.988
292.988
292.988
292.988
292.989
292.99
292.991
292.991
292.991
292.991
292.991
292.991
292.991
292.991
292.991
292.991
292.99
292.989
292.988
292.988
292.988
292.988
292.988
292.988
292.987
292.987
292.987
292.987
292.988
292.988
292.988
292.988
292.988
292.989
292.989
292.99
292.991
292.991
292.991
292.991
292.991
334.631
325.608
296.431
295.386
295.441
295.624
295.477
295.315
294.998
294.692
295.129
295.993
296.969
297.962
293.021
292.984
293
292.985
292.991
292.998
293.006
293.01
293.01
293.01
293.01
293.01
293.01
293.01
293.01
293.01
293.01
293.01
293.01
293.01
293.01
293.01
293.009
293.008
293.007
293.006
293.006
293.006
293.005
293.005
293.005
293.005
293.006
293.006
293.006
293.007
293.008
293.009
293.01
293.01
293.01
293.01
293.01
293.01
293.01
293.01
293.01
293.01
293.01
293.01
293.01
293.01
293.009
293.008
293.007
293.006
293.006
293.006
293.005
293.005
293.005
293.005
293.006
293.006
293.006
293.007
293.008
293.009
293.01
293.01
293.01
293.01
293.01
293.01
293.01
293.01
293.01
293.01
293.01
293.01
293.01
293.01
293.009
293.008
293.007
293.006
293.006
293.006
293.005
293.005
293.005
293.005
293.006
293.006
293.006
293.007
293.008
293.009
293.01
293.01
293.01
293.01
293.01
293.01
293.01
293.01
293.01
293.01
293.01
293.01
293.01
293.01
293.009
293.008
293.007
293.006
293.006
293.006
293.005
293.005
293.005
293.005
293.006
293.006
293.006
293.007
293.008
293.009
293.01
293.01
293.01
293.01
293.01
293.01
293.01
293.01
293.01
293.01
293.01
293.01
293.01
293.01
293.009
293.008
293.007
293.006
293.006
293.006
293.005
293.005
293.005
293.005
293.006
293.006
293.006
293.007
293.008
293.009
293.01
293.01
293.01
293.01
293.01
293.01
293.01
293.01
293.01
293.01
293.01
293.01
293.01
293.01
293.009
293.008
293.007
293.006
293.006
293.006
293.005
293.005
293.005
293.005
293.006
293.006
293.006
293.007
293.008
293.009
293.01
293.01
293.01
293.01
293.01
293.01
293.01
293.01
293.01
293.01
293.01
293.01
293.01
293.01
293.009
293.008
293.007
293.006
293.006
293.006
293.005
293.005
293.005
293.005
293.006
293.006
293.006
293.007
293.008
293.009
293.01
293.01
293.01
293.01
293.01
293.01
293.01
293.01
293.01
293.01
293.01
293.01
293.01
293.01
293.009
293.008
293.007
293.006
293.006
293.006
293.005
293.005
293.005
293.005
293.006
293.006
293.006
293.007
293.008
293.009
293.01
293.01
293.01
293.01
293.01
293.01
293.01
293.01
293.01
293.01
293.01
293.01
293.01
293.01
293.009
293.008
293.007
293.006
293.006
293.006
293.005
293.005
293.005
293.005
293.006
293.006
293.006
293.007
293.008
293.009
293.01
293.01
293.01
293.01
293.01
293.01
293.01
293.01
293.01
293.01
293.01
293.01
293.01
293.01
293.009
293.008
293.007
293.006
293.006
293.006
293.005
293.005
293.005
293.005
293.006
293.006
293.006
293.007
293.008
293.009
293.01
293.01
293.01
293.01
293.01
293.01
293.01
293.01
293.01
293.01
293.01
293.01
293.01
293.01
293.009
293.008
293.007
293.006
293.006
293.006
293.005
293.005
293.005
293.005
293.006
293.006
293.006
293.007
293.008
293.009
293.01
293.01
293.01
293.01
293.01
293.01
293.01
293.01
293.01
293.01
293.01
293.01
293.01
293.01
293.009
293.008
293.007
293.006
293.006
293.006
293.006
293.005
1990.5
1890.38
366.909
296.39
295.092
295.686
295.969
296.126
295.997
295.932
295.707
295.896
296.049
296.172
292.964
293.011
292.955
292.995
292.977
292.982
292.989
292.996
292.999
292.999
292.999
292.998
292.998
292.998
292.998
292.998
292.998
292.998
292.998
292.998
292.998
292.998
292.998
292.998
292.998
292.998
292.999
292.999
292.999
292.999
292.999
292.999
292.999
292.999
292.998
292.998
292.998
292.998
292.998
292.998
292.998
292.998
292.998
292.998
292.998
292.998
292.998
292.998
292.998
292.998
292.998
292.998
292.998
292.998
292.998
292.998
292.999
292.999
292.999
292.999
292.999
292.999
292.999
292.999
292.998
292.998
292.998
292.998
292.998
292.998
292.998
292.998
292.998
292.998
292.998
292.998
292.998
292.998
292.998
292.998
292.998
292.998
292.998
292.998
292.998
292.998
292.999
292.999
292.999
292.999
292.999
292.999
292.999
292.999
292.998
292.998
292.998
292.998
292.998
292.998
292.998
292.998
292.998
292.998
292.998
292.998
292.998
292.998
292.998
292.998
292.998
292.998
292.998
292.998
292.998
292.998
292.999
292.999
292.999
292.999
292.999
292.999
292.999
292.999
292.998
292.998
292.998
292.998
292.998
292.998
292.998
292.998
292.998
292.998
292.998
292.998
292.998
292.998
292.998
292.998
292.998
292.998
292.998
292.998
292.998
292.998
292.999
292.999
292.999
292.999
292.999
292.999
292.999
292.999
292.998
292.998
292.998
292.998
292.998
292.998
292.998
292.998
292.998
292.998
292.998
292.998
292.998
292.998
292.998
292.998
292.998
292.998
292.998
292.998
292.998
292.998
292.999
292.999
292.999
292.999
292.999
292.999
292.999
292.999
292.998
292.998
292.998
292.998
292.998
292.998
292.998
292.998
292.998
292.998
292.998
292.998
292.998
292.998
292.998
292.998
292.998
292.998
292.998
292.998
292.998
292.998
292.999
292.999
292.999
292.999
292.999
292.999
292.999
292.999
292.998
292.998
292.998
292.998
292.998
292.998
292.998
292.998
292.998
292.998
292.998
292.998
292.998
292.998
292.998
292.998
292.998
292.998
292.998
292.998
292.998
292.998
292.999
292.999
292.999
292.999
292.999
292.999
292.999
292.999
292.998
292.998
292.998
292.998
292.998
292.998
292.998
292.998
292.998
292.998
292.998
292.998
292.998
292.998
292.998
292.998
292.998
292.998
292.998
292.998
292.998
292.998
292.999
292.999
292.999
292.999
292.999
292.999
292.999
292.999
292.998
292.998
292.998
292.998
292.998
292.998
292.998
292.998
292.998
292.998
292.998
292.998
292.998
292.998
292.998
292.998
292.998
292.998
292.998
292.998
292.998
292.998
292.999
292.999
292.999
292.999
292.999
292.999
292.999
292.999
292.998
292.998
292.998
292.998
292.998
292.998
292.998
292.998
292.998
292.998
292.998
292.998
292.998
292.998
292.998
292.998
292.998
292.998
292.998
292.998
292.998
292.998
292.999
292.999
292.999
292.999
292.999
292.999
292.999
292.999
292.998
292.998
292.998
292.998
292.998
292.998
292.998
292.998
292.998
292.998
292.998
292.998
292.998
292.998
292.999
292.999
292.999
292.999
292.999
292.999
292.998
292.999
292.999
292.999
292.999
292.999
2257.15
2261.79
2128.97
383.072
299.339
295.641
296.246
296.814
296.949
296.802
296.429
295.62
294.952
294.602
293.013
293.07
293.085
292.967
292.996
292.975
292.984
292.993
292.999
293
293
292.999
292.999
292.999
292.999
292.999
292.999
292.999
292.999
292.999
292.999
292.999
292.999
292.999
292.999
292.999
292.999
293
293
293
293
293
293
292.999
292.999
292.999
292.999
292.999
292.999
292.999
292.999
292.999
292.999
292.999
292.999
292.999
292.999
292.999
292.999
292.999
292.999
292.999
292.999
292.999
292.999
292.999
292.999
293
293
293
293
293
293
292.999
292.999
292.999
292.999
292.999
292.999
292.999
292.999
292.999
292.999
292.999
292.999
292.999
292.999
292.999
292.999
292.999
292.999
292.999
292.999
292.999
292.999
292.999
292.999
293
293
293
293
293
293
292.999
292.999
292.999
292.999
292.999
292.999
292.999
292.999
292.999
292.999
292.999
292.999
292.999
292.999
292.999
292.999
292.999
292.999
292.999
292.999
292.999
292.999
292.999
292.999
293
293
293
293
293
293
292.999
292.999
292.999
292.999
292.999
292.999
292.999
292.999
292.999
292.999
292.999
292.999
292.999
292.999
292.999
292.999
292.999
292.999
292.999
292.999
292.999
292.999
292.999
292.999
293
293
293
293
293
293
292.999
292.999
292.999
292.999
292.999
292.999
292.999
292.999
292.999
292.999
292.999
292.999
292.999
292.999
292.999
292.999
292.999
292.999
292.999
292.999
292.999
292.999
292.999
292.999
293
293
293
293
293
293
292.999
292.999
292.999
292.999
292.999
292.999
292.999
292.999
292.999
292.999
292.999
292.999
292.999
292.999
292.999
292.999
292.999
292.999
292.999
292.999
292.999
292.999
292.999
292.999
293
293
293
293
293
293
292.999
292.999
292.999
292.999
292.999
292.999
292.999
292.999
292.999
292.999
292.999
292.999
292.999
292.999
292.999
292.999
292.999
292.999
292.999
292.999
292.999
292.999
292.999
292.999
293
293
293
293
293
293
292.999
292.999
292.999
292.999
292.999
292.999
292.999
292.999
292.999
292.999
292.999
292.999
292.999
292.999
292.999
292.999
292.999
292.999
292.999
292.999
292.999
292.999
292.999
292.999
293
293
293
293
293
293
292.999
292.999
292.999
292.999
292.999
292.999
292.999
292.999
292.999
292.999
292.999
292.999
292.999
292.999
292.999
292.999
292.999
292.999
292.999
292.999
292.999
292.999
292.999
292.999
293
293
293
293
293
293
292.999
292.999
292.999
292.999
292.999
292.999
292.999
292.999
292.999
292.999
292.999
292.999
292.999
292.999
292.999
292.999
292.999
292.999
292.999
292.999
292.999
292.999
292.999
292.999
293
293
293
293
293
293
292.999
292.999
292.999
292.999
292.999
292.999
292.999
292.999
292.999
292.999
292.999
292.999
292.999
292.999
292.999
292.999
292.999
292.999
292.999
292.999
292.999
292.999
293
293
293
293
293
2269.84
2269.83
2263.9
2187.93
452.851
309.397
296.284
297.188
297.343
297.314
296.559
295.286
294.031
293.685
293.476
293.08
292.999
293.083
292.965
292.994
292.976
292.987
292.997
293.002
293.002
293.002
293.001
293.001
293.002
293.002
293.001
293.001
293.001
293.001
293.001
293.001
293.001
293.002
293.002
293.002
293.002
293.002
293.002
293.002
293.002
293.002
293.002
293.002
293.002
293.002
293.002
293.001
293.001
293.001
293.001
293.001
293.001
293.001
293.002
293.002
293.001
293.001
293.001
293.001
293.001
293.001
293.001
293.002
293.002
293.002
293.002
293.002
293.002
293.002
293.002
293.002
293.002
293.002
293.002
293.002
293.002
293.001
293.001
293.001
293.001
293.001
293.001
293.001
293.002
293.002
293.001
293.001
293.001
293.001
293.001
293.001
293.001
293.002
293.002
293.002
293.002
293.002
293.002
293.002
293.002
293.002
293.002
293.002
293.002
293.002
293.002
293.001
293.001
293.001
293.001
293.001
293.001
293.001
293.002
293.002
293.001
293.001
293.001
293.001
293.001
293.001
293.001
293.002
293.002
293.002
293.002
293.002
293.002
293.002
293.002
293.002
293.002
293.002
293.002
293.002
293.002
293.001
293.001
293.001
293.001
293.001
293.001
293.001
293.002
293.002
293.001
293.001
293.001
293.001
293.001
293.001
293.001
293.002
293.002
293.002
293.002
293.002
293.002
293.002
293.002
293.002
293.002
293.002
293.002
293.002
293.002
293.001
293.001
293.001
293.001
293.001
293.001
293.001
293.002
293.002
293.001
293.001
293.001
293.001
293.001
293.001
293.001
293.002
293.002
293.002
293.002
293.002
293.002
293.002
293.002
293.002
293.002
293.002
293.002
293.002
293.002
293.001
293.001
293.001
293.001
293.001
293.001
293.001
293.002
293.002
293.001
293.001
293.001
293.001
293.001
293.001
293.001
293.002
293.002
293.002
293.002
293.002
293.002
293.002
293.002
293.002
293.002
293.002
293.002
293.002
293.002
293.001
293.001
293.001
293.001
293.001
293.001
293.001
293.002
293.002
293.001
293.001
293.001
293.001
293.001
293.001
293.001
293.002
293.002
293.002
293.002
293.002
293.002
293.002
293.002
293.002
293.002
293.002
293.002
293.002
293.002
293.001
293.001
293.001
293.001
293.001
293.001
293.001
293.002
293.002
293.001
293.001
293.001
293.001
293.001
293.001
293.001
293.002
293.002
293.002
293.002
293.002
293.002
293.002
293.002
293.002
293.002
293.002
293.002
293.002
293.002
293.001
293.001
293.001
293.001
293.001
293.001
293.001
293.002
293.002
293.001
293.001
293.001
293.001
293.001
293.001
293.001
293.002
293.002
293.002
293.002
293.002
293.002
293.002
293.002
293.002
293.002
293.002
293.002
293.002
293.002
293.001
293.001
293.001
293.001
293.001
293.001
293.001
293.002
293.002
293.001
293.001
293.001
293.001
293.001
293.001
293.001
293.002
293.002
293.002
293.002
293.002
293.002
293.002
293.002
293.002
293.002
293.002
293.002
293.002
293.002
293.001
293.001
293.001
293.001
293.001
293.001
293.001
293.002
293.002
293.002
293.001
293.001
293.001
293.001
293.001
293.001
293.001
293.002
293.002
293.002
293.002
293.002
293.002
2270.49
2270.41
2269.98
2264.22
2232.6
425.704
299.055
296.55
297.265
297.208
296.296
295.204
293.702
293.405
293.366
293.564
293.318
293.044
293.08
292.958
292.987
292.979
292.991
293.001
293.002
293.002
293.001
293.001
293.002
293.002
293.001
293.001
293.001
293.001
293.001
293.001
293.001
293.001
293.002
293.002
293.001
293.001
293.001
293.001
293.001
293.001
293.001
293.001
293.002
293.002
293.001
293.001
293.001
293.001
293.001
293.001
293.001
293.001
293.002
293.002
293.001
293.001
293.001
293.001
293.001
293.001
293.001
293.001
293.002
293.002
293.001
293.001
293.001
293.001
293.001
293.001
293.001
293.001
293.002
293.002
293.001
293.001
293.001
293.001
293.001
293.001
293.001
293.001
293.002
293.002
293.001
293.001
293.001
293.001
293.001
293.001
293.001
293.001
293.002
293.002
293.001
293.001
293.001
293.001
293.001
293.001
293.001
293.001
293.002
293.002
293.001
293.001
293.001
293.001
293.001
293.001
293.001
293.001
293.002
293.002
293.001
293.001
293.001
293.001
293.001
293.001
293.001
293.001
293.002
293.002
293.001
293.001
293.001
293.001
293.001
293.001
293.001
293.001
293.002
293.002
293.001
293.001
293.001
293.001
293.001
293.001
293.001
293.001
293.002
293.002
293.001
293.001
293.001
293.001
293.001
293.001
293.001
293.001
293.002
293.002
293.001
293.001
293.001
293.001
293.001
293.001
293.001
293.001
293.002
293.002
293.001
293.001
293.001
293.001
293.001
293.001
293.001
293.001
293.002
293.002
293.001
293.001
293.001
293.001
293.001
293.001
293.001
293.001
293.002
293.002
293.001
293.001
293.001
293.001
293.001
293.001
293.001
293.001
293.002
293.002
293.001
293.001
293.001
293.001
293.001
293.001
293.001
293.001
293.002
293.002
293.001
293.001
293.001
293.001
293.001
293.001
293.001
293.001
293.002
293.002
293.001
293.001
293.001
293.001
293.001
293.001
293.001
293.001
293.002
293.002
293.001
293.001
293.001
293.001
293.001
293.001
293.001
293.001
293.002
293.002
293.001
293.001
293.001
293.001
293.001
293.001
293.001
293.001
293.002
293.002
293.001
293.001
293.001
293.001
293.001
293.001
293.001
293.001
293.002
293.002
293.001
293.001
293.001
293.001
293.001
293.001
293.001
293.001
293.002
293.002
293.001
293.001
293.001
293.001
293.001
293.001
293.001
293.001
293.002
293.002
293.001
293.001
293.001
293.001
293.001
293.001
293.001
293.001
293.002
293.002
293.001
293.001
293.001
293.001
293.001
293.001
293.001
293.001
293.002
293.002
293.001
293.001
293.001
293.001
293.001
293.001
293.001
293.001
293.002
293.002
293.001
293.001
293.001
293.001
293.001
293.001
293.001
293.001
293.002
293.002
293.001
293.001
293.001
293.001
293.001
293.001
293.001
293.001
293.002
293.002
293.001
293.001
293.001
293.001
293.001
293.001
293.001
293.001
293.002
293.002
293.001
293.001
293.001
293.001
293.001
293.001
293.001
293.001
293.002
293.002
293.001
293.001
293.001
293.001
293.001
293.001
293.001
293.001
293.002
293.002
293.002
293.001
293.001
293.001
293.001
293.001
293.001
293.001
293.001
293.001
293.001
293.001
293.001
293.001
2270.51
2270.35
2270.35
2264.59
2291.4
483.609
302.318
296.023
296.644
296.659
295.887
295.237
294.308
294
293.791
293.487
293.521
293.265
293.088
293.043
292.96
292.979
292.985
292.999
293.005
293.005
293.004
293.004
293.004
293.004
293.004
293.004
293.003
293.003
293.003
293.003
293.004
293.004
293.004
293.003
293.003
293.003
293.003
293.003
293.003
293.003
293.003
293.003
293.003
293.004
293.004
293.004
293.003
293.003
293.003
293.003
293.004
293.004
293.004
293.004
293.004
293.004
293.003
293.003
293.003
293.003
293.004
293.004
293.004
293.003
293.003
293.003
293.003
293.003
293.003
293.003
293.003
293.003
293.003
293.004
293.004
293.004
293.003
293.003
293.003
293.003
293.004
293.004
293.004
293.004
293.004
293.004
293.003
293.003
293.003
293.003
293.004
293.004
293.004
293.003
293.003
293.003
293.003
293.003
293.003
293.003
293.003
293.003
293.003
293.004
293.004
293.004
293.003
293.003
293.003
293.003
293.004
293.004
293.004
293.004
293.004
293.004
293.003
293.003
293.003
293.003
293.004
293.004
293.004
293.003
293.003
293.003
293.003
293.003
293.003
293.003
293.003
293.003
293.003
293.004
293.004
293.004
293.003
293.003
293.003
293.003
293.004
293.004
293.004
293.004
293.004
293.004
293.003
293.003
293.003
293.003
293.004
293.004
293.004
293.003
293.003
293.003
293.003
293.003
293.003
293.003
293.003
293.003
293.003
293.004
293.004
293.004
293.003
293.003
293.003
293.003
293.004
293.004
293.004
293.004
293.004
293.004
293.003
293.003
293.003
293.003
293.004
293.004
293.004
293.003
293.003
293.003
293.003
293.003
293.003
293.003
293.003
293.003
293.003
293.004
293.004
293.004
293.003
293.003
293.003
293.003
293.004
293.004
293.004
293.004
293.004
293.004
293.003
293.003
293.003
293.003
293.004
293.004
293.004
293.003
293.003
293.003
293.003
293.003
293.003
293.003
293.003
293.003
293.003
293.004
293.004
293.004
293.003
293.003
293.003
293.003
293.004
293.004
293.004
293.004
293.004
293.004
293.003
293.003
293.003
293.003
293.004
293.004
293.004
293.003
293.003
293.003
293.003
293.003
293.003
293.003
293.003
293.003
293.003
293.004
293.004
293.004
293.003
293.003
293.003
293.003
293.004
293.004
293.004
293.004
293.004
293.004
293.003
293.003
293.003
293.003
293.004
293.004
293.004
293.003
293.003
293.003
293.003
293.003
293.003
293.003
293.003
293.003
293.003
293.004
293.004
293.004
293.003
293.003
293.003
293.003
293.004
293.004
293.004
293.004
293.004
293.004
293.003
293.003
293.003
293.003
293.004
293.004
293.004
293.003
293.003
293.003
293.003
293.003
293.003
293.003
293.003
293.003
293.003
293.004
293.004
293.004
293.003
293.003
293.003
293.003
293.004
293.004
293.004
293.004
293.004
293.004
293.003
293.003
293.003
293.003
293.004
293.004
293.004
293.003
293.003
293.003
293.003
293.003
293.003
293.003
293.003
293.003
293.003
293.004
293.004
293.004
293.003
293.003
293.003
293.003
293.004
293.004
293.004
293.004
293.004
293.004
293.004
293.004
293.003
293.003
293.003
293.003
293.003
293.003
293.003
293.003
293.003
293.003
2270.18
2269.86
2268.27
2270.6
2323.69
573.039
308.912
295.22
295.917
295.85
295.57
295.158
294.697
294.559
294.479
294.405
294.196
294.045
293.766
293.403
293.267
293.001
293.017
292.948
292.979
292.993
293.003
293.004
293.004
293.003
293.003
293.003
293.003
293.003
293.002
293.002
293.002
293.002
293.002
293.002
293.002
293.002
293.002
293.001
293.001
293.001
293.002
293.002
293.001
293.001
293.002
293.002
293.002
293.002
293.002
293.002
293.002
293.002
293.002
293.002
293.003
293.003
293.003
293.003
293.003
293.003
293.002
293.002
293.002
293.002
293.002
293.002
293.002
293.002
293.002
293.002
293.001
293.001
293.002
293.002
293.001
293.001
293.002
293.002
293.002
293.002
293.002
293.002
293.002
293.002
293.002
293.002
293.003
293.003
293.003
293.003
293.003
293.003
293.002
293.002
293.002
293.002
293.002
293.002
293.002
293.002
293.002
293.002
293.001
293.001
293.002
293.002
293.001
293.001
293.002
293.002
293.002
293.002
293.002
293.002
293.002
293.002
293.002
293.002
293.003
293.003
293.003
293.003
293.003
293.003
293.002
293.002
293.002
293.002
293.002
293.002
293.002
293.002
293.002
293.002
293.001
293.001
293.002
293.002
293.001
293.001
293.002
293.002
293.002
293.002
293.002
293.002
293.002
293.002
293.002
293.002
293.003
293.003
293.003
293.003
293.003
293.003
293.002
293.002
293.002
293.002
293.002
293.002
293.002
293.002
293.002
293.002
293.001
293.001
293.002
293.002
293.001
293.001
293.002
293.002
293.002
293.002
293.002
293.002
293.002
293.002
293.002
293.002
293.003
293.003
293.003
293.003
293.003
293.003
293.002
293.002
293.002
293.002
293.002
293.002
293.002
293.002
293.002
293.002
293.001
293.001
293.002
293.002
293.001
293.001
293.002
293.002
293.002
293.002
293.002
293.002
293.002
293.002
293.002
293.002
293.003
293.003
293.003
293.003
293.003
293.003
293.002
293.002
293.002
293.002
293.002
293.002
293.002
293.002
293.002
293.002
293.001
293.001
293.002
293.002
293.001
293.001
293.002
293.002
293.002
293.002
293.002
293.002
293.002
293.002
293.002
293.002
293.003
293.003
293.003
293.003
293.003
293.003
293.002
293.002
293.002
293.002
293.002
293.002
293.002
293.002
293.002
293.002
293.001
293.001
293.002
293.002
293.001
293.001
293.002
293.002
293.002
293.002
293.002
293.002
293.002
293.002
293.002
293.002
293.003
293.003
293.003
293.003
293.003
293.003
293.002
293.002
293.002
293.002
293.002
293.002
293.002
293.002
293.002
293.002
293.001
293.001
293.002
293.002
293.001
293.001
293.002
293.002
293.002
293.002
293.002
293.002
293.002
293.002
293.002
293.002
293.003
293.003
293.003
293.003
293.003
293.003
293.002
293.002
293.002
293.002
293.002
293.002
293.002
293.002
293.002
293.002
293.001
293.001
293.002
293.002
293.001
293.001
293.002
293.002
293.002
293.002
293.002
293.002
293.002
293.002
293.002
293.002
293.003
293.003
293.003
293.003
293.003
293.003
293.002
293.002
293.002
293.002
293.002
293.002
293.002
293.002
293.002
293.002
293.001
293.001
293.002
293.002
293.001
293.001
293.002
293.002
293.002
293.002
293.002
293.002
293.002
293.002
293.002
293.002
293.003
293.003
293.003
293.003
293.003
293.003
293.003
293.002
293.002
293.002
293.002
293.002
293.002
293.002
293.002
293.001
293.001
293.001
293.001
293.001
2268.69
2268.29
2269.47
2301.02
2321.4
568.818
307.744
294.777
295.283
295.313
295.222
295.182
295.146
295.129
294.886
294.745
294.222
294.425
293.649
293.5
293.411
292.938
293.11
292.939
292.979
292.99
293.003
293.006
293.006
293.006
293.005
293.005
293.005
293.005
293.005
293.004
293.004
293.004
293.004
293.004
293.004
293.003
293.003
293.003
293.003
293.003
293.003
293.003
293.003
293.003
293.003
293.003
293.003
293.004
293.004
293.004
293.004
293.004
293.004
293.005
293.005
293.005
293.005
293.005
293.005
293.005
293.005
293.004
293.004
293.004
293.004
293.004
293.004
293.003
293.003
293.003
293.003
293.003
293.003
293.003
293.003
293.003
293.003
293.003
293.003
293.004
293.004
293.004
293.004
293.004
293.004
293.005
293.005
293.005
293.005
293.005
293.005
293.005
293.005
293.004
293.004
293.004
293.004
293.004
293.004
293.003
293.003
293.003
293.003
293.003
293.003
293.003
293.003
293.003
293.003
293.003
293.003
293.004
293.004
293.004
293.004
293.004
293.004
293.005
293.005
293.005
293.005
293.005
293.005
293.005
293.005
293.004
293.004
293.004
293.004
293.004
293.004
293.003
293.003
293.003
293.003
293.003
293.003
293.003
293.003
293.003
293.003
293.003
293.003
293.004
293.004
293.004
293.004
293.004
293.004
293.005
293.005
293.005
293.005
293.005
293.005
293.005
293.005
293.004
293.004
293.004
293.004
293.004
293.004
293.003
293.003
293.003
293.003
293.003
293.003
293.003
293.003
293.003
293.003
293.003
293.003
293.004
293.004
293.004
293.004
293.004
293.004
293.005
293.005
293.005
293.005
293.005
293.005
293.005
293.005
293.004
293.004
293.004
293.004
293.004
293.004
293.003
293.003
293.003
293.003
293.003
293.003
293.003
293.003
293.003
293.003
293.003
293.003
293.004
293.004
293.004
293.004
293.004
293.004
293.005
293.005
293.005
293.005
293.005
293.005
293.005
293.005
293.004
293.004
293.004
293.004
293.004
293.004
293.003
293.003
293.003
293.003
293.003
293.003
293.003
293.003
293.003
293.003
293.003
293.003
293.004
293.004
293.004
293.004
293.004
293.004
293.005
293.005
293.005
293.005
293.005
293.005
293.005
293.005
293.004
293.004
293.004
293.004
293.004
293.004
293.003
293.003
293.003
293.003
293.003
293.003
293.003
293.003
293.003
293.003
293.003
293.003
293.004
293.004
293.004
293.004
293.004
293.004
293.005
293.005
293.005
293.005
293.005
293.005
293.005
293.005
293.004
293.004
293.004
293.004
293.004
293.004
293.003
293.003
293.003
293.003
293.003
293.003
293.003
293.003
293.003
293.003
293.003
293.003
293.004
293.004
293.004
293.004
293.004
293.004
293.005
293.005
293.005
293.005
293.005
293.005
293.005
293.005
293.004
293.004
293.004
293.004
293.004
293.004
293.003
293.003
293.003
293.003
293.003
293.003
293.003
293.003
293.003
293.003
293.003
293.003
293.004
293.004
293.004
293.004
293.004
293.004
293.005
293.005
293.005
293.005
293.005
293.005
293.005
293.005
293.004
293.004
293.004
293.004
293.004
293.004
293.003
293.003
293.003
293.003
293.003
293.003
293.003
293.003
293.003
293.003
293.003
293.003
293.004
293.004
293.004
293.004
293.004
293.004
293.005
293.005
293.005
293.005
293.006
293.006
293.005
293.005
293.005
293.004
293.004
293.004
293.004
293.004
293.003
293.003
293.003
293.002
293.002
293.002
293.002
2269.09
2270.32
2296.93
2190.22
623.917
337.796
295.71
295.039
294.894
294.8
294.931
295.093
295.146
295.347
295.134
295.261
294.488
294.543
293.955
293.488
293.421
293.011
293.067
292.954
292.996
292.985
292.997
293.003
293.004
293.004
293.003
293.003
293.003
293.003
293.002
293.002
293.002
293.002
293.001
293.001
293.001
293.001
293.001
293.001
293
293.001
293
293
293.001
293.001
293.001
293.001
293.001
293.001
293.001
293.002
293.002
293.002
293.002
293.002
293.003
293.003
293.003
293.003
293.003
293.003
293.002
293.002
293.002
293.002
293.002
293.001
293.001
293.001
293.001
293.001
293.001
293.001
293
293
293.001
293.001
293.001
293.001
293.001
293.001
293.001
293.002
293.002
293.002
293.002
293.002
293.003
293.003
293.003
293.003
293.003
293.003
293.002
293.002
293.002
293.002
293.002
293.001
293.001
293.001
293.001
293.001
293.001
293.001
293
293
293.001
293.001
293.001
293.001
293.001
293.001
293.001
293.002
293.002
293.002
293.002
293.002
293.003
293.003
293.003
293.003
293.003
293.003
293.002
293.002
293.002
293.002
293.002
293.001
293.001
293.001
293.001
293.001
293.001
293.001
293
293
293.001
293.001
293.001
293.001
293.001
293.001
293.001
293.002
293.002
293.002
293.002
293.002
293.003
293.003
293.003
293.003
293.003
293.003
293.002
293.002
293.002
293.002
293.002
293.001
293.001
293.001
293.001
293.001
293.001
293.001
293
293
293.001
293.001
293.001
293.001
293.001
293.001
293.001
293.002
293.002
293.002
293.002
293.002
293.003
293.003
293.003
293.003
293.003
293.003
293.002
293.002
293.002
293.002
293.002
293.001
293.001
293.001
293.001
293.001
293.001
293.001
293
293
293.001
293.001
293.001
293.001
293.001
293.001
293.001
293.002
293.002
293.002
293.002
293.002
293.003
293.003
293.003
293.003
293.003
293.003
293.002
293.002
293.002
293.002
293.002
293.001
293.001
293.001
293.001
293.001
293.001
293.001
293
293
293.001
293.001
293.001
293.001
293.001
293.001
293.001
293.002
293.002
293.002
293.002
293.002
293.003
293.003
293.003
293.003
293.003
293.003
293.002
293.002
293.002
293.002
293.002
293.001
293.001
293.001
293.001
293.001
293.001
293.001
293
293
293.001
293.001
293.001
293.001
293.001
293.001
293.001
293.002
293.002
293.002
293.002
293.002
293.003
293.003
293.003
293.003
293.003
293.003
293.002
293.002
293.002
293.002
293.002
293.001
293.001
293.001
293.001
293.001
293.001
293.001
293
293
293.001
293.001
293.001
293.001
293.001
293.001
293.001
293.002
293.002
293.002
293.002
293.002
293.003
293.003
293.003
293.003
293.003
293.003
293.002
293.002
293.002
293.002
293.002
293.001
293.001
293.001
293.001
293.001
293.001
293.001
293
293
293.001
293.001
293.001
293.001
293.001
293.001
293.001
293.002
293.002
293.002
293.002
293.002
293.003
293.003
293.003
293.003
293.003
293.003
293.002
293.002
293.002
293.002
293.002
293.001
293.001
293.001
293.001
293.001
293.001
293.001
293
293
293.001
293.001
293.001
293.001
293.001
293.001
293.001
293.001
293.002
293.002
293.002
293.002
293.003
293.003
293.003
293.003
293.003
293.003
293.003
293.002
293.002
293.002
293.001
293.001
293.001
293.001
293.001
293
293
293
292.999
292.999
2274.06
2295.19
2058.84
521.8
311.686
295.293
294.858
294.731
294.741
294.772
294.798
294.932
295.117
295.301
295.253
295.352
294.941
294.774
294.088
293.59
293.469
292.939
293.15
292.92
293.018
292.981
292.997
293.004
293.005
293.005
293.004
293.004
293.004
293.004
293.003
293.003
293.003
293.002
293.002
293.002
293.002
293.002
293.002
293.002
293.002
293.002
293.001
293.001
293.002
293.002
293.002
293.002
293.002
293.002
293.002
293.002
293.002
293.003
293.003
293.003
293.004
293.004
293.004
293.004
293.004
293.004
293.003
293.003
293.003
293.002
293.002
293.002
293.002
293.002
293.002
293.002
293.002
293.002
293.001
293.001
293.002
293.002
293.002
293.002
293.002
293.002
293.002
293.002
293.002
293.003
293.003
293.003
293.004
293.004
293.004
293.004
293.004
293.004
293.003
293.003
293.003
293.002
293.002
293.002
293.002
293.002
293.002
293.002
293.002
293.002
293.001
293.001
293.002
293.002
293.002
293.002
293.002
293.002
293.002
293.002
293.002
293.003
293.003
293.003
293.004
293.004
293.004
293.004
293.004
293.004
293.003
293.003
293.003
293.002
293.002
293.002
293.002
293.002
293.002
293.002
293.002
293.002
293.001
293.001
293.002
293.002
293.002
293.002
293.002
293.002
293.002
293.002
293.002
293.003
293.003
293.003
293.004
293.004
293.004
293.004
293.004
293.004
293.003
293.003
293.003
293.002
293.002
293.002
293.002
293.002
293.002
293.002
293.002
293.002
293.001
293.001
293.002
293.002
293.002
293.002
293.002
293.002
293.002
293.002
293.002
293.003
293.003
293.003
293.004
293.004
293.004
293.004
293.004
293.004
293.003
293.003
293.003
293.002
293.002
293.002
293.002
293.002
293.002
293.002
293.002
293.002
293.001
293.001
293.002
293.002
293.002
293.002
293.002
293.002
293.002
293.002
293.002
293.003
293.003
293.003
293.004
293.004
293.004
293.004
293.004
293.004
293.003
293.003
293.003
293.002
293.002
293.002
293.002
293.002
293.002
293.002
293.002
293.002
293.001
293.001
293.002
293.002
293.002
293.002
293.002
293.002
293.002
293.002
293.002
293.003
293.003
293.003
293.004
293.004
293.004
293.004
293.004
293.004
293.003
293.003
293.003
293.002
293.002
293.002
293.002
293.002
293.002
293.002
293.002
293.002
293.001
293.001
293.002
293.002
293.002
293.002
293.002
293.002
293.002
293.002
293.002
293.003
293.003
293.003
293.004
293.004
293.004
293.004
293.004
293.004
293.003
293.003
293.003
293.002
293.002
293.002
293.002
293.002
293.002
293.002
293.002
293.002
293.001
293.001
293.002
293.002
293.002
293.002
293.002
293.002
293.002
293.002
293.002
293.003
293.003
293.003
293.004
293.004
293.004
293.004
293.004
293.004
293.003
293.003
293.003
293.002
293.002
293.002
293.002
293.002
293.002
293.002
293.002
293.002
293.001
293.001
293.002
293.002
293.002
293.002
293.002
293.002
293.002
293.002
293.002
293.003
293.003
293.003
293.004
293.004
293.004
293.004
293.004
293.004
293.003
293.003
293.003
293.002
293.002
293.002
293.002
293.002
293.002
293.002
293.002
293.002
293.001
293.001
293.002
293.002
293.002
293.002
293.002
293.002
293.002
293.002
293.002
293.003
293.003
293.003
293.004
293.004
293.004
293.005
293.004
293.004
293.004
293.003
293.003
293.002
293.002
293.002
293.002
293.002
293.001
293.001
293.001
293.001
293
293
2174.22
2101.61
534.406
308.326
294.728
294.993
294.52
294.707
294.548
294.548
294.657
294.823
294.968
295.204
295.222
295.377
295.085
295.054
294.264
293.582
293.649
292.884
293.15
292.944
292.99
292.984
292.995
293
293.002
293.002
293.001
293.001
293.001
293
293
293
292.999
292.999
292.999
292.999
292.999
292.999
292.999
292.999
292.999
292.999
292.999
292.999
292.999
292.999
292.999
292.999
292.999
292.999
292.999
292.999
292.999
292.999
293
293
293.001
293.001
293.001
293.001
293.001
293.001
293
293
292.999
292.999
292.999
292.999
292.999
292.999
292.999
292.999
292.999
292.999
292.999
292.999
292.999
292.999
292.999
292.999
292.999
292.999
292.999
292.999
292.999
292.999
293
293
293.001
293.001
293.001
293.001
293.001
293.001
293
293
292.999
292.999
292.999
292.999
292.999
292.999
292.999
292.999
292.999
292.999
292.999
292.999
292.999
292.999
292.999
292.999
292.999
292.999
292.999
292.999
292.999
292.999
293
293
293.001
293.001
293.001
293.001
293.001
293.001
293
293
292.999
292.999
292.999
292.999
292.999
292.999
292.999
292.999
292.999
292.999
292.999
292.999
292.999
292.999
292.999
292.999
292.999
292.999
292.999
292.999
292.999
292.999
293
293
293.001
293.001
293.001
293.001
293.001
293.001
293
293
292.999
292.999
292.999
292.999
292.999
292.999
292.999
292.999
292.999
292.999
292.999
292.999
292.999
292.999
292.999
292.999
292.999
292.999
292.999
292.999
292.999
292.999
293
293
293.001
293.001
293.001
293.001
293.001
293.001
293
293
292.999
292.999
292.999
292.999
292.999
292.999
292.999
292.999
292.999
292.999
292.999
292.999
292.999
292.999
292.999
292.999
292.999
292.999
292.999
292.999
292.999
292.999
293
293
293.001
293.001
293.001
293.001
293.001
293.001
293
293
292.999
292.999
292.999
292.999
292.999
292.999
292.999
292.999
292.999
292.999
292.999
292.999
292.999
292.999
292.999
292.999
292.999
292.999
292.999
292.999
292.999
292.999
293
293
293.001
293.001
293.001
293.001
293.001
293.001
293
293
292.999
292.999
292.999
292.999
292.999
292.999
292.999
292.999
292.999
292.999
292.999
292.999
292.999
292.999
292.999
292.999
292.999
292.999
292.999
292.999
292.999
292.999
293
293
293.001
293.001
293.001
293.001
293.001
293.001
293
293
292.999
292.999
292.999
292.999
292.999
292.999
292.999
292.999
292.999
292.999
292.999
292.999
292.999
292.999
292.999
292.999
292.999
292.999
292.999
292.999
292.999
292.999
293
293
293.001
293.001
293.001
293.001
293.001
293.001
293
293
292.999
292.999
292.999
292.999
292.999
292.999
292.999
292.999
292.999
292.999
292.999
292.999
292.999
292.999
292.999
292.999
292.999
292.999
292.999
292.999
292.999
292.999
293
293
293.001
293.001
293.001
293.001
293.001
293.001
293
293
292.999
292.999
292.999
292.999
292.999
292.999
292.999
292.999
292.999
292.999
292.999
292.999
292.999
292.999
292.999
292.999
292.999
292.999
292.999
292.999
292.999
292.999
293
293
293.001
293.001
293.002
293.002
293.001
293.001
293
293
292.999
292.999
292.999
292.999
292.999
292.999
292.999
292.999
292.998
292.998
292.998
292.998
429.932
408.323
313.251
295.308
294.915
294.652
294.674
294.325
294.347
294.392
294.626
294.695
294.867
295.071
295.177
295.266
295.222
295.064
294.553
293.531
293.787
292.861
293.163
292.907
293.017
292.974
292.992
292.999
293.001
293.001
293.001
293
293
292.999
292.999
292.999
292.998
292.998
292.998
292.998
292.998
292.998
292.998
292.998
292.998
292.998
292.998
292.998
292.998
292.998
292.998
292.998
292.998
292.998
292.998
292.998
292.998
292.998
292.998
292.999
293
293
293
293
293
293
292.999
292.998
292.998
292.998
292.998
292.998
292.998
292.998
292.998
292.998
292.998
292.998
292.998
292.998
292.998
292.998
292.998
292.998
292.998
292.998
292.998
292.998
292.998
292.998
292.998
292.999
293
293
293
293
293
293
292.999
292.998
292.998
292.998
292.998
292.998
292.998
292.998
292.998
292.998
292.998
292.998
292.998
292.998
292.998
292.998
292.998
292.998
292.998
292.998
292.998
292.998
292.998
292.998
292.998
292.999
293
293
293
293
293
293
292.999
292.998
292.998
292.998
292.998
292.998
292.998
292.998
292.998
292.998
292.998
292.998
292.998
292.998
292.998
292.998
292.998
292.998
292.998
292.998
292.998
292.998
292.998
292.998
292.998
292.999
293
293
293
293
293
293
292.999
292.998
292.998
292.998
292.998
292.998
292.998
292.998
292.998
292.998
292.998
292.998
292.998
292.998
292.998
292.998
292.998
292.998
292.998
292.998
292.998
292.998
292.998
292.998
292.998
292.999
293
293
293
293
293
293
292.999
292.998
292.998
292.998
292.998
292.998
292.998
292.998
292.998
292.998
292.998
292.998
292.998
292.998
292.998
292.998
292.998
292.998
292.998
292.998
292.998
292.998
292.998
292.998
292.998
292.999
293
293
293
293
293
293
292.999
292.998
292.998
292.998
292.998
292.998
292.998
292.998
292.998
292.998
292.998
292.998
292.998
292.998
292.998
292.998
292.998
292.998
292.998
292.998
292.998
292.998
292.998
292.998
292.998
292.999
293
293
293
293
293
293
292.999
292.998
292.998
292.998
292.998
292.998
292.998
292.998
292.998
292.998
292.998
292.998
292.998
292.998
292.998
292.998
292.998
292.998
292.998
292.998
292.998
292.998
292.998
292.998
292.998
292.999
293
293
293
293
293
293
292.999
292.998
292.998
292.998
292.998
292.998
292.998
292.998
292.998
292.998
292.998
292.998
292.998
292.998
292.998
292.998
292.998
292.998
292.998
292.998
292.998
292.998
292.998
292.998
292.998
292.999
293
293
293
293
293
293
292.999
292.998
292.998
292.998
292.998
292.998
292.998
292.998
292.998
292.998
292.998
292.998
292.998
292.998
292.998
292.998
292.998
292.998
292.998
292.998
292.998
292.998
292.998
292.998
292.998
292.999
293
293
293
293
293
293
292.999
292.998
292.998
292.998
292.998
292.998
292.998
292.998
292.998
292.998
292.998
292.998
292.998
292.998
292.998
292.998
292.998
292.998
292.998
292.998
292.998
292.998
292.998
292.998
292.999
292.999
293
293
293.001
293.001
293
293
292.999
292.999
292.998
292.998
292.998
292.998
292.998
292.998
292.998
292.998
292.998
292.998
292.998
292.998
298.408
297.71
295.104
294.68
294.427
294.661
294.226
294.402
294.33
294.383
294.464
294.658
294.744
294.995
295.126
295.245
295.241
295.038
294.583
293.685
293.847
292.771
293.268
292.866
293.019
292.98
292.992
292.998
293
293
293
292.999
292.999
292.998
292.998
292.997
292.997
292.997
292.997
292.997
292.998
292.998
292.998
292.998
292.998
292.998
292.997
292.997
292.998
292.998
292.998
292.998
292.998
292.998
292.997
292.997
292.997
292.997
292.997
292.998
292.998
292.999
292.999
292.999
292.999
292.998
292.998
292.997
292.997
292.997
292.997
292.997
292.998
292.998
292.998
292.998
292.998
292.998
292.997
292.997
292.998
292.998
292.998
292.998
292.998
292.998
292.997
292.997
292.997
292.997
292.997
292.998
292.998
292.999
292.999
292.999
292.999
292.998
292.998
292.997
292.997
292.997
292.997
292.997
292.998
292.998
292.998
292.998
292.998
292.998
292.997
292.997
292.998
292.998
292.998
292.998
292.998
292.998
292.997
292.997
292.997
292.997
292.997
292.998
292.998
292.999
292.999
292.999
292.999
292.998
292.998
292.997
292.997
292.997
292.997
292.997
292.998
292.998
292.998
292.998
292.998
292.998
292.997
292.997
292.998
292.998
292.998
292.998
292.998
292.998
292.997
292.997
292.997
292.997
292.997
292.998
292.998
292.999
292.999
292.999
292.999
292.998
292.998
292.997
292.997
292.997
292.997
292.997
292.998
292.998
292.998
292.998
292.998
292.998
292.997
292.997
292.998
292.998
292.998
292.998
292.998
292.998
292.997
292.997
292.997
292.997
292.997
292.998
292.998
292.999
292.999
292.999
292.999
292.998
292.998
292.997
292.997
292.997
292.997
292.997
292.998
292.998
292.998
292.998
292.998
292.998
292.997
292.997
292.998
292.998
292.998
292.998
292.998
292.998
292.997
292.997
292.997
292.997
292.997
292.998
292.998
292.999
292.999
292.999
292.999
292.998
292.998
292.997
292.997
292.997
292.997
292.997
292.998
292.998
292.998
292.998
292.998
292.998
292.997
292.997
292.998
292.998
292.998
292.998
292.998
292.998
292.997
292.997
292.997
292.997
292.997
292.998
292.998
292.999
292.999
292.999
292.999
292.998
292.998
292.997
292.997
292.997
292.997
292.997
292.998
292.998
292.998
292.998
292.998
292.998
292.997
292.997
292.998
292.998
292.998
292.998
292.998
292.998
292.997
292.997
292.997
292.997
292.997
292.998
292.998
292.999
292.999
292.999
292.999
292.998
292.998
292.997
292.997
292.997
292.997
292.997
292.998
292.998
292.998
292.998
292.998
292.998
292.997
292.997
292.998
292.998
292.998
292.998
292.998
292.998
292.997
292.997
292.997
292.997
292.997
292.998
292.998
292.999
292.999
292.999
292.999
292.998
292.998
292.997
292.997
292.997
292.997
292.997
292.998
292.998
292.998
292.998
292.998
292.998
292.997
292.997
292.998
292.998
292.998
292.998
292.998
292.998
292.997
292.997
292.997
292.997
292.997
292.998
292.998
292.999
292.999
292.999
292.999
292.998
292.998
292.997
292.997
292.997
292.997
292.997
292.998
292.998
292.998
292.998
292.998
292.998
292.997
292.997
292.998
292.998
292.998
292.998
292.998
292.998
292.997
292.997
292.997
292.997
292.997
292.998
292.999
292.999
293
293
292.999
292.999
292.998
292.997
292.997
292.997
292.997
292.997
292.997
292.997
292.997
292.998
292.998
292.998
292.997
292.997
295.242
294.845
294.988
294.705
294.665
294.362
294.334
294.287
294.199
294.405
294.309
294.596
294.731
294.899
295.143
295.2
295.27
295.029
294.386
294.418
293.286
292.946
293.161
292.883
293.028
292.963
292.991
292.997
292.999
292.999
292.998
292.998
292.998
292.997
292.997
292.996
292.996
292.996
292.996
292.996
292.997
292.997
292.997
292.997
292.997
292.997
292.997
292.997
292.997
292.997
292.997
292.997
292.997
292.997
292.996
292.996
292.996
292.996
292.996
292.997
292.997
292.998
292.998
292.998
292.998
292.997
292.997
292.996
292.996
292.996
292.996
292.996
292.997
292.997
292.997
292.997
292.997
292.997
292.997
292.997
292.997
292.997
292.997
292.997
292.997
292.997
292.996
292.996
292.996
292.996
292.996
292.997
292.997
292.998
292.998
292.998
292.998
292.997
292.997
292.996
292.996
292.996
292.996
292.996
292.997
292.997
292.997
292.997
292.997
292.997
292.997
292.997
292.997
292.997
292.997
292.997
292.997
292.997
292.996
292.996
292.996
292.996
292.996
292.997
292.997
292.998
292.998
292.998
292.998
292.997
292.997
292.996
292.996
292.996
292.996
292.996
292.997
292.997
292.997
292.997
292.997
292.997
292.997
292.997
292.997
292.997
292.997
292.997
292.997
292.997
292.996
292.996
292.996
292.996
292.996
292.997
292.997
292.998
292.998
292.998
292.998
292.997
292.997
292.996
292.996
292.996
292.996
292.996
292.997
292.997
292.997
292.997
292.997
292.997
292.997
292.997
292.997
292.997
292.997
292.997
292.997
292.997
292.996
292.996
292.996
292.996
292.996
292.997
292.997
292.998
292.998
292.998
292.998
292.997
292.997
292.996
292.996
292.996
292.996
292.996
292.997
292.997
292.997
292.997
292.997
292.997
292.997
292.997
292.997
292.997
292.997
292.997
292.997
292.997
292.996
292.996
292.996
292.996
292.996
292.997
292.997
292.998
292.998
292.998
292.998
292.997
292.997
292.996
292.996
292.996
292.996
292.996
292.997
292.997
292.997
292.997
292.997
292.997
292.997
292.997
292.997
292.997
292.997
292.997
292.997
292.997
292.996
292.996
292.996
292.996
292.996
292.997
292.997
292.998
292.998
292.998
292.998
292.997
292.997
292.996
292.996
292.996
292.996
292.996
292.997
292.997
292.997
292.997
292.997
292.997
292.997
292.997
292.997
292.997
292.997
292.997
292.997
292.997
292.996
292.996
292.996
292.996
292.996
292.997
292.997
292.998
292.998
292.998
292.998
292.997
292.997
292.996
292.996
292.996
292.996
292.996
292.997
292.997
292.997
292.997
292.997
292.997
292.997
292.997
292.997
292.997
292.997
292.997
292.997
292.997
292.996
292.996
292.996
292.996
292.996
292.997
292.997
292.998
292.998
292.998
292.998
292.997
292.997
292.996
292.996
292.996
292.996
292.996
292.997
292.997
292.997
292.997
292.997
292.997
292.997
292.997
292.997
292.997
292.997
292.997
292.997
292.997
292.996
292.996
292.996
292.996
292.996
292.997
292.997
292.998
292.998
292.998
292.998
292.997
292.997
292.996
292.996
292.996
292.996
292.996
292.997
292.997
292.997
292.997
292.997
292.997
292.997
292.997
292.997
292.997
292.997
292.997
292.997
292.997
292.996
292.996
292.996
292.996
292.996
292.997
292.997
292.998
292.998
292.999
292.998
292.998
292.997
292.996
292.996
292.996
292.996
292.996
292.996
292.996
292.997
292.997
292.997
292.997
292.997
292.997
)
;

boundaryField
{
    wand
    {
        type            zeroGradient;
    }
    frontAndBack
    {
        type            empty;
    }
}


// ************************************************************************* //
