/*--------------------------------*- C++ -*----------------------------------*\
| =========                 |                                                 |
| \\      /  F ield         | OpenFOAM: The Open Source CFD Toolbox           |
|  \\    /   O peration     | Version:  2.1.1                                 |
|   \\  /    A nd           | Web:      www.OpenFOAM.org                      |
|    \\/     M anipulation  |                                                 |
\*---------------------------------------------------------------------------*/
FoamFile
{
    version     2.0;
    format      ascii;
    class       volScalarField;
    location    "0.007600000";
    object      Xi;
}
// * * * * * * * * * * * * * * * * * * * * * * * * * * * * * * * * * * * * * //

dimensions      [0 0 0 0 0 0 0];

internalField   nonuniform List<scalar> 
12384
(
7.65545
9.42048
10.5182
11.5277
12.4237
13.0982
13.4838
13.5406
13.2865
12.7754
11.9839
10.8076
9.18209
6.81814
18.6763
19.9567
21.4403
22.0597
21.5976
20.99
21.0572
21.4056
22.1181
22.5899
22.9412
23.1862
23.8344
25.1929
27.5839
30.1175
32.6853
35.0364
36.8289
37.8673
37.858
36.9506
36.1513
35.2528
34.1552
32.7564
31.1964
28.8243
23.3642
17.9748
23.38
25.7563
27.2908
28.2847
29.047
29.6793
30.3829
31.166
31.6843
31.7278
31.9086
32.4197
33.6995
36.1852
39.5582
43.254
46.477
49.4222
51.5059
52.6562
52.2957
51.1779
49.6742
47.9185
45.7416
43.0423
39.4222
34.3869
26.1347
20.9698
27.0353
30.9696
36.1615
40.0656
42.8265
44.6658
46.6141
48.592
49.1161
47.8652
45.9358
43.9424
42.2764
41.3294
41.551
43.2072
46.125
49.2684
52.3771
54.7977
56.7161
57.0399
57.2862
56.0826
54.7703
52.1658
48.689
43.493
34.426
27.2661
28.4395
32.7618
35.0324
35.8242
36.3602
37.7558
41.3069
45.9421
52.0227
56.5833
62.4514
65.5007
69.814
69.6651
70.4411
68.8145
67.3636
65.1649
62.326
58.7957
54.3251
48.7984
38.1593
27.0279
25.1611
25.0488
25.2441
25.1843
24.8297
24.2752
22.4156
25.3534
27.3906
29.001
31.1276
33.3366
35.3437
37.3963
39.3456
40.045
39.8688
39.5996
39.8032
41.2301
44.2363
47.6808
51.2262
54.3728
56.8581
57.92
57.7604
57.7181
57.0566
56.0183
54.2671
51.5885
47.3873
40.4561
30.0772
24.3527
24.8797
29.1632
33.6011
37.1192
40.2796
42.4857
44.4057
45.4363
47.1963
50.8635
55.9941
62.2146
68.8941
75.0339
81.6448
86.95
88.8826
90.6079
87.436
85.8041
81.6066
79.0166
74.5629
68.8963
60.9045
48.1317
39.7218
36.02
35.0318
36.6508
20.837
23.0126
26.8889
31.5988
37.919
44.2091
50.3606
56.2442
61.6584
66.3267
70.0607
71.5457
71.4141
69.1459
67.2283
64.6142
61.3459
57.6146
52.6865
46.9076
40.2681
30.8711
26.0367
24.7148
24.3916
24.3546
24.013
23.31
22.8844
22.9574
28.3973
36.852
44.834
52.6176
59.2339
65.3886
70.9963
76.315
81.548
82.3992
82.9701
80.6063
77.4648
72.8876
68.571
62.6082
55.1179
45.2972
34.1781
28.1904
26.1612
25.8696
26.0127
26.1024
25.4975
24.3416
22.7672
21.4657
20.6806
20.3382
26.868
34.5171
42.7223
49.7244
56.3813
62.7938
69.3852
75.834
81.7933
87.2462
89.4571
92.3039
88.9856
85.5893
80.6978
75.4484
69.6543
62.588
52.7892
41.3239
33.8321
30.3956
29.4036
29.7924
29.5106
28.89
27.4303
26.9688
26.219
26.6115
48.6561
61.8346
68.6722
75.4736
84.0539
90.6264
95.8493
98.5681
99.7421
93.7124
89.1745
80.8018
75.0102
67.3684
59.4226
52.4119
49.3133
48.086
46.582
45.632
45.2159
44.9841
44.9173
44.4422
43.7428
42.842
41.5837
39.8953
37.9638
34.5269
29.974
30.0677
34.7158
39.9666
48.8058
55.7236
60.4482
63.7821
66.4817
66.9429
67.8661
66.4053
65.6278
61.8852
59.8062
55.7131
54.7779
53.2475
55.6944
57.3393
60.7531
63.198
63.6834
61.1755
58.8713
57.5584
56.1615
54.2353
50.2946
43.8942
21.6625
24.4001
23.9468
21.4409
19.5428
22.9801
37.6787
39.0992
40.2438
43.1134
45.6272
47.3288
49.1039
49.7539
50.8232
49.1758
47.8732
44.4451
41.3577
37.1724
33.1445
30.0483
27.9283
25.9399
24.2185
22.2298
20.1064
17.5445
14.3101
9.91636
9.74823
6.91899
7.88101
9.05123
10.0151
10.7787
11.3135
11.6143
11.6837
11.4018
10.6636
9.42326
7.94305
9.15758
18.9167
15.4356
18.3972
20.3946
20.6638
20.4765
20.5948
20.7006
20.3393
19.3354
18.3532
17.8082
18.3112
20.3814
23.6537
27.5775
31.6309
35.4857
38.8563
41.5102
43.1702
43.757
43.2099
41.6793
39.1576
35.6921
31.5321
26.9403
21.6142
26.3998
26.51
25.0196
29.1574
32.1313
33.6471
33.692
32.4968
30.3052
27.6365
25.1942
23.3946
22.9127
24.3221
27.7385
32.2713
37.0317
42.0463
46.5928
50.3916
53.1286
54.8895
55.0967
54.2273
52.2855
49.3235
45.1867
39.8226
33.3952
25.949
30.8266
35.6785
37.3669
46.1932
51.6274
53.9779
54.5729
53.3709
50.395
46.7638
42.3211
37.8375
33.779
30.5782
28.7877
29.5862
33.1968
38.5236
44.3976
50.0286
54.5536
57.352
58.6263
58.4815
56.7666
53.4122
48.3291
42.6433
36.2685
29.4284
39.2174
25.8698
21.454
20.2773
19.4475
21.1839
26.3338
33.547
41.5398
49.7478
56.4737
65.084
71.74
77.0663
81.5513
83.8726
83.7801
81.5346
77.7378
72.5818
65.6241
56.713
47.22
38.4916
28.9341
20.987
18.5182
18.8028
18.6473
18.8261
25.8492
25.8655
26.8201
32.4125
36.3342
38.4746
39.7592
39.923
39.1103
36.8399
34.2625
31.5723
30.0976
31.1194
34.9487
40.2573
46.099
52.0752
57.5754
62.1682
65.7835
68.0619
68.5197
67.3606
64.8785
61.1595
56.1486
49.779
41.8158
32.2389
34.0564
32.6573
33.4274
35.5952
35.797
35.4846
34.33
33.1719
32.9471
34.9184
39.8581
47.3469
56.1534
65.8034
76.1073
85.9292
96.2236
103.93
109.06
112.752
112.841
110.567
105.782
97.8196
89.4497
78.3927
65.0754
53.2944
37.9748
23.7132
37.7958
22.2458
14.0357
16.7798
23.9133
31.8166
39.6813
47.5091
55.4754
63.4562
71.3987
78.6249
84.8052
89.5575
91.7191
90.8468
88.308
83.6022
76.6737
67.2484
55.9447
44.6121
34.3206
23.7643
18.1981
18.0845
17.7486
16.9479
15.4119
14.2845
23.4226
27.3616
23.6058
31.5927
40.1341
48.7129
57.3252
66.2981
76.0729
83.8175
90.7381
98.3613
100.295
99.8628
97.6547
92.263
84.0494
73.3101
59.7102
44.9125
30.1274
20.7767
20.6544
21.0898
21.2469
20.902
19.3632
17.0906
14.9146
13.8761
21.4105
26.0346
23.0076
26.9451
33.5469
41.6696
51.0462
61.5409
72.693
84.2563
95.3618
105.367
113.269
117.094
116.19
112.582
105.633
96.3878
84.8703
70.6243
53.8761
36.072
24.8692
22.8329
22.2892
22.1063
20.8255
18.6116
16.4534
15.8096
26.4457
41.2829
33.3174
41.6901
57.5823
71.0099
83.3528
94.67
104.993
111.133
117.451
116.106
111.869
105.698
95.506
83.3047
69.4812
53.2119
37.9871
31.5883
32.7401
33.6662
34.1138
34.2596
33.974
33.3978
32.2695
30.8096
29.9071
28.8384
34.2686
34.5309
27.9624
34.2231
41.4137
49.7008
56.7631
62.1309
66.2923
68.2355
69.7631
69.2175
67.8172
64.276
59.8704
54.3319
48.2737
44.4885
41.5256
43.6969
46.8421
51.757
57.1515
62.1639
66.5661
68.9001
68.9312
66.5717
61.0859
51.592
52.5559
25.5565
23.4882
23.4317
22.8053
25.1551
32.4933
34.5706
35.5176
39.8615
44.5953
48.3862
50.841
51.8786
51.8659
50.8211
48.2698
45.3831
41.543
37.6731
33.2431
28.2837
23.5801
20.2772
19.5869
20.0814
20.4213
20.1223
18.766
16.4978
13.2232
11.817
8.72765
9.70678
10.6854
11.3335
11.7315
11.8984
11.8769
11.8219
11.7276
11.4019
10.5322
9.00007
10.4217
19.4274
15.9934
18.4564
19.2676
18.3246
17.4858
17.3128
17.2035
16.9832
17.029
18.053
19.8626
22.3631
25.6697
29.6417
33.3953
36.5478
39.1194
41.1689
42.676
43.5361
43.7482
43.2027
42.0516
40.2714
37.6531
34.1831
29.9748
25.0305
30.2689
27.7387
26.2085
28.6447
29.618
29.0393
27.445
25.5751
23.8848
22.8971
22.8101
23.6559
25.7607
29.6735
34.7058
39.7468
44.173
48.1551
50.9486
53.8405
55.4409
56.3413
56.7167
55.9693
54.238
51.9182
48.8097
44.3239
38.378
31.1036
37.1854
39.771
42.0482
48.2535
50.3165
50.2274
48.8265
47.3229
44.7732
42.6557
40.3645
38.3736
36.4678
34.7718
34.2515
36.4112
41.1237
47.063
53.1167
58.0755
61.8016
64.4552
64.9237
64.3384
62.4044
58.7656
54.3697
48.7318
41.7494
34.5121
45.7186
24.8591
19.4506
17.549
18.9638
25.2652
33.9734
42.7615
50.8332
57.2626
62.3229
69.4807
72.63
77.0904
81.6154
83.0579
82.921
81.8022
79.1666
75.7261
70.9557
64.3065
55.6756
46.8583
38.1819
27.7889
19.4489
16.967
18.6037
20.3665
27.6701
27.6069
28.9596
32.7033
34.3353
34.3827
34.11
33.1829
32.1729
31.0754
31.1063
32.1783
35.0121
39.234
44.2418
48.9582
53.0335
56.5482
59.5401
62.5167
65.1101
66.6209
67.1314
66.8917
65.3052
62.6434
58.9613
54.0073
47.3526
38.5146
41.234
35.4237
35.0986
33.479
31.9533
31.6215
31.9999
34.2873
37.4776
42.388
50.144
58.85
66.6837
74.5286
81.0623
88.2527
93.8316
99.0322
103.603
106.483
107.834
106.222
104.292
99.2081
93.6385
85.782
75.2545
63.128
50.4947
33.3387
38.8704
24.6127
15.5225
20.6894
30.1015
39.1861
47.4695
54.8213
61.4801
67.6614
73.4375
78.5165
83.9054
87.3338
89.2648
90.0833
88.7353
86.3696
82.3726
76.0217
67.0346
56.076
45.1543
34.7702
23.9778
16.0447
16.0879
17.4481
16.6439
14.8437
23.9737
33.7195
29.2555
38.1813
48.3462
57.9512
66.2232
74.3486
81.9069
86.9808
94.392
98.6325
100.553
101.7
99.4258
96.5736
91.0636
83.4179
72.6596
59.24
44.9698
30.6858
19.8124
19.0169
21.8284
23.6427
23.1049
20.7892
17.8409
15.574
22.3947
26.9328
24.8699
30.6728
39.6142
50.5521
62.383
74.5962
86.2082
96.6369
107.141
115.476
122.149
125.044
125.372
120.934
114.704
105.887
95.8387
83.5874
68.3026
50.5914
32.9082
21.9567
21.0442
23.8888
23.6954
21.0588
18.3194
16.5021
27.3584
39.7523
37.7275
57.1436
75.5276
91.2549
105.318
117.603
127.552
136.184
136.813
139.202
134.753
124.602
116.419
102.817
89.117
73.0226
53.8333
37.3864
32.7533
33.9312
35.1144
34.6758
33.8688
31.3701
28.0163
25.1832
24.394
26.2395
33.8696
41.1419
32.4763
39.8169
47.9841
54.9777
60.2136
63.4107
65.9119
67.1435
68.4296
67.8098
68.074
66.708
64.0797
61.8729
57.2094
53.9929
50.5652
50.8767
51.7162
52.9752
54.2688
55.8624
58.4899
61.2881
63.212
63.6968
61.8631
55.6401
56.2711
26.3208
24.3312
21.3796
23.2415
31.1125
35.6095
36.9382
40.4182
45.3266
48.969
51.3532
52.8208
53.4342
52.9607
52.3083
50.7438
48.7466
46.7265
43.7459
40.8891
36.5562
30.1956
22.8442
17.3604
14.9066
14.4373
14.9668
15.3104
14.8651
11.463
13.813
10.4258
11.1081
11.8114
12.3278
12.5983
12.6264
12.3273
11.7554
11.4636
11.5048
11.3743
10.3922
11.5311
20.3006
17.3734
19.0561
18.8908
16.9451
15.3336
14.362
13.7708
13.9455
15.3851
18.0981
21.9093
26.1135
30.4213
34.8362
38.1341
40.1476
41.0912
41.382
41.4697
41.5662
41.5874
41.3
40.7031
39.779
38.3242
35.8962
32.5912
28.3169
33.2119
28.5452
27.9064
28.2512
26.926
24.38
21.7948
20.1991
20.1298
21.4463
23.6387
26.3703
30.2763
35.8095
41.4376
46.2527
49.3025
51.3997
53.1202
53.8228
54.6222
55.4036
54.9832
54.718
53.9726
52.5179
50.4727
47.2752
42.3189
35.5123
41.4945
42.3364
46.6636
49.5314
48.0347
45.2077
42.0704
40.2125
39.0251
39.1549
39.9701
40.5379
40.1982
39.4779
40.168
43.6606
49.5642
56.0405
61.2261
64.9197
67.5472
68.9129
69.4216
68.1269
65.7851
62.7665
59.1084
53.6178
47.071
39.7783
50.3137
25.4399
19.544
16.9693
21.1402
30.9389
40.9044
49.7914
56.8345
61.0185
64.9463
68.1587
68.8929
72.8316
74.0944
75.8199
77.2187
77.3261
76.5726
75.3371
73.0728
69.1866
62.5982
54.2183
45.6351
35.6591
25.318
17.4932
18.1141
20.8995
28.4623
28.5473
31.2123
32.5362
31.7299
29.797
27.6678
25.6857
25.1745
26.5116
30.1762
35.1084
40.4099
45.7562
50.3522
53.6353
55.5206
56.5481
57.4755
58.5106
59.289
60.1725
61.3925
61.8219
62.0894
61.437
59.7164
56.6494
51.8186
44.4047
46.2548
37.5533
37.5497
32.4485
28.8366
27.9768
30.6316
36.2958
41.7963
48.7755
58.6244
67.7295
74.9395
79.5369
82.6913
85.091
85.3506
89.5151
90.8229
92.8838
94.2765
95.4569
95.4568
94.9958
92.8507
88.666
81.4152
70.3559
57.7542
43.0182
40.8861
26.377
17.0172
25.0323
35.4623
44.959
53.2807
59.9927
65.2751
69.1993
72.1726
75.1755
78.4855
80.4008
83.2698
84.5565
84.6316
83.852
82.7265
79.8987
74.4062
65.0797
54.4478
43.5434
32.9115
22.0523
15.9565
18.0526
17.5498
15.3065
24.1585
41.6728
34.3592
44.1683
55.3883
65.1583
73.1694
78.6169
82.9177
86.4467
91.2217
91.8579
95.4793
96.4668
96.4213
95.1746
92.6214
88.9889
81.8675
70.7031
57.0619
43.1029
29.5047
21.4406
23.6206
26.3796
26.2642
23.8588
20.8746
18.3303
23.8121
30.4016
27.3003
34.3723
45.4351
59.2619
73.6505
86.293
96.1151
104.708
111.533
116.958
119.569
124.152
123.759
122.427
117.672
111.815
103.953
93.5601
79.9308
63.0088
44.6503
28.1671
22.4856
25.7073
25.8207
22.9863
19.7885
18.0122
28.111
48.7299
52.0038
71.5001
91.5654
109.81
124.402
135.04
141.716
145.312
150.579
149.126
145.702
138.647
129.765
116.733
104.57
87.6036
68.4176
47.4748
35.1536
35.0372
36.3949
36.937
36.1268
33.6687
30.0054
26
23.8374
25.9257
34.8326
46.344
36.2387
44.5364
52.0908
57.209
59.6771
60.9402
61.4469
61.8941
62.0033
62.6735
62.9568
63.2212
63.8828
63.8409
62.6501
61.1196
58.3213
57.5551
56.807
55.6683
52.8787
49.0801
47.578
50.4538
55.3184
59.8423
62.246
60.2861
58.424
26.6241
24.3662
22.541
27.6532
33.596
36.7513
40.2955
44.8388
48.5648
50.7631
51.6059
51.8817
51.838
51.73
50.8168
50.4526
49.3543
48.9088
46.4048
44.7292
40.7676
36.114
27.8903
19.3719
13.7712
10.7671
11.136
12.6383
13.2858
8.68845
14.9301
11.6135
12.2746
13.1363
13.7377
13.9913
13.89
13.4991
12.6044
11.5883
11.4822
11.9354
11.7105
12.5612
21.2053
18.8727
19.8838
19.2159
16.484
13.9517
12.2644
11.4869
12.3466
15.0503
18.9273
23.8702
29.3238
34.4697
39.0246
41.5955
42.1726
41.1233
39.3638
37.7115
36.7642
36.6084
37.0212
37.6353
37.9802
37.8771
36.7888
34.5845
31.3146
35.5436
28.9547
29.7834
28.2277
24.8678
20.5576
16.942
16.1332
18.4023
22.0882
25.7698
29.5912
34.851
41.2006
46.6839
50.3906
51.7934
52.8431
51.9554
51.4474
51.1137
50.6579
50.8287
50.6819
51.0126
51.2788
50.6756
48.8806
45.3153
39.3715
44.6503
43.8446
51.507
50.9657
46.1675
40.4781
35.3025
32.2569
33.1487
36.5287
40.4154
42.943
43.442
43.6938
45.6975
50.8972
58.0517
63.9319
67.2923
69.5108
70.5896
70.3531
69.4868
68.5207
66.836
64.7004
61.4877
56.9758
51.585
44.6598
54.044
27.068
20.3827
17.5118
24.6042
35.9348
46.1112
54.5617
59.9585
62.6785
63.9566
63.6147
62.7589
63.599
62.8457
64.9302
66.201
68.1443
70.0149
71.7923
72.4206
70.9721
66.9604
59.9923
50.9529
41.0093
30.3067
20.7899
17.8574
20.8105
29.2376
29.4318
33.6432
32.8621
30.0242
26.3389
22.5379
19.8055
20.2484
24.3467
31.3055
38.3284
44.519
49.8282
53.5927
55.2884
55.333
54.6492
53.3674
51.7973
50.8924
51.4082
52.3872
54.2321
55.8867
57.5325
58.4251
57.9756
55.4799
50.018
49.8691
39.337
40.3398
32.4469
26.1848
24.6791
29.6532
38.1871
45.2151
53.4234
64.8503
74.8229
80.8124
83.1059
82.2947
79.9304
77.7147
75.563
73.7872
74.6836
77.2682
80.2843
83.5241
87.1656
88.5695
88.2841
84.581
75.7222
63.2831
49.5267
43.4327
27.5812
18.5744
28.7241
39.4761
49.3075
57.8186
64.1351
67.9676
69.2073
69.3949
70.0471
69.8704
70.8774
72.4362
74.2907
76.9631
77.8984
79.5553
79.9127
77.2389
71.1076
61.3428
50.1585
39.2321
28.4614
19.2819
18.568
18.1046
15.7601
24.5102
47.6714
38.2663
49.1662
60.7444
70.0346
77.1953
79.4053
81.5851
81.3313
82.1792
82.1423
83.1718
85.4716
88.0213
89.9453
90.719
90.3588
87.1874
78.5708
66.1883
52.2156
38.5591
27.9333
26.4135
28.6265
28.2085
25.5842
22.7464
20.9811
25.2792
35.9294
29.2912
37.2055
51.0157
67.7566
82.9308
94.0056
101.47
105.938
108.835
109.299
112.412
113.095
115.913
115.729
115.64
112.751
108.216
100.915
89.2648
72.9853
54.0514
35.7574
25.5678
26.9727
26.5902
23.0866
20.1031
19.0367
29.2358
68.3572
63.4983
84.0534
106.579
124.409
136.213
141.625
144.356
145.111
143.995
142.807
145.246
139.993
136.98
125.536
113.898
98.0901
79.1562
55.3964
39.378
37.7262
40.2578
41.7811
42.0254
40.2119
36.2758
30.9837
25.6198
25.5552
34.5441
49.9221
39.3287
47.4515
53.7462
56.3379
56.8448
55.8847
55.0858
54.0283
54.2089
54.5775
55.4749
57.5292
59.7035
62.1328
63.2197
64.5316
62.6466
62.4912
60.5628
58.4974
53.2856
44.2163
36.2683
38.5202
47.5443
56.6564
63.3056
64.9843
59.3075
26.6507
23.5203
25.8978
29.1062
33.9384
38.1928
42.978
47.4664
49.817
50.2643
49.8012
48.7118
47.7821
47.2171
47.1256
47.6816
47.8601
49.0482
48.1278
46.5325
42.7739
38.321
31.7165
22.2902
14.6937
9.73148
8.90789
10.5402
11.5568
6.25013
14.8899
12.6021
13.6738
14.4345
14.5695
14.2148
13.9722
13.7096
13.2245
12.1091
11.5642
12.3711
12.8664
13.3694
22.0248
20.2127
20.8249
19.9478
16.9393
13.6444
11.2548
10.3316
11.9268
15.8743
20.3734
25.6878
31.8937
37.6023
41.9567
43.6224
42.4012
39.1038
35.1645
31.8195
29.8619
29.7244
31.0702
33.2595
35.2781
36.8463
37.1219
36.2253
33.9653
37.037
28.4521
31.2427
28.5054
23.7175
18.0137
13.5664
14.2166
18.6941
23.6313
27.8471
32.2783
38.6024
44.764
49.8546
52.5057
52.8342
51.6912
49.0026
47.0784
44.3896
43.494
43.9633
45.4589
46.9861
48.679
50.1296
50.1002
47.5923
42.5169
46.5628
44.1555
55.6228
52.6135
45.2415
36.794
29.1843
24.5978
27.8708
35.0345
41.2129
44.7625
45.8085
47.0986
50.5924
57.859
65.3703
69.623
70.8507
69.6771
67.2874
65.9113
64.6929
64.0528
64.042
63.7675
62.0586
59.3571
55.1704
49.039
56.7535
29.1259
21.5221
19.0459
28.1725
39.6205
49.7757
57.8158
61.7364
62.7703
61.2328
58.5526
54.8761
52.3381
50.1905
50.1694
53.0188
57.2908
61.7149
66.4203
69.2695
70.8053
69.3696
63.3087
54.5383
44.0676
33.1484
23.2582
18.3768
20.16
29.7724
29.0879
35.3596
33.2675
29.1225
24.3016
19.6671
16.9652
18.5564
24.5038
32.8797
40.4002
46.5217
51.4138
54.4692
55.3873
54.3679
51.7571
47.6339
44.0813
41.8837
41.1632
42.5667
45.5795
49.4564
53.1031
56.2563
58.2598
58.3391
55.1521
52.1679
40.1107
43.6109
33.2691
24.32
21.7189
28.4819
39.401
46.998
55.9956
69.1845
79.4906
85.3123
85.2815
82.5597
77.0155
69.7906
61.722
57.3805
56.1602
59.0568
64.1765
70.5845
78.5306
82.6059
86.4266
85.6188
79.5181
67.5489
54.0222
45.0638
28.8172
20.421
31.178
42.0005
52.5705
61.6287
67.5676
69.8896
68.8065
66.6353
63.5622
59.3529
58.8503
59.3851
62.2493
66.27
70.0041
74.5874
76.2798
77.4981
73.8024
65.7097
54.9109
43.5395
32.7138
22.7289
19.1901
18.111
16.0481
25.0578
51.8312
41.152
52.7655
64.6399
72.9856
78.4945
78.6312
78.819
73.2472
70.2674
67.1106
67.7041
70.6658
76.0171
81.52
86.0498
89.2193
89.0043
83.3691
72.387
58.154
44.0834
32.5474
28.8352
29.9196
28.7947
25.6675
23.5927
23.4477
26.1982
42.7279
29.6744
39.7718
56.7459
75.0142
88.9637
98.5029
103.205
103.717
101.421
99.5255
96.8929
97.2387
98.697
104.258
107.407
110.978
110.226
105.653
95.8215
80.1804
60.6898
40.9812
28.3788
27.313
25.6969
21.9663
19.7698
20.0815
30.124
79.7382
72.951
95.9212
119.192
133.677
140.478
140.732
136.483
128.875
125.23
127.341
131.217
132.848
135.402
127.409
120.741
104.881
85.7223
61.6795
43.875
41.3956
43.7949
46.2937
47.9347
46.9125
43.1579
37.769
31.5521
27.0906
35.324
51.7727
41.1119
48.9788
53.7864
54.6968
52.8982
50.346
47.694
45.6797
44.9481
45.326
47.7174
50.9607
54.9756
58.5991
62.1334
63.7099
64.3782
64.6015
62.2427
59.9176
54.5056
44.5499
32.7414
32.3541
42.9487
54.9891
64.518
68.4935
58.7354
26.8761
22.0517
27.4526
28.9803
33.9275
39.3602
44.7096
48.431
49.5536
48.5394
46.3321
43.8583
41.0784
39.7833
40.3767
42.6254
44.5308
47.5463
48.1938
48.3941
44.2165
38.7434
33.1162
24.9712
16.0068
9.94738
7.89751
8.89017
9.96304
4.57401
14.4882
13.6784
14.7133
14.5016
13.3166
12.1998
11.752
11.9709
12.2816
12.2647
11.9338
13.003
13.9185
13.8875
22.6905
21.1665
21.4908
20.8368
18.0726
14.349
11.3759
10.3489
12.7057
17.3586
21.9258
27.1858
33.7842
39.8023
43.8093
44.2758
41.1368
35.8456
30.2795
25.5147
22.3492
21.9224
24.8036
28.8639
32.8778
35.6354
37.4327
37.5978
36.0579
37.4904
27.8698
32.1251
28.7815
23.4239
17.6471
14.1863
15.9472
20.3983
25.0599
29.1625
34.1469
40.6346
46.7574
51.3726
53.7631
52.1293
49.6999
45.4073
40.8379
36.9774
34.6639
35.2065
38.6862
43.2469
47.1258
49.5823
50.8633
49.7398
44.9208
46.8282
42.9717
58.5939
54.4194
45.1813
34.9841
25.2421
20.114
25.581
34.4563
41.76
45.5263
46.8815
49.3556
54.6909
63.5943
70.8556
72.598
70.2683
65.7226
59.6895
54.8162
53.2194
55.4079
57.9861
60.8628
61.9589
61.0715
58.163
52.6524
57.6625
31.0726
22.8932
21.2073
31.1973
42.432
52.5712
60.0993
63.0317
62.6547
58.9556
54.7019
47.8901
42.4208
37.054
35.696
38.9129
45.8281
53.778
60.002
66.2459
70.2041
69.5222
64.8692
56.5611
45.4357
33.5512
23.6642
18.4416
19.645
30.163
29.033
36.8167
33.9973
29.1258
23.9486
19.6683
17.9449
19.9429
25.8902
33.6675
40.5295
46.4856
51.213
54.2833
55.0755
53.0345
48.8171
42.95
37.139
32.0627
29.2157
31.3193
36.4477
42.6507
48.6663
54.1821
58.4735
60.5825
59.1652
52.614
40.0335
46.5076
34.7718
23.4435
19.2309
27.2861
39.1022
47.0299
56.9449
70.9741
82.1008
87.8416
87.9758
84.5427
75.8665
64.6026
52.999
41.8536
37.2683
42.5347
50.9795
59.7264
70.8049
77.6976
83.7552
86.4291
81.5689
70.747
56.8084
45.5455
30.5687
22.4109
32.5195
43.5127
54.8626
64.3652
70.3396
71.536
69.1638
64.7871
57.5932
50.0874
45.8055
44.2669
48.9743
55.7806
61.5841
67.8957
72.2701
75.5443
73.832
67.7449
57.5348
46.1915
34.7401
24.3979
19.5164
17.8979
16.6862
26.8783
54.0543
42.9546
54.9834
66.6715
74.9324
79.3215
78.2473
75.5957
66.3909
59.0641
49.5367
48.274
54.5208
63.4654
72.2241
80.5888
86.6829
88.0324
84.5981
75.2404
61.3796
46.8205
34.6987
30.024
29.9528
27.5689
24.1074
24.3058
25.995
26.5929
47.7241
29.2675
41.9576
61.2634
79.4073
92.9266
101.128
103.686
99.7423
94.1758
83.8156
75.1831
71.2371
79.5533
89.1735
98.936
105.911
110.241
107.811
100.255
85.2422
64.461
43.3357
29.1316
26.1836
24.1056
21.2567
20.5172
22.014
31.8689
81.9459
81.2345
106.072
124.832
134.621
136.524
132.162
120.104
106.469
98.9743
98.1342
109.037
115.975
129.533
126.525
123.473
108.279
90.7295
65.6521
49.0638
46.9183
47.4658
48.8013
50.6267
50.6112
49.0645
45.2633
38.6754
32.5036
38.2409
52.6226
42.3651
49.7142
53.7693
53.2962
50.3836
45.4844
41.1379
37.0618
35.0112
36.1241
39.6875
44.8804
50.221
55.8138
59.812
62.4635
63.2771
62.8963
61.617
59.0978
54.8098
47.3831
38.6569
36.2397
42.9649
54.4982
65.0551
70.3178
57.3175
27.5922
20.6097
27.3598
28.85
33.409
39.7448
45.5491
48.8857
49.0663
46.9907
43.2242
37.9772
33.3371
30.8815
31.981
36.7704
40.5732
45.353
47.4754
49.0395
45.7809
39.6985
32.387
26.5162
18.1056
10.9052
8.11666
8.41176
9.19083
4.09403
14.2664
14.6157
14.6255
13.0048
11.4366
10.2159
9.29483
9.25663
10.4022
11.7116
12.2652
13.6973
14.6887
13.9925
23.6446
21.8001
21.9835
21.5003
19.3706
15.861
12.7167
11.612
14.1823
18.8356
22.8365
27.9637
34.6859
40.7355
44.2622
43.6232
38.9523
32.489
25.9068
20.1411
15.5359
14.9632
19.8513
25.8033
31.2726
35.2224
37.8412
38.6983
37.8463
36.6794
27.7265
32.2447
28.5883
23.5616
19.1872
17.5678
18.9488
22.0443
25.815
29.4786
34.8115
40.8955
47.6735
52.3866
54.0179
51.4577
48.0388
41.5225
35.3712
28.8348
24.4948
27.3333
34.138
40.5926
46.7248
50.7719
52.3355
51.3675
46.2395
46.1268
39.9818
60.3067
55.2475
45.5942
34.6595
25.1128
21.5234
26.6027
34.5809
41.3556
45.0393
46.9532
50.2806
57.4316
67.8743
73.9957
73.2933
67.8327
60.27
50.588
42.8654
39.6669
44.6334
51.7832
58.5348
62.3479
62.7173
60.7203
55.2829
56.7801
33.0442
24.9751
24.3374
34.3794
45.2538
54.9651
62.0352
64.5119
63.3509
58.691
53.8463
45.1949
37.4337
28.9084
22.7417
27.2682
37.9342
47.5804
56.6531
64.6775
68.6566
69.2149
65.4225
56.7264
45.1116
32.5397
22.3411
17.8366
19.9965
31.0809
28.826
36.7712
34.197
29.8646
25.2868
22.0619
20.9396
22.4684
26.8181
33.0139
39.006
44.5433
49.7858
53.8735
54.5265
52.2221
47.5083
40.7004
33.1977
25.3209
18.8072
21.9721
30.0425
37.9808
45.9685
52.6282
58.4606
62.1778
62.2007
50.5596
40.9603
48.9303
37.1805
24.2543
17.785
25.8063
37.4972
45.7354
55.605
70.1577
82.1672
89.5851
90.5032
87.0781
77.5449
66.5747
50.9664
36.3423
25.5017
32.0369
43.1083
53.9199
66.1236
75.4614
81.7667
86.9709
82.8293
71.8885
58.1066
45.5806
33.1951
24.1869
33.0517
44.0868
55.8483
65.9932
72.1142
73.2276
70.6659
64.5255
55.2692
45.2277
34.6048
27.6521
35.7729
46.2292
54.2567
62.5134
68.4793
72.6094
72.6782
67.8681
58.5716
47.2875
35.3764
24.574
19.3799
18.3573
18.9241
31.2972
54.1638
43.8824
56.2373
67.7245
75.5675
80.7944
78.5644
75.2054
64.5666
53.3338
37.8682
32.8422
42.2993
54.0352
65.3955
76.5482
83.2145
86.1498
83.5678
75.1534
61.08
46.4238
34.0138
29.121
28.3398
25.339
23.5617
26.4788
28.4438
27.742
48.101
29.1501
43.8705
63.8959
82.0434
95.4857
102.831
103.102
97.4898
88.1428
71.3675
54.658
48.067
60.6417
77.7757
91.3486
103.402
109.496
109.308
102.473
86.6847
65.4613
43.3656
28.3385
25.1086
24.233
23.9909
25.0175
26.5252
37.7397
84.1369
87.4243
108.998
124.144
129.624
131.735
120.407
105.184
82.8682
69.0967
72.7899
90.7816
103.224
119.37
123.23
123.349
111.178
92.5536
68.3772
55.6015
51.4319
48.5364
47.9427
47.8192
48.0597
47.3204
45.2294
42.4759
38.4298
45.3833
52.4102
42.5392
49.4584
54.1391
53.9943
50.039
44.3391
37.9148
30.508
26.5286
27.86
33.6076
40.1162
47.4533
53.5023
58.6633
61.3647
61.5479
59.0985
58.8114
56.088
53.3329
48.9849
43.936
41.9142
45.486
54.3294
64.0987
70.1607
56.4136
31.1546
20.3873
22.5372
30.6069
33.2104
39.3609
45.7966
49.3035
49.2069
46.644
41.6891
34.7441
26.7289
22.2358
25.3605
32.8247
38.0052
44.3014
46.8547
49.1392
47.0733
41.2109
31.9348
26.5334
19.941
12.9077
9.40938
9.45576
10.1704
6.32524
14.1033
14.765
13.3705
11.6917
10.6159
9.30282
7.9321
7.40863
8.86781
11.2756
12.6646
14.4314
15.1966
13.8656
17.2562
21.1947
22.1788
22.2121
22.2281
21.9223
20.4642
17.7981
14.937
13.713
15.8452
19.6989
22.912
27.8979
34.4439
40.5635
43.8762
42.3741
37.0842
30.3217
23.7844
17.8424
12.3371
12.2597
18.8191
25.4074
31.3679
35.6121
38.3934
39.6839
38.4431
35.5427
30.7516
28.5767
29.3466
31.1297
27.5052
23.175
20.2345
19.5983
20.6125
22.9276
25.8007
28.8568
34.0662
40.4089
48.2115
52.752
54.3202
51.1762
47.5371
40.7106
34.2281
26.1779
20.5863
25.5775
34.8013
42.6316
48.7822
53.1113
54.4986
52.1831
46.1343
39.7172
38.4587
36.9111
46.0132
60.0084
55.3109
46.0124
35.8019
28.2365
25.5991
28.6939
34.3668
40.0287
43.0796
45.3553
49.6941
58.911
70.2136
75.1146
72.9303
66.2128
56.7932
45.7034
35.0902
30.7739
40.1635
51.0415
59.7228
64.0327
64.6331
62.1524
55.7823
49.0975
36.4829
40.9954
39.4512
30.8153
30.6104
38.3404
48.0562
57.2226
63.8844
66.2734
65.1504
61.0135
56.474
48.6946
41.1234
33.6151
27.1715
29.7094
38.2711
47.8558
57.4657
64.1943
68.0977
69.0738
64.5166
55.5896
43.2385
30.8747
21.7039
19.5349
21.8687
22.9287
31.0443
31.4498
32.3539
35.5738
32.9214
29.5284
26.2482
24.0979
23.3621
24.2355
26.8995
31.1263
35.9516
41.7969
48.101
53.0601
54.6412
52.3392
48.5402
42.6895
35.568
28.4602
22.1137
23.2189
29.6458
37.3746
45.1543
52.1035
58.5346
62.7428
62.9773
52.1732
40.5498
41.2228
50.4938
50.587
39.5357
26.3485
18.2296
24.3356
35.3314
42.8795
52.1951
66.4432
80.3445
88.8879
92.0958
88.799
82.7307
72.1242
58.9309
46.6079
37.5878
37.7075
44.614
54.9732
65.5712
75.0387
82.2677
86.2305
82.7759
71.4145
58.0285
46.013
37.6706
35.1799
25.1632
25.4951
32.9126
43.5053
55.5701
66.1786
72.7486
74.5829
72.632
66.2424
58.0288
48.3943
37.6731
27.8033
32.2319
41.821
50.4126
59.3401
65.4692
70.2334
70.728
66.7036
57.9527
46.3741
33.9678
22.5965
19.7081
21.5032
24.9635
31.0631
42.6405
46.3877
36.0212
45.516
57.0033
68.0498
75.9695
81.6885
80.0544
77.8268
68.8134
59.6983
46.8291
40.0875
44.0521
53.683
64.4725
74.5178
80.5482
83.6543
80.9805
71.9915
57.9868
42.4769
30.1228
26.2751
25.2106
23.9222
25.8513
30.1561
32.0251
34.6455
44.6935
43.0198
26.6101
30.2373
44.6885
64.6232
82.9567
95.9678
102.91
103.076
98.8763
87.7019
70.6858
53.2776
43.6511
56.6072
73.4043
91.0278
101.889
109.838
109.831
102.587
86.5297
63.3338
40.6088
27.3492
26.0842
27.2972
28.8001
29.1876
28.9048
29.7154
47.2698
53.4118
60.9481
84.4443
104.44
116.718
125.108
123.332
115.746
94.0457
70.5192
54.2969
59.6273
81.0102
96.3579
114.711
119.449
122.982
110.584
91.5855
71.3425
61.4027
54.3505
48.3093
43.8852
42.1896
41.9578
42.3429
42.6809
41.6378
39.4849
36.8113
43.6573
45.299
44.505
45.8126
50.1973
55.2768
56.4916
53.6926
48.0401
41.2664
32.7236
26.8887
26.8757
32.5577
39.6292
46.5207
53.1693
58.4433
61.251
60.2962
55.9151
53.3269
51.1966
49.6967
47.8696
45.3646
44.0555
45.856
51.9615
60.3055
67.0255
59.8084
51.8563
45.575
32.0822
26.4259
22.2427
28.8377
35.989
40.4155
45.8493
49.9046
50.5233
48.3951
43.8609
37.0375
29.2927
24.0549
27.043
34.3374
39.056
44.8614
47.2202
49.4057
47.7709
42.3373
32.9825
25.5377
20.7784
15.5415
12.1057
12.1905
13.0749
11.4827
7.27107
3.95611
14.0073
14.2205
12.2911
11.2742
10.4775
9.15806
7.48568
6.95584
8.73693
11.2564
13.0839
14.8155
15.0652
13.0553
10.5245
12.7687
20.0682
21.6659
21.8971
21.7252
20.9253
19.1376
16.9577
15.7884
17.1595
19.752
22.2416
26.7877
33.0694
39.2346
42.6264
41.064
35.9582
29.9276
24.4333
19.905
16.9021
17.7818
22.3178
27.6569
32.5064
36.6953
39.0099
40.0024
37.8268
31.9808
17.2577
17.7256
28.9982
28.5791
25.285
21.7629
19.911
19.6442
21.0417
23.1503
24.9121
27.3178
32.3814
39.7934
48.3029
52.9832
54.8309
52.1964
49.6827
44.094
39.3583
33.7372
31.643
35.331
41.7432
48.2007
53.2538
56.5794
56.2687
52.4231
44.9074
36.3866
22.4631
29.6781
53.2985
57.2385
52.8123
44.6583
36.7854
30.6593
28.6599
30.1474
33.832
37.8847
40.2271
42.872
47.8807
58.9117
70.6892
74.9251
73.0044
67.2398
59.612
50.8025
43.923
43.6843
51.4691
58.2691
64.4076
66.6689
65.8633
61.7429
53.7686
42.5941
31.992
41.2767
45.3945
34.4437
33.8272
40.8829
49.6249
58.3805
65.2946
68.1913
68.109
65.2439
61.9294
56.5338
50.8564
45.7383
42.0228
43.4169
47.9403
54.7941
61.0131
65.5606
68.932
68.0532
62.7438
53.5616
41.7319
30.8393
23.5957
22.6688
24.2685
24.2987
23.0601
24.215
32.9855
32.3943
30.0469
27.7766
25.9663
24.8549
24.6044
24.9285
26.0801
28.2783
32.0648
38.742
46.2246
52.1369
54.9055
54.4922
51.76
47.9415
42.9351
37.6578
33.9442
33.4127
36.0222
40.5733
46.3346
52.3123
57.88
61.4803
61.7616
54.1843
27.1275
27.7645
49.6984
51.2398
41.4005
28.5872
19.6787
23.4983
32.4283
39.1104
47.0672
60.529
75.4396
85.8708
91.6234
91.8906
87.912
80.0681
69.8324
60.6656
53.9493
51.9136
54.3379
61.5204
69.6224
76.1701
83.2875
85.062
80.5229
69.2984
56.3816
45.6066
25.0731
22.0302
22.5474
23.4865
30.5548
40.879
53.0383
64.3245
71.9071
75.6057
74.2502
69.7055
63.5264
55.9687
49.247
42.9859
42.1692
46.4296
52.7871
59.1303
64.323
68.5106
68.5228
64.7393
56.093
44.6921
31.9613
22.1605
20.1952
21.4291
22.8896
24.1373
25.2534
28.3186
34.8743
44.5565
55.4883
66.515
74.8404
81.8577
82.3766
81.3756
76.2131
70.7863
62.5362
58.0138
57.646
62.1458
69.0466
75.251
79.6627
81.0863
76.8167
67.2988
52.6233
35.8342
25.5635
24.0897
23.9031
25.3645
29.2102
32.41
33.2293
31.94
25.6924
23.3948
23.2667
29.5282
42.8658
63.146
80.9043
94.3197
101.562
104.384
101.093
94.4282
81.4006
71.0937
64.3801
71.0913
81.0975
95.9722
104.363
109.31
108.221
100.439
82.509
59.6942
38.511
28.211
27.7367
28.8841
29.209
27.6616
25.7255
25.2353
29.4863
34.594
55.5864
80.0356
97.733
110.411
118.365
120.671
114.535
101.233
84.4031
71.7471
75.6276
87.0293
101.259
112.617
119.097
119.783
106.328
90.078
72.1636
63.7118
55.8768
46.2407
38.7489
34.6995
34.6085
36.571
39.1432
40.5398
40.1795
37.9165
32.5321
33.7158
41.4546
48.7493
54.2946
58.4526
60.879
59.7789
55.8405
50.2949
44.0616
38.9988
36.7798
39.1244
43.8774
49.2159
55.1368
59.448
62.0295
60.612
54.0336
48.2923
45.8911
44.6513
44.2455
43.591
42.7499
43.1241
46.2613
52.3746
59.2857
63.2459
47.7654
43.2291
42.3058
35.2875
28.4973
28.5264
37.1888
44.3907
48.1917
51.2621
52.6014
51.9646
48.8149
44.7551
39.7123
36.8906
36.9528
41.2086
43.988
47.091
49.5396
49.9683
48.5364
43.0132
33.6269
25.0852
20.9394
17.7501
15.4223
15.8229
16.7154
12.9572
5.1123
3.35532
13.8301
13.1948
11.5952
11.1247
10.9152
9.82086
8.40988
8.18555
9.69941
11.8194
13.6303
14.8581
14.33
12.077
9.14831
11.1471
17.9262
20.0537
20.6004
20.8039
20.6275
19.7881
18.5995
17.8229
18.2565
19.4027
20.9651
24.8511
30.6293
37.1594
40.9367
40.068
36.2145
31.5358
27.5392
24.6687
23.3996
24.4514
27.4602
30.9973
34.8113
37.8905
39.8128
39.5605
36.2826
28.4459
16.5231
17.4012
26.1492
24.9836
21.8233
18.9664
17.8556
18.9868
20.9973
22.529
23.3296
25.1987
30.349
38.8253
47.8502
53.1061
55.983
54.9511
54.1916
50.6806
48.7202
45.5689
45.7153
47.7638
51.4724
55.5036
58.5394
60.005
57.779
52.3615
44.1561
34.5229
22.6543
30.4189
50.6074
51.8764
48.1801
42.5241
36.3837
32.1786
30.3208
30.4676
32.5234
34.9813
36.6939
39.099
44.597
57.1649
69.4202
74.6973
74.3887
71.9064
68.5409
64.4508
62.1266
62.7108
66.2952
67.904
70.129
69.2286
66.0026
59.9333
50.5107
39.859
36.9622
45.1867
46.2204
33.6299
34.1993
41.2823
49.2168
57.917
65.4915
69.7119
70.9759
70.2113
68.5889
65.979
63.145
60.304
59.1003
58.9893
60.8577
63.8643
65.9674
69.0401
69.3991
66.594
60.5686
51.5078
41.4584
32.2199
25.9864
25.2356
26.2756
26.244
25.0898
24.939
29.9437
27.1793
25.5276
24.7377
24.5526
24.6997
24.7707
24.6573
24.5909
25.1674
28.3134
35.5684
43.7762
50.8803
55.5957
57.256
56.4047
54.0642
51.2368
48.1503
45.3245
43.4137
43.5599
45.7961
49.1085
52.9842
56.6286
58.9309
57.7018
49.4703
25.9676
28.4312
47.5931
50.923
43.2664
31.2105
21.9567
23.4175
29.9396
34.7402
41.1628
52.422
67.7403
80.0489
88.4566
91.828
92.159
87.8737
82.358
75.6065
70.3467
67.2298
67.5942
71.3329
75.051
79.3718
83.027
82.1959
76.0652
64.8528
52.3861
43.0027
24.1716
19.9355
20.4644
20.8822
27.2038
36.7647
48.3987
60.1461
69.4405
74.7206
75.5886
73.7883
70.0335
64.4061
60.0991
56.5093
54.8571
56.801
58.6403
61.9523
65.3518
67.1806
66.1949
61.6827
53.3118
42.3849
30.2211
22.2754
20.3968
20.8332
21.0093
20.8312
21.4638
24.9717
32.2573
41.4142
51.6853
62.8192
72.1427
80.1347
83.7046
86.0656
82.8989
82.6365
78.0188
74.8057
74.259
75.0908
76.8323
78.6606
79.7334
78.0252
71.9023
61.3364
46.1438
30.2176
24.0671
23.3786
24.881
27.7044
30.8976
33.0367
32.5515
28.4026
20.6895
19.5524
21.2821
28.0774
39.1511
58.0616
76.4732
90.172
99.7549
104.069
104.366
101.828
96.6714
91.5128
88.4052
88.7764
95.4388
102.706
107.577
107.702
105.357
94.2143
76.4816
54.5756
36.7786
29.2587
28.0821
28.1214
26.3243
23.3884
22.1809
24.525
31.3518
36.4093
52.4688
72.9306
89.5181
101.224
110.569
115.19
115.798
111.327
104.259
101.049
97.7459
100.189
107.148
117.74
115.126
112.719
101.736
83.9208
70.6198
64.355
55.0175
44.7975
35.9209
30.7417
31.3712
34.8676
38.5681
41.6075
43.3315
42.3056
38.3351
36.6855
40.218
48.9802
58.6667
65.2516
68.469
68.352
65.6038
62.0172
57.0372
53.2324
50.2547
50.1344
51.9522
55.4236
58.9996
62.4906
63.6686
61.6375
53.9214
44.4977
41.0442
39.6264
39.2115
38.9312
38.5685
38.3293
38.9785
42.2152
48.1548
57.469
49.8442
48.3793
44.7927
36.2461
30.7104
30.4049
36.6135
46.3484
52.5188
54.6907
55.8146
55.5745
54.8423
52.4887
50.5923
48.9587
48.0886
49.3197
50.6469
51.1158
52.2865
51.0869
49.5412
42.8163
33.5485
24.6103
21.0642
19.5935
19.1226
20.5747
20.8497
12.2922
4.18755
2.87748
13.5191
12.1985
11.1373
11.166
11.6303
11.2055
10.391
10.2337
11.2438
12.7613
14.0524
14.329
13.0818
10.8714
7.74536
9.02519
15.4201
18.1132
19.1924
19.683
19.9525
19.8763
19.5469
19.2494
19.1544
19.2074
19.6906
22.184
27.3611
34.2973
38.9085
39.6431
37.5913
34.6672
32.2267
30.5934
30.1249
30.8964
32.5996
34.7194
37.3846
39.0959
40.1174
38.671
34.3641
26.1232
17.5096
17.8986
22.899
20.7996
17.935
16.2852
17.026
18.8612
20.3841
21.3363
21.6349
22.9415
28.0078
37.1046
46.6333
53.034
57.4642
58.2083
60.0032
58.4539
59.2126
57.4985
57.9439
58.9797
60.1008
62.1977
62.4755
61.989
57.8298
51.5687
42.7161
32.8097
24.042
29.4787
43.8398
44.1206
42.2811
38.4829
34.7034
31.7692
30.2238
29.9396
30.8343
32.1024
33.0428
34.6553
40.231
53.8282
66.7961
73.614
76.2983
76.6801
76.884
77.0095
76.9713
76.8478
77.147
75.6625
74.1723
69.9228
64.3103
56.4494
47.2005
39.7571
39.7988
45.312
43.376
29.0762
31.6449
38.9657
46.3265
54.8977
63.6263
69.8266
73.0047
74.2958
75.0712
74.8116
73.9022
73.2195
71.5837
71.5491
71.9452
71.4507
71.559
71.3019
68.7344
64.472
58.2326
50.0924
41.4866
32.9687
26.7924
25.1062
25.6611
25.513
24.3139
23.1684
24.7169
21.554
21.126
21.8871
22.846
23.64
23.8635
23.5057
22.8141
22.3975
24.8977
32.0797
40.7184
48.6954
55.2437
59.4744
61.0184
60.3167
58.6481
56.6676
54.8714
53.111
51.8188
51.4269
51.9164
53.2218
54.2666
53.8816
50.7361
42.0977
26.1422
30.772
46.1997
50.8611
44.7565
33.3806
24.6841
24.5669
28.4617
31.0551
34.8362
43.6049
57.1744
71.2999
81.6993
88.2444
91.7026
92.8074
91.2724
88.0416
84.3307
81.8272
80.065
80.1982
79.8485
81.1668
80.3889
76.6846
69.1295
57.7369
46.4117
38.5114
23.4349
18.7867
18.1878
18.5316
23.2619
31.5745
41.8213
53.8193
64.362
71.8284
75.5125
76.306
76.0823
74.1578
71.4838
69.7933
67.9006
66.7294
65.4186
66.689
66.585
65.7671
63.1537
57.723
49.4429
39.09
28.4802
21.7817
19.7262
19.3042
18.4939
17.5509
18.4178
21.7489
28.4987
36.4634
45.6569
56.7161
66.9529
76.3946
82.3763
87.3447
89.0264
89.4408
89.5621
88.5529
86.0434
84.5555
83.0927
81.495
78.8872
74.1136
66.3715
54.9508
40.6133
28.3522
23.846
23.4137
25.1087
27.8525
30.3733
31.5337
29.9024
24.7064
18.3681
18.4638
20.9541
25.9292
33.6211
50.1641
68.9882
83.942
94.6945
102.982
106.03
109.167
108.23
107.174
105.979
107.2
107.725
107.167
106.901
104.651
97.6478
85.3252
67.92
49.7229
35.9184
29.7379
27.6079
26.155
23.4607
20.2379
20.5203
24.918
31.7837
36.2948
47.666
64.3639
80.4916
92.5384
102.925
111.073
115.792
117.226
117.506
113.433
114.359
113.404
117.958
113.595
109.825
105.557
90.3256
75.6364
67.7657
60.2041
52.2118
45.0818
39.3226
36.5325
37.7167
40.1895
43.7631
46.5396
48.2945
47.9609
44.7522
41.6573
41.9035
47.7306
58.0782
68.8758
76.6893
78.6288
77.8689
74.2302
71.0859
66.637
64.4186
62.8022
62.4555
63.5617
64.9308
65.9991
66.1895
62.5343
53.9023
42.8532
37.6901
35.7744
34.9305
32.7851
31.3824
30.84
31.0835
32.1188
35.8254
45.9754
46.7149
43.3466
37.124
32.3125
30.3443
31.5929
36.4496
44.9171
54.1156
58.9448
59.7811
59.8257
59.2363
59.0509
58.1623
57.3732
57.5932
56.4915
56.8183
55.1866
54.8481
52.9615
49.5585
41.7379
32.2401
23.3791
20.8851
20.9793
20.1664
20.769
19.511
9.70416
3.42218
2.64444
12.9985
11.2446
10.6883
11.1585
12.2363
12.6804
12.5353
12.3804
12.7125
13.4249
13.8537
13.252
11.6708
9.45314
6.95403
7.3732
11.682
15.7906
17.7906
18.8161
19.4575
19.845
20.0119
20.0746
19.8776
19.3014
18.735
19.4446
23.3749
30.7768
36.6179
39.3945
39.5484
38.6322
37.6379
36.9896
36.8262
36.838
37.5647
38.2458
39.3773
39.6622
39.626
37.2016
32.685
25.2623
18.3235
17.5521
19.812
17.5297
15.899
15.9611
17.1511
18.4157
19.647
20.3414
20.2784
20.7139
24.9504
34.1974
44.317
52.3204
58.1222
61.4814
64.8991
65.8797
67.6875
67.3423
67.7192
66.9145
66.5084
65.815
63.9961
60.9847
55.6838
48.3455
39.575
31.0342
25.1617
27.2042
35.4071
35.7425
34.9755
33.2122
31.4151
29.907
29.0778
28.9139
29.3013
29.7275
29.6447
29.9985
34.7408
48.5864
62.4878
71.2611
76.3494
79.8889
82.6297
84.3179
85.3068
84.6652
82.3194
78.5667
73.7444
67.2596
60.04
51.9398
44.3902
39.3566
38.7257
41.7139
37.0663
22.5974
27.4505
34.4857
40.5953
48.8646
58.8491
67.4218
73.046
76.642
79.0651
81.2698
82.752
82.5392
82.8208
81.2702
79.2281
76.8126
74.4934
70.9587
66.6204
61.5804
55.3458
48.1735
40.0247
31.6517
24.88
22.1186
22.56
22.7826
21.7123
19.885
19.3615
17.3412
18.0038
19.4108
20.7465
21.6343
21.9446
21.6277
20.9496
20.3453
21.9685
28.2274
36.6957
44.8476
52.472
58.8538
63.0585
64.6951
64.3472
62.8907
61.15
59.2981
57.2421
55.0601
53.3445
51.5204
49.2757
46.1505
41.3474
33.8001
26.755
33.3582
45.9723
49.2714
44.4485
34.3301
27.6954
27.2627
29.1242
29.2311
29.8344
35.0703
45.6096
59.3735
71.7778
80.9009
87.4273
91.2096
93.7428
94.1923
93.6581
91.3598
88.4734
85.7309
82.3777
79.55
75.2031
68.9443
59.9669
47.9623
38.4482
30.8221
21.2954
17.7917
16.9252
17.0987
20.2954
26.1621
34.3693
45.177
56.6609
66.3185
73.1445
76.702
78.2173
79.2579
79.415
78.1965
77.1554
74.3103
72.3185
70.1746
66.6178
63.4854
58.9077
52.5555
44.5126
34.88
25.9739
20.614
18.4451
17.4909
16.5194
16.1011
17.7894
20.6937
25.2124
30.6218
37.9221
48.5723
59.2518
69.9575
78.056
85.5422
89.4754
92.8835
94.0047
93.7565
92.9939
89.9939
86.205
81.5994
76.0562
69.1103
59.9744
48.9084
36.5518
26.8779
22.5248
21.7478
22.9694
25.0588
27.1924
28.0185
26.505
22.9658
21.2031
22.5245
23.3519
25.0252
27.8541
39.945
58.7553
74.7491
87.6246
97.9868
104.883
110.922
114.974
116.159
117.164
114.649
111.868
107.277
102.977
96.2186
86.1322
73.5676
58.735
44.0779
34.667
29.8962
27.6683
26.4154
24.7801
24.0537
25.6894
28.5913
32.8129
35.231
42.0127
54.1483
69.9477
81.7821
93.115
102.951
111.308
117.944
120.155
124.199
120.278
121.574
112.005
107.355
102.205
89.6605
77.2546
67.0852
59.6041
54.3865
50.9791
48.1437
46.889
47.2921
48.8059
50.8668
53.0056
54.54
54.8639
53.8287
50.2703
45.2697
42.9561
47.0519
55.9455
67.4041
78.3575
85.3649
87.9549
86.4249
84.0095
80.5817
77.0765
75.1026
73.0171
71.2983
70.354
69.4769
67.7234
62.9464
52.3649
41.4909
35.0805
33.1394
32.2551
30.7254
27.6417
25.2088
23.5228
22.9083
23.6524
29.488
30.7009
29.3869
28.2687
27.4499
27.6122
30.3832
35.643
42.6298
52.0743
59.5933
63.4197
63.8668
63.9341
63.5262
63.8512
63.3001
63.4713
61.5212
61.2243
58.2515
57.7168
53.596
48.4909
39.0275
29.3021
21.2734
21.1322
20.8668
19.2565
18.5669
14.7197
6.44723
2.6758
2.46394
12.4131
10.5352
10.3705
11.0732
12.3544
13.5087
13.8632
13.7331
13.4504
13.2125
12.7595
11.7417
10.1741
8.24356
6.76264
7.02922
8.55081
11.8573
15.104
17.597
19.0739
20.0323
20.6146
20.9212
20.6457
19.6459
18.3463
17.4555
19.1376
26.5493
33.7123
38.5746
41.1524
42.2896
42.791
42.9275
42.7174
42.3828
41.806
40.857
40.3691
39.0353
37.5757
34.9114
30.1237
23.5393
17.347
16.3807
17.2689
16.6204
16.7501
17.5026
18.3797
19.1132
19.6895
19.98
19.4867
19.0432
21.4151
29.9674
40.6029
50.1668
57.5147
63.3651
67.45
71.0391
72.8554
74.1171
73.1063
71.7726
69.0442
66.1884
61.7945
57.1715
50.6409
43.1867
34.9724
28.8768
25.3945
25.2033
27.5769
27.1865
27.4204
27.4435
27.4807
27.8475
28.132
28.6818
28.8986
28.532
27.3381
25.9458
28.2991
41.1679
56.056
66.7546
73.8073
78.6867
82.1816
84.4318
84.7266
83.1284
79.8927
74.7581
68.4573
61.3986
54.2714
47.0872
41.0436
36.2443
33.4415
34.1884
28.9904
20.3196
26.1508
30.6766
33.3486
39.8211
50.6808
61.6713
70.2319
76.3056
80.6673
84.2947
86.3792
88.0808
87.2086
85.9064
82.615
78.7379
73.9935
68.5171
63.1709
57.416
51.1334
44.053
36.1044
27.7696
20.5916
18.6275
20.1011
21.1139
20.5276
18.4678
16.2951
15.4116
16.0713
17.382
18.5877
19.4028
19.7561
19.7271
19.4531
19.2194
19.8978
23.8929
31.4513
39.1129
46.5063
53.835
60.069
64.7713
67.225
67.3957
66.1004
63.6769
60.6313
57.285
53.1997
48.7054
43.9967
39.0151
33.7065
28.6166
27.9238
32.4764
42.6229
44.406
40.7381
34.3678
31.3862
32.0214
32.3378
30.7182
28.0645
29.1819
35.239
46.3591
59.049
69.5892
78.0713
84.6476
89.2768
92.3579
93.7242
92.8585
90.138
85.6444
80.0122
73.6855
66.1952
57.5201
46.9673
35.3725
26.3244
22.2974
19.0582
18.2123
18.634
19.3106
20.4066
23.0608
27.169
35.3471
46.9681
57.8949
67.3958
74.3871
78.8108
81.3773
83.1515
83.7327
81.5016
79.7178
75.2592
70.2456
64.8839
59.4139
52.9598
46.0727
38.2129
29.6782
22.8629
19.7035
18.8097
18.8671
19.5658
20.8479
22.5851
24.1257
25.4111
26.3554
29.9475
38.8937
49.5988
60.7262
70.4248
79.075
85.3509
90.4708
93.1692
94.8303
92.8146
89.5835
84.2535
77.6239
70.1566
61.8405
52.4317
41.4437
30.5843
22.9574
19.3085
18.4905
19.0654
20.6491
22.8266
24.775
25.7915
26.9437
28.3231
28.3952
27.5732
26.5186
24.8754
29.448
46.1905
63.1184
77.5892
89.9288
99.4366
107.201
112.594
116.733
116.733
113.795
108.333
101.396
92.6725
82.6006
72.2008
60.925
49.0568
38.7694
33.3274
31.2055
31.2313
32.0565
33.175
34.4107
35.8634
36.553
37.1156
36.0672
37.4715
44.7098
58.7906
70.9825
81.975
92.7732
102.301
109.575
116.058
116.721
118.43
110.413
103.909
96.0752
84.8986
73.4417
64.3688
55.0275
51.0902
50.4613
51.4611
53.237
55.8931
58.4152
60.9479
62.5212
63.5873
63.2543
62.0481
58.8051
53.3982
46.0391
41.318
43.5824
51.7165
61.4882
71.8876
80.5086
87.8869
90.3608
91.1486
89.0339
86.7174
83.0598
79.7943
76.4739
73.6903
71.45
67.2228
59.84
48.4014
38.3754
32.8074
30.8907
30.1525
29.4666
28.6979
27.7971
25.8623
24.414
23.3332
23.4696
23.7121
23.7973
23.8211
23.2844
23.689
26.6311
32.4446
39.7534
47.7283
56.7168
62.9894
66.617
67.7175
68.4937
68.2217
68.5923
67.124
66.598
64.5396
61.8511
58.8434
52.9237
44.4617
34.4912
24.5377
18.9575
21.28
19.7447
16.8458
13.549
8.43209
4.03763
2.13692
2.35488
11.699
10.267
10.3406
11.0577
12.0628
13.1295
13.6862
13.6198
12.9632
11.9997
10.9412
9.82482
8.59488
7.42248
7.11901
7.97831
8.71013
10.2466
12.563
15.147
17.4807
19.3858
20.6254
21.0588
20.8645
19.905
18.5186
16.9549
16.0845
21.6902
29.8129
36.3752
41.1693
44.3218
46.2303
47.2182
47.4101
46.3871
44.5821
42.189
39.3463
36.3842
33.4284
30.3265
26.4184
22.1479
19.7324
19.4641
20.2688
21.2309
21.9139
22.0895
21.7732
21.3607
20.6692
20.1664
19.2695
18.5457
19.0051
24.7512
35.0856
45.8727
54.6575
62.5722
67.647
72.6627
74.862
76.1355
75.1146
72.3944
68.0574
62.7393
56.472
50.1418
43.2174
36.0775
29.3429
25.6269
24.7796
24.3651
23.5785
23.1197
24.1169
25.6707
27.5694
29.3214
30.4847
30.8527
30.4469
29.1884
26.5678
23.5462
22.7192
31.5585
46.6393
59.2914
68.1194
73.9955
77.5372
79.0724
78.7613
75.8371
72.1833
66.1603
59.9791
53.3287
46.7576
40.5591
34.9833
30.2313
27.186
27.6621
27.5022
28.7844
30.6179
31.1555
29.433
30.0305
39.5902
51.8066
63.097
72.2787
78.9734
84.273
87.417
89.177
89.1172
86.4664
83.0514
77.4243
71.07
64.2452
57.4273
50.5155
43.5667
36.6035
29.7074
23.3394
20.6818
21.3933
22.2843
22.5716
21.9725
20.1423
17.4278
16.1622
15.8727
16.574
17.3719
18.0734
18.5257
18.8205
18.9774
19.1467
19.3485
20.2526
25.3093
32.2164
38.3619
44.8007
51.4559
57.3763
62.0819
64.9935
66.2007
65.3386
63.0923
59.0606
54.0058
48.2839
42.1927
36.1081
30.7818
27.1601
25.1631
27.0823
35.1469
36.3115
36.1439
36.3303
37.6198
38.9827
38.1024
34.903
30.7258
28.185
30.1511
35.8766
46.4815
56.9978
66.0441
73.4792
79.0999
82.5896
84.1203
83.659
80.4814
75.3475
68.2316
59.8547
50.453
40.3852
30.2358
22.2367
19.0478
19.1644
20.0915
21.5589
23.1408
24.717
25.4837
24.8201
23.9683
26.8005
36.6055
47.7934
58.3518
67.6493
74.8807
79.8344
82.517
83.4106
82.9741
80.0907
73.8996
67.6925
60.4986
52.8601
45.1203
37.6374
30.2299
23.9126
21.3294
21.6833
23.3338
25.1927
26.9368
28.6523
29.9089
30.1224
29.2368
26.9577
25.3054
30.3057
39.6575
49.9604
59.8146
69.6342
76.59
82.4249
85.7344
86.5634
85.4799
81.8405
75.9394
68.4876
59.9978
50.7062
40.9874
31.1437
23.5583
20.1061
19.5445
20.0857
20.9036
22.1987
24.2535
26.9573
29.7886
32.2872
33.2821
33.0007
31.7502
29.8265
26.177
23.2141
32.8388
50.09
65.2445
78.5877
90.0737
99.0401
105.076
108.574
109.431
105.454
98.8535
89.6094
78.6948
67.9576
57.775
48.059
39.3804
34.7449
34.2986
36.2786
39.3372
42.0716
44.8679
46.2253
46.9318
46.3493
44.0862
40.4172
36.5763
38.917
49.5457
61.3244
70.9108
80.6988
90.082
97.691
101.93
105.167
103.015
94.0184
90.1419
76.8989
66.8585
57.3993
48.8684
44.7657
46.7559
50.48
55.6454
60.8378
65.5789
69.3845
72.1745
73.6195
72.8802
70.8686
66.8853
60.9236
52.3088
43.2317
36.9788
37.2323
42.6127
49.9448
57.7832
66.6001
74.4116
80.5577
85.4912
86.5205
86.9396
84.892
81.5817
78.1036
74.1095
69.5399
62.4785
51.9696
40.3102
33.7838
31.7438
31.0617
30.6041
30.2213
30.007
29.9211
30.3046
31.0246
29.1019
25.6575
23.4829
22.6701
22.3518
22.047
21.642
22.2775
26.6125
33.6833
42.0849
50.5504
58.7628
64.9394
69.5301
72.0731
73.7482
73.6697
73.3748
71.3888
67.5713
63.5058
56.7229
48.0332
37.4084
27.1866
18.4051
17.4111
18.8851
15.7555
10.8764
7.42109
4.79149
2.76009
1.9795
2.31567
10.9794
12.6141
11.9722
11.8552
12.3962
12.8973
13.3422
13.7398
13.9107
13.6777
13.2511
12.7414
12.3086
12.184
12.6049
14.1641
16.8104
18.6435
19.9713
21.4031
22.8546
24.0282
24.6222
24.3696
23.8001
23.006
22.2225
21.5444
21.1589
22.4112
27.1417
30.993
34.1314
36.4672
38.2559
40.1606
42.132
44.8149
45.1745
45.1763
43.4163
41.96
39.808
37.5038
35.4869
33.2317
31.0761
29.0977
27.9126
26.9538
26.1764
25.4522
24.8185
24.6447
25.0187
25.7176
25.5731
25.1629
24.8422
25.5143
29.0606
35.543
40.813
45.0866
47.2162
50.3558
51.5394
55.0965
57.5109
60.1574
59.9824
58.6342
55.7484
52.3977
48.2079
44.4358
40.6279
38.6194
37.3628
35.4542
34.3128
33.6466
33.5248
33.936
34.3395
34.2153
34.2015
34.0348
33.7814
32.8265
30.3109
28.1199
28.9569
30.7714
33.6474
39.0811
45.4203
50.7169
55.1272
59.5549
64.1287
67.7999
68.8975
66.6509
63.9838
60.3139
56.2249
52.1399
47.9482
44.1044
41.2339
39.6336
38.707
37.5657
36.1267
34.5055
32.6993
32.7533
36.1547
41.5703
48.5069
54.7472
58.9593
63.2873
66.0924
69.8039
72.2142
75.9699
76.8896
74.9273
72.0229
67.5942
62.5319
56.959
51.1211
44.4099
38.7847
35.0822
33.2734
32.2115
31.6678
31.0495
30.5279
29.2606
27.974
27.5933
28.4972
29.2865
30.0891
30.6063
30.8456
30.5971
29.7703
28.6986
27.87
27.7538
29.3923
33.1904
37.2793
40.7682
44.1637
47.6352
51.0024
54.126
56.2643
57.1556
56.9112
55.601
52.9829
49.2602
44.8552
40.3979
36.8095
35.05
33.459
34.4007
38.4717
38.5735
37.9611
37.2024
36.0037
34.4639
32.7156
30.5855
29.6283
32.2853
37.8316
44.0744
51.6786
59.8536
64.0999
66.2133
67.3813
68.0072
67.6994
66.9522
65.1169
62.329
57.4057
51.3812
44.5687
37.7623
32.1698
29.5191
28.9678
29.2113
29.6533
30.0753
30.0147
29.4895
28.627
27.5233
26.7805
30.4424
38.7677
48.6857
54.0592
57.7043
60.4302
62.8055
64.652
66.1954
66.6635
67.7453
65.2029
62.7067
57.5526
52.1821
46.4298
40.5515
35.2396
32.3676
31.352
31.0612
31.0048
31.1493
31.1823
30.665
29.9911
29.6389
28.9497
28.2307
30.5733
38.1387
46.7914
53.129
56.7981
59.7383
61.6182
63.8404
64.4223
65.7298
65.96
65.5669
62.8839
58.6555
53.2892
47.1726
41.5114
37.0347
34.8369
33.9088
33.2933
32.7483
31.912
31.4265
31.2283
31.6178
31.8371
31.4685
30.707
30.0918
29.6491
28.95
27.7622
26.7207
32.0352
49.0775
62.0222
69.1569
74.0581
77.8034
80.3539
84.2856
85.8975
88.989
87.6549
83.4277
77.486
70.5784
63.1319
55.7121
50.4215
47.8501
46.8955
46.5182
45.7171
44.4729
43.0577
40.711
38.0644
36.4217
35.0823
34.1608
34.3568
44.918
61.4702
75.7324
81.6792
84.559
87.3523
89.3121
91.6036
91.3394
91.303
87.8985
83.0714
75.477
70.0817
62.3682
59.3634
58.5272
58.5763
59.6408
61.0185
62.1132
62.1266
60.7362
58.257
55.3606
52.9048
49.3424
44.3769
39.0555
36.658
39.4272
43.8319
44.8078
49.4722
56.0164
63.6
70.4867
75.5965
78.5543
79.8604
76.9133
72.5397
64.9371
60.6274
57.8698
55.8021
53.2624
48.9508
45.3133
41.9991
41.0808
40.9632
40.9958
41.0313
40.9873
40.7817
40.2852
39.6118
38.7043
37.0208
30.6142
25.0282
24.4242
25.7325
27.9276
29.6047
32.2912
34.9747
40.6396
46.9988
53.9989
59.3331
64.4714
67.0894
68.624
66.9354
64.207
58.3128
55.4355
50.6638
47.7724
41.9212
35.5991
25.5484
16.5079
11.2582
12.08
12.0418
9.97789
7.41426
5.56842
4.14145
3.25787
2.81457
2.3918
7.63238
9.40116
10.5144
11.5074
12.4134
13.0727
13.4812
13.5326
13.2879
12.7854
11.9861
10.8243
9.19529
6.83275
18.7241
19.9955
21.422
22.1056
21.5812
21.0656
20.9875
21.5367
22.0118
22.7234
22.8703
23.2212
23.838
25.1889
27.5779
30.1259
32.6843
35.0336
36.851
37.8185
37.892
36.9726
36.1509
35.2571
34.1524
32.7644
31.187
28.837
23.362
17.9814
23.3924
25.774
27.3147
28.3089
29.0397
29.6533
30.3641
31.1597
31.6538
31.7386
31.8948
32.4904
33.6616
36.1174
39.76
43.0246
46.5465
49.4638
51.6468
52.5715
52.3101
51.0902
49.6334
47.8579
45.7476
43.0043
39.4485
34.3828
26.1278
20.9563
27.0234
30.9996
36.1111
40.1346
42.7409
44.9259
46.5921
48.7057
49.017
47.8711
45.9844
43.9105
42.2829
41.314
41.5534
43.2644
45.9919
49.2997
52.4198
55.0886
56.3874
57.433
57.034
56.3874
54.3985
52.1962
48.897
43.4863
34.3027
27.3444
28.4294
32.759
35.0119
35.8439
36.3839
37.6945
41.1607
46.4703
51.205
57.4274
61.4682
66.7348
68.2661
70.9869
69.535
68.8735
67.08
65.0848
62.4657
58.7481
54.3086
48.8176
38.2319
27.086
25.1522
25.1397
25.294
25.1333
24.9155
24.3545
22.3944
25.3728
27.3215
29.1551
31.0812
33.2505
35.4675
37.3945
39.3
40.0016
39.9055
39.5892
39.8014
41.2334
44.2262
47.6916
51.2472
54.4011
56.6455
58.1044
57.9647
57.6026
57.0811
55.9713
54.2739
51.5896
47.371
40.4399
30.0946
24.3489
24.847
29.1119
33.5808
37.1878
40.1978
42.5166
44.3319
45.564
47.1242
50.733
56.2715
62.0917
68.5466
75.7085
81.3599
86.1022
90.4194
89.6638
88.0618
84.6195
83.0761
78.4344
74.3279
69.2272
60.7458
48.1004
39.6484
35.9747
35.0318
36.6198
20.8123
22.998
26.9388
31.5742
37.9241
44.2105
50.3865
56.2275
61.6792
66.4138
69.7327
71.9044
71.2997
69.0868
66.7767
64.4098
61.5667
57.6106
52.7249
46.85
40.3292
30.9726
26.0573
24.6943
24.4261
24.385
23.9165
23.3131
22.9124
23.0286
28.4082
36.83
44.8367
52.6459
59.1522
65.3281
71.441
76.6125
79.7597
83.9899
83.551
80.106
76.8237
73.4364
68.2656
62.745
55.1164
45.2583
34.2411
28.1689
26.1538
25.8212
26.0567
26.0711
25.5011
24.3173
22.7889
21.4856
20.6575
20.3667
26.8562
34.5142
42.7298
49.728
56.3732
62.8436
69.3206
75.8191
82.0463
86.4013
91.0212
90.7063
89.2203
85.0926
80.8522
75.5096
69.6243
62.5791
52.7484
41.352
33.8134
30.3606
29.538
29.5889
29.6994
28.586
27.7239
26.6198
26.4704
26.4673
48.6996
61.4572
68.8542
75.4425
84.002
90.7144
95.6423
99.3191
98.171
95.6485
87.3167
82.1311
74.2219
67.5512
59.5384
52.2821
49.6115
47.8256
46.7124
45.5243
44.9479
44.902
44.7955
44.6513
44.0006
42.7875
41.396
40.0415
37.8553
34.9655
30.1248
30.0979
34.8004
40.0335
48.8166
55.5491
60.5404
64.152
65.917
67.6521
67.0774
67.3005
64.535
62.9251
58.7512
56.8654
53.6814
54.2383
54.5361
58.0298
60.7895
63.0808
63.758
61.168
59.0272
57.4892
56.216
54.2334
50.3151
43.899
21.6394
24.5243
23.6822
21.6608
19.3208
23.2834
37.4163
39.0646
40.239
43.2399
45.4729
47.6119
48.8318
50.286
50.0287
49.9735
47.2152
44.874
41.1443
37.2187
33.1341
30.1243
27.7864
26.0467
24.1313
22.2819
20.169
17.5769
14.4319
10.0638
9.74972
6.87925
7.88297
9.0605
10.0332
10.7904
11.3165
11.6169
11.6729
11.3951
10.6467
9.3953
7.91188
9.14486
18.9015
15.42
18.3901
20.3924
20.6624
20.4697
20.6002
20.7215
20.3104
19.3777
18.3202
17.8278
18.2983
20.3935
23.6452
27.589
31.63
35.489
38.8596
41.5085
43.1709
43.7443
43.2165
41.6665
39.1475
35.6967
31.541
26.9385
21.6209
26.394
26.521
25.0267
29.1725
32.1468
33.6201
33.6954
32.4853
30.2535
27.6738
25.182
23.4241
22.9021
24.2961
27.8209
32.164
37.1638
41.9664
46.5187
50.4202
53.275
54.7255
55.2031
54.3489
52.3475
49.2801
45.1612
39.8272
33.388
25.9563
30.8386
35.6636
37.3456
46.2644
51.5691
54.1559
54.4826
53.2383
50.5925
46.6269
42.3403
37.835
33.7959
30.5693
28.784
29.5917
33.1488
38.5981
44.5221
49.8915
54.2495
57.4496
58.8691
58.5435
56.5968
53.1772
48.6727
42.6786
36.1446
29.483
39.2541
25.8624
21.4332
20.2905
19.4503
21.1323
26.3661
33.645
41.5597
49.0572
57.8256
64.1732
71.3402
77.6744
81.5488
83.7212
83.5901
81.6812
77.8595
72.5003
65.5922
56.7343
47.2138
38.5018
28.95
20.9993
18.4746
18.8111
18.569
18.6983
25.8597
25.9008
26.828
32.4525
36.2645
38.6282
39.6111
39.9788
38.995
37.0539
34.1624
31.5445
30.1227
31.1317
34.9351
40.2683
46.1547
51.9772
57.5383
62.4168
65.9147
67.802
68.4227
67.4286
64.9465
61.1369
56.1583
49.756
41.822
32.2322
34.0625
32.6398
33.4459
35.5401
35.8424
35.4415
34.3246
33.223
32.9234
34.824
40.0308
47.2632
56.0577
65.8715
76.0791
86.6525
95.2769
103.44
109.951
112.651
113.355
110.266
105.133
98.8989
89.2414
78.3246
65.0453
53.3182
37.9887
23.6224
37.8521
22.2321
14.0262
16.7624
23.939
31.8106
39.6598
47.5291
55.4868
63.4762
71.2484
78.6998
84.9678
89.2308
91.4279
91.4572
88.4345
83.427
76.5117
67.3217
55.9791
44.592
34.3274
23.8379
18.1476
18.0173
17.7205
16.9768
15.4448
14.3074
23.5038
27.3272
23.6606
31.6148
40.1171
48.6718
57.5522
66.51
74.859
84.3476
92.5636
96.3669
100.321
100.841
97.3552
91.9626
84.2521
73.2159
59.7709
44.8959
30.1161
20.7683
20.6811
21.1148
21.3297
20.8671
19.3975
17.0856
14.8776
13.8736
21.3766
26.0544
23.0097
26.937
33.5525
41.6068
51.1295
61.4792
72.7201
84.1231
95.4942
105.672
113.129
116.688
116.947
112.381
105.721
96.367
84.8473
70.6322
53.86
36.0937
24.8648
22.8266
22.2786
22.0709
20.8497
18.5258
16.5454
15.7214
26.6359
41.4118
33.3696
41.594
57.5764
71.0893
83.2467
94.7285
104.397
113.331
115.169
116.757
112.853
104.787
95.4416
83.5263
69.3187
53.57
37.4172
31.9166
32.38
33.9179
34.355
34.443
34.1467
33.2569
32.0363
30.8294
29.6154
28.8988
33.974
34.5709
28.0668
34.2837
41.3575
49.7335
56.7251
62.2167
65.8274
68.7799
69.4215
69.4583
67.5312
64.6155
59.7207
54.1261
48.8728
43.6207
42.5613
42.662
47.1259
51.8692
57.034
62.3298
66.4334
68.9293
68.8758
66.5516
61.0935
51.6074
52.5671
25.442
23.5977
23.4909
22.8321
24.8854
32.7897
34.6005
35.5
39.7837
44.6779
48.3592
50.7499
52.0045
51.9229
50.5607
48.527
45.1901
41.6979
37.572
33.2526
28.3902
23.4106
20.3672
19.5813
20.0489
20.4881
20.0922
18.7972
16.4714
13.2376
11.8022
8.69431
9.67341
10.6457
11.3318
11.7283
11.9086
11.8857
11.8322
11.7276
11.4072
10.5457
9.01786
10.436
19.4583
16.0042
18.4559
19.301
18.3659
17.5247
17.3017
17.2632
16.9226
17.0828
18.0185
19.8672
22.3568
25.677
29.6377
33.4066
36.5507
39.1091
41.1541
42.7008
43.5288
43.7737
43.2289
42.0885
40.2539
37.6559
34.1811
29.9973
25.02
30.2753
27.7346
26.2212
28.6437
29.5908
29.0291
27.4765
25.5331
23.895
22.9246
22.8143
23.6501
25.738
29.7258
34.6516
39.7402
44.3062
47.9065
51.257
53.3881
55.4318
56.7284
56.4799
55.7202
54.3349
52.0566
48.7876
44.2985
38.3487
31.0895
37.1565
39.7297
42.0983
48.1993
50.3406
50.0421
49.0602
46.9513
45.1366
42.5485
40.3627
38.3337
36.4998
34.7608
34.2506
36.3704
41.1763
47.2207
52.8389
57.9074
61.8777
64.0267
65.118
64.2753
62.089
59.1039
54.3871
48.4518
41.8475
34.5571
45.6469
24.8508
19.4395
17.5675
18.949
25.2025
34.1279
42.9268
50.2831
57.1297
63.7394
67.2802
73.9442
78.0833
80.3432
83.0925
83.3452
81.7811
79.3371
75.6966
70.9516
64.3031
55.7128
46.8535
38.1938
28.0014
19.5566
16.9875
18.7264
20.4184
27.5058
27.486
28.9567
32.7663
34.2159
34.5277
33.9209
33.3178
32.0117
31.3133
31.0361
32.1757
34.9765
39.2642
44.2719
48.9693
52.9773
56.4922
59.8092
62.4993
64.6427
66.353
67.256
66.6542
65.1968
62.6727
59.0323
54.0289
47.3268
38.5166
41.2241
35.4921
35.0604
33.4237
32.0427
31.5265
32.0893
34.202
37.4466
42.5589
50.1131
58.631
67.0696
74.1411
81.6126
87.549
94.0669
99.6419
103.931
107.081
107.747
106.867
103.296
99.7989
93.5544
85.7593
75.1332
63.2259
50.4675
33.3209
38.8418
24.6287
15.5149
20.659
30.1103
39.2101
47.4314
54.8613
61.4794
67.5728
73.3544
79.0827
83.2716
87.4032
90.195
90.3662
89.2747
86.4138
82.1727
76.001
67.0449
56.089
45.2075
34.74
24.0608
15.9983
16.1032
17.5105
16.6415
14.7243
23.8216
33.6626
29.253
38.1928
48.3375
57.8391
66.6558
74.0483
80.8404
89.1867
93.3314
98.1489
101.301
100.962
100.044
96.1439
91.3423
83.4291
72.6133
59.2777
44.9711
30.7056
19.8331
18.9815
21.7911
23.628
23.1295
20.7756
17.8905
15.6015
22.4334
26.9261
24.8873
30.6663
39.6192
50.5375
62.5281
74.531
85.9552
97.285
106.517
115.399
121.249
125.408
124.61
121.312
114.541
106.109
96.0091
83.607
68.2525
50.5832
32.8785
21.9741
21.0638
23.8517
23.7186
21.13
18.2513
16.6241
27.1748
39.7886
37.7029
57.2069
75.3077
91.4615
105.616
117.584
127.427
133.497
140.264
138.812
133.318
126.726
114.389
103.771
89.3655
72.7637
53.8623
37.6945
32.2777
34.2491
34.6218
34.7969
33.3401
31.2853
28.181
25.3192
24.8121
26.274
34.2235
41.038
32.4455
39.864
47.9067
55.1508
59.9764
63.6462
65.7286
67.4186
67.8584
68.7224
67.471
66.4129
64.7729
60.9689
57.9644
53.306
51.4782
50.1548
51.5637
53.1014
54.2031
55.9361
58.409
61.3748
63.1589
63.7238
61.8481
55.6634
56.2806
26.2915
24.3973
21.4227
23.3994
31.0585
35.4832
36.954
40.5311
45.2351
48.9469
51.4108
52.7358
53.1502
53.3178
52.2032
50.7311
48.8666
46.3456
44.1343
40.7429
36.5324
30.2566
22.8882
17.2929
15.0154
14.3641
14.8984
15.2347
14.8325
11.3701
13.8248
10.4097
11.1263
11.8167
12.3105
12.595
12.6109
12.3041
11.7365
11.4648
11.5007
11.382
10.3964
11.5333
20.2815
17.3484
19.0375
18.8965
16.9209
15.3101
14.3275
13.8044
13.9178
15.3987
18.0986
21.8951
26.1157
30.437
34.8375
38.1281
40.1401
41.1029
41.4309
41.4884
41.5139
41.4897
41.1739
40.6912
39.8159
38.2715
35.9181
32.5763
28.3275
33.2138
28.5586
27.912
28.2296
26.923
24.4106
21.772
20.1718
20.1152
21.4841
23.6096
26.3752
30.3309
35.7048
41.5976
46.1188
49.342
51.5384
52.7646
54.2137
54.9387
55.0675
55.4199
54.7617
53.6426
52.4334
50.5575
47.2777
42.3435
35.5454
41.4991
42.3828
46.792
49.4523
48.0644
44.9792
42.4344
39.927
39.0891
39.2859
39.9397
40.498
40.1771
39.5271
40.1274
43.716
49.7056
55.7136
61.0681
65.3417
68.1095
69.5104
69.0865
67.9876
66.123
63.0356
58.6172
53.6623
47.244
39.7079
50.3108
25.4329
19.5268
16.9916
21.1447
30.8535
41.1405
49.7886
56.1811
61.8068
64.8869
67.0128
70.9394
71.4689
74.613
76.5907
76.9009
77.1118
76.5901
75.275
73.0646
69.0035
62.7275
54.2585
45.4314
35.5061
25.4087
17.3589
18.0204
20.9843
28.7548
28.7651
31.2395
32.6184
31.8021
29.937
27.6329
25.8374
25.0409
26.6449
30.1233
35.1449
40.3822
45.7277
50.3986
53.5325
55.4544
56.7421
57.4569
58.0536
59.2259
60.4598
61.2228
62.0363
61.9747
61.2388
59.5654
56.6567
51.8586
44.4622
46.2551
37.5695
37.4244
32.5064
28.821
27.9696
30.6251
36.2826
41.9625
48.6555
58.403
68.0642
74.7968
79.6388
82.5639
84.2159
87.5221
87.392
90.2093
92.0747
94.3362
95.1009
95.7409
94.8543
92.8632
88.8306
81.2741
70.3399
57.8065
42.9976
40.9004
26.3874
17.0277
25.0021
35.454
44.9723
53.3093
60.0245
65.135
69.116
72.5787
75.3971
77.7219
81.0059
82.337
83.4763
84.1949
84.2693
82.9326
80.0069
74.0315
65.3865
54.3683
43.521
32.7954
22.1498
15.889
17.922
17.6002
15.3903
24.2565
41.7389
34.2886
44.1886
55.4965
65.2607
72.5834
79.0759
83.2955
87.0539
88.9974
93.881
94.5708
95.9436
95.7394
94.9086
93.1867
89.0542
81.7081
70.5599
57.1018
43.1197
29.5118
21.5074
23.6828
26.3899
26.2058
23.861
20.8415
18.3163
23.7935
30.3114
27.3188
34.3638
45.4383
59.1981
73.5504
86.0233
96.6464
104.623
111.145
116.679
122.127
123.627
124.74
121.431
117.605
111.562
103.95
93.609
80.125
63.0684
44.6457
28.1614
22.422
25.7737
25.7875
22.7831
19.8289
17.9191
28.3361
48.6678
51.9676
71.4956
91.4987
109.359
123.541
134.416
142.616
147.405
146.204
148.381
145.068
139.986
128.93
118.043
103.28
88.1764
68.335
47.3856
35.1686
35.1836
36.7536
37.203
36.5535
34.1308
30.1139
25.7681
23.3091
25.645
34.3295
46.3945
36.2771
44.4915
52.1654
57.0795
59.7798
60.902
61.4775
61.6762
62.3131
62.4109
62.8554
63.5324
63.7138
63.7028
62.9952
60.5496
59.1867
57.2773
56.6697
55.7861
52.8705
49.0395
47.5886
50.4672
55.3236
59.8338
62.2333
60.2982
58.4548
26.5649
24.4778
22.648
27.7779
33.4927
36.9035
40.1306
44.8602
48.7224
50.6663
51.6813
52.0301
51.8267
51.3431
51.2878
50.3846
49.8158
48.0351
47.2571
44.1019
41.1679
35.7883
27.9528
19.3652
13.7285
10.6975
11.1593
12.65
13.2611
8.6329
14.9373
11.6412
12.2872
13.1465
13.757
13.9899
13.9327
13.5412
12.6269
11.5721
11.4739
11.9093
11.6959
12.5505
21.2305
18.9022
19.9313
19.2068
16.4771
13.9986
12.2908
11.5196
12.3355
15.0489
18.922
23.8875
29.2921
34.4454
39.0081
41.5592
42.1675
41.1381
39.331
37.6977
36.7976
36.7653
37.1313
37.5877
37.9805
37.843
36.7853
34.6066
31.307
35.5196
28.9177
29.7603
28.2298
24.8948
20.5547
16.9507
16.1516
18.3846
22.0946
25.7715
29.6
34.843
41.1955
46.7296
50.0848
52.3175
52.2396
52.33
51.4774
50.6111
50.6174
50.507
51.1602
51.3254
51.0487
50.6071
49.0266
45.2709
39.3269
44.6745
43.9756
51.3188
50.9752
46.2089
40.3031
35.3835
32.3473
32.9091
36.5903
40.508
42.9264
43.4062
43.6766
45.7497
51.0259
57.8
63.7006
67.9151
69.5584
69.9587
70.354
70.0489
68.6601
66.9162
64.3617
61.2525
57.3193
51.5559
44.6002
54.059
27.0933
20.3649
17.5148
24.6051
35.9428
46.1753
54.3813
60.0172
63.0622
63.599
63.6085
63.5353
62.2844
63.8179
64.2082
66.418
68.5033
70.4656
71.7331
72.1679
71.2054
67.0479
59.756
51.0943
40.8468
30.3216
21.0022
17.7684
20.5947
29.1639
29.1177
33.5145
32.6828
29.8807
26.2879
22.4308
19.8053
20.1239
24.4753
31.2986
38.3242
44.539
49.8102
53.4762
55.3021
55.6329
54.5365
52.9263
51.8917
51.4904
51.6088
52.8708
54.3966
56.4394
57.8969
58.4874
57.8439
55.3975
49.9772
49.9424
39.2133
40.5903
32.4271
26.2094
24.6057
29.6309
38.3345
45.151
53.2566
65.0508
74.8565
80.7212
82.8001
82.546
80.4704
77.1406
74.9578
74.8266
75.0695
77.1684
80.2697
83.7914
86.2571
88.719
88.5813
84.5181
75.5936
63.325
49.5394
43.3933
27.5807
18.6227
28.7221
39.4216
49.2916
57.8879
64.0654
67.7242
69.6043
69.8738
68.9641
69.8381
70.8748
72.622
74.6802
75.838
78.372
79.516
79.6113
77.5605
70.9874
61.3455
50.1773
39.1926
28.4872
19.4256
18.5364
18.0176
15.7232
24.5766
47.7412
38.259
49.0054
60.9263
70.3724
76.1681
80.4124
80.7991
81.742
81.5039
82.5981
84.2532
86.3642
87.8949
89.4547
90.825
90.6106
87.0792
78.8131
66.2761
52.1171
38.4856
27.797
26.4019
28.5798
28.313
25.6293
22.7862
20.9807
25.2713
36.0274
29.2711
37.1495
51.1678
67.7025
82.9785
94.2469
101.482
105.575
108.122
111.671
111.102
114.69
115.169
116.442
114.706
112.775
108.415
100.946
89.0948
72.9007
54.127
35.7847
25.6903
26.9758
26.4531
23.3312
20.2424
19.0503
29.0978
68.196
63.638
84.21
106.684
125.224
137.198
143.435
143.701
143.185
143.948
146.757
142.655
142.86
134.62
126.85
113.164
98.6241
78.3738
55.9521
38.9163
37.6467
39.6434
41.4649
41.7963
39.6482
35.7336
30.9602
26.0833
25.8186
34.9844
49.7857
39.1704
47.5103
53.6637
56.537
56.7094
56.074
54.7558
54.4297
53.9868
54.535
55.7488
57.3882
59.7861
61.8317
63.8826
63.4103
64.0985
62.1687
60.5661
58.4237
53.3981
44.1443
36.355
38.5229
47.5744
56.6585
63.2853
65.0036
59.2939
26.6469
23.6003
25.6407
29.1064
33.9158
38.2823
42.9984
47.3755
49.7422
50.3095
49.6256
48.8698
47.8394
47.1461
47.0515
47.3841
48.5985
48.389
48.5717
46.326
42.8112
38.1142
31.9589
22.196
14.6573
9.68758
8.77187
10.4481
11.4428
6.16031
14.8854
12.5747
13.6664
14.4131
14.5495
14.1859
13.9412
13.6776
13.2034
12.13
11.5851
12.3921
12.8854
13.3929
22.0038
20.1921
20.7588
19.9782
16.9328
13.6116
11.1992
10.3247
11.9137
15.8972
20.3909
25.7199
31.9229
37.6746
41.993
43.6965
42.4402
39.1031
35.2156
31.907
29.8805
29.5978
31.1068
33.2773
35.4309
36.7506
37.1862
36.2105
33.9413
37.1242
28.4571
31.2763
28.538
23.7115
18.0014
13.519
14.2658
18.6682
23.6372
27.8169
32.3278
38.5201
45.0131
49.6573
52.4903
52.8963
51.4
49.5713
46.4742
45.0358
43.7463
43.7014
44.8608
47.1887
49.0847
49.972
49.8368
47.694
42.5905
46.5821
44.2334
55.4543
52.7565
45.2878
36.8539
29.0446
24.8178
27.8604
34.8862
41.2731
44.8051
45.76
47.0332
50.6939
57.716
65.1404
69.9085
71.0823
69.4789
67.3783
64.9604
64.0237
64.0751
64.1755
63.4658
62.1914
59.4352
55.116
49.048
56.7385
29.1301
21.5181
19.027
28.1675
39.6582
49.8073
57.5983
61.9596
62.7125
61.3381
58.2908
55.1792
51.7339
50.3666
50.7716
52.9559
56.8286
61.6706
65.8677
69.8431
71.0997
68.8461
63.3873
54.7073
44.3183
32.8992
23.1898
18.5289
20.1805
29.5388
29.4052
35.5908
33.4705
29.1804
24.313
19.6799
17.029
18.5513
24.5854
32.8331
40.3493
46.5564
51.4113
54.521
55.5234
54.3363
51.4134
48.0847
44.4867
41.5671
40.7185
42.1468
45.2888
48.897
52.9426
56.3225
58.4017
58.3712
54.9648
52.1357
40.1859
43.6206
33.2062
24.3168
21.6765
28.5712
39.2479
46.8871
56.2899
69.1463
79.5257
84.7398
85.8959
82.7249
76.7154
69.0495
62.7879
57.3681
55.8952
59.0916
65.1455
71.5374
76.4829
83.5017
86.3568
85.9988
79.0931
67.7213
53.9696
45.1132
28.7884
20.4431
31.1929
42.0704
52.6064
61.5237
67.3835
69.974
69.5716
66.148
62.3204
60.9137
58.8923
59.7725
62.9436
66.4948
70.4921
73.1908
77.3682
77.3489
73.686
65.7354
54.8148
43.6471
32.5137
22.6926
19.2983
18.1381
16.0163
25.0517
51.7663
41.216
52.8513
64.2828
73.3827
77.9395
80.2294
76.6363
75.2019
69.8289
67.3419
66.7115
70.8713
75.7624
81.5133
86.3317
89.1491
88.9157
83.4517
72.0771
58.3098
44.2013
32.6902
28.8118
29.9136
28.7482
25.5975
23.5737
23.386
26.26
42.7609
29.706
39.6971
56.5707
74.7782
89.42
98.6322
102.537
103.493
102.523
98.7666
96.0209
94.6947
99.5618
104.085
108.88
109.863
109.408
105.425
96.0146
80.3447
60.6796
41.022
28.2225
27.1391
25.8394
21.9692
19.5163
20.0304
30.0687
79.9193
72.8467
96.1179
118.6
133.703
140.039
139.438
135.029
129.9
125.909
124.502
127.599
134.185
132.695
130.93
118.048
105.57
85.9505
61.6592
43.563
42.063
44.111
46.5331
47.7614
46.9741
43.7532
38.216
31.1318
27.0168
34.8502
51.9608
41.3739
49.0543
53.8195
54.5411
53.0589
50.3153
47.6519
45.6889
44.7322
45.7072
47.6063
51.0139
54.8051
58.8845
61.6991
64.0522
64.6979
64.3958
62.3465
59.785
54.6142
44.4933
32.8025
32.3113
42.9732
55.0645
64.5643
68.4719
58.6771
26.8107
22.1854
27.3023
29.128
33.867
39.3447
44.7023
48.5094
49.5203
48.6723
46.508
43.5104
41.2519
39.9855
40.3479
41.9761
45.2687
46.9456
49.0061
47.6046
44.631
38.5699
33.3232
24.8633
16.0537
9.83167
7.88113
8.9549
9.92891
4.4723
14.5092
13.7053
14.7293
14.5452
13.3445
12.2441
11.7934
12.0212
12.3222
12.2696
11.9302
12.976
13.894
13.8693
22.7067
21.1848
21.5611
20.8951
18.0468
14.3653
11.3835
10.3817
12.6889
17.3524
21.8937
27.162
33.7507
39.7569
43.7018
44.1987
41.0394
35.7638
30.1645
25.4192
22.2891
21.9632
24.6851
28.8933
32.7069
35.8375
37.3307
37.5768
36.1465
37.3734
27.8988
32.1186
28.7366
23.4213
17.6507
14.127
15.9413
20.3831
25.06
29.1697
34.1114
40.7443
46.5988
51.7224
53.1624
52.7921
49.4006
45.3924
40.8229
36.7278
34.4318
35.7103
38.9908
42.8151
46.6957
49.9124
51.2183
49.6236
44.8375
46.7212
42.7767
58.4765
54.1419
45.2282
34.7456
25.1077
20.149
25.5196
34.5345
41.6591
45.6018
47.0631
49.4023
54.6253
63.5881
70.6334
73.0579
70.5759
65.2278
59.9334
55.776
53.8097
54.6318
58.32
60.9647
61.9379
60.9718
58.1696
52.7038
57.645
31.0765
22.9049
21.2346
31.2
42.4429
52.6392
59.9746
63.0683
62.4595
59.6793
53.8052
48.4455
41.8782
37.5803
35.3837
39.1549
45.7625
52.98
61.0786
66.4268
69.3327
69.7435
65.1881
56.3281
45.5152
33.8144
23.5217
18.3529
19.7699
30.3706
28.6528
36.4853
33.9307
29.2829
24.0794
19.7728
17.9706
19.964
25.7876
33.5849
40.6964
46.3886
51.0799
54.4079
55.0876
52.9924
48.6223
43.2699
36.9825
31.8556
29.3591
31.5354
36.774
42.8227
48.7284
54.0642
58.343
60.6823
59.3069
52.465
40.5602
46.4189
34.7925
23.4443
19.3086
27.2719
39.0225
47.2099
56.8744
70.9102
81.8743
88.218
88.2712
83.7062
76.1641
65.1691
52.3261
42.1122
36.9761
41.8932
51.3025
61.3739
68.6415
78.382
84.6197
85.8874
81.7549
70.5182
56.9663
45.4311
30.5498
22.3492
32.4819
43.5271
54.8549
64.3326
70.0554
72.0995
69.5791
63.6092
57.4835
51.2413
44.8833
43.804
48.9358
55.3053
62.3725
67.5434
72.7223
75.0777
73.9645
67.6486
57.6751
46.173
34.8944
24.3467
19.4933
17.9749
16.6204
26.8252
54.0558
42.8799
55.1794
66.4127
74.9415
78.8454
79.4316
74.0787
68.3885
57.2615
50.5612
47.4913
54.2324
63.198
72.5198
80.7095
85.8139
88.5852
84.827
75.0671
61.2034
46.819
34.7953
30.0136
29.9295
27.6161
24.1142
24.3721
25.9892
26.4508
47.7157
29.408
42.1009
61.2508
79.7102
93.1709
100.886
102.561
101.148
93.3223
84.205
75.1173
73.0717
78.6663
89.6299
99.3139
107.205
109.561
108.564
100.093
84.571
64.4197
43.487
29.2722
26.4236
24.16
21.1543
20.7876
22.1164
31.9464
82.0662
81.3017
106.169
125.031
135.256
136.133
132.21
120.79
109.314
99.7556
101.748
107.744
121.531
124.066
129.803
120.697
110.445
89.6922
65.7716
49.108
46.5847
47.0676
49.1149
50.5885
50.9929
49.01
44.7705
38.9135
32.4344
38.4471
52.4266
42.0756
49.5692
53.7002
53.4819
49.888
45.8861
40.9863
37.0779
35.0429
35.969
39.7765
44.743
50.5316
55.5072
60.0532
62.6264
63.0184
63.1855
61.7099
58.9647
54.9491
47.2764
38.7549
36.1875
42.9494
54.4362
64.9559
70.2789
57.2734
27.6142
20.6154
27.2022
28.8738
33.3214
39.805
45.5418
48.8521
49.0366
46.8956
42.9899
38.1847
33.1005
30.7089
32.657
35.8907
41.3235
44.7124
48.1975
48.243
46.509
39.3372
32.5666
26.555
18.1069
10.9239
8.10244
8.39536
9.23219
4.10298
14.2433
14.5862
14.6082
12.9666
11.422
10.1899
9.27321
9.23132
10.3683
11.6929
12.2661
13.7362
14.7303
14.0145
23.6088
21.7385
21.9043
21.4229
19.3349
15.896
12.7355
11.6496
14.2055
18.8514
22.835
28.0016
34.7008
40.7898
44.3654
43.6557
39.0292
32.5283
26.0292
20.2128
15.529
14.9862
19.8467
25.9432
31.2036
35.3098
37.7041
38.8399
37.6927
36.798
27.7179
32.227
28.5989
23.5574
19.2031
17.5618
18.9952
22.039
25.81
29.489
34.772
40.944
47.4211
52.7743
53.5243
52.178
47.1918
42.2224
35.2869
28.9884
24.4945
27.1312
34.0088
41.1707
46.5147
50.5306
52.6769
51.2287
46.2921
46.0851
40.22
60.2461
55.5696
45.6701
34.7966
25.2155
21.4786
26.607
34.5362
41.4096
44.9246
46.7537
50.3001
57.454
67.8232
74.0375
73.4325
68.1417
59.261
50.6015
42.5747
40.1236
44.1249
52.5546
58.6482
61.9743
62.7688
60.7625
55.2496
56.8291
33.0478
24.9787
24.3257
34.3704
45.2499
55.0425
61.9576
64.4185
63.2646
59.735
52.3176
45.9406
37.2968
29.2158
22.8203
27.59
37.3385
48.1061
57.2551
63.7135
68.8247
69.5498
65.2305
56.7494
44.7882
32.5574
22.4812
17.7648
19.9411
31.1501
29.0508
36.9518
33.9624
29.5923
25.1144
21.8788
20.8388
22.4156
26.8526
33.0872
38.989
44.6558
49.8178
53.7155
54.8179
52.1603
47.1055
41.0107
33.2349
25.2573
18.8131
21.8869
29.9009
38.3549
45.5496
52.7519
58.5007
62.1359
62.1171
50.8352
40.6234
48.7417
37.1852
24.3268
17.7343
25.7895
37.6782
45.6505
55.4684
70.0888
82.4817
89.4274
90.4969
86.6296
78.8378
65.1701
51.8018
36.1161
25.5218
31.6932
43.2778
55.1251
64.6255
74.9574
83.9283
85.604
82.9776
72.0902
57.8972
45.7614
33.1652
24.2106
33.1047
44.0598
55.8902
65.8511
72.0647
73.9476
70.1977
63.6932
56.049
45.6654
34.0089
27.5522
36.0863
45.5567
55.1609
61.941
68.3705
72.7641
72.634
67.9028
58.6329
47.1092
35.4009
24.562
19.2576
18.3951
18.9208
31.3192
54.2197
43.8523
56.1989
67.552
76.5806
79.32
80.1814
73.674
65.9286
52.1565
38.7633
32.1724
42.0854
54.3888
66.0185
75.4819
83.3857
86.7623
83.5571
74.6943
61.3478
46.2831
33.9858
29.2631
28.3029
25.2961
23.4791
26.5501
28.4519
27.9551
48.023
29.0965
43.7226
63.923
82.1726
95.3132
102.402
103.361
98.9028
86.3021
72.0082
54.4136
47.0839
61.3745
76.2932
91.9283
103.037
109.182
109.476
102.345
87.409
65.2792
42.9623
28.2505
24.9802
23.9699
24.0247
24.7021
26.2505
37.8666
84.4632
87.6575
110.08
122.85
132.052
128.821
122.664
103.351
83.7458
67.5905
72.7392
86.6351
106.828
116.836
127.007
120.882
111.409
92.1959
69.1262
55.2296
51.5884
48.8177
47.6893
48.0741
47.9617
46.9813
45.6265
42.232
38.7175
44.7114
52.7115
42.8214
49.6515
54.2481
53.8986
50.062
44.5705
37.51
30.8028
26.3981
27.9053
33.3649
40.4345
47.0558
53.7693
58.6852
61.6297
61.0797
59.9437
58.3188
55.963
53.4452
48.9194
43.9966
41.8606
45.4988
54.3353
64.1006
70.2058
56.4189
31.2772
20.4189
22.5479
30.7011
33.1719
39.3633
45.7972
49.2946
49.2189
46.6288
41.7957
34.7505
26.8389
21.9084
26.0175
31.8183
39.2298
43.1849
47.7433
48.5303
47.5856
40.8453
32.1616
26.2863
20.0971
12.8887
9.43033
9.51137
10.4265
6.38988
14.1348
14.8196
13.4082
11.7244
10.6147
9.32564
7.93107
7.41729
8.90406
11.3059
12.6801
14.4047
15.1356
13.8411
17.3656
21.276
22.2772
22.2049
22.2526
21.9736
20.5051
17.7955
14.9143
13.6639
15.8398
19.7049
22.9465
27.8634
34.4524
40.5123
43.7861
42.4126
37.0759
30.3223
23.7299
17.8425
12.2739
12.2888
18.7166
25.5954
31.19
35.6877
38.4375
39.5789
38.4785
35.5473
30.7536
28.5361
29.2872
31.141
27.5241
23.1764
20.218
19.5769
20.5798
22.95
25.7998
28.8775
34.0296
40.5592
47.8907
53.3171
53.5287
52.0523
46.7112
41.4644
33.71
26.4215
20.4081
25.778
34.4614
42.6236
49.0237
52.8688
54.5272
52.2979
46.0781
39.7279
38.3647
37.0893
45.9069
60.3216
55.051
45.6176
35.9172
27.968
25.6043
28.799
34.456
40.0292
43.1313
45.5529
49.7803
58.8296
70.2112
75.2875
72.9899
66.0676
56.3283
45.5138
34.739
31.0258
39.3872
51.803
59.5167
63.8801
64.6395
62.1793
55.7924
49.0877
36.4812
40.9855
39.4612
30.8273
30.6253
38.3476
48.053
57.2572
63.8621
66.1914
65.0501
61.8076
55.2461
49.2461
41.5018
33.1905
26.8305
29.4031
38.5748
48.4566
56.6525
64.0259
68.7554
68.719
64.5405
55.6886
43.414
30.7702
21.7285
19.6248
21.7905
22.8229
31.1042
31.4883
32.1371
35.6327
33.1845
29.7016
26.4036
24.2375
23.4992
24.2891
26.9551
31.0996
35.8905
41.6863
48.128
53.1048
54.4309
52.7676
48.1541
42.5558
36.0177
28.3368
22.0666
23.2641
29.8028
37.4487
44.8954
52.3627
58.439
62.6143
63.5634
51.9887
40.2668
41.3998
50.8376
50.98
39.573
26.173
18.1896
24.4057
35.1771
42.9347
52.1101
66.7255
80.1043
89.2217
91.1351
90.053
82.2379
71.5894
59.1991
46.2587
37.1507
37.2173
45.2869
54.7737
65.0545
75.0616
83.089
85.8509
82.4417
71.6594
58.1012
45.7933
37.5606
35.0971
25.1797
25.4689
32.8378
43.4964
55.5333
66.0559
72.9118
75.0983
71.7714
66.2725
58.48
48.6623
37.0241
28.0095
32.0555
41.517
51.2165
58.3881
65.7796
70.3383
70.787
66.6514
57.8332
46.4935
33.8871
22.631
19.7154
21.4685
24.9465
31.1365
42.6653
46.3214
36.0711
45.5165
56.9419
67.8076
76.8519
80.2733
81.8041
76.0997
69.9682
58.3181
47.561
39.4584
43.9888
53.713
64.0415
73.641
81.4219
83.8299
80.5791
72.0346
58.0507
42.6288
29.9975
26.2654
25.2821
23.8526
25.8432
30.1895
32.0078
34.7261
44.9745
42.2728
26.8339
30.2049
44.702
64.9551
82.6834
95.884
103.118
103.888
98.0975
87.0143
71.5251
52.462
44.3472
57.2453
74.2755
88.5461
103.327
109.484
109.937
102.689
86.1599
63.6532
41.1094
27.4717
26.0894
27.4914
28.9046
29.4319
29.2801
29.6794
47.2464
53.5565
60.8123
84.5113
104.143
117.519
123.978
124.46
113.649
97.0003
71.0885
53.3217
61.8141
77.5813
99.3893
111.823
125.098
118.3
111.806
92.6665
70.8034
60.9252
54.8772
47.9235
43.8804
41.7743
41.7609
42.4934
42.5245
41.8863
39.31
37.0847
43.4661
45.5943
44.3402
45.5307
50.1781
55.0921
56.6432
53.5814
48.2862
40.8937
33.1849
26.4885
27.0585
32.7903
39.4103
46.6665
53.2169
58.2946
61.1429
60.3031
55.87
53.8237
51.291
49.652
47.8261
45.4591
43.9817
45.8986
52.0424
60.3421
67.0971
59.6819
51.9003
45.7276
31.9885
26.4353
22.1977
28.901
35.9504
40.4122
45.8528
49.8922
50.5468
48.36
43.8476
37.2483
29.2224
23.6876
27.6373
33.3053
40.2648
43.8339
48.0172
48.7862
48.1636
42.3844
32.7561
25.6639
20.8017
15.522
12.1923
12.0701
13.2737
11.9519
7.40002
4.00628
13.9878
14.2146
12.2733
11.2687
10.4606
9.15838
7.47089
6.92326
8.68567
11.2432
13.0833
14.8405
15.0978
13.0792
10.4318
12.8082
20.043
21.655
21.8478
21.7015
20.9117
19.1235
16.9549
15.8105
17.1544
19.7414
22.1799
26.8334
33.0433
39.249
42.658
41.0422
35.9852
29.9189
24.4283
19.9323
16.8272
17.8632
22.2308
27.6338
32.7233
36.4415
39.2467
39.9489
37.8664
31.9244
17.2723
17.7876
28.9674
28.5983
25.28
21.7824
19.9036
19.671
21.075
23.1644
24.9084
27.3281
32.3337
39.8722
48.0024
53.4848
53.9864
53.2454
48.6883
44.84
38.9007
34.0508
31.4874
35.3817
41.6733
48.1922
53.5907
56.2341
56.3801
52.416
44.9023
36.3685
22.3694
29.3666
53.4715
57.0533
52.7009
45.0548
36.6118
30.8851
28.7981
30.0698
33.7051
37.7561
40.2463
42.7513
47.7394
58.9401
70.4781
75.2828
72.9191
67.2997
59.5634
51.6947
44.2776
44.6162
50.6964
59.0465
63.9391
66.6649
65.8264
61.7927
53.7732
42.5864
31.9877
41.2633
45.3966
34.4479
33.8277
40.8881
49.5886
58.4468
65.2329
68.281
67.8045
65.85
61.2535
56.5908
51.2385
45.9362
42.9721
44.0518
48.6812
54.1798
60.6405
66.3974
68.5831
67.9124
62.9122
53.4476
41.7971
30.8955
23.4974
22.7115
24.3867
24.2734
23.0454
24.3122
33.1239
32.2081
29.9587
27.7349
25.9334
24.8966
24.5718
24.908
26.0471
28.2453
32.0829
38.794
46.1868
52.1314
54.9294
54.5347
51.8762
47.5409
42.8356
37.9461
34.1431
33.2215
35.7405
40.5858
46.3327
52.4728
57.8848
61.5688
61.4869
54.0277
27.2498
27.7358
49.6786
51.171
41.4583
28.6464
19.7305
23.4432
32.4427
39.0299
47.1573
60.4392
75.2531
86.3472
91.5663
91.6227
87.6353
80.3011
71.0303
61.0514
54.0691
51.721
55.4659
60.9664
68.6953
77.9358
82.8638
84.7255
80.4434
69.5134
56.3389
45.5789
25.0528
22.007
22.5108
23.4692
30.6091
40.9023
53.0358
64.2495
72.2083
75.2431
74.261
69.8875
63.5563
56.6213
48.1653
42.6562
42.4252
46.7371
52.5258
58.8223
64.867
68.2722
68.6488
64.4869
56.2512
44.7022
31.9702
22.0864
20.1957
21.4548
22.8429
24.1214
25.3291
28.3738
34.952
44.4097
55.5881
66.0958
75.7031
80.599
83.3493
80.9579
77.6351
69.5683
63.4344
57.614
58.0008
62.5678
68.7598
75.6537
80.1881
80.7172
76.7435
67.4328
52.5513
35.8497
25.6594
23.9882
23.9282
25.435
29.2254
32.4816
33.2156
31.9386
25.5301
23.4155
23.1147
29.5667
43.0338
62.811
81.0384
94.0957
102.713
103.38
101.482
93.0512
82.6164
69.4527
65.2452
70.6738
82.9818
92.9936
104.732
109.993
108.678
99.9165
82.8523
59.3825
38.1533
28.0486
27.7347
28.999
28.9991
27.5701
25.7117
25.2132
29.5414
34.5846
55.7443
80.0989
97.2443
109.768
118.362
119.007
113.851
100.222
84.5553
75.5675
74.5428
85.0553
98.943
113.397
121.457
116.008
108.993
88.5636
72.3056
64.8028
55.5181
46.6211
39.1314
35.1241
34.8618
36.7878
38.7888
40.4883
40.3682
37.911
32.4961
33.777
41.4757
49.1006
54.3528
58.5472
60.8238
59.8329
55.9044
50.2189
44.1928
38.8034
36.8112
39.1013
43.6604
49.4122
54.7944
59.6711
62.0083
60.5423
54.0313
48.3749
45.8949
44.6748
44.1935
43.625
42.7845
43.0723
46.349
52.4145
59.3129
63.1313
47.6377
43.1834
42.0755
35.405
28.4457
28.5994
37.1302
44.3998
48.1866
51.2172
52.7282
51.7485
49.1605
44.4034
40.0667
36.4804
37.7066
40.1433
44.5754
47.4209
49.08
50.1041
48.5626
43.0102
33.5739
25.2015
20.879
17.7352
15.5289
15.7119
17.1111
13.0591
4.98694
3.26709
13.8612
13.2263
11.6173
11.1453
10.9089
9.85501
8.41326
8.21349
9.73081
11.8392
13.6325
14.8415
14.315
12.0683
9.10881
11.1551
17.9418
20.055
20.6161
20.8437
20.6384
19.8098
18.5899
17.7949
18.2717
19.4284
21.0008
24.8273
30.6138
37.1705
40.9005
40.1002
36.1828
31.5749
27.5025
24.6099
23.4093
24.5466
27.2932
31.1477
34.7921
37.9054
39.6722
39.7996
36.132
28.4559
16.4969
17.4487
26.0925
25.0181
21.8244
18.9694
17.8423
18.9777
20.977
22.5275
23.3162
25.2268
30.3451
38.8641
47.5674
53.6958
55.1669
55.8563
53.2449
51.6447
47.8661
46.2622
45.3008
47.7379
51.4404
55.5537
58.8472
59.5434
58.0435
52.2895
44.1638
34.5076
22.6459
30.555
50.5332
51.6277
48.4446
42.3077
36.4517
32.0454
30.2234
30.4618
32.5344
35.0726
36.7574
39.0986
44.6163
57.1773
69.4583
74.6074
74.5261
71.6241
67.3235
63.7635
61.4698
62.9371
65.0992
68.8688
69.6384
69.1951
66.0734
59.957
50.5082
39.8581
36.9664
45.1774
46.2294
33.6274
34.1966
41.2593
49.2363
57.9116
65.5134
69.7504
70.8403
70.5293
68.6001
65.7711
62.8414
60.2361
57.8935
58.4818
60.3841
62.9743
67.1711
68.7689
69.1348
66.7207
60.6004
51.5757
41.3615
32.2813
26.0167
25.1301
26.2791
26.3302
25.0136
24.8577
29.9123
27.3029
25.4988
24.7582
24.5289
24.6085
24.721
24.6512
24.587
25.1729
28.3493
35.5676
43.8032
50.8765
55.5247
57.3185
56.6371
54.3142
51.1173
47.8018
45.1513
43.8319
44.023
45.6555
48.9466
52.9677
56.7309
58.7312
57.3847
49.7288
25.9522
28.4567
47.4426
51.0998
43.2154
31.123
22.0281
23.4005
29.9471
34.8157
41.1124
52.5076
67.424
80.5473
88.3194
92.2162
90.753
87.9679
81.9678
75.6781
70.4877
67.823
67.9238
70.0086
75.2805
80.2566
82.5518
81.7792
76.3018
64.8751
52.3827
43.0154
24.3543
19.9503
20.4939
20.9122
27.2121
36.75
48.3305
60.2888
69.3122
74.5545
75.9531
73.53
69.4325
66.0337
61.1695
57.4833
55.9758
55.6523
58.7894
62.2199
65.2999
67.1568
66.1244
61.6584
53.3949
42.2578
30.3135
22.2743
20.3447
20.859
21.0591
20.7066
21.5156
24.9557
32.3058
41.2738
51.9559
62.4273
72.581
79.631
84.5193
84.181
85.1176
80.9081
78.8192
75.9073
73.6138
74.3902
76.5397
78.8269
79.6771
77.7394
72.0346
61.4507
46.0867
30.222
24.0531
23.423
24.8285
27.6483
31.0001
33.0557
32.5499
28.3164
20.6675
19.5333
21.4005
27.9663
39.0242
58.2749
76.3909
90.3095
99.7504
103.658
104.622
102.417
96.9878
90.2805
87.0908
91.2272
95.576
101.555
106.475
109.219
104.195
94.732
76.2872
54.8734
36.9836
29.3199
28.1599
27.9797
26.4342
23.5023
21.981
24.6683
31.1785
36.3868
52.5953
73.1592
89.7462
101.976
111.15
116.673
115.377
111.814
102.6
93.9323
95.8831
102.356
109.878
113.299
119.267
112.454
100.028
84.1949
71.7318
63.4296
54.5094
44.7887
35.5293
30.5674
31.3682
34.6769
38.7292
41.914
43.0372
42.4469
38.261
36.7352
40.2581
48.6757
58.6677
65.3261
68.2549
68.3348
66.0533
61.5547
57.393
52.8884
50.598
50.0739
52.1277
55.3671
59.3843
62.2367
63.9292
61.5409
53.6573
44.9897
41.1054
39.5463
39.1721
38.9731
38.6501
38.3034
38.9836
42.2833
48.1706
57.3796
49.7436
48.4442
44.6296
36.2295
30.6007
30.5078
36.5484
46.3889
52.4621
54.7977
55.5585
55.8941
54.4901
52.8337
50.2001
48.4811
48.7244
49.2047
50.2595
51.811
51.5211
51.908
48.8038
43.2537
33.465
24.6617
20.8624
19.696
19.0783
20.4751
20.9403
12.1902
4.14671
2.90168
13.5116
12.1874
11.1331
11.175
11.6165
11.2125
10.3592
10.2357
11.2145
12.7734
14.0424
14.3438
13.0934
10.8774
7.75026
9.10437
15.4686
18.1175
19.1762
19.6734
19.953
19.8594
19.541
19.2431
19.1609
19.203
19.6812
22.204
27.3613
34.2988
38.9306
39.6343
37.5672
34.7354
32.22
30.6661
30.174
30.8446
32.5241
34.9475
37.1084
39.3009
39.9347
38.9202
34.1303
26.199
17.4648
17.9491
22.8634
20.8235
17.9301
16.2907
17.013
18.8881
20.3679
21.3516
21.6279
22.9521
27.9848
37.1071
46.446
53.6626
56.5409
59.3783
58.6952
59.7775
57.8429
58.4141
57.9526
58.6297
60.5458
61.6765
62.995
61.5546
58.0974
51.3984
42.8267
32.7693
24.1313
29.3391
43.8022
44.4698
42.174
38.5319
34.6926
31.8198
30.2235
29.8721
30.8977
32.1126
32.9579
34.678
40.3083
53.8417
66.7904
73.5125
76.2537
77.4344
77.3633
76.9687
76.7173
77.1203
76.6506
76.5657
73.5514
70.1401
64.3038
56.4567
47.189
39.7479
39.7926
45.3141
43.3788
29.0565
31.6272
38.988
46.308
54.9091
63.6178
69.8228
72.9188
74.4671
74.8578
74.9293
74.5096
73.3245
72.8573
71.9863
71.3733
72.0553
71.9456
70.6617
68.7646
64.6169
58.1641
50.1544
41.488
32.9372
26.8331
25.1526
25.5745
25.5219
24.3954
23.1616
24.7459
21.6045
21.1471
21.8718
22.88
23.6791
23.903
23.5129
22.7971
22.4104
24.881
32.0846
40.7111
48.708
55.2629
59.3912
60.8213
60.3367
58.745
56.804
54.7338
52.7055
51.4708
51.3298
52.1345
53.2256
54.186
53.9935
50.7995
42.0399
26.2183
30.7505
46.3094
50.7652
44.7451
33.4033
24.6727
24.5522
28.4563
31.0182
34.8788
43.554
57.1935
71.2392
81.8428
88.6779
91.7762
92.1498
90.6954
87.7451
84.7345
81.5975
79.9392
79.4422
81.1789
81.0118
80.0345
76.705
69.2087
57.6998
46.3903
38.5675
23.5306
18.7807
18.2099
18.4816
23.2695
31.5588
41.8388
53.781
64.3206
71.6744
75.8089
76.6019
74.6046
72.6586
70.9605
68.4747
67.0388
66.1542
66.8673
66.1324
66.6498
65.9533
62.9807
57.6876
49.4842
39.1257
28.4067
21.8205
19.7126
19.2355
18.5705
17.4758
18.338
21.6811
28.6382
36.3501
45.7801
56.5176
67.2467
75.863
83.4366
86.5793
88.8074
89.7804
89.1172
87.6585
87.0007
85.1561
83.4894
81.5987
78.8541
74.0537
66.3579
54.9629
40.5898
28.3603
23.835
23.3862
25.2342
27.725
30.376
31.5243
30.0311
24.6537
18.3018
18.5566
20.8609
25.9283
33.5753
50.1333
68.9918
83.6865
95.3384
101.958
107.066
107.888
109.384
108.613
107.417
105.32
106.073
107.828
107.692
104.287
97.7695
85.1614
68.1078
49.5048
35.825
29.8935
27.4013
26.2669
23.4726
20.109
20.5725
25.0201
31.6093
36.3227
47.5547
64.2943
80.265
92.223
102.558
110.587
115.938
118.109
117.829
119.794
116.45
117.015
113.134
115.67
112.25
101.743
91.2004
77.0096
66.3324
60.3085
52.9572
45.2323
39.1305
36.6223
37.4042
40.5427
43.7381
46.7192
48.1835
47.961
44.8517
41.6247
41.9464
48.0147
58.1535
69.1351
76.1339
79.0562
77.4707
74.881
70.2894
67.3322
64.1328
62.6422
62.6229
63.3414
64.782
66.1426
65.8933
62.8324
53.8345
42.8036
37.6898
35.769
34.9603
32.9427
31.3051
30.6933
30.8814
32.3947
35.4166
46.2765
46.5534
43.5195
36.9053
32.4282
30.1439
31.7644
36.3255
44.9137
54.3124
58.7802
59.9729
59.7224
59.5947
58.7539
58.3318
57.8701
56.9406
57.2122
55.7914
55.9855
54.4489
53.2124
49.1926
42.1977
31.9549
23.5112
20.8659
20.9872
20.2469
20.7851
19.3113
9.60259
3.35118
2.64223
13.0138
11.2592
10.693
11.1574
12.2289
12.7027
12.5367
12.3979
12.7039
13.432
13.8443
13.2437
11.6701
9.44856
6.95288
7.34868
11.6736
15.8218
17.7905
18.8321
19.4519
19.8508
20.0355
20.0682
19.9016
19.3009
18.7459
19.4378
23.3753
30.7637
36.6185
39.4043
39.528
38.5955
37.6245
36.9643
36.6852
36.9805
37.385
38.4338
39.1444
39.9884
39.288
37.4392
32.5298
25.3636
18.2548
17.6138
19.8309
17.5188
15.9172
15.951
17.146
18.4302
19.6105
20.3439
20.2732
20.7347
24.9432
34.1989
44.2788
52.4657
57.8063
62.0719
64.0734
66.6534
66.8469
68.0252
67.4035
67.2306
66.5422
65.5684
64.2295
60.8393
55.7318
48.3452
39.4598
31.0754
25.053
27.1098
35.5256
35.6505
34.9443
33.2117
31.4084
29.9431
29.0052
28.949
29.33
29.6671
29.6945
30.0081
34.7035
48.6093
62.5475
71.1953
76.2924
79.8849
82.7833
84.934
85.3645
84.3356
82.2822
78.6125
73.5421
67.5426
59.9484
51.9392
44.3963
39.3563
38.7483
41.6944
37.0469
22.6073
27.4787
34.465
40.6028
48.8533
58.8501
67.4465
73.0636
76.5503
79.3508
81.0415
81.993
82.9919
81.6256
80.8761
79.3673
77.3569
74.1095
70.8353
66.7903
61.5987
55.2919
48.1042
40.0824
31.6938
24.8112
22.1283
22.5811
22.711
21.7123
19.9876
19.3935
17.3697
18.0141
19.4388
20.7267
21.6581
21.925
21.6418
20.9274
20.341
21.9564
28.2299
36.6926
44.8617
52.4816
58.9006
63.0272
64.6599
64.3298
62.9913
61.2992
59.3872
57.2655
55.3871
53.3506
51.4004
49.2508
46.1889
41.374
33.7649
26.6745
33.3661
45.9257
49.2172
44.3423
34.4634
27.6228
27.3059
29.0678
29.2546
29.8026
35.13
45.5533
59.4453
71.4748
81.0129
87.4523
91.7695
93.8025
94.2168
92.9304
91.1011
88.3955
85.4866
82.9754
79.1658
75.1751
68.996
59.9976
47.9523
38.4464
30.7709
21.3534
17.8247
16.9284
17.09
20.2994
26.18
34.3662
45.1597
56.6551
66.2208
72.938
77.2454
79.3202
79.4685
79.1247
78.749
76.6885
75.2012
72.2592
69.2255
67.2046
63.4348
58.7196
52.6083
44.5593
34.9893
25.9434
20.5521
18.5139
17.4161
16.5205
16.0596
17.8327
20.6037
25.3167
30.5439
38.0565
48.3565
59.6083
69.4228
78.7496
84.7219
90.1133
92.5929
94.3397
94.5564
92.4328
89.7552
85.9905
81.6215
76.0467
69.155
59.9176
48.9779
36.4642
26.9142
22.5423
21.6862
22.9733
25.1196
27.1429
27.9738
26.6158
22.9253
21.2756
22.5467
23.3961
24.9819
27.8709
39.952
58.7376
74.7251
87.7334
97.7841
105.675
110.405
113.596
116.644
116.228
114.712
111.618
108.321
102.391
95.6318
86.2981
73.5766
58.7409
44.2429
34.5372
30.0101
27.6344
26.3017
24.9119
24.009
25.5173
28.8132
32.6243
35.2621
41.9535
54.208
69.9847
82.0156
93.2548
103.374
111.397
117.749
122.236
121.098
122.813
115.246
116.3
109.138
98.5357
90.5755
78.6503
66.0343
59.7005
55.1164
50.5541
48.017
47.0577
47.4102
48.8768
50.7827
52.8265
54.3797
55.0709
53.7899
50.1954
45.341
42.9182
46.8035
55.8583
67.2444
78.2974
85.6172
87.6172
86.9173
83.5849
80.2602
77.808
74.5994
72.6641
71.2972
70.2221
69.5957
67.8794
62.4697
53.0644
40.8749
35.1601
33.1719
32.2324
30.7061
27.6808
25.1546
23.4775
22.9183
23.5267
29.6851
31.2178
29.5383
28.1392
27.5628
27.5575
30.4547
35.4739
42.8987
51.7658
59.8665
63.2098
64.083
63.5909
63.802
63.4836
63.7975
62.8351
62.5212
59.9288
59.7086
56.4737
54.443
47.9245
39.4465
29.0092
21.4298
20.9649
21.0992
19.0656
18.4989
14.4595
6.34276
2.6515
2.48377
12.3887
10.5121
10.3542
11.0698
12.3343
13.4973
13.8809
13.7257
13.4666
13.2122
12.7728
11.7412
10.1798
8.24192
6.7593
7.04983
8.60854
11.8959
15.1187
17.5903
19.0731
20.0136
20.6291
20.8886
20.656
19.644
18.3505
17.4581
19.1186
26.5451
33.7112
38.5816
41.1542
42.2953
42.7796
42.9214
42.9123
42.317
41.675
41.1684
40.0304
39.2889
37.5551
34.7642
30.2382
23.5149
17.3314
16.3965
17.3207
16.5615
16.7802
17.4785
18.3726
19.1221
19.6945
19.9755
19.4762
19.0399
21.4381
29.9427
40.6399
50.0414
57.715
63.1484
67.6954
70.7489
73.3323
73.6966
73.4813
71.5212
69.2861
65.9291
62.1213
56.8729
50.8203
43.0082
35.2469
28.6558
25.6947
25.1704
27.5208
27.2656
27.4316
27.4003
27.5727
27.709
28.2755
28.6864
28.7906
28.5834
27.3495
25.928
28.2939
41.1593
56.0703
66.7899
73.7508
78.6607
82.1424
84.2278
84.9396
83.413
79.8213
74.7556
68.4438
61.505
54.1822
47.098
41.0379
36.2452
33.4476
34.1616
28.9715
20.3622
26.1531
30.6732
33.3451
39.8294
50.6659
61.6705
70.2772
76.2466
80.8231
84.1586
86.787
87.5036
87.9692
85.7997
83.0168
78.6287
73.7099
68.7428
63.182
57.36
51.166
44.0453
36.0355
27.8007
20.6271
18.6087
20.1161
21.1021
20.467
18.4861
16.3265
15.417
16.0446
17.3887
18.5938
19.3905
19.7544
19.7262
19.4625
19.2396
19.9221
23.9483
31.477
39.118
46.4904
53.9089
60.0795
64.7406
67.1529
67.3349
66.0595
63.7492
60.8692
57.0881
53.0728
48.7563
44.0349
38.9702
33.68
28.6364
27.8615
32.3999
42.6076
44.4405
40.6462
34.3637
31.5343
31.8401
32.4476
30.6825
28.0744
29.1685
35.2533
46.3764
58.9918
69.6479
78.1115
84.574
89.5017
92.5014
94.2633
93.2229
90.1605
85.7533
80.0575
73.4751
66.2785
57.5174
46.9841
35.3674
26.3092
22.2481
19.0695
18.2046
18.6454
19.2788
20.4264
23.033
27.1721
35.3488
46.9938
57.9514
67.2734
74.0475
78.8132
81.9966
83.3171
83.0731
82.7788
78.8375
75.1772
70.4627
65.1139
59.0688
53.0546
46.129
38.1731
29.6638
22.9111
19.6649
18.7711
18.8817
19.5834
20.7752
22.6194
24.1217
25.5015
26.2625
30.0389
38.7029
49.8212
60.4335
70.7059
78.9929
85.6246
89.8715
93.097
93.7441
92.8595
89.4749
84.3598
77.6557
70.1413
61.8623
52.3935
41.5307
30.5429
22.9427
19.3561
18.4587
19.0728
20.6817
22.8676
24.6729
25.8764
26.9347
28.3224
28.4671
27.5654
26.4934
24.8745
29.4127
46.1596
63.1336
77.6504
89.6585
99.7031
107.333
112.864
115.616
117.33
114.211
109.247
101.282
92.1543
82.8417
72.3546
60.9871
48.9145
38.7699
33.3594
31.3538
31.0908
31.9982
33.3112
34.4927
35.4646
36.6876
37.1302
36.0389
37.4946
44.727
58.7835
70.9348
81.8634
92.691
102.297
109.768
113.823
118.457
114.568
112.741
104.63
94.0839
85.1169
75.113
63.0482
55.4237
51.4162
50.3076
51.2435
53.4603
55.7915
58.5798
60.7687
62.6899
63.4214
63.4966
61.9605
58.9818
53.3394
46.0308
41.4254
43.8516
51.7673
61.5884
71.5585
81.0183
87.1228
91.195
90.6175
89.2645
86.2184
83.6901
80.02
76.6423
73.8024
71.0733
67.4926
59.85
48.4928
37.9121
32.8103
30.9343
30.1235
29.5014
28.6694
27.8286
26.1082
24.1184
23.4706
23.5176
23.8048
23.8442
23.7278
23.319
23.6327
26.6838
32.6397
39.3786
48.068
56.4902
63.2399
66.3431
67.9559
68.2126
68.7904
67.8737
67.9397
65.9405
64.4898
62.3801
58.3616
53.0279
44.6717
34.2497
24.6762
18.8655
21.2978
19.7692
16.8065
13.4138
8.2875
3.98551
2.13542
2.36496
11.7372
10.3111
10.3553
11.0713
12.0697
13.1134
13.7006
13.5951
12.9615
11.9966
10.9501
9.81686
8.59663
7.42772
7.13959
7.96956
8.70702
10.2394
12.5588
15.1398
17.4874
19.3971
20.6011
21.0877
20.8462
19.9202
18.5083
16.9544
16.0902
21.7035
29.8211
36.3698
41.1691
44.3124
46.2387
47.2591
47.2701
46.3702
44.7062
42.1478
39.3028
36.395
33.4913
30.2418
26.4843
22.1149
19.7511
19.4567
20.2879
21.2258
21.908
22.0781
21.77
21.3413
20.67
20.1481
19.274
18.5361
19.0174
24.7091
35.2416
45.5693
55.163
61.917
68.3766
71.958
75.3981
75.9308
75.1655
72.4449
68.1328
62.5918
56.6569
50.0362
43.2163
36.0011
29.5207
25.5071
24.9201
24.3289
23.6239
23.1706
24.0612
25.7335
27.5446
29.2377
30.5806
30.8293
30.4093
29.1978
26.5674
23.5474
22.7222
31.5615
46.6293
59.3276
68.1206
73.9357
77.6053
79.0787
78.3841
76.3819
71.5446
66.5289
60.0454
53.2951
46.7209
40.5687
34.9828
30.2259
27.2019
27.6403
27.5029
28.7948
30.6347
31.1428
29.4238
30.0255
39.5853
51.7588
63.2897
72.0847
78.9648
83.9151
87.6683
89.439
88.674
87.0195
82.5738
77.3823
71.0944
64.3427
57.3608
50.5207
43.5759
36.6322
29.7218
23.2787
20.7265
21.3853
22.2926
22.5362
21.9913
20.1199
17.4208
16.1693
15.9025
16.5384
17.4073
18.0718
18.5378
18.8071
18.9775
19.123
19.3362
20.2356
25.2653
32.2139
38.3634
44.7943
51.4733
57.3891
62.064
65.0303
66.1373
65.4222
62.771
59.0236
54.0812
48.3311
42.1594
36.1189
30.7954
27.1664
25.2264
27.039
35.1149
36.353
36.1613
36.25
37.7174
39.0124
38.0578
34.9375
30.6805
28.1989
30.145
35.9067
46.4757
56.9161
66.1058
73.5239
79.0205
82.5182
84.0857
83.2715
80.7011
75.3418
68.2394
59.761
50.515
40.3685
30.2212
22.2345
19.0583
19.1397
20.0853
21.5386
23.1431
24.7386
25.4738
24.8046
23.971
26.8036
36.6018
47.8072
58.4279
67.5549
74.655
79.6542
82.9687
84.2812
82.5457
78.9431
74.8139
67.8816
60.3567
52.7118
45.2601
37.6186
30.2079
23.9283
21.3097
21.7259
23.3128
25.1379
27.0183
28.6788
29.8124
30.1577
29.2965
26.8793
25.361
30.2081
39.8214
49.7564
60.1048
69.0501
77.0908
82.2724
85.7639
87.2836
85.6477
81.8074
75.9811
68.4577
59.9696
50.7861
40.8989
31.216
23.5417
20.1035
19.5793
20.0616
20.92
22.2125
24.2582
26.962
29.8121
32.2398
33.3447
33.005
31.7564
29.8305
26.1887
23.2249
32.813
50.0711
65.278
78.7034
89.9831
98.6804
105.185
109.166
108.983
105.614
98.6562
89.1094
78.8616
68.0657
57.6787
48.0974
39.4338
34.6952
34.3221
36.4048
39.0992
42.2866
44.4582
46.527
46.9868
46.1087
44.3011
40.3842
36.5528
38.9278
49.5193
61.3788
70.8563
80.7824
90.0565
97.3906
102.962
103.316
101.52
99.2814
85.9239
78.699
67.3289
56.7076
48.8265
45.3518
46.1601
50.5918
55.6553
60.8361
65.4779
69.4189
72.2765
73.531
73.14
70.7355
66.9583
60.7943
52.3319
43.2154
37.0064
37.1665
42.6558
49.7455
58.1398
66.3203
74.249
81.0925
84.6841
87.3445
86.4981
84.6055
81.5676
77.9329
74.2663
69.6859
62.3581
51.9005
40.5474
33.82
31.7033
31.0965
30.5954
30.2484
29.9718
29.9331
30.2913
31.0556
29.2097
25.5461
23.4727
22.71
22.3491
22.041
21.6582
22.3093
26.4935
33.7446
41.9861
50.7009
58.595
65.1061
69.3209
72.3522
73.5392
74.1357
73.1006
71.0957
68.2524
63.0079
56.9724
47.909
37.5766
26.9205
18.6367
17.3401
19.0119
15.9471
10.9673
7.34387
4.72655
2.74363
1.98302
2.31047
10.944
12.5906
11.9373
11.8599
12.3702
12.8969
13.3453
13.7533
13.8921
13.6884
13.2538
12.7396
12.3079
12.1881
12.5953
14.1658
16.814
18.6326
19.9858
21.3797
22.8756
24.0322
24.5756
24.4181
23.7401
23.0349
22.2084
21.5424
21.1512
22.4155
27.1431
31.0015
34.1349
36.4858
38.3083
40.0849
42.4466
44.4147
45.6592
44.6757
43.7976
41.7102
39.9214
37.5863
35.3654
33.3351
31.059
29.1474
27.9086
26.9812
26.1283
25.4321
24.7868
24.6142
25.0593
25.6848
25.589
25.1389
24.8797
25.4338
29.1767
35.3786
41.1641
44.5655
47.996
49.3836
52.5713
53.9581
58.2328
59.9362
60.2308
58.4294
55.8744
52.2571
48.4997
44.0822
40.8177
38.8523
36.9567
35.6742
34.3212
33.6383
33.6538
33.8965
34.2247
34.3378
34.0894
34.0052
33.8504
32.777
30.308
28.1227
28.9621
30.7712
33.6365
39.1215
45.4237
50.6605
55.1191
59.4458
64.2301
68.0348
68.1352
67.2646
63.9685
60.2161
56.2218
52.172
47.9411
44.1002
41.232
39.6443
38.7223
37.5094
36.12
34.4581
32.6743
32.7324
36.1664
41.5171
48.8075
54.3105
59.3152
62.9862
66.9891
69.1486
73.1589
75.9133
76.3931
75.3862
71.8723
67.5914
62.5254
56.9728
51.1279
44.3966
38.8251
35.1544
33.1738
32.3525
31.607
31.1203
30.4416
29.3343
27.9455
27.6397
28.4328
29.3699
30.0283
30.6203
30.8665
30.5948
29.784
28.7227
27.9003
27.7502
29.4053
33.2085
37.2802
40.792
44.1373
47.5906
51.0636
54.0718
56.2838
57.0575
56.9981
55.7167
52.9618
49.2167
44.8747
40.3963
36.826
35.0226
33.5201
34.2839
38.5159
38.5395
38.004
37.2371
35.9681
34.4323
32.8233
30.4395
29.663
32.2718
37.8854
44.0281
51.6926
59.9186
64.119
66.1822
67.3843
67.9378
67.8646
66.695
65.5822
62.087
57.3859
51.4033
44.5861
37.7419
32.1683
29.5104
28.9781
29.1817
29.6828
30.0241
30.0286
29.5022
28.6348
27.4984
26.7849
30.443
38.7827
48.7052
53.994
57.6865
60.5234
62.6012
64.3214
65.6411
67.237
66.9888
66.2018
61.8828
57.7239
52.2546
46.423
40.549
35.2301
32.3956
31.3437
30.9991
31.0688
31.1683
31.0518
30.5925
30.1581
29.4839
28.8891
28.3539
30.5646
38.1033
46.8007
53.1193
56.8582
59.519
62.0936
63.1754
64.8899
65.2805
65.9128
65.3925
62.9499
58.6733
53.2132
47.2905
41.413
37.0594
34.8316
33.9051
33.369
32.639
32.017
31.36
31.3042
31.5391
31.9304
31.4547
30.6077
30.1057
29.6477
28.9355
27.7664
26.7422
32.0218
49.0791
62.0862
69.1339
73.9677
77.6786
81.4875
83.4212
87.2752
88.4821
87.5621
83.6799
77.5386
70.475
63.1254
55.6894
50.3465
48.0569
46.9245
46.2013
45.7056
44.8307
42.9797
40.4223
38.4555
36.3276
34.9044
34.2748
34.3402
44.9124
61.4832
75.7835
81.6897
84.6527
87.0934
89.7833
90.9415
92.444
90.3295
88.3576
82.874
77.0031
68.1371
63.5239
59.3645
58.0376
58.6419
59.7356
61.0828
62.108
62.1603
60.711
58.1289
55.4564
52.8005
49.4114
44.3108
39.1507
36.5477
39.6177
43.5496
45.0212
49.2323
56.2341
63.5431
70.2226
75.6537
79.0759
78.9919
77.6909
71.8507
65.2354
60.5461
57.9249
55.7744
53.2646
49.3385
44.8953
42.0173
41.0226
41.0543
40.9559
41.0027
41.0337
40.7666
40.3337
39.5862
38.7418
36.7408
30.5188
25.0543
24.4001
25.838
27.6143
30.0071
31.8086
35.362
40.1608
47.5303
53.5401
59.7901
64.0404
67.4813
68.116
67.7167
63.3613
59.2979
54.2046
51.8523
46.8147
42.6879
35.0121
25.9633
16.2634
11.5599
12.0952
12.2012
9.98929
7.4488
5.54645
4.13226
3.26926
2.82863
2.39348
)
;

boundaryField
{
    wand
    {
        type            zeroGradient;
    }
    frontAndBack
    {
        type            empty;
    }
}


// ************************************************************************* //
