/*--------------------------------*- C++ -*----------------------------------*\
| =========                 |                                                 |
| \\      /  F ield         | OpenFOAM: The Open Source CFD Toolbox           |
|  \\    /   O peration     | Version:  2.1.1                                 |
|   \\  /    A nd           | Web:      www.OpenFOAM.org                      |
|    \\/     M anipulation  |                                                 |
\*---------------------------------------------------------------------------*/
FoamFile
{
    version     2.0;
    format      ascii;
    class       volScalarField;
    location    "0.000150000";
    object      omegaC_burn;
}
// * * * * * * * * * * * * * * * * * * * * * * * * * * * * * * * * * * * * * //

dimensions      [1 -3 -1 0 0 0 0];

internalField   nonuniform List<scalar> 
12384
(
0.103111
0.0817257
0.00240909
2.87552e-05
1.51702e-07
6.75522e-10
2.79831e-12
1.09332e-14
3.91975e-17
1.24726e-19
3.4263e-22
7.61489e-25
1.38223e-27
2.06348e-30
3.50181e-47
1.77476e-47
1.17576e-49
4.93923e-52
1.60761e-54
4.36263e-57
1.02622e-59
2.15472e-62
4.13032e-65
7.33862e-68
1.22328e-70
1.93235e-73
2.90945e-76
4.18763e-79
5.78125e-82
7.67725e-85
9.82043e-88
1.21185e-90
1.44562e-93
1.67002e-96
1.87113e-99
2.03707e-102
2.15939e-105
2.23293e-108
2.25368e-111
2.21658e-114
2.11462e-117
1.94412e-120
1.71581e-123
1.41271e-126
4.70906e-140
5.52284e-141
1.30063e-143
2.10018e-146
2.79963e-149
3.26154e-152
3.40391e-155
3.2425e-158
2.86266e-161
0
0
0
0
0
0
0
0
0
0
0
0
0
0
0
0
0
0
0
0
0
0
0
0
0
0
0
0
0
0
0
0
0
0
0
0
0
0
0
0
0
0
0
0
0
0
0
0
0
0
0
0
0
0
0
0
0
0
0
0
0
0
0
0
0
0
0
0
0
0
0
0
0
0
0
0
0
0
0
0
0
0
0
0
0
0
0
0
0
0
0
0
0
0
0
0
0
0
0
0
0
0
0
0
0
0
0
0
0
0
0
0
0
0
0
0
0
0
0
0
0
0
0
0
0
0
0
0
0
0
0
0
0
0
0
0
0
0
0
0
0
0
0
0
0
0
0
0
0
0
0
0
0
0
0
0
0
0
0
0
0
0
0
0
0
0
0
0
0
0
0
0
0
0
0
0
0
0
0
0
0
0
0
0
0
0
0
0
0
0
0
0
0
0
0
0
0
0
0
0
0
0
0
0
0
0
0
0
0
0
0
0
0
0
0
0
0
0
0
0
0
0
0
0
0
0
0
0
0
0
0
0
0
0
0
0
0
0
0
0
0
0
0
0
0
0
0
0
0
0
0
0
0
0
0
0
0
0
0
0
0
0
0
0
0
0
0
0
0
0
0
0
0
0
0
0
0
0
0
0
0
0
0
0
0
0
0
0
0
0
0
0
0
0
0
0
0
0
0
0
0
0
0
0
0
0
0
0
0
0
0
0
0
0
0
0
0
0
0
0
0
6.68591
5.04091
0.0931764
0.00215902
1.24365e-05
5.31448e-08
1.85177e-10
5.54696e-13
1.47707e-15
3.55158e-18
7.83296e-21
1.62116e-23
3.22667e-26
6.25608e-29
1.91849e-44
7.13825e-45
4.6594e-47
1.94815e-49
6.29272e-52
1.71261e-54
4.08227e-57
8.70763e-60
1.69359e-62
3.05098e-65
5.15548e-68
8.26972e-71
1.26963e-73
1.86901e-76
2.64042e-79
3.59046e-82
4.70802e-85
5.95614e-88
7.28085e-91
8.61847e-94
9.89859e-97
1.10538e-99
1.20249e-102
1.27618e-105
1.32125e-108
1.33165e-111
1.30132e-114
1.22474e-117
1.10314e-120
9.44414e-124
7.70719e-137
6.67521e-138
1.38796e-140
2.03859e-143
2.55011e-146
2.87033e-149
2.95342e-152
2.79921e-155
2.46907e-158
2.04782e-161
0
0
0
0
0
0
0
0
0
0
0
0
0
0
0
0
0
0
0
0
0
0
0
0
0
0
0
0
0
0
0
0
0
0
0
0
0
0
0
0
0
0
0
0
0
0
0
0
0
0
0
0
0
0
0
0
0
0
0
0
0
0
0
0
0
0
0
0
0
0
0
0
0
0
0
0
0
0
0
0
0
0
0
0
0
0
0
0
0
0
0
0
0
0
0
0
0
0
0
0
0
0
0
0
0
0
0
0
0
0
0
0
0
0
0
0
0
0
0
0
0
0
0
0
0
0
0
0
0
0
0
0
0
0
0
0
0
0
0
0
0
0
0
0
0
0
0
0
0
0
0
0
0
0
0
0
0
0
0
0
0
0
0
0
0
0
0
0
0
0
0
0
0
0
0
0
0
0
0
0
0
0
0
0
0
0
0
0
0
0
0
0
0
0
0
0
0
0
0
0
0
0
0
0
0
0
0
0
0
0
0
0
0
0
0
0
0
0
0
0
0
0
0
0
0
0
0
0
0
0
0
0
0
0
0
0
0
0
0
0
0
0
0
0
0
0
0
0
0
0
0
0
0
0
0
0
0
0
0
0
0
0
0
0
0
0
0
0
0
0
0
0
0
0
0
0
0
0
0
0
0
0
0
0
0
0
0
0
0
0
0
0
0
0
0
0
0
0
0
0
0
0
0
0
0
0
0
0
0
0
0
0
0
0
0
0
0
0
0
0
20.6034
20.2491
1.05183
0.00592273
4.95929e-06
2.03224e-08
4.13773e-11
5.99929e-14
5.83409e-17
5.12624e-20
5.28557e-23
7.22759e-26
1.27259e-28
1.93647e-31
7.62515e-42
6.90095e-43
4.33313e-45
1.6711e-47
4.7089e-50
1.0879e-52
2.23348e-55
4.21196e-58
7.37029e-61
1.20455e-63
1.86845e-66
2.79742e-69
4.082e-72
5.79469e-75
7.97644e-78
1.06292e-80
1.37092e-83
1.71499e-86
2.08946e-89
2.4989e-92
2.95757e-95
3.46825e-98
3.96581e-101
4.35196e-104
4.55346e-107
4.56199e-110
4.42933e-113
4.22447e-116
3.90265e-119
1.28645e-122
9.30863e-134
2.4706e-135
4.2125e-138
4.89049e-141
4.81519e-144
4.34751e-147
3.70592e-150
2.99805e-153
2.29482e-156
1.66807e-159
1.17773e-162
0
0
0
0
0
0
0
0
0
0
0
0
0
0
0
0
0
0
0
0
0
0
0
0
0
0
0
0
0
0
0
0
0
0
0
0
0
0
0
0
0
0
0
0
0
0
0
0
0
0
0
0
0
0
0
0
0
0
0
0
0
0
0
0
0
0
0
0
0
0
0
0
0
0
0
0
0
0
0
0
0
0
0
0
0
0
0
0
0
0
0
0
0
0
0
0
0
0
0
0
0
0
0
0
0
0
0
0
0
0
0
0
0
0
0
0
0
0
0
0
0
0
0
0
0
0
0
0
0
0
0
0
0
0
0
0
0
0
0
0
0
0
0
0
0
0
0
0
0
0
0
0
0
0
0
0
0
0
0
0
0
0
0
0
0
0
0
0
0
0
0
0
0
0
0
0
0
0
0
0
0
0
0
0
0
0
0
0
0
0
0
0
0
0
0
0
0
0
0
0
0
0
0
0
0
0
0
0
0
0
0
0
0
0
0
0
0
0
0
0
0
0
0
0
0
0
0
0
0
0
0
0
0
0
0
0
0
0
0
0
0
0
0
0
0
0
0
0
0
0
0
0
0
0
0
0
0
0
0
0
0
0
0
0
0
0
0
0
0
0
0
0
0
0
0
0
0
0
0
0
0
0
0
0
0
0
0
0
0
0
0
0
0
0
0
0
0
0
0
0
0
0
0
0
0
0
0
0
0
0
0
0
0
0
0
0
0
0
0
2233.54
2009.49
35.7555
1.42181
0.015052
5.19836e-05
1.30205e-07
2.32278e-10
2.65906e-13
2.63589e-16
2.85055e-19
3.76169e-22
5.5401e-25
8.2296e-28
4.83673e-38
9.27802e-40
5.77397e-42
2.46097e-44
7.57321e-47
1.83156e-49
3.88484e-52
7.59083e-55
1.38951e-57
2.39958e-60
3.9625e-63
6.29508e-66
9.62612e-69
1.41928e-71
2.0234e-74
2.79309e-77
3.73381e-80
4.83598e-83
6.07446e-86
7.42074e-89
8.8903e-92
1.05331e-94
1.21819e-97
1.35592e-100
1.45018e-103
1.50725e-106
1.53981e-109
1.54565e-112
1.48771e-115
6.3696e-119
1.87305e-129
1.50087e-131
2.31843e-134
2.56362e-137
2.42964e-140
2.12528e-143
1.77909e-146
1.43854e-149
1.12049e-152
8.41549e-156
6.20741e-159
4.5347e-162
0
0
0
0
0
0
0
0
0
0
0
0
0
0
0
0
0
0
0
0
0
0
0
0
0
0
0
0
0
0
0
0
0
0
0
0
0
0
0
0
0
0
0
0
0
0
0
0
0
0
0
0
0
0
0
0
0
0
0
0
0
0
0
0
0
0
0
0
0
0
0
0
0
0
0
0
0
0
0
0
0
0
0
0
0
0
0
0
0
0
0
0
0
0
0
0
0
0
0
0
0
0
0
0
0
0
0
0
0
0
0
0
0
0
0
0
0
0
0
0
0
0
0
0
0
0
0
0
0
0
0
0
0
0
0
0
0
0
0
0
0
0
0
0
0
0
0
0
0
0
0
0
0
0
0
0
0
0
0
0
0
0
0
0
0
0
0
0
0
0
0
0
0
0
0
0
0
0
0
0
0
0
0
0
0
0
0
0
0
0
0
0
0
0
0
0
0
0
0
0
0
0
0
0
0
0
0
0
0
0
0
0
0
0
0
0
0
0
0
0
0
0
0
0
0
0
0
0
0
0
0
0
0
0
0
0
0
0
0
0
0
0
0
0
0
0
0
0
0
0
0
0
0
0
0
0
0
0
0
0
0
0
0
0
0
0
0
0
0
0
0
0
0
0
0
0
0
0
0
0
0
0
0
0
0
0
0
0
0
0
0
0
0
0
0
0
0
0
0
0
0
0
0
0
0
0
0
0
0
0
0
0
0
0
0
0
0
0
3209.65
3240.99
2522.46
57.4937
2.9783
0.0876993
0.000268556
5.84561e-07
7.86192e-10
9.05598e-13
1.08621e-15
1.53098e-18
2.30329e-21
3.42774e-24
2.57753e-34
1.73951e-36
9.0841e-39
4.00322e-41
1.3732e-43
3.62745e-46
8.18745e-49
1.68859e-51
3.27472e-54
6.02315e-57
1.05357e-59
1.76365e-62
2.83035e-65
4.36298e-68
6.4803e-71
9.29626e-74
1.28945e-76
1.73011e-79
2.2477e-82
2.83287e-85
3.48201e-88
4.17929e-91
4.88194e-94
5.5314e-97
6.0859e-100
6.5509e-103
6.93587e-106
7.20363e-109
7.17889e-112
3.97375e-115
3.3108e-125
1.14701e-127
1.58815e-130
1.68663e-133
1.57271e-136
1.36289e-139
1.13438e-142
9.20986e-146
7.33368e-149
5.71842e-152
4.36588e-155
3.28079e-158
2.42409e-161
0
0
0
0
0
0
0
0
0
0
0
0
0
0
0
0
0
0
0
0
0
0
0
0
0
0
0
0
0
0
0
0
0
0
0
0
0
0
0
0
0
0
0
0
0
0
0
0
0
0
0
0
0
0
0
0
0
0
0
0
0
0
0
0
0
0
0
0
0
0
0
0
0
0
0
0
0
0
0
0
0
0
0
0
0
0
0
0
0
0
0
0
0
0
0
0
0
0
0
0
0
0
0
0
0
0
0
0
0
0
0
0
0
0
0
0
0
0
0
0
0
0
0
0
0
0
0
0
0
0
0
0
0
0
0
0
0
0
0
0
0
0
0
0
0
0
0
0
0
0
0
0
0
0
0
0
0
0
0
0
0
0
0
0
0
0
0
0
0
0
0
0
0
0
0
0
0
0
0
0
0
0
0
0
0
0
0
0
0
0
0
0
0
0
0
0
0
0
0
0
0
0
0
0
0
0
0
0
0
0
0
0
0
0
0
0
0
0
0
0
0
0
0
0
0
0
0
0
0
0
0
0
0
0
0
0
0
0
0
0
0
0
0
0
0
0
0
0
0
0
0
0
0
0
0
0
0
0
0
0
0
0
0
0
0
0
0
0
0
0
0
0
0
0
0
0
0
0
0
0
0
0
0
0
0
0
0
0
0
0
0
0
0
0
0
0
0
0
0
0
0
0
0
0
0
0
0
0
0
0
0
0
0
0
0
0
0
3240.25
3293.29
3269.46
2658.44
97.4392
4.66177
0.13358
0.000416249
8.97386e-07
1.21003e-09
1.73706e-12
2.82246e-15
4.66481e-18
7.32848e-21
7.20749e-31
3.00775e-33
1.19007e-35
4.78508e-38
1.73832e-40
5.08214e-43
1.24225e-45
2.73409e-48
5.61985e-51
1.09561e-53
2.02979e-56
3.57654e-59
6.015e-62
9.69752e-65
1.50382e-67
2.24669e-70
3.23597e-73
4.50041e-76
6.05788e-79
7.90673e-82
1.00204e-84
1.23201e-87
1.47156e-90
1.71242e-93
1.94365e-96
2.15767e-99
2.34706e-102
2.49509e-105
2.56188e-108
1.87754e-111
3.16918e-121
6.10133e-124
7.70801e-127
8.00747e-130
7.47595e-133
6.53833e-136
5.49274e-139
4.49886e-142
3.63055e-145
2.89635e-148
2.26997e-151
1.74289e-154
1.31284e-157
9.72262e-161
0
0
0
0
0
0
0
0
0
0
0
0
0
0
0
0
0
0
0
0
0
0
0
0
0
0
0
0
0
0
0
0
0
0
0
0
0
0
0
0
0
0
0
0
0
0
0
0
0
0
0
0
0
0
0
0
0
0
0
0
0
0
0
0
0
0
0
0
0
0
0
0
0
0
0
0
0
0
0
0
0
0
0
0
0
0
0
0
0
0
0
0
0
0
0
0
0
0
0
0
0
0
0
0
0
0
0
0
0
0
0
0
0
0
0
0
0
0
0
0
0
0
0
0
0
0
0
0
0
0
0
0
0
0
0
0
0
0
0
0
0
0
0
0
0
0
0
0
0
0
0
0
0
0
0
0
0
0
0
0
0
0
0
0
0
0
0
0
0
0
0
0
0
0
0
0
0
0
0
0
0
0
0
0
0
0
0
0
0
0
0
0
0
0
0
0
0
0
0
0
0
0
0
0
0
0
0
0
0
0
0
0
0
0
0
0
0
0
0
0
0
0
0
0
0
0
0
0
0
0
0
0
0
0
0
0
0
0
0
0
0
0
0
0
0
0
0
0
0
0
0
0
0
0
0
0
0
0
0
0
0
0
0
0
0
0
0
0
0
0
0
0
0
0
0
0
0
0
0
0
0
0
0
0
0
0
0
0
0
0
0
0
0
0
0
0
0
0
0
0
0
0
0
0
0
0
0
0
0
0
0
0
0
0
0
0
3234.25
3288.28
3304.4
3248.66
2741.71
115.215
3.46934
0.0231994
0.000107359
3.68926e-07
1.01406e-09
2.32476e-12
4.56267e-15
7.93633e-18
1.19954e-27
4.47314e-30
1.39657e-32
4.79138e-35
1.69673e-37
5.38996e-40
1.44408e-42
3.41418e-45
7.46452e-48
1.53792e-50
3.00681e-53
5.58126e-56
9.85118e-59
1.66114e-61
2.68821e-64
4.18423e-67
6.2692e-70
9.05342e-73
1.26356e-75
1.7085e-78
2.23898e-81
2.84403e-84
3.5024e-87
4.19219e-90
4.89094e-93
5.56928e-96
6.19647e-99
6.72657e-102
7.09798e-105
6.65347e-108
1.8343e-117
2.43109e-120
2.81877e-123
2.88352e-126
2.71341e-129
2.41704e-132
2.07357e-135
1.73285e-138
1.4209e-141
1.14921e-144
9.16771e-148
7.17815e-151
5.51028e-154
4.15717e-157
3.08842e-160
0
0
0
0
0
0
0
0
0
0
0
0
0
0
0
0
0
0
0
0
0
0
0
0
0
0
0
0
0
0
0
0
0
0
0
0
0
0
0
0
0
0
0
0
0
0
0
0
0
0
0
0
0
0
0
0
0
0
0
0
0
0
0
0
0
0
0
0
0
0
0
0
0
0
0
0
0
0
0
0
0
0
0
0
0
0
0
0
0
0
0
0
0
0
0
0
0
0
0
0
0
0
0
0
0
0
0
0
0
0
0
0
0
0
0
0
0
0
0
0
0
0
0
0
0
0
0
0
0
0
0
0
0
0
0
0
0
0
0
0
0
0
0
0
0
0
0
0
0
0
0
0
0
0
0
0
0
0
0
0
0
0
0
0
0
0
0
0
0
0
0
0
0
0
0
0
0
0
0
0
0
0
0
0
0
0
0
0
0
0
0
0
0
0
0
0
0
0
0
0
0
0
0
0
0
0
0
0
0
0
0
0
0
0
0
0
0
0
0
0
0
0
0
0
0
0
0
0
0
0
0
0
0
0
0
0
0
0
0
0
0
0
0
0
0
0
0
0
0
0
0
0
0
0
0
0
0
0
0
0
0
0
0
0
0
0
0
0
0
0
0
0
0
0
0
0
0
0
0
0
0
0
0
0
0
0
0
0
0
0
0
0
0
0
0
0
0
0
0
0
0
0
0
0
0
0
0
0
0
0
0
0
0
0
0
3236.07
3300.3
3280.46
3231.26
2905.47
165.145
6.7424
0.068231
0.000478245
2.53861e-06
1.08441e-08
3.89583e-11
1.2121e-13
3.25801e-16
9.51435e-25
3.14543e-27
9.41658e-30
2.72921e-32
8.60398e-35
2.76084e-37
8.01519e-40
2.04397e-42
4.75824e-45
1.03786e-47
2.14028e-50
4.1864e-53
7.77688e-56
1.37565e-58
2.32803e-61
3.78131e-64
5.90202e-67
8.86208e-70
1.28303e-72
1.7964e-75
2.43647e-78
3.20122e-81
4.07576e-84
5.03671e-87
6.05401e-90
7.08556e-93
8.07994e-96
8.97385e-99
9.69307e-102
1.01618e-104
4.55365e-114
5.10402e-117
5.31919e-120
5.27499e-123
4.94516e-126
4.45365e-129
3.89114e-132
3.31923e-135
2.77552e-138
2.28209e-141
1.84931e-144
1.47562e-147
1.15619e-150
8.89776e-154
6.7391e-157
5.02571e-160
0
0
0
0
0
0
0
0
0
0
0
0
0
0
0
0
0
0
0
0
0
0
0
0
0
0
0
0
0
0
0
0
0
0
0
0
0
0
0
0
0
0
0
0
0
0
0
0
0
0
0
0
0
0
0
0
0
0
0
0
0
0
0
0
0
0
0
0
0
0
0
0
0
0
0
0
0
0
0
0
0
0
0
0
0
0
0
0
0
0
0
0
0
0
0
0
0
0
0
0
0
0
0
0
0
0
0
0
0
0
0
0
0
0
0
0
0
0
0
0
0
0
0
0
0
0
0
0
0
0
0
0
0
0
0
0
0
0
0
0
0
0
0
0
0
0
0
0
0
0
0
0
0
0
0
0
0
0
0
0
0
0
0
0
0
0
0
0
0
0
0
0
0
0
0
0
0
0
0
0
0
0
0
0
0
0
0
0
0
0
0
0
0
0
0
0
0
0
0
0
0
0
0
0
0
0
0
0
0
0
0
0
0
0
0
0
0
0
0
0
0
0
0
0
0
0
0
0
0
0
0
0
0
0
0
0
0
0
0
0
0
0
0
0
0
0
0
0
0
0
0
0
0
0
0
0
0
0
0
0
0
0
0
0
0
0
0
0
0
0
0
0
0
0
0
0
0
0
0
0
0
0
0
0
0
0
0
0
0
0
0
0
0
0
0
0
0
0
0
0
0
0
0
0
0
0
0
0
0
0
0
0
0
0
3191.96
3251.93
3216.68
3190.49
3059.01
240.54
13.062
0.217815
0.00216843
1.75528e-05
1.15363e-07
6.36497e-10
3.01417e-12
1.24622e-14
4.58798e-17
1.51551e-19
4.63895e-22
1.34248e-24
3.70919e-27
1.01124e-29
2.86171e-32
8.59316e-35
2.56765e-37
7.04983e-40
1.76092e-42
4.08683e-45
8.90996e-48
1.83561e-50
3.58747e-53
6.66955e-56
1.18338e-58
2.01016e-61
3.27434e-64
5.12017e-67
7.70132e-70
1.11738e-72
1.56755e-75
2.12828e-78
2.79951e-81
3.57412e-84
4.43418e-87
5.34902e-90
6.27597e-93
7.16158e-96
7.937e-99
8.55063e-102
8.95726e-105
8.44728e-108
7.17803e-111
6.52558e-114
6.27336e-117
5.90457e-120
5.45096e-123
4.93526e-126
4.38032e-129
3.81333e-132
3.25807e-135
2.73384e-138
2.25549e-141
1.83254e-144
1.46577e-147
1.15249e-150
8.91174e-154
6.78203e-157
5.0767e-160
0
0
0
0
0
0
0
0
0
0
0
0
0
0
0
0
0
0
0
0
0
0
0
0
0
0
0
0
0
0
0
0
0
0
0
0
0
0
0
0
0
0
0
0
0
0
0
0
0
0
0
0
0
0
0
0
0
0
0
0
0
0
0
0
0
0
0
0
0
0
0
0
0
0
0
0
0
0
0
0
0
0
0
0
0
0
0
0
0
0
0
0
0
0
0
0
0
0
0
0
0
0
0
0
0
0
0
0
0
0
0
0
0
0
0
0
0
0
0
0
0
0
0
0
0
0
0
0
0
0
0
0
0
0
0
0
0
0
0
0
0
0
0
0
0
0
0
0
0
0
0
0
0
0
0
0
0
0
0
0
0
0
0
0
0
0
0
0
0
0
0
0
0
0
0
0
0
0
0
0
0
0
0
0
0
0
0
0
0
0
0
0
0
0
0
0
0
0
0
0
0
0
0
0
0
0
0
0
0
0
0
0
0
0
0
0
0
0
0
0
0
0
0
0
0
0
0
0
0
0
0
0
0
0
0
0
0
0
0
0
0
0
0
0
0
0
0
0
0
0
0
0
0
0
0
0
0
0
0
0
0
0
0
0
0
0
0
0
0
0
0
0
0
0
0
0
0
0
0
0
0
0
0
0
0
0
0
0
0
0
0
0
0
0
0
0
0
0
0
0
0
0
0
0
0
0
0
0
0
0
0
0
0
0
0
0
0
0
0
0
0
0
0
0
0
0
0
0
0
0
0
0
0
0
0
3191.67
3197.97
3190.08
2977.11
3285.81
264.152
15.5847
0.308454
0.00334462
3.07897e-05
2.32731e-07
1.47558e-09
8.02714e-12
3.81377e-14
1.61084e-16
6.13252e-19
2.17093e-21
7.285e-24
2.33384e-26
7.32843e-29
2.326e-31
7.63544e-34
2.51231e-36
7.71617e-39
2.14693e-41
5.50284e-44
1.31716e-46
2.97095e-49
6.35385e-52
1.29427e-54
2.51802e-57
4.68615e-60
8.36287e-63
1.43594e-65
2.37754e-68
3.8006e-71
5.86818e-74
8.75957e-77
1.26664e-79
1.77709e-82
2.42169e-85
3.20659e-88
4.12627e-91
5.16221e-94
6.27506e-97
7.41467e-100
8.44999e-103
9.67169e-106
1.12217e-108
1.22282e-111
1.25953e-114
1.27555e-117
1.26028e-120
1.21501e-123
1.14281e-126
1.05067e-129
9.45674e-133
8.34048e-136
7.21516e-139
6.12794e-142
5.11288e-145
4.18813e-148
3.36447e-151
2.64922e-154
2.0449e-157
1.5493e-160
0
0
0
0
0
0
0
0
0
0
0
0
0
0
0
0
0
0
0
0
0
0
0
0
0
0
0
0
0
0
0
0
0
0
0
0
0
0
0
0
0
0
0
0
0
0
0
0
0
0
0
0
0
0
0
0
0
0
0
0
0
0
0
0
0
0
0
0
0
0
0
0
0
0
0
0
0
0
0
0
0
0
0
0
0
0
0
0
0
0
0
0
0
0
0
0
0
0
0
0
0
0
0
0
0
0
0
0
0
0
0
0
0
0
0
0
0
0
0
0
0
0
0
0
0
0
0
0
0
0
0
0
0
0
0
0
0
0
0
0
0
0
0
0
0
0
0
0
0
0
0
0
0
0
0
0
0
0
0
0
0
0
0
0
0
0
0
0
0
0
0
0
0
0
0
0
0
0
0
0
0
0
0
0
0
0
0
0
0
0
0
0
0
0
0
0
0
0
0
0
0
0
0
0
0
0
0
0
0
0
0
0
0
0
0
0
0
0
0
0
0
0
0
0
0
0
0
0
0
0
0
0
0
0
0
0
0
0
0
0
0
0
0
0
0
0
0
0
0
0
0
0
0
0
0
0
0
0
0
0
0
0
0
0
0
0
0
0
0
0
0
0
0
0
0
0
0
0
0
0
0
0
0
0
0
0
0
0
0
0
0
0
0
0
0
0
0
0
0
0
0
0
0
0
0
0
0
0
0
0
0
0
0
0
0
0
0
0
0
0
0
0
0
0
0
0
0
0
0
0
0
0
0
0
3168.05
3175.85
2949.26
3161.55
364.441
30.6193
1.63975
0.0210056
0.000210797
1.69141e-06
1.11688e-08
6.22058e-11
2.87302e-13
1.17095e-15
4.31276e-18
1.48976e-20
4.89408e-23
1.5703e-25
4.95535e-28
1.5501e-30
4.98709e-33
1.6704e-35
5.60398e-38
1.7389e-40
4.86273e-43
1.25079e-45
3.00338e-48
6.79836e-51
1.45839e-53
2.97728e-56
5.7996e-59
1.08033e-61
1.9316e-64
3.32939e-67
5.54688e-70
8.9328e-73
1.39085e-75
2.09691e-78
3.06417e-81
4.34662e-84
5.99157e-87
8.03287e-90
1.04838e-92
1.33107e-95
1.64226e-98
1.97131e-101
2.28408e-104
2.61563e-107
2.9765e-110
3.22248e-113
3.36531e-116
3.46499e-119
3.48789e-122
3.43262e-125
3.29685e-128
3.08787e-131
2.82434e-134
2.52727e-137
2.21588e-140
1.90576e-143
1.60789e-146
1.33167e-149
1.08141e-152
8.59363e-156
6.68924e-159
4.38224e-162
0
0
0
0
0
0
0
0
0
0
0
0
0
0
0
0
0
0
0
0
0
0
0
0
0
0
0
0
0
0
0
0
0
0
0
0
0
0
0
0
0
0
0
0
0
0
0
0
0
0
0
0
0
0
0
0
0
0
0
0
0
0
0
0
0
0
0
0
0
0
0
0
0
0
0
0
0
0
0
0
0
0
0
0
0
0
0
0
0
0
0
0
0
0
0
0
0
0
0
0
0
0
0
0
0
0
0
0
0
0
0
0
0
0
0
0
0
0
0
0
0
0
0
0
0
0
0
0
0
0
0
0
0
0
0
0
0
0
0
0
0
0
0
0
0
0
0
0
0
0
0
0
0
0
0
0
0
0
0
0
0
0
0
0
0
0
0
0
0
0
0
0
0
0
0
0
0
0
0
0
0
0
0
0
0
0
0
0
0
0
0
0
0
0
0
0
0
0
0
0
0
0
0
0
0
0
0
0
0
0
0
0
0
0
0
0
0
0
0
0
0
0
0
0
0
0
0
0
0
0
0
0
0
0
0
0
0
0
0
0
0
0
0
0
0
0
0
0
0
0
0
0
0
0
0
0
0
0
0
0
0
0
0
0
0
0
0
0
0
0
0
0
0
0
0
0
0
0
0
0
0
0
0
0
0
0
0
0
0
0
0
0
0
0
0
0
0
0
0
0
0
0
0
0
0
0
0
0
0
0
0
0
0
0
0
0
0
0
0
0
0
0
0
0
0
0
0
0
0
0
0
0
0
0
3257.29
3115.26
2967.56
301.713
25.4274
1.5914
0.0264731
0.000302018
2.66697e-06
1.90138e-08
1.12742e-10
5.65291e-13
2.47531e-15
9.74497e-18
3.51296e-20
1.19292e-22
3.87261e-25
1.24147e-27
3.92328e-30
1.25359e-32
4.15156e-35
1.43712e-37
4.94104e-40
1.53569e-42
4.25113e-45
1.07768e-47
2.53446e-50
5.60151e-53
1.17516e-55
2.34633e-58
4.47183e-61
8.17864e-64
1.44018e-66
2.44691e-69
4.01589e-72
6.37528e-75
9.80905e-78
1.4644e-80
2.1238e-83
2.9952e-86
4.10638e-89
5.47123e-92
7.07673e-95
8.88598e-98
1.08321e-100
1.29129e-103
1.47717e-106
1.6701e-109
1.87939e-112
2.00103e-115
2.0799e-118
2.13825e-121
2.14296e-124
2.1045e-127
2.0216e-130
1.89567e-133
1.73173e-136
1.53938e-139
1.3311e-142
1.12138e-145
9.23148e-149
7.44598e-152
5.89568e-155
4.58799e-158
3.49492e-161
0
0
0
0
0
0
0
0
0
0
0
0
0
0
0
0
0
0
0
0
0
0
0
0
0
0
0
0
0
0
0
0
0
0
0
0
0
0
0
0
0
0
0
0
0
0
0
0
0
0
0
0
0
0
0
0
0
0
0
0
0
0
0
0
0
0
0
0
0
0
0
0
0
0
0
0
0
0
0
0
0
0
0
0
0
0
0
0
0
0
0
0
0
0
0
0
0
0
0
0
0
0
0
0
0
0
0
0
0
0
0
0
0
0
0
0
0
0
0
0
0
0
0
0
0
0
0
0
0
0
0
0
0
0
0
0
0
0
0
0
0
0
0
0
0
0
0
0
0
0
0
0
0
0
0
0
0
0
0
0
0
0
0
0
0
0
0
0
0
0
0
0
0
0
0
0
0
0
0
0
0
0
0
0
0
0
0
0
0
0
0
0
0
0
0
0
0
0
0
0
0
0
0
0
0
0
0
0
0
0
0
0
0
0
0
0
0
0
0
0
0
0
0
0
0
0
0
0
0
0
0
0
0
0
0
0
0
0
0
0
0
0
0
0
0
0
0
0
0
0
0
0
0
0
0
0
0
0
0
0
0
0
0
0
0
0
0
0
0
0
0
0
0
0
0
0
0
0
0
0
0
0
0
0
0
0
0
0
0
0
0
0
0
0
0
0
0
0
0
0
0
0
0
0
0
0
0
0
0
0
0
0
0
0
0
0
0
0
0
0
0
0
0
0
0
0
0
0
0
0
0
0
0
0
0
3061.22
3186.77
268.46
19.8162
0.6441
0.0175724
0.000249375
2.50857e-06
1.97585e-08
1.27081e-10
6.89118e-13
3.22752e-15
1.33843e-17
5.05519e-20
1.75909e-22
5.85881e-25
1.88367e-27
6.06299e-30
1.9434e-32
6.40558e-35
2.21831e-37
8.01646e-40
2.7912e-42
8.4917e-45
2.27552e-47
5.56506e-50
1.26438e-52
2.70499e-55
5.49732e-58
1.06659e-60
1.98416e-63
3.55089e-66
6.12542e-69
1.01962e-71
1.63997e-74
2.5527e-77
3.85127e-80
5.64234e-83
8.03757e-86
1.11392e-88
1.50201e-91
1.97022e-94
2.51244e-97
3.1141e-100
3.75259e-103
4.40381e-106
4.99336e-109
5.56509e-112
6.0633e-115
6.39077e-118
6.61725e-121
6.70969e-124
6.66863e-127
6.48383e-130
6.1617e-133
5.71594e-136
5.16839e-139
4.54472e-142
3.87691e-145
3.20528e-148
2.57452e-151
2.02052e-154
1.55803e-157
1.18353e-160
0
0
0
0
0
0
0
0
0
0
0
0
0
0
0
0
0
0
0
0
0
0
0
0
0
0
0
0
0
0
0
0
0
0
0
0
0
0
0
0
0
0
0
0
0
0
0
0
0
0
0
0
0
0
0
0
0
0
0
0
0
0
0
0
0
0
0
0
0
0
0
0
0
0
0
0
0
0
0
0
0
0
0
0
0
0
0
0
0
0
0
0
0
0
0
0
0
0
0
0
0
0
0
0
0
0
0
0
0
0
0
0
0
0
0
0
0
0
0
0
0
0
0
0
0
0
0
0
0
0
0
0
0
0
0
0
0
0
0
0
0
0
0
0
0
0
0
0
0
0
0
0
0
0
0
0
0
0
0
0
0
0
0
0
0
0
0
0
0
0
0
0
0
0
0
0
0
0
0
0
0
0
0
0
0
0
0
0
0
0
0
0
0
0
0
0
0
0
0
0
0
0
0
0
0
0
0
0
0
0
0
0
0
0
0
0
0
0
0
0
0
0
0
0
0
0
0
0
0
0
0
0
0
0
0
0
0
0
0
0
0
0
0
0
0
0
0
0
0
0
0
0
0
0
0
0
0
0
0
0
0
0
0
0
0
0
0
0
0
0
0
0
0
0
0
0
0
0
0
0
0
0
0
0
0
0
0
0
0
0
0
0
0
0
0
0
0
0
0
0
0
0
0
0
0
0
0
0
0
0
0
0
0
0
0
0
0
0
0
0
0
0
0
0
0
0
0
0
0
0
0
0
0
0
0
0
166.708
162.494
17.1073
0.892785
0.0120426
0.000169061
1.89982e-06
1.66637e-08
1.18146e-10
6.97174e-13
3.52085e-15
1.56015e-17
6.17569e-20
2.24886e-22
7.61076e-25
2.50979e-27
8.10983e-30
2.66465e-32
8.86219e-35
3.08363e-37
1.14271e-39
4.35913e-42
1.53447e-44
4.61457e-47
1.2151e-49
2.91676e-52
6.50997e-55
1.36793e-57
2.73054e-60
5.21163e-63
9.55637e-66
1.68889e-68
2.88164e-71
4.75043e-74
7.57106e-77
1.16699e-79
1.74083e-82
2.51482e-85
3.52052e-88
4.77985e-91
6.30046e-94
8.07113e-97
1.0058e-99
1.22022e-102
1.44256e-105
1.66236e-108
1.86759e-111
2.05076e-114
2.2013e-117
2.30815e-120
2.36822e-123
2.37914e-126
2.33957e-129
2.2512e-132
2.119e-135
1.9503e-138
1.75385e-141
1.53926e-144
1.31695e-147
1.09801e-150
8.92957e-154
7.09521e-157
5.51501e-160
0
0
0
0
0
0
0
0
0
0
0
0
0
0
0
0
0
0
0
0
0
0
0
0
0
0
0
0
0
0
0
0
0
0
0
0
0
0
0
0
0
0
0
0
0
0
0
0
0
0
0
0
0
0
0
0
0
0
0
0
0
0
0
0
0
0
0
0
0
0
0
0
0
0
0
0
0
0
0
0
0
0
0
0
0
0
0
0
0
0
0
0
0
0
0
0
0
0
0
0
0
0
0
0
0
0
0
0
0
0
0
0
0
0
0
0
0
0
0
0
0
0
0
0
0
0
0
0
0
0
0
0
0
0
0
0
0
0
0
0
0
0
0
0
0
0
0
0
0
0
0
0
0
0
0
0
0
0
0
0
0
0
0
0
0
0
0
0
0
0
0
0
0
0
0
0
0
0
0
0
0
0
0
0
0
0
0
0
0
0
0
0
0
0
0
0
0
0
0
0
0
0
0
0
0
0
0
0
0
0
0
0
0
0
0
0
0
0
0
0
0
0
0
0
0
0
0
0
0
0
0
0
0
0
0
0
0
0
0
0
0
0
0
0
0
0
0
0
0
0
0
0
0
0
0
0
0
0
0
0
0
0
0
0
0
0
0
0
0
0
0
0
0
0
0
0
0
0
0
0
0
0
0
0
0
0
0
0
0
0
0
0
0
0
0
0
0
0
0
0
0
0
0
0
0
0
0
0
0
0
0
0
0
0
0
0
0
0
0
0
0
0
0
0
0
0
0
0
0
0
0
0
0
0
0
0
0
8.13207
7.36439
0.804796
0.0144681
0.000153896
1.47866e-06
1.29368e-08
9.76842e-11
6.23557e-13
3.40276e-15
1.61829e-17
6.83349e-20
2.60929e-22
9.23729e-25
3.08014e-27
1.01905e-29
3.37718e-32
1.15894e-34
4.09682e-37
1.53807e-39
6.14462e-42
2.44466e-44
8.54311e-47
2.51544e-49
6.52346e-52
1.54711e-54
3.41742e-57
7.11204e-60
1.40611e-62
2.65771e-65
4.8247e-68
8.43831e-71
1.42444e-73
2.32301e-76
3.66191e-79
5.58206e-82
8.23192e-85
1.17501e-87
1.62435e-90
2.17659e-93
2.82994e-96
3.57423e-99
4.3903e-102
5.25022e-105
6.11885e-108
6.95531e-111
7.71659e-114
8.36309e-117
8.85871e-120
9.17496e-123
9.29626e-126
9.21833e-129
8.94821e-132
8.50411e-135
7.91353e-138
7.21037e-141
6.43168e-144
5.61488e-147
4.79568e-150
4.0062e-153
3.27282e-156
2.61446e-159
0
0
0
0
0
0
0
0
0
0
0
0
0
0
0
0
0
0
0
0
0
0
0
0
0
0
0
0
0
0
0
0
0
0
0
0
0
0
0
0
0
0
0
0
0
0
0
0
0
0
0
0
0
0
0
0
0
0
0
0
0
0
0
0
0
0
0
0
0
0
0
0
0
0
0
0
0
0
0
0
0
0
0
0
0
0
0
0
0
0
0
0
0
0
0
0
0
0
0
0
0
0
0
0
0
0
0
0
0
0
0
0
0
0
0
0
0
0
0
0
0
0
0
0
0
0
0
0
0
0
0
0
0
0
0
0
0
0
0
0
0
0
0
0
0
0
0
0
0
0
0
0
0
0
0
0
0
0
0
0
0
0
0
0
0
0
0
0
0
0
0
0
0
0
0
0
0
0
0
0
0
0
0
0
0
0
0
0
0
0
0
0
0
0
0
0
0
0
0
0
0
0
0
0
0
0
0
0
0
0
0
0
0
0
0
0
0
0
0
0
0
0
0
0
0
0
0
0
0
0
0
0
0
0
0
0
0
0
0
0
0
0
0
0
0
0
0
0
0
0
0
0
0
0
0
0
0
0
0
0
0
0
0
0
0
0
0
0
0
0
0
0
0
0
0
0
0
0
0
0
0
0
0
0
0
0
0
0
0
0
0
0
0
0
0
0
0
0
0
0
0
0
0
0
0
0
0
0
0
0
0
0
0
0
0
0
0
0
0
0
0
0
0
0
0
0
0
0
0
0
0
0
0
0
0
0
0
0
0.147499
0.13242
0.0104925
0.000159402
1.43663e-06
1.10802e-08
7.88706e-11
5.1372e-13
2.95956e-15
1.50118e-17
6.75615e-20
2.73374e-22
1.01087e-24
3.51262e-27
1.16573e-29
3.93466e-32
1.35192e-34
4.85135e-37
1.80236e-39
7.06246e-42
2.8271e-44
1.03981e-46
3.22741e-49
8.68064e-52
2.11454e-54
4.76897e-57
1.00901e-59
2.02129e-62
3.86078e-65
7.06878e-68
1.2453e-70
2.11583e-73
3.47153e-76
5.50434e-79
8.43794e-82
1.25114e-84
1.79524e-87
2.49419e-90
3.35767e-93
4.3838e-96
5.55706e-99
6.84749e-102
8.21109e-105
9.59191e-108
1.09259e-110
1.21448e-113
1.31831e-116
1.39842e-119
1.45032e-122
1.4713e-125
1.46064e-128
1.41951e-131
1.35078e-134
1.25881e-137
1.14896e-140
1.02708e-143
8.9907e-147
7.70436e-150
6.46059e-153
5.29955e-156
4.25102e-159
3.1921e-162
0
0
0
0
0
0
0
0
0
0
0
0
0
0
0
0
0
0
0
0
0
0
0
0
0
0
0
0
0
0
0
0
0
0
0
0
0
0
0
0
0
0
0
0
0
0
0
0
0
0
0
0
0
0
0
0
0
0
0
0
0
0
0
0
0
0
0
0
0
0
0
0
0
0
0
0
0
0
0
0
0
0
0
0
0
0
0
0
0
0
0
0
0
0
0
0
0
0
0
0
0
0
0
0
0
0
0
0
0
0
0
0
0
0
0
0
0
0
0
0
0
0
0
0
0
0
0
0
0
0
0
0
0
0
0
0
0
0
0
0
0
0
0
0
0
0
0
0
0
0
0
0
0
0
0
0
0
0
0
0
0
0
0
0
0
0
0
0
0
0
0
0
0
0
0
0
0
0
0
0
0
0
0
0
0
0
0
0
0
0
0
0
0
0
0
0
0
0
0
0
0
0
0
0
0
0
0
0
0
0
0
0
0
0
0
0
0
0
0
0
0
0
0
0
0
0
0
0
0
0
0
0
0
0
0
0
0
0
0
0
0
0
0
0
0
0
0
0
0
0
0
0
0
0
0
0
0
0
0
0
0
0
0
0
0
0
0
0
0
0
0
0
0
0
0
0
0
0
0
0
0
0
0
0
0
0
0
0
0
0
0
0
0
0
0
0
0
0
0
0
0
0
0
0
0
0
0
0
0
0
0
0
0
0
0
0
0
0
0
0
0
0
0
0
0
0
0
0
0
0
0
0
0
0
0
0
0
0
0.103082
0.0817213
0.00240519
2.87517e-05
1.51505e-07
6.74982e-10
2.79595e-12
1.09253e-14
3.92241e-17
1.24635e-19
3.41892e-22
7.63727e-25
1.37686e-27
2.06688e-30
3.50163e-47
1.77488e-47
1.17573e-49
4.93915e-52
1.60758e-54
4.36256e-57
1.02621e-59
2.1547e-62
4.1303e-65
7.33862e-68
1.22328e-70
1.93237e-73
2.9095e-76
4.18772e-79
5.78142e-82
7.67752e-85
9.82084e-88
1.21191e-90
1.4457e-93
1.67012e-96
1.87127e-99
2.03724e-102
2.15959e-105
2.23315e-108
2.25392e-111
2.21684e-114
2.11489e-117
1.94438e-120
1.71605e-123
1.41293e-126
4.71039e-140
5.52384e-141
1.30088e-143
2.10061e-146
2.80024e-149
3.26229e-152
3.40475e-155
3.24334e-158
2.86266e-161
0
0
0
0
0
0
0
0
0
0
0
0
0
0
0
0
0
0
0
0
0
0
0
0
0
0
0
0
0
0
0
0
0
0
0
0
0
0
0
0
0
0
0
0
0
0
0
0
0
0
0
0
0
0
0
0
0
0
0
0
0
0
0
0
0
0
0
0
0
0
0
0
0
0
0
0
0
0
0
0
0
0
0
0
0
0
0
0
0
0
0
0
0
0
0
0
0
0
0
0
0
0
0
0
0
0
0
0
0
0
0
0
0
0
0
0
0
0
0
0
0
0
0
0
0
0
0
0
0
0
0
0
0
0
0
0
0
0
0
0
0
0
0
0
0
0
0
0
0
0
0
0
0
0
0
0
0
0
0
0
0
0
0
0
0
0
0
0
0
0
0
0
0
0
0
0
0
0
0
0
0
0
0
0
0
0
0
0
0
0
0
0
0
0
0
0
0
0
0
0
0
0
0
0
0
0
0
0
0
0
0
0
0
0
0
0
0
0
0
0
0
0
0
0
0
0
0
0
0
0
0
0
0
0
0
0
0
0
0
0
0
0
0
0
0
0
0
0
0
0
0
0
0
0
0
0
0
0
0
0
0
0
0
0
0
0
0
0
0
0
0
0
0
0
0
0
0
0
0
0
0
0
0
0
0
0
0
0
0
0
0
0
0
0
0
0
0
0
0
0
0
0
0
0
0
0
0
0
0
0
0
0
0
0
0
0
0
0
0
0
0
6.69171
5.03814
0.0936273
0.00215542
1.24309e-05
5.31072e-08
1.84943e-10
5.53877e-13
1.47539e-15
3.54659e-18
7.82408e-21
1.62007e-23
3.22266e-26
6.25962e-29
1.91834e-44
7.14202e-45
4.65923e-47
1.94811e-49
6.29263e-52
1.71259e-54
4.08223e-57
8.70756e-60
1.69358e-62
3.05098e-65
5.15551e-68
8.26982e-71
1.26965e-73
1.86906e-76
2.6405e-79
3.59059e-82
4.70822e-85
5.95644e-88
7.28127e-91
8.61903e-94
9.8993e-97
1.10547e-99
1.2026e-102
1.27631e-105
1.32139e-108
1.33181e-111
1.30148e-114
1.22491e-117
1.1033e-120
9.44559e-124
7.70929e-137
6.67643e-138
1.38823e-140
2.03901e-143
2.55067e-146
2.871e-149
2.95414e-152
2.79993e-155
2.46974e-158
2.04782e-161
0
0
0
0
0
0
0
0
0
0
0
0
0
0
0
0
0
0
0
0
0
0
0
0
0
0
0
0
0
0
0
0
0
0
0
0
0
0
0
0
0
0
0
0
0
0
0
0
0
0
0
0
0
0
0
0
0
0
0
0
0
0
0
0
0
0
0
0
0
0
0
0
0
0
0
0
0
0
0
0
0
0
0
0
0
0
0
0
0
0
0
0
0
0
0
0
0
0
0
0
0
0
0
0
0
0
0
0
0
0
0
0
0
0
0
0
0
0
0
0
0
0
0
0
0
0
0
0
0
0
0
0
0
0
0
0
0
0
0
0
0
0
0
0
0
0
0
0
0
0
0
0
0
0
0
0
0
0
0
0
0
0
0
0
0
0
0
0
0
0
0
0
0
0
0
0
0
0
0
0
0
0
0
0
0
0
0
0
0
0
0
0
0
0
0
0
0
0
0
0
0
0
0
0
0
0
0
0
0
0
0
0
0
0
0
0
0
0
0
0
0
0
0
0
0
0
0
0
0
0
0
0
0
0
0
0
0
0
0
0
0
0
0
0
0
0
0
0
0
0
0
0
0
0
0
0
0
0
0
0
0
0
0
0
0
0
0
0
0
0
0
0
0
0
0
0
0
0
0
0
0
0
0
0
0
0
0
0
0
0
0
0
0
0
0
0
0
0
0
0
0
0
0
0
0
0
0
0
0
0
0
0
0
0
0
0
0
0
0
0
20.5919
20.2503
1.05244
0.00602899
4.98153e-06
2.03494e-08
4.14217e-11
6.00222e-14
5.83129e-17
5.1342e-20
5.28503e-23
7.22543e-26
1.27317e-28
1.93578e-31
7.62444e-42
6.9022e-43
4.33255e-45
1.67097e-47
4.70885e-50
1.08791e-52
2.2335e-55
4.21201e-58
7.37041e-61
1.20458e-63
1.86851e-66
2.79752e-69
4.08217e-72
5.79496e-75
7.97688e-78
1.06298e-80
1.37102e-83
1.71512e-86
2.08964e-89
2.49912e-92
2.95786e-95
3.46862e-98
3.96627e-101
4.3525e-104
4.55407e-107
4.56266e-110
4.43002e-113
4.22518e-116
3.90334e-119
1.28669e-122
9.3111e-134
2.4711e-135
4.21341e-138
4.89163e-141
4.81639e-144
4.34866e-147
3.70696e-150
2.99894e-153
2.29553e-156
1.66861e-159
1.17773e-162
0
0
0
0
0
0
0
0
0
0
0
0
0
0
0
0
0
0
0
0
0
0
0
0
0
0
0
0
0
0
0
0
0
0
0
0
0
0
0
0
0
0
0
0
0
0
0
0
0
0
0
0
0
0
0
0
0
0
0
0
0
0
0
0
0
0
0
0
0
0
0
0
0
0
0
0
0
0
0
0
0
0
0
0
0
0
0
0
0
0
0
0
0
0
0
0
0
0
0
0
0
0
0
0
0
0
0
0
0
0
0
0
0
0
0
0
0
0
0
0
0
0
0
0
0
0
0
0
0
0
0
0
0
0
0
0
0
0
0
0
0
0
0
0
0
0
0
0
0
0
0
0
0
0
0
0
0
0
0
0
0
0
0
0
0
0
0
0
0
0
0
0
0
0
0
0
0
0
0
0
0
0
0
0
0
0
0
0
0
0
0
0
0
0
0
0
0
0
0
0
0
0
0
0
0
0
0
0
0
0
0
0
0
0
0
0
0
0
0
0
0
0
0
0
0
0
0
0
0
0
0
0
0
0
0
0
0
0
0
0
0
0
0
0
0
0
0
0
0
0
0
0
0
0
0
0
0
0
0
0
0
0
0
0
0
0
0
0
0
0
0
0
0
0
0
0
0
0
0
0
0
0
0
0
0
0
0
0
0
0
0
0
0
0
0
0
0
0
0
0
0
0
0
0
0
0
0
0
0
0
0
0
0
0
0
0
0
0
0
2233.05
2011.81
35.8053
1.42389
0.0151456
5.21479e-05
1.30329e-07
2.32329e-10
2.65986e-13
2.63741e-16
2.84985e-19
3.76357e-22
5.54171e-25
8.22562e-28
4.83696e-38
9.27326e-40
5.77124e-42
2.46023e-44
7.57279e-47
1.83156e-49
3.88491e-52
7.591e-55
1.38954e-57
2.39965e-60
3.96264e-63
6.29534e-66
9.62658e-69
1.41936e-71
2.02352e-74
2.79328e-77
3.7341e-80
4.83638e-83
6.07501e-86
7.42147e-89
8.89125e-92
1.05343e-94
1.21834e-97
1.3561e-100
1.45039e-103
1.50749e-106
1.54007e-109
1.54592e-112
1.48799e-115
6.37085e-119
1.87353e-129
1.50119e-131
2.31896e-134
2.56425e-137
2.43028e-140
2.12587e-143
1.77961e-146
1.43898e-149
1.12085e-152
8.41833e-156
6.20961e-159
4.5347e-162
0
0
0
0
0
0
0
0
0
0
0
0
0
0
0
0
0
0
0
0
0
0
0
0
0
0
0
0
0
0
0
0
0
0
0
0
0
0
0
0
0
0
0
0
0
0
0
0
0
0
0
0
0
0
0
0
0
0
0
0
0
0
0
0
0
0
0
0
0
0
0
0
0
0
0
0
0
0
0
0
0
0
0
0
0
0
0
0
0
0
0
0
0
0
0
0
0
0
0
0
0
0
0
0
0
0
0
0
0
0
0
0
0
0
0
0
0
0
0
0
0
0
0
0
0
0
0
0
0
0
0
0
0
0
0
0
0
0
0
0
0
0
0
0
0
0
0
0
0
0
0
0
0
0
0
0
0
0
0
0
0
0
0
0
0
0
0
0
0
0
0
0
0
0
0
0
0
0
0
0
0
0
0
0
0
0
0
0
0
0
0
0
0
0
0
0
0
0
0
0
0
0
0
0
0
0
0
0
0
0
0
0
0
0
0
0
0
0
0
0
0
0
0
0
0
0
0
0
0
0
0
0
0
0
0
0
0
0
0
0
0
0
0
0
0
0
0
0
0
0
0
0
0
0
0
0
0
0
0
0
0
0
0
0
0
0
0
0
0
0
0
0
0
0
0
0
0
0
0
0
0
0
0
0
0
0
0
0
0
0
0
0
0
0
0
0
0
0
0
0
0
0
0
0
0
0
0
0
0
0
0
0
0
0
0
0
0
0
3214.76
3240.99
2519.37
57.4564
2.98476
0.0885583
0.000268764
5.84673e-07
7.86416e-10
9.06077e-13
1.08669e-15
1.53085e-18
2.30506e-21
3.42228e-24
2.57997e-34
1.7357e-36
9.07788e-39
4.00032e-41
1.37288e-43
3.62735e-46
8.18758e-49
1.68864e-51
3.27482e-54
6.02336e-57
1.05361e-59
1.76373e-62
2.83049e-65
4.36323e-68
6.48072e-71
9.29693e-74
1.28955e-76
1.73026e-79
2.24791e-82
2.83316e-85
3.48239e-88
4.17979e-91
4.88257e-94
5.53216e-97
6.0868e-100
6.55193e-103
6.93704e-106
7.20491e-109
7.18024e-112
3.97455e-115
3.31162e-125
1.14727e-127
1.58854e-130
1.68707e-133
1.57313e-136
1.36328e-139
1.13472e-142
9.21274e-146
7.33609e-149
5.72038e-152
4.36744e-155
3.28202e-158
2.42498e-161
0
0
0
0
0
0
0
0
0
0
0
0
0
0
0
0
0
0
0
0
0
0
0
0
0
0
0
0
0
0
0
0
0
0
0
0
0
0
0
0
0
0
0
0
0
0
0
0
0
0
0
0
0
0
0
0
0
0
0
0
0
0
0
0
0
0
0
0
0
0
0
0
0
0
0
0
0
0
0
0
0
0
0
0
0
0
0
0
0
0
0
0
0
0
0
0
0
0
0
0
0
0
0
0
0
0
0
0
0
0
0
0
0
0
0
0
0
0
0
0
0
0
0
0
0
0
0
0
0
0
0
0
0
0
0
0
0
0
0
0
0
0
0
0
0
0
0
0
0
0
0
0
0
0
0
0
0
0
0
0
0
0
0
0
0
0
0
0
0
0
0
0
0
0
0
0
0
0
0
0
0
0
0
0
0
0
0
0
0
0
0
0
0
0
0
0
0
0
0
0
0
0
0
0
0
0
0
0
0
0
0
0
0
0
0
0
0
0
0
0
0
0
0
0
0
0
0
0
0
0
0
0
0
0
0
0
0
0
0
0
0
0
0
0
0
0
0
0
0
0
0
0
0
0
0
0
0
0
0
0
0
0
0
0
0
0
0
0
0
0
0
0
0
0
0
0
0
0
0
0
0
0
0
0
0
0
0
0
0
0
0
0
0
0
0
0
0
0
0
0
0
0
0
0
0
0
0
0
0
0
0
0
0
0
0
0
0
3237.81
3290.34
3272.05
2661.26
97.569
4.66155
0.13563
0.000414771
8.97541e-07
1.21092e-09
1.73716e-12
2.82343e-15
4.66727e-18
7.3231e-21
7.21388e-31
2.99667e-33
1.18727e-35
4.78083e-38
1.73783e-40
5.08162e-43
1.24224e-45
2.73415e-48
5.62004e-51
1.09565e-53
2.02987e-56
3.5767e-59
6.01532e-62
9.69809e-65
1.50392e-67
2.24685e-70
3.23622e-73
4.5008e-76
6.05845e-79
7.90754e-82
1.00215e-84
1.23216e-87
1.47175e-90
1.71265e-93
1.94394e-96
2.15802e-99
2.34746e-102
2.49554e-105
2.56237e-108
1.87792e-111
3.16994e-121
6.10276e-124
7.70991e-127
8.00955e-130
7.47799e-133
6.54021e-136
5.49439e-139
4.50028e-142
3.63174e-145
2.89734e-148
2.27078e-151
1.74354e-154
1.31335e-157
9.72681e-161
0
0
0
0
0
0
0
0
0
0
0
0
0
0
0
0
0
0
0
0
0
0
0
0
0
0
0
0
0
0
0
0
0
0
0
0
0
0
0
0
0
0
0
0
0
0
0
0
0
0
0
0
0
0
0
0
0
0
0
0
0
0
0
0
0
0
0
0
0
0
0
0
0
0
0
0
0
0
0
0
0
0
0
0
0
0
0
0
0
0
0
0
0
0
0
0
0
0
0
0
0
0
0
0
0
0
0
0
0
0
0
0
0
0
0
0
0
0
0
0
0
0
0
0
0
0
0
0
0
0
0
0
0
0
0
0
0
0
0
0
0
0
0
0
0
0
0
0
0
0
0
0
0
0
0
0
0
0
0
0
0
0
0
0
0
0
0
0
0
0
0
0
0
0
0
0
0
0
0
0
0
0
0
0
0
0
0
0
0
0
0
0
0
0
0
0
0
0
0
0
0
0
0
0
0
0
0
0
0
0
0
0
0
0
0
0
0
0
0
0
0
0
0
0
0
0
0
0
0
0
0
0
0
0
0
0
0
0
0
0
0
0
0
0
0
0
0
0
0
0
0
0
0
0
0
0
0
0
0
0
0
0
0
0
0
0
0
0
0
0
0
0
0
0
0
0
0
0
0
0
0
0
0
0
0
0
0
0
0
0
0
0
0
0
0
0
0
0
0
0
0
0
0
0
0
0
0
0
0
0
0
0
0
0
0
0
3239.27
3296.75
3307.03
3237.47
2750.68
115.255
3.48608
0.0232118
0.000107476
3.68909e-07
1.01429e-09
2.32458e-12
4.56419e-15
7.93761e-18
1.20223e-27
4.25656e-30
1.38923e-32
4.78087e-35
1.69672e-37
5.38991e-40
1.44401e-42
3.41417e-45
7.46472e-48
1.53798e-50
3.00694e-53
5.58152e-56
9.85168e-59
1.66124e-61
2.68838e-64
4.18452e-67
6.26968e-70
9.05419e-73
1.26367e-75
1.70868e-78
2.23922e-81
2.84436e-84
3.50284e-87
4.19276e-90
4.89165e-93
5.57014e-96
6.19749e-99
6.72775e-102
7.0993e-105
6.65479e-108
1.83473e-117
2.43166e-120
2.81946e-123
2.88426e-126
2.71414e-129
2.41772e-132
2.07419e-135
1.73339e-138
1.42136e-141
1.14959e-144
9.17095e-148
7.18079e-151
5.51239e-154
4.15882e-157
3.08973e-160
0
0
0
0
0
0
0
0
0
0
0
0
0
0
0
0
0
0
0
0
0
0
0
0
0
0
0
0
0
0
0
0
0
0
0
0
0
0
0
0
0
0
0
0
0
0
0
0
0
0
0
0
0
0
0
0
0
0
0
0
0
0
0
0
0
0
0
0
0
0
0
0
0
0
0
0
0
0
0
0
0
0
0
0
0
0
0
0
0
0
0
0
0
0
0
0
0
0
0
0
0
0
0
0
0
0
0
0
0
0
0
0
0
0
0
0
0
0
0
0
0
0
0
0
0
0
0
0
0
0
0
0
0
0
0
0
0
0
0
0
0
0
0
0
0
0
0
0
0
0
0
0
0
0
0
0
0
0
0
0
0
0
0
0
0
0
0
0
0
0
0
0
0
0
0
0
0
0
0
0
0
0
0
0
0
0
0
0
0
0
0
0
0
0
0
0
0
0
0
0
0
0
0
0
0
0
0
0
0
0
0
0
0
0
0
0
0
0
0
0
0
0
0
0
0
0
0
0
0
0
0
0
0
0
0
0
0
0
0
0
0
0
0
0
0
0
0
0
0
0
0
0
0
0
0
0
0
0
0
0
0
0
0
0
0
0
0
0
0
0
0
0
0
0
0
0
0
0
0
0
0
0
0
0
0
0
0
0
0
0
0
0
0
0
0
0
0
0
0
0
0
0
0
0
0
0
0
0
0
0
0
0
0
0
0
3223.68
3291.75
3267.3
3238.58
2909.26
165.093
6.73639
0.068171
0.000477791
2.5374e-06
1.0842e-08
3.89659e-11
1.20854e-13
3.30157e-16
9.5204e-25
3.14552e-27
9.20232e-30
2.72012e-32
8.59166e-35
2.76181e-37
8.01552e-40
2.04387e-42
4.75822e-45
1.03789e-47
2.14037e-50
4.18659e-53
7.77727e-56
1.37572e-58
2.32817e-61
3.78156e-64
5.90246e-67
8.8628e-70
1.28314e-72
1.79657e-75
2.43673e-78
3.20158e-81
4.07626e-84
5.03737e-87
6.05486e-90
7.08662e-93
8.08123e-96
8.97538e-99
9.69482e-102
1.01638e-104
4.55467e-114
5.10521e-117
5.32048e-120
5.27633e-123
4.94648e-126
4.45489e-129
3.89227e-132
3.32024e-135
2.7764e-138
2.28285e-141
1.84995e-144
1.47615e-147
1.15663e-150
8.90124e-154
6.74184e-157
5.02776e-160
0
0
0
0
0
0
0
0
0
0
0
0
0
0
0
0
0
0
0
0
0
0
0
0
0
0
0
0
0
0
0
0
0
0
0
0
0
0
0
0
0
0
0
0
0
0
0
0
0
0
0
0
0
0
0
0
0
0
0
0
0
0
0
0
0
0
0
0
0
0
0
0
0
0
0
0
0
0
0
0
0
0
0
0
0
0
0
0
0
0
0
0
0
0
0
0
0
0
0
0
0
0
0
0
0
0
0
0
0
0
0
0
0
0
0
0
0
0
0
0
0
0
0
0
0
0
0
0
0
0
0
0
0
0
0
0
0
0
0
0
0
0
0
0
0
0
0
0
0
0
0
0
0
0
0
0
0
0
0
0
0
0
0
0
0
0
0
0
0
0
0
0
0
0
0
0
0
0
0
0
0
0
0
0
0
0
0
0
0
0
0
0
0
0
0
0
0
0
0
0
0
0
0
0
0
0
0
0
0
0
0
0
0
0
0
0
0
0
0
0
0
0
0
0
0
0
0
0
0
0
0
0
0
0
0
0
0
0
0
0
0
0
0
0
0
0
0
0
0
0
0
0
0
0
0
0
0
0
0
0
0
0
0
0
0
0
0
0
0
0
0
0
0
0
0
0
0
0
0
0
0
0
0
0
0
0
0
0
0
0
0
0
0
0
0
0
0
0
0
0
0
0
0
0
0
0
0
0
0
0
0
0
0
0
3217.09
3262.33
3232.48
3189.58
3055.71
240.615
13.0201
0.217265
0.00216759
1.75508e-05
1.15494e-07
6.3613e-10
3.01176e-12
1.2491e-14
4.57259e-17
1.51374e-19
4.64901e-22
1.34293e-24
3.70848e-27
1.01049e-29
2.85738e-32
8.5868e-35
2.56858e-37
7.04951e-40
1.76078e-42
4.08681e-45
8.91024e-48
1.83569e-50
3.58765e-53
6.6699e-56
1.18344e-58
2.01029e-61
3.27457e-64
5.12056e-67
7.70197e-70
1.11748e-72
1.56771e-75
2.12851e-78
2.79983e-81
3.57457e-84
4.43478e-87
5.34979e-90
6.27693e-93
7.16276e-96
7.93838e-99
8.55221e-102
8.95901e-105
8.44902e-108
7.17958e-111
6.52703e-114
6.27483e-117
5.90603e-120
5.45237e-123
4.93659e-126
4.38156e-129
3.81446e-132
3.25908e-135
2.73473e-138
2.25625e-141
1.83318e-144
1.46631e-147
1.15293e-150
8.91527e-154
6.78482e-157
5.07872e-160
0
0
0
0
0
0
0
0
0
0
0
0
0
0
0
0
0
0
0
0
0
0
0
0
0
0
0
0
0
0
0
0
0
0
0
0
0
0
0
0
0
0
0
0
0
0
0
0
0
0
0
0
0
0
0
0
0
0
0
0
0
0
0
0
0
0
0
0
0
0
0
0
0
0
0
0
0
0
0
0
0
0
0
0
0
0
0
0
0
0
0
0
0
0
0
0
0
0
0
0
0
0
0
0
0
0
0
0
0
0
0
0
0
0
0
0
0
0
0
0
0
0
0
0
0
0
0
0
0
0
0
0
0
0
0
0
0
0
0
0
0
0
0
0
0
0
0
0
0
0
0
0
0
0
0
0
0
0
0
0
0
0
0
0
0
0
0
0
0
0
0
0
0
0
0
0
0
0
0
0
0
0
0
0
0
0
0
0
0
0
0
0
0
0
0
0
0
0
0
0
0
0
0
0
0
0
0
0
0
0
0
0
0
0
0
0
0
0
0
0
0
0
0
0
0
0
0
0
0
0
0
0
0
0
0
0
0
0
0
0
0
0
0
0
0
0
0
0
0
0
0
0
0
0
0
0
0
0
0
0
0
0
0
0
0
0
0
0
0
0
0
0
0
0
0
0
0
0
0
0
0
0
0
0
0
0
0
0
0
0
0
0
0
0
0
0
0
0
0
0
0
0
0
0
0
0
0
0
0
0
0
0
0
0
0
0
0
0
0
0
0
0
0
0
0
0
0
0
0
0
0
0
0
0
0
3159.32
3176.23
3164.63
2961.97
3290.06
264.034
15.623
0.309678
0.00334799
3.07774e-05
2.32625e-07
1.47432e-09
8.01748e-12
3.8122e-14
1.60569e-16
6.14735e-19
2.17561e-21
7.27439e-24
2.33751e-26
7.32664e-29
2.32474e-31
7.63826e-34
2.51544e-36
7.7194e-39
2.14733e-41
5.50352e-44
1.3173e-46
2.9712e-49
6.35433e-52
1.29436e-54
2.51819e-57
4.68648e-60
8.36347e-63
1.43605e-65
2.37773e-68
3.80094e-71
5.86874e-74
8.76046e-77
1.26677e-79
1.77729e-82
2.422e-85
3.20702e-88
4.12686e-91
5.163e-94
6.27607e-97
7.41594e-100
8.45154e-103
9.67356e-106
1.1224e-108
1.22309e-111
1.25982e-114
1.27586e-117
1.2606e-120
1.21534e-123
1.14313e-126
1.05097e-129
9.45963e-133
8.34314e-136
7.21757e-139
6.13007e-142
5.11473e-145
4.1897e-148
3.36578e-151
2.6503e-154
2.04577e-157
1.54999e-160
0
0
0
0
0
0
0
0
0
0
0
0
0
0
0
0
0
0
0
0
0
0
0
0
0
0
0
0
0
0
0
0
0
0
0
0
0
0
0
0
0
0
0
0
0
0
0
0
0
0
0
0
0
0
0
0
0
0
0
0
0
0
0
0
0
0
0
0
0
0
0
0
0
0
0
0
0
0
0
0
0
0
0
0
0
0
0
0
0
0
0
0
0
0
0
0
0
0
0
0
0
0
0
0
0
0
0
0
0
0
0
0
0
0
0
0
0
0
0
0
0
0
0
0
0
0
0
0
0
0
0
0
0
0
0
0
0
0
0
0
0
0
0
0
0
0
0
0
0
0
0
0
0
0
0
0
0
0
0
0
0
0
0
0
0
0
0
0
0
0
0
0
0
0
0
0
0
0
0
0
0
0
0
0
0
0
0
0
0
0
0
0
0
0
0
0
0
0
0
0
0
0
0
0
0
0
0
0
0
0
0
0
0
0
0
0
0
0
0
0
0
0
0
0
0
0
0
0
0
0
0
0
0
0
0
0
0
0
0
0
0
0
0
0
0
0
0
0
0
0
0
0
0
0
0
0
0
0
0
0
0
0
0
0
0
0
0
0
0
0
0
0
0
0
0
0
0
0
0
0
0
0
0
0
0
0
0
0
0
0
0
0
0
0
0
0
0
0
0
0
0
0
0
0
0
0
0
0
0
0
0
0
0
0
0
0
0
0
0
0
0
0
0
0
0
0
0
0
0
0
0
0
0
0
3189.9
3178.37
2938.88
3165.18
363.928
30.4715
1.63035
0.0209646
0.000210431
1.68855e-06
1.12104e-08
6.1535e-11
2.89222e-13
1.17041e-15
4.32525e-18
1.48892e-20
4.90648e-23
1.57259e-25
4.94339e-28
1.55449e-30
4.98824e-33
1.67057e-35
5.60489e-38
1.73898e-40
4.8632e-43
1.25102e-45
3.00398e-48
6.79969e-51
1.45863e-53
2.97773e-56
5.8005e-59
1.08047e-61
1.93185e-64
3.32982e-67
5.54758e-70
8.93393e-73
1.39103e-75
2.09718e-78
3.06459e-81
4.34723e-84
5.99245e-87
8.03411e-90
1.04855e-92
1.3313e-95
1.64256e-98
1.97169e-101
2.28454e-104
2.61618e-107
2.97716e-110
3.22324e-113
3.36614e-116
3.46589e-119
3.48884e-122
3.43359e-125
3.29783e-128
3.08883e-131
2.82526e-134
2.52812e-137
2.21666e-140
1.90646e-143
1.60851e-146
1.33219e-149
1.08185e-152
8.59729e-156
6.6922e-159
4.38224e-162
0
0
0
0
0
0
0
0
0
0
0
0
0
0
0
0
0
0
0
0
0
0
0
0
0
0
0
0
0
0
0
0
0
0
0
0
0
0
0
0
0
0
0
0
0
0
0
0
0
0
0
0
0
0
0
0
0
0
0
0
0
0
0
0
0
0
0
0
0
0
0
0
0
0
0
0
0
0
0
0
0
0
0
0
0
0
0
0
0
0
0
0
0
0
0
0
0
0
0
0
0
0
0
0
0
0
0
0
0
0
0
0
0
0
0
0
0
0
0
0
0
0
0
0
0
0
0
0
0
0
0
0
0
0
0
0
0
0
0
0
0
0
0
0
0
0
0
0
0
0
0
0
0
0
0
0
0
0
0
0
0
0
0
0
0
0
0
0
0
0
0
0
0
0
0
0
0
0
0
0
0
0
0
0
0
0
0
0
0
0
0
0
0
0
0
0
0
0
0
0
0
0
0
0
0
0
0
0
0
0
0
0
0
0
0
0
0
0
0
0
0
0
0
0
0
0
0
0
0
0
0
0
0
0
0
0
0
0
0
0
0
0
0
0
0
0
0
0
0
0
0
0
0
0
0
0
0
0
0
0
0
0
0
0
0
0
0
0
0
0
0
0
0
0
0
0
0
0
0
0
0
0
0
0
0
0
0
0
0
0
0
0
0
0
0
0
0
0
0
0
0
0
0
0
0
0
0
0
0
0
0
0
0
0
0
0
0
0
0
0
0
0
0
0
0
0
0
0
0
0
0
0
0
0
3227.94
3101.37
2964.03
301.244
25.234
1.58164
0.0264263
0.000301532
2.66216e-06
1.90053e-08
1.12414e-10
5.65406e-13
2.47687e-15
9.72425e-18
3.52262e-20
1.18974e-22
3.87766e-25
1.23758e-27
3.92846e-30
1.25328e-32
4.14754e-35
1.43861e-37
4.94893e-40
1.53652e-42
4.25225e-45
1.07787e-47
2.53487e-50
5.60262e-53
1.17535e-55
2.34669e-58
4.47252e-61
8.17981e-64
1.44038e-66
2.44723e-69
4.01642e-72
6.37614e-75
9.81042e-78
1.46461e-80
2.12413e-83
2.99567e-86
4.10706e-89
5.47219e-92
7.07803e-95
8.88771e-98
1.08343e-100
1.29157e-103
1.47751e-106
1.6705e-109
1.87986e-112
2.00156e-115
2.08048e-118
2.13887e-121
2.14361e-124
2.10517e-127
2.02228e-130
1.89633e-133
1.73236e-136
1.53996e-139
1.33163e-142
1.12184e-145
9.23539e-149
7.44925e-152
5.89836e-155
4.59015e-158
3.49492e-161
0
0
0
0
0
0
0
0
0
0
0
0
0
0
0
0
0
0
0
0
0
0
0
0
0
0
0
0
0
0
0
0
0
0
0
0
0
0
0
0
0
0
0
0
0
0
0
0
0
0
0
0
0
0
0
0
0
0
0
0
0
0
0
0
0
0
0
0
0
0
0
0
0
0
0
0
0
0
0
0
0
0
0
0
0
0
0
0
0
0
0
0
0
0
0
0
0
0
0
0
0
0
0
0
0
0
0
0
0
0
0
0
0
0
0
0
0
0
0
0
0
0
0
0
0
0
0
0
0
0
0
0
0
0
0
0
0
0
0
0
0
0
0
0
0
0
0
0
0
0
0
0
0
0
0
0
0
0
0
0
0
0
0
0
0
0
0
0
0
0
0
0
0
0
0
0
0
0
0
0
0
0
0
0
0
0
0
0
0
0
0
0
0
0
0
0
0
0
0
0
0
0
0
0
0
0
0
0
0
0
0
0
0
0
0
0
0
0
0
0
0
0
0
0
0
0
0
0
0
0
0
0
0
0
0
0
0
0
0
0
0
0
0
0
0
0
0
0
0
0
0
0
0
0
0
0
0
0
0
0
0
0
0
0
0
0
0
0
0
0
0
0
0
0
0
0
0
0
0
0
0
0
0
0
0
0
0
0
0
0
0
0
0
0
0
0
0
0
0
0
0
0
0
0
0
0
0
0
0
0
0
0
0
0
0
0
0
0
0
0
0
0
0
0
0
0
0
0
0
0
0
0
0
0
0
3063.7
3187.61
268.416
19.7815
0.64074
0.0175471
0.00024903
2.50556e-06
1.9741e-08
1.27133e-10
6.885e-13
3.22469e-15
1.34101e-17
5.04056e-20
1.76739e-22
5.82724e-25
1.8882e-27
6.03435e-30
1.9466e-32
6.40467e-35
2.21864e-37
8.04507e-40
2.79923e-42
8.50175e-45
2.27679e-47
5.56711e-50
1.26475e-52
2.70542e-55
5.49811e-58
1.06676e-60
1.98439e-63
3.55125e-66
6.12605e-69
1.01974e-71
1.64019e-74
2.55308e-77
3.85186e-80
5.64325e-83
8.03893e-86
1.11411e-88
1.50229e-91
1.97061e-94
2.51297e-97
3.11478e-100
3.75346e-103
4.40489e-106
4.99464e-109
5.56659e-112
6.06501e-115
6.39266e-118
6.6193e-121
6.71187e-124
6.6709e-127
6.48614e-130
6.16398e-133
5.71816e-136
5.17048e-139
4.54663e-142
3.8786e-145
3.20673e-148
2.57572e-151
2.0215e-154
1.55881e-157
1.18403e-160
0
0
0
0
0
0
0
0
0
0
0
0
0
0
0
0
0
0
0
0
0
0
0
0
0
0
0
0
0
0
0
0
0
0
0
0
0
0
0
0
0
0
0
0
0
0
0
0
0
0
0
0
0
0
0
0
0
0
0
0
0
0
0
0
0
0
0
0
0
0
0
0
0
0
0
0
0
0
0
0
0
0
0
0
0
0
0
0
0
0
0
0
0
0
0
0
0
0
0
0
0
0
0
0
0
0
0
0
0
0
0
0
0
0
0
0
0
0
0
0
0
0
0
0
0
0
0
0
0
0
0
0
0
0
0
0
0
0
0
0
0
0
0
0
0
0
0
0
0
0
0
0
0
0
0
0
0
0
0
0
0
0
0
0
0
0
0
0
0
0
0
0
0
0
0
0
0
0
0
0
0
0
0
0
0
0
0
0
0
0
0
0
0
0
0
0
0
0
0
0
0
0
0
0
0
0
0
0
0
0
0
0
0
0
0
0
0
0
0
0
0
0
0
0
0
0
0
0
0
0
0
0
0
0
0
0
0
0
0
0
0
0
0
0
0
0
0
0
0
0
0
0
0
0
0
0
0
0
0
0
0
0
0
0
0
0
0
0
0
0
0
0
0
0
0
0
0
0
0
0
0
0
0
0
0
0
0
0
0
0
0
0
0
0
0
0
0
0
0
0
0
0
0
0
0
0
0
0
0
0
0
0
0
0
0
0
0
0
0
0
0
0
0
0
0
0
0
0
0
0
0
0
0
0
0
0
166.704
162.472
17.0875
0.890522
0.0120263
0.000169002
1.89917e-06
1.66543e-08
1.18094e-10
6.96838e-13
3.52087e-15
1.55834e-17
6.19149e-20
2.24042e-22
7.66128e-25
2.49521e-27
8.13433e-30
2.65402e-32
8.86767e-35
3.08474e-37
1.14376e-39
4.38374e-42
1.5415e-44
4.62169e-47
1.21574e-49
2.91754e-52
6.51114e-55
1.36811e-57
2.73089e-60
5.21226e-63
9.55755e-66
1.68909e-68
2.88203e-71
4.75112e-74
7.57225e-77
1.16719e-79
1.74114e-82
2.51529e-85
3.52122e-88
4.78086e-91
6.30186e-94
8.07301e-97
1.00605e-99
1.22054e-102
1.44295e-105
1.66283e-108
1.86815e-111
2.05141e-114
2.20203e-117
2.30895e-120
2.36909e-123
2.38005e-126
2.3405e-129
2.25214e-132
2.11992e-135
1.95118e-138
1.75467e-141
1.54001e-144
1.31762e-147
1.09859e-150
8.93447e-154
7.09925e-157
5.51823e-160
0
0
0
0
0
0
0
0
0
0
0
0
0
0
0
0
0
0
0
0
0
0
0
0
0
0
0
0
0
0
0
0
0
0
0
0
0
0
0
0
0
0
0
0
0
0
0
0
0
0
0
0
0
0
0
0
0
0
0
0
0
0
0
0
0
0
0
0
0
0
0
0
0
0
0
0
0
0
0
0
0
0
0
0
0
0
0
0
0
0
0
0
0
0
0
0
0
0
0
0
0
0
0
0
0
0
0
0
0
0
0
0
0
0
0
0
0
0
0
0
0
0
0
0
0
0
0
0
0
0
0
0
0
0
0
0
0
0
0
0
0
0
0
0
0
0
0
0
0
0
0
0
0
0
0
0
0
0
0
0
0
0
0
0
0
0
0
0
0
0
0
0
0
0
0
0
0
0
0
0
0
0
0
0
0
0
0
0
0
0
0
0
0
0
0
0
0
0
0
0
0
0
0
0
0
0
0
0
0
0
0
0
0
0
0
0
0
0
0
0
0
0
0
0
0
0
0
0
0
0
0
0
0
0
0
0
0
0
0
0
0
0
0
0
0
0
0
0
0
0
0
0
0
0
0
0
0
0
0
0
0
0
0
0
0
0
0
0
0
0
0
0
0
0
0
0
0
0
0
0
0
0
0
0
0
0
0
0
0
0
0
0
0
0
0
0
0
0
0
0
0
0
0
0
0
0
0
0
0
0
0
0
0
0
0
0
0
0
0
0
0
0
0
0
0
0
0
0
0
0
0
0
0
0
0
0
0
8.13917
7.3714
0.8041
0.0144909
0.000154029
1.47898e-06
1.29335e-08
9.76504e-11
6.23474e-13
3.40174e-15
1.6178e-17
6.8364e-20
2.61435e-22
9.20152e-25
3.09945e-27
1.01348e-29
3.38619e-32
1.15431e-34
4.09739e-37
1.53908e-39
6.1508e-42
2.45448e-44
8.56166e-47
2.51658e-49
6.52434e-52
1.54724e-54
3.41767e-57
7.11262e-60
1.40625e-62
2.65799e-65
4.82528e-68
8.43945e-71
1.42465e-73
2.32339e-76
3.66256e-79
5.58312e-82
8.2336e-85
1.17526e-87
1.62472e-90
2.17712e-93
2.83067e-96
3.57521e-99
4.39156e-102
5.25181e-105
6.12079e-108
6.95763e-111
7.71929e-114
8.36616e-117
8.86211e-120
9.17864e-123
9.30015e-126
9.22235e-129
8.95229e-132
8.50814e-135
7.91744e-138
7.21408e-141
6.43512e-144
5.618e-147
4.79845e-150
4.00859e-153
3.27485e-156
2.61614e-159
0
0
0
0
0
0
0
0
0
0
0
0
0
0
0
0
0
0
0
0
0
0
0
0
0
0
0
0
0
0
0
0
0
0
0
0
0
0
0
0
0
0
0
0
0
0
0
0
0
0
0
0
0
0
0
0
0
0
0
0
0
0
0
0
0
0
0
0
0
0
0
0
0
0
0
0
0
0
0
0
0
0
0
0
0
0
0
0
0
0
0
0
0
0
0
0
0
0
0
0
0
0
0
0
0
0
0
0
0
0
0
0
0
0
0
0
0
0
0
0
0
0
0
0
0
0
0
0
0
0
0
0
0
0
0
0
0
0
0
0
0
0
0
0
0
0
0
0
0
0
0
0
0
0
0
0
0
0
0
0
0
0
0
0
0
0
0
0
0
0
0
0
0
0
0
0
0
0
0
0
0
0
0
0
0
0
0
0
0
0
0
0
0
0
0
0
0
0
0
0
0
0
0
0
0
0
0
0
0
0
0
0
0
0
0
0
0
0
0
0
0
0
0
0
0
0
0
0
0
0
0
0
0
0
0
0
0
0
0
0
0
0
0
0
0
0
0
0
0
0
0
0
0
0
0
0
0
0
0
0
0
0
0
0
0
0
0
0
0
0
0
0
0
0
0
0
0
0
0
0
0
0
0
0
0
0
0
0
0
0
0
0
0
0
0
0
0
0
0
0
0
0
0
0
0
0
0
0
0
0
0
0
0
0
0
0
0
0
0
0
0
0
0
0
0
0
0
0
0
0
0
0
0
0
0
0
0
0
0.147559
0.132576
0.010522
0.0001597
1.43937e-06
1.10681e-08
7.8901e-11
5.13639e-13
2.95915e-15
1.50068e-17
6.75591e-20
2.7343e-22
1.01335e-24
3.49414e-27
1.17443e-29
3.9e-32
1.35415e-34
4.83252e-37
1.80509e-39
7.06052e-42
2.82991e-44
1.04169e-46
3.22849e-49
8.68119e-52
2.11464e-54
4.76923e-57
1.00907e-59
2.02145e-62
3.86115e-65
7.06965e-68
1.24547e-70
2.11613e-73
3.47209e-76
5.50531e-79
8.43955e-82
1.2514e-84
1.79563e-87
2.49477e-90
3.3585e-93
4.38494e-96
5.55859e-99
6.84947e-102
8.21359e-105
9.59499e-108
1.09296e-110
1.21491e-113
1.31879e-116
1.39896e-119
1.45091e-122
1.47192e-125
1.46129e-128
1.42016e-131
1.35143e-134
1.25944e-137
1.14955e-140
1.02764e-143
8.99573e-147
7.70883e-150
6.46448e-153
5.30285e-156
4.25377e-159
3.1921e-162
0
0
0
0
0
0
0
0
0
0
0
0
0
0
0
0
0
0
0
0
0
0
0
0
0
0
0
0
0
0
0
0
0
0
0
0
0
0
0
0
0
0
0
0
0
0
0
0
0
0
0
0
0
0
0
0
0
0
0
0
0
0
0
0
0
0
0
0
0
0
0
0
0
0
0
0
0
0
0
0
0
0
0
0
0
0
0
0
0
0
0
0
0
0
0
0
0
0
0
0
0
0
0
0
0
0
0
0
0
0
0
0
0
0
0
0
0
0
0
0
0
0
0
0
0
0
0
0
0
0
0
0
0
0
0
0
0
0
0
0
0
0
0
0
0
0
0
0
0
0
0
0
0
0
0
0
0
0
0
0
0
0
0
0
0
0
0
0
0
0
0
0
0
0
0
0
0
0
0
0
0
0
0
0
0
0
0
0
0
0
0
0
0
0
0
0
0
0
0
0
0
0
0
0
0
0
0
0
0
0
0
0
0
0
0
0
0
0
0
0
0
0
0
0
0
0
0
0
0
0
0
0
0
0
0
0
0
0
0
0
0
0
0
0
0
0
0
0
0
0
0
0
0
0
0
0
0
0
0
0
0
0
0
0
0
0
0
0
0
0
0
0
0
0
0
0
0
0
0
0
0
0
0
0
0
0
0
0
0
0
0
0
0
0
0
0
0
0
0
0
0
0
0
0
0
0
0
0
0
0
0
0
0
0
0
0
0
0
0
0
0
0
0
0
0
0
0
0
0
0
0
0
0
0
0
0
0
0
)
;

boundaryField
{
    wand
    {
        type            calculated;
        value           nonuniform List<scalar> 
2048
(
0.103111
6.68588
20.6025
2233.54
3209.65
3240.25
3234.25
3236.07
3191.96
3191.67
3168.05
3257.29
3061.22
166.706
8.13205
0.147499
0.103082
6.69168
20.5909
2233.05
3214.76
3237.81
3239.27
3223.68
3217.09
3159.32
3189.9
3227.94
3063.7
166.702
8.13916
0.147559
0.0167847
0.0167799
0.0153349
0.0153466
0.00186919
0.00187041
0.000108212
0.000108703
1.0482e-06
1.04965e-06
7.71459e-09
7.71333e-09
5.13117e-11
5.12949e-11
3.24327e-13
3.24523e-13
1.89998e-15
1.89948e-15
9.9493e-18
9.94564e-18
4.62712e-20
4.62555e-20
1.92614e-22
1.92698e-22
7.29687e-25
7.29962e-25
2.56574e-27
2.57006e-27
8.67464e-30
8.63818e-30
2.90906e-32
2.90948e-32
1.00645e-34
1.00335e-34
3.60677e-37
3.59672e-37
1.32742e-39
1.32803e-39
5.05889e-42
5.066e-42
1.95899e-44
1.95588e-44
7.25032e-47
7.25957e-47
2.30984e-49
2.31038e-49
6.33484e-52
6.33499e-52
1.56476e-54
1.5648e-54
3.56642e-57
3.56656e-57
7.60792e-60
7.60834e-60
1.53381e-62
1.53392e-62
2.94421e-65
2.94448e-65
5.41171e-68
5.41235e-68
9.56435e-71
9.56559e-71
1.62957e-73
1.6298e-73
2.68063e-76
2.68106e-76
4.26083e-79
4.26158e-79
6.5474e-82
6.54864e-82
9.73098e-85
9.73296e-85
1.39948e-87
1.39978e-87
1.94862e-90
1.94907e-90
2.62864e-93
2.62928e-93
3.43836e-96
3.43925e-96
4.36565e-99
4.36686e-99
5.38681e-102
5.38837e-102
6.46698e-105
6.46895e-105
7.56175e-108
7.56418e-108
8.62011e-111
8.62301e-111
9.58857e-114
9.59196e-114
1.04144e-116
1.04183e-116
1.10524e-119
1.10567e-119
1.1468e-122
1.14726e-122
1.16388e-125
1.16437e-125
1.15588e-128
1.15639e-128
1.12376e-131
1.12428e-131
1.06981e-134
1.07032e-134
9.97471e-138
9.97968e-138
9.10977e-141
9.11449e-141
8.14967e-144
8.15406e-144
7.14089e-147
7.14488e-147
6.12673e-150
6.13029e-150
5.14517e-153
5.14826e-153
4.22734e-156
4.22998e-156
3.39661e-159
3.39881e-159
3.1921e-162
3.1921e-162
0
0
0
0
0
0
0
0
0
0
0
0
0
0
0
0
0
0
0
0
0
0
0
0
0
0
0
0
0
0
0
0
0
0
0
0
0
0
0
0
0
0
0
0
0
0
0
0
0
0
0
0
0
0
0
0
0
0
0
0
0
0
0
0
0
0
0
0
0
0
0
0
0
0
0
0
0
0
0
0
0
0
0
0
0
0
0
0
0
0
0
0
0
0
0
0
0
0
0
0
0
0
0
0
0
0
0
0
0
0
0
0
0
0
0
0
0
0
0
0
0
0
0
0
0
0
0
0
0
0
0
0
0
0
0
0
0
0
0
0
0
0
0
0
0
0
0
0
0
0
0
0
0
0
0
0
0
0
0
0
0
0
0
0
0
0
0
0
0
0
0
0
0
0
0
0
0
0
0
0
0
0
0
0
0
0
0
0
0
0
0
0
0
0
0
0
0
0
0
0
0
0
0
0
0
0
0
0
0
0
0
0
0
0
0
0
0
0
0
0
0
0
0
0
0
0
0
0
0
0
0
0
0
0
0
0
0
0
0
0
0
0
0
0
0
0
0
0
0
0
0
0
0
0
0
0
0
0
0
0
0
0
0
0
0
0
0
0
0
0
0
0
0
0
0
0
0
0
0
0
0
0
0
0
0
0
0
0
0
0
0
0
0
0
0
0
0
0
0
0
0
0
0
0
0
0
0
0
0
0
0
0
0
0
0
0
0
0
0
0
0
0
0
0
0
0
0
0
0
0
0
0
0
0
0
0
0
0
0
0
0
0
0
0
0
0
0
0
0
0
0
0
0
0
0
0
0
0
0
0
0
0
0
0
0
0
0
0
0
0
0
0
0
0
0
0
0
0
0
0
0
0
0
0
0
0
0
0
0
0
0
0
0
0
0
0
0
0
0
0
0
0
0
0
0
0
0
0
0
0
0
0
0
0
0
0
0
0
0
0
0
0
0
0
0
0
0
0
0
0
0
0
0
0
0
0
0
0
0
0
0
0
0
0
0
0
0
0
0
0
0
0
0
0
0
0
0
0
0
0
0
0
0
0
0
0
0
0
0
0
0
0
0
0
0
0
0
0
0
0
0
0
0
0
0
0
0
0
0
0
0
0
0
0
0
0
0
0
0
0
0
0
0
0
0
0
0
0
0
0
0
0
0
0
0
0
0
0
0
0
0
0
0
0
0
0
0
0
0
0
0
0
0
0
0
0
0
0
0
0
0
0
0
0
0
0
0
0
0
0
0
0
0
0
0
0
0
0
0
0
0
0
0
0
0
0
0
0
0
0
0
0
0
0
0
0
0
0
0
0
0
0
0
0
0
0
0
0
0
0
0
0
0
0
0
0
0
0
0
0
0
0
0
0
0
0
0
0
0
0
0
0
0
0
0
0
0
0
0
0
0
0
0
0
0
0
0
0
0
0
0
0
0
0
0
0
0
0
0
0
0
0
0
0
0
0
0
0
0
0
0
0
0
0
0
0
0
0
0
0
0
0
0
0
0
0
0
0
0
0
0
0
0
0
0
0
0
0
0
0
0
0
0
0
0
0
0
0
0
0
0
0
0.00881541
0.00881779
0.00727449
0.00727624
0.000767976
0.000767718
2.55547e-05
2.55534e-05
1.41093e-07
1.40901e-07
6.47653e-10
6.47142e-10
2.73958e-12
2.73734e-12
1.0829e-14
1.08214e-14
3.90329e-17
3.90599e-17
1.2448e-19
1.24389e-19
3.42252e-22
3.41514e-22
7.60833e-25
7.63071e-25
1.38088e-27
1.37551e-27
2.06011e-30
2.06351e-30
6.01539e-49
6.01539e-49
3.52277e-49
3.52277e-49
3.47818e-50
3.47808e-50
2.16417e-52
2.16412e-52
8.52215e-55
8.52198e-55
2.60613e-57
2.60608e-57
6.64818e-60
6.64806e-60
1.47829e-62
1.47826e-62
2.95577e-65
2.95574e-65
5.42212e-68
5.4221e-68
9.25351e-71
9.25353e-71
1.48616e-73
1.48617e-73
2.26534e-76
2.26537e-76
3.29244e-79
3.2925e-79
4.58003e-82
4.58015e-82
6.11958e-85
6.11977e-85
7.86925e-88
7.86956e-88
9.75333e-91
9.75378e-91
1.16773e-93
1.16779e-93
1.35319e-96
1.35327e-96
1.51943e-99
1.51953e-99
1.65578e-102
1.65591e-102
1.75478e-105
1.75493e-105
1.81272e-108
1.81288e-108
1.8287e-111
1.82888e-111
1.80202e-114
1.80222e-114
1.72932e-117
1.72953e-117
1.60487e-120
1.60508e-120
1.43196e-123
1.43216e-123
1.22584e-126
1.22602e-126
2.81693e-142
2.81694e-142
4.94086e-143
4.94132e-143
4.06799e-144
4.06873e-144
9.6348e-147
9.63668e-147
1.53855e-149
1.53887e-149
2.00218e-152
2.00263e-152
2.25476e-155
2.25529e-155
2.26918e-158
2.26975e-158
2.10062e-161
2.10062e-161
0
0
0
0
0
0
0
0
0
0
0
0
0
0
0
0
0
0
0
0
0
0
0
0
0
0
0
0
0
0
0
0
0
0
0
0
0
0
0
0
0
0
0
0
0
0
0
0
0
0
0
0
0
0
0
0
0
0
0
0
0
0
0
0
0
0
0
0
0
0
0
0
0
0
0
0
0
0
0
0
0
0
0
0
0
0
0
0
0
0
0
0
0
0
0
0
0
0
0
0
0
0
0
0
0
0
0
0
0
0
0
0
0
0
0
0
0
0
0
0
0
0
0
0
0
0
0
0
0
0
0
0
0
0
0
0
0
0
0
0
0
0
0
0
0
0
0
0
0
0
0
0
0
0
0
0
0
0
0
0
0
0
0
0
0
0
0
0
0
0
0
0
0
0
0
0
0
0
0
0
0
0
0
0
0
0
0
0
0
0
0
0
0
0
0
0
0
0
0
0
0
0
0
0
0
0
0
0
0
0
0
0
0
0
0
0
0
0
0
0
0
0
0
0
0
0
0
0
0
0
0
0
0
0
0
0
0
0
0
0
0
0
0
0
0
0
0
0
0
0
0
0
0
0
0
0
0
0
0
0
0
0
0
0
0
0
0
0
0
0
0
0
0
0
0
0
0
0
0
0
0
0
0
0
0
0
0
0
0
0
0
0
0
0
0
0
0
0
0
0
0
0
0
0
0
0
0
0
0
0
0
0
0
0
0
0
0
0
0
0
0
0
0
0
0
0
0
0
0
0
0
0
0
0
0
0
0
0
0
0
0
0
0
0
0
0
0
0
0
0
0
0
0
0
0
0
0
0
0
0
0
0
0
0
0
0
0
0
0
0
0
0
0
0
0
0
0
0
0
0
0
0
0
0
0
0
0
0
0
0
0
0
0
0
0
0
0
0
0
0
0
0
0
0
0
0
0
0
0
0
0
0
0
0
0
0
0
0
0
0
0
0
0
0
0
0
0
0
0
0
0
0
0
0
0
0
0
0
0
0
0
0
0
0
0
0
0
0
0
0
0
0
0
0
0
0
0
0
0
0
0
0
0
0
0
0
0
0
0
0
0
0
0
0
0
0
0
0
0
0
0
0
0
0
0
0
0
0
0
0
0
0
0
0
0
0
0
0
0
0
0
0
0
0
0
0
0
0
0
0
0
0
0
0
0
0
0
0
0
0
0
0
0
0
0
0
0
0
0
0
0
0
0
0
0
0
0
0
0
0
0
0
0
0
0
0
0
0
0
0
0
0
0
0
0
0
0
0
0
0
0
0
0
0
0
0
0
0
0
0
0
0
0
0
0
0
0
0
0
0
0
0
0
0
0
0
0
0
0
0
0
0
0
0
0
0
0
0
0
0
0
0
0
0
0
0
0
0
0
0
0
0
0
0
0
0
0
0
0
0
0
0
0
0
0
0
0
0
0
0
0
0
0
0
0
0
0
0
0
0
0
0
1.20961e-31
3.50181e-47
7.02253e-127
4.70906e-140
0
0
0
0
0
0
0
0
0
0
0
0
0
0
0
0
0
0
0
0
0
1.20941e-30
1.91849e-44
2.77357e-125
7.70719e-137
0
0
0
0
0
0
0
0
0
0
0
0
0
0
0
0
0
0
0
0
0
1.84381e-31
7.62515e-42
7.74187e-123
9.30863e-134
0
0
0
0
0
0
0
0
0
0
0
0
0
0
0
0
0
0
0
0
0
8.0647e-28
4.83673e-38
4.32524e-119
1.87305e-129
0
0
0
0
0
0
0
0
0
0
0
0
0
0
0
0
0
0
0
0
0
3.26336e-24
2.57753e-34
2.93141e-115
3.3108e-125
0
0
0
0
0
0
0
0
0
0
0
0
0
0
0
0
0
0
0
0
0
6.37193e-21
7.20748e-31
1.53213e-111
3.16918e-121
0
0
0
0
0
0
0
0
0
0
0
0
0
0
0
0
0
0
0
0
0
5.58884e-19
1.19954e-27
4.8496e-108
1.8343e-117
0
0
0
0
0
0
0
0
0
0
0
0
0
0
0
0
0
0
0
0
0
3.38886e-17
4.58779e-17
9.51434e-25
1.51543e-19
6.31287e-105
8.91284e-105
4.55365e-114
8.38344e-108
0
0
0
0
0
0
0
0
0
0
0
0
0
0
0
0
0
0
0
0
0
0
0
0
0
0
0
0
0
0
0
0
0
0
0
0
0
0
0
0
0
0
0
1.21086e-31
3.50163e-47
7.02367e-127
4.71039e-140
0
0
0
0
0
0
0
0
0
0
0
0
0
0
0
0
0
0
0
0
0
1.21094e-30
1.91834e-44
2.77408e-125
7.70929e-137
0
0
0
0
0
0
0
0
0
0
0
0
0
0
0
0
0
0
0
0
0
1.84307e-31
7.62444e-42
7.74348e-123
9.3111e-134
0
0
0
0
0
0
0
0
0
0
0
0
0
0
0
0
0
0
0
0
0
8.06049e-28
4.83696e-38
4.32616e-119
1.87353e-129
0
0
0
0
0
0
0
0
0
0
0
0
0
0
0
0
0
0
0
0
0
3.25772e-24
2.57997e-34
2.93204e-115
3.31162e-125
0
0
0
0
0
0
0
0
0
0
0
0
0
0
0
0
0
0
0
0
0
6.36495e-21
7.21387e-31
1.53245e-111
3.16994e-121
0
0
0
0
0
0
0
0
0
0
0
0
0
0
0
0
0
0
0
0
0
5.54725e-19
1.20223e-27
4.85058e-108
1.83473e-117
0
0
0
0
0
0
0
0
0
0
0
0
0
0
0
0
0
0
0
0
0
3.36786e-17
4.5724e-17
9.52038e-25
1.51366e-19
6.3141e-105
8.91458e-105
4.55467e-114
8.38517e-108
0
0
0
0
0
0
0
0
0
0
0
0
0
0
0
0
0
0
0
0
0
0
0
0
0
0
0
0
0
0
0
0
0
0
0
0
0
0
0
0
0
0
0
)
;
    }
    frontAndBack
    {
        type            empty;
    }
}


// ************************************************************************* //
