/*--------------------------------*- C++ -*----------------------------------*\
| =========                 |                                                 |
| \\      /  F ield         | OpenFOAM: The Open Source CFD Toolbox           |
|  \\    /   O peration     | Version:  2.1.1                                 |
|   \\  /    A nd           | Web:      www.OpenFOAM.org                      |
|    \\/     M anipulation  |                                                 |
\*---------------------------------------------------------------------------*/
FoamFile
{
    version     2.0;
    format      ascii;
    class       volScalarField;
    location    "0.000050000";
    object      omegaC_burn;
}
// * * * * * * * * * * * * * * * * * * * * * * * * * * * * * * * * * * * * * //

dimensions      [1 -3 -1 0 0 0 0];

internalField   nonuniform List<scalar> 
12384
(
0.000948462
0.000864436
3.06803e-06
9.34815e-09
2.282e-11
4.58852e-14
7.90216e-17
1.21536e-19
1.71432e-22
2.22279e-25
2.68302e-28
3.03998e-31
3.20834e-34
3.09465e-37
7.2605e-56
1.92602e-56
3.76977e-59
4.66278e-62
4.47808e-65
3.638e-68
2.62198e-71
1.71951e-74
1.04195e-77
5.8979e-81
3.1443e-84
1.58891e-87
7.64885e-91
3.52184e-94
1.55614e-97
6.61616e-101
2.71282e-104
1.07477e-107
4.12082e-111
1.53116e-114
5.52001e-118
1.93273e-121
6.57793e-125
2.17786e-128
7.02211e-132
2.20919e-135
6.79692e-139
2.04781e-142
6.00165e-146
1.4945e-149
0
0
0
0
0
0
0
0
0
0
0
0
0
0
0
0
0
0
0
0
0
0
0
0
0
0
0
0
0
0
0
0
0
0
0
0
0
0
0
0
0
0
0
0
0
0
0
0
0
0
0
0
0
0
0
0
0
0
0
0
0
0
0
0
0
0
0
0
0
0
0
0
0
0
0
0
0
0
0
0
0
0
0
0
0
0
0
0
0
0
0
0
0
0
0
0
0
0
0
0
0
0
0
0
0
0
0
0
0
0
0
0
0
0
0
0
0
0
0
0
0
0
0
0
0
0
0
0
0
0
0
0
0
0
0
0
0
0
0
0
0
0
0
0
0
0
0
0
0
0
0
0
0
0
0
0
0
0
0
0
0
0
0
0
0
0
0
0
0
0
0
0
0
0
0
0
0
0
0
0
0
0
0
0
0
0
0
0
0
0
0
0
0
0
0
0
0
0
0
0
0
0
0
0
0
0
0
0
0
0
0
0
0
0
0
0
0
0
0
0
0
0
0
0
0
0
0
0
0
0
0
0
0
0
0
0
0
0
0
0
0
0
0
0
0
0
0
0
0
0
0
0
0
0
0
0
0
0
0
0
0
0
0
0
0
0
0
0
0
0
0
0
0
0
0
0
0
0
0
0
0
0
0
0
0
0
0
0
0
0
0
0
0
0
0
0
0
0
0
0
0
0
0
0
0
0
0
0
0
0
0
0
0
0
0
0
0
0
0
0
0
0
0
0
0
0
0
0
0
0
0.633077
0.544131
0.000894826
2.18981e-06
5.39717e-09
1.13549e-11
2.0417e-14
3.23623e-17
4.7341e-20
6.64942e-23
8.90188e-26
1.12073e-28
1.31461e-31
1.40991e-34
1.36377e-52
3.23499e-53
6.13975e-56
7.47644e-59
7.1665e-62
5.84132e-65
4.2398e-68
2.81494e-71
1.73466e-74
1.00189e-77
5.46453e-81
2.83118e-84
1.39974e-87
6.6275e-91
3.01401e-94
1.31969e-97
5.57449e-101
2.27547e-104
8.98866e-108
3.44052e-111
1.27742e-114
4.60487e-118
1.61287e-121
5.49285e-125
1.82153e-128
5.89308e-132
1.85973e-135
5.72728e-139
1.71958e-142
4.2259e-146
6.80257e-161
8.85495e-162
0
0
0
0
0
0
0
0
0
0
0
0
0
0
0
0
0
0
0
0
0
0
0
0
0
0
0
0
0
0
0
0
0
0
0
0
0
0
0
0
0
0
0
0
0
0
0
0
0
0
0
0
0
0
0
0
0
0
0
0
0
0
0
0
0
0
0
0
0
0
0
0
0
0
0
0
0
0
0
0
0
0
0
0
0
0
0
0
0
0
0
0
0
0
0
0
0
0
0
0
0
0
0
0
0
0
0
0
0
0
0
0
0
0
0
0
0
0
0
0
0
0
0
0
0
0
0
0
0
0
0
0
0
0
0
0
0
0
0
0
0
0
0
0
0
0
0
0
0
0
0
0
0
0
0
0
0
0
0
0
0
0
0
0
0
0
0
0
0
0
0
0
0
0
0
0
0
0
0
0
0
0
0
0
0
0
0
0
0
0
0
0
0
0
0
0
0
0
0
0
0
0
0
0
0
0
0
0
0
0
0
0
0
0
0
0
0
0
0
0
0
0
0
0
0
0
0
0
0
0
0
0
0
0
0
0
0
0
0
0
0
0
0
0
0
0
0
0
0
0
0
0
0
0
0
0
0
0
0
0
0
0
0
0
0
0
0
0
0
0
0
0
0
0
0
0
0
0
0
0
0
0
0
0
0
0
0
0
0
0
0
0
0
0
0
0
0
0
0
0
0
0
0
0
0
0
0
0
0
0
0
0
0
0
0
0
0
0
0
0
0
0
0
0
0
0
0
0
17.0536
16.3599
0.103678
2.2988e-05
1.35994e-08
3.16253e-11
1.72782e-14
1.40099e-17
3.25074e-20
1.33073e-22
4.4962e-25
8.17604e-28
9.81144e-31
4.41952e-34
1.80574e-49
1.2161e-50
2.1905e-53
2.5039e-56
2.28112e-59
1.79839e-62
1.27727e-65
8.36486e-69
5.12421e-72
2.96363e-75
1.62875e-78
8.54572e-82
4.29565e-85
2.07424e-88
9.64202e-92
4.32229e-95
1.87127e-98
7.83412e-102
3.17512e-105
1.24705e-108
4.75074e-112
1.75694e-115
6.31258e-119
2.20505e-122
7.49367e-126
2.47968e-129
7.99599e-133
2.51232e-136
7.64919e-140
7.77994e-144
2.71187e-157
8.68035e-159
5.54888e-162
0
0
0
0
0
0
0
0
0
0
0
0
0
0
0
0
0
0
0
0
0
0
0
0
0
0
0
0
0
0
0
0
0
0
0
0
0
0
0
0
0
0
0
0
0
0
0
0
0
0
0
0
0
0
0
0
0
0
0
0
0
0
0
0
0
0
0
0
0
0
0
0
0
0
0
0
0
0
0
0
0
0
0
0
0
0
0
0
0
0
0
0
0
0
0
0
0
0
0
0
0
0
0
0
0
0
0
0
0
0
0
0
0
0
0
0
0
0
0
0
0
0
0
0
0
0
0
0
0
0
0
0
0
0
0
0
0
0
0
0
0
0
0
0
0
0
0
0
0
0
0
0
0
0
0
0
0
0
0
0
0
0
0
0
0
0
0
0
0
0
0
0
0
0
0
0
0
0
0
0
0
0
0
0
0
0
0
0
0
0
0
0
0
0
0
0
0
0
0
0
0
0
0
0
0
0
0
0
0
0
0
0
0
0
0
0
0
0
0
0
0
0
0
0
0
0
0
0
0
0
0
0
0
0
0
0
0
0
0
0
0
0
0
0
0
0
0
0
0
0
0
0
0
0
0
0
0
0
0
0
0
0
0
0
0
0
0
0
0
0
0
0
0
0
0
0
0
0
0
0
0
0
0
0
0
0
0
0
0
0
0
0
0
0
0
0
0
0
0
0
0
0
0
0
0
0
0
0
0
0
0
0
0
0
0
0
0
0
0
0
0
0
0
0
0
0
0
2187.33
2327.73
23.3721
0.150853
8.69057e-05
2.95541e-07
1.72492e-10
1.00139e-13
9.75462e-17
1.91145e-19
5.72355e-22
1.28833e-24
1.83419e-27
1.35034e-30
3.85909e-45
6.30171e-47
1.0646e-49
1.20684e-52
1.11533e-55
9.01824e-59
6.6068e-62
4.47469e-65
2.83763e-68
1.69929e-71
9.66705e-75
5.24732e-78
2.72668e-81
1.35991e-84
6.52338e-88
3.01495e-91
1.34455e-94
5.79329e-98
2.41449e-101
9.7438e-105
3.81108e-108
1.44599e-111
5.32643e-115
1.90631e-118
6.63363e-122
2.24598e-125
7.40355e-129
2.3775e-132
7.41574e-136
1.11498e-139
1.84019e-152
1.25446e-154
7.22691e-158
2.86972e-161
0
0
0
0
0
0
0
0
0
0
0
0
0
0
0
0
0
0
0
0
0
0
0
0
0
0
0
0
0
0
0
0
0
0
0
0
0
0
0
0
0
0
0
0
0
0
0
0
0
0
0
0
0
0
0
0
0
0
0
0
0
0
0
0
0
0
0
0
0
0
0
0
0
0
0
0
0
0
0
0
0
0
0
0
0
0
0
0
0
0
0
0
0
0
0
0
0
0
0
0
0
0
0
0
0
0
0
0
0
0
0
0
0
0
0
0
0
0
0
0
0
0
0
0
0
0
0
0
0
0
0
0
0
0
0
0
0
0
0
0
0
0
0
0
0
0
0
0
0
0
0
0
0
0
0
0
0
0
0
0
0
0
0
0
0
0
0
0
0
0
0
0
0
0
0
0
0
0
0
0
0
0
0
0
0
0
0
0
0
0
0
0
0
0
0
0
0
0
0
0
0
0
0
0
0
0
0
0
0
0
0
0
0
0
0
0
0
0
0
0
0
0
0
0
0
0
0
0
0
0
0
0
0
0
0
0
0
0
0
0
0
0
0
0
0
0
0
0
0
0
0
0
0
0
0
0
0
0
0
0
0
0
0
0
0
0
0
0
0
0
0
0
0
0
0
0
0
0
0
0
0
0
0
0
0
0
0
0
0
0
0
0
0
0
0
0
0
0
0
0
0
0
0
0
0
0
0
0
0
0
0
0
0
0
0
0
0
0
0
0
0
0
0
0
0
0
3332.03
3430.76
2494.74
44.1575
0.423759
0.00184772
1.26372e-06
7.0245e-10
5.31593e-13
5.73966e-16
9.63003e-19
2.08352e-21
3.48784e-24
3.35448e-27
6.88767e-41
3.94907e-43
6.21407e-46
6.98509e-49
6.54893e-52
5.43109e-55
4.10432e-58
2.876e-61
1.88953e-64
1.17278e-67
6.91393e-71
3.88702e-74
2.09044e-77
1.07811e-80
5.34289e-84
2.54874e-87
1.17208e-90
5.20282e-94
2.23197e-97
9.26342e-101
3.72319e-104
1.4505e-107
5.48216e-111
2.01171e-114
7.17275e-118
2.48671e-121
8.38842e-125
2.75505e-128
8.79375e-132
1.57812e-135
1.12035e-147
2.32805e-150
1.19359e-153
4.50429e-157
1.46188e-160
0
0
0
0
0
0
0
0
0
0
0
0
0
0
0
0
0
0
0
0
0
0
0
0
0
0
0
0
0
0
0
0
0
0
0
0
0
0
0
0
0
0
0
0
0
0
0
0
0
0
0
0
0
0
0
0
0
0
0
0
0
0
0
0
0
0
0
0
0
0
0
0
0
0
0
0
0
0
0
0
0
0
0
0
0
0
0
0
0
0
0
0
0
0
0
0
0
0
0
0
0
0
0
0
0
0
0
0
0
0
0
0
0
0
0
0
0
0
0
0
0
0
0
0
0
0
0
0
0
0
0
0
0
0
0
0
0
0
0
0
0
0
0
0
0
0
0
0
0
0
0
0
0
0
0
0
0
0
0
0
0
0
0
0
0
0
0
0
0
0
0
0
0
0
0
0
0
0
0
0
0
0
0
0
0
0
0
0
0
0
0
0
0
0
0
0
0
0
0
0
0
0
0
0
0
0
0
0
0
0
0
0
0
0
0
0
0
0
0
0
0
0
0
0
0
0
0
0
0
0
0
0
0
0
0
0
0
0
0
0
0
0
0
0
0
0
0
0
0
0
0
0
0
0
0
0
0
0
0
0
0
0
0
0
0
0
0
0
0
0
0
0
0
0
0
0
0
0
0
0
0
0
0
0
0
0
0
0
0
0
0
0
0
0
0
0
0
0
0
0
0
0
0
0
0
0
0
0
0
0
0
0
0
0
0
0
0
0
0
0
0
0
0
0
0
3262.76
3451.48
3387.09
2660.19
73.7099
0.674435
0.00307891
2.1109e-06
1.62358e-09
1.57254e-12
1.67367e-15
2.34608e-18
3.92224e-21
5.07539e-24
6.31687e-37
1.67115e-39
2.44608e-42
2.74415e-45
2.62562e-48
2.24475e-51
1.75759e-54
1.27907e-57
8.73531e-61
5.6361e-64
3.45235e-67
2.01511e-70
1.1241e-73
6.00716e-77
3.0815e-80
1.51996e-83
7.21999e-87
3.30719e-90
1.46261e-93
6.25221e-97
2.58595e-100
1.03587e-103
4.02231e-107
1.51531e-110
5.54274e-114
1.97003e-117
6.80857e-121
2.28963e-124
7.48686e-128
1.7078e-131
3.73904e-143
3.11392e-146
1.40909e-149
5.06475e-153
1.60843e-156
4.7201e-160
0
0
0
0
0
0
0
0
0
0
0
0
0
0
0
0
0
0
0
0
0
0
0
0
0
0
0
0
0
0
0
0
0
0
0
0
0
0
0
0
0
0
0
0
0
0
0
0
0
0
0
0
0
0
0
0
0
0
0
0
0
0
0
0
0
0
0
0
0
0
0
0
0
0
0
0
0
0
0
0
0
0
0
0
0
0
0
0
0
0
0
0
0
0
0
0
0
0
0
0
0
0
0
0
0
0
0
0
0
0
0
0
0
0
0
0
0
0
0
0
0
0
0
0
0
0
0
0
0
0
0
0
0
0
0
0
0
0
0
0
0
0
0
0
0
0
0
0
0
0
0
0
0
0
0
0
0
0
0
0
0
0
0
0
0
0
0
0
0
0
0
0
0
0
0
0
0
0
0
0
0
0
0
0
0
0
0
0
0
0
0
0
0
0
0
0
0
0
0
0
0
0
0
0
0
0
0
0
0
0
0
0
0
0
0
0
0
0
0
0
0
0
0
0
0
0
0
0
0
0
0
0
0
0
0
0
0
0
0
0
0
0
0
0
0
0
0
0
0
0
0
0
0
0
0
0
0
0
0
0
0
0
0
0
0
0
0
0
0
0
0
0
0
0
0
0
0
0
0
0
0
0
0
0
0
0
0
0
0
0
0
0
0
0
0
0
0
0
0
0
0
0
0
0
0
0
0
0
0
0
0
0
0
0
0
0
0
0
0
0
0
0
0
0
3180.7
3400.85
3391.81
3326.54
2822.34
100.329
0.569263
0.00121567
1.97711e-06
2.49269e-09
2.65642e-12
2.79517e-15
3.6116e-18
5.08434e-21
3.30076e-33
5.45173e-36
7.49594e-39
8.50564e-42
8.38549e-45
7.44627e-48
6.07752e-51
4.61682e-54
3.29191e-57
2.21641e-60
1.41549e-63
8.60474e-67
4.99316e-70
2.77231e-73
1.47573e-76
7.54461e-80
3.71023e-83
1.75755e-86
8.02994e-90
3.54258e-93
1.51078e-96
6.2344e-100
2.49179e-103
9.6546e-107
3.62936e-110
1.32476e-113
4.69878e-117
1.62059e-120
5.43637e-124
1.59326e-127
7.62124e-139
3.47876e-142
1.39398e-145
4.81847e-149
1.5077e-152
4.41392e-156
1.2308e-159
0
0
0
0
0
0
0
0
0
0
0
0
0
0
0
0
0
0
0
0
0
0
0
0
0
0
0
0
0
0
0
0
0
0
0
0
0
0
0
0
0
0
0
0
0
0
0
0
0
0
0
0
0
0
0
0
0
0
0
0
0
0
0
0
0
0
0
0
0
0
0
0
0
0
0
0
0
0
0
0
0
0
0
0
0
0
0
0
0
0
0
0
0
0
0
0
0
0
0
0
0
0
0
0
0
0
0
0
0
0
0
0
0
0
0
0
0
0
0
0
0
0
0
0
0
0
0
0
0
0
0
0
0
0
0
0
0
0
0
0
0
0
0
0
0
0
0
0
0
0
0
0
0
0
0
0
0
0
0
0
0
0
0
0
0
0
0
0
0
0
0
0
0
0
0
0
0
0
0
0
0
0
0
0
0
0
0
0
0
0
0
0
0
0
0
0
0
0
0
0
0
0
0
0
0
0
0
0
0
0
0
0
0
0
0
0
0
0
0
0
0
0
0
0
0
0
0
0
0
0
0
0
0
0
0
0
0
0
0
0
0
0
0
0
0
0
0
0
0
0
0
0
0
0
0
0
0
0
0
0
0
0
0
0
0
0
0
0
0
0
0
0
0
0
0
0
0
0
0
0
0
0
0
0
0
0
0
0
0
0
0
0
0
0
0
0
0
0
0
0
0
0
0
0
0
0
0
0
0
0
0
0
0
0
0
0
0
0
0
0
0
0
0
3146.76
3399.23
3343.12
3328.39
3000.55
144.714
1.23008
0.00402612
9.81564e-06
1.82841e-08
2.78799e-11
3.81805e-14
5.51706e-17
8.84931e-20
6.49907e-30
9.07982e-33
1.14179e-35
1.29515e-38
1.30491e-41
1.19779e-44
1.01664e-47
8.05516e-51
5.99775e-54
4.21754e-57
2.81167e-60
1.78265e-63
1.07772e-66
6.22681e-70
3.44506e-73
1.82837e-76
9.323e-80
4.57399e-83
2.16201e-86
9.85767e-90
4.34048e-93
1.84761e-96
7.61065e-100
3.03655e-103
1.17454e-106
4.40801e-110
1.60634e-113
5.68822e-117
1.95854e-120
6.54288e-124
6.08669e-135
2.1381e-138
7.3242e-142
2.39602e-145
7.29874e-149
2.1149e-152
5.89694e-156
1.59298e-159
0
0
0
0
0
0
0
0
0
0
0
0
0
0
0
0
0
0
0
0
0
0
0
0
0
0
0
0
0
0
0
0
0
0
0
0
0
0
0
0
0
0
0
0
0
0
0
0
0
0
0
0
0
0
0
0
0
0
0
0
0
0
0
0
0
0
0
0
0
0
0
0
0
0
0
0
0
0
0
0
0
0
0
0
0
0
0
0
0
0
0
0
0
0
0
0
0
0
0
0
0
0
0
0
0
0
0
0
0
0
0
0
0
0
0
0
0
0
0
0
0
0
0
0
0
0
0
0
0
0
0
0
0
0
0
0
0
0
0
0
0
0
0
0
0
0
0
0
0
0
0
0
0
0
0
0
0
0
0
0
0
0
0
0
0
0
0
0
0
0
0
0
0
0
0
0
0
0
0
0
0
0
0
0
0
0
0
0
0
0
0
0
0
0
0
0
0
0
0
0
0
0
0
0
0
0
0
0
0
0
0
0
0
0
0
0
0
0
0
0
0
0
0
0
0
0
0
0
0
0
0
0
0
0
0
0
0
0
0
0
0
0
0
0
0
0
0
0
0
0
0
0
0
0
0
0
0
0
0
0
0
0
0
0
0
0
0
0
0
0
0
0
0
0
0
0
0
0
0
0
0
0
0
0
0
0
0
0
0
0
0
0
0
0
0
0
0
0
0
0
0
0
0
0
0
0
0
0
0
0
0
0
0
0
0
0
0
0
0
0
0
0
3139.09
3368.37
3303.81
3276.41
3211.67
200.722
2.57284
0.013373
5.02794e-05
1.4358e-07
3.32062e-10
6.63959e-13
1.25596e-15
2.4559e-18
4.6807e-21
6.96847e-24
7.91254e-27
9.17684e-30
1.09316e-32
1.19928e-35
1.21421e-38
1.14259e-41
1.00481e-44
8.29432e-48
6.45082e-51
4.7424e-54
3.30504e-57
2.18909e-60
1.3812e-63
8.31877e-67
4.79179e-70
2.6444e-73
1.40037e-76
7.1267e-80
3.49025e-83
1.64704e-86
7.49811e-90
3.29671e-93
1.40136e-96
5.76483e-100
2.29719e-103
8.87493e-107
3.32673e-110
1.21086e-113
4.28264e-117
1.47303e-120
4.89098e-124
1.37144e-127
3.21412e-131
8.60998e-135
2.59784e-138
7.71844e-142
2.2385e-145
6.34409e-149
1.75845e-152
4.76806e-156
1.26558e-159
0
0
0
0
0
0
0
0
0
0
0
0
0
0
0
0
0
0
0
0
0
0
0
0
0
0
0
0
0
0
0
0
0
0
0
0
0
0
0
0
0
0
0
0
0
0
0
0
0
0
0
0
0
0
0
0
0
0
0
0
0
0
0
0
0
0
0
0
0
0
0
0
0
0
0
0
0
0
0
0
0
0
0
0
0
0
0
0
0
0
0
0
0
0
0
0
0
0
0
0
0
0
0
0
0
0
0
0
0
0
0
0
0
0
0
0
0
0
0
0
0
0
0
0
0
0
0
0
0
0
0
0
0
0
0
0
0
0
0
0
0
0
0
0
0
0
0
0
0
0
0
0
0
0
0
0
0
0
0
0
0
0
0
0
0
0
0
0
0
0
0
0
0
0
0
0
0
0
0
0
0
0
0
0
0
0
0
0
0
0
0
0
0
0
0
0
0
0
0
0
0
0
0
0
0
0
0
0
0
0
0
0
0
0
0
0
0
0
0
0
0
0
0
0
0
0
0
0
0
0
0
0
0
0
0
0
0
0
0
0
0
0
0
0
0
0
0
0
0
0
0
0
0
0
0
0
0
0
0
0
0
0
0
0
0
0
0
0
0
0
0
0
0
0
0
0
0
0
0
0
0
0
0
0
0
0
0
0
0
0
0
0
0
0
0
0
0
0
0
0
0
0
0
0
0
0
0
0
0
0
0
0
0
0
0
0
0
0
0
0
0
0
0
0
0
0
0
0
0
0
0
0
0
0
0
0
0
0
0
0
0
0
0
3147.14
3310.85
3283.03
3185.79
3331.99
214.679
3.06152
0.018856
8.17326e-05
2.69344e-07
7.18525e-10
1.63349e-12
3.37366e-15
6.84583e-18
1.34412e-20
2.40343e-23
3.85301e-26
5.50227e-29
7.21243e-32
8.90822e-35
1.02704e-37
1.10029e-40
1.09695e-43
1.01933e-46
8.86835e-50
7.26516e-53
5.62602e-56
4.13104e-59
2.88393e-62
1.91871e-65
1.21916e-68
7.41269e-72
4.32028e-75
2.41747e-78
1.30063e-81
6.7371e-85
3.36398e-88
1.62103e-91
7.54655e-95
3.39748e-98
1.48054e-101
6.25057e-105
2.55223e-108
1.00672e-111
3.844e-115
1.41375e-118
4.94053e-122
1.67776e-125
5.62031e-129
1.80358e-132
5.64629e-136
1.77162e-139
5.50891e-143
1.69057e-146
5.118e-150
1.51669e-153
4.37649e-157
1.23187e-160
0
0
0
0
0
0
0
0
0
0
0
0
0
0
0
0
0
0
0
0
0
0
0
0
0
0
0
0
0
0
0
0
0
0
0
0
0
0
0
0
0
0
0
0
0
0
0
0
0
0
0
0
0
0
0
0
0
0
0
0
0
0
0
0
0
0
0
0
0
0
0
0
0
0
0
0
0
0
0
0
0
0
0
0
0
0
0
0
0
0
0
0
0
0
0
0
0
0
0
0
0
0
0
0
0
0
0
0
0
0
0
0
0
0
0
0
0
0
0
0
0
0
0
0
0
0
0
0
0
0
0
0
0
0
0
0
0
0
0
0
0
0
0
0
0
0
0
0
0
0
0
0
0
0
0
0
0
0
0
0
0
0
0
0
0
0
0
0
0
0
0
0
0
0
0
0
0
0
0
0
0
0
0
0
0
0
0
0
0
0
0
0
0
0
0
0
0
0
0
0
0
0
0
0
0
0
0
0
0
0
0
0
0
0
0
0
0
0
0
0
0
0
0
0
0
0
0
0
0
0
0
0
0
0
0
0
0
0
0
0
0
0
0
0
0
0
0
0
0
0
0
0
0
0
0
0
0
0
0
0
0
0
0
0
0
0
0
0
0
0
0
0
0
0
0
0
0
0
0
0
0
0
0
0
0
0
0
0
0
0
0
0
0
0
0
0
0
0
0
0
0
0
0
0
0
0
0
0
0
0
0
0
0
0
0
0
0
0
0
0
0
0
0
0
0
0
0
0
0
0
0
0
0
0
0
0
0
0
0
0
0
0
3178.98
3314.78
3222.99
3341.34
287.76
5.37735
0.0745295
0.000310968
1.0385e-06
2.92228e-09
7.15777e-12
1.60996e-14
3.59458e-17
7.69087e-20
1.45126e-22
2.41551e-25
3.62658e-28
4.97106e-31
6.3294e-34
7.5801e-37
8.63737e-40
9.34198e-43
9.41877e-46
8.81063e-49
7.7023e-52
6.32956e-55
4.91231e-58
3.61409e-61
2.52857e-64
1.68681e-67
1.07539e-70
6.565e-74
3.84446e-77
2.16297e-80
1.17084e-83
6.10567e-87
3.07097e-90
1.49143e-93
7.00091e-97
3.17941e-100
1.3982e-103
5.95911e-107
2.46309e-110
9.78593e-114
3.70198e-117
1.3427e-120
4.69344e-124
1.58312e-127
5.17894e-131
1.65425e-134
5.19889e-138
1.61256e-141
4.99384e-145
1.55804e-148
4.81733e-152
1.45498e-155
4.29219e-159
0
0
0
0
0
0
0
0
0
0
0
0
0
0
0
0
0
0
0
0
0
0
0
0
0
0
0
0
0
0
0
0
0
0
0
0
0
0
0
0
0
0
0
0
0
0
0
0
0
0
0
0
0
0
0
0
0
0
0
0
0
0
0
0
0
0
0
0
0
0
0
0
0
0
0
0
0
0
0
0
0
0
0
0
0
0
0
0
0
0
0
0
0
0
0
0
0
0
0
0
0
0
0
0
0
0
0
0
0
0
0
0
0
0
0
0
0
0
0
0
0
0
0
0
0
0
0
0
0
0
0
0
0
0
0
0
0
0
0
0
0
0
0
0
0
0
0
0
0
0
0
0
0
0
0
0
0
0
0
0
0
0
0
0
0
0
0
0
0
0
0
0
0
0
0
0
0
0
0
0
0
0
0
0
0
0
0
0
0
0
0
0
0
0
0
0
0
0
0
0
0
0
0
0
0
0
0
0
0
0
0
0
0
0
0
0
0
0
0
0
0
0
0
0
0
0
0
0
0
0
0
0
0
0
0
0
0
0
0
0
0
0
0
0
0
0
0
0
0
0
0
0
0
0
0
0
0
0
0
0
0
0
0
0
0
0
0
0
0
0
0
0
0
0
0
0
0
0
0
0
0
0
0
0
0
0
0
0
0
0
0
0
0
0
0
0
0
0
0
0
0
0
0
0
0
0
0
0
0
0
0
0
0
0
0
0
0
0
0
0
0
0
0
0
0
0
0
0
0
0
0
0
0
0
0
0
0
0
0
0
0
0
0
3283.58
3311.89
3380.59
260.87
5.52705
0.0746144
0.000403719
1.54504e-06
4.79389e-09
1.33159e-11
3.37026e-14
8.12413e-17
1.90489e-19
3.97118e-22
7.11882e-25
1.12209e-27
1.60119e-30
2.12895e-33
2.65254e-36
3.07877e-39
3.34335e-42
3.40163e-45
3.23979e-48
2.89718e-51
2.44075e-54
1.94349e-57
1.46713e-60
1.05287e-63
7.20047e-67
4.70309e-70
2.93962e-73
1.76136e-76
1.01332e-79
5.60549e-83
2.98553e-86
1.53285e-89
7.5952e-93
3.63574e-96
1.68301e-99
7.54084e-103
3.27315e-106
1.37746e-109
5.62322e-113
2.22374e-116
8.52057e-120
3.16809e-123
1.13642e-126
3.8899e-130
1.28238e-133
4.18725e-137
1.36173e-140
4.34949e-144
1.35839e-147
4.15301e-151
1.24186e-154
3.63307e-158
1.05386e-161
0
0
0
0
0
0
0
0
0
0
0
0
0
0
0
0
0
0
0
0
0
0
0
0
0
0
0
0
0
0
0
0
0
0
0
0
0
0
0
0
0
0
0
0
0
0
0
0
0
0
0
0
0
0
0
0
0
0
0
0
0
0
0
0
0
0
0
0
0
0
0
0
0
0
0
0
0
0
0
0
0
0
0
0
0
0
0
0
0
0
0
0
0
0
0
0
0
0
0
0
0
0
0
0
0
0
0
0
0
0
0
0
0
0
0
0
0
0
0
0
0
0
0
0
0
0
0
0
0
0
0
0
0
0
0
0
0
0
0
0
0
0
0
0
0
0
0
0
0
0
0
0
0
0
0
0
0
0
0
0
0
0
0
0
0
0
0
0
0
0
0
0
0
0
0
0
0
0
0
0
0
0
0
0
0
0
0
0
0
0
0
0
0
0
0
0
0
0
0
0
0
0
0
0
0
0
0
0
0
0
0
0
0
0
0
0
0
0
0
0
0
0
0
0
0
0
0
0
0
0
0
0
0
0
0
0
0
0
0
0
0
0
0
0
0
0
0
0
0
0
0
0
0
0
0
0
0
0
0
0
0
0
0
0
0
0
0
0
0
0
0
0
0
0
0
0
0
0
0
0
0
0
0
0
0
0
0
0
0
0
0
0
0
0
0
0
0
0
0
0
0
0
0
0
0
0
0
0
0
0
0
0
0
0
0
0
0
0
0
0
0
0
0
0
0
0
0
0
0
0
0
0
0
0
0
0
0
0
0
0
0
0
0
3133.69
3564.28
227.515
4.60412
0.0393778
0.000300165
1.38176e-06
4.76304e-09
1.42305e-11
3.9479e-14
1.03471e-16
2.66716e-19
6.14336e-22
1.19058e-24
2.00591e-27
3.01855e-30
4.15195e-33
5.29494e-36
6.26954e-39
6.91127e-42
7.12641e-45
6.89295e-48
6.27004e-51
5.37796e-54
4.36129e-57
3.35274e-60
2.44937e-63
1.70442e-66
1.13213e-69
7.19193e-73
4.37721e-76
2.55652e-79
1.43497e-82
7.75107e-86
4.03416e-89
2.02543e-92
9.82022e-96
4.6026e-99
2.08724e-102
9.1667e-106
3.90201e-109
1.61116e-112
6.45681e-116
2.5127e-119
9.49989e-123
3.48927e-126
1.24199e-129
4.27665e-133
1.43253e-136
4.69679e-140
1.50682e-143
4.72402e-147
1.44794e-150
4.34067e-154
1.27312e-157
3.65415e-161
0
0
0
0
0
0
0
0
0
0
0
0
0
0
0
0
0
0
0
0
0
0
0
0
0
0
0
0
0
0
0
0
0
0
0
0
0
0
0
0
0
0
0
0
0
0
0
0
0
0
0
0
0
0
0
0
0
0
0
0
0
0
0
0
0
0
0
0
0
0
0
0
0
0
0
0
0
0
0
0
0
0
0
0
0
0
0
0
0
0
0
0
0
0
0
0
0
0
0
0
0
0
0
0
0
0
0
0
0
0
0
0
0
0
0
0
0
0
0
0
0
0
0
0
0
0
0
0
0
0
0
0
0
0
0
0
0
0
0
0
0
0
0
0
0
0
0
0
0
0
0
0
0
0
0
0
0
0
0
0
0
0
0
0
0
0
0
0
0
0
0
0
0
0
0
0
0
0
0
0
0
0
0
0
0
0
0
0
0
0
0
0
0
0
0
0
0
0
0
0
0
0
0
0
0
0
0
0
0
0
0
0
0
0
0
0
0
0
0
0
0
0
0
0
0
0
0
0
0
0
0
0
0
0
0
0
0
0
0
0
0
0
0
0
0
0
0
0
0
0
0
0
0
0
0
0
0
0
0
0
0
0
0
0
0
0
0
0
0
0
0
0
0
0
0
0
0
0
0
0
0
0
0
0
0
0
0
0
0
0
0
0
0
0
0
0
0
0
0
0
0
0
0
0
0
0
0
0
0
0
0
0
0
0
0
0
0
0
0
0
0
0
0
0
0
0
0
0
0
0
0
0
0
0
0
0
0
0
0
0
0
0
0
0
150.763
150.635
3.71416
0.0429489
0.000208604
1.0073e-06
3.81949e-09
1.19879e-11
3.51169e-14
9.90881e-17
2.79846e-19
7.31262e-22
1.57677e-24
2.87174e-27
4.60274e-30
6.64372e-33
8.77135e-36
1.06889e-38
1.20886e-41
1.27508e-44
1.25967e-47
1.16952e-50
1.02342e-53
8.46391e-57
6.63227e-60
4.93593e-63
3.4968e-66
2.36307e-69
1.52626e-72
9.43848e-76
5.59766e-79
3.18859e-82
1.74696e-85
9.21757e-89
4.6894e-92
2.30286e-95
1.09274e-98
5.01521e-102
2.22832e-105
9.59306e-109
4.00477e-112
1.62246e-115
6.38337e-119
2.44054e-122
9.07261e-126
3.28022e-129
1.15331e-132
3.94423e-136
1.31343e-139
4.26409e-143
1.35084e-146
4.17868e-150
1.26299e-153
3.73184e-157
1.07829e-160
0
0
0
0
0
0
0
0
0
0
0
0
0
0
0
0
0
0
0
0
0
0
0
0
0
0
0
0
0
0
0
0
0
0
0
0
0
0
0
0
0
0
0
0
0
0
0
0
0
0
0
0
0
0
0
0
0
0
0
0
0
0
0
0
0
0
0
0
0
0
0
0
0
0
0
0
0
0
0
0
0
0
0
0
0
0
0
0
0
0
0
0
0
0
0
0
0
0
0
0
0
0
0
0
0
0
0
0
0
0
0
0
0
0
0
0
0
0
0
0
0
0
0
0
0
0
0
0
0
0
0
0
0
0
0
0
0
0
0
0
0
0
0
0
0
0
0
0
0
0
0
0
0
0
0
0
0
0
0
0
0
0
0
0
0
0
0
0
0
0
0
0
0
0
0
0
0
0
0
0
0
0
0
0
0
0
0
0
0
0
0
0
0
0
0
0
0
0
0
0
0
0
0
0
0
0
0
0
0
0
0
0
0
0
0
0
0
0
0
0
0
0
0
0
0
0
0
0
0
0
0
0
0
0
0
0
0
0
0
0
0
0
0
0
0
0
0
0
0
0
0
0
0
0
0
0
0
0
0
0
0
0
0
0
0
0
0
0
0
0
0
0
0
0
0
0
0
0
0
0
0
0
0
0
0
0
0
0
0
0
0
0
0
0
0
0
0
0
0
0
0
0
0
0
0
0
0
0
0
0
0
0
0
0
0
0
0
0
0
0
0
0
0
0
0
0
0
0
0
0
0
0
0
0
0
0
0
0
0
0
0
0
0
0
0
2.18213
1.99734
0.0363306
0.000188899
7.77761e-07
2.87661e-09
9.18508e-12
2.64899e-14
7.61215e-17
2.29744e-19
6.92512e-22
1.72323e-24
3.47037e-27
6.00309e-30
9.21043e-33
1.27725e-35
1.62131e-38
1.90003e-41
2.06852e-44
2.10264e-47
2.00409e-50
1.79743e-53
1.52162e-56
1.21917e-59
9.26871e-63
6.7015e-66
4.61799e-69
3.03893e-72
1.91324e-75
1.15433e-78
6.68463e-82
3.72081e-85
1.99337e-88
1.02911e-91
5.12583e-95
2.46579e-98
1.14676e-101
5.16094e-105
2.2496e-108
9.50529e-112
3.8963e-115
1.55057e-118
5.99501e-122
2.25338e-125
8.23936e-129
2.93226e-132
1.0161e-135
3.4297e-139
1.12816e-142
3.61865e-146
1.13254e-149
3.46065e-153
1.03302e-156
3.01401e-160
0
0
0
0
0
0
0
0
0
0
0
0
0
0
0
0
0
0
0
0
0
0
0
0
0
0
0
0
0
0
0
0
0
0
0
0
0
0
0
0
0
0
0
0
0
0
0
0
0
0
0
0
0
0
0
0
0
0
0
0
0
0
0
0
0
0
0
0
0
0
0
0
0
0
0
0
0
0
0
0
0
0
0
0
0
0
0
0
0
0
0
0
0
0
0
0
0
0
0
0
0
0
0
0
0
0
0
0
0
0
0
0
0
0
0
0
0
0
0
0
0
0
0
0
0
0
0
0
0
0
0
0
0
0
0
0
0
0
0
0
0
0
0
0
0
0
0
0
0
0
0
0
0
0
0
0
0
0
0
0
0
0
0
0
0
0
0
0
0
0
0
0
0
0
0
0
0
0
0
0
0
0
0
0
0
0
0
0
0
0
0
0
0
0
0
0
0
0
0
0
0
0
0
0
0
0
0
0
0
0
0
0
0
0
0
0
0
0
0
0
0
0
0
0
0
0
0
0
0
0
0
0
0
0
0
0
0
0
0
0
0
0
0
0
0
0
0
0
0
0
0
0
0
0
0
0
0
0
0
0
0
0
0
0
0
0
0
0
0
0
0
0
0
0
0
0
0
0
0
0
0
0
0
0
0
0
0
0
0
0
0
0
0
0
0
0
0
0
0
0
0
0
0
0
0
0
0
0
0
0
0
0
0
0
0
0
0
0
0
0
0
0
0
0
0
0
0
0
0
0
0
0
0
0
0
0
0
0
0
0
0
0
0
0
0
0
0.0103929
0.0102486
0.000124851
6.13982e-07
2.23576e-09
6.9884e-12
1.94621e-14
5.20989e-17
1.52025e-19
4.94703e-22
1.40562e-24
3.10657e-27
5.72423e-30
9.20067e-33
1.32291e-35
1.72827e-38
2.0737e-41
2.30301e-44
2.38144e-47
2.30403e-50
2.09412e-53
1.79418e-56
1.45337e-59
1.11607e-62
8.14437e-66
5.66035e-69
3.75436e-72
2.38097e-75
1.44628e-78
8.428e-82
4.71864e-85
2.54169e-88
1.31884e-91
6.59996e-95
3.18893e-98
1.4892e-101
6.72794e-105
2.94325e-108
1.24784e-111
5.13134e-115
2.04818e-118
7.94126e-122
2.99288e-125
1.09711e-128
3.91408e-132
1.35979e-135
4.60224e-139
1.51806e-142
4.88231e-146
1.53183e-149
4.69133e-153
1.40322e-156
4.10143e-160
0
0
0
0
0
0
0
0
0
0
0
0
0
0
0
0
0
0
0
0
0
0
0
0
0
0
0
0
0
0
0
0
0
0
0
0
0
0
0
0
0
0
0
0
0
0
0
0
0
0
0
0
0
0
0
0
0
0
0
0
0
0
0
0
0
0
0
0
0
0
0
0
0
0
0
0
0
0
0
0
0
0
0
0
0
0
0
0
0
0
0
0
0
0
0
0
0
0
0
0
0
0
0
0
0
0
0
0
0
0
0
0
0
0
0
0
0
0
0
0
0
0
0
0
0
0
0
0
0
0
0
0
0
0
0
0
0
0
0
0
0
0
0
0
0
0
0
0
0
0
0
0
0
0
0
0
0
0
0
0
0
0
0
0
0
0
0
0
0
0
0
0
0
0
0
0
0
0
0
0
0
0
0
0
0
0
0
0
0
0
0
0
0
0
0
0
0
0
0
0
0
0
0
0
0
0
0
0
0
0
0
0
0
0
0
0
0
0
0
0
0
0
0
0
0
0
0
0
0
0
0
0
0
0
0
0
0
0
0
0
0
0
0
0
0
0
0
0
0
0
0
0
0
0
0
0
0
0
0
0
0
0
0
0
0
0
0
0
0
0
0
0
0
0
0
0
0
0
0
0
0
0
0
0
0
0
0
0
0
0
0
0
0
0
0
0
0
0
0
0
0
0
0
0
0
0
0
0
0
0
0
0
0
0
0
0
0
0
0
0
0
0
0
0
0
0
0
0
0
0
0
0
0
0
0
0
0
0
0
0
0
0
0
0
0
0
0
0.000947822
0.000864542
3.06839e-06
9.34848e-09
2.28203e-11
4.58853e-14
7.90213e-17
1.21535e-19
1.71431e-22
2.22278e-25
2.68301e-28
3.03999e-31
3.20837e-34
3.0947e-37
7.26113e-56
1.92587e-56
3.76956e-59
4.66261e-62
4.47801e-65
3.63802e-68
2.62205e-71
1.7196e-74
1.04203e-77
5.89847e-81
3.14469e-84
1.58915e-87
7.65024e-91
3.52259e-94
1.55652e-97
6.61801e-101
2.71368e-104
1.07515e-107
4.12245e-111
1.53184e-114
5.52268e-118
1.93375e-121
6.58173e-125
2.17923e-128
7.02689e-132
2.21081e-135
6.80229e-139
2.04955e-142
6.00709e-146
1.49592e-149
0
0
0
0
0
0
0
0
0
0
0
0
0
0
0
0
0
0
0
0
0
0
0
0
0
0
0
0
0
0
0
0
0
0
0
0
0
0
0
0
0
0
0
0
0
0
0
0
0
0
0
0
0
0
0
0
0
0
0
0
0
0
0
0
0
0
0
0
0
0
0
0
0
0
0
0
0
0
0
0
0
0
0
0
0
0
0
0
0
0
0
0
0
0
0
0
0
0
0
0
0
0
0
0
0
0
0
0
0
0
0
0
0
0
0
0
0
0
0
0
0
0
0
0
0
0
0
0
0
0
0
0
0
0
0
0
0
0
0
0
0
0
0
0
0
0
0
0
0
0
0
0
0
0
0
0
0
0
0
0
0
0
0
0
0
0
0
0
0
0
0
0
0
0
0
0
0
0
0
0
0
0
0
0
0
0
0
0
0
0
0
0
0
0
0
0
0
0
0
0
0
0
0
0
0
0
0
0
0
0
0
0
0
0
0
0
0
0
0
0
0
0
0
0
0
0
0
0
0
0
0
0
0
0
0
0
0
0
0
0
0
0
0
0
0
0
0
0
0
0
0
0
0
0
0
0
0
0
0
0
0
0
0
0
0
0
0
0
0
0
0
0
0
0
0
0
0
0
0
0
0
0
0
0
0
0
0
0
0
0
0
0
0
0
0
0
0
0
0
0
0
0
0
0
0
0
0
0
0
0
0
0
0
0
0
0
0
0
0
0
0
0
0
0
0
0
0
0
0
0
0.632724
0.543624
0.000894848
2.19016e-06
5.39749e-09
1.13551e-11
2.0417e-14
3.23622e-17
4.73407e-20
6.64939e-23
8.90187e-26
1.12074e-28
1.31462e-31
1.40993e-34
1.36388e-52
3.23477e-53
6.13947e-56
7.47623e-59
7.16646e-62
5.8414e-65
4.23995e-68
2.8151e-71
1.7348e-74
1.00199e-77
5.46525e-81
2.83164e-84
1.40001e-87
6.62897e-91
3.01478e-94
1.32008e-97
5.57631e-101
2.2763e-104
8.99231e-108
3.44206e-111
1.27805e-114
4.60735e-118
1.61382e-121
5.49634e-125
1.82278e-128
5.89744e-132
1.86121e-135
5.73216e-139
1.72114e-142
4.22988e-146
6.81413e-161
8.85495e-162
0
0
0
0
0
0
0
0
0
0
0
0
0
0
0
0
0
0
0
0
0
0
0
0
0
0
0
0
0
0
0
0
0
0
0
0
0
0
0
0
0
0
0
0
0
0
0
0
0
0
0
0
0
0
0
0
0
0
0
0
0
0
0
0
0
0
0
0
0
0
0
0
0
0
0
0
0
0
0
0
0
0
0
0
0
0
0
0
0
0
0
0
0
0
0
0
0
0
0
0
0
0
0
0
0
0
0
0
0
0
0
0
0
0
0
0
0
0
0
0
0
0
0
0
0
0
0
0
0
0
0
0
0
0
0
0
0
0
0
0
0
0
0
0
0
0
0
0
0
0
0
0
0
0
0
0
0
0
0
0
0
0
0
0
0
0
0
0
0
0
0
0
0
0
0
0
0
0
0
0
0
0
0
0
0
0
0
0
0
0
0
0
0
0
0
0
0
0
0
0
0
0
0
0
0
0
0
0
0
0
0
0
0
0
0
0
0
0
0
0
0
0
0
0
0
0
0
0
0
0
0
0
0
0
0
0
0
0
0
0
0
0
0
0
0
0
0
0
0
0
0
0
0
0
0
0
0
0
0
0
0
0
0
0
0
0
0
0
0
0
0
0
0
0
0
0
0
0
0
0
0
0
0
0
0
0
0
0
0
0
0
0
0
0
0
0
0
0
0
0
0
0
0
0
0
0
0
0
0
0
0
0
0
0
0
0
0
0
0
0
0
0
0
0
0
0
0
0
17.0526
16.3603
0.103687
2.29658e-05
1.36003e-08
3.16206e-11
1.72769e-14
1.40096e-17
3.25067e-20
1.3307e-22
4.49608e-25
8.1759e-28
9.81146e-31
4.41958e-34
1.80587e-49
1.21605e-50
2.19046e-53
2.50391e-56
2.28118e-59
1.79848e-62
1.27737e-65
8.3657e-69
5.12486e-72
2.96409e-75
1.62905e-78
8.54756e-82
4.29671e-85
2.07482e-88
9.64507e-92
4.32381e-95
1.872e-98
7.8375e-102
3.17663e-105
1.2477e-108
4.75342e-112
1.75802e-115
6.31675e-119
2.20662e-122
7.49939e-126
2.48171e-129
8.00298e-133
2.51466e-136
7.65678e-140
7.78802e-144
2.71592e-157
8.6902e-159
5.55505e-162
0
0
0
0
0
0
0
0
0
0
0
0
0
0
0
0
0
0
0
0
0
0
0
0
0
0
0
0
0
0
0
0
0
0
0
0
0
0
0
0
0
0
0
0
0
0
0
0
0
0
0
0
0
0
0
0
0
0
0
0
0
0
0
0
0
0
0
0
0
0
0
0
0
0
0
0
0
0
0
0
0
0
0
0
0
0
0
0
0
0
0
0
0
0
0
0
0
0
0
0
0
0
0
0
0
0
0
0
0
0
0
0
0
0
0
0
0
0
0
0
0
0
0
0
0
0
0
0
0
0
0
0
0
0
0
0
0
0
0
0
0
0
0
0
0
0
0
0
0
0
0
0
0
0
0
0
0
0
0
0
0
0
0
0
0
0
0
0
0
0
0
0
0
0
0
0
0
0
0
0
0
0
0
0
0
0
0
0
0
0
0
0
0
0
0
0
0
0
0
0
0
0
0
0
0
0
0
0
0
0
0
0
0
0
0
0
0
0
0
0
0
0
0
0
0
0
0
0
0
0
0
0
0
0
0
0
0
0
0
0
0
0
0
0
0
0
0
0
0
0
0
0
0
0
0
0
0
0
0
0
0
0
0
0
0
0
0
0
0
0
0
0
0
0
0
0
0
0
0
0
0
0
0
0
0
0
0
0
0
0
0
0
0
0
0
0
0
0
0
0
0
0
0
0
0
0
0
0
0
0
0
0
0
0
0
0
0
0
0
0
0
0
0
0
0
0
0
2187.46
2327.69
23.3722
0.150857
8.69176e-05
2.95479e-07
1.72481e-10
1.00136e-13
9.75455e-17
1.91141e-19
5.72342e-22
1.28832e-24
1.8342e-27
1.35035e-30
3.85937e-45
6.30167e-47
1.06462e-49
1.20688e-52
1.1154e-55
9.01897e-59
6.60749e-62
4.47527e-65
2.83807e-68
1.6996e-71
9.66911e-75
5.24859e-78
2.72743e-81
1.36033e-84
6.52563e-88
3.0161e-91
1.34512e-94
5.79596e-98
2.41571e-101
9.74914e-105
3.81334e-108
1.44692e-111
5.33011e-115
1.90773e-118
6.63891e-122
2.24789e-125
7.41027e-129
2.3798e-132
7.42334e-136
1.11615e-139
1.84288e-152
1.25599e-154
7.23636e-158
2.87375e-161
0
0
0
0
0
0
0
0
0
0
0
0
0
0
0
0
0
0
0
0
0
0
0
0
0
0
0
0
0
0
0
0
0
0
0
0
0
0
0
0
0
0
0
0
0
0
0
0
0
0
0
0
0
0
0
0
0
0
0
0
0
0
0
0
0
0
0
0
0
0
0
0
0
0
0
0
0
0
0
0
0
0
0
0
0
0
0
0
0
0
0
0
0
0
0
0
0
0
0
0
0
0
0
0
0
0
0
0
0
0
0
0
0
0
0
0
0
0
0
0
0
0
0
0
0
0
0
0
0
0
0
0
0
0
0
0
0
0
0
0
0
0
0
0
0
0
0
0
0
0
0
0
0
0
0
0
0
0
0
0
0
0
0
0
0
0
0
0
0
0
0
0
0
0
0
0
0
0
0
0
0
0
0
0
0
0
0
0
0
0
0
0
0
0
0
0
0
0
0
0
0
0
0
0
0
0
0
0
0
0
0
0
0
0
0
0
0
0
0
0
0
0
0
0
0
0
0
0
0
0
0
0
0
0
0
0
0
0
0
0
0
0
0
0
0
0
0
0
0
0
0
0
0
0
0
0
0
0
0
0
0
0
0
0
0
0
0
0
0
0
0
0
0
0
0
0
0
0
0
0
0
0
0
0
0
0
0
0
0
0
0
0
0
0
0
0
0
0
0
0
0
0
0
0
0
0
0
0
0
0
0
0
0
0
0
0
0
0
0
0
0
0
0
0
0
0
3332.29
3430.74
2494.44
44.157
0.423826
0.00184722
1.2639e-06
7.02373e-10
5.31591e-13
5.73965e-16
9.62993e-19
2.08351e-21
3.48786e-24
3.35454e-27
6.88813e-41
3.94917e-43
6.21434e-46
6.98553e-49
6.54947e-52
5.43166e-55
4.10485e-58
2.87644e-61
1.88987e-64
1.17303e-67
6.91557e-71
3.88806e-74
2.09107e-77
1.07847e-80
5.34488e-84
2.54978e-87
1.1726e-90
5.20537e-94
2.23316e-97
9.26876e-101
3.72551e-104
1.45147e-107
5.48611e-111
2.01326e-114
7.17867e-118
2.4889e-121
8.39629e-125
2.75779e-128
8.80305e-132
1.57984e-135
1.12195e-147
2.33105e-150
1.19523e-153
4.51079e-157
1.4641e-160
0
0
0
0
0
0
0
0
0
0
0
0
0
0
0
0
0
0
0
0
0
0
0
0
0
0
0
0
0
0
0
0
0
0
0
0
0
0
0
0
0
0
0
0
0
0
0
0
0
0
0
0
0
0
0
0
0
0
0
0
0
0
0
0
0
0
0
0
0
0
0
0
0
0
0
0
0
0
0
0
0
0
0
0
0
0
0
0
0
0
0
0
0
0
0
0
0
0
0
0
0
0
0
0
0
0
0
0
0
0
0
0
0
0
0
0
0
0
0
0
0
0
0
0
0
0
0
0
0
0
0
0
0
0
0
0
0
0
0
0
0
0
0
0
0
0
0
0
0
0
0
0
0
0
0
0
0
0
0
0
0
0
0
0
0
0
0
0
0
0
0
0
0
0
0
0
0
0
0
0
0
0
0
0
0
0
0
0
0
0
0
0
0
0
0
0
0
0
0
0
0
0
0
0
0
0
0
0
0
0
0
0
0
0
0
0
0
0
0
0
0
0
0
0
0
0
0
0
0
0
0
0
0
0
0
0
0
0
0
0
0
0
0
0
0
0
0
0
0
0
0
0
0
0
0
0
0
0
0
0
0
0
0
0
0
0
0
0
0
0
0
0
0
0
0
0
0
0
0
0
0
0
0
0
0
0
0
0
0
0
0
0
0
0
0
0
0
0
0
0
0
0
0
0
0
0
0
0
0
0
0
0
0
0
0
0
0
0
0
0
0
0
0
0
0
3262.88
3451.44
3387.12
2660
73.7106
0.674558
0.00307815
2.11128e-06
1.6235e-09
1.57255e-12
1.67367e-15
2.34608e-18
3.92227e-21
5.0755e-24
6.31725e-37
1.67123e-39
2.44624e-42
2.74437e-45
2.62588e-48
2.24502e-51
1.75784e-54
1.27928e-57
8.737e-61
5.63735e-64
3.45322e-67
2.01568e-70
1.12445e-73
6.00926e-77
3.08269e-80
1.52061e-83
7.22333e-87
3.30885e-90
1.46341e-93
6.25592e-97
2.5876e-100
1.03658e-103
4.02528e-107
1.5165e-110
5.54741e-114
1.9718e-117
6.81508e-121
2.29196e-124
7.49491e-128
1.70973e-131
3.7442e-143
3.11809e-146
1.41108e-149
5.07223e-153
1.61093e-156
4.72778e-160
0
0
0
0
0
0
0
0
0
0
0
0
0
0
0
0
0
0
0
0
0
0
0
0
0
0
0
0
0
0
0
0
0
0
0
0
0
0
0
0
0
0
0
0
0
0
0
0
0
0
0
0
0
0
0
0
0
0
0
0
0
0
0
0
0
0
0
0
0
0
0
0
0
0
0
0
0
0
0
0
0
0
0
0
0
0
0
0
0
0
0
0
0
0
0
0
0
0
0
0
0
0
0
0
0
0
0
0
0
0
0
0
0
0
0
0
0
0
0
0
0
0
0
0
0
0
0
0
0
0
0
0
0
0
0
0
0
0
0
0
0
0
0
0
0
0
0
0
0
0
0
0
0
0
0
0
0
0
0
0
0
0
0
0
0
0
0
0
0
0
0
0
0
0
0
0
0
0
0
0
0
0
0
0
0
0
0
0
0
0
0
0
0
0
0
0
0
0
0
0
0
0
0
0
0
0
0
0
0
0
0
0
0
0
0
0
0
0
0
0
0
0
0
0
0
0
0
0
0
0
0
0
0
0
0
0
0
0
0
0
0
0
0
0
0
0
0
0
0
0
0
0
0
0
0
0
0
0
0
0
0
0
0
0
0
0
0
0
0
0
0
0
0
0
0
0
0
0
0
0
0
0
0
0
0
0
0
0
0
0
0
0
0
0
0
0
0
0
0
0
0
0
0
0
0
0
0
0
0
0
0
0
0
0
0
0
0
0
0
0
0
0
0
0
3180.51
3400.94
3391.65
3326.62
2822.24
100.333
0.569143
0.00121564
1.9771e-06
2.49269e-09
2.65644e-12
2.79518e-15
3.61163e-18
5.08443e-21
3.30094e-33
5.45204e-36
7.49645e-39
8.50636e-42
8.38635e-45
7.44718e-48
6.07841e-51
4.6176e-54
3.29255e-57
2.21691e-60
1.41584e-63
8.60717e-67
4.99473e-70
2.77327e-73
1.4763e-76
7.54779e-80
3.71195e-83
1.75844e-86
8.03432e-90
3.54467e-93
1.51174e-96
6.23866e-100
2.49361e-103
9.66218e-107
3.6324e-110
1.32595e-113
4.70324e-117
1.62223e-120
5.44218e-124
1.59506e-127
7.63145e-139
3.48349e-142
1.39595e-145
4.8256e-149
1.51004e-152
4.42108e-156
1.23289e-159
0
0
0
0
0
0
0
0
0
0
0
0
0
0
0
0
0
0
0
0
0
0
0
0
0
0
0
0
0
0
0
0
0
0
0
0
0
0
0
0
0
0
0
0
0
0
0
0
0
0
0
0
0
0
0
0
0
0
0
0
0
0
0
0
0
0
0
0
0
0
0
0
0
0
0
0
0
0
0
0
0
0
0
0
0
0
0
0
0
0
0
0
0
0
0
0
0
0
0
0
0
0
0
0
0
0
0
0
0
0
0
0
0
0
0
0
0
0
0
0
0
0
0
0
0
0
0
0
0
0
0
0
0
0
0
0
0
0
0
0
0
0
0
0
0
0
0
0
0
0
0
0
0
0
0
0
0
0
0
0
0
0
0
0
0
0
0
0
0
0
0
0
0
0
0
0
0
0
0
0
0
0
0
0
0
0
0
0
0
0
0
0
0
0
0
0
0
0
0
0
0
0
0
0
0
0
0
0
0
0
0
0
0
0
0
0
0
0
0
0
0
0
0
0
0
0
0
0
0
0
0
0
0
0
0
0
0
0
0
0
0
0
0
0
0
0
0
0
0
0
0
0
0
0
0
0
0
0
0
0
0
0
0
0
0
0
0
0
0
0
0
0
0
0
0
0
0
0
0
0
0
0
0
0
0
0
0
0
0
0
0
0
0
0
0
0
0
0
0
0
0
0
0
0
0
0
0
0
0
0
0
0
0
0
0
0
0
0
0
0
0
0
0
3146.71
3399.23
3343.39
3328.32
3000.62
144.719
1.22998
0.00402607
9.81585e-06
1.82841e-08
2.78799e-11
3.81806e-14
5.51712e-17
8.8495e-20
6.49938e-30
9.08036e-33
1.14187e-35
1.29526e-38
1.30504e-41
1.19794e-44
1.01679e-47
8.0565e-51
5.9989e-54
4.21846e-57
2.81237e-60
1.78315e-63
1.07806e-66
6.22895e-70
3.44637e-73
1.82913e-76
9.32724e-80
4.57625e-83
2.16317e-86
9.86339e-90
4.3432e-93
1.84885e-96
7.61616e-100
3.0389e-103
1.17552e-106
4.4119e-110
1.60785e-113
5.69388e-117
1.9606e-120
6.5502e-124
6.09461e-135
2.14101e-138
7.33448e-142
2.39953e-145
7.30995e-149
2.1183e-152
5.90687e-156
1.59578e-159
0
0
0
0
0
0
0
0
0
0
0
0
0
0
0
0
0
0
0
0
0
0
0
0
0
0
0
0
0
0
0
0
0
0
0
0
0
0
0
0
0
0
0
0
0
0
0
0
0
0
0
0
0
0
0
0
0
0
0
0
0
0
0
0
0
0
0
0
0
0
0
0
0
0
0
0
0
0
0
0
0
0
0
0
0
0
0
0
0
0
0
0
0
0
0
0
0
0
0
0
0
0
0
0
0
0
0
0
0
0
0
0
0
0
0
0
0
0
0
0
0
0
0
0
0
0
0
0
0
0
0
0
0
0
0
0
0
0
0
0
0
0
0
0
0
0
0
0
0
0
0
0
0
0
0
0
0
0
0
0
0
0
0
0
0
0
0
0
0
0
0
0
0
0
0
0
0
0
0
0
0
0
0
0
0
0
0
0
0
0
0
0
0
0
0
0
0
0
0
0
0
0
0
0
0
0
0
0
0
0
0
0
0
0
0
0
0
0
0
0
0
0
0
0
0
0
0
0
0
0
0
0
0
0
0
0
0
0
0
0
0
0
0
0
0
0
0
0
0
0
0
0
0
0
0
0
0
0
0
0
0
0
0
0
0
0
0
0
0
0
0
0
0
0
0
0
0
0
0
0
0
0
0
0
0
0
0
0
0
0
0
0
0
0
0
0
0
0
0
0
0
0
0
0
0
0
0
0
0
0
0
0
0
0
0
0
0
0
0
0
0
0
3138.96
3368.44
3303.73
3276.53
3211.56
200.72
2.57329
0.0133729
5.02784e-05
1.4358e-07
3.32063e-10
6.63962e-13
1.25597e-15
2.45594e-18
4.68081e-21
6.96871e-24
7.91287e-27
9.17728e-30
1.09323e-32
1.19937e-35
1.21432e-38
1.14272e-41
1.00494e-44
8.29565e-48
6.45201e-51
4.7434e-54
3.30583e-57
2.18968e-60
1.38161e-63
8.32154e-67
4.79355e-70
2.64547e-73
1.40099e-76
7.13013e-80
3.49208e-83
1.64798e-86
7.5027e-90
3.29889e-93
1.40235e-96
5.7692e-100
2.29905e-103
8.88261e-107
3.32979e-110
1.21204e-113
4.28708e-117
1.47464e-120
4.89666e-124
1.37311e-127
3.21819e-131
8.62118e-135
2.6014e-138
7.72954e-142
2.24188e-145
6.35414e-149
1.76136e-152
4.77633e-156
1.26787e-159
0
0
0
0
0
0
0
0
0
0
0
0
0
0
0
0
0
0
0
0
0
0
0
0
0
0
0
0
0
0
0
0
0
0
0
0
0
0
0
0
0
0
0
0
0
0
0
0
0
0
0
0
0
0
0
0
0
0
0
0
0
0
0
0
0
0
0
0
0
0
0
0
0
0
0
0
0
0
0
0
0
0
0
0
0
0
0
0
0
0
0
0
0
0
0
0
0
0
0
0
0
0
0
0
0
0
0
0
0
0
0
0
0
0
0
0
0
0
0
0
0
0
0
0
0
0
0
0
0
0
0
0
0
0
0
0
0
0
0
0
0
0
0
0
0
0
0
0
0
0
0
0
0
0
0
0
0
0
0
0
0
0
0
0
0
0
0
0
0
0
0
0
0
0
0
0
0
0
0
0
0
0
0
0
0
0
0
0
0
0
0
0
0
0
0
0
0
0
0
0
0
0
0
0
0
0
0
0
0
0
0
0
0
0
0
0
0
0
0
0
0
0
0
0
0
0
0
0
0
0
0
0
0
0
0
0
0
0
0
0
0
0
0
0
0
0
0
0
0
0
0
0
0
0
0
0
0
0
0
0
0
0
0
0
0
0
0
0
0
0
0
0
0
0
0
0
0
0
0
0
0
0
0
0
0
0
0
0
0
0
0
0
0
0
0
0
0
0
0
0
0
0
0
0
0
0
0
0
0
0
0
0
0
0
0
0
0
0
0
0
0
0
0
0
0
0
0
0
0
0
0
0
0
0
0
0
0
0
0
0
0
0
0
3147.17
3310.75
3283.1
3185.62
3332.01
214.678
3.06191
0.0188561
8.17295e-05
2.69342e-07
7.18526e-10
1.6335e-12
3.37368e-15
6.84593e-18
1.34415e-20
2.40349e-23
3.85316e-26
5.50255e-29
7.2129e-32
8.90895e-35
1.02714e-37
1.10043e-40
1.09711e-43
1.0195e-46
8.87007e-50
7.26676e-53
5.62741e-56
4.13218e-59
2.88481e-62
1.91936e-65
1.21962e-68
7.41572e-72
4.32221e-75
2.41864e-78
1.30131e-81
6.74091e-85
3.36603e-88
1.62209e-91
7.55184e-95
3.40002e-98
1.48172e-101
6.2559e-105
2.55454e-108
1.00769e-111
3.8479e-115
1.41527e-118
4.94611e-122
1.67975e-125
5.62729e-129
1.80593e-132
5.65397e-136
1.77414e-139
5.51714e-143
1.69321e-146
5.12641e-150
1.5193e-153
4.38438e-157
1.23362e-160
0
0
0
0
0
0
0
0
0
0
0
0
0
0
0
0
0
0
0
0
0
0
0
0
0
0
0
0
0
0
0
0
0
0
0
0
0
0
0
0
0
0
0
0
0
0
0
0
0
0
0
0
0
0
0
0
0
0
0
0
0
0
0
0
0
0
0
0
0
0
0
0
0
0
0
0
0
0
0
0
0
0
0
0
0
0
0
0
0
0
0
0
0
0
0
0
0
0
0
0
0
0
0
0
0
0
0
0
0
0
0
0
0
0
0
0
0
0
0
0
0
0
0
0
0
0
0
0
0
0
0
0
0
0
0
0
0
0
0
0
0
0
0
0
0
0
0
0
0
0
0
0
0
0
0
0
0
0
0
0
0
0
0
0
0
0
0
0
0
0
0
0
0
0
0
0
0
0
0
0
0
0
0
0
0
0
0
0
0
0
0
0
0
0
0
0
0
0
0
0
0
0
0
0
0
0
0
0
0
0
0
0
0
0
0
0
0
0
0
0
0
0
0
0
0
0
0
0
0
0
0
0
0
0
0
0
0
0
0
0
0
0
0
0
0
0
0
0
0
0
0
0
0
0
0
0
0
0
0
0
0
0
0
0
0
0
0
0
0
0
0
0
0
0
0
0
0
0
0
0
0
0
0
0
0
0
0
0
0
0
0
0
0
0
0
0
0
0
0
0
0
0
0
0
0
0
0
0
0
0
0
0
0
0
0
0
0
0
0
0
0
0
0
0
0
0
0
0
0
0
0
0
0
0
0
0
0
0
0
0
0
0
3179
3314.81
3222.99
3341.3
287.756
5.37743
0.0745168
0.000310957
1.03839e-06
2.92202e-09
7.15748e-12
1.60994e-14
3.59471e-17
7.69147e-20
1.45135e-22
2.41563e-25
3.62679e-28
4.9714e-31
6.32994e-34
7.58089e-37
8.63844e-40
9.34337e-43
9.42042e-46
8.8124e-49
7.70407e-52
6.3312e-55
4.91374e-58
3.61525e-61
2.52947e-64
1.68747e-67
1.07585e-70
6.56804e-74
3.8464e-77
2.16415e-80
1.17152e-83
6.10951e-87
3.07305e-90
1.49251e-93
7.00632e-97
3.18203e-100
1.39942e-103
5.96464e-107
2.46551e-110
9.79612e-114
3.70604e-117
1.34424e-120
4.69911e-124
1.58512e-127
5.18577e-131
1.65653e-134
5.20636e-138
1.61498e-141
5.00167e-145
1.56059e-148
4.82562e-152
1.4576e-155
4.30028e-159
0
0
0
0
0
0
0
0
0
0
0
0
0
0
0
0
0
0
0
0
0
0
0
0
0
0
0
0
0
0
0
0
0
0
0
0
0
0
0
0
0
0
0
0
0
0
0
0
0
0
0
0
0
0
0
0
0
0
0
0
0
0
0
0
0
0
0
0
0
0
0
0
0
0
0
0
0
0
0
0
0
0
0
0
0
0
0
0
0
0
0
0
0
0
0
0
0
0
0
0
0
0
0
0
0
0
0
0
0
0
0
0
0
0
0
0
0
0
0
0
0
0
0
0
0
0
0
0
0
0
0
0
0
0
0
0
0
0
0
0
0
0
0
0
0
0
0
0
0
0
0
0
0
0
0
0
0
0
0
0
0
0
0
0
0
0
0
0
0
0
0
0
0
0
0
0
0
0
0
0
0
0
0
0
0
0
0
0
0
0
0
0
0
0
0
0
0
0
0
0
0
0
0
0
0
0
0
0
0
0
0
0
0
0
0
0
0
0
0
0
0
0
0
0
0
0
0
0
0
0
0
0
0
0
0
0
0
0
0
0
0
0
0
0
0
0
0
0
0
0
0
0
0
0
0
0
0
0
0
0
0
0
0
0
0
0
0
0
0
0
0
0
0
0
0
0
0
0
0
0
0
0
0
0
0
0
0
0
0
0
0
0
0
0
0
0
0
0
0
0
0
0
0
0
0
0
0
0
0
0
0
0
0
0
0
0
0
0
0
0
0
0
0
0
0
0
0
0
0
0
0
0
0
0
0
0
0
0
0
0
0
0
0
3283.59
3311.81
3380.54
260.876
5.52702
0.0746059
0.000403685
1.54501e-06
4.79371e-09
1.33193e-11
3.37113e-14
8.12456e-17
1.90495e-19
3.97134e-22
7.11921e-25
1.12216e-27
1.60132e-30
2.12915e-33
2.65285e-36
3.0792e-39
3.3439e-42
3.40227e-45
3.24048e-48
2.89789e-51
2.44142e-54
1.94408e-57
1.46763e-60
1.05326e-63
7.20342e-67
4.70519e-70
2.94105e-73
1.76229e-76
1.0139e-79
5.60893e-83
2.9875e-86
1.53394e-89
7.60093e-93
3.63867e-96
1.68445e-99
7.54771e-103
3.27631e-106
1.37887e-109
5.6293e-113
2.22628e-116
8.53083e-120
3.17211e-123
1.13794e-126
3.89533e-130
1.28425e-133
4.19363e-137
1.3639e-140
4.35674e-144
1.36076e-147
4.16058e-151
1.24423e-154
3.64029e-158
1.05386e-161
0
0
0
0
0
0
0
0
0
0
0
0
0
0
0
0
0
0
0
0
0
0
0
0
0
0
0
0
0
0
0
0
0
0
0
0
0
0
0
0
0
0
0
0
0
0
0
0
0
0
0
0
0
0
0
0
0
0
0
0
0
0
0
0
0
0
0
0
0
0
0
0
0
0
0
0
0
0
0
0
0
0
0
0
0
0
0
0
0
0
0
0
0
0
0
0
0
0
0
0
0
0
0
0
0
0
0
0
0
0
0
0
0
0
0
0
0
0
0
0
0
0
0
0
0
0
0
0
0
0
0
0
0
0
0
0
0
0
0
0
0
0
0
0
0
0
0
0
0
0
0
0
0
0
0
0
0
0
0
0
0
0
0
0
0
0
0
0
0
0
0
0
0
0
0
0
0
0
0
0
0
0
0
0
0
0
0
0
0
0
0
0
0
0
0
0
0
0
0
0
0
0
0
0
0
0
0
0
0
0
0
0
0
0
0
0
0
0
0
0
0
0
0
0
0
0
0
0
0
0
0
0
0
0
0
0
0
0
0
0
0
0
0
0
0
0
0
0
0
0
0
0
0
0
0
0
0
0
0
0
0
0
0
0
0
0
0
0
0
0
0
0
0
0
0
0
0
0
0
0
0
0
0
0
0
0
0
0
0
0
0
0
0
0
0
0
0
0
0
0
0
0
0
0
0
0
0
0
0
0
0
0
0
0
0
0
0
0
0
0
0
0
0
0
0
0
0
0
0
0
0
0
0
0
0
0
0
0
0
0
0
0
0
3133.63
3564.32
227.517
4.60416
0.0393779
0.000300152
1.38171e-06
4.76306e-09
1.42324e-11
3.94898e-14
1.03472e-16
2.66693e-19
6.14315e-22
1.19065e-24
2.00605e-27
3.01882e-30
4.15239e-33
5.29561e-36
6.27048e-39
6.91247e-42
7.12783e-45
6.89452e-48
6.27165e-51
5.37952e-54
4.36269e-57
3.35394e-60
2.45032e-63
1.70515e-66
1.13265e-69
7.19558e-73
4.37961e-76
2.55804e-79
1.43588e-82
7.75638e-86
4.03711e-89
2.02701e-92
9.82842e-96
4.60669e-99
2.08921e-102
9.17587e-106
3.90614e-109
1.61296e-112
6.46444e-116
2.51583e-119
9.51234e-123
3.49408e-126
1.24379e-129
4.28313e-133
1.4348e-136
4.70458e-140
1.50944e-143
4.73258e-147
1.45068e-150
4.34923e-154
1.27573e-157
3.67029e-161
0
0
0
0
0
0
0
0
0
0
0
0
0
0
0
0
0
0
0
0
0
0
0
0
0
0
0
0
0
0
0
0
0
0
0
0
0
0
0
0
0
0
0
0
0
0
0
0
0
0
0
0
0
0
0
0
0
0
0
0
0
0
0
0
0
0
0
0
0
0
0
0
0
0
0
0
0
0
0
0
0
0
0
0
0
0
0
0
0
0
0
0
0
0
0
0
0
0
0
0
0
0
0
0
0
0
0
0
0
0
0
0
0
0
0
0
0
0
0
0
0
0
0
0
0
0
0
0
0
0
0
0
0
0
0
0
0
0
0
0
0
0
0
0
0
0
0
0
0
0
0
0
0
0
0
0
0
0
0
0
0
0
0
0
0
0
0
0
0
0
0
0
0
0
0
0
0
0
0
0
0
0
0
0
0
0
0
0
0
0
0
0
0
0
0
0
0
0
0
0
0
0
0
0
0
0
0
0
0
0
0
0
0
0
0
0
0
0
0
0
0
0
0
0
0
0
0
0
0
0
0
0
0
0
0
0
0
0
0
0
0
0
0
0
0
0
0
0
0
0
0
0
0
0
0
0
0
0
0
0
0
0
0
0
0
0
0
0
0
0
0
0
0
0
0
0
0
0
0
0
0
0
0
0
0
0
0
0
0
0
0
0
0
0
0
0
0
0
0
0
0
0
0
0
0
0
0
0
0
0
0
0
0
0
0
0
0
0
0
0
0
0
0
0
0
0
0
0
0
0
0
0
0
0
0
0
0
0
0
0
0
0
0
0
150.765
150.641
3.71423
0.0429478
0.000208602
1.00729e-06
3.81943e-09
1.19879e-11
3.5122e-14
9.90873e-17
2.79811e-19
7.31196e-22
1.57683e-24
2.87195e-27
4.60316e-30
6.64447e-33
8.77254e-36
1.06906e-38
1.20908e-41
1.27535e-44
1.25998e-47
1.16983e-50
1.02373e-53
8.46674e-57
6.63472e-60
4.93794e-63
3.49835e-66
2.36422e-69
1.52707e-72
9.44385e-76
5.6011e-79
3.1907e-82
1.7482e-85
9.22456e-89
4.6932e-92
2.30485e-95
1.09374e-98
5.0201e-102
2.23062e-105
9.60353e-109
4.00939e-112
1.62443e-115
6.39156e-119
2.44383e-122
9.08547e-126
3.2851e-129
1.15511e-132
3.95068e-136
1.31568e-139
4.27171e-143
1.35336e-146
4.18682e-150
1.26555e-153
3.73973e-157
1.08119e-160
0
0
0
0
0
0
0
0
0
0
0
0
0
0
0
0
0
0
0
0
0
0
0
0
0
0
0
0
0
0
0
0
0
0
0
0
0
0
0
0
0
0
0
0
0
0
0
0
0
0
0
0
0
0
0
0
0
0
0
0
0
0
0
0
0
0
0
0
0
0
0
0
0
0
0
0
0
0
0
0
0
0
0
0
0
0
0
0
0
0
0
0
0
0
0
0
0
0
0
0
0
0
0
0
0
0
0
0
0
0
0
0
0
0
0
0
0
0
0
0
0
0
0
0
0
0
0
0
0
0
0
0
0
0
0
0
0
0
0
0
0
0
0
0
0
0
0
0
0
0
0
0
0
0
0
0
0
0
0
0
0
0
0
0
0
0
0
0
0
0
0
0
0
0
0
0
0
0
0
0
0
0
0
0
0
0
0
0
0
0
0
0
0
0
0
0
0
0
0
0
0
0
0
0
0
0
0
0
0
0
0
0
0
0
0
0
0
0
0
0
0
0
0
0
0
0
0
0
0
0
0
0
0
0
0
0
0
0
0
0
0
0
0
0
0
0
0
0
0
0
0
0
0
0
0
0
0
0
0
0
0
0
0
0
0
0
0
0
0
0
0
0
0
0
0
0
0
0
0
0
0
0
0
0
0
0
0
0
0
0
0
0
0
0
0
0
0
0
0
0
0
0
0
0
0
0
0
0
0
0
0
0
0
0
0
0
0
0
0
0
0
0
0
0
0
0
0
0
0
0
0
0
0
0
0
0
0
0
0
0
0
0
0
0
0
2.18284
1.99732
0.0363281
0.000188887
7.77749e-07
2.87656e-09
9.18499e-12
2.64894e-14
7.61212e-17
2.29725e-19
6.92447e-22
1.72328e-24
3.47061e-27
6.00366e-30
9.2115e-33
1.27743e-35
1.62158e-38
1.9004e-41
2.06897e-44
2.10316e-47
2.00464e-50
1.79799e-53
1.52214e-56
1.21964e-59
9.27259e-63
6.70457e-66
4.62029e-69
3.04057e-72
1.91436e-75
1.15506e-78
6.68918e-82
3.72353e-85
1.99492e-88
1.02997e-91
5.13038e-95
2.46811e-98
1.14791e-101
5.16641e-105
2.25212e-108
9.51654e-112
3.90117e-115
1.55261e-118
6.00331e-122
2.25665e-125
8.25193e-129
2.93695e-132
1.0178e-135
3.43571e-139
1.13023e-142
3.62556e-146
1.1348e-149
3.46785e-153
1.03526e-156
3.02093e-160
0
0
0
0
0
0
0
0
0
0
0
0
0
0
0
0
0
0
0
0
0
0
0
0
0
0
0
0
0
0
0
0
0
0
0
0
0
0
0
0
0
0
0
0
0
0
0
0
0
0
0
0
0
0
0
0
0
0
0
0
0
0
0
0
0
0
0
0
0
0
0
0
0
0
0
0
0
0
0
0
0
0
0
0
0
0
0
0
0
0
0
0
0
0
0
0
0
0
0
0
0
0
0
0
0
0
0
0
0
0
0
0
0
0
0
0
0
0
0
0
0
0
0
0
0
0
0
0
0
0
0
0
0
0
0
0
0
0
0
0
0
0
0
0
0
0
0
0
0
0
0
0
0
0
0
0
0
0
0
0
0
0
0
0
0
0
0
0
0
0
0
0
0
0
0
0
0
0
0
0
0
0
0
0
0
0
0
0
0
0
0
0
0
0
0
0
0
0
0
0
0
0
0
0
0
0
0
0
0
0
0
0
0
0
0
0
0
0
0
0
0
0
0
0
0
0
0
0
0
0
0
0
0
0
0
0
0
0
0
0
0
0
0
0
0
0
0
0
0
0
0
0
0
0
0
0
0
0
0
0
0
0
0
0
0
0
0
0
0
0
0
0
0
0
0
0
0
0
0
0
0
0
0
0
0
0
0
0
0
0
0
0
0
0
0
0
0
0
0
0
0
0
0
0
0
0
0
0
0
0
0
0
0
0
0
0
0
0
0
0
0
0
0
0
0
0
0
0
0
0
0
0
0
0
0
0
0
0
0
0
0
0
0
0
0
0
0.0103936
0.0102484
0.000124848
6.14011e-07
2.23583e-09
6.98828e-12
1.94621e-14
5.20977e-17
1.52022e-19
4.94674e-22
1.40566e-24
3.10677e-27
5.72475e-30
9.20173e-33
1.32309e-35
1.72855e-38
2.07409e-41
2.30351e-44
2.38203e-47
2.30467e-50
2.09476e-53
1.79479e-56
1.45392e-59
1.11653e-62
8.14808e-66
5.66316e-69
3.75638e-72
2.38236e-75
1.44719e-78
8.43371e-82
4.72207e-85
2.54366e-88
1.31994e-91
6.60579e-95
3.19193e-98
1.49068e-101
6.73505e-105
2.94654e-108
1.24932e-111
5.13773e-115
2.05087e-118
7.95222e-122
2.99722e-125
1.09877e-128
3.92033e-132
1.36206e-135
4.61029e-139
1.52083e-142
4.89163e-146
1.53488e-149
4.70107e-153
1.40625e-156
4.11074e-160
0
0
0
0
0
0
0
0
0
0
0
0
0
0
0
0
0
0
0
0
0
0
0
0
0
0
0
0
0
0
0
0
0
0
0
0
0
0
0
0
0
0
0
0
0
0
0
0
0
0
0
0
0
0
0
0
0
0
0
0
0
0
0
0
0
0
0
0
0
0
0
0
0
0
0
0
0
0
0
0
0
0
0
0
0
0
0
0
0
0
0
0
0
0
0
0
0
0
0
0
0
0
0
0
0
0
0
0
0
0
0
0
0
0
0
0
0
0
0
0
0
0
0
0
0
0
0
0
0
0
0
0
0
0
0
0
0
0
0
0
0
0
0
0
0
0
0
0
0
0
0
0
0
0
0
0
0
0
0
0
0
0
0
0
0
0
0
0
0
0
0
0
0
0
0
0
0
0
0
0
0
0
0
0
0
0
0
0
0
0
0
0
0
0
0
0
0
0
0
0
0
0
0
0
0
0
0
0
0
0
0
0
0
0
0
0
0
0
0
0
0
0
0
0
0
0
0
0
0
0
0
0
0
0
0
0
0
0
0
0
0
0
0
0
0
0
0
0
0
0
0
0
0
0
0
0
0
0
0
0
0
0
0
0
0
0
0
0
0
0
0
0
0
0
0
0
0
0
0
0
0
0
0
0
0
0
0
0
0
0
0
0
0
0
0
0
0
0
0
0
0
0
0
0
0
0
0
0
0
0
0
0
0
0
0
0
0
0
0
0
0
0
0
0
0
0
0
0
0
0
0
0
0
0
0
0
0
0
0
0
0
0
0
0
0
0
0
)
;

boundaryField
{
    wand
    {
        type            calculated;
        value           nonuniform List<scalar> 
2048
(
0.000948462
0.633077
17.0536
2187.33
3332.03
3262.76
3180.7
3146.76
3139.09
3147.14
3178.98
3283.58
3133.69
150.763
2.18213
0.0103929
0.000947822
0.632724
17.0526
2187.46
3332.29
3262.88
3180.51
3146.71
3138.96
3147.17
3179
3283.59
3133.63
150.765
2.18284
0.0103936
0.000391564
0.000391525
0.000393682
0.000393683
3.92981e-05
3.93017e-05
3.39324e-07
3.39353e-07
1.38032e-09
1.38042e-09
4.28767e-12
4.28756e-12
1.16842e-14
1.16842e-14
2.93994e-17
2.93994e-17
7.63186e-20
7.63197e-20
2.30848e-22
2.30839e-22
7.16254e-25
7.16269e-25
1.71899e-27
1.71909e-27
3.33872e-30
3.33901e-30
5.56031e-33
5.56092e-33
8.20588e-36
8.20698e-36
1.09387e-38
1.09404e-38
1.33361e-41
1.33385e-41
1.50047e-44
1.50079e-44
1.56851e-47
1.56889e-47
1.53158e-50
1.53199e-50
1.40315e-53
1.40358e-53
1.2106e-56
1.21101e-56
9.86757e-60
9.87126e-60
7.61984e-63
7.62297e-63
5.58856e-66
5.59108e-66
3.90182e-69
3.90374e-69
2.59872e-72
2.60011e-72
1.65431e-75
1.65526e-75
1.00834e-78
1.00897e-78
5.89445e-82
5.8984e-82
3.30964e-85
3.31202e-85
1.78742e-88
1.78879e-88
9.29693e-92
9.30457e-92
4.66277e-95
4.66686e-95
2.25749e-98
2.25959e-98
1.05618e-101
1.05723e-101
4.77978e-105
4.7848e-105
2.09427e-108
2.0966e-108
8.89182e-112
8.90225e-112
3.66129e-115
3.66582e-115
1.46319e-118
1.46509e-118
5.6794e-122
5.6872e-122
2.14262e-125
2.14571e-125
7.86164e-129
7.87354e-129
2.80721e-132
2.81166e-132
9.76076e-136
9.77699e-136
3.30652e-139
3.31228e-139
1.09174e-142
1.09373e-142
3.51474e-146
3.52142e-146
1.10379e-149
1.10598e-149
3.38322e-153
3.39021e-153
1.01267e-156
1.01485e-156
2.96168e-160
2.96838e-160
0
0
0
0
0
0
0
0
0
0
0
0
0
0
0
0
0
0
0
0
0
0
0
0
0
0
0
0
0
0
0
0
0
0
0
0
0
0
0
0
0
0
0
0
0
0
0
0
0
0
0
0
0
0
0
0
0
0
0
0
0
0
0
0
0
0
0
0
0
0
0
0
0
0
0
0
0
0
0
0
0
0
0
0
0
0
0
0
0
0
0
0
0
0
0
0
0
0
0
0
0
0
0
0
0
0
0
0
0
0
0
0
0
0
0
0
0
0
0
0
0
0
0
0
0
0
0
0
0
0
0
0
0
0
0
0
0
0
0
0
0
0
0
0
0
0
0
0
0
0
0
0
0
0
0
0
0
0
0
0
0
0
0
0
0
0
0
0
0
0
0
0
0
0
0
0
0
0
0
0
0
0
0
0
0
0
0
0
0
0
0
0
0
0
0
0
0
0
0
0
0
0
0
0
0
0
0
0
0
0
0
0
0
0
0
0
0
0
0
0
0
0
0
0
0
0
0
0
0
0
0
0
0
0
0
0
0
0
0
0
0
0
0
0
0
0
0
0
0
0
0
0
0
0
0
0
0
0
0
0
0
0
0
0
0
0
0
0
0
0
0
0
0
0
0
0
0
0
0
0
0
0
0
0
0
0
0
0
0
0
0
0
0
0
0
0
0
0
0
0
0
0
0
0
0
0
0
0
0
0
0
0
0
0
0
0
0
0
0
0
0
0
0
0
0
0
0
0
0
0
0
0
0
0
0
0
0
0
0
0
0
0
0
0
0
0
0
0
0
0
0
0
0
0
0
0
0
0
0
0
0
0
0
0
0
0
0
0
0
0
0
0
0
0
0
0
0
0
0
0
0
0
0
0
0
0
0
0
0
0
0
0
0
0
0
0
0
0
0
0
0
0
0
0
0
0
0
0
0
0
0
0
0
0
0
0
0
0
0
0
0
0
0
0
0
0
0
0
0
0
0
0
0
0
0
0
0
0
0
0
0
0
0
0
0
0
0
0
0
0
0
0
0
0
0
0
0
0
0
0
0
0
0
0
0
0
0
0
0
0
0
0
0
0
0
0
0
0
0
0
0
0
0
0
0
0
0
0
0
0
0
0
0
0
0
0
0
0
0
0
0
0
0
0
0
0
0
0
0
0
0
0
0
0
0
0
0
0
0
0
0
0
0
0
0
0
0
0
0
0
0
0
0
0
0
0
0
0
0
0
0
0
0
0
0
0
0
0
0
0
0
0
0
0
0
0
0
0
0
0
0
0
0
0
0
0
0
0
0
0
0
0
0
0
0
0
0
0
0
0
0
0
0
0
0
0
0
0
0
0
0
0
0
0
0
0
0
0
0
0
0
0
0
0
0
0
0
0
0
0
0
0
0
0
0
0
0
0
0
0
0
0
0
0
0
0
0
0
0
0
0
0
0
0
0
0
0
0
0
0
0
0
0
0
0
0
0
0
0
0
0
0
0
0
0
0
0
0
0
0
0
0
0
0
0
0
0
0
0
0
0
0
0
0
0
0
0
0
0
0
0
0
0
0
0
0
0
0
0
0
0
0
0
0
0
0
0
0
0
0
0
0
0
0
0
0
0
0
0
0
2.18716e-05
2.18718e-05
2.17921e-05
2.17914e-05
2.17408e-06
2.17431e-06
7.66324e-09
7.66345e-09
1.98255e-11
1.98257e-11
4.11164e-14
4.11165e-14
7.21111e-17
7.21109e-17
1.11955e-19
1.11955e-19
1.58032e-22
1.58032e-22
2.03716e-25
2.03715e-25
2.43828e-28
2.43827e-28
2.74146e-31
2.74147e-31
2.88233e-34
2.88235e-34
2.81217e-37
2.81221e-37
3.63615e-58
3.63616e-58
1.06429e-58
1.0643e-58
1.00089e-59
1.0008e-59
1.88198e-62
1.88186e-62
2.20952e-65
2.20943e-65
2.01771e-68
2.01768e-68
1.56632e-71
1.56633e-71
1.08066e-74
1.08069e-74
6.7908e-78
6.79116e-78
3.94793e-81
3.94824e-81
2.14683e-84
2.14705e-84
1.10095e-87
1.10109e-87
5.35807e-91
5.35892e-91
2.48698e-94
2.48746e-94
1.10532e-97
1.10556e-97
4.71899e-101
4.72021e-101
1.94046e-104
1.94103e-104
7.702e-108
7.70455e-108
2.95626e-111
2.95735e-111
1.09899e-114
1.09945e-114
3.96219e-118
3.964e-118
1.38691e-121
1.38761e-121
4.71808e-125
4.72067e-125
1.56116e-128
1.56209e-128
5.02821e-132
5.03148e-132
1.5777e-135
1.57881e-135
4.83411e-139
4.83778e-139
1.45255e-142
1.45374e-142
4.2775e-146
4.28125e-146
1.21749e-149
1.21863e-149
0
0
0
0
0
0
0
0
0
0
0
0
0
0
0
0
0
0
0
0
0
0
0
0
0
0
0
0
0
0
0
0
0
0
0
0
0
0
0
0
0
0
0
0
0
0
0
0
0
0
0
0
0
0
0
0
0
0
0
0
0
0
0
0
0
0
0
0
0
0
0
0
0
0
0
0
0
0
0
0
0
0
0
0
0
0
0
0
0
0
0
0
0
0
0
0
0
0
0
0
0
0
0
0
0
0
0
0
0
0
0
0
0
0
0
0
0
0
0
0
0
0
0
0
0
0
0
0
0
0
0
0
0
0
0
0
0
0
0
0
0
0
0
0
0
0
0
0
0
0
0
0
0
0
0
0
0
0
0
0
0
0
0
0
0
0
0
0
0
0
0
0
0
0
0
0
0
0
0
0
0
0
0
0
0
0
0
0
0
0
0
0
0
0
0
0
0
0
0
0
0
0
0
0
0
0
0
0
0
0
0
0
0
0
0
0
0
0
0
0
0
0
0
0
0
0
0
0
0
0
0
0
0
0
0
0
0
0
0
0
0
0
0
0
0
0
0
0
0
0
0
0
0
0
0
0
0
0
0
0
0
0
0
0
0
0
0
0
0
0
0
0
0
0
0
0
0
0
0
0
0
0
0
0
0
0
0
0
0
0
0
0
0
0
0
0
0
0
0
0
0
0
0
0
0
0
0
0
0
0
0
0
0
0
0
0
0
0
0
0
0
0
0
0
0
0
0
0
0
0
0
0
0
0
0
0
0
0
0
0
0
0
0
0
0
0
0
0
0
0
0
0
0
0
0
0
0
0
0
0
0
0
0
0
0
0
0
0
0
0
0
0
0
0
0
0
0
0
0
0
0
0
0
0
0
0
0
0
0
0
0
0
0
0
0
0
0
0
0
0
0
0
0
0
0
0
0
0
0
0
0
0
0
0
0
0
0
0
0
0
0
0
0
0
0
0
0
0
0
0
0
0
0
0
0
0
0
0
0
0
0
0
0
0
0
0
0
0
0
0
0
0
0
0
0
0
0
0
0
0
0
0
0
0
0
0
0
0
0
0
0
0
0
0
0
0
0
0
0
0
0
0
0
0
0
0
0
0
0
0
0
0
0
0
0
0
0
0
0
0
0
0
0
0
0
0
0
0
0
0
0
0
0
0
0
0
0
0
0
0
0
0
0
0
0
0
0
0
0
0
0
0
0
0
0
0
0
0
0
0
0
0
0
0
0
0
0
0
0
0
0
0
0
0
0
0
0
0
0
0
0
0
0
0
0
0
0
0
0
0
0
0
0
0
0
0
0
0
0
0
0
0
0
0
0
0
0
0
0
0
0
0
0
0
0
0
0
0
0
0
0
0
0
0
0
0
0
0
0
0
0
0
0
0
0
0
0
0
0
0
0
0
0
0
0
0
0
0
0
0
0
0
0
0
0
0
0
0
0
0
0
0
0
0
0
0
0
0
0
0
0
0
0
0
0
0
0
0
0
0
1.29196e-37
7.2605e-56
8.66739e-150
0
0
0
0
0
0
0
0
0
0
0
0
0
0
0
0
0
0
0
0
0
0
1.60286e-36
1.36377e-52
3.91243e-147
6.80257e-161
0
0
0
0
0
0
0
0
0
0
0
0
0
0
0
0
0
0
0
0
0
2.68195e-34
1.80574e-49
4.82719e-144
2.71187e-157
0
0
0
0
0
0
0
0
0
0
0
0
0
0
0
0
0
0
0
0
0
6.3251e-31
3.85909e-45
5.7278e-140
1.84019e-152
0
0
0
0
0
0
0
0
0
0
0
0
0
0
0
0
0
0
0
0
0
1.61918e-27
6.88767e-41
9.05585e-136
1.12035e-147
0
0
0
0
0
0
0
0
0
0
0
0
0
0
0
0
0
0
0
0
0
2.51127e-24
6.31687e-37
1.13939e-131
3.73904e-143
0
0
0
0
0
0
0
0
0
0
0
0
0
0
0
0
0
0
0
0
0
9.27859e-23
3.30076e-33
9.885e-128
7.62124e-139
0
0
0
0
0
0
0
0
0
0
0
0
0
0
0
0
0
0
0
0
0
3.49288e-21
4.68067e-21
6.49906e-30
6.96841e-24
3.46069e-124
4.88854e-124
6.08669e-135
1.37046e-127
0
0
0
0
0
0
0
0
0
0
0
0
0
0
0
0
0
0
0
0
0
0
0
0
0
0
0
0
0
0
0
0
0
0
0
0
0
0
0
0
0
0
0
1.29199e-37
7.26113e-56
8.67586e-150
0
0
0
0
0
0
0
0
0
0
0
0
0
0
0
0
0
0
0
0
0
0
1.60287e-36
1.36388e-52
3.91664e-147
6.81413e-161
0
0
0
0
0
0
0
0
0
0
0
0
0
0
0
0
0
0
0
0
0
2.68205e-34
1.80587e-49
4.83266e-144
2.71592e-157
0
0
0
0
0
0
0
0
0
0
0
0
0
0
0
0
0
0
0
0
0
6.32536e-31
3.85937e-45
5.7345e-140
1.84288e-152
0
0
0
0
0
0
0
0
0
0
0
0
0
0
0
0
0
0
0
0
0
1.61924e-27
6.88813e-41
9.06665e-136
1.12195e-147
0
0
0
0
0
0
0
0
0
0
0
0
0
0
0
0
0
0
0
0
0
2.51136e-24
6.31725e-37
1.14075e-131
3.7442e-143
0
0
0
0
0
0
0
0
0
0
0
0
0
0
0
0
0
0
0
0
0
9.27879e-23
3.30094e-33
9.89665e-128
7.63145e-139
0
0
0
0
0
0
0
0
0
0
0
0
0
0
0
0
0
0
0
0
0
3.49296e-21
4.68078e-21
6.49938e-30
6.96865e-24
3.46471e-124
4.89422e-124
6.09461e-135
1.37213e-127
0
0
0
0
0
0
0
0
0
0
0
0
0
0
0
0
0
0
0
0
0
0
0
0
0
0
0
0
0
0
0
0
0
0
0
0
0
0
0
0
0
0
0
)
;
    }
    frontAndBack
    {
        type            empty;
    }
}


// ************************************************************************* //
