/*--------------------------------*- C++ -*----------------------------------*\
| =========                 |                                                 |
| \\      /  F ield         | OpenFOAM: The Open Source CFD Toolbox           |
|  \\    /   O peration     | Version:  2.1.1                                 |
|   \\  /    A nd           | Web:      www.OpenFOAM.org                      |
|    \\/     M anipulation  |                                                 |
\*---------------------------------------------------------------------------*/
FoamFile
{
    version     2.0;
    format      ascii;
    class       volScalarField;
    location    "0.004550000";
    object      Xi;
}
// * * * * * * * * * * * * * * * * * * * * * * * * * * * * * * * * * * * * * //

dimensions      [0 0 0 0 0 0 0];

internalField   nonuniform List<scalar> 
12384
(
3.62108
7.67664
9.15596
10.0858
10.4982
10.2266
9.40976
8.39495
7.6253
6.93472
5.93588
4.68783
4.46093
6.26037
27.1936
37.1605
48.3632
59.3528
64.7099
70.3254
72.663
75.2444
77.265
79.2068
83.3808
84.6349
89.0773
94.1158
94.0674
99.9186
97.4981
100.992
96.2231
96.3081
89.2478
84.7609
73.826
61.1001
39.9723
30.5478
33.3735
31.4861
25.5352
17.653
59.1542
83.1096
91.2652
96.8416
101.569
92.3542
93.1427
88.4275
89.5219
88.871
89.8472
91.6936
93.2962
95.2013
98.0182
100.438
103.249
103.806
102.78
97.1336
87.0892
75.3744
67.8054
54.1305
41.0461
26.6041
17.6939
18.1114
19.2628
16.3895
43.2941
52.1572
54.2483
56.5007
60.5678
64.7935
70.0653
75.5712
81.564
88.0749
95.1155
103.761
111.23
120.723
123.576
144.149
131.157
151.289
137.022
135.909
121.32
109.569
99.3954
85.8573
67.8339
52.4317
37.9275
36.2073
35.7915
30.7676
64.7638
87.096
100.222
115.521
127.559
138.842
148.483
158.295
166.353
174.51
180.329
187.173
190.233
194.606
197.423
189.416
194.522
156.706
167.638
123.321
123.421
100.912
88.5099
77.5625
61.3624
41.0277
31.8581
25.8512
22.7632
22.5045
36.7103
44.3904
53.7489
63.9511
71.7564
76.3979
78.4026
79.2524
80.0693
81.7976
84.389
88.9335
94.8144
102.011
108.099
114.903
118.368
118.407
122.788
117.89
108.107
101.933
103.379
91.8308
88.7119
84.8179
78.7138
69.5671
54.7458
39.5551
25.8877
31.6884
32.2519
34.0838
38.7875
45.9584
50.5176
58.0284
60.9661
64.8217
68.5949
80.3753
84.8578
95.1039
95.3529
94.3085
95.9901
96.9181
99.9373
102.251
104.71
105.057
105.391
103.652
102.569
98.7433
93.2322
83.699
65.514
44.7814
26.0385
36.3517
34.2287
45.0449
64.4793
74.6567
83.0676
86.8859
88.5281
89.5567
86.5846
85.1786
81.479
78.8667
75.914
73.1368
72.3445
70.5647
71.4334
68.8874
71.815
67.1374
68.5538
63.5908
62.4566
60.7252
58.2142
55.1692
48.7682
35.417
14.4275
24.3649
37.6276
55.9077
71.6407
82.2833
92.9991
95.9823
99.3007
98.2568
95.816
95.5253
92.3661
93.8447
96.0847
92.3492
98.42
93.0016
93.2932
86.7892
78.7585
76.3056
65.6235
58.7277
54.1916
45.6402
37.4573
28.3998
18.4273
10.6604
21.752
30.7547
43.6824
55.8816
64.6043
70.118
74.3199
76.956
84.1099
93.6498
102.121
106.461
129.77
133.839
134.439
138.057
135.567
136.079
141.141
140.347
114.054
115.166
94.3273
91.9574
81.0064
73.0771
65.3026
55.1161
43.7135
38.3598
43.5006
43.2583
57.8576
67.8811
73.5556
76.713
76.9573
75.8744
75.1765
76.7822
82.6179
90.7576
99.7729
108.092
121.637
139.521
141.839
164.307
156.349
163.897
153.296
139.846
125.029
109.812
93.5057
82.2147
79.8611
78.8347
74.3793
70.5246
38.3641
51.3766
51.1211
61.1843
69.5902
81.0885
86.3704
95.6399
94.7526
96.9732
94.2251
92.8673
91.1962
90.873
92.082
93.9223
96.6845
101.012
104.626
103.871
104.219
98.1261
91.4966
77.0637
64.8366
45.4202
25.1136
15.7593
6.4582
3.80503
9.00526
8.73507
10.9616
16.4145
21.0291
18.7079
20.1597
23.0871
27.8184
32.0448
38.7577
42.7778
48.6145
51.1706
53.6195
51.1917
46.3019
40.0569
31.4538
21.2324
11.3566
5.88051
5.2453
5.10091
5.10958
5.48012
5.2107
5.18465
4.66864
3.9244
7.07179
11.1593
13.5643
15.7166
17.3863
17.6308
16.591
14.5705
12.9214
11.7441
10.6858
9.04439
8.04846
12.5501
29.9133
30.5159
41.4381
49.2143
48.2447
49.3416
46.3277
45.8201
45.5072
46.9005
49.8159
54.3329
57.9118
64.8455
68.5973
74.9924
78.253
82.639
84.9636
86.2482
88.1635
87.6239
87.7343
80.5174
64.8221
46.8103
37.8696
30.4121
26.7309
28.9974
60.0945
50.0789
53.411
57.6779
61.2893
55.6543
58.9967
57.7245
61.6759
62.8879
66.8339
68.1514
69.1305
71.0145
75.0867
80.8222
87.594
95.0992
102.315
106.332
109.945
111.473
110.989
107.162
95.9139
70.1059
40.4573
21.7164
15.5231
22.7024
46.8548
31.7604
32.4579
35.9918
40.9343
47.1731
56.0273
67.2023
79.9328
93.9229
109.454
125.645
141.993
162.015
178.107
199.326
217.978
245.69
233.194
226.91
208.142
184.076
160.499
135.538
108.287
86.1994
63.92
37.9434
31.3577
40.8489
69.0651
59.3909
74.2763
90.1683
104.304
119.458
136.05
154.475
173.895
193.786
212.917
229.54
226.337
214.317
208.98
201.093
196.144
192.772
189.307
179.466
169.522
162.193
147.902
134.098
111.9
76.7451
45.5399
26.2009
19.9626
28.4865
51.4194
39.8751
45.6538
51.4852
53.5833
53.2713
53.6585
55.2827
58.5769
64.223
67.9952
75.6521
83.7122
94.9815
107.395
118.292
129.318
136.543
146.973
139.979
133.333
129.958
117.58
105.589
99.0063
87.3906
74.1236
60.2409
46.7496
62.314
33.2014
28.6039
32.7038
41.9921
57.622
68.9831
74.5351
72.847
76.7882
89.803
112.976
119.61
112.552
101.626
92.9897
82.317
77.5208
74.4259
76.4555
80.4111
85.77
91.8691
96.6158
99.437
99.9058
97.7467
93.4623
85.2021
70.7621
72.0568
48.745
56.2607
63.2993
78.7703
93.5706
94.7111
94.4754
88.28
82.8322
78.1784
72.6161
67.4924
62.5205
57.5212
53.0611
50.4203
49.5647
50.7959
54.7738
58.886
66.6352
71.2295
77.702
80.2349
78.9501
76.2716
71.9658
64.8186
54.7287
51.2591
46.5408
50.5683
54.0707
62.9079
71.3443
72.6674
74.0991
70.3117
67.1588
64.1855
61.7855
63.314
67.7656
74.4541
85.8007
97.1775
111.663
117.433
120.924
124.606
109.385
102.74
88.6235
79.4431
72.8267
65.6908
60.0513
51.9548
40.9103
36.5978
47.0738
31.2761
35.4668
39.9729
42.0467
43.8146
46.4933
50.0305
56.3301
64.0765
78.5086
95.1688
125.456
151.706
168.659
190.934
201.022
209.012
217.054
209.697
193.48
171.479
144.549
126.075
103.799
86.8587
68.9933
53.1228
38.6202
47.6806
76.9387
37.6459
42.2057
44.9906
45.9205
45.2319
43.5764
45.6518
55.5568
69.9822
84.9387
101.372
116.819
141.396
163.496
191.668
220.799
236.868
265.821
259.131
259.776
232.871
202.468
174.776
145.359
111.402
83.443
61.1007
47.6356
82.1016
81.8511
48.4342
42.6975
49.9578
58.8376
66.7278
69.8414
72.1371
71.1
71.0926
69.0719
69.0903
69.5542
72.0921
76.0901
81.7598
87.0519
95.4506
105.176
112.822
124.034
133.977
137.51
135.081
125.949
106.54
77.9443
53.1241
34.0082
14.3811
23.6689
23.308
36.714
53.1435
45.1381
45.7191
50.9165
56.3194
64.1483
67.7745
74.3023
75.0508
77.3203
74.7066
71.7872
65.6611
58.5718
50.2927
40.6445
29.1712
15.7483
4.93298
3.20239
2.82913
2.64286
2.47299
2.75869
3.03032
2.90434
4.70341
12.3504
17.3098
19.7897
21.1286
21.9946
22.5677
22.2738
19.6553
15.8973
13.2602
11.8118
10.4304
9.39298
14.7959
37.0952
40.1588
51.0622
51.8887
46.1023
44.8913
42.4164
43.762
45.5768
48.1772
49.998
53.8445
54.8222
58.2101
58.8458
62.1654
63.5769
66.3827
68.7881
68.9474
70.3059
72.965
75.8459
80.0756
73.8742
57.6517
44.093
33.9673
28.7296
34.5942
68.0939
51.3811
58.251
57.366
64.3964
57.085
59.9086
56.0282
58.1012
55.0511
53.2477
53.5528
57.852
63.9565
71.4872
79.2143
87.0476
94.1985
99.007
101.961
100.713
97.4391
99.1289
102.114
101.673
85.7158
56.932
31.2683
17.9645
22.6898
51.6623
31.001
34.2238
39.1223
46.6885
56.2053
68.1326
80.7142
93.7559
104.815
114.629
122.252
131.965
143.439
152.213
178.481
185.674
211.905
215.615
222.349
211.084
199.826
180.639
158.85
132.957
107.508
87.7531
60.5543
37.0353
47.9529
82.4522
70.9044
87.1964
102.08
114.46
126.844
139.254
154.331
170.431
184.615
176.262
165.26
160.417
152.534
150.831
146.71
146.689
144.254
147.543
145.78
149.79
150.769
156.216
149.202
136.598
107.917
70.5145
40.4862
24.1394
32.3095
59.9716
46.3592
52.295
54.9596
55.5833
56.7888
58.2561
60.9304
60.1891
61.6024
64.3464
69.1047
78.2307
86.7597
97.8205
107.523
114.62
121.468
125.089
117.137
116.716
110.23
96.5633
93.7833
89.4431
84.1994
76.7774
65.8136
53.3328
70.3958
37.7483
30.1963
36.6778
51.2801
63.6335
64.3002
61.4001
67.6664
84.8651
126.652
143.631
144.399
139.734
125.636
114.843
98.2897
88.2124
78.4386
73.639
70.6144
71.0305
73.8421
78.3748
83.0961
87.1352
90.1191
91.2594
89.8118
81.8871
81.4966
66.5982
65.0086
77.0104
91.9133
96.0941
89.2517
86.1524
82.1865
80.1354
78.4464
75.2482
71.2234
64.6457
58.7126
54.0953
50.8457
50.3241
50.7042
53.9632
56.7317
61.6484
65.1963
68.2166
70.3794
71.3502
71.7831
71.3843
69.3383
63.705
58.8517
76.7465
57.2844
64.9766
73.1722
78.1199
78.0898
77.3681
74.8825
71.9488
69.4178
69.0683
70.6363
75.1688
79.0482
88.4743
97.9736
108.141
116.555
121.799
124.192
110.651
101.046
86.5857
79.8135
71.1256
67.2073
61.9252
54.9985
44.9663
40.7666
53.6473
36.1555
42.0808
46.0959
48.0173
51.1935
57.4603
60.3509
63.8507
68.7746
92.3883
118.924
160.376
184.436
197.938
217.444
222.825
224.726
227.503
216.836
197.538
174.429
148.656
142.865
123.231
105.34
84.4766
65.3344
48.0299
56.6252
80.0839
42.1885
45.6443
45.364
43.9915
42.463
44.1129
54.711
72.9787
88.4092
102.562
118.328
138.49
175.781
197.12
252.336
263.946
277.274
285.234
286.594
284.998
274.05
256.276
216.54
183.846
147.056
110.002
79.5529
57.4287
85.2011
89.8549
46.4046
53.4463
68.2858
81.8242
90.7041
95.2098
96.9232
98.4829
98.1268
96.4459
94.0666
91.1376
88.0763
79.841
75.4421
75.6548
77.189
84.3096
93.6119
104.683
120.606
134.043
137.157
133.614
119.015
91.4592
61.0927
38.0035
23.248
32.0902
30.8884
45.5999
47.7304
44.1337
47.8411
54.5668
60.4625
69.1347
73.9559
81.4119
83.6801
86.6425
85.0915
81.0699
77.5234
69.364
62.6902
53.3184
43.2644
29.3785
11.0404
4.41633
3.6928
3.37639
2.82822
2.58266
2.88217
3.00113
5.18301
16.2841
21.6037
22.3986
21.8773
21.3341
21.7586
22.545
22.0081
18.6876
14.8793
12.9568
11.6322
10.7829
17.1063
47.0151
49.9739
54.0892
49.3466
46.7778
47.6641
50.4795
53.7034
56.7651
57.8189
57.0094
54.9769
49.9913
45.9797
43.2566
41.8846
43.1769
44.7388
48.1018
51.3224
54.5657
57.2585
63.541
71.8858
75.5211
65.9467
49.904
38.0534
31.0015
38.7108
75.644
54.6512
62.1318
64.9327
71.1303
64.4027
64.519
56.8472
54.2048
50.9337
52.7885
57.0967
64.5053
73.1216
80.4194
87.8546
95.4564
101.112
104.192
102.468
97.7872
92.5683
89.5278
94.1331
100.791
93.4581
69.3967
40.3059
22.8272
23.8777
54.764
32.422
36.4044
43.0767
52.1806
63.0231
75.8736
90.8087
105.799
113.947
116.791
116.25
115.622
114.672
121.298
137.611
136.731
158.466
166.139
175.343
186.025
188.31
187.393
175.535
155.135
128.081
105.693
85.1319
52.21
54.6219
97.7642
81.9817
94.9221
108.576
119.755
128.831
138.422
149.115
158.632
144.097
133.431
125.626
119.584
116.454
112.014
110.106
107.279
107.749
105.596
111.416
117.66
134.363
149.237
155.855
150.108
131.139
94.3125
56.3097
31.6266
34.9523
68.5065
54.8728
59.3755
59.7259
60.2707
61.604
62.63
63.4648
61.6346
61.4519
66.9773
74.9564
82.7081
92.3752
98.4712
103.432
106.783
111.103
105.17
105.056
101.182
91.3862
85.7425
82.7847
80.3132
79.3874
76.4186
69.145
58.2737
75.5937
41.6382
34.2362
44.1768
58.7389
63.5589
57.2933
59.4352
69.1092
91.6113
133.558
155.012
160.688
158.997
146.868
133.407
115.196
103.118
91.6187
83.5321
76.0591
70.4477
67.0045
66.7479
69.6318
74.3339
81.0354
88.1121
94.1885
93.1609
87.8128
78.5836
73.7148
89.8968
93.4653
88.8516
82.0834
79.4368
78.9616
80.121
81.9547
81.8324
78.6201
72.7309
67.1195
63.1378
62.9575
63.7245
67.0316
70.5306
75.2698
77.2698
80.7336
78.1431
75.3892
70.861
68.459
69.0036
71.833
72.5235
64.8064
83.9378
65.8647
73.4447
80.2099
78.7279
80.034
79.6871
79.8317
78.4077
77.4412
74.7822
76.5875
78.9523
84.0632
92.8854
98.6678
105.164
114.434
113.558
121.62
109.234
103.276
91.0674
81.1886
74.8179
71.7963
68.7523
59.9368
48.7184
45.0466
58.9955
42.2251
48.696
52.392
54.4619
59.8208
61.8278
62.2062
62.7538
78.4518
123.275
165.625
199.674
216.59
222.26
236.002
238.798
240.036
233.187
219.495
194.138
175.745
141.925
135.211
133.452
121.463
102.254
78.925
58.7472
65.2599
81.6153
46.7425
49.0697
45.7904
42.7768
42.5828
51.3484
68.951
87.1465
102.224
120.298
145.371
176.962
201.66
223.29
236.981
246.332
252.838
259.246
265.992
269.176
270.631
263.141
254.745
221.428
179.675
137.929
98.4654
68.9338
88.9344
85.843
55.3828
72.0887
91.784
104.032
112.096
118.449
123.512
127.486
129.459
128.382
124.316
117.56
109.013
98.7358
82.1609
70.6322
65.4786
65.3223
72.0536
83.2899
104.365
117.67
126.164
130.254
125.67
100.017
64.883
39.0633
27.5343
41.1246
39.2554
54.0394
44.8924
45.4545
50.1568
58.0712
64.4394
73.6414
78.6504
85.7979
88.3837
90.6336
89.3516
87.3588
82.3292
77.5961
70.4295
63.1471
53.3949
40.97
22.0469
6.55733
5.08797
4.54202
3.47501
2.81172
2.86055
3.19613
5.53391
19.2865
23.8537
22.568
19.2391
17.4709
18.1159
20.0626
20.9349
19.2971
15.8261
13.8207
12.7206
12.1311
19.8537
57.277
56.9376
54.8816
51.1259
53.0704
56.2999
59.7946
62.6277
65.2591
66.5702
61.8237
54.2133
43.9328
36.4851
32.678
30.3952
30.3811
30.8383
32.2891
35.3984
38.9225
44.0385
50.8691
61.2629
71.9131
69.0632
55.4047
41.4336
33.8985
42.9425
82.2944
58.5667
63.1251
70.8137
73.9508
66.2043
64.219
56.7901
54.0997
53.6136
58.3883
65.21
72.9373
82.1759
88.6502
96.5836
103.429
104.831
101.025
96.888
91.8263
84.0683
84.2736
86.2884
98.5098
97.1067
78.0195
47.4752
28.081
25.6579
56.5453
34.3343
38.7224
45.6502
54.7754
65.5388
79.8338
97.6718
117.38
126.852
129.282
118.271
103.996
100.882
99.2851
104.084
107.212
124.072
126.922
141.911
151.727
171.349
182.051
184.478
171.232
146.824
121.427
101.525
69.2871
65.5854
110.659
86.8925
99.1045
112.345
121.214
128.875
135.77
143.514
130.363
114.053
105.587
98.1638
95.0796
92.1477
91.8137
90.8403
90.3692
89.8164
87.0673
87.645
97.1536
115.604
142.482
159.209
159.695
146.508
113.616
69.8624
39.0359
38.104
77.207
64.5709
65.3743
64.5239
62.8479
66.6481
67.734
62.3791
65.0673
69.9691
75.2826
85.2939
94.2337
97.5735
97.6057
95.7419
92.45
90.9378
86.2048
88.1117
80.5849
79.2432
75.591
73.4434
73.5465
75.1839
75.5666
72.0784
63.6976
81.1826
45.479
40.459
53.2431
64.5092
59.8249
56.1175
59.2876
67.5716
80.5622
110.358
155.789
167.578
172.906
165.415
153.292
133.501
121.332
110.907
103.876
96.7098
88.3995
79.3819
71.8871
67.5358
68.4324
75.5196
87.1835
99.1556
106.043
92.7995
85.83
82.6824
91.7796
89.7062
82.1191
76.181
75.1707
76.3069
80.5778
86.0102
89.5433
88.7448
83.668
80.0143
80.8567
84.0675
89.1832
91.6843
94.9446
97.2122
99.8314
96.3603
95.8914
89.2998
80.2052
70.876
67.8071
75.7168
82.0753
68.2795
89.6239
74.7987
80.9694
80.7061
79.1222
80.3085
83.0342
85.0096
85.3071
80.3565
78.5882
78.5754
86.1717
93.3555
97.9756
100.763
104.331
112.759
107.033
112.991
102.98
105.175
93.0992
87.7275
80.6734
79.2603
74.9314
68.6824
55.1571
49.1662
64.0377
49.2748
55.3299
57.0393
61.5004
63.4597
61.9964
57.8922
70.2723
98.7057
159.943
191.457
217
213.618
201.393
201.759
203.158
210.628
213.982
202.485
193.323
152.452
139.036
123.558
125.934
127.895
115.789
89.7585
68.8671
71.9002
82.572
53.4151
52.0757
45.3675
42.2406
46.3649
60.3409
79.5846
97.2228
116.124
146.796
173.447
187.607
197.966
194.925
193.986
201.676
204.241
217.732
224.839
235.921
242.521
249.932
253.124
236.592
205.804
163.196
115.131
79.9299
92.1754
89.7023
69.2528
92.1151
107.36
117.256
128.804
136.749
141.957
145.865
149.137
150.158
147.388
137.351
126.018
117.734
96.5864
74.6607
59.5435
54.5301
54.0989
63.5602
81.9536
92.7731
106.73
117.274
125.375
101.698
66.8345
39.2931
28.8618
51.2823
47.2881
50.4199
44.4866
46.7071
52.5978
60.856
67.3184
75.5781
79.6366
85.1731
86.0693
87.2221
87.0146
83.0679
82.6936
77.9692
74.8933
68.4121
60.6244
49.5036
32.1802
10.1143
6.62759
5.66887
3.98822
3.06805
3.09332
3.70304
6.02088
21.3378
24.8368
20.7391
16.4065
14.7409
15.5854
17.866
19.2066
18.6084
15.933
14.5095
13.6202
13.5073
22.7001
67.3033
64.0829
57.879
56.8392
59.5581
60.9465
61.8614
64.0229
68.9957
71.9557
67.961
55.5714
44.9661
36.5193
32.4489
30.0456
28.7238
27.1414
26.6883
27.1278
29.3904
33.7767
40.8351
52.4534
65.5165
69.3065
58.445
44.5675
36.9169
47.094
90.1641
62.2549
64.3845
69.6031
70.6405
63.4976
59.6966
55.7663
55.081
56.095
62.3693
71.4344
80.1154
88.4556
94.2315
104.137
110.637
104.027
93.0119
84.9131
79.572
75.6639
78.6128
82.4175
96.1941
100.678
81.1567
53.3252
33.3402
28.257
57.0345
36.3933
39.745
46.6073
54.6855
66.1296
80.122
97.9425
123.281
143.916
145.748
124.072
109.271
95.1358
84.1172
87.398
85.8075
93.9194
97.7951
116.297
127.225
142.452
169.037
185.351
185.836
165.871
138.403
116.237
86.3922
76.6774
115.743
89.1926
101.853
112.98
121.489
127.798
134.284
130.43
107.3
94.1081
84.1986
79.6892
77.42
78.372
79.9085
81.1206
80.3038
78.1597
74.6414
75.2624
81.1384
104.975
135.223
157.172
163.54
158.858
128.781
82.7421
46.9073
40.9239
84.4659
73.0428
64.1487
66.3397
68.5397
66.8295
67.7882
70.2825
71.427
77.3934
88.7204
95.3449
100.311
102.844
97.7617
90.6137
81.0524
74.4138
67.5322
64.8531
65.5933
64.929
65.5657
66.475
68.5932
71.8681
74.4694
72.7223
66.0995
82.0002
49.6468
48.5993
61.9668
66.5998
58.2277
56.6651
61.1282
66.254
73.3863
89.4185
132.819
166.094
179.079
177.063
167.619
148.126
137.286
129.662
127.313
122.207
114.976
104.944
93.9593
83.6507
76.5912
77.816
89.1505
106.331
120.38
96.7327
90.9156
89.7066
92.8002
83.918
76.4718
72.1737
70.9619
74.1097
80.344
89.5108
96.8423
99.692
97.3448
97.4869
101.082
105.725
104.919
104.759
104.583
105.696
105.998
105.64
99.2391
95.1364
89.5331
77.0213
71.3914
77.1355
91.2622
71.6583
95.9207
83.8074
85.2247
80.6469
78.2327
80.1225
85.4282
89.3401
87.1077
81.7142
78.58
87.0744
96.5551
109.317
111.643
120.131
114.942
117.44
106.182
108.034
99.0886
100.911
93.4404
91.7251
86.3182
82.4067
78.2162
74.5013
60.5852
53.0503
69.4691
56.9202
61.9525
63.8062
66.293
64.2167
58.6901
60.2104
82.3536
115.379
179.513
199.742
212.122
191.725
162.245
148.296
140.04
146.983
163.493
165.799
162.478
129.13
116.67
117.104
116.053
125.342
127.071
105.662
81.9832
81.0499
85.5506
59.2221
52.6379
44.5444
43.6791
52.7567
68.0403
85.0786
106.578
133.114
170.195
186.692
181.861
169.54
154.723
163.534
161.684
167.753
172.083
180.171
193.367
211.776
226.089
243.098
236.359
214.485
179.062
128.629
88.5728
95.0548
97.1653
85.6192
107.484
113.435
114.102
115.75
118.912
120.345
126.269
137.233
147.65
146.789
137.769
127.556
121.185
113.775
85.8348
61.6091
51.32
49.2982
53.757
63.8662
75.9811
93.5538
109.385
118.864
99.3118
64.5585
40.2959
28.6522
61.0326
55.2973
48.5688
44.792
48.0899
54.4819
62.4965
67.8617
74.9995
75.7317
79.6456
77.0416
77.539
75.2158
76.1866
73.8919
75.3706
73.1526
70.0797
65.2793
54.7069
39.9747
15.0403
7.26509
6.60387
4.53851
3.46503
3.51756
4.25151
6.56925
22.9491
24.3524
18.6122
14.5017
13.6876
14.9694
16.7885
18.0961
17.5149
15.9819
14.8629
14.4114
15.0995
25.5299
75.9931
73.3403
64.364
63.8734
62.6228
59.3964
56.8525
59.1535
66.5296
75.3464
72.9107
62.137
49.3047
41.295
37.3574
35.7206
32.42
29.025
26.0375
24.2812
25.1754
28.1392
34.4526
45.8715
60.404
66.4615
59.2285
46.1948
39.7097
52.35
94.5165
66.4426
63.1315
65.1866
66.0122
60.4297
57.2538
54.3819
54.9485
59.1626
66.9231
75.9926
84.6976
92.7466
97.1706
108.501
113.791
96.1153
80.8183
70.3361
68.9102
68.8653
74.7533
82.4351
97.4851
98.3965
83.2376
56.6678
39.0959
30.1759
57.4179
38.0765
40.6213
46.0761
54.7012
65.0184
77.8718
93.9724
124.295
153.787
157.316
142.522
119.511
93.9863
85.2922
79.9198
69.5681
72.3283
75.9077
89.8877
106.19
130.667
155.592
179.657
185.309
168.852
146.497
127.589
99.1169
85.9226
118.998
91.4276
102.182
112.858
120.489
127.56
132.724
115.545
94.4779
79.3422
71.8366
67.1874
66.9907
67.0484
67.4376
66.4686
65.7105
63.5802
64.1734
64.7532
72.423
92.6406
128.497
158.548
164.752
162.549
139.972
90.4654
52.5692
44.1469
94.1188
78.465
69.9068
63.9817
67.6625
70.2164
67.7545
70.7352
80.0708
86.866
92.8071
106.013
109.171
102.499
92.086
81.4892
69.7988
57.908
48.7179
45.2055
49.2766
53.5776
58.1282
62.1505
66.2152
70.6286
74.5433
73.0621
67.9276
81.2358
55.8281
59.0832
69.2297
67.2195
58.7424
59.0901
62.3945
66.8417
71.4616
80.2453
102.833
157.829
177.455
181.084
176.916
158.036
146.605
140.12
140.046
138.354
134.595
126.894
116.334
104.216
94.2452
89.6006
97.2816
115.979
136.165
105.847
100.24
97.0896
93.458
81.7221
72.3781
67.035
66.3474
69.9383
79.1428
90.7899
103.388
108.694
111.387
113.147
117.162
112.6
109.346
106.5
108.296
105.501
101.073
99.3301
96.2701
95.2319
89.9307
84.8578
75.0056
82.399
96.1132
71.4354
102.672
92.4535
87.9421
79.6192
76.689
80.2828
87.0131
92.2248
87.5285
80.2997
83.3115
96.5281
116.629
132.639
141.895
143.618
135.54
125.063
110.202
107.71
94.3037
95.9725
90.7663
91.1562
85.7663
82.3656
79.4046
77.6598
64.287
54.7138
76.1932
68.6724
71.034
72.1507
70.2613
61.9664
58.093
66.4663
89.5796
128.028
178.498
187.501
207.997
168.732
150.2
125.585
103.706
100.97
116.186
124.621
132.068
109.975
98.9857
102.62
114.879
121.37
129.972
113.799
88.2541
83.2491
88.9478
64.4928
53.2594
46.9006
48.9603
57.4258
72.3796
90.3774
118.093
150.924
185.061
180.897
167.102
156.877
150.627
159.597
132.426
136.958
109.407
125.196
152.322
181.434
206.708
232.116
228.151
209.485
186.223
136.087
94.3994
96.9675
106.684
102.084
115.164
109.091
102.6
97.9607
92.9947
93.8328
96.0341
101.364
109.638
121.006
126.718
119.58
116.331
119.456
102.126
67.8427
52.6017
49.2623
54.766
63.2137
73.2775
88.4023
103.049
112.358
89.1582
61.8398
43.8763
27.4513
71.0532
60.5977
48.9511
45.2557
49.0365
55.8576
62.3675
67.1732
71.6238
70.3058
70.5331
65.7963
64.3974
62.6023
63.4227
64.6493
68.0457
69.4917
69.6739
66.0548
58.7228
45.1793
21.1394
7.32642
6.971
5.49298
4.45489
4.91009
5.74865
9.40809
23.7466
23.4128
16.9402
13.7255
13.4593
15.3479
17.1798
17.8125
17.4475
16.0854
15.3908
15.3735
16.957
29.2102
87.1481
82.7956
69.2659
65.1497
59.0979
51.9187
48.8111
51.8506
61.9286
73.2652
78.7418
67.5792
53.4735
45.8085
43.7116
41.3297
38.0539
33.0623
27.2394
24.1684
24.259
27.142
32.8506
44.0163
57.4853
63.9668
57.5027
46.6744
43.0985
58.7013
101.833
71.8754
61.6568
60.8415
63.6031
57.4691
56.243
53.4511
55.9872
61.5857
70.3555
79.1334
86.315
93.2748
98.1699
109.165
109.727
88.4772
68.6231
63.6137
62.6012
68.2185
73.8764
85.6631
95.6369
97.8347
80.5597
59.3938
45.6273
33.1277
59.4727
40.1362
40.7485
45.0779
53.3763
65.1626
76.8211
89.9086
112.683
147.87
173.604
156.474
130.734
104.281
92.9455
83.8493
72.5387
69.4985
61.8727
76.9069
94.1461
118.248
153.012
182.062
194.414
184.516
162.451
138.391
105.753
96.5451
123.744
91.423
101.111
111.344
120.199
126.317
131.594
110.671
85.6241
73.5729
65.2638
62.149
60.76
59.8591
57.2719
52.7789
47.9559
46.9466
49.1353
54.7938
64.7372
87.6993
119.246
157.741
162.162
165.806
143.37
94.3653
57.6344
47.0441
103.842
76.0835
71.7215
68.6954
62.9835
64.5875
68.0665
69.6363
74.4286
87.2202
99.1247
102.589
106.002
96.6836
85.6257
78.5818
68.2937
54.1407
41.4121
37.026
41.5731
50.4264
55.9355
62.7829
68.2169
72.3011
74.2142
73.5533
66.9556
75.2898
60.3209
69.6429
76.4623
66.933
60.029
59.8181
63.0672
67.0918
71.7062
76.3117
89.0662
125.048
166.846
179.657
180.472
165.421
151.565
143.897
144.106
146.764
146.486
140.617
128.595
115.309
105.334
101.303
106.989
127.594
155.821
121.308
113.089
105.78
95.0638
79.6947
69.1977
61.6896
58.8934
64.7713
75.4088
89.3607
105.246
117.845
120.306
122.24
119.866
113.683
112.32
113.195
115.665
106.245
98.4291
90.2121
83.2273
87.4786
86.7352
86.3302
81.4562
86.6773
100.264
68.4351
109.787
99.8428
89.8895
79.0213
74.7342
78.676
88.674
94.5075
88.2621
81.6937
88.5914
113.643
138.024
166.169
161.495
145.854
133.776
123.031
109.636
99.8601
91.8718
89.0676
87.163
86.0144
84.417
81.2516
81.8572
80.7292
68.0661
61.5785
86.3455
83.9834
82.9835
79.9925
69.743
60.7388
60.5917
70.6908
95.5081
127.934
162.69
192.048
195.818
156.155
149.75
133.523
111.601
94.164
94.1856
96.2084
92.4603
91.7146
88.4615
98.0844
112.241
130.458
134.136
125.269
98.5421
85.91
94.2411
68.738
55.2989
50.9407
53.1106
59.8249
75.7079
95.4677
128.432
164.546
185.237
174.915
160.561
164.711
159.962
162.742
151.562
151.634
126.33
115.942
138.319
170.717
198.527
227.099
216.677
199.719
183.159
133.949
95.8374
97.975
117.59
115.81
116.195
101.905
91.7874
86.6832
84.2428
82.7432
84.2591
87.2183
89.4565
94.572
102.184
107.001
100.042
112.235
113.681
79.6927
55.0262
49.5884
53.186
62.8619
76.0787
88.2614
99.585
95.521
77.8173
59.0794
53.1637
30.1371
81.3048
66.8871
50.2158
45.9232
49.4719
56.114
62.2472
65.0654
68.2993
63.9601
61.9797
52.5103
47.9797
44.093
50.318
55.1099
62.5746
65.5373
66.8687
66.5242
60.3806
48.4256
27.4551
8.50336
6.82967
7.21829
7.49394
8.99951
11.4993
21.2113
23.644
22.1333
15.8526
13.4462
13.9077
16.2364
18.0371
18.2431
17.4808
16.5975
17.2428
20.7258
25.0976
31.5821
72.1971
124.237
116.335
98.4654
77.6596
66.4869
55.1897
47.0133
43.644
47.237
55.5968
71.5272
80.3651
71.9093
56.7238
50.1016
47.4281
46.5717
43.9691
37.7515
31.4911
27.4269
27.1957
29.8336
35.5415
45.7661
56.9247
60.9619
54.4053
47.0781
46.3722
57.8545
82.6618
82.9194
97.9559
77.3782
61.6153
55.391
59.0608
54.5144
54.5783
52.7778
56.7757
63.2521
72.2561
80.5446
85.8899
90.9541
96.6781
105.187
103.639
80.2666
64.8482
58.8535
63.1677
68.034
77.1399
84.4747
94.804
89.8677
74.9743
63.5742
53.8955
41.3173
47.4161
58.2668
51.1361
40.9145
40.3787
43.9321
52.4262
63.7371
76.1249
83.916
98.4388
136.17
171.089
163.423
149.909
116.294
102.58
94.7887
86.8367
79.9848
74.514
80.1748
93.3605
119.3
147.127
178.628
187.111
177.868
160.032
138.818
109.53
93.7086
113.81
115.507
83.2832
86.9484
98.4967
109.886
118.36
124.736
129.153
106.897
85.9912
71.5984
65.883
63.2174
61.2923
59.4956
56.7773
50.6452
42.5192
37.803
40.45
46.7401
60.3166
81.2026
114.103
144.868
160.431
161.778
138.332
94.0929
61.4049
50.0995
61.3113
83.5342
98.8822
79.4135
68.04
65.9934
62.9389
55.6362
55.6237
60.8148
68.6142
78.0109
92.6049
106.319
104.403
98.1887
86.7991
76.6272
67.0908
57.6665
48.3377
45.4564
50.3019
55.5967
61.3187
68.2999
73.0114
74.5036
77.5878
72.2675
65.4106
69.1053
68.4824
94.1133
77.5427
89.4655
82.1766
68.2334
61.149
60.1712
62.1856
64.7617
67.2724
74.3294
79.9776
100.591
152.84
172.03
179.689
170.736
158.176
148.621
149.787
152.899
152.348
141.937
126.514
113.933
99.6899
95.1879
106.75
131.496
171.319
171.546
163.128
144.568
138.458
117.507
96.6243
78.8822
64.5565
54.0042
50.7584
56.2973
69.4965
83.5747
102.949
117.126
124.679
121.51
119.891
117.145
127.147
130.135
137.488
116.15
98.1035
86.5212
77.1653
83.2882
87.5499
91.2671
85.5469
89.7358
100.003
80.2994
73.6371
111.443
131.802
108.311
91.9491
77.6521
71.0043
75.0927
86.7505
96.7403
90.0158
83.4904
93.7337
126.4
162.978
185.079
170.947
147.606
124.104
106.859
100.311
86.0254
85.7297
83.8954
80.2136
83.633
82.3991
83.117
85.6993
79.9294
71.305
68.4548
99.2099
111.44
111.985
108.199
95.9576
80.6926
66.1551
60.5199
63.0714
75.663
94.4073
120.899
163.478
186.943
177.225
166.198
149.013
144.634
133.01
115.583
107.973
91.1522
91.1182
87.1785
95.8224
105.759
125.23
139.936
150.08
126.483
95.642
66.7549
83.8226
122.296
105.599
76.609
63.0172
56.4633
54.5995
64.1807
79.9822
99.1197
130.611
169.474
180.284
177.643
168.569
175.31
177.852
199.057
188.375
205.057
192.21
179.496
180.136
196.503
212.402
225.597
203.037
190.582
171.637
125.822
95.1591
91.8837
99.9592
111.366
126.163
126.306
114.6
95.1876
84.4184
77.1439
75.4748
77.1423
78.1352
81.4665
83.0362
82.5094
84.8707
94.7644
87.8008
93.5605
114.428
100.329
61.7699
48.9039
48.6394
55.8134
65.7733
75.5127
80.5527
76.7111
67.0134
57.9168
69.1357
70.8415
82.8001
107.385
87.3392
69.5362
52.6137
46.5962
49.2166
55.5279
60.804
63.8858
63.9134
62.3676
55.4489
44.9584
34.1238
30.8768
41.1628
50.7664
60.2224
62.335
66.2673
66.2077
61.2571
49.9483
32.2834
11.4932
5.83812
9.63672
13.7324
18.8939
20.4733
15.0845
6.57361
2.99089
23.1964
21.211
15.6261
13.4446
14.2054
17.1778
18.9329
18.6193
18.3526
19.7771
28.0239
45.093
61.0739
74.7994
106.215
145.774
135.004
92.1365
69.2031
53.5622
45.8347
41.2738
41.0906
42.6833
51.8476
66.8812
79.5046
73.7094
60.8596
52.226
50.8581
51.3291
49.2237
44.7233
38.5653
34.7223
34.0239
36.4495
41.9955
50.3295
56.9845
57.6373
52.2029
47.8567
50.8488
56.5798
56.4661
62.9076
95.5487
77.2895
61.1375
52.8329
53.3675
49.4866
51.5285
51.6691
57.5197
65.635
72.4375
79.0475
82.8172
86.9422
89.9195
99.2386
95.2663
78.2999
62.4134
59.3891
61.7733
68.5436
73.9246
83.1483
84.5513
80.3969
72.4115
67.7853
59.52
50.5396
43.6669
39.4592
43.6988
41.3007
40.9778
43.7552
50.2348
60.6409
70.8638
79.2972
87.7465
114.066
152.759
167.477
159.498
132.641
115.293
105.381
102.703
102.143
93.401
100.901
111.351
126.539
153.729
172.243
184.634
177.636
162.84
135.403
110.977
94.7849
75.9923
67.3804
72.3184
82.287
94.8429
106.381
116.231
120.745
125.924
111.704
88.1819
76.156
69.6026
65.255
65.2555
65.227
63.5132
59.7182
51.1204
44.7087
42.4788
48.2226
58.4428
79.0209
105.36
136.576
154.835
148.335
127.044
87.0311
60.1915
54.1777
50.6982
58.529
87.268
77.3963
68.3987
59.77
52.3688
47.8614
44.7608
47.2014
56.6427
70.5348
85.4853
93.3587
99.9732
90.2684
80.9151
76.4717
71.4689
67.4344
63.268
61.9186
64.0419
67.3614
73.3214
76.9771
76.8986
80.0208
76.4859
68.4771
65.6462
65.1422
69.511
91.3601
97.0077
92.4051
82.3118
68.6861
61.471
60.1273
59.991
59.7521
63.0553
66.7118
75.6913
88.0405
116.553
160.539
175.128
174.428
167.054
159.103
158.219
157.677
150.08
134.613
118.503
106.706
101.32
95.4639
91.165
126.611
172.397
195.907
154.513
109.971
139.448
118.981
97.1124
76.4503
60.6717
48.1094
43.7514
50.7645
63.9497
76.6112
93.6984
111.971
118.615
117.808
118.52
127.463
141.073
153.696
164.858
145.551
127.047
111.789
96.9686
100.657
97.3142
96.1104
87.4518
92.0095
97.6334
81.3832
59.7508
93.4843
133.208
111.356
91.9919
74.7312
65.1707
68.2912
81.8034
95.3881
93.8403
84.9459
95.0516
131.346
167.25
195.219
171.637
147.719
118.815
103.202
96.8004
88.7646
88.633
84.5313
82.0931
85.9399
87.8271
90.026
91.8213
79.1165
71.4143
68.6458
88.6316
119.581
144.084
123.475
96.3224
71.2595
60.5404
59.2617
66.4785
75.7711
90.5791
117.706
149.568
171.973
179.593
169.177
156.173
150.455
153.176
149.792
143.438
122.931
121.838
113.185
119.328
129.69
139.099
168.694
151.512
119.557
80.4257
63.5185
75.2573
105.171
108.281
82.9991
67.5064
56.3452
57.505
69.2163
82.5695
99.7192
124.891
165.211
178.723
184.303
178.759
187.204
196
217.327
237.01
250.198
252.096
244.702
236.902
224.682
237.99
220.496
196.126
183.303
151.748
112.517
89.0318
80.1583
58.3994
76.5121
127.137
130.027
111.566
91.2872
79.9867
69.9498
62.6046
63.8329
69.4608
76.0976
80.4331
78.6889
73.0518
80.3326
80.93
77.142
97.2865
112.321
79.8385
50.8588
44.6678
47.8724
53.7202
60.0438
62.6098
61.31
58.2523
56.9869
81.3316
87.0573
59.9903
60.4216
83.8385
71.601
54.0693
47.4367
48.7398
53.8258
59.6328
62.4156
63.6897
59.5089
55.939
49.9157
42.2551
40.9076
47.46
55.5385
61.01
63.3585
65.8975
66.4028
61.2332
50.736
35.4054
16.0119
5.32721
6.24953
8.5355
10.1635
9.57669
8.46426
3.10912
2.73769
21.9984
20.3532
16.066
13.3233
14.2344
17.1554
19.526
19.2601
19.5181
22.2222
34.3888
57.1807
78.8264
94.4435
111.439
114.834
87.8707
53.1116
38.2753
31.7212
31.2212
35.7177
38.7213
41.204
47.7438
60.8811
75.4091
77.4912
63.8656
55.5707
53.885
53.9078
54.9087
53.0585
48.9486
45.4026
44.3105
45.9404
49.8772
54.2853
56.2951
55.3949
52.3187
52.5011
54.7195
55.4717
54.2612
63.0532
95.193
77.3066
61.9259
54.5482
55.2597
52.5459
54.2785
58.0292
61.6357
67.8659
70.8054
75.4002
77.9666
80.2895
82.2752
89.1771
91.1492
76.9581
64.3958
58.9654
60.0423
63.8761
70.4528
72.4244
73.7533
71.4849
67.701
66.5552
62.2496
57.0334
51.7279
45.3637
42.5913
42.0006
43.0728
45.5411
50.3465
57.3765
65.4282
73.0025
77.1543
91.6868
126.388
154.008
160.342
148.145
128.884
119.927
112.299
118.275
118.028
119.839
129.069
140.02
152.358
169.211
170.68
169.374
153.098
128.523
107.614
94.4039
77.1138
68.2168
71.029
79.6156
90.0634
101.861
111.419
116.69
119.522
112.448
95.2176
83.5533
75.0499
72.4869
70.6652
71.6645
74.1864
74.1271
71.2662
62.9283
58.6603
59.2983
66.4135
79.2074
101.092
122.906
133.976
129.784
105.022
74.7208
57.3408
55.0006
52.06
54.3337
73.9307
70.2599
66.4117
61.5499
49.5913
38.742
37.1278
41.6256
49.5246
58.7105
73.3279
89.2171
92.3883
88.4376
80.2085
76.9816
75.339
74.301
76.7182
78.4338
79.7715
84.0627
84.8066
82.1102
84.0143
77.5625
72.3364
66.0986
61.1037
60.4965
67.9673
86.7391
94.8746
88.1286
81.3351
67.6336
60.8302
58.1601
55.6131
54.7343
54.0612
59.3917
67.8116
76.4568
98.0974
147.686
169.169
175.371
174.329
170.457
166.595
158.342
143.646
130.529
116.509
115.91
116.108
109.823
98.4041
121.638
171.759
202.252
165.878
119.002
136.946
118.366
93.8747
72.5
55.8944
43.3588
40.974
48.6559
58.5783
67.6442
83.33
99.3337
109.796
111.377
119.975
129.288
156.56
165.341
192.676
181.125
169.143
155.595
140.178
129.761
114.185
107.057
92.0807
93.543
91.3612
81.3762
70.5859
105.839
135.268
111.582
89.2728
68.9527
56.1752
58.7744
73.6469
89.0576
95.2229
82.9563
93.9406
123.392
167.617
206.12
187.677
155.844
132.969
123.455
109.822
106.257
100.505
97.1921
96.0165
98.423
99.7722
101.29
90.9818
79.859
77.515
91.0364
122.121
154.715
138.838
102.759
73.9929
57.9223
52.8687
57.8307
65.5665
73.3762
87.1414
107.265
133.162
158.799
176.008
181.952
173.525
172.749
168.77
174.083
170.159
157.909
160.422
148.42
157.536
163.33
165.473
181.191
147.374
97.4182
75.4393
72.2495
91.0976
110.651
104.865
80.7089
62.0774
53.7979
60.0787
71.8237
83.2299
96.2452
116.19
149.051
171.107
191.837
188.455
197.757
211.381
223.727
246.044
262.368
277.503
280.003
275.701
266.139
253.247
227.504
197.856
164.948
128.265
99.8417
82.6205
70.7596
56.4647
78.2778
127.752
129.75
108.542
89.1357
76.4228
61.1224
45.9077
45.1059
57.7841
69.2073
79.365
79.3263
68.8345
64.3097
76.1945
67.9623
77.1908
103.277
106.377
65.1164
45.1106
41.6134
44.0355
47.5197
49.7259
50.8043
50.8314
54.89
77.5203
88.9456
60.4817
52.6344
74.7925
78.6688
64.2755
49.5196
48.7361
52.5796
57.0803
60.7589
64.2244
63.2008
60.0851
58.7045
58.9363
59.3604
60.977
64.2705
65.5853
66.4119
67.1832
66.2928
60.427
50.1445
36.1877
19.127
6.57235
3.97398
4.74292
5.37964
5.55307
4.64796
2.30394
2.50291
20.549
19.3477
17.6701
13.8615
13.8748
16.822
20.0407
20.7705
20.4125
22.1399
31.8434
52.4803
71.5364
75.3436
70.0886
58.4626
42.5895
27.7247
22.9395
23.0971
27.0718
33.0202
38.5395
40.2253
45.7313
56.2225
72.2393
75.1544
68.785
60.3951
55.947
56.6216
58.4977
58.8588
58.4477
56.3338
54.7618
54.4956
55.2028
55.4293
54.4694
53.0189
51.5532
51.945
51.2372
53.1177
52.4981
59.0957
87.8579
73.6998
64.991
58.8364
61.7109
62.5471
64.2222
66.8446
69.2075
70.507
68.491
69.8912
70.4512
73.9435
73.0158
80.1283
84.562
80.2284
66.8853
59.8558
58.0954
59.9095
60.4459
62.6784
63.6419
62.4437
60.4628
60.8967
60.0055
60.9788
59.9573
55.4626
49.4277
46.5933
46.4029
49.029
53.0452
58.8623
62.5187
66.6433
68.9966
74.5171
97.7769
126.365
148.306
153.429
143.359
128.881
125.651
124.299
131.99
134.332
140.28
147.891
153.796
155.874
158.434
152.442
137.724
116.782
100.347
92.1248
81.7259
75.8736
74.7886
79.1238
86.1563
95.288
105.213
109.69
112.47
111.518
101.555
90.1617
85.751
80.5922
79.3711
80.0479
83.0368
88.2655
90.0244
91.3429
84.7087
83.3149
82.9986
89.5074
101.164
107.813
113.286
101.956
81.5239
61.9945
51.5933
51.4069
51.3711
50.9953
60.0519
65.5341
67.4243
65.7105
57.1204
43.1097
34.6635
39.0674
47.9828
54.8875
60.2716
72.2067
81.4909
82.7969
76.7486
75.1842
76.7765
80.4549
83.6116
89.2381
93.4507
92.9408
89.0873
89.5241
83.0669
76.4691
71.4214
65.3881
60.6085
63.1336
70.211
83.0885
88.5891
82.8142
74.5016
66.4641
60.1726
54.607
51.262
48.0972
47.6976
51.5587
57.7799
67.8022
85.8157
132.686
161.589
174.074
176.738
176.548
169.135
154.563
141.307
126.715
121.758
125.086
132.246
137.057
133.8
151.589
186.24
203.849
151.69
124.61
132.161
109.096
86.6532
66.7382
50.682
41.8524
42.2318
48.8222
55.4693
59.8458
72.3503
88.1507
95.0124
105.001
118.215
131
155.389
169.826
187.227
189.149
187.259
183.776
157.147
145.261
123.93
110.517
99.0351
93.9864
90.972
86.6268
83.9808
118.44
135.302
107.964
84.1143
61.6447
45.8534
48.5524
64.7575
79.6377
89.5959
79.8604
86.6843
113.497
151.348
203.878
195.874
187.454
164.348
148.417
133.617
132.339
122.03
121.164
116.667
117.993
116.858
106.145
91.774
86.0892
92.2889
111.543
133.922
138.44
115.255
77.7078
56.5669
46.1663
44.1297
50.3257
59.9702
68.6958
79.2712
97.1437
116.287
136.353
158.52
179.693
198.084
212.969
221.587
224.438
223.081
209.389
211.634
193.765
198.414
212.255
187.967
179.787
130.536
88.2221
77.52
84.6844
101.289
106.078
94.4045
67.5024
52.1648
48.6186
56.4191
69.7307
81.2608
91.2873
106.025
127.687
152.592
180.346
189.305
207.776
217.529
225.789
241.072
249.241
262.244
264.216
264.86
250.162
234.52
215.266
171.006
138.099
110.41
91.3062
77.3268
65.8973
59.5087
83.2368
124.652
125.817
105.184
87.0567
74.0261
61.1993
47.3601
48.5294
61.0108
70.685
77.8988
81.3616
68.8589
54.4972
65.9344
61.4376
64.4548
83.4913
108.661
101.3
60.0555
44.225
40.9556
40.4636
41.1927
41.815
42.8181
45.6351
56.3573
78.0913
49.8863
43.9193
63.9525
79.3599
78.9113
60.9019
50.9259
51.511
55.7924
59.3358
62.7192
66.4719
67.7964
67.2929
69.0634
70.9965
70.9593
72.3128
70.1028
69.6763
68.842
65.4232
58.6133
47.9514
34.5564
19.2848
7.07331
3.25859
3.21117
3.4034
3.46564
2.7806
1.98925
2.37546
18.5614
17.681
19.4715
16.1128
14.2811
15.6078
19.8446
22.4803
22.3316
21.9001
24.0372
34.2903
49.3396
51.7589
43.3718
35.2717
28.8719
22.6758
22.4726
26.4414
32.8437
39.132
42.2509
41.8019
43.9728
52.8526
65.9111
73.9549
72.7481
66.2774
62.1975
59.4958
59.7235
60.4818
61.554
61.0125
59.6794
57.7907
55.5968
53.0977
50.06
47.609
45.0476
43.8985
42.9357
46.2252
47.4906
52.2723
72.6817
68.0369
65.5793
63.4419
66.3915
67.998
72.3665
73.7329
75.1727
72.7544
66.4292
63.816
63.9312
66.4401
64.9215
70.322
77.907
80.7299
73.5942
64.5198
57.8158
55.3425
53.6958
54.5806
53.6447
52.8906
52.3253
53.3397
55.6571
60.7832
63.2933
60.4794
54.9431
52.2902
51.3937
54.4683
59.312
63.4702
64.7973
63.3449
62.481
62.4768
74.377
97.0524
119.007
141.894
147.721
144.939
132.137
130.389
132.878
142.31
143.281
144.298
148.366
144.362
139.491
134.227
117.641
100.323
90.3397
88.0106
84.6764
82.026
80.3589
81.4735
84.6597
90.0474
98.3235
102.632
103.076
106.563
100.039
100.052
95.7623
92.7957
90.3734
90.4137
92.9114
97.8843
104.933
105.493
107.844
102.723
99.1636
98.4608
94.0393
92.8699
84.45
72.2519
59.0129
47.7998
43.6103
46.5856
49.0795
50.2099
54.0405
59.6275
65.4405
69.4991
66.8535
57.3899
46.6917
44.0998
49.4032
53.6621
53.8854
59.429
69.0756
76.294
74.0442
73.6009
76.1618
81.8349
87.8818
92.6322
95.9534
96.4383
97.0755
91.858
85.832
82.6858
74.967
70.4571
67.0944
68.3797
73.0357
80.333
79.7836
74.422
68.1022
60.8569
54.3006
50.9915
47.0928
44.0272
44.2028
46.1331
52.7173
60.7932
75.801
115.116
149.671
170.478
178.069
177.222
167.988
155.426
147.155
132.25
127.486
132.552
142.643
156.32
169.222
184.032
194.969
170.182
130.794
122.335
119.768
95.3942
75.7981
58.465
47.6892
43.6543
45.6909
49.9001
52.3439
53.2026
62.3743
75.9638
83.6821
94.3377
115.773
127.128
150.699
156.694
177.748
171.657
173.5
159.236
150.534
136.848
125.528
106.961
104.584
97.2707
94.3449
92.2129
100.479
125.941
127.311
98.369
75.0833
53.9114
40.0176
44.7067
59.2218
69.889
79.4572
73.8247
76.7734
97.4713
129.672
173.443
198.346
211.354
201.301
192.311
172.776
166.361
152.725
153.428
145.485
133.233
120.774
105.037
94.6827
93.0977
101.99
114.547
118.582
105.516
80.2779
58.9558
45.4106
35.7598
34.8987
42.1475
51.8679
60.453
68.885
85.2476
102.436
116.306
131.739
153.735
180.982
233.363
249.215
272.376
276.509
254.266
258.91
243.096
240.328
219.487
203.001
151.057
113.575
87.8192
82.6327
93.6568
100.624
98.2469
77.8405
54.057
41.435
38.6278
46.9639
60.0262
74.9116
84.1035
95.4621
109.867
126.037
151.499
175.927
211.44
225.902
232.291
238.445
240.928
244.239
241.1
236.95
221.504
208.938
188.888
153.901
126.033
104.665
88.1472
75.4904
65.8241
63.4395
86.1969
117.667
116.048
100.419
85.7569
76.3779
71.0164
69.0117
71.981
75.9252
82.6213
86.2586
83.2089
71.4181
51.3188
53.9978
59.0179
57.0972
65.847
88.9833
112.439
105.236
66.0378
48.4569
43.1829
40.59
39.0967
38.1284
38.0208
39.5864
45.1003
41.3263
51.4929
67.5766
79.4724
84.1787
83.4401
61.2059
53.5643
54.7657
58.7381
62.39
66.4062
71.8955
75.1533
76.5046
78.3703
78.1579
77.7948
73.9644
71.9713
68.6202
62.9505
54.8469
43.6593
30.5189
16.1942
5.95073
2.78344
2.5822
2.58186
2.48998
2.05421
1.76319
2.26419
16.4104
15.5846
19.5178
19.8841
17.7647
17.3516
19.1921
23.2779
25.5978
25.4639
24.4513
25.1572
29.6693
34.3379
32.0283
27.8759
25.4508
24.024
27.2893
35.0458
42.0521
44.5633
45.207
42.7479
44.9751
50.5212
61.4212
71.2196
73.493
73.7791
72.0789
67.9448
65.6226
63.4531
62.6574
61.6387
59.6207
56.7916
53.1212
49.2055
45.1309
41.3279
38.0013
36.3136
36.3912
39.5544
41.9159
46.8256
56.996
60.7359
64.3031
66.6132
72.3902
74.629
77.1535
79.5717
76.6782
74.1821
62.9718
60.7599
58.168
60.8166
58.9169
61.0734
68.3301
76.7508
77.7559
73.5517
64.6118
58.4832
53.5684
50.4292
47.9291
47.1504
47.4937
49.8149
53.5044
57.5404
60.2539
57.9861
55.799
55.7679
56.7554
61.0431
65.7021
70.1736
68.8238
64.9768
60.5207
56.3011
59.5083
72.3665
88.293
109.139
131.352
144.298
148.001
141.475
140.248
136.636
143.52
139.852
133.819
131.073
121.331
109.791
94.5119
83.012
79.4082
83.0678
84.6621
86.019
86.2392
86.8611
86.9661
88.3635
93.5285
95.6226
92.4956
94.3895
100.126
100.22
105.185
106.397
107.939
107.372
107.138
107.784
109.447
112.626
109.024
105.483
99.3488
90.6928
82.8014
72.1363
61.6254
52.0827
44.0505
39.4765
39.8476
42.9416
46.3081
49.0715
52.4084
56.3147
61.5587
68.0389
71.9425
68.7684
64.8155
62.0743
59.7793
57.6912
50.9675
49.533
56.6979
66.8959
70.2461
71.8052
73.9799
80.1432
86.8486
93.0928
97.7788
101.433
99.4301
94.0235
93.6361
83.8566
80.7266
73.2616
71.7252
70.1796
71.2357
71.0734
67.6122
60.4454
55.7839
51.0877
47.7764
45.1486
43.1163
43.3662
43.4939
46.9338
51.5693
57.5281
67.7601
99.0896
128.682
151.189
167.751
170.767
169.575
164.403
154.757
141.66
136.843
137.522
146.665
158.15
161.856
163.39
149.09
130.196
115.655
109.128
97.7437
75.7861
61.3954
51.8829
47.4812
47.5949
49.4562
50.5607
49.2392
48.4012
56.0203
66.48
71.7425
86.2061
108.45
124.517
140.255
151.27
176.664
179.124
183.493
186.26
175.673
163.994
150.67
133.476
125.59
112.214
106.559
105.204
110.711
117.296
107.618
82.8236
65.0443
52.67
48.4151
53.1036
60.2054
63.1273
67.3504
68.8162
67.4334
82.8173
106.014
140.44
162.637
200.106
212.817
216.382
193.104
195.812
169.706
162.086
148.344
132.781
117.909
104.539
97.6028
96.5877
99.9177
100.567
93.3114
78.1843
61.1699
46.2294
35.8808
26.8729
30.4841
38.0735
42.9489
51.4034
56.4994
71.313
90.0745
103.139
114.184
128.525
149.121
187.734
204.13
238.409
241.357
251.712
244.151
228.571
229.149
185.272
163.93
126.475
105.765
93.4612
92.5941
95.4788
94.5591
83.6179
63.7016
42.9684
30.7431
30.848
39.7089
46.4484
62.7934
74.7138
85.0843
97.6876
110.494
122.494
146.956
171.238
217.581
240.377
242.811
249.889
243.204
238.694
228.641
215.072
201.298
183.375
157.202
129.702
107.274
89.0717
75.7756
66.8422
68.2183
85.431
104.946
102.173
94.1368
87.2105
85.2701
88.0313
93.193
97.3585
100.649
99.7831
97.0993
90.0519
71.5587
50.5486
44.4863
56.128
52.6636
55.912
65.9868
85.2674
107.788
109.81
83.1405
63.6791
54.5816
49.1835
46.1976
44.2742
43.3551
44.4657
57.0174
66.3482
71.3709
74.4028
76.3018
75.7788
70.2745
59.2364
56.7611
59.2069
63.4094
67.491
72.0066
78.2793
81.5819
82.3708
83.0319
79.5103
75.7556
71.5446
65.6433
58.0998
48.4993
36.7511
23.0557
9.55051
3.42067
2.2975
2.26889
2.25872
2.12345
1.83057
1.63704
2.18888
13.9311
13.026
17.7505
21.49
23.2706
23.5305
23.9622
25.803
28.1392
30.0932
30.9546
29.6582
28.7442
28.0467
27.3714
26.0323
26.8775
30.3614
36.9842
43.3202
45.6463
46.3159
45.0518
44.7141
44.829
49.0852
58.8313
67.0742
73.1205
77.6589
81.8439
81.7223
80.5727
77.004
73.6762
69.4562
65.7544
61.2964
56.9036
51.6529
47.1911
42.3911
39.212
36.5289
35.9258
38.034
41.3309
45.4224
52.9222
58.9988
66.7318
71.5056
77.579
80.3761
82.103
84.7837
76.4179
72.7629
61.8051
61.5336
57.8871
59.2622
55.242
55.3386
59.5431
67.8854
71.8039
76.2572
69.4481
66.2243
57.1283
51.7334
47.0168
44.6586
43.6611
44.8466
46.8648
49.8557
52.0736
54.114
55.1885
58.2883
62.0525
67.493
71.9893
74.7388
73.7664
69.3554
64.085
57.4329
54.059
58.5585
67.3084
80.1371
97.2257
122.471
139.767
163.053
162.808
167.521
163.373
157.132
143.473
126.255
106.735
89.4133
75.2608
67.6982
68.1456
74.6736
80.3722
86.4928
92.1895
94.4246
93.6353
92.8186
93.8598
88.9207
87.8218
86.4335
93.677
98.3843
106.941
116.531
124.943
131.569
135.252
136.283
136.755
132.958
124.506
120.641
102.947
96.1153
81.9248
69.47
60.3919
52.1123
46.5312
44.4871
43.7777
43.9287
44.6667
46.1014
48.6152
51.8954
57.2284
64.8397
73.1811
77.0701
78.2456
79.0747
75.8246
67.2383
55.4172
47.0413
48.7474
56.2856
63.726
69.349
73.4844
79.5534
86.9916
94.0322
97.8972
97.9652
94.3979
93.2756
86.4311
80.0929
78.1924
71.5103
69.5388
64.6678
61.0694
56.422
50.6526
45.1009
42.4112
41.1015
40.5157
41.9601
43.0652
45.173
47.665
50.2274
53.4216
56.7795
63.0927
83.7994
114.69
135.144
153.436
166.303
173.03
179.067
173.286
158.046
148.868
149.029
149.751
152.284
147.909
140.356
124.388
108.508
94.1548
82.3012
69.6981
55.0408
49.7593
48.4002
49.6467
51.3128
51.5077
49.561
46.3317
45.8443
53.3455
63.1172
64.0043
74.4215
94.0836
117.729
142.133
162.55
186.756
198.691
213.605
212.308
203.734
195.525
185.377
169.559
158.396
137.086
122.399
108.968
99.23
91.2989
80.9264
67.8816
63.3206
63.9239
66.0267
67.0066
65.6933
60.4131
59.4903
63.6394
60.5917
68.3739
85.7912
110.347
131.207
152.125
162.182
166.209
166.432
162.1
151.131
143.198
131.521
120.618
111.263
102.943
96.2316
91.6744
86.8367
79.6135
70.5239
60.3166
50.6448
41.8927
37.9111
38.3057
39.9152
40.1876
37.911
44.0738
45.6386
54.9477
73.8929
91.7887
105.373
120.188
139.004
162.675
187.272
206.071
214.719
205.486
201.49
187.706
181.419
159.354
142.096
128.591
111.526
101.011
93.4451
85.1376
77.0181
67.3535
53.4342
41.2471
37.1624
39.704
41.7516
39.7841
45.8663
63.0116
72.1324
85.4946
99.0322
112.204
126.002
141.9
173.782
188.414
235.684
250.425
253.839
247.357
239.368
225.468
203.625
181.824
151.817
129.354
109.597
93.3774
82.7407
76.6299
75.2844
79.5797
85.4666
83.9238
85.2754
90.5212
100.081
111.467
121.334
126.631
124.638
120.439
106.759
90.3557
68.2337
47.085
42.0473
55.7006
52.8336
50.3515
53.9204
60.9927
71.1426
84.9627
90.2508
86.9207
77.9227
70.0464
64.4776
59.6214
55.4539
52.1826
50.3273
48.9097
52.3826
51.9623
49.8853
47.5318
48.4184
51.0867
54.4985
58.3921
63.4652
69.3758
73.6314
78.005
83.2148
84.5988
82.8807
79.0768
74.1508
67.7756
59.7875
50.1644
38.939
25.762
10.8593
4.01604
2.34199
2.17212
2.11464
2.05153
1.93934
1.75263
1.59217
2.09973
10.2206
15.5646
22.7976
28.7843
33.1829
35.8422
37.3839
38.1412
38.6853
39.4664
40.034
40.9541
41.2486
41.1683
41.6461
42.8462
45.899
50.3578
51.231
51.315
50.1029
49.3604
48.734
49.3466
49.4297
51.5631
58.8325
64.3344
64.3197
65.0205
67.5958
68.483
70.2416
69.6425
69.8011
69.3457
68.8255
68.6294
67.7537
66.2523
66.0242
64.3387
65.902
63.9511
65.6036
65.3304
68.9273
70.0423
71.9953
71.7645
74.3945
73.4607
73.5064
72.6086
69.3391
73.7452
68.845
70.7048
69.1273
76.5441
77.2836
76.7838
67.2935
60.9444
58.7467
63.4273
66.5085
72.5717
72.0773
70.5839
65.8288
62.9795
58.6356
55.2974
52.8738
51.0133
49.9033
50.2646
51.9709
54.7706
57.4128
60.3135
59.7043
58.0896
52.8374
50.5026
50.0585
54.4022
62.7218
67.3868
65.8483
65.6575
69.043
74.3668
80.031
90.9852
99.424
107.585
113.466
132.959
128.596
132.505
127.825
118.019
107.672
99.3305
92.4058
89.0295
87.7839
89.7869
89.4198
89.5494
87.7032
83.6927
82.3745
87.4757
101.303
100.093
117.686
113.875
120.038
117.408
121.011
122.032
127.747
130.252
131.565
131.629
127.698
129.259
116.06
116.392
107.63
91.8556
91.1969
81.6209
76.169
71.6749
69.93
66.8907
65.1683
63.843
62.4593
60.9388
59.8753
59.4469
60.1528
61.4692
62.8827
62.7483
60.9528
57.1135
55.2561
52.5046
47.0454
45.6796
48.6204
54.404
58.7578
64.1506
67.5838
74.3137
83.1324
89.2706
93.9201
96.6954
92.5628
83.2147
76.4573
71.9709
64.44
62.3108
58.7484
56.1205
54.1765
52.321
50.1698
48.7668
49.1865
50.4843
51.6484
54.4451
56.5047
58.1745
59.8204
59.5292
58.8632
58.2414
57.2869
61.2285
80.1067
86.8435
90.3522
93.8987
100.467
107.06
104.894
98.545
90.479
85.8364
86.6456
90.51
82.6715
91.6769
87.4957
86.6515
79.6918
72.6773
64.1955
57.4337
55.64
54.7813
55.3802
56.3743
56.7788
57.157
57.2661
59.482
68.2717
78.6511
79.2087
70.1267
65.7003
64.2092
72.1213
75.4577
89.3435
107.629
113.348
129.921
128.588
139.949
131.005
140.71
128.62
128.18
120.115
111.621
103.423
96.1498
87.5341
80.7358
75.2364
69.6378
62.3216
56.8471
52.8253
51.7925
63.6061
80.4264
72.8082
44.6267
41.1802
51.3247
59.5709
75.5063
80.7361
83.6251
91.1387
92.9512
95.0975
96.0564
95.9907
94.7127
93.209
91.6457
90.1548
88.8805
87.4222
85.6647
83.4616
79.6567
74.907
68.4823
65.4674
60.6594
53.3997
45.5376
36.6689
38.1694
44.3131
41.1809
39.5531
47.3917
60.8388
74.6107
91.4752
100.102
134.094
124.963
135.541
142.283
134.111
139.414
129.562
133.466
122.727
118.009
114.828
106.316
100.539
94.6262
88.6801
83.0172
76.3348
70.8749
66.6272
61.9491
54.2713
45.6177
42.3518
54.342
45.0402
52.1183
66.4888
78.0304
92.8849
95.7967
122.214
113.073
153.15
128.561
168.818
162.453
149.062
158.206
138.59
131.481
124.552
118.016
113.337
108.812
106.77
105.213
104.125
103.26
101.943
96.7945
96.4659
98.9586
103.332
107.022
106.975
102.886
93.9001
87.6218
75.3859
61.0281
51.0516
52.1962
64.0377
82.1919
78.1578
61.4845
53.7088
54.6853
56.8449
59.0888
61.0702
61.8787
63.415
62.5886
60.432
58.1428
55.4705
51.4351
47.4225
44.8051
42.5758
40.0849
38.9639
39.1928
41.4415
45.5077
50.878
56.5433
61.7119
66.2823
70.9875
72.9037
71.9482
70.4806
66.9396
64.8648
60.946
57.6629
52.2684
41.7423
22.3562
7.96673
3.91918
3.43097
3.05283
3.06943
3.00222
2.91807
2.82834
2.57402
2.27354
1.92419
3.319
7.62718
9.04852
10.0199
10.4629
10.2447
9.33932
8.42093
7.62652
6.94161
6.00815
4.77399
4.9376
7.19939
27.3178
36.6084
49.6501
57.9783
66.0406
69.4091
73.1367
75.0096
77.3126
79.9762
81.2849
86.8001
89.5357
91.4361
97.3417
96.1663
101.175
97.4948
99.1099
93.3946
91.7409
83.0304
74.9501
59.9084
39.7007
30.1546
32.4445
29.8766
24.0095
16.2553
56.7263
83.1031
91.8247
97.0549
94.4741
97.2253
89.9841
90.5607
88.137
89.2133
89.9894
91.2369
93.3041
95.5138
97.7126
100.682
102.594
104.331
102.78
97.1735
87.0306
79.4669
65.6224
55.2583
41.0897
26.1531
17.4972
17.9394
19.11
15.9639
43.4047
52.2828
53.8503
56.9039
60.1134
64.9581
69.9183
75.6642
81.6054
88.0298
95.4953
102.464
112.183
119.294
133.2
128.078
153.068
135.654
144.327
131.071
122.125
110.218
99.5574
85.6791
67.9488
52.4155
38.1989
35.6333
36.4525
30.0829
64.9889
86.6128
100.555
115.016
128.059
138.341
148.901
157.847
166.87
173.841
181.278
185.684
191.79
194.526
195.828
197.705
173.298
183.424
140.123
147.585
109.79
104.465
88.1417
77.9522
61.4204
41.0377
31.9981
26.0267
23.2527
22.3698
37.0803
44.5814
54.1171
63.9807
72.0905
76.2138
78.3208
79.3267
80.2287
81.5944
84.519
88.8368
94.8379
101.975
108.297
112.812
120.006
123.641
117.605
113.759
112.994
107.088
94.133
95.4157
89.5528
83.5219
78.5947
69.9692
54.9083
40.0769
25.5151
31.5401
32.0868
33.9242
38.5327
45.5477
52.2287
55.1075
61.2789
64.4599
71.6269
75.0182
91.0176
95.8943
94.5647
95.411
95.2835
98.0987
100.007
102.74
104.141
105.418
104.605
104.388
101.485
98.6497
93.1234
83.5423
65.4012
44.1115
27.7016
36.0976
35.8105
45.9806
63.0089
76.2292
82.1126
87.174
89.3665
88.1356
87.7143
84.2441
81.9815
78.5746
75.8128
73.7179
71.43
71.4024
70.0466
72.1575
68.1132
70.4671
65.3749
65.8997
62.542
60.5675
58.2533
54.6556
48.7002
34.9315
14.8137
24.7457
37.7548
55.6438
72.0763
83.9541
90.6903
98.265
98.3249
98.0248
96.7408
93.7333
95.0549
93.4332
92.1725
97.7414
93.0861
96.9918
91.5708
88.6231
82.1038
70.5594
66.7016
60.6668
52.5382
46.8375
38.0647
27.9537
17.9115
10.7265
23.4625
30.8078
43.6632
56.0266
64.504
69.9413
73.5487
79.1892
83.6551
90.9641
99.2317
119.181
117.708
132.156
137.944
135.328
136.977
139.604
138.169
129.416
138.926
102.318
101.926
88.0468
81.8477
73.789
64.575
54.7664
43.3705
37.869
42.6776
43.1248
57.9233
67.5217
73.3244
76.4622
77.2403
76.0153
74.675
76.9518
82.9224
90.6349
98.773
111.151
121.867
130.51
153.402
151.105
170.237
160.085
154.696
140.724
124.747
109.147
94.1285
82.165
79.8108
79.3564
74.6002
69.3705
37.5272
51.2308
52.7737
60.2786
71.4246
78.5385
89.6665
91.8883
97.8285
95.3575
94.9297
92.4917
91.5962
91.3582
91.8247
93.913
97.3383
100.477
103.374
106.878
102.15
96.7776
87.9479
79.5536
62.9443
45.9271
25.7581
14.9435
6.57565
3.77582
10.9
9.22304
12.0112
16.4246
21.5253
18.1238
19.9086
23.539
27.2937
33.3119
37.7805
44.5105
47.631
52.2449
52.6579
51.1678
47.0939
40.0768
31.6232
21.6026
11.0341
6.16438
5.28989
4.9553
4.92679
5.45136
5.24185
5.12539
4.71722
3.79252
6.72341
11.1328
13.4181
15.7903
17.2855
17.7236
16.4888
14.6194
12.883
11.7474
10.6641
9.02304
8.03149
12.417
30.0826
30.0467
42.7402
47.2472
50.1206
47.7318
47.4702
45.32
45.5174
47.0495
49.8723
53.4434
59.5913
63.1427
70.0382
73.7691
79.348
81.9514
84.8281
86.9072
87.1459
88.6788
86.6183
81.421
64.1057
46.9949
37.8928
30.3941
27.1041
28.2686
60.2507
50.2465
53.6227
59.62
55.9783
59.6232
56.2293
59.5826
60.0344
64.7871
66.0583
67.8423
69.2826
71.0347
75.1696
80.7604
87.7445
95.0851
101.583
107.68
110.304
112.012
111.012
106.782
95.782
70.1178
40.2982
21.665
15.5644
22.8484
46.9146
31.7981
32.4128
36.1743
40.7575
47.3641
55.927
67.2638
80.02
94.1308
108.922
125.358
143.318
159.711
182.36
198.753
220.237
229.8
252.319
228.187
205.997
184.208
160.39
135.61
108.185
86.3284
63.549
37.4875
31.4695
40.1712
69.3113
59.1609
74.3952
89.9609
104.449
119.346
136.136
154.419
173.93
193.797
213.249
230.799
221.924
218.006
207.036
201.019
196.695
193.16
187.516
181.019
170.604
159.519
148.479
134.376
112.039
76.5571
45.714
26.4088
19.8877
28.6545
51.4809
39.7493
45.9167
51.106
53.121
53.4682
53.5812
55.2092
58.7596
63.7161
68.8303
74.7717
84.6194
94.9311
106.073
119.126
130.163
139.541
139.85
144.951
139.067
123.97
115.773
109.398
97.3364
87.1981
74.2125
60.32
46.5795
61.6587
33.1067
28.8372
32.7349
42.0281
57.4283
69.9629
73.4253
73.9373
76.1292
89.3136
113.417
118.971
112.129
103.249
91.0406
83.7511
76.2086
74.5384
75.6097
79.8047
85.7197
91.4465
96.5756
99.298
99.7734
98.0024
93.3335
85.7631
71.1199
71.7491
47.666
52.9578
62.9872
79.5275
91.0761
97.4607
93.0056
88.5464
83.1922
77.6687
72.9515
67.7751
62.3237
57.4151
53.2575
50.2586
49.5589
51.0016
54.0923
60.4932
65.1032
73.059
76.8063
79.0668
78.7805
76.3916
71.6992
64.9245
54.6525
51.496
47.0258
50.0362
54.3908
63.2417
69.9587
74.5737
72.4121
71.1478
67.3262
63.6504
62.3627
62.8309
67.149
75.8339
85.6191
98.5726
107.951
119.993
126.44
118.852
115.829
98.6571
89.3584
79.9286
71.857
66.6698
59.7724
52.4336
41.1025
35.6705
47.2449
31.2927
35.4739
39.8598
42.3227
43.5203
45.8194
51.8731
57.0936
61.838
75.1843
103.945
125.23
147.41
173.232
186.692
202.922
212.622
211.46
216.125
205.51
167.601
146.291
124.347
105.814
85.4188
69.0448
53.4741
38.7303
47.8374
76.809
38.018
42.5082
45.4395
46.1742
45.2998
43.4435
45.5849
55.3168
70.3613
84.9939
100.143
120.022
137.637
166.095
192.049
216.752
246.606
253.767
270.495
250.671
230.372
204.439
175.897
144.654
111.628
83.5324
60.9924
47.7387
82.3111
81.9131
46.3766
43.0149
49.5084
58.8361
66.1229
70.9231
71.3954
72.1064
70.1349
69.8882
68.499
69.754
72.1778
75.8688
80.641
88.2822
95.407
103.363
114.67
123.649
132.079
137.663
134.845
124.093
107.987
77.7601
52.7705
34.1943
14.6871
25.0817
24.344
37.1889
52.4224
45.8377
45.3796
50.3113
57.5951
62.3552
69.9211
72.1331
77.0132
76.0728
75.5624
71.1829
66.0738
58.7425
50.2939
40.7538
29.4341
15.4979
5.18674
3.12666
2.86896
2.59209
2.45671
2.68971
3.10656
2.92304
4.43916
11.7266
17.2068
19.6826
21.0833
21.987
22.6167
22.3031
19.7489
15.8935
13.2256
11.8635
10.4011
9.39879
14.6474
37.7731
39.1775
53.2813
50.0817
48.0462
43.1684
43.2858
43.6233
45.5081
47.7698
51.0582
52.4385
56.0075
56.8786
60.1523
61.0468
64.3989
66.4909
67.7394
69.8586
70.5879
72.0808
76.8946
79.5935
73.9364
57.8949
43.7147
34.0529
28.3534
33.3558
67.0101
51.139
56.9812
63.6236
57.57
62.6806
56.228
58.7533
55.9258
56.2697
52.9581
53.8039
57.6192
63.8989
71.6036
79.2197
87.1193
94.1743
99.7233
101.052
99.3369
99.4132
98.6219
102.333
101.492
85.7298
56.8085
31.2078
17.9336
22.7592
51.6161
31.1691
33.9575
39.3865
46.4635
56.4443
68.0199
80.7027
93.6584
104.583
114.099
123.857
131.35
140.734
159.334
166.9
196.446
202.87
220.967
220.079
214.504
197.705
180.454
158.632
133.52
107.358
87.9295
61.1705
37.1876
47.442
82.4796
70.7784
87.4365
101.72
114.846
126.459
139.668
153.966
170.865
187.38
173.47
167.518
157.946
155.185
149.145
148.025
145.147
146.732
144.212
147.922
148.87
152.697
152.853
148.991
136.141
108.074
70.7234
40.4251
24.2717
32.1689
60.721
46.3139
52.1736
55.3732
55.7801
56.4296
58.2686
60.9539
61.6251
60.8625
63.6097
69.9007
76.9632
87.9335
97.0711
106.735
115.874
120.452
121.787
126.158
113.881
103.923
102.022
92.8382
88.7442
84.3388
76.5165
65.1423
52.9794
70.0589
37.6803
30.2999
36.4411
50.7071
63.9436
64.7518
61.4025
67.1488
87.701
124.362
143.623
145.143
138.074
128.519
111.982
100.35
86.8169
79.4473
73.1296
70.8505
71.0354
73.851
78.6222
83.194
87.142
89.9494
91.2556
89.7197
81.3478
81.9356
68.2455
65.252
80.5201
92.8821
94.0676
91.1843
84.9152
82.6485
80.2433
78.233
75.6607
70.5502
65.0878
58.754
53.7426
51.1983
49.8716
51.36
53.054
57.5858
61.0192
65.3624
68.0435
70.4375
71.7135
71.6013
71.517
69.2155
63.1564
58.6272
75.8664
58.1025
64.0736
73.6799
77.7922
78.8893
77.2792
74.8305
71.6574
69.6256
69.1466
71.1274
73.7855
81.2839
87.3507
97.0475
107.125
118.927
127.042
121.158
113.451
97.8414
89.5743
77.596
72.4694
66.4665
61.8264
54.517
43.9355
40.541
53.6563
36.293
41.9956
46.1376
47.9806
51.5504
56.7465
61.4892
62.4205
69.9351
88.2234
129.67
160.367
180.421
202.893
212.689
224.57
227.862
222.289
222.801
208.466
167.8
157.25
136.37
125.47
105.119
84.23
65.3766
48.1365
56.6064
79.3831
41.4059
44.9956
45.0532
43.9081
42.6159
44.6388
55.2503
72.8835
88.8316
101.872
118.409
142.865
164.835
213.222
233.052
265.41
278.885
284.152
287.42
282.802
275.712
251.082
218.124
185.366
147.216
110.053
79.2499
57.0114
85.9858
89.1877
45.7533
53.7012
68.2911
81.8299
90.4218
95.0566
97.258
98.0926
98.2454
96.7094
93.6548
91.4126
87.8398
80.1578
76.1471
74.5832
78.3523
83.7053
92.7311
105.816
118.952
132.954
138.742
132.807
118.744
91.9135
60.9557
38.2825
23.2815
32.3041
31.2197
46.136
46.4679
44.7429
48.1908
53.7471
61.656
67.3958
76.0058
79.5451
85.2046
85.5213
85.1684
82.576
75.6755
70.6251
61.9935
53.8476
43.1136
29.7515
11.7386
4.33772
3.84195
3.32336
2.77945
2.52769
3.11211
3.06946
4.94169
16.3111
21.5676
22.5076
21.9425
21.3482
21.7999
22.4823
22.0786
18.6453
14.9032
12.9183
11.6256
10.8023
17.1261
47.3295
49.3901
54.5391
49.0435
47.0698
47.6259
50.2492
54.0127
56.4946
58.0682
57.3469
54.0585
50.4537
46.1126
42.9726
42.2773
42.5157
45.2144
48.0077
51.4012
54.0084
57.9058
63.0432
71.7921
75.7454
65.578
50.1091
37.7163
31.1262
38.6163
75.5019
54.6806
59.6849
68.3986
67.5592
68.6335
60.0326
59.8692
53.1367
50.9637
51.885
57.8585
64.81
72.6029
80.442
88.0261
95.5884
100.955
102.872
102.983
98.6126
92.4236
90.0629
94.4614
99.4864
94.3234
69.1545
40.2395
22.8587
23.8043
54.8643
32.2862
36.687
42.8906
52.1528
63.075
75.9314
90.8562
104.552
114.153
117.791
115.621
113.531
117.986
123.973
127.262
150.361
151.801
167.47
175.385
180.754
190.733
188.139
176.39
154.315
127.981
105.595
84.4261
51.9751
55.6826
97.781
82.1593
94.7456
108.683
119.65
128.94
138.326
149.332
159.026
143.829
133.329
125.755
120.311
115.104
112.9
109.413
108.532
105.731
107.816
107.832
120.285
134.212
150.68
156.005
151.731
131.366
93.7027
55.8164
31.2605
35.1635
68.446
55.3579
59.2399
59.4175
60.4575
61.9871
64.1364
61.4385
60.5096
62.9882
67.2828
74.3751
84.1405
91.1766
98.0406
102.436
106.244
106.732
111.669
104.44
96.8245
93.3352
87.0056
81.6382
80.4532
79.5111
76.6607
69.8667
59.2769
76.9154
41.6675
34.2232
43.9673
59.0942
63.3383
57.8942
58.626
69.92
91.653
134.786
155.562
160.289
158.384
149.31
130.852
116.666
101.952
92.2801
83.072
76.1966
70.5382
66.9614
66.8297
69.3594
74.5987
81.2585
88.4123
93.765
93.5212
87.822
79.1273
74.1626
87.6517
94.4593
87.5955
82.3225
79.2159
78.9406
80.2458
81.7479
82.1501
78.5077
72.528
66.6565
63.7651
62.4644
64.3897
66.6646
70.9597
74.1317
78.8767
78.819
79.2072
75.3278
71.541
68.3464
68.6794
72.3675
73.1467
64.0468
83.5947
65.5305
74.4954
78.4705
80.3894
78.855
79.9767
79.5598
79.1854
76.5317
76.0773
75.3579
79.4305
85.1048
90.0285
99.0548
107.38
110.582
121.309
113.639
114.026
101.343
91.0452
81.2882
74.7375
72.205
68.4432
60.029
49.3184
44.4768
59.0136
42.484
48.8365
52.0865
54.7142
59.47
62.888
60.7202
61.7205
82.8218
113.793
179.573
203.146
213.295
226.621
230.34
242.097
241.024
233.03
221.977
205.745
156.757
149.638
135.9
129.863
122.681
101.695
77.6737
58.1048
64.5757
80.9942
47.4742
49.8344
45.6991
42.7396
42.675
50.5777
68.8551
87.5412
102.084
120.198
147.124
172.754
200.35
229.769
238.528
244.235
252.679
259.92
265.653
271.08
267.331
264.124
252.185
219.593
181.497
137.185
97.8446
69.3086
88.6316
85.8547
55.4533
72.0896
91.2289
104.4
112.48
118.082
123.641
127.571
129.401
128.295
124.409
117.577
109.043
99.1746
81.6749
71.0441
65.0544
65.8604
71.3673
85.3622
101.95
118.006
125.217
131.574
125.076
99.5137
65.335
38.6522
27.1274
42.3372
39.686
52.8937
44.593
45.2248
50.7071
57.092
65.9231
71.7193
80.6485
84.3217
88.6947
89.7044
89.92
86.392
83.1149
76.9594
71.0663
62.8335
53.5748
41.5182
22.2174
6.61547
5.20777
4.37904
3.37427
2.78877
3.05588
3.50382
5.47023
19.0153
23.8922
22.5084
19.2819
17.5425
18.143
20.0497
20.9031
19.3234
15.8082
13.8867
12.7131
12.1347
19.7209
57.0601
57.47
53.9923
51.8412
52.7511
56.5328
59.8314
62.2778
65.5223
66.4496
62.417
53.2959
44.3651
36.7585
32.0543
30.9059
30.243
30.8179
32.4438
35.1656
39.4627
43.7941
50.8854
61.7861
71.7032
69.5455
55.2753
41.6917
33.9136
42.8799
83.5459
58.4961
64.3605
70.7919
70.539
71.8883
60.542
57.1932
54.1694
54.5037
57.5865
64.6007
73.8757
82.1247
88.4602
96.747
103.496
104.202
102.551
97.1697
90.3831
87.1754
81.7171
89.2621
96.0807
98.3881
77.1659
47.8435
27.9751
26.0206
56.2575
34.4774
38.4069
45.9395
54.4422
65.6279
79.5574
97.3721
117.476
129.966
126.367
117.173
107.38
98.647
99.6113
102.796
113.434
113.714
131.382
140.02
153.649
164.964
180.302
182.663
172.133
148.102
122.426
102.716
70.0645
64.7098
110.928
86.7238
99.3175
111.998
121.632
128.525
136.153
143.261
128.431
115.44
104.213
99.4987
94.1168
92.8441
91.0734
91.4126
90.9022
88.4468
87.4395
88.1253
95.6898
118.005
141.745
157.332
158.117
147.265
114.122
70.7127
39.6257
37.8975
76.2676
64.2286
62.934
62.13
64.8299
66.5609
64.3798
65.7748
65.4332
68.1625
76.5459
85.1141
92.1262
99.6707
100.651
97.7348
94.538
91.6
91.6543
83.3351
83.8064
78.0421
75.7166
73.5478
73.3811
74.9033
75.5216
71.543
62.7641
79.7176
45.5521
40.4205
52.9879
63.9273
59.9242
56.0092
59.7591
66.6933
81.1848
110.166
155.412
168.28
171.674
168.032
150.364
135.489
120.335
111.424
103.788
96.6234
88.3945
79.5317
71.9109
67.7041
68.4631
75.4644
86.783
99.3557
105.961
92.0015
84.3781
82.0478
92.6594
88.7127
80.45
76.6631
74.6734
76.565
80.5075
86.1557
89.6557
88.6388
83.8216
80.5187
80.1682
84.8191
88.7425
91.9603
94.5129
98.2921
98.4064
100.116
94.4022
89.4828
80.5394
70.4137
68.6253
74.3355
83.1228
69.4255
90.149
74.5522
80.945
80.8061
79.0648
80.2022
82.8343
85.7043
84.0832
81.4884
76.9874
80.0415
86.028
92.4726
98.6046
104.762
108.349
105.603
113.332
105.644
109.367
99.7455
97.5327
85.4774
82.1119
78.6291
75.2122
68.5085
54.7508
49.4268
64.2302
49.2406
55.2884
57.1468
61.315
64.2617
60.836
59.0909
67.4699
104.887
148.248
212.807
219.541
210.211
205.252
198.313
205.534
212.385
211.175
206.423
190.872
161.985
128.71
127.19
127.607
124.879
117.832
92.754
69.6622
73.3907
83.5319
52.9069
51.6722
45.228
41.9575
46.3899
60.3781
79.8244
96.8166
117.436
145.832
169.612
193.858
197.706
193.936
196.467
197.025
210.018
214.274
225.288
234.613
244.342
249.549
252.777
240.871
206.182
160.735
115.826
79.8374
92.2138
89.7935
69.065
92.0362
108.128
116.83
128.754
136.687
141.902
145.902
148.941
150.137
147.371
136.605
127.049
116.695
97.0605
74.3223
60.0864
53.7546
54.8393
63.8637
79.5667
93.9337
106.856
120.814
122.741
103.207
65.9701
39.3993
28.6233
52.2381
48.0608
50.1144
44.4289
46.6372
53.0746
59.9808
68.6064
74.1006
81.2608
83.4868
86.9824
87.1659
85.4549
85.3007
80.6864
79.2372
74.099
69.0581
60.6581
49.1145
33.096
10.3164
6.52817
5.61421
3.9733
3.11617
3.15493
3.82074
5.92897
21.2872
24.7157
20.7895
16.3053
14.7705
15.7466
17.6707
19.4154
18.4125
16.0137
14.479
13.614
13.5181
22.6443
66.2919
64.7693
57.2521
57.2154
59.4355
61.3073
61.497
64.0585
68.7402
72.5058
66.8098
56.9456
44.0551
36.6872
32.523
30.2352
28.3191
27.3635
26.6502
27.1454
29.283
33.5536
40.9025
51.9938
65.7726
68.7113
58.5948
44.3782
36.7884
47.3538
88.0992
62.3006
64.2423
69.7734
68.3682
65.1154
58.8513
56.4173
54.4121
56.8615
62.9636
70.6285
79.8988
88.9263
94.5206
104.125
109.5
104.021
93.8545
84.4589
78.0784
77.021
75.5031
85.6619
95.3819
98.6297
82.9004
52.7508
33.2632
27.804
57.272
36.3187
40.0036
46.5226
55.147
65.7208
79.679
99.2607
124.954
143.008
140.825
131.85
105.851
92.6147
89.6924
82.0754
88.0605
91.2592
105.352
109.288
126.203
149.129
168.926
183.195
179.492
160.553
135.058
115.595
85.5793
75.7858
115.503
89.372
101.635
113.334
121.115
128.091
133.921
128.574
108.815
93.0452
85.2619
78.9687
77.8602
78.4036
79.9916
80.6463
80.4242
78.3543
75.4125
74.1274
82.8186
101.019
134.648
159.298
163.451
155.554
128.897
81.7335
46.2999
41.1709
85.6978
73.3689
70.5046
64.418
65.3823
70.4896
68.5472
66.4507
73.4711
79.7297
85.5083
97.2576
103.747
101.035
94.6579
86.7185
80.0012
71.3269
67.4731
65.8502
64.4499
65.5083
65.5644
66.3796
68.6423
72.1585
74.5678
73.4944
66.3113
82.8004
50.0399
48.5729
61.569
66.9672
58.181
57.4249
60.5373
66.3667
73.702
88.9807
133.404
167.442
177.346
178.937
165.319
150.28
135.576
130.65
126.456
122.267
114.419
104.67
93.8872
83.5682
76.5302
77.4209
89.5246
106.253
119.732
97.427
91.8163
89.5786
92.4206
84.9917
76.3246
71.8272
71.3214
73.7274
80.4521
89.1612
97.2013
99.1829
97.3009
96.5384
102.368
104.867
105.194
104.277
105.481
106.221
105.706
102.333
101.402
96.3652
88.169
78.1714
70.1801
78.7614
90.4055
71.0532
95.7034
83.8249
85.1482
80.1016
77.7987
80.6221
85.3179
89.1581
87.4449
80.5203
80.2438
85.5741
99.6029
105.564
117.968
114.29
119.336
110.993
113.515
101.329
103.54
97.7791
96.7966
90.0216
86.5093
80.9049
78.472
73.9817
60.2038
52.9316
69.5084
57.001
61.9568
63.8374
66.241
63.9275
58.5571
61.6966
78.5655
124.448
161.254
222.552
215.709
187.299
166.499
145.094
141.598
151.859
159.745
167.338
163.674
145.327
118.296
109.073
121.241
125.7
122.345
102.909
79.4966
78.5286
85.2449
59.2336
52.7499
44.9451
43.7306
52.4727
67.8713
85.8188
105.08
137.581
164.33
185.799
181.382
166
164.706
157.449
164.932
168.776
171.419
180.373
195.707
210.003
229.332
241.995
242.595
214.109
177.204
128.811
88.6771
95.0125
97.3599
85.6136
106.904
113.433
114.299
116.731
116.47
119.115
125.216
137.365
148.398
146.326
138.754
126.981
122.206
113.811
85.5237
61.2787
51.5236
49.1387
54.4466
64.4524
76.7325
92.6852
109.86
118.367
98.444
65.0356
40.1396
28.3256
62.1168
55.384
49.2086
44.6711
48.02
54.9645
61.5084
69.4845
72.7837
78.5407
76.8804
79.3382
76.8683
76.9108
74.4022
75.9248
73.6248
73.6568
70.9318
64.2541
55.4593
40.0076
15.6037
7.28623
6.61941
4.51803
3.46281
3.53526
4.57146
6.42022
22.8786
24.4638
18.6933
14.5591
13.6082
14.9479
16.7809
18.1589
17.5506
15.8614
14.9171
14.4108
15.1243
25.6227
76.536
72.836
64.286
63.4888
62.6511
59.0106
56.7328
59.058
67.1089
74.2343
74.311
61.7592
48.7743
41.4513
37.8109
35.0466
32.8791
29.1732
25.7193
24.3836
25.176
28.1949
34.7157
46.0741
60.3056
66.8217
59.2173
46.2119
39.8987
52.1975
95.5954
66.3025
62.1121
67.5877
65.1613
61.1609
56.8203
55.2849
54.4386
58.8664
67.5211
76.127
84.4466
92.0201
97.9758
107.768
112.363
98.584
79.8702
71.79
67.584
70.3109
73.4197
84.4283
94.4148
101.321
82.0888
56.7401
39.1486
30.7484
57.5881
38.1403
40.2742
45.949
54.0417
65.7453
78.4673
94.7268
120.219
152.884
161.567
143.013
113.141
100.137
85.3276
75.2458
75.5944
68.4216
76.5052
89.2358
109.001
127.649
159.247
183.906
191.162
177.94
151.982
127.894
99.1744
89.3054
119.273
91.2856
102.309
112.505
120.875
127.208
133.008
117.477
92.831
80.5679
70.7381
67.6877
66.225
67.0856
67.1629
66.9207
64.9625
64.8359
63.209
65.0107
72.3712
93.9586
128.925
157.419
166.647
164.233
138.258
91.1885
53.2297
44.045
93.4922
72.5399
67.1743
68.817
67.1982
66.4386
70.9347
73.6864
75.7161
84.7985
97.0508
101.546
105.007
101.051
92.1755
83.0241
72.4451
59.8451
48.0591
45.2196
48.685
54.3064
58.2533
61.6757
66.2385
70.9862
74.0759
73.6841
67.1058
81.3691
54.4436
59.4624
71.1898
67.1027
58.9308
58.48
62.6007
67.2854
72.1461
79.0766
103.734
159.152
175.115
183.597
174.174
159.855
145.223
141.272
139.654
139.032
134.477
126.924
116.277
104.101
94.1284
89.4242
97.5454
115.438
136.766
106.283
100.138
97.4973
92.9206
81.4601
72.9807
67.4478
65.8962
70.4703
79.1595
90.7814
102.487
110.659
110.45
113.833
114.878
113.914
108.207
108.758
105.542
104.612
103.148
99.6566
97.7651
92.7161
90.0879
82.963
76.6792
81.4714
95.8156
71.5826
102.463
92.5783
88.0888
80.0299
76.7389
79.7784
87.5567
92.0413
87.304
80.4269
83.633
97.3703
116.122
135.468
141.057
136.085
131.125
123.695
117.329
99.9962
99.0537
92.5021
93.6577
89.2179
87.1668
82.1592
80.4136
78.1784
64.6946
56.2456
76.399
68.6333
71.1515
72.4812
69.6506
62.8706
57.6627
66.6557
90.0139
128.608
168.079
216.962
184.842
179.559
147.612
123.799
105.004
103.667
112.794
127.331
126.028
110.587
103.319
102.347
109.277
128.378
130.478
116.089
92.3936
85.3531
88.9666
64.2988
53.1226
46.6473
48.8637
57.6273
71.7048
91.0585
116.098
159.35
179.462
183.188
166.362
155.367
159.76
142.784
152.113
119.645
117.743
124.655
152.433
179.183
208.487
231.482
231.277
212.061
184.949
135.739
94.2633
96.9036
106.586
102.312
115.314
108.977
101.747
97.6259
95.5702
93.7307
95.4941
100.953
109.739
121.414
126.519
120.657
115.611
120.009
102.039
67.8652
52.3592
49.8662
53.2864
63.6911
72.8023
87.7261
104.864
111.159
89.9619
61.2685
43.93
27.8272
71.0312
62.0336
48.5895
45.247
49.2448
55.4196
62.2707
68.268
69.9918
72.2201
68.6479
67.4514
62.8921
61.4634
62.9664
66.1875
67.4898
69.334
69.2724
66.7082
58.5906
45.3777
21.8899
7.46223
6.99998
5.46962
4.36297
4.68658
6.10039
9.08184
23.6469
23.2793
16.9071
13.7021
13.5433
15.4023
16.995
17.9954
17.3151
16.2072
15.3543
15.3936
16.9075
29.0918
85.0196
83.3438
69.4303
66.118
59.4966
52.2999
49.0977
52.3538
60.7186
74.6143
78.0083
67.3224
53.7081
46.4411
42.8238
41.716
38.2446
32.7659
27.4977
24.0967
24.2986
26.9726
32.8426
43.6446
57.7898
63.894
57.4651
46.6208
42.8659
59.327
101.748
71.7513
59.0223
62.8488
60.6789
59.5203
54.6955
54.4752
55.3639
61.7298
70.5887
78.9163
86.9767
92.5988
98.487
108.448
109.341
87.7803
70.4326
61.687
64.1243
67.1217
75.2919
84.1355
97.383
96.5085
79.4337
59.9097
46.0964
32.5647
59.3933
40.1414
40.6873
44.8305
53.8562
65.1995
77.0993
87.9886
112.508
154.146
166.959
159.539
127.981
107.792
91.5322
82.574
77.0381
63.4889
67.0628
73.6504
94.248
119.383
147.814
177.305
187.58
175.261
154.918
136.624
105.74
97.0097
123.761
91.6847
100.992
111.646
119.649
126.696
131.356
108.727
87.1437
72.5151
66.0294
62.6102
61.508
59.844
57.326
52.573
48.0819
46.6073
49.687
54.5532
65.0511
85.5976
124.753
148.055
168.26
165.812
143.077
94.472
57.2544
46.5299
102.874
82.5895
68.4813
64.5531
67.6158
65.5107
64.1809
69.9459
78.7954
86.503
94.6987
108.876
109.217
101.298
90.5565
77.9172
65.6212
53.6637
41.5143
35.9396
42.08
49.1078
57.3029
62.3291
67.3266
72.5332
75.8617
71.9403
66.3576
78.3416
60.7547
69.282
74.2636
67.4121
59.6909
59.8425
63.188
67.2347
70.6196
76.9258
87.9547
127.175
165.615
181.676
178.642
166.653
150.447
144.533
143.471
146.933
146.524
140.769
128.637
115.367
105.3
101.084
107.297
127.856
155.96
120.2
111.374
105.483
94.3063
80.3222
68.6534
61.0749
59.1153
63.8467
75.7544
89.4337
105.848
115.897
121.327
123.362
119.187
113.264
112.359
116.457
111.627
106.36
93.5768
86.4165
87.7243
84.1144
87.0807
87.8104
81.1547
86.4014
100.062
68.8404
110.048
99.8457
89.808
78.8724
74.8708
78.8518
88.0684
94.836
88.0101
81.3462
91.0563
107.592
146.086
161.381
160.796
146.455
133.399
118.86
110.881
101.716
93.2218
86.8742
87.0911
86.5602
83.8984
81.3334
81.3463
80.5381
68.3822
60.7083
86.0498
84.0808
82.8224
78.8717
70.5372
60.4697
59.9746
72.6332
92.0095
127.826
173.721
187.471
176.913
175.086
145.481
130.737
110.999
94.3526
93.8399
100.186
94.9435
86.9342
90.6062
98.3719
112.721
125.72
140.796
120.173
94.8624
84.1625
93.453
69.07
55.2948
51.0136
53.3025
59.8845
75.7787
95.84
125.918
169.439
185.154
176.863
166.218
155.998
166.396
159.389
161.071
141.853
127.328
116.788
139.986
167.214
200.743
220.11
220.453
205.361
181.123
133.333
95.9847
98.2184
117.745
116.027
116.113
101.764
92.2001
85.8207
83.1155
85.5892
86.4712
87.4559
89.7416
93.7884
103.015
106.547
100.355
112.33
113.826
80.3847
55.2714
49.2455
52.5944
62.1476
74.6106
87.6291
98.6121
95.7653
77.1544
59.4475
53.004
30.2929
82.2713
66.3229
50.5452
45.7373
49.7618
55.8175
61.6161
66.7472
66.0647
66.5246
59.1756
55.3581
46.1484
45.2696
48.8398
57.1755
60.7356
65.2807
67.7774
66.2604
60.4862
48.4035
28.1683
8.66723
6.71825
6.98755
7.11394
8.72264
11.4723
19.6465
23.7526
22.2831
15.947
13.512
13.7956
16.2688
18.0084
18.3188
17.4261
16.5521
17.352
20.4927
25.4935
31.5991
72.7874
121.956
122.046
98.8363
76.9053
64.4086
54.8208
46.7585
44.0293
46.6101
56.7591
70.9832
79.9246
71.2944
57.4352
49.1955
47.9124
46.8601
43.5383
38.136
31.2238
27.5252
27.2335
29.8147
35.5027
45.9127
57.1726
60.8562
54.4858
46.278
45.9329
57.4766
86.6763
83.9463
98.0558
78.9084
58.0777
59.0377
56.2018
57.1816
52.8813
54.0306
56.2194
63.1798
72.6617
79.7999
86.8815
90.6889
96.0728
106.086
101.536
82.0295
63.7196
60.144
62.034
69.338
75.25
86.9631
92.1318
90.3145
76.4879
63.7126
52.9147
41.4083
47.7019
58.7864
51.0218
40.928
40.3192
44.0032
51.9284
63.6178
74.6445
84.5496
99.9335
135.818
167.204
171.492
139.887
121.5
102.225
93.0621
87.8583
80.3069
74.697
78.4837
95.2865
117.589
151.344
178.004
192.353
184.803
167.971
138.6
109.91
93.6348
113.858
116.633
83.1154
86.2906
98.4452
109.419
118.814
124.304
129.533
108.861
84.3103
72.8325
65.3469
61.8672
60.7403
59.8384
56.8842
50.5334
42.1291
37.8302
39.8478
48.2498
58.7799
81.7956
114.882
144.269
158.626
163.073
139.413
93.7011
61.3773
50.7592
60.6564
82.8145
93.2935
80.8586
72.5559
65.1456
58.31
58.5138
58.0011
58.5304
65.7558
81.4651
96.2484
99.8122
105.416
93.0236
82.6632
76.6324
68.7671
58.1451
50.2851
46.3529
48.6224
55.7091
62.6775
66.9827
71.8026
77.4417
75.4184
71.7127
67.6062
67.0321
70.2515
88.0901
78.4868
88.246
84.0687
68.4793
60.9944
60.5514
62.3769
64.5537
68.4763
72.5938
83.0309
98.9151
152.3
173
178.471
172.294
156.822
149.666
149.187
153.088
151.962
141.766
126.427
113.51
98.414
92.2124
107.035
131.256
171.371
172.46
162.09
144.564
140.663
115.725
97.246
78.6705
65.0531
54.8932
50.272
57.1948
69.9087
84.7841
101.769
118.275
121.551
124.848
117.505
119.105
123.373
138.973
129.288
122.702
102.311
81.7816
79.4818
79.2388
88.2005
92.5561
84.469
90.0042
100.559
79.0004
74.7553
112.369
131.831
108.229
92.0502
77.7289
71.268
75.0721
87.1417
95.613
90.2917
83.1017
95.4269
120.809
168.317
185.222
171.303
149.755
122.304
108.377
94.8672
93.3729
83.248
80.1974
83.9393
81.9853
83.1728
82.832
86.2371
80.2571
72.0714
69.0055
96.9041
107.766
113.391
108.742
96.7538
82.2588
66.2575
59.9046
64.2088
74.0003
94.0129
126.82
157.756
179.64
185.96
162.488
150.876
141.762
135.459
119.932
98.9236
98.1279
86.7189
89.9092
94.2988
109.337
121.298
140.533
144.802
132.399
97.4071
68.0854
82.882
119.976
105.911
76.7944
62.9259
56.1855
54.4332
64.0642
80.2747
99.0968
131.981
166.739
188.332
177.57
172.884
168.468
185.102
185.664
208.324
193.007
191.298
180.52
182.754
191.868
213.317
211.072
209.927
195.844
169.434
125.378
95.0368
91.8594
99.7626
111.282
126.156
125.722
114.193
96.0144
85.3089
79.5559
75.2467
74.7382
78.4643
81.4611
83.3847
82.3999
84.3497
94.9498
87.6495
93.1836
113.605
99.3853
61.8342
48.6255
49.261
56.4727
66.2432
76.5445
80.3507
76.0851
67.0749
57.9703
68.3271
71.3526
83.0485
107.262
87.4175
70.0252
52.622
46.513
49.5656
55.0512
60.7726
64.1695
64.9762
60.3575
54.5975
46.3237
34.5274
30.9413
41.9388
52.1618
57.2118
64.5335
65.9666
66.0679
61.2019
50.0553
32.755
11.7566
5.92397
9.04942
13.3159
17.6247
19.1176
13.9072
6.1468
2.88498
23.0267
21.1659
15.5682
13.3687
14.2966
17.1118
18.8816
18.6654
18.3762
19.7893
28.1
45.3221
60.7922
73.4394
109.232
149.015
136.578
92.7283
68.6698
54.8352
45.475
41.9468
40.3629
43.2815
51.4049
66.3705
79.1373
75.3891
59.934
52.8646
51.1931
50.6474
49.5984
44.4507
38.5852
34.6866
34.069
36.4326
42.0626
50.3288
56.9923
57.64
52.1611
48.1268
50.5292
56.4135
56.995
63.4914
94.6575
81.5242
58.0128
54.3428
50.9286
51.8334
48.9088
52.8702
57.6147
64.7123
73.2813
78.6484
83.8404
85.6157
91.3167
97.7259
97.011
76.8652
63.3697
58.3153
62.0426
67.5461
76.0843
80.2008
86.0429
81.3599
71.6364
66.6951
60.0266
50.7007
43.7327
39.5556
43.7342
40.8574
41.1555
43.8816
50.4515
60.3624
71.6426
79.5673
86.5456
114.092
153.148
167.453
155.041
135.453
113.909
106.664
103.177
97.3916
100.969
96.732
106.816
129.403
150.083
175.607
180.683
176.93
162.062
135.541
110.637
94.975
75.8663
65.6369
72.4903
82.5295
94.7403
107.026
115.723
121.661
125.202
109.439
89.6608
75.8122
68.9767
66.926
64.7201
64.3143
63.9049
59.2518
51.5492
44.3862
43.3854
47.6521
58.634
77.574
108.678
134.615
148.524
155.319
124.123
86.5498
61.0241
53.9889
51.4149
60.0926
85.9019
73.1039
66.1912
63.782
54.6369
44.8507
44.5997
49.3414
57.404
66.9151
85.4373
99.705
99.3918
92.5899
83.394
76.5315
71.6214
65.5778
62.6727
63.0316
65.852
70.0272
72.1329
75.1148
79.8028
77.9661
75.7123
71.0811
63.8398
65.986
69.3979
90.4707
97.765
90.5782
83.5646
68.6246
61.7964
59.6298
59.4701
60.4715
61.5247
68.6337
75.4892
84.8759
123.031
161.05
175.042
174.86
166.047
160.013
158.483
158.234
150.535
134.602
118.537
106.856
101.932
95.0739
91.4315
126.661
173.311
196.385
151.067
111.465
137.619
120.65
96.761
76.6906
60.2506
48.002
43.5111
51.0562
62.8857
75.7875
94.7282
110.801
117.474
119.529
118.968
124.987
140.345
160.689
156.395
148.667
129.373
106.707
101.975
95.8873
100.663
94.169
88.8784
91.2195
97.2729
81.4004
59.9818
93.5908
132.966
111.241
91.9133
74.6834
65.0184
68.2379
81.7405
95.0802
93.0718
84.372
96.4897
125.072
179.425
189.144
185.145
137.343
119.505
105.559
94.936
92.6394
84.6584
83.5232
85.458
84.4482
87.9355
90.3867
91.2271
79.2438
70.8357
69.5912
88.1516
125.693
140.616
117.871
94.5764
71.4676
59.8852
60.7082
65.3424
75.5928
92.9075
114.956
146.95
178.064
181.346
168.951
155.642
152.234
152.139
151.475
135.741
131.041
114.905
116.822
117.874
128.103
150.361
150.214
159.533
118.947
81.175
63.1873
75.6979
104.528
108.577
83.0615
67.559
56.3768
57.491
69.0575
83.001
99.1791
128.032
157.967
186.233
182.677
182.322
180.802
199.389
218.94
236.604
250.29
250.578
244.351
239.201
234.078
213.073
211.302
208.015
186.793
149.231
112.126
89.1131
80.2455
58.5594
76.4863
126.932
129.852
111.262
92.4524
79.6226
68.9304
62.2552
61.7583
67.8324
75.3221
80.5223
79.4107
73.1222
80.3599
81.2019
77.1533
96.8357
112.725
80.0826
50.8357
44.9488
47.7221
54.3464
59.2998
62.5004
61.8825
57.707
57.0739
80.3614
87.4481
60.3254
60.6512
83.8014
71.6964
54.317
47.2474
48.7675
54.3485
58.9893
62.5292
62.5114
62.1012
55.6236
48.0991
42.2346
41.7011
48.5823
54.7965
59.8712
64.5285
66.3359
65.5709
61.3893
50.8165
35.6556
16.3992
5.49929
6.0813
8.66284
9.42655
9.33947
8.4368
3.02858
2.70864
22.0958
20.3229
16.2381
13.4267
14.1424
17.3249
19.3844
19.3148
19.4084
22.3535
34.393
57.5643
78.7333
95.5402
112.354
114.633
88.4256
53.0337
38.8361
31.5463
32.0063
34.8556
38.1351
40.5332
48.0695
61.7223
76.7781
75.2634
64.774
55.598
53.1277
54.6629
54.7316
52.8876
48.9154
45.4208
44.227
46.0052
49.7726
54.2564
56.5911
55.1648
52.4413
52.3391
54.6885
55.6865
52.6138
63.8241
95.3082
78.2366
61.2854
56.902
52.7721
54.7784
54.6988
56.9112
62.9481
66.9959
71.8371
74.5707
78.2032
80.1816
82.3758
89.7556
89.833
77.728
63.7526
59.2703
60.4757
65.2216
68.1901
74.0369
74.7393
71.0635
67.8109
67.4523
62.8015
57.1447
51.6522
45.3854
42.6698
42.0793
42.637
45.8646
50.117
57.6045
65.6068
73.266
77.4549
91.8057
126.168
155.969
158.401
149.405
130.362
115.023
118.891
113.625
118.006
122.397
126.113
139.245
156.225
165.174
172.609
166.32
152.95
128.373
107.931
94.2671
77.4032
68.3446
71.039
79.4499
90.1649
101.547
111.389
116.113
119.905
114.279
95.6245
82.2324
76.3554
71.7379
71.5567
72.6692
73.6016
74.5165
69.4336
64.0621
58.6296
59.3492
65.5729
80.3441
100.108
122.081
135.847
129.394
104.784
76.0243
57.0622
54.4515
52.3964
53.5709
73.5369
71.1223
65.1739
58.6084
50.2642
40.7976
35.684
40.2836
50.4379
61.1969
71.5528
83.7155
92.2805
86.9007
79.5017
76.0557
75.1485
75.5019
74.8552
77.3089
81.1072
81.4655
83.117
85.5864
80.5738
79.5378
72.7422
65.2512
60.7058
61.2228
67.4397
85.6601
94.8038
88.8778
78.8361
68.4782
61.6878
57.9625
55.9032
53.2357
55.2495
58.9228
66.2669
78.0045
98.9343
148.111
168.719
175.851
173.848
170.933
166.345
157.859
143.253
130.88
116.075
116.48
115.855
110.978
103.888
115.91
170.49
202.568
163.792
118.754
137.629
117.011
93.6491
72.6547
55.5242
43.4279
40.8363
48.6741
58.9788
67.6944
83.2469
101.674
106.407
112.086
119.025
134.579
145.77
180.313
175.827
182.005
168.852
154.848
144.99
127.129
116.907
101.915
97.7882
90.4855
91.8332
81.6209
70.7933
105.521
135.401
111.456
89.4948
69.2191
56.2223
58.7447
73.5979
89.6507
94.1988
83.959
93.3659
124.852
171.181
200.322
190.277
156.041
136.56
117.737
114.021
105.597
101.095
96.8849
96.3887
98.2252
99.6192
100.951
91.4952
80.1681
78.4206
90.2768
120.567
147.02
147.881
109.842
75.1687
56.6863
53.1538
56.629
65.0901
74.211
86.7623
107.687
132.903
159.266
176.108
176.995
175.939
171.299
173.286
167.219
166.986
167.869
151.913
156.851
150.243
159.267
183.091
167.48
143.643
101.523
74.2542
73.4517
92.7228
108.853
105.263
80.8574
62.1231
53.6655
60.0296
71.9787
83.5645
95.8689
117.432
144.389
177.134
186.573
192.06
194.735
208.247
226.27
242.832
265.564
278.271
281.293
273.078
264.333
231.913
229.266
209.504
165.378
126.237
100.048
82.6854
70.7725
56.5352
78.5174
127.757
129.622
108.636
89.5821
75.8909
61.2812
46.3339
47.3595
58.5333
70.602
77.711
79.5736
68.6537
63.9897
75.6241
67.9446
77.4502
103.381
105.632
64.7997
44.9975
41.7581
43.9133
47.3613
49.9468
50.5894
51.1203
54.3096
77.628
88.9216
61.221
52.1713
74.9249
78.8597
64.5428
49.7558
48.4176
52.0973
57.9386
61.6613
61.9448
62.662
62.4381
59.4941
56.4349
57.0311
60.0294
62.5271
65.2545
67.0206
67.3602
65.543
60.6783
50.2166
36.2682
19.6619
6.98852
3.85409
4.82163
5.33591
5.39885
4.99377
2.43203
2.57767
20.5308
19.3388
17.6955
13.7927
13.9289
16.6955
20.1324
20.8545
20.3426
22.1578
31.8758
52.3986
71.7167
74.921
70.4571
58.2609
42.6904
27.8224
22.9107
23.2163
26.6092
33.7202
39.6579
41.1531
44.894
56.2934
70.5776
77.1139
68.4864
59.7587
56.5971
56.5488
58.0026
59.3786
58.2239
56.3493
54.7018
54.538
55.096
55.4138
54.6615
52.8043
51.7776
51.0302
51.9388
52.8751
51.7592
60.0958
88.0459
73.4947
62.3957
62.1981
59.7774
62.2447
64.3208
66.4623
69.3461
69.9064
69.4432
68.2429
72.4308
72.3768
73.9345
79.6543
85.1875
79.1746
67.6514
60.5865
57.9936
58.1316
61.9429
63.1282
62.8502
61.9249
60.9531
60.9657
59.6427
60.7815
60.3734
55.5385
49.3817
46.6447
46.5765
48.715
53.4776
58.403
62.6543
66.4426
68.8064
74.3682
97.7845
127.395
148.552
153.165
144.721
130.456
121.797
128.097
128.344
136.787
140.802
145.168
152.706
158.982
156.201
153.845
137.895
116.54
100.509
91.8829
81.9714
75.5882
75.0217
79.33
86.0695
95.8142
104.816
110.452
111.983
111.552
99.424
92.8041
84.0905
80.918
78.7066
79.9419
84.2147
88.7746
92.3098
88.7641
87.2887
81.4559
83.949
89.5329
98.7379
112.122
110.39
101.827
82.3287
61.4207
51.0642
51.9614
51.2561
50.5945
60.0365
66.5556
69.2747
65.2443
55.1098
43.2124
36.5703
38.1311
45.8011
53.9811
61.9902
74.1329
82.333
82.5647
77.4759
75.5836
76.9962
80.3167
85.5238
88.1966
90.113
93.0841
93.3029
86.4214
83.9157
78.2915
69.8875
64.4308
62.943
61.5596
70.1805
83.6834
88.2891
83.2342
76.7782
65.5898
58.7981
55.3707
51.3512
48.7754
48.1985
50.5236
58.8453
67.8211
85.1381
132.01
161.576
174.228
177.603
176.063
168.921
154.686
141.396
127.077
122.33
124.515
133.756
134.889
135.435
148.746
183.655
204.161
151.294
123.638
132.531
109.836
86.6845
66.0561
50.6649
41.4374
42.2644
48.7891
55.153
59.7536
71.7809
87.5118
96.7372
103.88
116.427
135.365
149.417
174.3
183.969
193.449
192.102
174.165
166.419
139.602
125.811
110.542
100.554
92.5457
90.7572
87.285
83.6363
118.722
135.043
108.155
83.9618
61.4082
45.8279
48.6439
64.9524
79.8381
90.1511
79.5656
87.0077
112.04
156.384
188.63
212.352
179.663
161.984
149.508
141.58
125.174
124.849
118.58
117.356
118.513
117.411
105.557
91.7187
86.0995
92.049
111.946
133.38
136.978
109.356
76.9128
56.7324
46.513
44.698
50.1975
61.095
69.2276
79.4271
97.1172
116.395
136.159
157.868
180.822
195.973
212.696
227.06
228.879
220.898
215.767
197.46
205.41
200.822
192.278
201.071
174.652
124.614
91.2934
77.1331
84.4108
100.65
108.246
93.36
67.7207
52.1648
48.7009
56.4386
69.8097
81.4654
91.0943
106.129
126.784
155.078
175.566
200.938
199.769
216.269
229.764
237.037
252.294
259.696
267.077
259.549
252.599
236.197
214.317
176.231
136.502
110.468
91.0036
77.324
65.9309
59.6601
83.48
124.609
125.772
105.312
86.7576
74.7906
60.6569
47.719
48.7424
59.5157
70.9086
79.3247
79.7427
69.4889
54.5493
66.5984
61.7786
64.5019
82.8925
108.317
101.68
60.1433
44.1809
40.7643
40.6757
41.0766
41.8107
42.7031
45.7642
56.1629
78.1417
50.4456
44.0294
63.79
79.5725
78.6829
61.0424
51.4
51.186
54.9412
60.3766
63.8209
64.724
66.5114
69.7473
70.5203
70.8586
72.2136
70.7626
71.6933
70.1609
68.2616
65.3424
58.7779
47.9428
34.6684
19.547
7.50206
3.28022
3.21493
3.47245
3.32728
2.97944
2.01254
2.42115
18.6214
17.749
19.3646
16.101
14.2387
15.6935
19.806
22.4802
22.364
21.8665
23.9808
34.2717
49.5009
51.7947
43.3988
35.3449
28.8891
22.5987
22.5345
26.159
32.5584
38.4778
41.6554
41.1918
44.6785
52.4191
66.3564
74.3573
71.7582
67.1289
61.6654
59.6761
59.5813
60.823
61.2134
61.1096
59.6957
57.8415
55.5836
52.9469
50.3592
47.3538
45.3596
43.4003
43.5869
45.5384
47.7811
52.6046
72.298
70.392
63.2412
64.4837
65.4973
69.4205
71.552
74.3765
74.8588
72.4802
67.2967
62.6431
64.7554
65.7731
65.8057
69.8679
77.8888
80.7006
73.5817
63.9331
58.1493
54.9775
54.8815
53.3108
53.7538
53.2418
52.4684
53.0886
55.7509
60.7565
63.2966
60.7382
55.0881
51.9475
51.7413
54.4172
59.238
63.9885
64.2844
63.4328
62.4329
62.5797
74.3204
96.7433
119.503
139.102
150.214
140.633
134.195
129.959
136.516
136.785
145.099
148.445
145.447
145.046
141.444
132.578
117.501
100.519
90.1266
88.1856
84.8087
82.0761
80.3359
81.6205
84.3957
90.4251
97.7921
102.825
103.846
102.908
103.824
97.9819
96.3899
92.728
90.7078
90.0533
91.7961
97.3122
102.564
108.602
104.796
103.582
100.613
96.3328
96.6882
91.0395
84.5026
73.2293
58.4995
47.5835
44.2209
46.43
48.7762
50.2987
54.2906
59.172
65.2846
70.7514
67.6424
55.3432
46.2176
46.3354
50.129
52.7912
52.864
59.1591
69.6333
75.4817
74.3771
73.0362
76.1093
81.4397
87.6165
93.5231
97.5582
99.0841
93.8396
92.1965
88.3947
79.7655
75.8464
70.6353
67.4946
67.4817
73.7691
79.7136
80.6527
73.9304
67.2896
60.4873
55.9435
50.2063
46.7197
44.6819
43.3744
46.8021
52.8688
60.7542
75.1225
114.897
148.976
170.476
177.976
177.12
167.911
155.391
146.669
131.272
128.012
132.811
146.062
160.211
175.012
182.097
196.508
172.184
129.956
122.699
119.769
95.2232
75.2737
58.6356
47.4934
43.8629
45.8245
49.8732
52.3186
53.2584
62.5321
75.692
82.4792
97.998
111.78
132.472
141.945
167.49
167.091
177.443
167.468
163.619
149.22
136.577
121.155
115.399
100.571
96.6824
94.625
92.5909
100.29
126
127.457
98.0403
75.3454
54.3625
40.0302
44.907
59.2986
69.965
79.1272
73.809
76.7593
97.2506
131.637
166.848
200.182
216.655
205.009
187.246
178.417
160.673
158.715
147.848
144.644
135.182
120.789
105.139
94.6655
93.1467
102.178
114.565
118.229
106.054
81.1886
57.8123
44.4952
35.4715
35.0018
42.1005
51.8346
60.6064
68.7039
85.2426
102.626
116.216
131.86
153.806
188.809
216.292
262.15
263.431
262.964
268.488
246.996
251.33
236.367
225.327
191.862
161.078
109.122
88.8344
84.7584
90.9892
101.838
98.421
77.4706
53.6503
41.683
38.9036
47.0771
60.0437
74.7463
84.0502
95.4354
109.875
128.436
148.474
178.344
205.853
225.692
232.489
237.511
242.441
242.355
241.853
233.16
225.293
207.875
189.915
153.501
125.354
104.774
88.4648
75.5563
65.9839
63.4789
86.255
117.594
116.045
100.348
85.674
76.6707
70.8483
68.7084
71.1764
79.1333
81.8649
85.0742
84.8868
70.5466
51.6822
53.3146
57.9171
56.7386
66.0678
89.6702
112.687
107.142
65.1802
48.7192
43.0792
40.6695
39.008
38.1297
38.0516
39.6824
44.9376
41.4165
52.1303
67.6585
79.2837
83.9805
83.1901
61.4268
54.096
54.5624
57.8352
63.2484
67.6518
70.0888
73.7628
78.0808
79.502
79.5172
76.7014
75.5513
71.6313
68.0839
63.1477
54.9008
43.6785
30.6528
16.2213
5.97737
2.74474
2.55884
2.64017
2.42975
2.15344
1.78758
2.3217
16.2917
15.3815
19.4574
20.0276
17.9389
17.3093
19.3142
23.063
25.848
25.3933
24.3993
25.2131
29.7516
33.913
32.2946
27.9424
25.4468
24.1783
27.3246
35.3279
42.7129
45.0784
45.0365
43.2563
44.2627
50.6347
62.0583
70.2796
73.9142
74.0919
71.2599
68.7126
65.1953
63.6391
62.5088
61.5609
59.6869
56.6919
53.1987
49.1658
45.1166
41.2406
38.1613
36.1791
36.3333
39.4601
42.4409
46.8592
57.362
61.6443
63.5177
68.1982
70.8355
75.162
77.3249
78.1364
79.6548
70.6965
65.897
58.1875
60.2122
59.841
59.3125
61.0028
68.4482
76.3314
78.6114
72.6121
65.5202
58.0261
53.6745
50.1687
48.3461
47.045
47.497
49.7082
53.4396
57.6849
60.229
57.6877
56.0427
55.5514
57.0511
60.3266
66.6225
69.3129
69.2193
64.8867
60.673
56.1684
59.5408
72.092
89.0695
108.303
131.486
145.785
144.988
142.728
138.146
143.041
138.317
139.427
137.978
127.502
122.046
109.662
94.8293
82.7143
79.7102
82.6878
85.0129
85.9045
86.1005
86.9387
86.5758
88.9789
92.7588
90.679
93.6371
97.1531
96.5377
102.396
104.24
107.353
107.623
107.884
107.546
107.897
110.478
110.636
110.88
104.987
98.8824
92.154
81.8861
72.2851
62.0136
51.8662
43.9459
39.9132
39.5457
42.8378
46.4418
49.1631
52.4215
56.4224
61.1561
67.482
73.0047
69.7816
63.2283
60.8682
61.9455
58.6626
51.4513
49.294
57.232
65.6933
71.5846
71.0286
74.5818
79.9279
86.7473
93.6993
98.1951
98.5467
98.5029
97.9379
89.1992
87.3532
78.3762
75.1539
70.3559
70.5602
71.4208
71.2648
66.8242
60.6815
55.6119
51.3156
47.5486
44.8915
43.4854
42.3911
44.3175
46.7121
51.9011
57.219
68.1963
98.6168
128.524
151.391
166.795
171.439
169.407
164.427
155.185
142.173
134.648
137.724
144.933
154.414
164.361
160.347
151.781
130.755
115.838
109.078
97.6619
75.9177
61.8017
51.8121
47.6072
47.6947
49.4114
50.5113
49.415
48.3699
55.9208
66.5453
72.337
86.1551
107.322
126.142
138.413
159.002
164.438
184.843
190.172
182.27
176.499
164.676
150.028
138.058
120.089
113.4
107.056
105.015
110.648
117.259
107.667
82.7199
65.1199
52.9786
48.3138
52.9482
60.4346
63.2333
67.3275
68.8943
67.4867
82.7618
107.861
135.924
173.879
190.827
211.356
205.166
207.913
180.896
179.904
159.747
146.926
133.514
118.06
104.474
97.6048
96.5949
99.9004
100.89
93.3024
78.3287
60.6366
46.5916
36.3881
26.3912
30.2271
38.1659
42.9539
51.1868
56.4479
71.3419
90.0619
103.218
114.037
128.41
152.205
175.89
224.875
228.194
248.215
245.579
244.092
239.803
208.11
201.563
155.866
128.327
104.518
94.7741
93.1734
94.5861
94.3156
84.2621
63.7307
43.1919
30.8622
30.9875
39.8649
46.5165
62.7898
74.7383
85.0085
97.3943
109.157
124.947
141.84
177.63
204.221
238.662
249.558
244.444
245.111
238.727
227.543
216.68
200.663
183.156
156.037
128.765
107.446
89.1289
75.686
66.8034
68.404
85.4752
104.808
102.149
94.0581
87.3019
85.1973
88.241
93.2589
97.8417
99.712
100.244
97.768
89.0685
72.5265
50.0013
45.0846
56.9087
52.8847
56.031
65.6861
84.8315
109.058
107.293
84.5544
63.7152
54.4808
49.4636
46.0709
44.3105
43.3759
44.6379
56.4434
66.7318
71.907
73.9063
76.4061
75.8863
69.763
59.2634
57.3557
59.0698
62.4049
68.0876
73.6703
76.6604
80.4241
83.1811
81.6243
80.1151
76.1271
71.0486
65.6226
58.1897
48.4214
36.7359
23.4548
10.0863
3.8055
2.30481
2.25393
2.26056
2.10592
1.87776
1.64688
2.21841
13.8934
13.0858
17.8065
21.5252
23.2934
23.4763
24.0736
25.6812
28.1919
30.2267
30.6804
30.1204
28.3799
28.2518
27.2507
26.2386
26.7366
30.4871
37.1268
42.7387
45.8232
46.1942
45.1653
44.4196
45.0728
49.0039
58.6907
67.8312
72.1924
78.3495
81.2271
82.3976
80.0305
77.4568
73.3368
69.6946
65.5047
61.5123
56.5616
52.0306
46.8528
42.8032
38.6558
36.689
36.1907
38.1389
41.1466
45.4681
52.4774
59.9334
65.5273
72.9561
76.3599
80.7151
83.5549
80.8481
80.9533
69.0707
65.1955
58.2941
60.7264
57.3969
56.6755
54.3596
60.1011
67.196
73.8231
72.1361
73.7481
63.6724
58.2517
51.504
47.3225
44.4137
43.8432
44.7117
46.9654
49.6491
52.5351
53.6369
55.5813
58.0616
62.3307
67.0318
72.4614
74.794
73.593
69.398
63.9278
57.3797
54.195
58.1039
67.356
79.8027
98.7362
119.322
145.33
153.002
169.788
166.482
162.752
158.427
144.14
125.59
107.248
89.1788
75.4815
67.4925
68.3923
74.4952
80.5166
86.4986
91.9366
94.843
93.328
93.2912
93.1499
88.3171
83.7492
90.2672
91.898
99.3287
106.777
115.655
125.063
131.562
135.053
136.825
134.864
131.732
128.662
114.006
109.786
92.2659
82.154
71.0903
59.6212
51.9589
47.0527
44.0669
43.7482
43.9652
44.7555
45.9999
48.4713
52.0298
57.5739
64.4676
72.6145
78.07
79.6486
77.3929
73.6187
67.7818
55.8552
46.7928
48.7751
55.9533
64.6594
68.8081
73.8898
79.7623
86.8998
92.9127
97.4652
99.6973
97.5664
89.7572
86.6506
82.7297
75.4017
73.709
67.852
65.2955
61.0276
56.4349
50.6352
45.2212
42.4022
40.8434
41.0442
41.2768
43.3419
45.3568
47.3157
50.1248
53.4057
56.9659
62.9815
84.0592
114.961
135.185
153.155
164.803
173.462
179.103
173.587
157.936
150.698
148.064
151.544
152.86
150.741
140.19
125.401
108.735
94.2
82.251
69.6724
54.9857
49.7293
48.4776
49.9314
51.2112
51.5098
49.5649
46.3927
45.7098
53.6157
62.7535
65.3956
72.1319
94.7418
122.149
138.995
162.561
186.787
208.23
209.856
211.066
205.768
195.738
183.266
173.468
153.208
139.348
122.34
108.759
99.1191
91.3073
80.9176
67.9191
62.952
62.9474
65.5589
67.1976
65.608
60.4086
59.5915
63.5032
60.4534
68.312
86.5356
108.751
130.647
150.618
163.972
167.123
165.651
159.893
154.865
141.93
131.362
120.666
111.331
102.889
96.2611
91.7572
86.948
79.6062
70.6292
60.6014
49.9985
42.0105
38.0684
37.8456
40.2921
40.3646
37.697
44.0761
45.657
54.9439
73.8464
91.6657
105.719
119.745
139.088
164.513
186.349
202.026
206.805
208.442
198.296
192.884
174.111
163.372
144.036
123.697
112.939
102.368
92.6359
85.0447
77.2912
67.0316
53.4295
41.2681
37.0313
40.027
41.7417
39.7283
45.9273
62.9023
72.1529
85.4828
99.4702
111.287
125.315
146.525
162.986
204.637
218.968
254.923
254.247
249.357
237.836
227.358
212.327
178.254
153.665
128.757
109.12
93.7314
82.557
76.2139
75.248
79.5699
85.4944
83.9385
85.2221
90.5705
99.9222
111.41
121.838
127.372
126.971
117.207
108.737
90.5221
67.4236
47.6292
41.3044
55.6762
53.4591
50.0198
53.8237
60.8158
72.0686
83.5713
91.5094
86.1086
77.9462
70.586
64.1581
59.4568
55.6056
52.1032
50.478
48.9433
52.6276
51.4613
49.8546
47.784
48.5485
50.9031
54.3841
58.9532
63.4127
68.137
74.4108
79.4881
81.7377
83.5207
82.9195
79.5604
73.9403
67.5644
59.9025
50.1587
39.0231
25.9498
11.2618
3.94207
2.44935
2.16762
2.11603
2.06044
1.93389
1.77157
1.60276
2.10044
10.0727
15.4818
22.6563
28.7601
33.1704
35.8884
37.2911
38.1605
38.8725
39.2926
40.1626
40.8117
41.2751
41.378
41.5009
42.7893
46.1168
49.6971
51.591
50.9132
50.4403
49.1117
48.8007
49.2346
49.7964
50.7866
59.7269
64.2735
64.1427
65.5452
66.8994
69.1829
69.4537
70.3347
69.2823
69.0215
69.2643
68.555
67.6452
66.7589
65.0211
65.6353
63.8578
65.8567
64.2416
66.8016
68.1175
70.5631
70.9519
73.5254
72.8838
73.9385
72.4122
71.637
73.6622
68.5938
71.9602
68.5351
71.3136
74.0185
80.0528
74.0406
69.1743
59.6049
59.6788
61.6657
68.4256
70.4115
73.2508
70.4124
67.1537
61.9153
58.6854
55.3713
52.7434
51.3304
49.7144
50.2904
52.2202
54.5441
57.8749
59.5737
60.6845
57.2615
53.516
50.1689
50.1782
54.381
62.7876
67.2802
66.0454
65.0366
69.5701
73.7365
81.6658
89.6405
99.9223
108.065
119.862
120.963
135.082
134.097
126.629
117.823
108.204
98.8458
92.888
88.5749
88.2934
89.2138
89.9317
89.2132
87.2826
84.0277
81.9556
88.2506
100.744
110.19
105.901
120.466
117.753
119.759
117.966
123.866
127.117
131.024
131.801
130.699
131.128
122.208
125.097
110.091
101.759
100.779
85.6419
81.8433
76.5583
72.9618
68.6437
67.1842
65.2998
63.8918
62.3578
60.9937
59.9639
59.1527
60.1875
61.7697
62.5717
62.0679
60.5873
58.2268
55.9027
51.6511
47.7296
45.5998
49.4649
53.2121
59.5055
63.3857
68.8648
74.7408
80.8957
90.851
97.3599
94.4181
89.719
85.8296
77.9747
68.9996
66.4484
61.108
58.739
56.4703
54.0907
52.2112
50.1865
48.8321
49.2873
50.1508
52.3669
53.8045
56.1245
58.6943
59.1479
59.4438
59.1209
58.1541
57.3832
61.4145
80.4839
86.8477
89.6649
94.6801
99.3239
107.896
105.191
99.2293
88.5814
88.1882
85.3997
83.2083
92.4433
83.7867
91.3857
85.4215
79.6598
72.6344
64.2732
57.4853
55.6041
54.5142
55.1624
56.2055
57.1347
56.8721
57.4402
59.3844
68.0737
79.4967
79.5662
68.3919
65.2048
67.6757
67.3621
80.494
91.1025
100.567
120.459
123.609
137.221
131.195
142.555
129.935
135.855
127.357
120.15
111.302
103.462
96.1567
87.5262
80.7054
75.3384
69.3875
63.1068
56.6512
52.5762
51.9121
63.4716
80.4605
72.6658
44.3744
41.6568
49.7701
63.8534
69.4638
79.1793
87.8626
88.3509
92.6263
95.5941
96.6415
96.1233
94.6788
93.0735
91.7067
90.1729
88.887
87.4555
85.7658
83.3633
79.7224
73.8331
70.0232
64.1675
59.9239
54.8704
45.6417
36.5372
38.3212
44.2385
41.1674
39.5244
47.2611
60.4439
74.78
87.8388
114.2
113.443
138.475
138.939
134.312
140.849
132.398
137.378
126.182
127.15
120.325
111.037
107.237
100.973
94.8694
88.2376
83.0141
76.3473
70.8883
67.1249
62.0295
54.2219
45.5058
42.2597
54.3043
44.9894
51.8788
66.3387
80.1868
87.5268
106.182
103.496
136.278
121.275
172.237
142.599
153.485
170.361
142.809
142.068
132.069
124.806
118.216
112.367
109.493
106.669
105.039
104.052
103.332
101.94
96.8191
96.3958
98.9499
103.288
107.158
107.717
101.572
98.2359
84.9512
74.4754
61.6059
50.907
51.7367
66.4639
83.3451
77.2035
61.3223
54.0275
54.4884
57.2202
58.943
60.2777
63.3597
62.9109
62.1463
60.7847
58.3356
54.9608
51.5521
47.4334
44.532
42.7485
40.094
38.8587
39.2884
41.447
45.5816
50.7269
56.3216
62.025
66.9826
69.7797
72.2829
73.5758
70.928
68.3631
63.9167
61.4132
57.7698
52.0887
41.8474
22.7852
8.23719
4.5533
3.39947
3.2346
3.1402
3.12589
3.05197
2.84194
2.6237
2.28343
1.92777
)
;

boundaryField
{
    wand
    {
        type            zeroGradient;
    }
    frontAndBack
    {
        type            empty;
    }
}


// ************************************************************************* //
