/*--------------------------------*- C++ -*----------------------------------*\
| =========                 |                                                 |
| \\      /  F ield         | OpenFOAM: The Open Source CFD Toolbox           |
|  \\    /   O peration     | Version:  2.1.1                                 |
|   \\  /    A nd           | Web:      www.OpenFOAM.org                      |
|    \\/     M anipulation  |                                                 |
\*---------------------------------------------------------------------------*/
FoamFile
{
    version     2.0;
    format      ascii;
    class       volScalarField;
    location    "0.005900000";
    object      Tu;
}
// * * * * * * * * * * * * * * * * * * * * * * * * * * * * * * * * * * * * * //

dimensions      [0 0 0 1 0 0 0];

internalField   nonuniform List<scalar> 
12384
(
939.37
920.781
908.409
905.763
907.654
909.149
913.202
911.98
913.121
907.76
907.359
907.928
966.347
1007.19
475.708
460.938
484.592
500.529
512.997
520.226
531.806
549.615
558.82
572.273
579.967
584.706
592.367
595.969
598.089
602.118
602.154
605.578
603.266
609.817
604.821
615.385
618.151
623.382
630.793
638.996
625.836
570.805
540.477
549.544
456.046
479.32
495.487
508.051
523.826
531.244
539.037
538.82
537.445
535.061
533.243
531.187
528.665
526.105
522.966
522.624
517.649
517.704
511.856
514.454
508.372
511.805
512.421
519.214
527.767
534.545
520.755
491.076
492.565
494.109
498.05
494.566
469.97
460.092
455.502
456.133
456.975
458.864
455.158
458.588
436.812
445.652
407.328
422.118
379.264
397.784
370.166
385.652
376.949
405.601
402.818
431.702
431.851
452.48
450.828
435.456
436.008
442.739
447.331
449.688
352.762
367.29
375.943
377.046
377.775
368.879
358.879
347.924
351.366
331.493
342.329
331.761
351.008
340.162
372.246
365.382
397.809
399.471
420.324
434.109
442.032
447.271
442.142
441.641
444.279
441.142
449.765
451.278
455.129
455.368
408.965
415.481
398.082
391.982
393.84
399.556
408.133
415.53
420.9
419.302
419.171
412.515
411.023
399.743
400.255
384.746
388.128
370.812
376.916
366.501
371.692
378.169
379.624
389.667
399.932
406.722
407.994
393.568
394.502
396.171
310.923
292.975
270
270
277.541
297.265
312.107
318.103
318.911
313.698
314.363
303.197
297.745
297.063
289.069
291.732
293.88
290.009
304.999
302.616
322.168
322.902
333.243
342.277
322.137
317.771
331.168
334.044
337.545
338.135
381.083
388.539
403.93
419.161
427.288
429.714
425.596
426.622
408.342
414.847
389.422
399.282
378.484
385.367
379.823
385.352
389.463
399.699
403.023
407.274
405.591
399.43
402.785
419.643
417.477
401.901
394.752
390.744
390.746
389.281
380.036
396.489
412.052
419.765
420.956
418.698
415.847
405.017
403.514
398.441
391.439
389.998
394.461
398.659
399.933
407.139
414.915
418.132
422.348
417.008
389.953
367.225
365.004
369.139
373.167
378.114
379.305
377.112
372.542
369.997
401.386
378.25
374.358
387.846
400.198
404.019
401.439
393.823
382.536
366.578
351.19
338.867
322.922
307.957
314.748
311.349
305.029
335.729
332.8
350.789
369.705
373.661
367.369
356.339
356.392
361.533
367.357
369.331
369.633
367.645
355.325
373.817
380.63
384.365
386.214
385.675
382.284
375.841
368.989
355.196
345.151
332.718
331.842
319.209
325.027
329.121
333.616
344.854
355.191
367.045
374.266
372.242
361.62
354.696
351.61
346.672
348.124
349.1
350.897
349.437
270
270
270
270
270
288.436
295.607
290.388
288.017
284.633
280.283
279.069
273.463
276.396
278.243
276.568
283.755
286.993
288.27
294.534
297.702
300.339
305.597
307.778
313.084
320.247
326.113
336.711
346.667
282.012
279.195
278.046
291.929
304.561
303.57
274.435
270
419.151
438.472
442.811
445.635
447.753
448.526
453.208
456.206
459.109
460.467
458.183
454.22
448.836
447.68
439.839
437.791
438.882
428.76
432.837
423.341
420.669
364.872
270
850.405
857.55
879.934
904.255
917
922.637
928.577
938.809
949.76
943.864
930.747
914.024
943.98
1000.36
473.8
468.877
497.998
517.529
530.529
547.759
573.945
588.93
599.113
605.322
606.439
614.628
620.952
629.606
637.469
643.155
649.9
651.017
651.93
652.174
646.229
641.347
644.789
641.606
640.912
645.06
641.477
607.76
561.366
547.71
455.702
484.104
504.825
525.755
540.013
541.851
540.089
527.369
516.463
507.241
499.515
494.052
490.561
489.393
490.108
491.378
492.448
495.518
496.168
495.13
496.374
496.709
503.352
508.125
515.269
523.979
527.56
509.578
490.264
492.191
496.737
483.518
455.691
450.506
452.636
457.847
460.146
462.033
460.208
459.545
446.7
445.528
418.148
418.743
392.472
396.33
381.638
387.675
387.987
398.699
405.47
423.227
427.619
446.034
457.498
448.376
437.344
444.437
454.814
453.839
399.434
407.114
407.777
402.544
393.225
383.498
374.124
363.384
346.282
347.752
339.101
338.812
346.862
348.106
363.845
369.15
390.774
395.096
418.302
427.766
443.277
451.333
447.422
441.94
440.134
436.036
439.144
439.619
446.188
451.209
410.077
411.473
394.57
392.988
402.472
415.41
424.513
424.794
415.959
403.945
395.275
387.958
384.298
375.3
375.606
362.028
361.365
349.759
353.46
344.176
350.284
353.256
362.837
377.422
386.209
398.89
410.284
403.342
392.062
394.003
305.156
281.407
271.036
305.073
332.417
340.136
335.211
321.747
308.805
293.759
285.519
278.855
270.11
270.322
270
270
270
270
280.106
283.743
297.547
306.889
319.805
336.231
335.919
320.207
322.714
321.553
322.602
328.069
408.058
421.27
438.049
445.289
445.724
443.237
432.325
424.935
417.966
405.062
399.455
394.579
383.999
382.693
383.814
385.473
387.676
394.398
402.023
406.313
407.591
403.699
399.797
409.861
412.482
388.059
377.422
375.453
378.289
379.33
413.235
431.872
435.071
429.928
422.225
412.185
403.044
389.701
385.322
379.316
377.481
379.834
375.572
380.885
388.648
393.023
399.515
408.213
416.6
421.013
409.404
381.761
370.497
385.07
396.676
398.887
398.265
396.191
391.951
386.668
396.191
371.775
381.855
412.231
415.712
405.98
390.155
373.983
357.305
339.492
324.611
311.758
296.194
282.906
282.882
287.211
286.626
303.771
315.666
332.895
355.576
364.574
378.141
366.597
361.188
374.368
380.871
384.544
383.643
380.366
352.092
375.868
386.82
390.814
388.872
382.757
374.995
365.219
350.272
340.498
331.24
317.43
307.504
311.931
305.101
307.32
318.852
326.884
337.07
348.07
362.151
370.2
368.617
357.054
349.139
346.014
348.277
349.524
349.458
345.995
270
270
270
270
277.196
289.677
279.657
274.99
270
270
270
270
270
270
270
270
270
270
277.27
281.882
290.623
297.751
302.818
309.544
313.215
315.409
320.87
332.332
344.352
306.869
345.269
348.423
316.703
273.636
272.237
270
371.7
440.338
444.447
450.164
452.239
455.539
459.404
462.859
466.12
468.336
466.217
461.639
451.603
441.61
424.708
423.213
415.395
432.014
429.975
436.373
426.603
418.032
362.707
270
848.047
879.616
909.44
911.446
889.747
866.271
858.058
877.626
916.018
955.623
965.811
936.236
936.677
988.549
471.976
479.309
514.734
532.191
558.685
585.694
606.377
610.685
603.368
606.299
612.471
622.019
638.553
652.797
670.804
687.615
702.488
716.018
719.2
718.155
710.603
689.115
677.746
665.396
655.719
653.11
652.351
633.944
586.145
551.109
460.264
486.439
513.331
532.397
542.251
539.443
527.266
510.927
496.291
483.929
470.442
460.828
456.725
458.565
464.52
470.799
479.536
489.523
491.076
492.248
495.455
493.684
492.812
498.558
506.935
517.283
524.285
518.048
500.612
490.229
493.046
472.434
450.109
453.287
458.71
462.01
464.119
466.693
465.468
464.437
451.333
446.485
418.357
423.053
389.873
397.878
382.221
392.036
384.699
402.567
406.312
419.471
424.859
437.854
447.734
456.73
445.472
445.267
460.395
453.861
414.23
413.892
409.688
404.656
396.328
380.485
379.627
363.676
346.998
352.254
342.839
336.326
348.973
344.192
366.351
363.326
389.147
392.306
413.037
420.592
436.861
447.957
452.818
444.845
439.364
430.701
431.216
431.717
437.69
447.141
414.501
409.566
397.651
402.51
415.139
421.424
418.134
400.114
386.497
378.781
379.1
380.11
377.943
378.118
377.799
367.419
368.975
360.827
355.64
350.637
354.617
351.23
356.387
364.426
373.727
390.218
405.366
407.972
397.927
391.303
295.167
276.558
313.425
343.317
342.038
324.866
300.953
281.783
274.025
270.639
270
272.719
272.766
278.093
278.654
283.167
278.183
282.608
281.086
281.741
291.147
295.18
306.764
323.736
332.371
332.527
321.812
326.416
325.324
327.877
418.971
436
448.616
447.974
442.114
433.858
422.132
418.359
402.999
405.635
390.369
386.566
383.454
381.365
377.072
383.699
386.756
389.036
396.353
402.245
404.715
403.484
398.704
399.349
406.783
389.212
375.272
371.171
371.758
377.199
438.701
436.112
424.29
411.014
398.332
388.248
377.439
370.613
368.771
363.872
359.817
360.204
369.424
365.336
369.388
378.647
387.521
399.112
405.917
416.14
415.841
398.759
375.946
388.021
401.87
403.25
397.286
393.5
393.26
393.577
386.047
369.405
415.263
422.844
405.332
381.511
363.072
349.675
336.849
325.913
311.634
299.355
292.458
282.994
272.811
274.89
273.38
290.19
297.63
316.909
329.904
351.76
369.586
373.275
368.166
375.759
385.797
389.019
390.438
385.538
359.264
384.336
396.327
393.105
383.131
372.233
360.944
348.021
341.5
325.216
314.689
304.335
310.204
295.136
297.855
300.694
303.223
315.324
323.368
332.207
343.175
356.432
364.599
360.351
349.561
347.35
352.112
353.617
352.187
347.891
270
270
270
278.522
276.533
276.975
270
270
270
274.585
287.634
297.21
306.253
307.451
302.726
295.311
287.891
277.897
279.321
287.202
295.522
307.276
313.897
315.679
318.376
320.415
321.154
327.086
339.813
318.674
374.603
372.956
340.987
270
270
350.74
434.101
447.871
451.666
456.275
461.718
465.9
467.984
472.966
475.669
477.094
475.969
471.411
462.831
444.793
420.028
396.088
375.537
389.297
396.51
417.17
410.237
398.631
339.85
270
857.47
888.581
880.862
829.072
783.137
765.886
761.206
776.649
822.342
908.973
966.216
958.069
940.718
981.703
470.061
490.452
527.741
554.166
591.705
621.391
616.007
605.252
599.252
599.786
615.683
623.714
637.51
649.154
668.804
695.739
725.941
753.204
774.896
778.968
777.16
754.592
725.181
695.067
676.325
663.618
660.462
649.433
606.276
555.77
458.443
490.456
512.558
534.6
542.275
540.86
528.403
511.503
493.368
468.568
442.728
428.333
425.125
430.709
443.108
456.532
475.042
487.506
488.705
492.588
491.561
487.115
490.203
491.794
502.507
509.579
516.966
523.873
509.19
489.271
488.926
465.545
451.035
458.206
462.343
462.453
466.298
467.809
470.702
462.885
453.033
440.116
419.177
415.864
393.919
400.691
389.916
389.675
397.853
399.225
409.216
421.059
419.582
431.024
442.598
449.224
453.034
447.483
461.805
456.707
413.637
413.186
409.693
406.042
397.772
389.598
388.727
371.46
370.723
359.661
356.013
352.923
357.313
355.489
373.899
369.965
391.341
393.408
413.312
417.54
432.961
444.191
453.755
449.047
440.341
432.448
430.306
428.869
433.593
445.738
413.575
406.549
399.833
408.821
417.843
412.628
393.622
380.094
376.931
384.068
387.733
396.183
391.587
401.604
388.183
397.651
391.815
391.246
383.519
386.746
379.79
375.265
373.057
365.272
372.761
383.828
399.16
410.374
404.08
391.876
288.082
295.658
348.345
345.928
319.857
288.521
270
270
270
276.705
288.681
302.842
308.527
319.162
321.25
321.269
324.735
315.891
321.655
304.408
306.041
298.215
307.153
313.506
329.243
335.861
331.319
328.396
326.644
324.074
426.879
449.02
450.408
443.36
433.578
425.525
418.306
414.823
402.978
406.687
386.204
392.409
386.494
378.43
381.38
377.243
386.456
389.313
391.127
397.552
401.303
401.948
398.893
396.189
401.046
394.885
380.822
377.067
376.969
385.453
437.936
421.767
404.336
390.387
380.885
374.471
370.541
367.74
362.918
360.541
364.731
363.547
362.557
372.333
367.749
368.345
377.418
389.261
398.183
409.524
414.954
409.435
385.487
384.651
401.342
403.813
396.378
392.382
391.778
393.469
372.421
383.231
432.256
412.08
380.198
359.836
347.5
338.19
331.562
321.865
309.835
303.997
295.494
284.979
280.743
280.966
273.61
290.512
293.594
303.738
315.821
337.517
354.578
371.119
372.983
372.346
380.918
385.751
388.412
384.559
371.192
391.388
398.508
388.389
371.67
356.946
345.2
340.269
326.042
314.633
309.662
312.644
296.613
298.572
292.095
290.044
298.64
299.792
309.539
318.66
328.898
342.183
354.43
358.112
349.647
349.188
356.727
358.497
356.512
349.792
270
270
274.669
274.63
272.534
270
270
277.741
295.781
323.046
342.085
356.935
360.999
362.715
354.39
338.928
320.504
299.963
283.307
285.034
299.984
311.639
320.526
320.876
317.632
319.706
321.586
323.451
335.188
322.772
375.116
369.289
307.765
270
330.03
423.433
448.78
454.994
458.093
466.791
468.432
470.624
474.996
478.891
479.994
480.499
480.358
477.684
471.03
463.109
438.309
402.707
361.882
352.442
357.066
372.337
377.003
367.35
313.024
270
856.306
864.844
811.511
757.946
744.73
750.463
753.755
761.82
791.726
865.656
954.348
968.807
944.231
973.778
470.357
501.539
544.232
580.334
621.744
635.618
614.449
590.834
593.015
596.791
600.93
600.156
599.989
605.623
625.794
660.464
707.847
754.102
792.618
808.209
807.867
799.438
769.405
727.564
695.551
677.047
667.623
659.479
620.351
560.142
466.286
487.714
514.535
531.975
547.103
546.612
539.638
521.831
492.447
450.603
416.886
405.593
408.08
418.23
436.203
459.542
484.193
491.423
489.551
491.207
479.401
478.656
478.948
486.498
494.98
500.275
517.58
523.491
510.249
493.791
485.143
462.7
453.175
462.272
462.922
463.604
467.913
470.992
472.272
461.123
452.864
433.432
422.785
422.167
400.995
412.83
397.258
401.098
402.648
404.412
409.346
418.993
418.159
424.265
432.332
445.782
447.789
451.808
459.309
451.18
415.673
413.137
411.743
408.449
407.049
414.143
412.195
401.628
409.265
398.365
398.584
391.355
397.249
386.795
396.016
392.363
402.522
401.577
417.645
418.368
433.921
440.91
454.511
450.41
444.215
434.891
433.263
428.132
432.612
445.101
418.785
410.431
408.423
416.616
412.806
397.161
381.478
378.47
387.185
396.214
399.906
399.601
401.875
408.129
402.7
422.102
420.129
425.767
423.132
426.535
417.997
407.875
400.316
382.184
382.716
382.934
396.447
411.144
407.882
391.832
289.475
323.659
354.103
327.015
289.262
270
270
270
278.327
295.808
312.725
322.307
332.733
339.417
342.579
348.085
348.471
347.153
350.18
340.495
332.183
316.863
312.942
311.181
326.671
335.836
338.922
338.061
336.273
327.874
435.578
455.167
448.042
438.414
428.968
423.015
415.974
415.015
406.166
399.242
390.737
390.496
376.068
380.154
373.834
378.413
378.843
388.825
389.27
393.014
398.649
399.833
398.748
395.909
397.619
395.342
387.632
380.047
378.18
388.092
423.652
405.855
389.438
378.061
371.197
370.902
371.883
368.535
365.991
368.262
362.224
366.163
363.354
363.64
373.99
374.969
371.674
383.398
391.546
403.687
411.597
413.307
395.139
384.232
395.934
402.662
396.561
398.475
398.18
394.061
365.63
420.108
429.539
391.527
362.157
346.852
339.312
334.695
327.081
316.908
313.269
307.505
295.282
287.6
285.162
286.502
280.233
293.392
281.83
308.61
307.834
322.93
340.805
364.711
370.924
372.361
375.72
381.986
389.393
387.562
385.754
405.066
397.667
374.277
355.96
344.193
338.287
328.396
316.415
316.094
310.12
290.837
288.844
289.491
294.493
299.129
293.807
297.687
298.286
304.823
314.076
326.818
340.204
349.14
349.968
346.759
352.073
353.205
353.542
345.684
270
273.43
274.957
274.159
270
270
282.31
309.54
340.822
366.65
387.29
396.051
402.865
398.42
390.558
378.038
353.72
325.344
296.069
281.353
298.725
317.046
320.066
322.02
317.495
315.079
316.988
321.283
331.51
322.217
368.69
362.354
314.39
330.117
401.05
447.223
454.719
461.987
464.848
472.988
472.706
478.559
483.184
485.641
484.484
485.595
482.086
477.068
477.075
470.222
459.653
431.191
378.46
346.731
343.755
357.117
357.47
343.643
286.293
281.134
847.113
822.783
758.92
737.515
756.054
783.9
795.535
805.061
819.164
874.615
954.839
969.307
941.776
971.851
470.392
512.579
560.769
606.378
643.941
638.254
605.298
584.025
583.198
582.912
578.018
564.305
560.69
562.87
577.622
619.314
676.038
740.146
790.126
812.773
817.726
810.307
794.612
751.104
711.06
687.786
675.988
666.101
626.51
561.558
463.444
490.695
506.125
534.396
549.319
557.463
552.367
535.186
490.122
433.67
403.736
399.219
407.527
423.635
448.853
479.921
497.927
495.048
488.841
484.518
467.778
465.553
466.876
473.853
483.649
502.242
517.268
518.992
513.845
495.493
483.133
459.824
456.054
464.063
464.029
464.879
470.751
471.237
473.254
461.404
450.592
429.035
433.862
417.503
413.809
416.814
411.912
409.183
405.76
406.302
413.917
411.072
415.282
416.394
422.662
434.529
444.541
446.343
456.987
445.425
418.672
412.957
414.678
422.35
428.26
442.398
437.747
438.158
447.128
436.212
438.841
439.321
444.909
434.586
438.663
425.299
429.941
419.13
428.43
423.214
434.875
441.069
454.68
453.176
446.132
439.801
435.869
430.694
436.894
446.975
417.963
410.624
412.635
415.359
403.571
385.397
380.71
388.895
396.274
399.045
400.028
401.674
405.505
422.341
429.483
455.339
452.867
472.653
463.139
464.948
457.84
442.4
431.067
407.388
394.352
388.883
399.012
412.813
409.236
389.606
294.287
343.187
346.098
305.357
270
270
270
270
287.683
306.758
314.52
331.422
339.373
348.009
358.654
358.628
361.175
364.145
369.437
353.279
362.18
335.085
328.384
313.156
327.794
332.165
342.638
345.945
338.941
326.227
444.432
456.391
446.677
436.365
426.009
422.495
415.941
415.185
400.22
400.531
384.86
374.314
370.651
367.392
371.041
369.636
369.339
383.53
389.858
387.092
396.805
398.424
398.247
396.634
395.804
395.595
391.151
386.752
388.718
400.895
414.581
394.439
380.617
370.823
367.666
369.372
377.111
366.954
369.192
364.921
370.921
366.029
374.974
368.157
366.336
373.946
376.871
377.354
392.137
396.101
410.861
412.395
402.58
384.911
392.28
397.346
397.012
415.559
419.146
400.256
369.349
446.546
414.715
376.244
352.434
341.348
333.781
328.138
319.958
315.895
311.917
299.92
294.363
295.903
287.853
287.227
277.297
293.89
283.483
308.74
296.1
315.775
329.812
354.228
369.532
371.27
371.155
377.131
385.343
385.73
391.034
406.297
385.299
363.003
348.168
337.142
328.55
320.246
318.252
307.854
299.59
302.124
319.914
324.223
315.026
298.814
299.49
289.99
291.326
297.144
305.653
317.128
328.352
340.967
344.264
340.875
347.456
354.573
356.377
349.137
270
276.097
279.395
270
272.156
281.218
310.106
343.691
377.51
400.438
414.003
423.554
423.692
420.267
411.151
402.906
381.956
354.496
312.946
283.595
295.725
316.946
321.727
318.799
310.887
311.206
310.567
318.286
330.362
320.797
346.446
362.66
344.423
385.368
435.226
454.13
459.585
465.728
473.517
475.239
481.134
489.16
490.337
489.364
493.074
488.294
481.968
480.257
473.609
471.212
469.624
453.585
411.523
353.861
339.192
351.485
352.1
318.456
270
294.621
833.57
784.812
732.743
745.696
800.946
832.378
846.787
852.6
865.561
911.176
965.201
969.154
947.171
970.975
475.435
523.049
577.411
624.374
658.818
641.994
596.068
579.5
574.369
566.986
561.894
552.862
543.399
538.326
545.366
576.839
638.871
714.721
772.29
805.428
811.371
807.02
795.091
761.05
720.801
698.075
682.895
674.359
630.209
561.567
474.317
485.7
507.618
527.152
554.243
561.382
564.616
543.587
490.071
425.139
402.376
402.868
419.074
441.407
472.778
500.09
501.067
495.753
483.001
479.724
466.066
467.559
466.135
466.944
490.417
503.841
511.336
522.196
516.907
492.679
478.419
458.825
458.726
466.037
464.983
468.352
471.646
472.99
474.966
464.712
451.402
427.939
442.762
411.916
427.219
420.259
419.286
412.58
414.911
404.651
412.66
406.813
405.751
410.278
413.412
426.364
438.049
449.486
447.001
444.233
418.463
415.545
424.597
438.681
447.161
452.772
459.466
458.247
460.559
460.963
472.525
466.745
483.887
471.991
480.6
462.884
461.562
442.034
440.654
431.318
438.859
441.306
455.747
454.778
446.941
443.657
436.319
431.954
439.915
450.245
422.575
416.76
418.366
411.79
393.73
384.613
387.487
395.121
398.337
397.134
399.058
404.754
418.413
444.124
458.464
483.144
481.724
498.827
487.79
493.867
488.169
470.49
454.19
429.479
407.642
396.692
404.898
417.589
406.847
384.507
301.908
347.407
332.389
284.899
270
270
270
271.618
290.261
301.152
314.617
332.932
340.035
361.001
365.923
376.582
375.518
375.199
381.243
362.617
375.874
350.094
340.197
320.24
328.23
331.858
343.047
350.754
346.774
325.931
450.698
457.219
447.546
435.317
424.227
420.683
414.497
411.582
400.056
391.669
373.603
376.563
366.967
367.792
361.842
370.763
369.515
370.309
390.261
385.731
389.956
397.997
397.376
396.511
395.965
395.092
392.839
386.951
396.942
412.496
408.807
388.685
373.818
367.33
366.007
369.978
378.94
366.12
373.51
373.571
368.607
367.24
362.059
374.33
371.117
372.384
381.499
376.656
388.975
394.085
407.589
412.273
405.75
389.206
388.77
391.883
408.82
447.359
448.174
413.559
382.097
450.004
402.1
366.794
346.761
334.927
325.34
320.517
317.063
307.155
304.58
302.012
300.015
291.899
285.224
288.659
277.078
297.168
281.183
302.828
292.779
313.382
317.521
347.651
365.664
372.326
371.414
379.699
392.417
393.984
403.128
406.414
378.017
354.01
339.376
327.536
327.843
312.375
311.146
300.317
313.548
312.08
309.104
297.632
298.697
308.912
296.357
296.397
288.935
289.51
295.104
305.318
317.384
333.321
338.274
338.596
346.799
346.882
345.798
338.277
270
280.685
280.801
272.999
278.099
300.879
335.617
374.455
401.652
422.222
435.689
441.309
444.364
438.919
428.725
418.229
397.944
379.099
335.602
288.461
292.571
317.101
321.224
316.205
308.89
307.858
310.159
316.262
330.683
321.71
318.031
363.713
367.933
415.05
448.45
459.026
462.599
468.975
480.343
477.284
492.688
493.037
498.056
506.055
501.413
497.564
491.659
482.798
478.811
471.832
468.84
467.86
442.411
371.495
326.19
340.832
341.265
306.001
270
311.246
819.763
757.441
727.544
779.002
843.9
870.932
878.349
887.677
912.94
941.95
967.207
968.169
945.72
961.215
476.496
525.607
583.627
631.571
670.139
654.439
597.214
572.35
568.082
565.637
558.823
557.309
540.248
530.863
521.324
538.577
590.516
671.27
747.756
786.089
791.421
798.21
779.579
757.035
725.502
702.693
694.038
678.57
629.785
560.9
474.728
489.055
494.034
520.031
540.94
562.506
564.256
552.846
491.384
428.667
406.063
413.689
434.459
462.485
491.42
506.338
499.421
495.984
481.587
481.848
470.433
469.975
465.603
474.256
496.82
500.151
516.798
526.866
510.029
497.177
478.288
459.181
460.823
468.386
469.883
470.017
474.018
473.527
479.078
471.638
454.739
433.402
437.898
417.848
432.467
419.378
416.715
420.843
410.197
403.728
405.425
398.053
398.755
395.62
406.749
418.551
432.558
441.276
439.861
433.812
429.528
425.036
436.658
447.521
453.625
454.261
467.679
460.486
466.829
473.1
485.604
486.396
508.681
495.288
512.962
491.444
486.233
463.467
452.318
437.834
444.521
443.526
458.006
455.62
448.771
444.941
435.045
435.781
445.525
454.469
422.96
419.63
420.711
409.045
391.358
388.524
392.894
397.607
395.924
397.104
397.716
413.902
432.855
458.97
475.992
495.093
493.328
509.075
497.645
506.811
500.924
486.181
465.154
442.913
414.477
405.876
410.999
417.772
399.101
380.969
307.521
350.025
320.373
279.739
270
270
270
272.7
282.945
298.719
311.278
324.762
340.015
364.398
367.689
378.848
385.78
376.224
389.09
365.653
384.354
354.843
347.658
326.577
327.855
332.781
342.684
352.43
342.907
322.138
460.826
462.795
450.945
434.682
421.317
417.393
411.815
412.392
394.51
383.74
376.681
372.314
361.062
362.775
359.015
361.121
371.97
367.305
378.592
391.315
386.017
394.534
397.942
396.8
395.731
396.074
391.254
394.678
413.714
428.193
409.719
386.762
371.714
363.775
365.429
370.277
379.238
365.065
379.073
363.828
369.935
357.122
358.606
364.685
371.318
374.423
383.096
377.214
389.191
392.149
407.426
410.632
407.539
390.297
387.439
394.607
455.77
482.235
467.959
440.949
396.49
448.451
397.322
368.089
343.601
327.293
320.307
315.665
307.94
294.086
303.423
293.49
281.511
278.721
279.522
279.178
279.093
290.193
284.295
297.242
291.602
304.303
314.142
344.375
364.144
371.172
371.059
386.883
399.488
392.273
415.902
406.625
375.927
349.693
333.535
325.421
322.019
311.184
302.293
306.678
303.678
297.535
298.513
296.801
309.463
295.072
300.591
297.776
289.486
279.967
292.059
298.359
310.591
321.76
329.963
334.805
335.604
343.757
350.282
338.515
270.232
283.232
285.074
277.451
287.211
316.284
356.395
391.215
419.8
436.351
452.038
462.175
462.559
458.083
439.834
428.393
411.316
391.767
358.063
307.573
285.994
315.184
322.278
322.483
311.042
307.305
308.684
318.729
330.446
321.572
281.824
331.887
375.967
427.117
454.235
461.392
465.13
472.564
482.843
484.136
494.875
497.643
509.875
511.107
511.935
507.335
492.221
488.602
481.692
471.143
471.306
470.222
462.581
404.517
312.847
309.383
303.424
270
287.18
315.911
807.39
738.714
736.66
821.533
886.71
897.067
898.473
912.582
933.336
954.676
967.798
956.475
932.21
860.258
633.492
508.399
492.076
545.435
588.768
639.68
686.005
672.77
606.509
569.82
566.759
562.75
567.588
563.137
549.932
532.588
514.555
508.363
538.602
617.07
701.118
759.741
778.704
772.173
766.969
747.317
727.847
712.71
701.937
676.56
619.038
563.643
516.792
516.261
489.364
486.408
494.122
502.358
524.326
538.84
555.161
549.949
502.117
435.015
415.615
423.369
449.546
474.631
497.887
505.927
499.49
498.833
485.781
486.342
475.992
477.804
481.505
491.186
495.523
510.031
526.378
521.938
514.691
506.301
516.84
497.09
468.337
454.926
461.983
472.28
473.512
474.627
478.4
479.811
477.66
476.235
469.47
442.49
439.839
431.16
422.221
429.053
413.091
408.562
410.066
394.765
399.974
386.05
389.235
390.537
402.734
427.265
436.711
446.494
448.186
446.878
441.11
455.225
426.819
430.019
439.888
447.59
450.73
452.823
464.453
456.419
466.986
474.796
492.082
497.663
525.474
512.413
536.018
504.987
506.817
470.947
460.797
441.872
446.605
446.968
459.1
456.387
450.791
441.337
431.059
438.43
442.473
446.824
443.698
440.432
428.378
424.82
418.715
401.104
392.21
392.266
396.167
397.29
395.356
395.942
401.812
417.23
439.82
467.603
480.109
497.829
496.518
506.929
501.894
502.743
500.593
483.214
463.697
441.52
417.447
414.261
418.186
411.91
387.279
353.576
305.476
300.425
317.512
334.719
303.872
274.141
270
270
270
270
281.388
292.746
299.541
316.415
333.223
348.64
364.583
373.275
375.312
381.623
376.319
372.926
382.737
358.244
345.98
329.587
326.565
332.008
343.863
352.802
341.308
408.307
459.099
451.386
459.145
458.196
447.373
430.076
416.902
413.37
409.52
409.071
390.391
388.559
372.834
370.974
360.778
364.334
358.651
356.867
367.114
374.534
367.654
385.592
389.826
391.096
396.778
397.77
396.041
394.657
402.607
427.201
426.34
425.005
421.309
429.253
406.151
386.042
369.985
363.004
365.91
369.428
377.764
367.843
376.265
365.123
368.281
358.623
362.903
368.479
369.621
377.713
380.074
379.977
389.727
393.986
405.337
411.796
405.057
389.568
387.995
445.65
509.918
495.086
477.092
461.715
440.92
413.249
416.454
418.5
392.491
367.107
339.245
323.192
316.497
310.598
301.681
287.705
293.014
283.039
278.094
280.897
279.124
280.196
273.513
290.538
280.297
291.926
288.083
295.497
315.721
346.895
365.011
374.414
383.287
410.055
417.95
408.3
404.618
397.647
404.07
399.688
369.901
343.688
329.086
322.976
319.654
306.767
300.117
293.484
299.381
298.296
300.171
293.934
287.271
300.173
285.933
301.094
285.567
278.693
283.735
296.293
304.26
317.666
329.712
330.644
337.176
339.982
339.6
332.54
328.59
316.324
295.624
286.473
289.451
283.364
294.262
325.495
368.297
402.482
429.253
445.578
461.584
468.422
476.352
463.694
455.216
438.132
416.945
396.906
379.366
324.285
286.229
310.771
326.701
325.075
322.091
315.924
318.622
328.409
335.711
324.605
281.128
271.657
277.052
285.543
353.219
416.369
454.706
461.884
465.905
475.235
481.404
486.227
494.108
500.796
510.962
515.407
517.569
503.266
496.803
492.438
479.532
475.068
471.38
471.489
468.267
435.985
324.19
276.589
276.544
288.209
304.443
270
496.128
530.812
799.52
734.599
749.578
860.93
916.165
913.42
903.189
897.711
913.572
946.014
955.502
952.798
939.506
822.325
631.424
521.925
505.426
557.404
584.236
635.162
704.316
708.937
633.027
579.366
564.918
562.86
570.306
570.499
561.491
547.996
515.715
495.307
505.024
550.713
637.748
726.186
757.429
764.884
753.594
741.683
727.158
718.396
703.198
674.181
613.889
571.512
531.224
514.124
491.61
491.297
485.4
491.649
491.055
505.285
521.166
537.76
511.212
451.431
422.707
430.935
452.608
478.004
492.336
503.434
499.389
500.383
491.689
492.154
487.527
490.144
492.226
493.666
511.592
515.713
526.654
523.765
517.364
505.615
514.358
518.571
479.906
458.388
462.662
477.072
481.662
480.422
481.413
483.584
489.507
485.753
480.997
458.962
446.314
432.603
430.917
414.606
423.562
404.526
392.307
391.04
383.082
382.492
379.431
389.821
404.953
413.87
426.202
425.185
425.211
426.599
431.877
434.869
427.722
426.67
435.276
441.791
445.684
447.154
454.529
449.843
461.82
467.652
487.293
498.019
520.801
512.463
531.827
499.446
506.267
466.803
458.87
443.74
450.802
450.523
461.7
456.888
447.26
432.844
438.373
446.006
444.608
444.988
442.223
434.469
427.618
424.111
411.609
398.691
395.997
396.231
398.247
397.205
396.364
396.768
402.374
419.035
438.532
461.859
473.985
493.778
491.043
499.212
491.843
493.305
483.858
467.488
455.358
435.391
422.807
421.946
415.622
395.707
361.973
326.516
309.524
318.28
340.168
339.315
323.442
295.007
270
270
270
270
278.46
282.011
292.171
304.747
313.394
332.434
352.869
366.356
367.63
374.968
375.938
364.554
379.808
352.676
338.259
326.57
326.854
331.831
343.952
347.935
374.615
450.518
458.712
458.693
467.671
464.424
450.841
431.029
415.006
409.729
404.519
407.359
391.212
390.738
372.508
372.592
359.462
362.914
358.627
358.222
358.784
374.207
372.314
375.922
386.717
394.985
393.567
395.605
394.716
399.368
420.91
430.637
424.691
420.439
419.807
421.038
407.929
388.368
369.814
363.131
364.129
366.145
378.108
372.491
371.424
371.644
368.331
366.295
362.386
367.962
367.4
381.797
376.925
383.297
390.285
398.444
406.427
409.851
400.049
385.524
411.568
500.787
523.945
508.846
491.619
473.535
451.08
445.913
447.241
431.354
403.628
375.082
341.777
322.639
314.811
304.65
300.941
286.583
280.139
277.668
280.929
278.058
276.38
281.492
274.686
287.494
275.988
282.8
292.779
294.161
318.399
352.606
366.774
372.877
391.382
414.29
424.116
422.376
424.656
427.558
435.891
422.56
379.468
344.799
328.789
322.996
318.977
303.728
300.713
283.879
292.427
285.362
293.068
280.024
284.875
295.626
274.951
293.78
280.644
275.816
283.363
292.799
303.058
312.941
320.363
323.996
328.109
334.468
336.645
329.669
328.432
316.382
309.285
299.353
293.368
291.4
296.785
326.364
366.309
404.744
429.436
451.165
459.796
475.612
472.551
468.97
464.096
444.238
418.344
405.962
386.004
347.802
290.429
308.571
325.608
332.781
330.967
329.194
329.663
335.614
335.718
323.442
306.506
291.366
289.828
305.151
318.989
370.819
434.208
459.902
466.448
474.954
477.23
486.101
494.002
499.35
508.297
508.41
509.034
500.783
497.808
488.6
480.393
474.183
471.007
473.997
469.568
448.671
348.319
275.163
290.77
299.184
272.986
379.341
510.955
522.68
795.474
734.547
770.164
895.347
942.136
923.752
865.77
817.174
823.494
876.259
932.349
950.734
945.969
900.44
735.696
552.751
511.368
542.735
560.143
608.976
718.752
754.615
688.497
609.734
573.972
561.439
569.726
569.077
574.472
560.811
524.571
499.999
486.509
501.843
568.3
653.9
729.161
752.44
752.505
745.97
736.997
722.097
696.849
652.253
595.052
568.584
547.731
516.53
495.593
485.677
482.658
472.194
473.669
471.047
488.509
510.202
520.9
465.827
434.561
431.503
453.371
468.421
480.953
491.223
494.504
499.142
494.349
495.316
494.255
494.739
497.428
508.865
516.394
520.946
528.277
530.614
520.585
511.232
514.264
519.941
503.216
470.982
468.539
479.824
488.322
481.491
483.971
487.428
489.448
492.279
491.51
480.124
459.412
444.102
431.898
423.812
406.123
408.793
394.64
379.76
383.342
377.047
386.491
393.252
405.384
413.605
415.149
421.391
420.058
423.222
425.154
425.792
423.684
423.625
427.147
431.928
439.096
437.305
442.528
442.434
448.171
451.827
467.522
475.58
495.253
493.473
499.243
481.127
485.482
450.402
456.458
445.422
452.109
455.66
460.686
449.204
435.923
431.344
444.581
444.035
440.547
439.121
433.934
427.769
427.858
419.82
410.678
405.794
403.791
402.269
401.521
399.393
397.92
397.343
403.565
414.581
430.415
450.571
460.703
478.284
478.108
482.942
478.963
470.529
465.797
452.628
444.347
432.866
425.004
416.114
396.991
367.918
336.365
319.938
323.592
340.821
348.827
352.308
340.812
316.107
283.994
270
270
271.148
275.143
279.248
286.429
289.059
301.456
311.751
328.444
340.94
352.343
363.37
357.353
364.204
350.512
345.058
322.432
323.465
323.435
333.682
339.746
346.445
399.675
458.064
465.906
467.923
474.442
469.493
454.27
433.845
414.874
405.124
401.149
404.585
392.455
393.525
376.059
374.732
363.158
357.734
360.296
361.273
360.686
364.212
377.882
379.487
381.442
390.958
394.741
390.481
394.298
406.908
423.489
421.879
419.657
416.527
412.912
416.147
410.524
395.326
375.026
364.155
364.003
365.583
371.607
378.096
381.158
371.021
379.398
366.623
368.93
371.45
373.872
380.669
377.351
388.715
394.082
402.341
408.847
404.492
391.124
389.968
447.695
526.296
543.851
539.568
526.214
510.714
496.452
482.843
478.217
444.111
405.656
385.198
348.139
325.794
314.454
305.939
299.759
290.485
281.968
270
270
273.264
271.26
272.852
270
278.745
277.056
274.987
297.819
304.997
324.569
356.719
370.052
372.834
393.431
413.765
432.646
441.925
449.366
456.863
461.799
441.455
393.29
349.432
330.01
324.114
319.92
304.147
300.815
278.361
282.617
270
278.301
270.613
270.865
280.06
270
283.5
270.412
274.657
285.147
292.901
302.179
312.565
321.215
325.831
327.501
328.967
332.274
322.323
316.798
303.881
300.158
296.706
298.201
296.223
301.115
319.95
358.236
394.024
427.821
443.292
463.9
465.707
474.658
464.269
463.875
435.99
420.797
402.546
393.927
363.965
300.637
295.776
322.818
332.313
338.216
340.9
342.168
342.737
342.586
330.341
323.027
309.709
313.68
354.72
373.01
368.897
394.554
437.579
459.284
471.955
474.409
479.586
489.308
488.519
499.105
503.109
499.426
496.21
489.046
483.752
478.737
471.473
471.914
473.012
472.8
452.646
370.486
275.388
301.571
301.835
281.471
438.638
493.403
507.526
798.489
740.634
776.719
910.904
950.939
918.093
801.094
697.22
656.873
716.215
831.925
906.685
938.297
936.252
822.261
635.954
531.818
518.647
534.684
572.439
695.203
776.817
757.251
683.402
609.606
569.054
566.806
568.096
578.515
571.294
547.119
506.457
482.651
491.846
504.635
574.162
652.972
716.988
740.058
744.564
737.421
722.311
686.96
638.27
596.721
585.188
559.84
533.413
500.882
491.914
473.224
475.827
466.258
469.152
466.16
485.111
508.21
487.822
443.33
434.964
445.86
460.251
463.282
474.558
476.827
489.827
490.106
495.678
494.717
495.304
508.697
508.802
518.213
522.842
532.628
526.899
523.896
521.666
513.918
516.145
510.884
480.76
472.158
486.319
488.859
475.584
479.275
487.783
497.285
499.169
501.751
493.269
482.885
457.687
445.752
428.43
417.235
397.585
398.451
390.308
382.568
390.229
393.533
401.711
402.172
404.999
400.692
396.783
396.057
397.551
406.287
414.198
420.774
421.501
417.28
423.505
429.854
426.533
432.005
431.113
430.207
436.976
437.433
440.84
459.134
447.699
466.823
446.051
458.168
440.988
456.528
442.714
454.519
455.839
449.444
436.3
428.907
437.044
444.139
440.993
438.023
435.836
432.665
429.397
429.392
424.913
422.212
420.987
418.508
412.267
406.309
402.301
400.834
399.637
402.266
409.579
418.626
435.733
439.411
456.592
453.494
463.772
454.233
454.537
445.713
441.468
432.151
423.626
412.235
392.611
367.185
339.614
323.914
325.169
338.951
345.284
355.341
357.402
359.307
349.771
317.011
281.144
270
271.637
283.379
286.389
285.87
287.883
290.241
294.271
300.013
314.159
320.81
331.272
326.069
335.385
322.277
318.75
317.178
320.459
326.549
333.243
335.118
339.16
409.746
459.133
465.866
476.25
486.004
481.821
461.889
440.032
417.971
405.227
400.428
400.91
393.315
394.279
379.439
379.861
364.02
363.331
357.555
358.233
366.904
366.103
370.633
381.315
385.832
384.293
388.954
392.864
399.97
418.732
423.504
416.854
410.599
404.449
399.514
406.382
413.166
406.136
383.667
368.068
364.841
369.21
372.221
375.065
375.814
381.569
369.308
376.155
370.002
372.517
372.296
378.406
381.642
393.391
399.012
405.643
405.733
395.32
385.878
398.521
456.485
517.893
558.201
576.824
584.572
581.963
572.275
568.74
531.623
445.594
398.906
394.972
362.186
330.525
319.317
310.215
301.904
289.237
290.564
279.288
270
270
270
273.262
270
277.975
271.852
287.561
299.315
316.518
342.768
357.138
372.77
373.251
385.397
399.194
428.182
448.301
463.925
472.462
474.064
454.326
410.843
360.201
335.673
328.104
321.997
308.394
302.266
275.478
278.579
270
270
270
270
270
270
270
270
278.508
287.446
295.063
305.534
312.941
319.861
322.704
325.535
328.918
325.886
310.376
301.674
291.371
283.224
284.597
288.918
297.58
301.113
315.795
339.985
376.981
405.612
434.679
446.021
457.807
457.298
458.527
443.403
429.96
412.518
401.998
394.83
373.79
314.893
293.973
311.562
328.011
336.421
343.888
346.635
348.284
346.79
340.88
326.986
310.585
330.032
389.954
433.126
413.279
392.072
407.96
436.492
458.924
471.261
473.767
480.509
482.642
480.456
481.451
482.947
483.945
480.834
479.978
472.53
470.088
470.599
474.162
471.737
451.515
375.749
271.759
295.026
271.72
343.583
464.284
479.07
503.08
815.306
749.897
771.46
905.103
952.491
911.99
764.597
624.687
565.511
592.457
693.674
823.011
906.261
898.557
811.248
686.33
563.223
522.515
521.929
541.45
648.52
757.547
776.43
756.091
692.576
611.545
576.39
566.901
573.039
580
564.067
525.451
491.615
488.827
490.715
515.904
560.412
630.286
683.16
711.781
717.331
708.882
685.247
649.39
618.05
599.231
567.303
544.595
516.106
495.654
477.419
472.92
475.28
468.424
468.86
467.1
491.971
499.94
457.544
435.737
443.194
448.865
451.632
457.206
459.233
467.358
471.862
480.217
484.737
491.985
498.458
500.097
512.54
514.055
517.354
514.362
514.446
512.266
508.319
505.304
502.047
478.994
479.232
488.53
484.91
475.097
470.74
480.782
498.837
503.321
510.014
509.149
497.453
485.234
461.489
447.039
433.931
417.243
406.025
405.576
404.154
400.121
405.123
403.453
405.092
400.222
398.603
399.399
401.5
406.699
405.433
405.908
417.028
421.382
416.269
414.506
419.82
420.736
418.156
420.972
418.312
412.365
418.354
410.789
423.828
419.262
434.206
423.839
433.958
441.324
449.275
443.993
450.494
444.694
433.739
427.287
431.003
440.387
442.452
440.626
439.04
438.035
436.065
434.733
437.913
438.528
443.116
444.565
440.437
430.801
419.03
408.721
405.267
402.333
401.681
405.994
408.261
417.621
417.8
428.355
424.526
428.999
428.359
423.154
422.77
415.406
409.175
397.219
381.007
361.66
341.066
328.489
325.549
332.247
338.69
346.527
346.255
349.872
356.893
361.905
351.371
316.343
283.558
280.092
293.699
299.77
299.233
297.397
293.317
290.711
288.747
286.364
290.271
298.686
295.176
308.217
297.481
314.384
311.666
324.353
326.386
331.552
329.507
338.436
404.291
460.239
474.76
487.585
496.112
491.719
468.274
447.061
427.082
409.788
400.713
397.652
393.209
392.51
384.88
378.338
369.35
366.612
361.925
361.852
365.335
368.552
373.764
374.391
383.341
384.862
386.037
394.616
407.181
410.225
410.456
405.483
401.223
397.381
393.279
399.497
409.486
415.634
398.676
377.744
368.94
368.699
372.838
376.257
378.577
374.757
379.49
368.598
373.98
375.599
373.789
381.015
386.972
396.23
400.923
403.219
398.026
387.608
383.566
393.406
412.952
430.31
468.861
520.102
555.428
571.506
581.325
572.565
527.013
427.27
389.011
397.902
381.427
343.45
326.067
318.043
311.287
297.499
287.623
288.335
282.923
273.281
270
270
276.382
275.903
283.713
302.397
312.991
335.011
354.287
362.379
372.951
377.098
379.261
390.033
401.324
424.639
449.052
462.032
467.893
454.058
423.973
377.492
344.131
332.757
326.776
313.334
308.702
282.222
275.355
270
270
270
270
270
270
270
270
284.42
290.499
300.466
309.067
315.193
319.677
323.623
327.214
325.176
312.014
295.843
289.987
282.154
277.872
273.205
280.208
288.822
300.949
309.918
329.347
351.286
380.029
401.389
421.871
432.623
438.028
430.029
426.733
413.804
403.566
397.842
395.203
374.657
326.573
292.078
301.598
316.495
322.618
330.84
334.907
339.129
337.246
334.698
316.184
321.01
377.512
439.443
466.302
457.069
417.856
400.445
410.627
433.88
454.784
463.577
470.628
472.195
476.623
475.15
473.83
474.652
472.489
470.812
466.653
467.315
470.51
474.717
467.472
442.517
381.426
307.463
293.447
332.405
428.797
479.077
470.325
498.543
839.875
768.828
757.678
865.92
935.617
916.969
781.304
632.243
559.098
545.462
614.442
727.361
794.607
767.596
693.073
634.35
578.933
535.869
518.245
536.392
603.076
668.432
724.054
764.326
752.238
698.091
620.728
584.974
567.934
584.834
576.441
554
506.482
492.279
491.199
503.873
509.667
547.657
584.866
624.331
646.506
656.948
649.416
635.758
612.644
586.338
552.216
539.879
520.938
504.503
476.709
484.695
474.569
480.724
467.253
469.127
474.337
499.77
475.334
440.735
438.695
446.872
444.657
448.52
443.035
450.234
449.891
456.095
464.899
466.065
474.319
474.703
485.044
483.871
485.067
489.396
486.44
492.514
487.534
486.573
484.042
477.239
482.036
486.526
484.61
478.945
472.041
472.419
494.211
505.635
514.162
516.213
512.857
497.89
486.059
468.675
446.394
444.406
421.271
420.547
412.713
414.457
406.834
408.099
398.976
396.722
392.221
394.912
398.483
405.033
409.085
404.046
408.155
421.19
421.445
413.924
410.834
413.06
411.66
405.527
406.644
401.406
391.255
394.618
392.918
407.964
405.766
416.292
422.06
437.176
430.743
438.23
433.885
427.475
425.407
427.461
434.086
441.053
442.683
443.282
443.404
444.359
446.178
449.706
457.38
464.955
472.811
474.653
470.974
458.418
437.74
419.159
411.947
406.246
403.929
402.312
399.864
404.836
397.052
405.125
393.069
399.342
388
390.456
382.955
378.841
370.418
359.595
346.426
333.315
322.829
320.284
325.763
334.243
342.897
343.034
346.125
347.114
355.755
361.439
369.08
354.334
316.567
290.758
300.227
316.975
322.913
321.969
315.372
306.001
298.444
293.64
283.31
294.172
285.87
302.504
297.111
309.021
323.892
323.861
332.06
333.82
336.055
354.301
409.72
456.403
474.901
493.286
505.536
499.789
477.059
454.569
439.622
418.336
404.975
398.904
393.007
391.69
378.356
379.997
365.919
363.294
361.235
356.813
363.141
361.853
372.505
373.529
376.228
383.491
390.562
397.241
407.031
414.272
412.308
407.672
401.531
397.443
396.21
398.111
405.414
419.914
414.133
392.359
377.799
372.68
372.184
373.471
373.364
376.277
368.5
372.979
367.284
367.635
375.825
379.431
387.227
392.453
395.556
394.171
388.993
384.219
382.505
385.437
384.001
382.262
381.928
391.147
415.143
439.123
447.767
441.688
416.999
383.212
369.686
390.374
402.078
361.152
337.745
326.12
319.052
312.348
299.464
289.166
290.65
286.927
281.295
287.345
280.789
297.904
304.081
320.419
335.259
348.513
363.238
367.399
372.683
377.79
383.104
386.529
393.845
405.011
418.264
431.858
443.998
440.112
426.247
399.12
354.805
338.579
332.833
320.733
315.129
289.869
281.882
270
270
270
270
270
270
270
277.549
286.616
295.946
306.315
312.897
318.392
321.421
325.141
324.272
307.135
294.603
292.464
288.197
282.517
272.27
273.341
271.869
284.585
292.953
307.35
317.819
334.835
350.852
370.407
384.6
394.5
398.259
404.139
401.031
396.65
393.586
395.597
389.762
372.426
330.428
297.854
298.324
305.442
308.506
314.719
315.802
319.937
323.207
329.075
341.275
401.229
458.978
475.345
471.089
459.603
429.453
404.736
400.334
411.558
426.544
444.823
450.534
458.091
457.267
459.432
461.34
461.45
460.865
461.01
461.75
466.3
471.67
472.692
457.722
425.259
390.374
375.378
395.873
442.09
477.035
467.076
462.294
496.372
888.563
806.778
745.455
807.976
896.188
890.417
811.071
691.99
585.325
544.204
551.357
586.424
602.622
582.326
554.195
546.951
553.906
531.897
518.705
531.848
553.37
581.608
635.014
706.737
751.373
749.262
693.265
629.36
581.788
583.705
581.589
582.877
531.305
502.66
496.312
504.033
505.177
521.509
528.184
548.009
564.486
577.867
582.62
581.34
567.055
547.938
529.942
520.993
518.794
497.372
486.665
489.499
480.388
480.665
471.434
471.355
469.875
488.19
491.27
450.746
434.242
444.388
442.589
444.727
439.411
440.186
437.158
438.491
443.003
438.745
450.069
449.437
451.638
459.515
459.643
462.46
463.567
471.491
469.194
470.868
475.719
479.478
484.258
484.39
483.683
487.873
479.736
473.689
481.199
503.235
513.162
518.824
525.397
511.601
494.222
486.494
458.251
454.796
435.215
432.087
417.784
419.09
411.487
407.759
403.164
399.229
400.045
397.755
402.431
406.575
411.84
410.161
402.319
413.559
428.242
423.921
413.954
407.123
404.481
399.786
388.425
387.421
379.242
374.363
372.653
382.835
379.331
398.511
398.33
412.121
411.013
419.544
419.865
423.291
427.376
433.069
438.026
441.307
443.914
447.893
449.92
453.245
457.237
461.467
471.374
478.041
490.043
488.529
495.32
484.917
463.678
436.192
423.08
412.163
407.989
405.539
398.248
391.037
388.867
385.946
372.212
372.263
360.548
358
350.686
344.972
338.613
331.93
325.131
320.098
315.797
317.91
319.694
328.503
333.616
337.124
336.355
338.271
342.837
355.319
366.641
370.762
354.897
314.524
300.371
323.663
343.328
350.412
353.413
348.461
340.627
332.956
322.376
327.304
316.204
329.472
329.247
335.728
353.309
358.36
365.562
377.271
389.872
411.476
436.829
460.56
475.378
489.156
495.352
490.138
476.267
456.249
450.377
432.424
415.599
405.38
396.099
391.023
380.202
377.033
361.945
358.26
353.877
351.918
357.923
356.338
365.935
371.763
379.014
383.763
392.142
399.221
404.055
405.562
406.182
405.787
403.691
401.839
401.143
402.965
408.197
417.303
424.974
410.548
391.853
382.445
377.325
373.651
371.466
366.102
365.674
357.904
360.335
363.308
365.882
370.118
375.099
380.486
383.932
384.226
383.747
382.774
382.414
380.891
377.065
377.796
373.746
376.034
369.763
371.749
365.7
367.28
361.555
359.601
359.876
380.337
414.428
387.29
354.302
339.359
328.918
321.85
318.554
306.343
297.769
299.269
303.19
297.407
307.118
318.147
320.985
343.46
346.284
358.799
366.324
368.502
372.258
376.745
378.682
382.436
390.638
396.635
403.688
415.049
421.309
421.239
416.644
413.475
374.24
346.1
338.749
330.376
320.414
298.286
293.894
270
270
270
270
270
270
270
283.085
291.784
304.462
313.743
319.185
321.086
322.088
313.317
288.855
282.622
293.649
299.34
292.967
281.87
276.23
276.297
277.713
284.766
292.993
302.473
313.273
321.734
332.841
342.59
353.757
361.107
371.061
377.126
382.025
383.934
390.164
391.298
381.744
363.712
329.573
303.613
305.065
317.006
325.113
334.377
343.73
359.612
383.708
405.089
441.256
471.098
474.563
469.853
455.059
442.015
423.427
409.584
403.374
402.908
409.719
418.343
428.502
431.177
438.592
440.077
442.93
445.719
449.396
453.954
459.963
468.258
472.623
465.321
439.522
416.025
414.259
431.874
456.122
467.735
464.182
448.208
458.454
493.599
926.178
867.464
757.3
749.922
822.433
850.538
834.787
771.498
692.881
618.886
585.34
565.044
567.278
559.956
550.553
552.36
545.077
535.974
542.955
544.247
555.764
584.586
630.096
697.493
742.004
756.318
723.478
672.615
609.082
590.267
579.836
592.874
561.516
518.647
498.379
510.153
504.806
520.543
524.423
536.196
539.422
543.325
545.556
545.166
541.754
534.846
530.23
516.829
518.372
504.981
495.873
495.778
480.575
483.715
472.247
474.189
471.498
481.984
494.655
465.039
430.037
438.799
436.178
441.554
435.092
439.999
431.52
432.094
437.568
434.065
438.699
449.159
442.618
457.935
454.128
461.795
464.838
468.896
472.61
475.686
486.229
488.436
486.482
490.387
489.187
492.659
487.39
479.326
476.029
492.983
510.659
509.312
528.177
517.532
509.654
499.746
469.033
472.571
440.1
448.784
424.521
429.832
417.18
418.065
413.172
411.533
409.64
409.89
407.405
411.437
411.716
410.943
404.47
397.409
421.604
435.063
425.381
417.569
408.147
401.206
397.581
378.046
371.736
373.544
360.294
382.692
370.077
402.191
393.2
418.837
416.771
429.615
437.31
445.596
448.098
448.449
448.127
450.126
453.282
457.048
460.662
463.037
465.786
467.155
472.39
472.376
479.359
481.143
492.633
489.422
483.263
452.774
438.036
416.283
411.291
410.615
396.719
386.938
386.878
374.722
360.555
365.513
347.817
351.347
341.988
342.138
337.31
336.561
331.793
332.6
327.476
330.025
328.347
331.687
331.9
334.685
336.102
338.156
342.992
351.078
362.904
370.539
368.22
350.2
300.762
309.229
345.872
364.068
375.434
383.635
385.983
389.218
386.757
396.21
390.868
408.632
405.945
422.139
428.346
437.188
449.231
452.206
462.275
467.5
471.989
475.49
478.725
478.649
479.611
473.755
466.917
453.299
449.804
445.506
423.218
413.945
405.677
398.967
392.298
374.103
363.657
370.497
354.069
353.392
362.235
357.64
372.522
372.862
382.627
387.999
390.79
395.138
397.638
398.94
398.639
400.935
400.822
401.325
403.081
406.104
410.79
416.535
425.115
423.352
401.208
392.413
388.034
381.921
376.134
370.61
358.925
358.392
352.055
356.052
353.646
362.494
368.413
374.402
379.531
383.491
385.728
385.697
384.588
382.616
381.338
380.452
377.351
379.125
373.985
375.23
369.268
369.599
362.907
361.849
360.925
373.886
408.973
416.333
369.273
349.565
345.162
335.978
329.406
328.356
318.779
315.504
313.324
324.915
318.396
338.153
339.858
346.442
357.367
361.33
367.247
366.578
372.504
371.281
378.444
375.295
384.893
384.598
394.149
396.547
402.67
405.431
407.155
410.305
402.699
352.184
337.172
336.482
327.579
308.345
302.736
275.381
270
270
270
270
270
273.927
280.1
291.055
303.483
309.014
309.211
305.323
295.34
280.333
274.124
289.368
300.242
301.963
296.423
296.28
290.778
295.758
294.306
301.92
304.689
313.56
317.114
325.267
328.755
336.755
341.11
349.591
358.385
365.242
373.808
379.552
391.653
384.293
366.19
353.483
330.705
306.062
306.141
313.897
325.776
341.104
358.94
384.255
417.582
450.981
472.358
473.833
470.344
461.625
450.662
443.117
432.418
426.735
421.422
421.143
420.243
423.968
422.742
429.438
426.658
431.987
433.341
439.016
445.075
451.548
461.988
471.947
466.622
449.241
439.363
436.345
441.083
448.629
454.232
454.664
453.946
455.668
466.456
492.18
938.318
920.215
907.825
905.119
907.129
910.743
911.539
914.902
910.761
909.851
904.308
908.01
962.423
1008.32
475.504
462.571
481.823
504.071
508.833
520.966
534.787
545.498
562.394
569.991
579.097
587.798
590.384
595.187
599.851
600.737
603.955
602.554
607.141
603.428
612.916
609.651
617.667
624.583
631.554
637.697
626.541
569.547
540.301
549.573
454.681
479.945
493.847
510.124
521.014
533.873
537.373
539.797
537.097
535.022
533.267
531.162
528.695
526.036
524.04
520.116
520.308
514.756
516.088
509.413
512.624
507.846
514.094
519.518
526.861
534.083
522.71
490.179
491.516
494.357
498.098
494.213
469.891
460.332
455.672
455.737
457.734
457.235
459.38
448.855
454.028
422.386
434.538
392.021
409.62
372.71
388.884
373.741
392.905
385.82
420.193
419.514
440.234
445.602
453.415
436.986
435.743
441.93
447.785
449.429
352.987
367.215
376.165
379.809
372.519
368.766
361.918
355.723
337.445
346.546
330.022
343.053
334.523
361.131
351.65
385.215
381.824
409.502
416.97
431.985
446.395
443.824
441.184
445.415
439.035
447.295
446.629
451.895
455.126
455.57
407.61
414.498
397.348
392.203
393.376
399.186
408.129
416.083
419.702
421.724
417.071
415.418
406.645
405.977
392.288
394.152
377.19
382.279
367.341
373.509
371.499
372.451
384.009
390.654
396.529
408.239
408.965
392.385
393.447
397.47
310.749
293.333
270
270
276.884
298.676
311.636
317.601
319.241
317.612
307.46
307.605
300.799
292.04
294.039
288.743
288.476
298.674
295.327
312.953
311.37
329.252
334.825
340.078
321.202
317.829
331.579
334.588
334.321
336.561
381.225
388.228
404.064
419.054
427.756
429.391
428.38
417.148
421.799
398.616
407.558
383.188
391.216
376.495
381.683
384.134
392.673
395.862
404.087
407.565
405.448
399.541
402.981
419.421
416.197
403.324
395.531
391.678
390.735
391.486
378.123
396.309
411.832
419.66
421.301
418.747
413.168
411.71
399.343
393.374
395.465
395.977
393.197
394.679
402.959
407.741
412.701
419.865
422.251
416.874
389.938
367.178
365.675
369.239
373.777
377.413
380.18
376.746
372.993
369.226
400.922
378.194
374.4
387.464
400.355
404.01
401.707
393.622
381.571
368.569
351.818
333.237
322.956
320.422
303.008
303.662
324.124
315.666
344.961
354.647
359.292
377.435
368.791
352.381
357.655
363.302
364.66
369.569
369.315
368.227
354.647
372.844
380.274
383.998
386.209
385.774
382.747
376.402
365.627
357.69
345.078
336.785
323.777
328.964
322.857
322.226
333.826
344.167
356.135
367.016
374.188
372.025
362.208
354.852
350.141
349.614
347.706
350.25
350.269
349.576
270
270
270
270
270
292.744
291.686
291.74
287.902
284.241
281.217
275.866
277.665
273.986
275.077
281.943
280.819
284.669
291.561
293.217
297.279
301.521
303.461
309.363
313.385
319.319
327.184
336.748
346.316
281.933
279.595
282.468
293.557
302.828
304.257
270.434
270
417.213
439.049
443.272
445.859
446.476
449.954
452.27
456.382
459.494
459.871
458.672
454.599
449.957
442.739
444.269
440.491
432.237
436.416
426.441
429.349
415.509
374.556
270
850.739
859.31
881.722
904.815
916.687
922.629
927.024
940.214
945.378
946.999
929.264
914.799
945.068
1000.24
474.201
468.016
498.326
516.686
530.25
551.441
569.613
592.028
599.248
602.238
609.67
613.335
621.782
628.945
636.597
644.699
648.386
653.16
652.381
648.476
648.035
646.923
639.026
641.021
643.381
644.845
640.623
608.261
561.627
547.923
457.074
483.439
504.749
526.559
538.727
544.247
537.807
528.085
516.209
507.231
499.336
494.052
490.699
489.585
489.462
491.489
494.196
494.028
495.229
496.692
495.701
498.484
499.651
507.083
514.974
526.585
526.958
508.238
492.849
490.104
496.569
483.812
456.795
450.199
453.531
457.421
460.503
461.17
462.259
456.222
453.814
432.702
433.579
404.58
405.049
385.756
391.606
384.681
391.369
396.708
409.995
415.019
434.444
444.546
455.812
449.646
438.165
443.722
454.946
453.699
399.313
407.618
406.926
402.662
394.752
383.784
370.882
359.881
357.083
340.18
341.156
341.395
340.831
354.868
357.205
376.214
381.912
404.794
410.303
430.663
442.654
450.288
447.108
445.059
436.629
438.658
436.618
440.951
446.267
450.987
411.972
412.092
395.845
393.645
402.074
416.099
424.095
424.302
416.408
404.3
394.88
388.309
381.901
380.818
368.333
368.567
355.971
356.509
344.508
350.508
349.5
356.87
364.2
371.117
387.625
401.604
408.926
402.995
392.83
393.383
305.16
282.174
270.054
305.402
331.598
340.93
334.404
323.218
307.702
294.774
284.86
276.228
274.31
270
270
270
270
272.84
275.837
288.183
293.905
309.324
321.187
333.598
335.838
320.534
322.241
323.674
327.261
331.112
408.119
421.219
437.682
445.807
446.184
439.651
436.319
426.21
413.956
408.414
398.691
391.152
390.212
383.114
381.141
384.294
390.973
395.632
400.554
406.149
408.074
403.644
400.055
409.598
412.428
389.771
377.585
375.298
376.448
380.315
413.672
431.912
434.784
431.204
421.684
412.013
400.608
394.194
383.286
378.635
375.151
373.082
380.988
382.487
384.58
392.022
400.492
408.808
416.543
420.659
409.343
382.012
370.313
385.115
396.122
399.498
397.981
394.93
391.995
386.487
396.257
372.702
383.841
412.167
415.358
406.328
390.213
373.064
357.239
342.058
324.585
306.62
294.812
290.374
278.307
275.618
291.911
300.228
319.353
334.999
345.937
371.771
374.452
368.37
362.394
373.084
382.188
385.329
384.535
380.371
354.373
377.412
387.512
391.176
388.861
382.621
373.96
364.01
354.334
338.727
325.092
318.97
316.35
303.899
308.937
312.149
316.137
327.593
336.646
348.334
361.733
370.631
368.542
357.293
347.777
346.832
345.497
349.679
348.819
347.398
270
270
270
270
283.159
285.027
283.553
272.417
270
270
270
270
270
270
270
270
270
271.517
274.719
283.522
290.069
297.335
304.79
307.437
310.615
316.024
324.036
331.21
343.86
307.049
353.145
353.18
318.917
274.237
274.075
270
373.8
438.77
445.855
448.507
452.544
455.5
458.735
463.238
466.335
467.529
467.255
461.558
452.654
437.902
429.941
415.691
424.972
423.379
437.838
430.051
430.744
414.448
363.674
270
848.694
879.897
910.414
911.529
889.31
865.224
858.859
876.349
914.804
960.328
960.896
941.197
938.56
988.308
471.241
479.519
512.322
534.635
555.07
588.072
607.23
607.305
607.595
604.596
610.634
624.445
636.781
654.285
669.798
687.154
703.727
714.119
722.169
717.5
705.189
696.834
675.853
662.676
656.849
654.211
651.472
633.651
586.253
550.723
457.212
487.923
511.14
533.943
540.783
540.424
527.281
511.001
496.138
483.924
470.521
460.938
456.87
458.412
463.739
472.185
480.588
485.355
493.189
495.845
492.462
492.853
497.036
501.058
506.884
515.072
523.265
521.497
499.253
488.397
492.967
472.457
451.647
452.75
459.712
461.709
463.786
466
468.289
461.247
455.642
436.597
436.236
401.874
409.545
383.363
390.367
381.913
398.748
394.892
410.09
416.038
427.527
434.532
452.078
452.886
447.01
444.659
459.291
454.454
414.183
413.043
410.61
403.386
394.735
389.816
368.655
362.388
359.698
340.49
341.439
345.771
338.368
356.469
352.504
377.147
376.753
401.821
407.484
424.072
434.257
449.491
451.867
447.053
436.549
433.713
431.002
431.672
437.975
447.993
411.483
407.442
395.535
400.975
414.117
421.4
417.954
400.45
384.684
380.287
378.69
378.342
380.674
378.018
373.086
375.539
363.209
360.017
355.894
355.394
350.351
355.666
356.925
362.966
375.235
389.458
405.002
408.855
397.458
391.086
294.633
277.843
314.045
344.08
341.767
324.653
300.832
282.459
272.888
270.399
271.625
270.643
274.808
275.345
280.706
278.846
282.709
278.107
281.562
286.456
286.323
297.604
308.445
319.723
335.572
331.332
323.254
322.849
321.774
323.335
419.094
436.388
448.612
448.893
441.418
432.09
426.509
412.745
412.235
393.994
395.441
388.009
382.511
378.032
381.318
378.794
384.718
393.285
396.848
400.682
404.643
403.591
398.184
398.962
407.028
388.635
375.185
373.588
375.115
380.701
438.206
436.342
424.155
410.774
398.349
386.74
378.554
372.541
365.025
363.043
364.387
365.709
360.798
369.837
374.445
377.427
387.286
396.203
408.907
414.587
416.941
398.188
376.355
388.036
402.463
402.477
397.975
394.189
393.825
393.468
385.59
366.918
414.063
423.404
405.645
381.266
362.591
350.367
338.187
323
313.687
302.299
287.243
278.924
276.911
272.785
281.124
282.444
300.67
313.71
334.98
350.184
368.031
375.568
367.645
374.615
385.568
388.497
388.149
384.673
356.502
381.791
395.097
393.468
383.732
371.369
360.908
351.792
334.768
328.806
318.771
313.91
295.156
300.605
294.802
296.797
309.257
314.128
322.354
331.695
344.549
357.07
364.509
360.538
349.164
349.826
352.552
355.029
352.988
347.811
270
270
270
272.754
281.274
273.022
270
270
270
276.369
287.227
299.947
305.435
306.9
304.113
295.991
284.871
280.574
279.746
285.116
297.132
306.436
313.744
319.163
318.555
318.392
322.298
327.854
339.018
318.412
374.455
372.631
340.106
270
270
349.788
432.616
447.362
451.378
458.009
461.098
464.838
469.137
473.355
475.789
477.319
476.099
471.499
461.291
446.1
420.288
392.009
384.237
379.601
404.993
412.003
414.448
394.368
343.541
270
857.134
888.837
878.87
827.244
783.554
764.321
762.987
774.473
825.801
902.402
967.741
958.423
939.292
979.615
470.827
490.07
527.699
555.897
591.304
617.238
619.924
604.313
595.567
605.495
611.171
626.675
635.449
650.087
669.395
695.002
725.486
754.443
772.012
783.855
773.01
754.782
725.712
697.182
673.459
664.775
660.815
649.415
606.335
556.124
463.089
488.22
515.623
532.656
543.436
540.577
527.954
512.387
492.729
468.607
442.963
428.41
424.651
430.8
442.635
458.998
472.879
484.592
494.405
491.872
488.49
487.631
486.151
494.181
498.37
509.099
521.823
521.554
506.887
493.127
489.096
466.316
451.374
458.233
462.217
462.902
465.475
470.503
467.685
464.805
452.92
436.975
426.485
403.765
407.762
389.596
394.601
395.379
393.47
404.006
409.826
412.636
427.709
428.978
439.815
454.089
449.419
450.168
461.357
455.324
413.772
413.76
410.151
402.322
399.027
394.07
379.624
380.26
365.959
363.76
358.065
356.898
354.266
364.53
360.868
382.369
380.965
402.037
405.885
423.432
430.179
445.556
453.482
449.052
440.234
432.905
428.701
429.908
433.325
445.288
416.685
409.069
401.861
411.715
417.342
412.621
394.315
379.513
378.364
381.645
391.033
390.912
399.556
389.895
401.666
389.128
391.248
388.191
391.645
381.995
379.607
373.479
367.009
371.918
371.444
381.728
400.561
410.557
403.614
392.027
288.627
293.246
348.62
345.396
320.332
288.961
270
270
270
277.24
289.683
298.764
311.628
315.527
321.479
325.851
322.512
326.456
309.702
312.164
300.072
304.301
303.147
314.114
327.492
338.397
329.715
329.38
329.964
327.352
426.61
449.056
450.689
443.07
433.859
425.646
419.257
409.768
409.886
394.339
402.264
384.667
382.327
383.284
377.116
383.056
380.129
386.7
395.159
397.568
400.379
402.333
399.036
396.589
401.5
393.119
380.779
375.667
372.888
380.739
437.577
421.902
404.161
390.483
380.672
375.214
370.232
365.793
364.944
362.872
358.873
362.746
366.394
359.635
367.858
375.779
379.149
385.995
399.969
408.615
416.211
408.246
386.288
384.79
401.705
403.516
396.303
391.375
391.3
393.195
373.359
385.176
432.643
411.731
379.91
358.125
347.604
339.723
329.055
320.99
314.744
302.035
292.215
287.245
280.051
275.973
286.15
279.453
294.117
306.215
318.718
332.976
356.935
371.656
371.956
373.42
381.955
386.796
390.979
386.916
373.666
394.373
400.32
386.709
370.086
358.618
348.472
333.775
328.762
320.123
306.26
291.533
296.629
288.401
291.026
294.359
294.637
306.026
311.112
318.024
327.034
340.865
353.412
357.58
350.877
348.036
352.558
355.102
354.586
348.108
270
270
272.688
275.998
270.729
270
270
277.077
297.915
320.047
342.153
354.792
363.506
359.965
353.996
342.002
320.137
297.122
285.887
285.695
297.496
313.756
318.17
320.118
322.238
319.443
319.435
325.099
335.72
321.776
375.233
368.906
307.468
270
334.438
420.022
452
451.889
461.153
463.305
468.849
473.845
476.024
478.346
480.383
481.417
479.37
476.754
473.864
461.002
439.818
399.674
365.361
351.242
357.673
371.968
380.636
366.367
313.25
270
856.457
864.678
811.422
758.594
745.218
747.739
755.458
762.918
792.107
868.635
955.824
966.332
942.863
977.109
470.671
501.158
542.125
581.452
623.731
634.232
612.028
596.18
588.319
597.928
602.137
599.743
598.714
606.7
625.233
660.773
707.325
755.951
789.067
809.054
811.315
795.711
767.211
731.379
695.713
674.324
668.888
658.954
618.644
559.466
460.344
490.854
509.836
535.084
545.025
548.537
538.189
522.614
492.756
450.244
416.732
405.727
408.018
417.575
437.458
460.771
479.027
493.292
495.71
483.856
482.574
475.559
477.105
481.799
492.672
508.9
513.325
521.192
514.143
491.533
485.996
461.784
452.918
461.862
463.156
463.769
468.091
471.627
468.741
465.966
449.34
438.507
424.532
407.986
418.287
398.201
406.84
401.195
401.419
405.868
411.536
412.97
422.146
423.919
432.212
442.408
451.464
448.075
461.291
451.571
416.027
414.84
408.91
409.228
411.608
407.754
408.678
414.061
399.146
401.395
394.048
396.923
388.528
397.214
388.994
397.254
396.407
409.962
409.611
425.789
427.84
445.234
451.972
452.297
442.001
438.807
430.304
429.167
432.735
445.201
415.717
407.541
406.48
414.177
413.404
396.79
380.159
379.975
387.698
395.078
398.979
402.283
402.574
401.159
416.154
409.77
422.874
423.78
427.889
420.89
418.11
409.71
394.652
389.968
376.661
382.828
397.91
411.286
407.473
391.776
289.358
326.053
353.803
327.083
289.213
270
270
270
278.984
296.871
309.666
324.897
333.385
339.526
344.56
344.801
348.523
351.324
345.19
343.628
330.33
319.223
309.178
315.661
322.449
337.146
339.668
336.753
332.755
325.303
435.784
454.89
448.213
438.152
429.546
421.925
419.242
410.854
408.604
400.822
392.929
379.32
384.919
373.746
377.741
376.25
382.394
380.85
390.424
396.215
396.884
399.468
399.664
396.282
396.98
395.812
387.325
382.89
381.573
390.89
425.119
406.189
388.817
377.478
374.074
370.537
367.94
369.048
368.604
363.93
367.921
364.761
370.976
372.487
362.607
367.254
378.735
381.781
391.963
403.194
412.712
412.454
395.525
383.73
395.497
403.616
397.071
399.08
398.516
394.468
365.058
419.31
429.811
390.73
361.688
349.468
341.145
331.416
326.532
322.332
311.013
301.336
297.955
292.697
285.467
277.483
283.914
279.196
305.097
293.395
311.253
321.225
343.149
362.099
373.053
371.481
374.377
380.201
386.064
384.308
382.876
402.047
394.492
376.162
358.828
347.133
334.454
328.425
323.464
307.857
300.916
310.049
310.359
311.616
301.965
290.51
291.934
288.979
299.969
307.668
316.997
327.829
341.479
352.033
347.748
345.987
354.213
359.592
357.203
351.076
270
271.675
278.206
270.693
270
270
283.48
308.749
339.418
367.865
385.299
397.63
400.774
398.212
390.461
376.089
356.949
324.508
293.527
283.558
299.23
315.17
322.825
319.256
314.062
316.738
315.617
320.733
332.841
322.289
368.943
361.407
313.009
331.675
401.164
445.859
457.115
458.155
469.259
469.181
476.383
478.279
479.581
481.969
484.518
482.325
479.996
478.506
472.626
471.357
460.085
429.426
380.052
347.001
348.466
350.276
356.595
340.96
281.188
280.846
846.672
823.34
758.357
737.981
756.718
782.767
799.545
800.827
821.072
873.45
954.052
971.154
946.934
970.879
472.361
511.348
559.068
606.051
643.182
642.12
600.437
586.746
583.486
583.22
574.503
568.438
559.158
561.194
580.365
617.309
677.898
739.6
788.078
815.556
818.289
812.387
787.569
752.782
714.798
685.998
675.834
667.206
627.802
561.246
470.029
486.266
511.247
530.524
552.007
555.49
553.631
534.203
490.947
434.059
403.531
399.544
406.731
423.717
450.646
478.615
494.788
499.476
491.086
476.75
476.596
469.089
469.602
476.906
491.38
499.645
511.395
525.022
512.899
491.512
481.236
460.335
456.107
464.526
463.581
466.087
468.505
474.14
469.679
465.488
446.202
439.542
418.44
421.943
417.968
411.837
413.821
412.286
411.62
409.811
407.616
416.003
412.601
416.926
423.602
434.856
442.433
450.736
454.164
449.195
417.835
413.857
413.653
422.09
434.047
431.831
441.691
443.204
434.648
444.86
441.841
442.191
436.431
442.885
430.734
433.847
421.154
427.768
419.49
430.237
430.065
444.876
451.967
453.96
445.694
441.191
434.841
430.265
437.448
446.908
420.432
413.316
414.503
416.755
403.196
385.813
381.402
388.051
397.175
399.257
398.978
401.419
409.267
415.695
438.953
442.414
466.365
458.956
471.788
464.543
457.84
448.415
425.224
410.142
392.995
389.8
398.879
412.988
409.324
389.373
294.067
341.807
346.525
304.148
270
270
270
270
289.166
302.419
319.674
327.182
340.316
350.059
353.442
362.829
364.951
363.5
358.328
371.376
347.878
344.639
319.856
323.497
319.01
336.355
341.435
346.485
342.544
328.739
444.442
456.582
446.46
436
427.363
420.272
418.947
409.804
410.732
390.249
385.197
380.6
373.844
371.497
366.78
372.475
382.514
378.862
382.436
395.911
394.05
396.585
398.585
396.209
395.852
395.613
391.4
384.256
386.261
399.267
412.526
396.051
378.489
371.276
370.971
371.21
366.148
375.852
368.785
373.788
366.675
370.425
365.228
374.169
378.556
372.255
372.548
383.423
385.312
401.957
407.032
414.33
401.492
386.727
390.364
398.087
395.907
414.981
419.534
399.544
370.197
445.619
414.112
376.202
352.733
341.064
330.906
326.252
323.699
316.372
306.892
307.627
302.119
289.691
288.287
282.552
290.89
280.259
300.893
288.721
313.213
309.984
330.525
353.464
369.765
371.898
372.413
378.976
388.237
389.775
394.142
409.196
388.628
362.871
344.842
335.122
329.46
323.398
310.59
308.495
311.804
311.061
295.534
295.494
300.027
307.453
296.747
294.858
287.285
295.203
304.674
314.19
328.806
340.35
344.527
344.52
349.927
350.69
350.085
341.165
270
279.543
275.983
273.268
270
283.178
308.881
345.301
375.866
400.388
416.841
422.736
426.279
421.904
414.623
398.709
384.018
353.6
312.829
281.738
296.887
317.316
321.382
318.561
311.092
309.807
311.063
317.62
329.614
321.959
347.032
361.49
345.957
385.835
433.62
455.955
459.452
466.071
470.593
477.232
481.366
482.827
490.091
495.724
491.589
491.323
487.75
478.1
475.687
472.351
468.433
456.822
411.361
348.305
340.813
356.985
350.327
327.549
270
297.333
833.279
784.933
733.957
744.874
798.24
834.63
844.189
850.73
871.545
908.344
963.787
970.876
941.533
964.662
476.589
523.291
575.6
625.259
656.624
644.341
596.158
578.613
572.685
570.635
560.063
551.193
545.382
538.95
544.035
577.295
639
712.15
777.226
801.699
812.724
811.049
791.895
758.977
725.492
693.565
684.509
670.726
628.914
559.912
469.341
490.37
502.136
531.659
550.743
564.362
561.908
545.872
487.996
425.955
401.564
403.538
418.584
441.921
474.666
496.355
504.455
494.02
486.468
473.478
473.572
462.654
464.35
478.394
481.572
497.696
520.067
522.111
511.032
498.133
480.692
458.574
457.866
465.221
465.558
467.132
471.367
474.855
471.627
467.511
447.498
442.853
414.694
437.868
417.936
420.408
417.159
417.048
409.017
414.464
405.211
410.665
408.023
406.372
414.704
427.227
436.92
446.927
448.388
437.983
418.254
415.51
425.837
436.567
448.5
454.886
454.321
459.205
460.954
466.021
463.68
480.374
470.504
484.016
469.621
472.62
452.712
449.932
434.204
436.709
432.913
446.743
452.046
455.435
449.142
442.876
435.434
432.881
440.278
450.286
421.181
415.347
417.767
411.231
394.115
384.389
386.949
395.951
397.51
397.96
397.514
405.206
421.302
438.458
466.436
473.201
493.604
486.157
499.281
488.898
482.234
475.177
451.695
428.483
407.753
398.636
403.906
417.505
407.073
384.782
302.303
347.791
332.133
287.69
270
270
270
271.439
288.01
304.073
315.693
327.249
348.713
353.955
371.549
372.822
380.057
377.397
366.12
381.099
359.376
361.107
334.18
328.35
320.48
334.887
343.462
350.19
342.557
324.256
450.775
457.352
447.559
434.81
424.869
419.07
418.937
409.892
400.014
385.785
384.4
366.181
366.128
360.801
366.07
360.236
370.558
383.078
375.822
390.918
395.602
393.019
397.183
397.581
396.055
395.974
393.4
389.54
398.424
414.331
408.066
389.469
372.035
368.034
369.675
371.149
367.02
378.833
370.981
367.724
364.499
361.315
368.518
364.094
374.165
378.8
372.648
382.679
384.828
396.953
405.832
412.736
405.751
389.021
389.188
391.955
409.749
447.535
447.857
414.895
381.646
450.047
401.018
369.907
347.612
333.557
326.419
320.121
314.029
313.062
305.637
296.852
289.031
286.272
284.832
278.556
291.44
277.547
301.31
286.191
306.985
300.55
324.984
344.853
368.208
370.231
370.512
377.821
389.197
391.623
401.388
404.636
377.491
354.669
337.846
332.911
319.363
318.896
307.806
311.324
300.684
302.403
305.057
317.898
317.922
302.334
307.079
294.571
289.448
287.748
294.532
308.084
319.186
328.82
337.525
338.265
340.626
347.956
353.192
343.991
270
281.764
278.485
273.629
278.583
299.975
336.467
372.11
404.161
423
436.012
444.067
443.643
439.856
430.966
414.001
401.838
374.727
337.029
292.513
290.28
316.307
322.008
318.907
305.835
305.092
307.323
318.72
330.561
321.121
318.709
362.933
367.905
415.458
448.978
457.485
463.367
471.752
472.399
486.618
483.592
495.409
503.058
501.849
503.629
497.039
490.802
484.797
475.181
471.823
471.108
466.23
445.329
372.012
322.119
344.458
339.027
297.205
270
311.04
820.121
755.695
728.847
780.161
847.459
869.882
878.889
891.431
909.058
943.409
972.453
963.862
947.674
967.685
474.174
528.579
582.083
630.584
670.25
655.748
595.545
575.35
565.923
562.988
563.831
552.079
545.179
526.66
523.761
536.798
591.079
672.981
746.014
784.849
796.355
791.822
784.354
754.184
726.739
704.902
692.439
680.011
629.155
558.19
477.308
482.663
499.907
514.216
545.494
559.341
566.666
550.351
493.169
426.537
408.015
411.643
436.302
462.027
491.853
502.667
505.147
490.488
487.394
475.347
477.491
468.417
472.108
478.691
484.514
509.121
519.13
518.461
516.351
495.083
477.972
459.596
461.532
469.5
469
471.948
473.891
478.667
473.046
469.626
455.482
442.794
421.58
434.954
417.684
426.096
421.513
407.545
409.104
409.426
401.906
401.831
395.148
400.373
402.877
420.703
434.715
444.81
445.702
441.996
429.568
425.292
436.558
445.545
454.247
463.311
456.017
466.908
465.799
472.135
477.93
497.922
492.068
515.163
496.083
502.474
479.477
467.871
447.586
444.704
436.363
449.821
453.569
457.552
450.537
443.431
434.392
436.187
445.774
454.392
423.773
420.278
421.415
408.629
391.607
388.171
393.155
396.939
397.545
394.529
401.201
410.429
435.059
457.657
479.38
487.451
504.649
496.076
509.539
498.192
496.267
488.692
467.65
436.231
417.131
406.856
411.574
416.69
399.319
380.814
305.263
349.566
319.368
275.572
270
270
270
270
288.275
295.902
309.486
327.542
344.563
351.997
374.995
378.996
380.172
386.864
369.293
388.914
362.547
370.407
341.839
330.611
324.456
332.765
343.59
352.859
345.458
321.545
460.758
462.86
451.098
433.852
422.218
416.371
416.906
403.388
398.887
386.696
374.606
366.636
370.603
363.434
363.06
363.299
361.339
378.224
379.431
379.103
394.708
394.65
395.429
397.205
396.203
394.641
390.158
392.576
413.246
426.194
409.455
386.85
369.882
365.586
367.2
370.028
367.127
381.417
368.009
373.818
357.905
365.361
361.979
364.773
371.888
377.908
375.125
383.064
383.816
397.728
403.935
412.912
405.876
391.58
386.271
394.729
453.729
483.246
469.099
438.649
396.653
448.257
397.784
367.744
343.057
329.635
318.927
311.459
308.335
308.975
289.621
288.392
293.164
290.188
282.648
280.536
283.228
280.78
295.817
287.825
298.913
299.939
316.98
341.188
366.251
371.342
372.572
387.745
402.15
395.467
415.852
406.476
376.098
349.17
333.692
327.651
318.446
311.18
307.372
298.116
303.042
310.49
305.354
301.82
292.208
307.436
299.703
293.178
289.113
286.129
286.325
300.261
309.236
324.771
333.757
332.801
341.242
340.895
337.153
324.187
270
285.842
283.637
278.691
286.861
316.442
355.775
393.994
418.27
438.559
451.187
457.21
459.482
454.621
449.738
427.032
408.051
391.542
361.726
302.941
288.586
315.43
323.974
318.837
312.165
307.562
311.547
322.48
331.495
321.847
282.197
332.576
376.225
426.646
455.887
458.871
466.367
474.906
477.809
488.175
490.722
504.569
508.692
515.291
511.735
502.13
500.264
486.431
477.556
475.567
469.654
470.439
459.587
408.237
315.376
306.614
311.532
277.441
291.793
323.449
807.869
741.263
734.243
821.128
883.035
896.72
900.666
908.955
935.403
956.76
962.082
958.949
937.215
862.346
623.771
517.282
490.842
543.636
592.487
635.668
687.212
676.011
602.71
574.119
562.737
566.52
564.465
563.003
554.026
531.091
511.33
509.707
541.986
612.576
703.714
762.733
773.492
777.224
762.79
745.677
724.755
709.435
698.736
681.752
625.247
564.535
525.334
510.679
488.892
491.575
490.544
506.714
520.112
542.759
551.849
553.296
499.78
437.706
413.575
424.806
448.209
476.661
496.665
503.137
505.093
492.315
492.398
480.969
482.677
475.959
476.155
482.818
502.358
512.875
518.99
527.483
513.784
505.275
517.363
496.738
468.321
455.178
460.813
471.629
474.989
476.385
476.058
479.097
482.949
480.843
463.535
453.143
430.706
428.306
431.485
417.337
421.534
412.988
400.262
405.547
390.241
392.94
384.95
389.892
406.875
422.474
436.723
442.175
444.072
442.733
442.8
454.504
427.414
430.517
438.396
445.533
453.94
459.095
452.071
464.064
462.908
474.389
484.823
510.275
507.145
534.638
511.926
526.862
490.89
482.258
451.8
447.822
440.713
452.483
456.64
458.382
449.407
441.343
430.947
437.866
442.45
446.919
443.571
439.952
427.937
424.044
418.686
402.151
391.369
392.779
395.822
397.114
396.049
395.449
401.039
417.849
442.393
462.831
485.136
491.281
504.551
499.511
505.965
501.897
493.863
488.764
464.342
434.895
421.772
413.677
418.278
412.398
386.633
353.464
303.576
297.096
319.858
334.911
307.551
279.004
270
270
270
271.541
280.403
288.574
304.458
315.44
330.785
350.891
365.891
375.565
378.867
375.536
380.238
381.718
365.606
369.819
346.378
328.958
324.964
332.465
344.429
352.065
342.664
409.03
457.041
450.933
459.043
458.562
447.089
430.512
417.732
411.612
412.87
402.192
399.717
381.017
378.502
366.261
367.408
358.951
361.393
365.576
361.727
365.645
384.082
377.654
386.201
395.445
396.153
396.856
396.127
394.537
401.93
428.242
426.863
425.38
419.028
429.463
406.018
386.346
368.972
364.908
365.1
370.88
369.196
379.047
370.091
371.712
357.737
363.583
360.684
361.172
373.05
375.372
380.191
382.538
385.302
396.268
406.005
410.8
405.247
389.506
388.567
445.586
509.932
491.043
474.679
461.733
436.69
419.049
416.419
418.085
391.733
366.765
340.497
324.606
314.531
307.545
302.682
298.978
282.197
282.563
283.82
280.518
280.6
276.411
285.807
276.039
293.427
283.938
290.631
299.304
313.095
343.368
368.932
373.026
381.107
409.879
417.582
408.455
404.23
398.104
403.813
399.895
369.234
344.271
329.41
324.224
316.08
308.405
296.452
298.76
297.855
299.376
290.528
290.572
296.801
287.841
302.62
283.814
288.266
281.846
288.33
292.337
304.893
317.127
324.811
330.419
333.872
341.816
345.533
331.592
328.514
316.014
293.346
288.493
287.343
285.127
293.118
326.175
366.784
404.031
426.783
447.114
460.208
473.325
468.076
470.801
455.947
435.587
415.091
401.369
375.563
326.682
286.897
313.258
324.622
328.193
320.961
317.105
318.443
327.729
334.306
324.729
281.558
272.969
276.759
285.872
351.889
416.122
455.521
460.57
466.971
474.174
480.969
488.358
495.029
505.056
511.856
517.094
510.731
511.475
499.113
485.621
482.257
474.492
471.544
472.523
467.278
431.929
323.38
272.509
270
283.342
297.773
270
495.934
531.673
799.052
734.148
752.135
861.163
919.284
916.728
900.341
898.7
915.997
942.182
958.999
955.449
932.482
821.822
626.588
511.739
509.585
552.876
585.464
632.976
704.701
711.204
630.648
580.466
563.978
566.132
566.05
570.638
568.266
540.887
515.573
499.784
500.276
552.722
642.38
719.286
763.923
759.114
754.916
742.076
730.881
719.3
705.836
675.011
617.219
570.429
539.126
510.964
493.84
486.522
489.721
486.481
495.555
500.999
524.093
535.447
513.829
448.794
424.828
429.283
455.325
474.784
495.115
499.82
503.871
495.793
495.677
487.108
486.383
483.411
489.595
504.13
504.481
519.297
523.838
527.999
513.82
507.335
517.321
515.606
480.981
459.046
464.139
477.371
482.043
480.765
480.945
483.478
481.733
485.769
476.483
463.679
442.277
436.248
423.539
428.523
406.924
408.847
402.906
389.718
386.422
378.98
382.6
387.685
403.835
418.991
425.286
433.386
434.575
435.209
432.635
435.638
426.933
428.427
433.403
441.141
446.724
450.76
446.112
457.08
457.238
472.869
486.106
507.19
508.416
529.467
509.609
524.291
483.431
481.443
451.764
448.317
444.093
458.313
459.472
456.31
446.886
433.147
438.459
446.191
444.28
444.413
442.463
434.376
427.774
422.925
412.06
399.41
395.043
397.102
397.765
398.144
395.593
396.028
403.507
418.016
440.209
458.558
480.499
485.078
498.767
492.418
498.058
489.739
483.574
474.45
449.997
434.332
426.351
420.906
415.237
395.83
362.474
326.058
309.944
321.636
336.765
340.011
319.044
290.429
270
270
270
270
275.628
285.313
291.788
299.724
317.985
334.262
350.244
362.622
372.681
369.691
372.313
383.852
359.275
361.487
340.607
326.12
323.056
334.097
343.749
349.314
375.15
451.765
460.96
459.097
467.71
463.654
450.876
431.691
414.847
407.306
409.536
399.825
400.168
381.447
381.19
365.539
367.365
357.536
358.814
361.503
367.634
360.922
373.672
383.027
385.87
389.089
397.905
395.392
393.661
398.316
418.688
427.492
423.452
421.006
418.548
421.625
406.754
388.537
369.886
362.262
362.779
371.569
369.472
377.499
377.628
372.678
365.932
362.975
369.029
369.709
379.455
373.309
383.368
383.079
389.807
396.993
408.086
410.253
398.959
386.038
410.834
501.825
523.86
508.153
490.875
472.125
455.026
441.05
447.003
431.448
403.169
375.517
342.39
323.021
311.445
309.081
296.91
290.751
282.419
275.7
270
273.11
276.284
272.782
281.85
272.894
288.238
282.019
281.073
301.367
322.336
346.395
368.199
376.312
389.507
415.377
424.521
421.916
424.226
427.505
435.913
422.286
379.952
345.214
328.817
324.325
315.083
310.226
290.449
293.567
285.618
294.384
283.157
289.957
282.632
278.074
299.842
276.492
280.178
282.121
284.911
292.146
300.652
314.215
324.938
327.567
329.606
330.046
333.814
329.571
328.975
316.561
310.529
298.146
295.144
290.535
298.098
325.591
368.354
404.016
432.084
446.696
466.727
469.391
477.205
473.697
458.714
442.189
423.438
400.991
389.628
347.067
290.53
302.81
327.519
330.616
332.167
330.179
331.227
335.226
338.14
324.401
307.515
291.38
289.66
304.248
318.859
370.473
434.32
460.037
467.067
471.245
481.979
483.944
490.201
501.194
505.773
511.312
508.029
505.626
494.231
487.661
480.448
474.418
472.293
472.076
472.024
448.771
348.95
275.377
293.447
296.006
274.313
383.376
507.466
523.874
795.279
735.495
767.208
895.252
938.695
921.794
865.503
820.594
819.739
881.421
932.37
946.062
948.643
901.243
732.894
554.954
515.379
535.782
562.01
610.334
716.578
754.986
687.792
613.565
568.825
566.282
564.482
574.534
571.782
559.334
530.326
493.963
488.269
506.212
562.247
658.821
726.176
752.804
752.479
745.836
733.628
721.466
695.013
650.347
596.202
572.129
549.299
516.356
494.211
487.91
480.193
477.296
468.842
476.249
484.222
514.411
517.711
468.126
432.279
433.819
451.877
468.904
481.148
489.619
497.401
495.799
498.105
493.112
492.273
495.585
503.376
505.607
513.504
524.99
527.978
527.618
522.432
513.436
512.42
520.797
503.015
469.993
465.894
483.656
486.26
482.796
483.327
488.033
492.737
493.437
491.208
477.592
462.232
443.815
432.305
419.068
417.818
396.419
390.155
388.65
376.57
382.259
382.784
395.862
403.179
410.163
414.62
409.055
410.267
412.17
420.375
424.328
425.146
423.209
426.184
434.183
435.264
440.917
439.03
444.303
446.599
456.899
465.83
484.24
486.795
499.736
492.713
495.646
463.561
470.387
444.155
449.357
451.279
460.333
456.158
449.857
436.314
431.102
444.535
443.926
440.566
438.995
434.478
427.738
428.443
418.538
410.967
405.651
403.849
402.633
400.466
399.484
397.626
398.13
402.268
415.321
431.72
446.375
467.365
471.64
483.653
480.431
477.979
475.106
463.507
455.766
441.762
433.833
426.463
415.497
397.242
366.384
335.107
319.645
325.487
337.325
353.382
354.415
343.724
321.808
283.168
270
270
270
278.555
279.054
282.433
293.097
298.487
313.204
328.138
345.417
354.72
355.854
366.771
357.204
356.969
337.16
330.172
317.611
324.595
332.53
340.676
346.258
402.151
457.728
461.08
467.539
475.093
470.882
455.246
433.587
414.176
405.433
404.303
397.752
400.909
385.057
384.01
368.17
365.185
361.188
354.91
356.323
363.595
370.367
367.778
378.213
388.769
389.724
390.565
393.616
394.764
410.198
426.757
424.431
418.883
416.662
412.786
415.833
411.421
396.147
373.976
363.311
363.371
370.187
375.208
375.437
372.249
379.681
366.681
372.625
368.455
370.457
373.161
373.071
382.434
385.169
394.439
402.996
408.281
405.01
390.999
389.684
450.527
525.122
540.478
538.329
531.631
511.724
491.08
487.63
478.331
442.795
405.98
384.856
348.813
323.988
315.553
307.463
298.877
288.047
275.235
280.366
274.959
270
272.553
275.781
281.676
275.213
279.584
287.138
281.162
304.795
335.782
351.519
365.972
378.703
388.929
414.018
434.687
440.535
449.978
457.665
462.196
441.655
392.901
349.132
330.273
325.304
315.319
313.508
289.603
287.864
272.431
281.88
270
271.594
270.526
270
284.447
270
275.267
281.223
283.391
291.867
302.131
312.818
319.28
322.505
326.492
331.544
331.265
322.089
316.323
304.759
298.878
298.007
296.554
297.589
299.619
321.134
355.496
397.258
423.89
449.408
456.947
471.234
467.37
471.918
453.726
444.371
416.577
404.45
392.388
363.647
301.168
298.776
322.109
333.493
337.79
340.23
340.18
343.205
341.136
329.693
323.846
308.99
313.772
354.876
372.608
368.355
394.874
436.746
461.406
468.172
477.848
483.262
483.291
495.691
493.428
493.34
495.113
493.389
491.015
484.897
477.005
473.452
470.406
474.321
471.557
454.468
364.898
271.395
299.632
297.373
271.773
434.738
493.668
512.486
799.809
739.329
778.006
912.776
951.616
918.605
801.637
689.714
656.858
718.656
828.062
914.616
939.066
930.815
827.917
635.739
526.821
523.953
534.741
568.399
698.512
777.054
754.432
683.954
608.233
570.431
564.399
572.275
572.894
574.813
544.188
503.995
490.957
482.163
513.171
566.749
656.351
715.833
741.875
744.011
738.552
721.602
689.236
640.407
597.716
582.542
566.693
525.36
503.511
484.787
482.459
468.397
472.303
464.211
468.666
482.89
509.629
486.62
445.055
432.818
448.242
457.006
467.641
469.501
482.046
485.061
494.269
492.786
496.516
503.042
500.034
512.552
516.949
525.989
526.05
531.145
525.434
516.837
516.281
515.864
509.914
481.048
473.783
486.388
486.152
478.297
475.574
491.675
494.503
500.418
500.71
497.187
476.656
464.942
441.772
427.987
412.825
410.078
390.739
384.807
388.276
386.688
395.799
399.243
406.894
406.779
406.002
407.32
406.245
409.748
413.132
415.546
419.97
419.971
419.776
423.334
425.684
432.728
428.891
430.607
432.608
429.118
437.241
446.784
443.574
466.692
449.127
461.592
442.775
454.534
438.544
457.269
453.441
454.855
448.204
436.957
429.061
436.999
444.118
441.159
438.133
435.667
432.199
428.905
429.827
424.126
422.173
421.049
418.1
412.885
406.831
403.348
400.587
399.686
402.279
409.53
421.252
429.134
448.548
447.822
461.664
455.113
460.925
450.976
448.062
439.109
433.194
424.207
411.384
393.627
368.011
342.318
326.644
325.429
334.733
346.801
349.698
354.358
355.018
344.634
317.91
282.037
270
275.619
283.462
284.619
286.498
288.591
289.872
294.499
304.032
308.993
321.029
325.516
336.957
324.124
327.172
318.739
316.646
319.254
326.918
333.625
334.642
339.483
405.602
459.135
472.047
477.527
483.47
479.4
460.448
439.167
418.724
404.972
401.34
396.906
398.582
387.517
388.251
371.446
370.773
358.997
359.117
361.421
360.086
369.971
376.142
376.948
382.721
390.372
388.083
389.538
400.6
411.268
416.327
414.387
411.705
405.73
401.687
407.76
412.451
406.245
383.739
368.211
364.582
366.869
372.429
378.483
381.104
374.74
379.745
365.362
368.098
367.206
373.607
377.584
387.266
389.569
399.629
405.758
405.753
396.327
385.55
396.275
453.244
517.767
564.414
577.918
576.863
578.373
578.024
564.437
530.845
447.156
401.481
393.952
361.748
332.143
319.239
308.45
303.197
299.073
277.511
270
271.797
274.988
270
270
272.038
270
281.098
283.395
298.25
318.702
340.7
362.003
366.218
377.652
385.343
398.879
425.714
450.931
463.897
471.982
474.143
454.466
410.539
360.354
335.448
328.695
319.988
314.409
294.23
289.015
270
270
270
270
270
270
270
270
276.062
276.745
286.066
295.274
304.461
314.403
319.751
324.874
327.184
330.069
325.668
311.567
301.204
289.863
285.146
283.333
290.867
295.57
302.837
314.236
342.569
373.652
409.305
429.409
451.861
456.765
462.063
454.98
449.408
428.6
412.215
401.538
395.777
371.679
316.291
290.12
314.786
326.387
337.38
342.663
346.92
348.753
348.311
340.905
325.597
309.985
329.666
389.282
433.445
413.102
391.913
407.248
438.169
458.399
468.581
476.925
477.693
481.652
487.668
488.801
487.59
485.236
483.851
476.648
473.84
469.446
470.72
474.261
471.167
451.934
379.809
275.207
292.859
283.921
343.477
463.309
474.667
502.354
813.166
749.102
773.873
903.065
951.019
913.446
763.523
625.467
568.501
588.686
700.408
827.432
899.921
904.657
814.831
676.778
566.278
522.752
517.798
542.79
650.039
752.848
778.146
758.136
688.304
618.257
569.887
569.731
574.086
578.189
566.404
522.899
493.501
487.023
493.661
511.85
564.666
628.584
683.987
711.296
719.029
708.031
682.858
647.435
618.751
600.443
568.601
541.323
514.883
492.845
479.636
473.651
471.471
472.695
464.929
470.567
488.589
501.511
456.415
437.49
441.587
449.784
452.515
454.323
462.017
465.623
473.147
479.885
487.291
489.863
494.855
506.738
507.517
516.024
517.238
517.093
509.391
515
507.624
505.279
501.356
481.074
477.596
488.604
485.762
474.027
471.231
480.959
497.828
505.592
509.082
508.503
499.612
479.961
467.517
446.399
428.12
419.698
413.266
401.684
398.553
404.976
401.659
405.441
401.194
397.807
392.473
392.747
394.803
397.339
402.179
406.358
415.265
421.596
417.172
416.211
417.38
420.094
423.038
418.028
416.632
419.014
411.845
417.953
413.986
428.733
420.258
437.747
435.616
438.793
441.401
453.631
447.482
443.718
433.848
427.706
430.695
440.571
442.511
440.578
438.62
438.138
435.745
435.124
436.679
440.272
441.745
443.765
441.357
431.153
417.194
409.204
404.689
402.519
402.163
403.861
411.309
413.218
424.223
421.279
429.944
426.465
426.538
427.568
420.236
417.189
408.295
397.216
381.091
360.536
340.598
325.273
323.724
331.862
343.401
344.771
351.102
352.052
362.195
363.944
352.246
318.208
285.218
280.029
292.393
300.045
299.673
296.887
292.894
288.813
286.997
290.729
291.804
292.453
303.456
295.562
311.678
303.388
318.599
319.494
329.908
329.414
329.994
335.981
406.817
458.195
473.153
486.884
500.251
494.037
469.582
448.026
427.223
408.71
401.384
397.481
396.41
389.229
385.31
377.272
372.12
363.268
362.056
362.16
362.966
368.275
372.646
381.181
379.089
382.915
389.05
393.728
406.044
418.502
416.76
410.649
403.26
394.616
393.946
396.709
409.344
415.549
397.683
378.269
369.017
369.039
371.827
374.675
374.86
380.468
371.427
378.307
371.221
371.48
379.437
381.616
388.252
394.218
401.781
403.758
397.045
387.831
383.653
393.652
413.89
430.079
462.917
516.396
559.979
575.943
577.295
571.658
526.996
426.525
387.028
399.334
380.625
342.838
328.014
317.127
304.489
303.634
297.428
279.472
270
270
270
272.386
270
277.771
288.795
296.142
317.617
335.453
350.824
366.823
369.236
375.116
385.431
386.051
400.872
427.95
446.647
462.57
469.396
453.688
424.161
377.755
344.211
333.585
325.355
318.725
299.082
292.205
270
270
270
270
270
270
270
270
272.186
277.921
291.657
300.894
308.862
315.372
319.982
323.831
326.843
325.664
311.61
298.191
289.699
283.497
275.594
274.79
278.03
290.958
298.902
311.659
327.019
353.429
378.002
404.743
421.248
431.715
432.76
435.485
422.162
413.204
402.73
399.127
393.751
375.573
327.287
293.176
302.304
314.597
323.895
331.132
336.669
337.84
336.876
334.951
317.063
321.573
378.921
439.363
467.413
456.005
418.859
399.482
411.445
434.295
452.188
465.801
469.405
472.951
471.005
472.305
474.695
473.855
473.276
469.401
467.65
466.78
470.98
474.554
467.649
442.183
379.786
308.373
294.335
341.797
428.483
477.433
468.551
499.694
842.957
765.756
756.826
871.076
939.536
911.028
774.593
634.523
554.317
549.125
616.161
726.072
796.371
775.293
687.461
635.617
583.084
526.765
523.224
537.117
597.743
669.371
728.348
760.414
755.087
696.588
625.724
575.321
578.41
574.409
584.556
548.441
508.817
490.985
495.344
496.949
517.967
542.551
588.591
623.03
648.526
655.447
651.637
634.816
613.369
586.007
552.756
536.897
526.199
494.594
489.105
472.941
485.456
471.455
474.27
465.672
474.79
499.768
475.275
440.667
439.96
444.527
448.316
443.58
448.368
445.934
453.563
457.27
459.587
468.994
471.425
481.048
479.025
486.327
487.821
483.968
489.107
492.979
487.047
484.852
485.327
477.543
481.384
488.493
483.685
479.358
470.016
473.769
492.24
507.723
511.696
518.221
510.025
500.837
483.454
466.93
455.76
429.911
431.896
417.705
416.184
408.347
412.182
404.181
402.506
395.146
397.158
396.577
400.217
405.996
405.93
402.253
407.664
421.809
420.753
415.121
412.381
409.929
409.358
411.165
403.082
399.348
401.095
392.521
400.187
397.499
412.234
416.254
427.06
425.719
440.713
434.871
432.615
428.827
424.753
427.021
434.69
440.556
442.857
443.108
443.823
444.138
445.965
449.981
457.102
466.21
471.398
476.278
471.74
457.268
436.68
421.587
410.379
407.633
402.941
400.961
403.451
399.201
405.485
395.301
403.213
390.17
394.924
385.939
385.32
378.001
370.547
359.585
346.505
332.788
324.412
321.332
325.597
335.544
340.59
343.993
342.471
344.83
353.135
363.422
366.976
354.795
316.396
290.564
300.366
316.897
322.964
321.903
317.325
307.562
296.067
288.713
293.312
282.33
298.013
290.047
307.397
311.095
313.857
329.589
331.604
333.944
334.664
356.195
409.241
457.221
474.581
491.627
503.37
498.66
475.141
453.945
439.654
417.967
405.308
398.285
394.959
386.41
387.8
372.297
372.204
361.857
356.678
359.524
359.105
368.346
365.936
373.6
379.863
382.373
388.546
399.91
408.521
409.079
408.892
404.36
400.858
397.735
396.254
398.41
405.356
419.78
414.37
392.302
377.971
372.517
372.835
373.95
375.551
371.676
374.785
366.833
372.59
376.336
374.533
381.124
386.61
392.667
395.92
393.728
388.854
383.421
383.452
385.701
384.598
379.426
384.041
393.523
413.547
437.154
451.409
443.311
417.569
380.986
370.854
390.351
401.812
360.422
337.689
329.402
317.302
306.692
304.134
301.137
288.093
282.23
282.819
276.879
292.097
290.449
307.267
319.662
335.652
351.305
358.731
369.334
372.966
377.098
381.532
389.704
392.329
403.772
419.22
432.399
442.941
440.391
426.127
399.061
354.924
339.179
331.209
323.774
307.425
300.913
270.38
270
270
270
270
270
270
270
270
284.033
298.021
306.463
313.06
317.154
321.769
325.452
322.73
307.48
295.3
292.202
290.118
280.525
276.613
270.045
276.033
281.13
296.047
304.808
319.81
333.008
352.063
368.337
383.586
394.815
402.05
401
401.203
397.287
394.622
394.406
390.894
371.283
331.799
296.129
299.264
304.353
310.269
312.43
317.499
319.21
323.371
329.029
341.953
400.072
459.959
475.541
471.786
457.191
431.261
403.973
401.377
409.917
429.478
440.601
453.714
456.297
461.402
461.598
461.263
461.442
461.202
460.588
461.724
466.126
471.847
472.615
456.98
427.191
389.79
372.551
398.482
447.04
474.566
465.478
460.015
496.208
882.148
809.436
746.223
807.36
894.215
895.036
812.594
689.307
583.941
548.314
546.989
586.088
607.74
578.954
551.942
553.835
551.385
527
526.717
527.175
549.609
584.289
634.733
703.586
755.724
745.705
697.815
622.424
590.406
574.255
590.771
575.042
537.701
498.902
499.244
500.589
511.255
514.234
532.437
546.542
565.095
577.507
584.395
580.671
567.735
545.829
529.673
523.611
516.681
499.649
489.647
481.846
487.181
475.665
474.882
468.194
472.411
485.598
494.27
447.748
437.934
441.112
445.399
441.847
443.204
437.433
437.878
438.97
437.975
447.681
442.387
450.867
456.521
455.072
459.873
461.956
466.493
468.704
469.813
471.83
476.033
478.665
481.873
486.486
484.989
484.315
481.951
473.588
480.483
505.836
509.554
522.473
521.7
514.131
501.334
475.075
470.929
445.316
441.677
425.707
425.292
414.747
413.171
407.339
402.733
400.179
397.686
400.32
399.057
406.878
412.232
409.229
403.26
413.819
428.095
423.133
414.619
410.043
401.593
396.732
396.083
382.449
377.771
373.959
376.296
374.648
391.314
389.014
405.005
405.523
418.901
416.374
419.246
423.317
428.325
432.342
437.878
440.615
445.175
447.098
450.197
453.237
456.356
462.113
468.658
482.246
485.419
493.875
490.712
488.412
460.693
439.061
420.493
414.031
408.765
401.73
398.537
397.048
387.746
378.793
379.885
365.801
364.797
355.648
351.575
344.978
338.422
332.025
325.643
319.027
317.414
316.172
322.577
327.654
334.5
336.061
338.138
337.554
345.254
354.935
366.927
371.129
354.489
314.659
300.236
323.792
343.214
350.568
351.86
350.09
343.03
333.214
329.69
316.354
327.917
320.024
332.514
343.62
345.219
358.598
369.304
375.757
389.999
410.834
436.433
461.021
475.465
488.755
496.74
491.152
476.204
456.233
450.349
432.576
415.166
405.227
398.295
388.043
383.013
369.148
366.83
357.304
355.222
355.568
351.922
361.262
364.099
371.592
377.378
386.184
391.302
397.63
403.713
407.144
407.774
406.098
403.854
402.017
400.472
402.705
407.136
418.891
424.195
410.734
391.616
382.707
376.958
373.788
370.414
369.124
361.639
362.394
359.51
359.57
362.75
369.501
376.091
380.49
383.365
384.531
384.119
382.887
381.909
380.849
379.271
374.566
376.634
371.434
373.865
367.875
369.826
363.541
363.488
358.666
360.145
379.816
415.067
387.11
353.526
339.529
332.259
321.754
309.935
308.687
307.388
300.473
295.968
305.382
307.234
312.536
331.431
333.203
352.05
358.29
364.515
370.234
372.549
375.118
378.664
385.035
388.361
396.244
406.25
413.407
421.983
421.501
416.891
413.526
374.104
346.184
338.858
331.296
314.965
309.328
278.077
276.852
270
270
270
270
270
270
274.658
293.94
305.471
313.775
318.926
321.682
320.813
313.292
289.959
282.766
292.443
300.495
291.297
282.135
277.654
275.773
278.783
284.325
293.455
303.087
311.875
322.953
332.056
343.568
352.299
363.984
369.37
377.921
382.19
384.521
389.453
392.657
380.381
363.584
331.23
302.048
306.937
315.087
326.2
333.271
345.325
359.079
383.347
405.504
441.861
471.754
474.92
468.388
457.485
440.238
425.393
408.453
403.124
403.259
409.587
419.756
425.859
434.419
434.501
438.847
441.153
445.801
449.908
453.883
459.792
468.506
472.381
465.602
438.392
415.992
413.236
429.105
453.988
467.262
460.549
448.041
457.25
494.366
934.187
863.848
754.099
749.672
824.061
852.747
830.183
773.301
688.505
621.57
579.38
571.392
561.623
558.647
558.529
545.714
543.962
544.341
535.904
545.638
559.154
582.091
629.873
694.426
748.036
747.912
730.631
663.589
619.191
581.673
586.872
586.749
567.828
510.047
508.202
500.931
514.506
512.911
528.171
532.81
540.534
543.485
545.725
545.317
541.082
536.156
526.325
525.122
512.765
506.25
500.51
486.84
490.174
476.536
477.864
469.518
475.194
479.567
497.493
462.404
432.846
434.901
440.992
436.006
441.573
432.396
436.731
436.034
433.235
439.727
440.935
437.361
454.717
448.753
460.265
459.623
463.638
469.767
472.647
476.053
484.092
490.338
489.195
488.275
492.561
491.27
489.38
479.36
475.036
495.992
507.466
512.702
522.067
526.924
508.381
487.856
487.196
452.83
459.587
430.708
438.63
420.33
422.837
414.668
414.199
411.645
410.333
409.869
409.278
409.434
412.635
411.844
403.617
397.616
421.442
435.181
424.646
417.242
411.799
401.292
386.597
386.351
375.581
363.02
375.781
363.783
392.115
381.045
410.922
405.105
424.66
428.971
438.866
443.689
448.584
448.702
449.113
450.252
453.372
457.068
460.556
463.251
465.073
468.769
468.565
475.236
476.498
486.065
486.963
495.675
477.574
456.87
434.259
420.039
411.035
404.02
401.196
394.14
376.754
371.752
371.119
352.916
358.118
344.245
345.788
339.616
339.046
334.742
334.43
329.409
331.239
327.41
329.929
329.412
333.203
334.53
336.296
338.316
342.316
351.97
362.048
370.685
368.392
349.741
301.094
309.103
346.036
364.111
375.621
382.475
387.091
386.958
391.885
388.139
402.023
396.612
415.455
416.708
429.718
439.194
444.157
456.674
460.608
467.533
471.976
475.359
478.227
480.408
476.281
475.477
466.862
453.244
449.885
445.358
422.882
413.794
408.026
398.693
384.509
381.197
374.263
354.859
362.265
357.484
352.533
367.226
365.399
378.017
380.743
386.735
392.566
394.461
396.286
397.874
399.903
399.77
401.599
401.371
403.114
406.135
409.792
418.054
424.65
423.184
401.248
392.277
387.809
381.894
377.546
368.402
362.869
352.724
355.257
352.164
359.823
360.964
367.767
374.279
379.975
383.548
385.603
385.962
384.354
382.499
381.693
379.247
379.507
375.793
377.624
372.116
373.04
366.452
365.973
358.861
361.195
374.226
408.339
416.577
369.538
349.629
344.384
338.675
331.313
319.774
318.118
317.586
320.635
314.356
330.514
325.955
341.521
350.548
354.994
363.129
364.517
369.8
368.657
375.864
373.266
381.099
379.043
389.352
390.774
399.108
402.252
405.272
407.092
410.42
402.339
351.984
338.748
335.532
323.859
319.968
292.559
278.929
270
270
270
270
270
270
281.301
295.054
302.639
308.484
309.119
305.254
296.018
280.855
277.468
287.531
301.378
300.453
298.511
293.586
295.98
292.712
297.738
299.277
307.441
310.812
319.546
323.184
330.734
335.083
343.466
348.337
356.395
367.243
372.176
380.165
391.16
385.559
364.488
355.054
330.102
307.41
305.523
313.858
325.945
340.682
359.256
384.219
416.79
451.142
472.016
475.31
468.804
461.168
451.975
441.31
433.942
425.541
422.292
420.26
421.712
421.217
426.878
424.659
431.004
430.488
435.117
438.987
444.327
452.261
461.808
472.216
466.043
449.673
437.853
435.073
440.426
447.98
452.013
453.326
451.816
455.39
466.499
492.609
)
;

boundaryField
{
    wand
    {
        type            zeroGradient;
    }
    frontAndBack
    {
        type            empty;
    }
}


// ************************************************************************* //
