/*--------------------------------*- C++ -*----------------------------------*\
| =========                 |                                                 |
| \\      /  F ield         | OpenFOAM: The Open Source CFD Toolbox           |
|  \\    /   O peration     | Version:  2.1.1                                 |
|   \\  /    A nd           | Web:      www.OpenFOAM.org                      |
|    \\/     M anipulation  |                                                 |
\*---------------------------------------------------------------------------*/
FoamFile
{
    version     2.0;
    format      ascii;
    class       volScalarField;
    location    "0.003400000";
    object      Xi;
}
// * * * * * * * * * * * * * * * * * * * * * * * * * * * * * * * * * * * * * //

dimensions      [0 0 0 0 0 0 0];

internalField   nonuniform List<scalar> 
12384
(
1.99662
3.26191
4.32999
4.72624
5.33808
5.62128
6.64316
6.99285
7.86805
9.47349
13.2671
10.4133
7.42529
4.7477
11.1856
28.4866
48.9239
66.1152
79.7519
88.9432
96.3194
102.157
108.382
110.816
114.603
105.862
112.286
80.166
75.9595
71.1958
64.407
56.8153
45.3788
34.9647
29.8959
27.3373
29.222
33.5085
40.4651
46.9756
38.1029
24.4974
15.4801
7.80176
37.1704
40.8375
43.5225
48.6975
54.1562
51.6658
50.5602
45.1154
40.9468
37.9105
35.0542
32.9429
31.9968
30.3692
30.2667
29.4942
30.2928
31.0702
30.7058
30.9727
29.9725
28.0173
28.0677
31.6217
38.1451
36.2823
35.8913
31.3969
23.6047
12.3786
44.9487
62.6441
73.219
80.3652
84.2315
90.0832
98.6857
110.428
124.999
140.071
155.197
167.389
175.833
177.992
167.317
156.743
140.09
125.244
115.847
109.238
99.9829
91.6724
80.4139
71.0668
56.1405
42.6754
29.0678
20.1363
15.8935
9.66236
49.0229
67.0576
78.4605
86.4932
89.4934
94.0069
98.1553
102.776
106.318
108.24
110.56
108.944
107.014
107.173
106.004
104.046
105.829
104.788
104.433
100.627
93.5678
84.2332
75.0174
65.7454
55.9696
52.2325
47.1651
34.6541
23.4566
10.5062
27.9171
48.2172
54.8846
64.5146
67.1099
69.8943
72.5005
79.4744
87.1263
104.191
114.658
122.467
125.385
124.22
123.464
122.37
128.492
131.009
131.055
118.666
107.774
101.273
83.5261
73.885
67.8518
57.8144
46.0459
31.7554
19.3029
9.33141
31.0767
48.5925
68.081
70.8081
72.4907
74.124
72.7855
72.0457
70.6897
70.7263
69.1707
77.5916
93.0078
112.019
111.333
126.612
137.852
153.284
166.997
173.211
183.318
171.745
152.052
123.921
96.194
70.3447
49.3905
32.98
20.4236
6.91714
6.28446
12.1769
18.2396
20.6827
22.3749
20.3608
18.204
15.3508
12.6416
10.2586
7.93505
7.16318
7.23351
8.50668
9.43643
9.8428
12.1663
12.4607
13.8429
14.6593
14.2061
14.3114
14.5033
14.3595
13.6911
11.3895
9.32783
7.82729
6.10681
3.72667
3.8637
4.77063
5.33068
5.89757
6.14823
6.17708
6.61092
7.15033
7.87885
8.46104
9.11743
9.2194
9.26414
8.69675
8.28048
7.55514
7.27586
6.54862
5.84887
5.73772
5.84416
3.95617
3.92723
3.05803
3.04048
2.67513
2.4992
2.18731
1.95263
1.81607
2.26027
2.33383
2.72755
2.7929
2.93098
2.93845
3.16473
3.22981
3.21593
3.57044
4.61533
4.97059
5.04073
5.30292
5.27401
5.22098
4.93357
4.61879
4.13205
4.03153
3.79307
3.99519
3.77956
4.01503
3.76538
3.42599
3.2195
2.81466
2.72891
2.63994
4.25732
4.57928
4.68367
5.07128
5.14474
5.09776
5.05085
4.94093
4.9155
4.86755
5.07837
5.08429
5.26643
5.14868
5.22164
5.11221
5.17723
4.8481
4.6796
4.25506
3.35815
3.00434
2.68946
2.59295
2.43824
2.41588
2.27096
2.17427
2.08849
1.94593
5.10497
5.40396
5.55517
5.3659
5.36758
5.31404
5.45571
5.21856
5.57702
5.3182
5.69302
5.55577
5.68514
5.55145
5.33656
4.86008
5.03999
4.74951
4.42006
3.86277
3.55199
3.48222
3.37074
3.30448
3.34042
3.25278
3.23918
3.28482
3.26619
3.31018
2.81424
4.21707
3.89115
4.37369
3.17769
3.43214
2.94247
3.02214
2.73219
2.76223
2.60528
2.62007
2.51983
2.51876
2.47585
1.56768
1.09754
1.01743
1.00094
1.00002
1
1
1
1
1
1
1
1
1
1
2.64166
3.10647
3.97565
4.68133
5.19791
6.6244
7.27984
8.95423
10.5465
13.0789
16.4386
23.4095
12.8032
10.7851
25.4565
46.6133
68.1473
80.7881
91.1626
100.677
109.811
120.918
131.174
139.087
146.232
142.8
134.581
112.063
102.365
88.7697
83.1726
77.4818
69.3814
57.6742
49.0099
45.6915
46.5522
53.1057
64.9931
84.5117
68.8808
43.4135
23.9571
16.336
63.2242
45.484
53.8713
70.7487
82.9807
83.9702
77.2196
70.0972
59.1547
51.2558
43.1716
37.4517
32.5842
28.9729
26.2199
24.5678
24.2004
24.7486
25.5358
26.2798
27.6885
29.4408
32.4623
38.9377
56.3405
55.0273
52.2156
45.557
31.4215
22.6468
65.5144
56.0848
60.3147
63.6779
69.3547
82.8285
103.746
126.569
148.849
169.453
188.753
206.845
223.07
235.091
249.428
251.224
258.679
250.387
240.181
218.933
193.252
166.045
143.153
125.042
110.602
95.376
76.6319
56.6335
39.207
28.4191
75.9863
75.4342
80.1447
82.6435
86.1369
92.097
99.6137
109.717
120.378
132.365
139.434
143.781
145.472
141.705
138.345
130.974
125.659
120.606
118.922
117.283
116.213
110.371
102.013
89.9451
79.3249
72.7928
67.384
52.5951
35.3514
25.5811
53.8271
78.8053
113.965
145.953
177.754
202.524
217.858
216.667
149.335
131.472
126.025
123.804
124.607
129.101
133.887
132.248
138.086
149.031
161.201
172.379
171.082
161.978
143.468
123.931
98.6749
76.4389
59.3899
41.6929
25.5793
18.4075
54.2851
62.0702
75.3556
80.8943
80.806
79.2879
80.2787
79.5313
86.1519
92.7952
104.149
126.604
142.198
145.198
145.866
150.378
161.807
174.306
189.517
199.442
211.68
213.223
210.817
195.124
169.315
130.389
83.3558
50.09
27.5873
16.0372
11.2774
12.4227
17.6307
19.7285
19.5471
18.3926
16.4982
14.8445
12.937
11.0214
9.47693
9.04271
10.0583
12.6961
13.7191
13.9003
15.1953
17.4656
19.7019
21.2181
21.1322
19.739
15.7257
12.675
9.77814
7.62341
6.12327
4.76789
3.84163
5.1141
5.16965
3.12641
3.53075
3.99906
4.33258
4.67721
5.12695
5.72017
6.27621
6.81617
7.09986
7.29786
7.11979
6.83452
6.48081
6.08867
5.70754
5.29582
5.0407
4.78078
3.42166
3.29068
2.77646
2.85215
2.62684
2.38729
2.24068
1.7302
1.58506
2.07439
2.89323
2.00922
2.38429
2.84574
2.97
3.4978
4.11925
4.7491
5.70791
6.38113
11.7682
9.43063
10.3849
9.42704
8.25611
7.22544
6.17135
5.22828
4.56706
4.05153
3.72527
3.63845
3.46455
3.57107
3.32218
2.81439
2.30599
1.9759
1.81861
2.8529
4.86576
2.5671
2.6521
2.89607
3.09928
3.36895
3.48492
3.66535
3.72598
3.87562
4.00798
4.16873
4.20565
4.20409
4.08339
3.93197
3.69007
3.42619
3.12172
2.72468
2.27338
1.94788
1.94259
1.98882
2.02349
2.02254
1.91385
1.83751
1.74184
2.53111
5.52019
2.90501
2.81436
2.80585
2.74495
2.671
2.68706
2.70524
2.79324
2.86308
2.96173
2.84788
2.82098
2.79756
2.82647
2.89982
2.92282
2.83978
2.34997
1.97049
2.34733
2.61344
2.66548
2.65478
2.59561
2.39255
2.23766
2.15127
2.13761
3.4477
3.57883
2.21956
2.42518
1.91815
1.86678
1.76506
1.73938
1.69817
1.66652
1.65509
1.6647
1.71527
1.76668
1.88942
1.93989
1.88389
1.69513
1.16957
1.07814
1.03519
1.00547
1.00001
1
1
1
1
1
1
1
1
2.54925
3.62539
4.9041
6.28726
7.27212
8.44498
8.73676
9.70628
9.53005
11.6199
15.0487
22.0218
25.5373
20.3557
44.5593
66.7519
77.0191
84.6898
94.2639
104.11
113.304
119.633
126.725
133.145
138.026
145.235
150.3
139.509
107.46
94.232
80.3308
66.5401
57.5556
48.7349
41.5069
39.5381
41.303
50.1064
64.9763
88.9143
69.5133
45.8089
28.4569
20.8065
71.9068
52.635
74.4854
104.049
116.476
119.766
116.442
92.054
82.0894
70.0649
59.1042
49.2229
41.1159
34.8734
30.2538
27.0452
25.0872
23.8555
23.174
22.7911
22.6961
23.6927
27.3753
35.0844
52.2427
59.8158
57.3401
50.6537
38.1179
26.224
72.1453
58.3973
61.903
68.4191
83.8387
104.889
121.967
131.852
137.313
142.605
149.172
157.397
166.719
175.342
189.519
198.435
217.964
223.36
230.725
222.099
202.248
179.261
153.859
133.882
115.612
100.984
82.71
64.2317
48.1596
38.9407
86.2458
85.6083
84.9855
87.1331
94.7579
106.978
121.344
136.332
149.882
157.755
163.367
165.114
160.166
153.644
143.688
134.743
126.55
121.865
118.023
117.63
116.483
113.502
104.547
95.3814
88.2914
88.5816
85.5732
71.8672
55.1387
40.5218
70.6464
103.585
142.23
188.331
212.893
229.722
177.136
152.394
138.839
134.497
126.904
118.898
111.501
106.241
105.95
115.514
132.885
154.527
159.93
165.128
168.885
163.474
155.957
137.923
118.084
94.5063
74.4784
51.1292
32.0355
19.7644
63.5856
66.7316
76.1086
81.6893
84.0248
85.6803
89.3593
93.2692
104.43
123.269
151.623
165.609
162.417
154.743
151.036
148.516
154.387
156.96
165.042
167.389
173.304
177.104
176.814
180.077
183.057
183.824
151.713
102.681
58.8073
38.0004
19.7825
26.2991
33.922
35.0446
31.8794
28.0396
22.8591
18.4412
14.5713
11.7128
11.0007
11.4325
13.1778
15.3446
15.1898
15.0789
16.7947
19.813
23.5098
24.2584
24.6405
23.2255
20.9098
18.4515
15.8263
12.6114
8.93129
6.59034
5.2436
6.40514
6.66381
4.05422
4.54396
5.26748
5.72428
6.28781
6.86095
7.62707
8.53141
9.05958
9.33421
9.2321
8.74955
8.29094
7.52556
6.83253
5.90617
5.342
4.92712
4.30563
4.53476
3.22121
3.25468
2.93482
2.6268
2.72907
2.45034
2.13069
1.94228
2.47293
3.33024
2.10038
2.35902
2.45289
2.72383
2.96821
3.64689
4.48851
5.35763
6.36707
10.3855
11.3582
10.7033
10.0683
9.43206
7.94809
6.33076
5.14569
4.29088
3.80504
3.38169
3.13343
3.01785
3.09494
3.0623
3.03039
2.81243
2.29832
2.06663
3.10866
6.17393
2.91659
2.91501
3.08174
3.16087
3.30185
3.44956
3.64936
3.77741
3.98229
4.23044
4.29784
3.98223
3.58199
3.22483
2.95961
2.86405
2.81761
2.83645
2.5616
2.60941
2.20264
2.21968
2.22962
2.26661
2.22777
2.17635
2.05864
1.96231
3.2385
6.38968
2.92822
2.74561
2.61303
2.4855
2.4045
2.46606
2.46007
2.54851
2.68739
2.71914
2.68507
2.66913
2.8478
2.88404
2.82552
2.94493
3.00073
2.5048
2.04234
1.95337
2.15536
2.59639
2.83184
2.78244
2.51488
2.54186
2.43641
2.36592
3.66759
2.88155
1.64961
1.64781
1.5686
1.54878
1.57493
1.62552
1.69588
1.78094
1.97278
2.11203
2.33268
2.38854
2.41407
2.39839
2.34743
2.12397
2.02708
1.54459
1.42158
1.31282
1.13349
1.00651
1
1
1
1
1
1
1
3.08317
5.36728
7.61609
8.96124
10.3804
11.0488
11.7326
11.9475
11.9655
12.1707
13.7618
21.5156
38.3841
35.7469
61.4366
72.9736
81.2027
89.9208
99.0322
106.415
113.339
119.962
124.123
128.7
131.195
131.526
136.604
142.913
124.24
101.752
82.8055
64.8206
50.3835
41.7077
36.1005
34.6247
38.3312
49.8389
67.8656
97.5979
73.5389
49.6895
33.3403
23.7645
72.9273
61.481
92.3951
122.85
136.92
136.785
126.494
89.8582
74.1688
74.4561
70.0242
63.7629
54.1269
45.7232
38.6642
32.8978
28.4716
25.4455
23.5386
22.3013
21.5848
21.8013
25.4024
34.0447
55.2772
65.4597
64.6261
57.5725
47.822
31.1538
78.0916
62.4371
66.7376
82.5554
100.87
112.425
111.396
111.523
115.349
120.835
126.144
128.589
130.552
129.686
135.537
141.171
160.917
176.637
196.355
200.872
196.927
176.916
157.191
133.549
118.785
103.507
88.6561
71.1196
62.901
51.3555
94.0157
93.5123
93.9311
98.6043
113.384
131.156
151.943
167.203
173.525
174.774
173.89
170.334
167.323
157.594
146.319
135.083
127.231
121.277
118.394
117.995
119.658
116.501
110.712
103.296
102.72
104.174
98.4342
86.4191
75.2658
60.5569
88.8514
121.652
173.344
212.522
231.347
166.356
146.719
145.922
140.396
130.776
119.925
105.702
91.3013
80.1853
74.9284
73.8239
80.3471
87.233
123.382
142.178
145.826
150.888
145.878
139.258
126.507
115.575
100.942
76.5579
51.2742
27.9898
73.3232
69.8978
77.7408
83.8508
91.4853
96.9706
105.296
113.112
134.611
170.376
184.494
177.013
163.911
152.918
145.77
143.549
143.395
145.545
148.505
151.888
154.968
160.913
162.401
164.18
167.627
185.865
196.243
166.687
106.381
67.116
29.7127
51.1173
57.1264
56.3533
49.9997
42.4603
33.4926
25.1417
19.6213
16.6652
16.2452
17.0234
18.3313
19.4148
17.7343
17.4453
19.9449
24.1026
27.2326
27.7484
25.7647
22.3272
19.452
16.8806
14.6246
12.7512
11.4643
10.3636
10.1111
8.96273
7.66653
5.4241
6.64186
7.47088
8.50227
9.10472
10.1869
11.3122
12.658
13.3874
14.1302
13.5759
12.6625
10.9735
9.14126
7.0272
5.71256
4.69172
4.0698
3.92022
3.73064
3.95114
4.05332
4.06126
3.63282
2.75725
2.29941
2.36066
2.28197
3.24609
3.74806
2.34147
2.34019
2.58785
3.00904
3.72935
4.44313
5.20524
5.98533
6.98056
9.13684
12.4695
11.372
10.5922
9.27478
7.9864
6.75755
5.70857
5.0155
4.32022
3.51643
3.25819
3.11831
3.00343
3.00737
3.05119
2.98907
2.81888
2.46599
3.92106
7.69098
3.356
3.45064
3.42757
3.44998
3.52148
3.81107
4.01814
4.34966
4.56439
4.74813
4.79209
4.58618
4.24949
3.61422
3.25028
3.0243
2.7146
2.63054
2.56561
2.46626
2.27752
2.20557
2.19016
2.2479
2.25739
2.21021
2.20351
2.13359
3.90716
7.02829
2.95944
2.53401
2.33847
2.3274
2.34519
2.3242
2.3518
2.32549
2.37238
2.51621
2.66525
2.92437
3.06015
2.89646
3.22703
3.18093
2.89867
2.70065
2.22822
1.99784
2.02017
2.23285
2.50082
2.64787
2.54205
2.37988
2.56375
2.64709
3.88081
3.62198
1.79088
1.77643
1.98634
2.06555
2.0378
2.00584
2.0133
1.99516
1.98191
1.98991
1.97783
2.01204
1.99207
2.02252
2.03075
2.05183
2.13879
2.04658
1.88882
1.8527
1.93491
1.32155
1.12556
1.00001
1
1
1
1
1
4.39396
8.38055
10.7052
11.8354
12.5705
12.932
13.3135
13.6941
14.1554
14.3308
14.7191
19.0937
34.5088
62.0487
66.9314
77.0736
86.4852
97.4832
107.615
98.3417
99.6385
113.07
118.903
121.98
123.054
121.854
125.381
129.174
132.674
109.563
82.5034
64.5328
48.6344
37.5699
32.4255
31.7751
37.1146
50.7473
74.8983
104.323
83.2035
60.634
43.4186
32.714
77.2996
67.9378
101.467
140.504
151.179
142.343
104.148
67.3769
56.5345
56.8875
63.5007
62.3849
58.7835
50.241
40.9656
33.5724
28.4511
25.0742
22.9668
21.7288
21.3936
22.6234
27.5783
37.1347
59.7521
69.957
74.6111
68.9629
61.3873
41.8534
84.1083
68.0248
79.7169
97.1852
104.685
99.6679
101.591
108.881
117.102
124.747
130.359
131.658
128.815
118.752
110.227
103.439
113.635
131.904
155.494
173.689
174.209
168.524
148.905
133.506
118.624
108.985
95.7908
86.3193
86.8561
71.5493
100.941
103.233
106.266
120.054
141.593
163.52
186.096
194.095
192.373
180.614
170.576
162.575
155.528
150.239
141.153
131.943
125.312
121.01
118.884
122.157
125.132
124.297
118.76
117.242
116.374
111.568
103.542
96.8663
91.5334
86.5023
117.576
142.543
196.208
227.812
163.156
145.846
141.883
144.653
141.113
135.276
121.733
106.218
89.2009
78.8049
74.0943
75.2492
75.9693
85.2553
97.334
124.616
139.726
136.263
135.568
130.077
124.461
120.977
123.06
117.4
93.2041
50.6545
86.1032
73.7863
81.3386
93.3273
104.445
114.599
123.553
140.25
175.521
194.442
187.312
169.36
157.342
149.081
145.639
142.819
144.393
145.768
148.863
152.081
153.956
154.079
156.062
155.64
155.168
164.505
192.3
196.585
153.473
94.3254
52.8248
82.6888
83.6418
85.3658
78.1688
65.2301
50.8818
38.8649
31.9163
27.9559
27.2001
27.5436
28.7999
27.0981
22.8206
22.177
25.2334
28.9588
30.5417
29.0829
28.2459
27.673
26.6625
25.0412
23.3105
21.2408
18.5561
14.1566
11.4429
15.8389
9.57807
7.02535
7.69898
9.25059
10.4663
12.2021
13.8045
15.572
15.6355
18.2515
16.196
14.6797
12.2895
10.3587
8.38173
7.07918
5.98676
5.31978
4.66148
4.55783
4.44263
4.54022
4.58379
4.54036
4.13777
3.22336
2.47273
2.20372
2.38052
3.79314
4.89078
2.51648
2.51334
2.79317
3.74978
4.83252
6.09801
6.42857
7.09629
9.53949
10.8239
18.4067
14.2306
14.3323
11.9842
9.49643
7.37177
5.66011
4.47916
3.68521
3.26867
3.25048
3.33176
3.04855
3.0398
2.97263
2.966
3.02621
3.12238
5.11454
8.67158
3.81535
3.77388
3.68687
3.58813
3.81207
4.19147
4.72002
5.14603
5.50461
5.70364
5.61443
4.76225
4.56247
4.07919
3.30635
2.78902
2.46034
2.50423
2.29396
2.37112
2.26599
2.13685
2.1092
2.07177
2.1122
2.15295
2.2722
2.38961
4.62664
7.59746
2.81987
2.4494
2.45909
2.49431
2.51098
2.55982
2.55293
2.54537
2.49151
2.51497
2.56265
2.66622
2.82373
3.06694
3.15437
3.17965
2.83151
2.89744
2.44609
2.12221
1.95022
2.02398
2.21571
2.49548
2.4565
2.50108
2.50802
2.87313
3.8425
2.89967
2.00181
2.0869
2.02355
1.95352
1.91518
1.89987
1.89837
1.89193
1.87641
1.86372
1.85531
1.83616
1.84138
1.82704
1.83154
1.82998
1.85029
1.87885
1.86626
1.80022
1.72483
1.72594
1.85304
1.20389
1.0003
1
1
1
1
5.68717
11.7702
14.4313
14.8886
14.6695
14.0956
14.1739
14.6887
15.7555
16.8621
17.6741
19.4722
30.1609
89.5503
89.244
85.1246
95.2876
88.9156
76.894
67.5635
67.1513
72.6833
91.403
108.124
112.214
113.596
116.37
124.695
117.18
114.447
87.311
63.1855
46.973
35.3248
30.0254
31.0747
40.5672
57.8937
87.5167
117.851
104.206
84.3578
60.8955
44.4808
76.4272
80.1163
117.255
149.474
150.503
134.291
71.007
47.7645
42.9707
44.3109
46.377
47.7937
42.7724
36.3964
31.2115
27.3272
24.705
22.9711
22.2663
22.9021
25.3228
29.7853
35.3192
44.7925
65.4954
76.9308
85.8297
84.6091
77.3335
57.1472
93.8683
79.8156
96.2913
101.033
92.7522
95.9501
105.313
115.542
125.686
133.67
139.458
143.88
142.373
135.18
121.501
103.5
96.8656
103.124
126.693
142.186
154.28
147.863
141.528
128.085
121.376
111.688
103.39
99.4305
107.013
89.1171
112.987
112.871
124.805
146.27
174.881
200.105
219.2
220.722
212.26
195.147
176.494
163.491
152.814
146.821
139.728
132.51
126.482
124.816
127.015
133.834
137.346
135.115
131.654
127.458
121.144
113.994
108.211
105.094
106.438
109.725
145.654
160.033
215.465
160.61
137.015
133.964
136.488
135.988
138.177
136.723
129.372
114.04
99.6722
90.8402
91.6976
98.8898
104.232
112.745
103.762
97.3865
89.5259
83.912
81.7685
73.4292
83.2564
117.195
131.27
156.326
149.795
92.1147
103.73
81.6155
95.7726
110.163
123.451
132.952
145.835
176.42
197.954
193.419
175.556
162.414
154.485
148.971
146.257
147.089
148.18
151.842
153.616
156.964
156.909
157.095
151.216
147.009
143.241
145.538
171.736
195.222
175.139
117.702
88.7467
113.066
123.079
127.442
114.615
96.0183
78.3523
64.4483
56.8119
52.1341
51.7922
53.4184
52.9473
43.3307
33.7641
31.1732
32.6218
35.3005
38.7004
42.0443
44.6217
45.5651
45.4508
44.5604
43.8606
42.4627
38.1439
27.5607
19.1082
17.265
10.2494
9.49858
11.8227
13.6367
17.5384
17.8122
17.0248
17.1801
19.4539
21.232
21.9188
17.155
13.5474
11.4088
9.59935
8.15787
7.02436
6.24916
5.81034
5.5898
5.70258
5.64131
5.62095
5.38507
4.89791
3.48762
3.04039
2.2945
2.20212
4.31988
5.51234
2.73417
2.58671
3.11522
4.42233
6.00141
7.12098
8.17484
9.53931
11.115
15.4241
19.9084
17.497
17.759
15.182
12.1344
9.08883
6.51326
4.94743
3.89555
3.14899
2.74723
2.64605
2.77564
3.01805
3.06634
3.03838
3.30429
3.74601
6.9228
10.0119
3.93562
3.80492
3.59709
3.75206
4.06183
4.31237
5.06771
5.5004
5.77663
6.1081
6.48785
6.21612
5.72808
5.52814
4.66665
3.4783
2.89138
2.47868
2.26378
2.3137
2.26235
2.25256
2.11719
1.95683
1.98873
2.03288
2.22188
2.57895
5.25604
8.12037
2.95563
2.61406
2.54219
2.60198
2.73139
2.82605
2.78779
2.87086
2.79468
2.86294
2.79884
2.83537
2.81559
2.89534
3.01685
3.28427
3.14642
2.75969
2.58434
2.2355
1.94789
1.82613
1.90151
2.14073
2.41737
2.5333
2.73953
2.97791
3.64141
2.42531
1.93744
2.11913
2.01176
1.96156
1.87611
1.84881
1.82141
1.81868
1.80428
1.79745
1.77796
1.77171
1.74621
1.74226
1.72159
1.71499
1.70182
1.70579
1.71426
1.74239
1.69836
1.61993
1.61837
1.66741
1.20739
1.00003
1
1
1
7.41346
16.4343
20.1197
19.414
18.1857
17.0502
17.2532
17.6792
21.6027
25.6884
26.8874
25.3709
32.0517
83.2988
112.282
88.5944
76.5004
58.8623
43.8422
37.2797
37.2284
46.1138
60.5297
81.9998
102.225
106.719
112.897
123.611
119.166
105.235
88.9913
64.3607
42.3462
33.091
30.1616
35.2627
55.1015
87.0361
123.022
126.221
122.095
111.44
84.8583
60.0015
85.7749
97.8685
132.157
147.309
144.339
99.6805
56.3985
42.5316
38.449
35.6726
34.2779
33.2114
32.5369
30.7624
28.6034
27.2072
26.099
26.7727
29.8095
35.1241
42.1894
46.5514
53.1203
62.6359
80.5006
87.904
101.462
104.567
95.881
75.7065
109.674
98.8042
105.9
93.9388
93.4535
102.524
113.626
123.906
131.133
137.239
144.786
153.168
157.616
154.747
143.394
123.228
110.743
108.414
115.077
129.609
136.254
138.747
132.677
128.386
121.867
117.342
113.084
116.924
118.254
106.155
129.918
128.783
146.609
172.526
199.574
221.587
236.387
241.659
239.138
221.645
204.306
185.791
172.433
162.449
153.853
145.845
142.75
142.881
150.134
154.068
152.363
146.321
137.998
125.285
113.601
105.659
103.32
107.895
114.198
134.301
164.125
182.724
222.938
126.722
119.311
128.875
121.751
119.441
121.967
128.926
132.904
129.541
116.694
119.072
144.758
194.364
246.025
242.809
227.771
211.574
184.139
131.627
89.2349
73.7847
69.4408
83.8763
138.615
177.584
203.442
141.139
128.667
103.814
119.895
132.734
142.244
152.211
175.025
200.264
200.284
182.036
165.918
155.901
148.53
144.959
145.327
146.226
150.945
153.691
159.244
161.1
162.95
160.137
156.069
142.661
136.691
134.821
168.715
185.958
166.298
130.933
129.122
140.916
157.328
161.887
148.226
134.951
118.485
106.239
101.38
100.597
107.134
113.203
104.079
78.182
60.773
53.0188
50.775
54.176
61.4539
70.2473
73.9773
75.3845
75.0755
75.8402
78.3654
77.9171
70.1271
49.3274
32.9698
28.7195
15.0553
11.5488
12.1449
14.1152
16.5428
19.9368
22.4107
25.3743
24.9977
23.4096
20.4997
18.1354
16.2185
14.3681
12.3871
10.3155
9.05171
8.39924
9.05335
9.17938
8.96254
8.52254
7.93826
6.96946
6.22372
3.79656
3.11047
2.65853
2.28058
4.73946
6.79909
2.95727
2.8236
3.29188
4.7501
6.59699
8.35653
10.0605
11.041
11.6096
11.4921
12.0452
13.1079
13.5737
14.4961
14.8299
12.7266
9.20566
6.049
4.17015
3.08846
2.83918
2.48775
2.29814
2.45635
2.97954
3.25756
3.56036
4.36242
9.08693
10.1445
4.31297
3.73276
3.73901
3.8862
4.00702
4.66413
5.03439
5.21157
5.53709
6.22699
6.71419
7.0745
7.68685
7.38794
6.11234
4.9244
3.38551
2.86073
2.44333
2.3482
2.18984
2.36665
2.13855
2.0091
1.90584
1.94012
2.13878
2.50354
5.71096
8.16791
3.44367
2.8364
2.6934
2.72115
2.95786
3.27126
3.37779
3.6026
3.38714
3.34664
3.20878
3.17639
3.1147
2.91625
3.0377
2.91633
2.76706
3.01032
2.55434
2.29911
1.9745
1.73501
1.66414
1.78964
2.01691
2.54494
2.69254
2.92012
3.56307
2.37
2.02829
2.1338
2.11019
1.96428
1.89339
1.82597
1.80051
1.76521
1.75219
1.7279
1.72188
1.70564
1.70078
1.68187
1.67054
1.65256
1.63789
1.61835
1.61936
1.61333
1.63823
1.64787
1.5292
1.62
1.53917
1.14996
1.0005
1
1
9.52756
22.4829
26.3647
24.9776
24.1153
23.1913
23.3517
25.283
37.9026
53.2025
57.0325
44.3398
42.2155
87.4705
131.337
95.3896
62.3272
39.4722
29.8314
26.967
31.0437
40.1578
52.4795
66.2194
86.5476
98.2831
110.655
110.792
114.01
107.724
80.6342
55.9894
37.7284
31.7856
38.5403
61.345
96.6958
125.424
114.451
110.637
118.311
122.82
105.269
86.9883
126.692
121.873
133.72
143.25
135.026
100.838
80.6544
73.2788
75.5794
72.5407
73.0069
68.3061
65.8112
58.4013
49.7426
47.0647
45.9498
50.2895
60.1505
75.5923
83.1158
81.1497
79.0509
82.5044
91.3657
101.986
118.445
122.939
115.12
94.337
130.253
111.612
102.337
91.2998
98.4465
108.91
120.176
127.336
132.898
141.984
152.197
167.081
178.804
179.881
169.872
152.451
137.638
128.446
128.984
132.822
140.406
138.933
138.86
133.658
131.118
128.624
129.112
125.103
118.367
122.491
154.621
147.603
164.683
182.051
196.936
209.675
222.774
236.766
245.578
246.019
234.113
218.934
204.116
191.535
184.08
179.067
177.934
179.877
177.527
168.652
151.751
132.413
111.066
96.2575
88.6777
86.4668
91.1835
99.8152
118.283
163.047
191.549
203.961
187.824
111.849
108.638
120.804
108.358
100.144
100.408
111.59
133.14
147.902
151.855
169.977
246.516
265.408
263.961
259.371
257.075
240.872
223.975
196.183
168.762
148.289
138.058
137.458
150.619
190.002
241.773
197.005
159.919
126.486
141.137
152.449
159.649
175.475
201.205
203.259
186.618
169.422
154.512
144.68
139.128
138.942
140.244
145.098
148.771
155.829
159.495
164.336
164.255
161.709
155.756
145.329
130.989
146.121
173.983
181.078
152.209
141.39
186.057
170.706
181.114
179.84
177.948
168.812
161.893
153.796
153.66
157.959
172.987
176.52
152.05
119.588
106.172
97.1488
90.6647
91.4603
99.7868
107.929
113.38
112.249
111.066
114.518
123.196
125.229
112.067
77.0581
48.1545
46.0325
17.0621
15.4097
17.0837
18.0617
22.1812
25.0431
31.6943
32.7992
32.278
28.5414
26.4875
25.1743
23.0929
21.0013
18.0632
15.5846
15.4369
16.9765
19.4191
19.4824
17.571
15.5088
12.5869
10.5359
8.50483
6.26292
3.60335
2.92296
2.51782
6.68759
10.7969
3.42643
3.09091
3.90382
5.43309
7.34383
9.34345
12.6332
13.767
9.661
9.91481
9.78419
10.9543
13.7434
15.2158
14.3839
13.5523
11.7855
8.90882
5.63688
4.04904
2.90133
2.56644
2.42309
2.27068
2.45955
3.06909
4.01158
5.09902
10.3641
10.7556
5.06543
4.31758
4.36277
4.4591
5.40786
5.82144
6.32429
6.6444
7.01675
6.05323
5.53336
6.7857
9.37677
9.6464
8.67157
6.10394
4.48764
3.20916
2.88492
2.58374
2.46079
2.41579
2.177
2.07859
1.9322
1.93428
2.01533
2.35855
5.48056
8.0593
4.47911
3.65006
3.37769
3.65481
4.01878
4.3968
4.81478
4.80656
4.67541
4.22825
3.76396
3.57813
3.45502
3.06137
3.19886
2.67089
2.94437
2.41159
2.50388
2.14648
2.08075
1.74026
1.59629
1.57738
1.7004
2.09893
2.56675
2.7428
3.46931
3.52825
2.23186
2.26686
2.10822
1.99799
1.87088
1.81563
1.76688
1.74799
1.71554
1.6995
1.67666
1.66711
1.65296
1.64357
1.62732
1.60558
1.59131
1.56716
1.55854
1.54464
1.54735
1.55845
1.57655
1.46649
1.54879
1.48656
1.08736
1.00001
1
12.0188
27.6063
31.7393
29.4936
27.0356
26.166
26.5523
35.1052
58.7693
73.5456
86.8867
82.1479
62.1873
108.367
176.158
172.089
132.857
98.4835
55.8268
33.9077
24.8119
24.4657
29.7099
40.8808
53.0054
66.411
80.0657
94.4901
113.148
112.169
109.89
94.3141
62.713
43.0555
37.9935
47.1095
75.6692
119.535
121.001
101.613
93.722
101.008
114.445
121.616
116.886
117.572
153.396
163.289
127.072
124.362
134.384
139.845
138.9
137.058
134.259
129.635
126.529
121.379
116.504
112.091
108.261
104.156
101.795
101.666
104.944
107.309
105.63
100.054
97.4936
93.3501
90.4151
89.6956
99.3359
116.683
134.575
143.424
132.654
117.755
157.947
185.934
142.351
122.411
99.7612
98.7992
106.256
115.777
123.957
128.998
138.799
149.212
164.552
184.837
204.504
213.374
204.435
191.555
173.372
162.45
153.021
153.31
154.402
155.244
154.161
153.588
150.172
145.481
135.714
122.187
114.217
124.573
176.615
203.088
186.445
174.929
176.614
178.058
180.476
183.963
192.238
201.622
215.723
230.62
239.468
241.264
237.725
231.195
224.048
213.691
201.479
185.194
164.438
139.093
114.66
100.425
92.6199
89.9279
88.6714
90.3388
92.9115
103.482
131.459
149.312
176.403
196.809
210.457
227.882
189.998
104.285
99.5851
113.52
102.429
95.2017
89.1823
100.565
127.505
160.986
182.735
212.791
269.872
269.081
271.688
277.863
281.924
283.804
267.361
255.283
230.855
208.213
192.515
181.029
184.406
219.21
277.556
281.36
215.462
227.254
169.788
160.37
166.736
173.105
185.468
203.007
206.037
192.476
170.029
150.456
136.988
130.968
129.177
130.486
135.784
139.419
147.372
150.827
157.358
157.869
158.991
155.34
152.445
143.94
132.677
137.741
179.228
190.409
174.087
139.788
128.447
159.732
172.432
189.515
188.349
189.301
194.235
199.018
195.29
193.406
195.247
206.245
217.944
209.672
172.216
153.165
149.7
146.035
139.658
137.138
138.582
142.628
140.683
141.265
141.888
149.182
164.104
170.904
154.813
105.627
60.0931
39.4609
41.7061
45.9866
79.8117
31.9876
20.9862
22.3513
24.4395
28.4429
33.9123
37.2865
38.3183
40.4464
41.759
41.5687
40.7027
36.9983
33.1084
32.8757
36.8657
41.7418
42.9663
41.6361
35.0877
30.0899
21.5937
17.0405
12.7822
10.1147
5.27549
3.57725
3.04955
5.58974
12.5931
14.654
9.13495
4.82683
3.78377
4.84763
6.73623
9.69512
12.5135
14.9954
17.8612
17.9119
21.4067
22.0249
28.0528
29.0472
25.7454
22.1285
17.4337
14.5378
12.2503
8.54282
5.59885
4.07617
3.3074
2.71692
2.53763
2.56301
2.74885
3.89259
7.02746
22.8052
38.982
22.4059
11.3168
7.36177
6.14658
6.81071
7.97747
9.22769
12.6775
14.0452
15.8303
16.3787
16.9063
12.1574
10.1719
12.0506
13.8526
11.7606
7.99344
5.38361
4.1447
3.35482
3.03603
2.7183
2.62224
2.44957
2.25998
2.07622
1.96709
2.07739
2.51255
4.93197
19.4674
9.09294
5.78657
5.85698
6.84583
6.72724
6.90216
7.46093
7.17155
7.68152
7.11964
6.50564
5.40714
4.55091
3.98168
3.34761
3.43153
2.90193
3.04833
2.61669
2.71321
2.26321
2.20692
2.01443
1.81471
1.61207
1.51824
1.55083
1.74725
2.28531
2.92267
3.38378
4.30867
2.4653
2.46127
2.42381
2.20687
2.12497
1.95275
1.8644
1.78619
1.75778
1.72139
1.71094
1.68192
1.67234
1.64721
1.6388
1.61726
1.60722
1.58288
1.5652
1.53786
1.51759
1.4976
1.49143
1.48399
1.40978
1.46932
1.3482
1.47784
1.09333
1.00019
1
1
1
14.1446
29.6479
33.7856
28.1147
23.3329
22.5377
26.2981
37.9696
61.8346
75.8038
90.202
114.626
89.7463
129.834
177.077
151.35
131.198
83.5534
54.0338
32.2736
23.9357
24.1737
29.5087
39.7953
56.1563
72.7596
92.9389
105.369
116.824
107.467
84.368
63.134
49.2086
47.6291
61.7918
101.42
140.737
122.595
106.531
98.8341
98.2139
102.546
112.461
117.884
118.576
117.205
112.451
116.997
123.53
131.179
141.813
150.093
154.405
153.488
150.943
148.556
145.562
145.328
141.899
140.652
140.309
142.329
146.867
149.177
142.643
130.796
127.759
133.099
136.769
132.874
122.865
114.238
119.118
136.019
158.312
164.98
147.671
134.856
144.004
160.16
149.681
117.85
104.715
105.789
112.424
119.696
124.221
132.932
143.231
159.164
177.542
201.505
235.05
250.271
244.712
232.473
217.029
200.991
192.709
184.635
184.879
182.451
182.066
178.398
170.262
154.967
140.444
131.459
135.723
158.652
195.928
215.623
208.499
186.989
177.76
173.142
171.523
175.843
176.725
180.476
182.027
184.722
188.33
192.79
196.817
196.335
190.732
179.019
160.301
141.944
126.238
115.864
109.976
107.98
107.679
107.049
107.655
105.519
109.594
122.26
135.878
147.767
154.208
195.68
231.209
243.741
198.766
104.98
97.3197
105.681
107.211
96.1621
90.3747
96.447
120.202
157.389
195.419
243.387
266.383
267.327
274.139
286.025
300.447
301.668
306.119
294.93
290.43
272.839
259.259
248.767
254.2
274.678
293.258
251.425
200.994
208.168
197.736
186.922
188.001
197.742
210.402
210.302
189.81
166.142
147.59
130.409
117.951
114.334
116.261
123.568
128.495
137.822
140.652
146.87
146.369
150.192
147.063
148.08
141.359
135.476
124.876
123.01
153.076
179.201
167.37
121.215
121.864
154.214
189.764
187.954
186.388
190.888
202.137
209.398
215.378
220.211
224.906
235.748
233.436
200.782
175.494
172.04
171.627
168.846
164.272
157.548
156.682
150.998
149.854
145.125
151.396
170.114
192.511
202.336
186.186
128.87
74.7001
41.0963
28.192
36.7422
77.3769
35.9998
30.2682
29.938
32.5227
36.6572
42.7869
48.5448
53.4215
57.822
62.0052
64.8064
64.7671
65.3112
67.0165
75.0832
82.1488
87.486
84.0595
78.3672
62.5023
53.0348
37.1143
21.2592
13.8626
8.81236
7.48361
4.77688
3.97345
5.20037
7.10101
8.6111
9.79066
8.08515
6.15807
6.06227
8.35243
11.3665
17.3126
20.1911
32.3073
49.7829
56.2827
100.844
92.7271
80.3953
64.6947
46.8396
34.2755
24.174
17.0208
15.2044
8.91574
5.92002
4.52888
3.86804
3.34426
3.01315
3.30809
3.66734
5.46909
18.5864
38.5592
36.8362
36.9151
32.0225
26.8897
23.5551
22.724
22.3206
23.1435
28.6115
33.4915
36.4975
33.329
33.4159
20.0902
23.7787
21.0181
18.0625
11.3327
5.9612
4.13335
3.61728
3.27053
3.08944
2.84396
2.75119
2.56892
2.37194
2.24029
2.23909
2.50772
4.19913
11.1374
13.5959
11.6127
10.4804
10.7468
16.0839
15.7869
15.3441
15.0055
12.8132
10.9283
8.40582
6.66946
5.26954
4.21088
3.9945
2.97288
3.2171
2.65263
2.93927
2.39219
2.47051
2.05546
2.10753
1.84172
1.70938
1.55005
1.49707
1.55611
1.8738
2.30909
3.08537
3.67423
3.33249
2.94169
2.36847
2.24065
2.03517
1.9239
1.80903
1.77945
1.73729
1.72564
1.69828
1.69185
1.66656
1.65929
1.63516
1.62613
1.60219
1.58887
1.562
1.54468
1.50947
1.49
1.46531
1.37685
1.39558
1.29537
1.3274
1.30398
1.50837
1.04583
1.00001
1
1
15.3621
28.2453
31.1479
23.0409
18.1159
17.4422
22.5469
35.3916
61.0167
75.1029
81.4722
97.8569
112.763
168.048
148.721
113.234
83.7769
76.6222
56.1285
35.1539
24.8057
24.3881
28.288
36.5553
49.4649
68.1949
82.6378
91.712
84.345
72.3629
60.0861
55.3356
63.1458
81.8222
122.534
158.053
137.058
124.316
122.057
120.521
119.492
122.537
125.389
125.585
120.971
116.594
117.128
124.891
135.454
145.898
157.379
164.323
165.606
166.634
170.658
177.112
181.39
183.704
187.409
189.339
192.412
194.657
189.724
175.272
162.675
163.611
176.424
188.167
192.298
187.042
175.947
167.377
167.175
181.587
193.164
185.641
166.804
161.822
167.561
165.442
140.181
116.515
111.682
112.875
117.104
120.638
126.303
133.151
146.865
165.308
185.773
214.022
253.452
283.81
289.165
270.99
261.288
242.963
234.546
231.912
226.909
222.537
213.868
199.669
181.328
169.897
165.735
175.214
194.145
215.873
231.52
229.39
210.723
175.529
174.738
166.701
167.849
167.893
172.167
172.447
172.178
169.017
165.736
161.573
158.888
156.235
152.887
149.554
143.602
139.463
134.562
134.187
135.155
134.615
136.575
133.314
136.299
133.104
144.718
147.649
157.023
167.005
183.917
218.084
241.615
246.759
222.899
113.254
97.429
100.854
105.007
105.996
102.775
119.557
133.964
140.738
194.146
248.166
257.236
259.647
266.176
277.922
292.001
306.355
310.939
321.647
315.143
311.263
302.519
293.324
283.678
273.444
251.854
234.843
228.456
229.736
221.782
219.357
223.228
225.836
214.071
191.281
171.266
147.605
124.821
111.146
107.992
108.701
114.976
117.073
123.608
127.384
133.393
134.801
141.104
138.252
139.285
133.933
134.46
132.349
127.642
120.135
144.847
159.782
138.641
105.293
107.261
136.324
168.014
172.467
175.869
184.682
195.26
209.413
222.496
227.109
237.914
238.76
214.156
184.291
176.675
175.516
173.197
169.211
163.066
157.895
152.149
146.999
141.022
141.065
152.152
175.55
205.984
218.034
199.126
136.446
91.2069
50.166
35.7889
46.7697
63.6422
47.107
44.4272
44.5691
47.5979
52.1805
58.4704
65.4492
73.4866
79.5398
88.3792
93.2124
100.507
107.641
121.92
134.514
142.845
147.169
137.621
124.45
100.508
82.0699
58.1594
24.2248
15.9749
9.163
7.0167
6.22696
5.08958
5.7301
7.87037
9.9258
11.4911
12.5788
13.1182
13.2326
12.4162
15.346
22.2132
29.3205
61.1721
74.0776
114.54
156.643
182.908
188.49
151.407
105.769
67.7127
43.1867
30.9031
23.4707
14.6062
8.8853
6.40932
5.35762
4.80543
4.5647
4.46447
4.85788
5.49642
9.23734
19.8095
30.907
38.1129
41.2789
43.2556
47.6162
51.1137
54.1859
56.6163
59.2614
60.4535
63.5773
58.8799
46.7437
50.15
32.0198
22.5877
18.1321
9.17527
5.753
4.93621
4.08701
3.72049
3.40029
3.20245
2.98482
2.89801
2.76012
2.61639
2.6366
2.78605
3.62017
6.43175
9.49185
10.9067
13.2049
15.4015
17.3634
17.5121
18.3364
15.4973
13.7319
10.9116
8.82028
7.00221
5.30256
5.17109
3.44337
3.44071
2.62831
2.71151
2.34533
2.4808
2.1448
2.17413
1.92355
2.01646
1.74771
1.63961
1.52517
1.50742
1.60023
1.87333
2.63373
2.99168
2.98359
2.51364
2.35045
2.12725
1.99929
1.85056
1.81347
1.7596
1.74567
1.71816
1.71364
1.69069
1.68601
1.66325
1.65871
1.63381
1.627
1.59905
1.58537
1.55383
1.5288
1.49547
1.37604
1.3809
1.27945
1.28732
1.24018
1.28624
1.28827
1.04995
1.00001
1
1
15.189
25.4221
24.4389
18.5549
17.0404
16.8794
19.7429
31.1204
54.5463
84.7132
90.9378
87.9678
101.612
116.938
100.115
82.5102
71.403
67.5758
59.9145
42.6432
28.1557
25.9993
28.655
33.6117
40.1663
48.4009
56.8478
61.0769
62.7648
64.1545
68.8405
86.4237
103.809
143.636
169.091
150.125
142.641
145.132
145.43
148.189
153.372
154.71
151.974
142.595
133.457
129.706
133.4
143.002
153.186
163.477
171.377
174.101
176.353
182.4
188.068
207.305
218.769
224.532
228.206
229.749
224.493
213.117
197.446
184.965
184.845
195.283
209.864
223.064
231.89
233.898
231.734
226.824
226.127
226.073
220.124
206.203
194.738
187.973
178.791
157.751
133.631
119.118
115.398
115.522
117.74
120.462
124.276
132.545
146.121
164.61
190.389
217.221
257.202
304.285
329.936
315.052
307.8
292.541
291.046
279.983
271.51
256.964
234.968
211.475
198.341
195.41
205.834
219.965
232.783
237.431
233.877
222.297
170.005
153.377
163.821
157.713
153.674
157.733
161.319
165.535
166.702
166.571
163.558
161.291
160.131
159.602
159.537
159.307
158.37
158.525
160.17
161.068
164.375
161.819
162.63
160.656
167.903
172.129
177.931
189.517
191.346
199.852
217.818
236.04
247.826
242.892
209.522
130.451
100.475
95.3309
97.0992
89.2693
92.1705
140.923
155.009
137.06
162.543
247.093
246.047
247.482
253.543
260.714
271.929
283.151
301.963
311.071
325.102
326.669
318.465
305.352
293.272
275.655
264.011
255.986
255.555
258.03
258.301
255.743
240.748
221.414
193.244
168.863
138.882
117.603
100.251
91.3236
91.8871
100.926
108.879
119.106
124.874
129.88
129.06
131.799
129.471
129.275
126.172
123.395
121.081
121.85
120.498
116.526
119.224
128.686
102.766
90.7675
92.1852
109.802
135.364
151.704
160.21
167.452
182.902
198.578
209.992
226.436
232.477
211.119
183.172
172.841
169.151
167.094
163.206
157.532
152.176
146.658
146.148
139.645
139.043
141.86
151.374
178.351
206.122
221.864
178.025
136.627
101.846
63.3106
47.2081
51.852
64.2449
59.6623
59.5231
61.4049
63.9102
69.3199
75.9591
85.1696
95.1931
106.82
117.985
131.614
143.9
162.736
177.841
194.279
201.521
202.678
190.979
171.033
139.531
116.115
81.5514
29.079
19.6968
11.0642
8.132
6.69953
6.58345
6.49594
8.45336
11.3092
15.1197
17.8887
25.4873
26.2461
33.2879
31.4729
39.8012
58.6872
79.557
102.562
161.758
203.755
228.381
247.21
229.214
182.74
117.676
77.4918
50.3918
40.5667
22.0766
12.9875
8.93762
7.36508
6.52419
6.32355
6.23173
6.55188
7.25272
9.0074
12.6441
16.8741
21.6255
26.9322
32.3196
38.1468
46.0435
55.3892
66.3357
77.9323
81.2908
87.7275
86.3426
82.1603
51.6895
34.1952
29.6636
13.9494
9.35871
6.64679
5.02193
4.52757
4.03108
3.83681
3.56832
3.40956
3.2117
3.18295
3.08195
3.0365
3.24711
3.66734
4.60712
7.06248
9.73804
10.9468
12.3585
14.0407
13.18
13.9725
13.4215
11.5905
10.4158
8.58614
5.99183
5.8593
3.86784
3.79819
2.86616
2.83967
2.43216
2.42814
2.18164
2.17504
1.98612
1.97585
1.79869
1.90592
1.68091
1.58347
1.52333
1.54915
1.60879
2.09564
2.10923
2.42779
2.12424
2.16381
2.07255
1.91396
1.85912
1.76745
1.76417
1.73739
1.73663
1.71371
1.71202
1.68961
1.68968
1.66827
1.66436
1.63791
1.63179
1.60025
1.55576
1.54863
1.40673
1.39473
1.30133
1.29931
1.23537
1.24716
1.2289
1.32545
1.06002
1.00002
1
1
14.2565
20.7086
19.4539
18.0184
19.0064
19.1153
20.5761
28.4917
44.135
71.5911
100.387
111.277
110.123
106.75
96.9908
84.3303
61.9691
55.6693
61.4373
55.0231
39.3876
33.9086
34.3955
37.7658
43.5861
51.1596
59.8477
71.5455
83.9922
96.7469
123.825
133.907
152.249
162.314
155.125
149.822
153.417
154.61
157.683
165.125
171.682
173.049
168.404
159.265
152.028
147.159
150.35
157.205
165.714
173.949
178.552
181.991
185.075
187.448
163.731
183.001
224.016
229.63
230.074
224.126
215.557
203.489
195.14
193.312
196.714
204.961
217.306
231.695
245.347
253.519
261.086
261.43
259.583
251.199
239.969
228.525
214.682
197.961
175.809
151.675
132.615
122.041
117.818
116.016
117.11
117.619
121.306
128.031
138.579
143.253
182.863
213.132
245.342
291.844
347.4
343.056
352.065
334.728
329.503
312.49
290.512
264.421
237.056
220.649
213.512
217.74
224.297
232.493
234.893
230.353
218.469
184.113
153.535
140.056
135.266
135.335
131.391
132.625
139.932
148.083
155.003
158.017
160.402
160.958
161.759
163.791
166.923
170.387
173.004
175.666
177.852
178.34
181.649
177.942
184.905
180.968
200.898
210.359
215.38
226.836
226.988
233.57
244.532
252.984
249.939
232.816
199.886
159.665
103.342
94.2887
82.0197
86.1758
105.233
130.954
140.375
131.755
148.667
225.226
234.363
234.523
237.583
243.104
247.08
255.99
262.493
278.742
289.256
303.157
305.344
302.61
293.178
281.654
273.303
269.87
269.419
269.791
258.353
240.893
210.354
184.658
153.102
128.496
104.976
87.9139
78.6075
80.4418
89.7839
98.2923
108.074
114.817
120.247
121.952
122.764
123.01
121.38
119.176
115.893
111.601
109.487
109.593
111.507
107.907
100.151
95.7134
83.405
79.4025
80.241
90.6078
104.075
121.993
134.209
148.348
158.967
174.908
194.289
206.378
197.459
179.659
165.621
160.392
157.29
154.603
149.946
147.043
143.828
144.871
141.72
146.387
145.869
151.16
160.467
178.801
199.647
209.225
173.037
147.542
104.448
74.5472
61.7283
63.0373
70.303
71.7054
74.4555
77.0961
82.1058
89.2337
99.4958
111.192
125.517
139.97
156.648
171.581
191.923
208.723
228.887
242.37
249.384
246.992
230.482
210.315
172.27
106.731
102.581
33.6871
24.8082
12.7906
9.43181
7.76424
7.16043
8.07157
9.19965
11.7625
15.0338
22.5808
26.5858
35.4932
43.5738
56.7229
75.763
102.273
137.787
179.44
201.587
250.051
263.904
272.796
280.2
269.725
209.701
118.653
90.6071
51.6238
28.1023
16.6175
11.3845
9.25494
8.28853
8.01771
8.0708
8.55023
9.26937
10.7069
12.9861
16.3083
20.0478
24.5176
29.4755
34.9963
41.3869
49.1187
56.5804
67.7336
74.5244
85.366
81.9307
59.4858
59.9625
33.085
17.1281
10.8621
7.78369
6.55572
5.46223
4.66347
4.44126
4.11418
3.99132
3.80311
3.68667
3.58114
3.55465
3.61869
3.65941
3.90207
4.64891
5.66926
7.01763
9.01944
9.73123
12.1868
12.6764
13.3434
12.3136
12.0499
10.3083
6.8404
6.6913
4.36665
4.39627
3.24559
3.16042
2.67728
2.59411
2.37003
2.3532
2.10861
2.03835
1.86467
1.84472
1.70974
1.72326
1.60685
1.51363
1.4874
1.53646
1.62549
2.03189
1.7914
2.10633
1.81319
1.94033
1.89438
1.77563
1.78142
1.75868
1.75379
1.73673
1.73432
1.71716
1.71448
1.6956
1.69951
1.67788
1.67187
1.64366
1.59755
1.59566
1.45617
1.44175
1.32992
1.31627
1.24817
1.24633
1.21535
1.24503
1.25331
1.06983
1.00003
1
1
12.5646
16.0903
17.1327
19.4391
24.7514
26.8315
25.684
29.3489
37.5709
52.8318
76.6103
103.973
119.822
119.663
109.495
80.8453
53.2467
41.4121
52.8703
67.9431
60.7085
55.0628
56.7862
61.9592
72.0927
88.2159
107.889
131.666
156.676
166.97
162.417
148.553
118.509
129.684
144.053
146.498
144.87
143.265
146.285
156.292
166.152
169.405
167.21
161.148
154.747
151.183
151.814
158.002
166.613
174.49
180.944
185.125
189.29
188.469
151.933
138.575
150.523
186.056
208.882
206.723
201.287
197.598
193.829
193.213
195.431
199.954
206.913
217.73
230.48
245.532
256.684
261.142
262.24
255.824
246.733
232.076
213.6
193.37
171.418
151.814
136.58
125.922
118.656
114.392
113.236
112.723
116.247
119.347
127.826
140.231
133.4
173.376
229.171
263.006
300.474
326.225
338.2
321.381
313.844
287.257
270.394
248.979
234.812
224.978
222.348
222.203
224.719
225.096
221.094
210.196
194.969
171.655
151.105
139.221
124.584
112.441
102.799
99.5034
102.313
111.942
124.384
137.109
146.044
152.571
158.033
161.647
165.351
169.698
173.875
176.24
180.343
180.099
182.935
183.113
192.945
191.72
213.181
235.798
243.177
257.165
263.813
269.038
269.713
261.985
252.157
231.659
197.41
164.669
142.032
117.509
89.6793
119.692
120.714
123.823
130.906
135.244
115.754
188.51
223.987
226.756
225.388
226.278
230.692
231.401
236.447
237.149
240.672
242.743
246.353
244.752
244.928
238.365
232.684
226.491
220.775
211.629
196.967
179.088
155.297
134.04
107.189
90.1367
74.3421
70.846
72.9202
83.8182
94.9535
106.853
115.06
120.793
121.89
120.093
119.689
116.459
115.246
111.984
108.586
103.356
99.8818
98.516
98.48
96.2452
91.4569
82.981
72.9149
69.9514
69.6466
77.6842
85.294
94.7583
109.083
124.549
137.058
151.433
164.472
169.411
169.145
160.678
155.012
150.881
148.808
146.601
144.189
144.813
145.125
152.086
153.118
160.721
165.628
170.198
175.639
182.621
187.142
187.353
160.34
133.188
96.4537
77.1207
68.1534
71.1676
77.3642
80.0632
83.3554
91.4128
100.079
113.845
128.294
146.127
163.609
181.818
199.255
219.139
235.655
256.202
267.303
280.33
280.027
275.038
255.675
233.288
193.777
101.737
112.19
36.3853
27.2044
14.3132
9.72446
8.30009
7.92809
8.36067
9.98093
11.553
14.5313
17.693
24.2269
35.1759
51.0943
63.8175
80.5262
102.914
131.014
154.275
193.143
222.994
237.789
271.131
270.067
270.16
232.852
161.663
100.451
57.7712
32.6738
18.9238
13.1067
10.6046
9.56277
9.51443
9.52966
10.1951
11.1022
12.5562
14.5835
17.3251
20.9244
25.344
30.3976
36.3515
43.0439
50.6231
58.3741
62.9531
74.4163
55.632
64.3699
38.7676
57.9996
19.2114
12.929
9.89759
7.45713
6.07319
5.52959
4.83624
4.47249
4.44878
4.31881
4.23926
4.12006
3.95026
3.93061
3.91011
4.05247
4.27288
4.53664
5.38538
6.19893
6.80512
10.4334
9.41808
12.5295
12.9575
11.6311
11.7265
7.93436
7.89528
4.98256
4.80031
3.6585
3.53465
2.98038
2.8641
2.59131
2.58259
2.31013
2.30734
2.02908
1.98212
1.78261
1.73569
1.64561
1.60395
1.53518
1.47111
1.47519
1.51736
1.52712
1.90785
1.59309
1.911
1.887
1.7724
1.79533
1.77109
1.77508
1.75162
1.75844
1.73237
1.73996
1.71684
1.72302
1.69981
1.70588
1.67775
1.64329
1.64185
1.50707
1.50501
1.37784
1.36015
1.27859
1.26796
1.22374
1.23118
1.21685
1.27238
1.0698
1.00004
1
1
10.2144
12.7461
15.99
20.65
31.3786
38.8772
38.9483
38.1286
41.1595
49.2944
63.0077
82.0224
98.3766
100.498
90.5808
70.8441
47.7628
32.1672
36.1919
64.0232
82.5227
82.575
92.9514
107.651
126.488
142.142
159.07
162.246
159.326
134.538
112.825
86.2357
62.9395
68.4294
75.4133
107.806
121.242
115.065
112.46
116.67
129.171
141.433
147.908
145.904
142.651
139.122
139.091
144.264
154.03
165.15
174.297
180.88
186.915
192.432
180.327
142.375
128.255
139.538
148.715
148.89
151.25
163.187
186.228
189.245
188.87
191.294
193.811
197.746
204.13
211.514
218.664
222.173
224.003
219.737
210.688
197.235
182.064
165.923
151.476
139.288
129.019
120.797
113.146
108.098
104.969
104.22
107.376
110.141
116.88
123.266
130.97
110.562
137.901
209.879
268.394
283.03
288.386
279.691
274.247
261.283
253.271
240.901
231.686
224.001
218.453
213.633
211.725
206.888
200.602
186.805
170.526
151.407
135.131
118.739
106.413
93.3527
84.6077
78.5702
75.5093
75.5414
75.0215
88.58
105.683
127.994
140.075
148.631
155.612
160.432
163.914
164.761
169.792
169.006
173.987
174.344
182.84
185.961
208.841
225.528
245.251
261.376
280.018
282.196
277.474
261.418
247.7
226.185
200.913
169.319
146.201
126.455
121.061
118.573
119.772
123.979
125.547
127.316
102.569
127.193
191.351
224.466
231.646
224.899
219.434
219.772
215.731
215.437
209.623
204.149
199.501
193.474
184.72
178.583
172.021
167.242
160.815
153.524
141.084
124.407
106.949
92.0841
78.1295
75.7754
74.9085
83.0923
91.1913
103.756
114.783
124.428
129.769
131.088
128.987
124.98
123.825
119.66
117.991
114.986
109.648
104.288
93.0239
81.8964
92.6052
89.1194
83.6399
74.9222
67.0378
66.6942
66.4878
74.2584
78.869
89.8034
96.8486
105.773
116.235
125.867
131.812
140.9
147.685
150.987
151.959
150.679
149.022
148.196
147.917
153.291
155.41
168.798
172.369
185.261
191.214
192.949
193.684
186.007
172.831
141.837
136.249
104.812
75.3787
69.0103
65.6253
67.473
73.6411
77.4561
85.5251
100.187
117.54
138.58
161.052
184.619
206.152
225.397
241.908
257.823
271.341
282.433
288.892
294.869
293.429
283.643
263.802
194.156
174.736
93.7087
91.9134
35.4319
21.2271
12.7871
9.3758
7.75246
8.19931
8.92608
9.89187
11.7761
13.3653
16.0832
21.4081
30.2088
51.4939
66.7525
83.1509
108.148
131.122
163.38
188.746
216.714
234.229
263.897
245.252
262.198
237.942
158.049
94.2404
54.0746
29.5921
18.0923
12.9088
11.1246
10.0724
10.2344
10.3264
11.1968
12.2501
13.8651
15.9462
18.7589
22.2682
26.705
31.923
38.1244
45.0131
52.7218
60.6667
66.6844
77.3004
65.8208
50.2977
41.5597
37.4085
16.6141
12.3499
8.75294
7.69647
6.07273
5.59519
5.00609
4.95941
4.63786
4.64445
4.51629
4.45464
4.31782
4.14916
4.17182
4.13263
4.25509
4.53956
4.84656
5.55078
6.85241
7.35097
11.9694
10.9953
13.0659
12.6654
9.65077
10.8717
6.02089
5.60324
4.16141
3.95408
3.35532
3.16012
2.88973
2.79033
2.55307
2.51005
2.23908
2.24208
1.96859
1.90073
1.7125
1.66135
1.60131
1.54251
1.46438
1.39995
1.40872
1.45014
1.50881
1.88908
1.82495
1.74735
1.78092
1.79036
1.7665
1.77867
1.75384
1.76446
1.73837
1.74415
1.73161
1.72633
1.71753
1.70362
1.697
1.67422
1.55964
1.54545
1.44027
1.4091
1.3231
1.29209
1.2461
1.2359
1.21776
1.23927
1.24615
1.15495
1.00004
1
1
4.85447
7.58243
10.2147
15.3126
27.0708
39.5138
46.6835
52.8927
58.5006
63.0742
68.2367
72.8675
75.4311
74.1339
67.3679
57.3068
45.0605
28.1101
23.5191
34.6571
61.5437
69.037
82.8102
93.0452
104.449
101.292
104.144
88.0255
86.0659
62.9645
49.7213
44.3888
38.3987
35.0408
35.2806
35.485
35.7995
36.0825
35.815
35.8109
37.7039
47.3837
86.0821
110.604
120.797
126.515
125.49
123.47
124.149
127.226
135.284
141.575
148.951
153.331
155.481
156.528
152.308
146.713
139.287
146.041
147.029
149.504
148.302
151.231
152.801
152.174
152.361
152.908
151.038
150.899
150.905
151.816
159.134
163.975
167.549
167.618
164.062
158.849
152.621
146.811
140.416
135.481
129.327
124.842
120.844
116.604
116.726
114.115
120.596
122.179
123.692
122.33
74.9689
68.8088
109.204
138.151
143.847
140.444
152.005
156.221
164.914
167.578
170.996
170.731
172.404
171.394
173.336
173.688
170.47
168.589
160.389
153.046
146.061
138.062
132.124
123.407
118.452
113.263
109.89
107.109
105.585
104.819
89.342
82.231
90.7429
106.32
119.09
114.754
138.18
139.986
143.33
142.456
145.33
145.236
145.837
161.326
162.016
177.199
177.815
184.039
188.832
193.752
195.256
198.369
195.627
194.296
185.553
177.831
169.531
158.275
156.503
150.985
153.058
152.402
155.593
150.903
120.984
105.874
126.385
182.057
195.612
193.15
189.498
186.846
186.233
191.386
198.24
197.994
199.09
190.039
187.641
179.085
175.869
171.22
163.864
157.35
151.529
143.712
139.787
139.558
136.203
142.457
142.739
148.083
150.883
154.498
154.568
155.781
154.521
150.279
147.024
143.124
143.076
143.552
144.61
144.993
142.222
139.05
116.867
100.875
100.254
115.56
125.862
119.261
117.31
116.945
115.596
113.675
116.209
137.515
108.305
144.055
169.768
179.154
189.688
199.188
210.997
221.18
227.177
231.006
231.141
230.696
227.918
227.926
223.915
227.456
221.387
229.087
228.807
228.206
217.393
187.966
144.628
77.5491
44.0767
41.168
48.3566
55.651
60.3678
68.2999
76.8417
85.17
94.8283
102.233
113.405
122.601
137.106
144.654
158.037
159.278
158.213
152.111
143.777
138.32
127.92
117.352
103.689
74.4109
60.0193
40.7564
38.4974
19.4176
18.5365
8.24972
6.28244
6.09813
7.25217
8.04443
10.0085
9.52363
11.439
11.1411
12.4336
14.4325
20.9383
30.8406
36.219
41.2262
47.9365
53.1078
56.4116
64.0454
62.6505
70.3286
64.2433
71.9813
61.8058
67.212
78.2163
49.2157
30.2597
18.1845
13.5235
10.0188
10.526
9.66869
9.58869
9.5137
10.0225
10.5891
11.5512
12.6164
14.3389
16.0057
18.307
20.6013
23.7744
27.963
31.488
36.8351
36.6584
44.7644
39.2699
45.1619
35.9826
27.1055
18.1489
10.1291
7.38141
5.37364
5.82789
4.73667
5.03856
4.0062
4.28373
3.91894
4.31839
4.01958
4.1381
3.87835
4.18251
3.85812
4.15896
4.19652
4.57795
4.88268
5.40331
6.31289
8.50943
7.58233
10.0447
10.4429
6.87334
8.94327
5.18349
7.63682
4.73559
5.13103
4.44122
4.43658
3.68765
3.49173
2.8311
2.88529
2.32978
2.47314
2.05061
2.22292
1.91157
1.92904
1.86701
1.82452
1.74257
1.69453
1.63725
1.58588
1.60301
1.81396
2.13107
1.97628
2.07962
2.07
2.09858
2.10035
2.13385
2.12924
2.16735
2.15881
2.21076
2.20124
2.25651
2.24966
2.30525
2.30053
2.19763
2.35295
2.01797
2.17085
1.9136
1.99317
1.83848
1.88715
1.78783
1.83035
1.76988
1.80716
1.17284
1.00004
1
1
1.99373
3.42053
3.99159
4.84349
5.11891
5.85047
6.17609
6.93024
7.61379
8.88402
14.1483
12.9818
9.50189
6.04088
10.8514
27.6995
49.3489
67.8287
79.5122
89.031
95.9758
102.239
106.352
111.985
113.736
112.19
88.9408
90.9242
75.4625
68.5501
64.6979
55.9186
44.5584
34.6856
28.3576
28.1192
29.4704
33.6028
39.0532
51.9997
36.5876
23.8476
13.5555
6.87779
38.4726
36.9195
42.1177
48.9963
52.1734
54.0756
49.0706
45.7744
41.2039
37.373
35.11
33.3916
31.4533
30.9946
29.7531
30.1773
30.0897
30.5599
31.518
30.3181
28.9149
27.8875
26.7199
30.9129
37.7068
35.9677
34.0042
31.0683
23.3852
12.0184
45.1046
63.0038
73.7095
79.4985
84.6264
89.6055
98.2731
110.647
124.89
140.31
154.676
167.867
176.455
176.554
169.944
150.76
134.286
123.164
116.162
108.412
100.981
90.8834
82.2589
69.2865
58.5206
42.8765
29.4947
19.8798
15.3711
8.73036
47.928
69.2094
81.3794
86.3068
90.6017
93.5167
98.1135
102.8
106.764
110.123
109.37
108.426
107.965
105.916
105.999
107.597
105.767
106.398
104.129
100.032
92.8731
83.3822
73.1139
64.0588
57.9838
52.4879
48.7404
39.9841
27.7003
13.6163
29.9959
47.8684
58.8726
61.6378
69.3962
72.476
75.8671
79.6947
92.3549
103.972
117.267
123.973
126.714
125.897
123.004
125.064
124.938
128.282
132.323
116.503
109.415
101.52
84.657
73.3673
65.5068
55.2464
43.25
31.6389
19.2987
9.26221
29.4226
52.1273
60.8487
70.3347
71.6067
71.4309
72.3902
70.677
69.3061
67.268
68.4533
69.5834
89.1734
97.39
113.402
117.346
133.918
145.582
155.601
166.775
163.13
156.395
135.042
109.889
85.4495
63.6056
44.1233
27.6372
16.9299
6.01508
5.64927
12.3542
15.0493
19.8121
19.8573
18.8142
16.2219
14.1325
11.8326
9.42011
7.91127
6.60633
6.81857
8.36381
10.0389
12.4817
13.1816
15.1409
15.581
15.2058
14.9574
14.6026
14.6341
14.5312
12.729
11.3657
9.86081
7.73308
5.90866
3.68702
3.54109
4.76688
5.25686
5.71965
6.02332
6.27423
6.49105
6.78777
7.38285
8.0657
8.5227
8.84345
8.62576
8.42657
7.81992
7.45163
6.72389
6.44072
6.47662
6.10277
6.11196
5.51071
3.28344
3.30671
2.96567
2.9362
2.41859
2.10174
1.97048
1.76453
2.25156
2.43103
2.7101
2.92192
2.89051
2.99079
3.03015
2.98441
3.04875
5.00173
4.51383
4.7693
5.29372
5.24485
5.27761
5.11421
4.96208
4.72005
4.55257
4.14215
4.07254
3.77021
4.04303
3.76555
3.69108
3.47204
3.07417
2.91864
2.63475
2.60538
4.52704
4.38877
4.8769
5.02255
5.07385
5.10736
5.0133
4.97952
4.9363
5.05116
5.0072
5.20383
5.17791
5.48283
5.59257
5.78941
5.5983
5.46102
4.86487
4.56719
3.65812
2.97885
2.84476
2.66207
2.59654
2.38794
2.32904
2.19009
2.02066
1.89107
5.21551
5.39408
5.29109
5.44203
5.37082
5.38143
5.33369
5.62075
5.36481
5.71116
5.41112
5.63703
5.5292
5.62326
5.12691
5.05192
4.73912
4.45949
4.09818
3.90754
3.58695
3.44234
3.39412
3.3726
3.27078
3.31802
3.28086
3.18653
3.13115
3.23196
1.32508
4.36859
4.72062
3.27126
3.49635
2.97828
3.15335
2.82675
2.89702
2.67398
2.67412
2.54422
2.53917
2.48373
2.51325
1.56764
1.16568
1.02224
1.00028
1.00001
1
1
1
1
1
1
1
1
1
1
2.41662
3.1431
3.82934
4.71684
5.70014
6.14678
7.74728
8.63258
10.3733
12.554
16.6756
24.4831
13.7964
11.9768
26.462
46.3003
65.9664
78.767
89.2584
99.7803
111.269
120.13
129.02
138.569
147.133
153.044
127.994
116.126
98.4011
91.1174
82.5359
77.7198
68.2876
57.9859
49.4579
45.1156
46.896
53.4843
65.0974
82.685
69.4028
44.0965
24.6557
16.711
61.6875
47.6986
54.9184
72.2988
83.5112
83.8202
78.2415
68.5217
60.689
50.5744
43.6713
37.2293
32.7212
28.9315
26.1318
24.6309
24.1942
24.5893
25.5403
26.7101
27.653
29.3963
32.4697
38.8353
58.6641
54.6923
52.7762
44.2548
32.0341
22.4589
64.7853
55.5401
60.197
63.6594
69.8947
83.0554
103.598
126.639
148.492
169.595
189.219
206.861
222.112
237.023
245.814
257.055
253.358
252.779
238.346
219.61
193.054
166.432
142.858
125.244
110.774
96.2135
76.9262
57.0594
38.5241
27.3945
77.0569
76.0614
79.7099
82.9348
86.17
91.935
99.8006
110.148
121.246
130.961
140.32
144.227
144.47
143.055
136.775
130.901
124.94
121.332
118.768
118.246
115.754
111.577
101.959
90.893
79.6861
73.2675
70.5328
55.8882
39.095
28.3182
54.5056
81.6618
112.924
144.716
178.315
205.54
217.732
217.548
150.337
132.11
126.438
123.804
124.004
130.463
134.08
132.558
137.907
148.177
163.397
171.108
171.688
160.837
144.603
121.733
97.6499
75.316
57.6807
40.5253
25.831
17.263
55.149
60.0237
73.9479
79.5033
80.4113
80.4116
78.4023
81.0725
84.6214
92.8301
105.713
123.268
143.067
145.165
142.797
146.769
156.949
171.081
183.344
196.108
201.456
205.047
197.078
179.28
151.793
115.773
73.9954
41.6765
21.3622
14.3304
10.2785
12.6382
16.4655
19.118
19.2151
17.9615
16.7696
15.2534
13.2614
11.0765
9.56233
8.98177
10.2001
12.6815
13.6909
14.2247
15.3724
17.578
19.7916
21.0574
20.7257
19.6841
15.7806
12.3127
10.1081
8.0999
6.23767
4.88338
3.92996
5.34913
5.38687
3.15651
3.57676
4.06604
4.46347
4.8408
5.34126
5.94536
6.66315
7.10655
7.55579
7.55343
7.47678
7.18822
6.77382
6.35751
5.79777
5.41059
4.95198
4.02224
4.60782
3.03652
2.97272
2.69252
2.71376
2.51093
2.00706
1.82754
1.53797
2.00548
2.90126
2.00991
2.45943
2.64924
3.08503
3.372
3.99428
4.79578
5.55867
7.40517
7.90011
11.182
10.5344
9.47482
8.42011
7.47073
6.22104
5.26434
4.5393
4.07278
3.76337
3.52271
3.60806
3.49686
3.30365
2.77253
2.29639
1.9252
1.7836
2.78366
4.94927
2.54543
2.69121
2.87591
3.13565
3.30972
3.54101
3.6401
3.74669
3.83399
4.02824
4.13538
4.22712
4.19075
4.01468
3.74513
3.54666
3.23558
3.22215
2.67363
2.19595
2.10411
2.0691
2.08672
2.07309
1.98538
1.94402
1.84337
1.69477
2.36095
5.96512
2.83369
2.87089
2.77644
2.70276
2.70225
2.68733
2.71358
2.76616
2.87264
2.97936
2.91797
2.82824
2.78466
2.76297
2.77398
3.03345
3.04161
2.27591
2.01563
2.28419
2.72964
2.65012
2.63925
2.56398
2.45577
2.2635
2.2058
2.1752
3.37095
3.81922
2.31684
1.94346
2.01778
1.78368
1.76379
1.72353
1.70565
1.67081
1.65174
1.67301
1.69942
1.77714
1.84435
1.97535
1.9208
1.75056
1.21521
1.06827
1.02933
1.00351
1.00001
1
1
1
1
1
1
1
1
2.50497
3.58584
4.93333
6.10429
7.36989
8.0448
9.17408
9.08925
10.1266
11.1476
15.7346
22.2417
26.903
20.3421
44.6736
66.5486
78.1316
86.2851
94.4754
102.492
110.24
119.93
127.204
133.916
140.059
143.438
150.053
124.658
116.664
93.2502
77.9893
68.2204
57.1483
48.0419
42.1185
39.1235
41.2093
50.4068
65.2898
90.0408
69.5539
45.4559
27.8903
18.8504
70.3229
53.8638
72.9626
103.621
115.742
119.707
116.91
96.2376
79.5914
70.8018
59.4499
49.2362
41.0716
34.8556
30.1991
27.0171
24.9669
23.8275
23.1819
22.8055
22.7051
23.6757
27.3747
34.9606
54.6475
59.8513
58.1553
49.184
37.8956
26.0476
72.2311
58.8719
61.8869
68.1649
84.4013
104.821
121.833
131.374
137.521
142.505
149.362
157.378
166.148
177.131
185.623
203.622
212.363
228.872
228.493
220.596
203.624
178.142
154.629
132.462
116.29
99.8796
81.878
62.0577
47.4227
36.8616
87.0343
84.5662
84.9638
87.9433
94.7414
107.216
121.244
136.79
148.631
158.541
163.424
163.72
161.348
152.785
144.18
133.996
126.834
120.779
118.261
116.802
116.471
112.062
104.94
94.2515
88.4919
88.0041
86.6134
73.6232
59.627
46.9176
66.8225
101.979
145.124
184.503
218.682
225.951
181.763
143.358
142.104
134.52
127.383
118.624
110.736
106.123
106.457
113.33
133.416
154.45
159.39
166.762
168.12
164.862
152.725
139.192
115.299
93.3283
72.3848
50.1383
31.3481
20.4475
62.3818
65.5986
75.7622
81.493
84.3087
86.1808
87.9338
94.6417
103.029
122.221
150.511
164.838
162.848
155.881
147.195
147.835
148.927
156.936
160.623
166.336
169.801
171.427
173.981
171.306
175.266
170.243
136.316
88.0568
48.0438
31.8202
17.1442
26.5466
32.4993
33.7052
31.7909
27.2179
22.9007
18.2729
14.2158
11.6946
10.8072
11.3887
13.1464
15.1378
15.0303
15.0511
16.9709
20.1064
22.8663
25.1604
24.3249
23.1001
20.8521
18.2087
15.6137
12.4797
8.96651
6.63535
5.39235
6.90252
6.29254
3.92828
4.62696
5.20959
5.71899
6.00885
6.51608
7.30617
8.016
8.71133
9.17422
9.246
9.11833
8.49233
7.84808
7.01312
6.44091
5.64805
4.98813
4.48942
3.61414
4.28817
3.02653
2.80786
2.88556
2.57641
2.40977
2.16264
1.88925
2.52379
3.20364
2.15114
2.30324
2.50774
2.62384
3.0841
3.60761
4.43166
5.20144
6.58786
8.98374
12.372
11.6128
10.9663
9.81293
7.932
6.33736
5.15537
4.33134
3.69867
3.36446
3.15975
3.0948
3.03417
3.09817
3.08144
2.88992
2.33265
1.99082
3.23912
5.63634
2.81299
3.02189
3.03627
3.181
3.28687
3.45923
3.58788
3.78695
4.00533
4.21074
4.21271
3.98185
3.61513
3.24454
2.98236
2.81742
2.76563
2.71363
2.72023
2.30633
2.26326
2.15597
2.23515
2.27094
2.29142
2.17843
2.07388
1.92948
3.0552
6.07459
3.00973
2.80245
2.53699
2.44548
2.4634
2.41253
2.48957
2.56428
2.72844
2.69122
2.66879
2.73978
2.74357
2.85857
3.26811
3.26865
2.89729
2.51022
2.08101
1.89987
2.21157
2.64776
2.7455
2.58856
2.59059
2.39913
2.51398
2.42875
3.55241
2.9098
1.69076
1.57684
1.57941
1.55747
1.57181
1.61888
1.6756
1.79984
1.94428
2.18235
2.34455
2.40683
2.39018
2.38852
2.28157
2.2082
2.02047
1.55178
1.3991
1.28624
1.10011
1.00511
1
1
1
1
1
1
1
3.09914
5.60975
7.38203
9.24791
10.1731
11.1745
11.6169
11.9478
12.0009
11.9837
14.1338
21.5626
36.4834
38.8123
61.0895
72.8319
79.9766
89.0051
99.4271
109.158
116.127
120.707
125.617
127.731
129.389
133.931
135.373
130.076
126.479
106.608
81.9307
63.3508
51.4303
41.597
36.0221
34.7014
38.2606
49.2295
68.0426
97.292
72.8074
49.0759
33.579
24.8733
74.4775
59.4696
95.2754
123.19
137.475
137.037
125.755
89.1862
77.2687
71.2145
71.0984
63.5528
54.1206
45.6599
38.7503
32.8187
28.4372
25.4523
23.5889
22.2941
21.5227
21.7739
25.4439
34.4722
51.7691
65.1898
64.4265
58.1212
47.3946
31.5111
77.6541
62.3342
66.7505
82.3922
100.912
112.776
111.646
111.849
115.537
121.248
125.623
129.242
129.53
131.467
132.201
144.793
156.976
180.48
194.504
203.976
194.371
179.692
155.27
136.597
117.7
104.543
88.2089
73.4216
64.6421
52.8823
94.3829
94.7677
92.9803
99.2905
112.681
132.019
151.036
167.108
174.462
174.62
172.941
171.631
166.164
158.385
146.212
135.308
126.817
121.924
118.051
118.226
119.021
117.365
109.819
104.589
103.077
103.424
98.5553
87.2336
77.7902
67.2203
93.4
123.249
171.327
215.148
229.084
166.714
149.916
147.761
139.338
131.4
120.27
105.215
90.819
80.5957
74.9487
75.399
78.0909
95.0173
116.445
144.54
145.921
149.577
148.454
138.239
125.806
112.652
97.9671
75.3205
50.8191
29.6104
72.6699
69.5674
77.308
84.6617
90.2016
98.2456
103.742
114.318
134.215
168.7
185.977
178.596
162.715
151.974
145.497
142.54
143.778
144.888
148.304
150.66
155.902
157.187
161.57
161.925
165.521
182.201
187.584
144.115
90.8714
57.8834
32.0511
50.5296
56.5004
55.7623
50.4346
42.461
33.5693
25.6863
19.9947
16.9394
16.2602
16.6992
18.4888
19.1148
17.5496
17.3766
20.1868
24.2549
27.9162
28.5233
25.9038
22.6727
19.2833
16.5814
14.389
12.4598
10.8246
9.91363
9.91557
9.82056
7.79773
5.29845
5.91786
7.05094
7.85179
8.99578
9.79926
11.1435
11.6578
13.2248
12.8901
12.3007
10.843
9.70967
8.19733
7.04129
5.59908
4.7144
4.1582
3.79383
3.91983
3.89509
4.04049
4.02422
3.56043
2.70675
2.42346
2.39403
2.25866
3.06401
4.02535
2.29544
2.43272
2.57765
3.07314
3.71393
4.37847
5.0379
5.86298
6.85653
10.9832
12.8246
12.2579
10.6611
9.23832
7.58687
6.14222
5.03427
4.5221
4.12751
3.69551
3.27191
3.0539
3.03682
3.03835
2.97928
2.88878
2.8277
2.41668
4.03041
7.32761
3.36992
3.48755
3.49881
3.42008
3.55898
3.72343
4.11668
4.35969
4.62039
4.73108
4.70544
4.32914
3.80087
3.48538
3.07455
2.90148
2.57166
2.47863
2.43905
2.38613
2.31608
2.16307
2.19938
2.22528
2.2508
2.25633
2.17009
2.1348
3.84211
6.88037
2.93219
2.52472
2.32557
2.29479
2.30888
2.34054
2.30737
2.3367
2.36593
2.4501
2.7172
2.91146
2.99959
3.28929
2.95499
2.95361
2.9985
2.63358
2.25955
1.99684
1.95446
2.20646
2.56844
2.58929
2.42293
2.42319
2.46778
2.65002
3.79992
3.5084
1.67493
1.84518
1.92261
2.08306
2.02195
2.02737
2.00236
1.99576
1.98085
1.97466
2.00089
1.98875
2.02579
2.01087
2.05537
2.10527
2.1192
2.05348
1.90466
1.85555
1.89953
1.30282
1.12867
1.00001
1
1
1
1
1
4.17427
8.57987
10.4784
11.9934
12.5345
12.9498
13.3277
13.7801
14.0871
14.3353
14.7864
18.6637
33.1235
62.7665
65.1044
76.9038
86.7004
97.5549
106.853
111.955
115.769
118.13
120.306
123.121
122.278
123.616
125.211
131.243
121.96
106.997
87.3531
63.0649
47.8785
37.993
32.8113
31.564
37.3524
51.0226
72.3535
104.555
84.1684
59.8771
42.5245
31.2921
75.0611
69.7956
97.7356
140.062
149.374
141.708
103.228
65.9672
56.6655
58.9914
61.0071
64.071
58.7376
49.5424
40.913
33.6922
28.4008
25.1014
23.0083
21.7487
21.4157
22.7016
27.6601
37.9378
57.5513
71.7534
72.4083
70.1926
60.0892
40.856
84.45
68.0361
79.8591
97.3439
103.793
98.7199
101.35
108.462
116.827
124.666
130.391
132.061
127.912
120.193
107.415
105.169
111.662
133.88
157.273
171.577
176.056
163.959
151.773
132.173
120.22
107.981
96.0195
83.9155
85.0388
70.1983
102.64
102.008
106.197
119.369
141.09
166.134
184.127
194.594
191.381
181.891
170.819
161.103
155.703
149.305
140.372
131.942
125.176
120.677
119.252
121.887
125.768
123.274
119.459
116.501
115.243
111.696
104.335
96.896
93.8645
87.0509
116.974
139.932
198.229
223.807
153.094
144.004
147.217
140.776
142.305
136.033
124.007
105.179
88.8513
78.9029
75.0589
73.6336
79.1144
83.912
99.3893
124.726
139.363
135.902
134.23
125.52
124.028
120.684
119.393
114.416
89.3378
50.905
86.7512
73.0338
81.8699
92.407
104.594
114.812
123.168
140.944
174.206
194.487
186.693
170.566
157.42
150.852
145.235
144.037
143.741
146.537
148.661
150.336
153.197
154.965
154.202
153.538
155.956
161.734
185.912
182.041
136.463
91.9082
53.2447
81.1684
86.406
87.0015
80.2739
67.0193
51.3035
38.5066
31.5104
28.226
26.8933
27.3892
28.6415
26.6978
22.2862
22.1886
25.6859
29.9812
31.0192
29.2637
28.0729
27.3884
26.3933
25.1282
23.3341
21.3579
18.1928
14.3278
11.0437
14.2707
8.94631
7.29926
9.1209
10.5436
12.8222
13.8008
15.3752
15.0453
19.5571
18.0887
20.3617
17.1092
13.9042
10.7369
8.52208
6.99153
6.01073
5.17685
4.77343
4.42247
4.49378
4.54056
4.61303
4.4572
3.92101
3.31998
2.53136
2.18508
2.43739
3.80042
4.53543
2.55916
2.47814
2.85374
3.63426
4.79261
5.61439
6.28191
7.53177
8.52368
14.98
12.2247
16.2639
13.6838
11.8147
9.43598
7.27544
5.57387
4.37063
3.60662
3.274
3.17792
3.28573
3.0698
2.93728
2.99899
2.96672
3.03024
3.28862
5.75011
9.10261
3.85144
3.82502
3.57507
3.60212
3.78261
4.23598
4.69746
5.18126
5.52309
5.74194
5.78569
5.51614
4.59465
3.97443
3.52134
3.02874
2.70248
2.45986
2.68715
2.31583
2.29947
2.21902
2.04679
2.09062
2.10657
2.18187
2.29049
2.41738
4.5284
7.66227
2.9415
2.47284
2.39353
2.46182
2.56872
2.54662
2.5476
2.5174
2.53339
2.53989
2.57596
2.64075
2.83153
3.11667
3.33324
2.97358
3.08918
2.68807
2.51167
2.10718
1.95573
1.97488
2.286
2.46918
2.51329
2.40925
2.68857
2.86138
3.86341
2.90734
1.98991
2.08826
2.01154
1.94557
1.90901
1.90055
1.90418
1.89699
1.88195
1.86786
1.84785
1.84801
1.82933
1.83485
1.82758
1.83925
1.84936
1.88239
1.91478
1.81013
1.73802
1.73123
1.84209
1.23607
1.00162
1
1
1
1
5.51699
11.9197
14.1009
15.1736
14.4883
14.1843
14.1722
14.675
15.6654
16.8139
17.7725
19.4483
29.9562
91.9338
88.4384
84.9927
94.9122
87.502
74.4122
63.852
61.7825
70.6963
85.7209
111.831
112.711
113.13
117.292
124.491
134.849
105.197
86.5324
65.6005
46.1677
34.6839
30.891
31.0829
39.7499
59.8322
90.3667
117.166
104.609
82.5308
59.609
44.4597
79.4375
79.1534
112.338
148.406
152.46
134.711
71.1364
46.9747
42.4854
44.0729
47.7708
46.5087
43.0626
37.0857
31.2308
27.1705
24.682
22.9728
22.2767
22.8137
25.2121
29.505
35.9192
43.7844
65.4709
77.8188
84.8086
85.75
76.0325
56.0522
93.2637
80.2591
96.4312
101.677
93.4265
97.2915
105.702
116.035
125.702
133.867
139.977
143.007
142.712
135.649
119.927
105.01
95.8079
105.202
122.606
145.739
150.934
151.945
139.212
129.41
119.435
112.866
103.04
100.656
106.614
90.2673
112.222
113.427
124.699
147.263
174.723
201.496
216.073
222.405
211.751
194.632
178.016
162.588
154.436
147.428
139.896
132.215
127.054
124.641
127.317
133.383
136.851
135.213
132.068
127.858
121.434
113.781
107.631
106.266
105.183
112.421
142.623
160.422
214.55
158.535
132.51
139.813
138.055
138.415
137.946
136.41
128.062
115.756
99.1914
91.0398
91.4315
96.7289
106.278
106.726
108.783
95.3241
87.2324
86.0177
77.2199
73.4756
80.1544
115.35
130.831
153.615
146.313
90.327
102.406
81.9422
95.6381
110.992
123.269
132.869
145.782
175.811
197.257
193.335
176.436
161.849
153.441
147.896
146.327
145.543
147.949
149.516
154.155
155.509
159.283
155.847
154.694
146.505
143.754
146.573
168.463
184.865
160.107
103.794
88.1643
112.431
117.553
125.311
115.92
98.0449
80.0642
64.7901
55.6895
51.9235
51.1877
53.5662
54.1311
43.6092
33.6641
31.7544
33.3274
35.8474
38.5421
41.9467
44.3226
45.2541
44.8147
44.2748
43.9081
42.9357
37.1462
28.2719
18.7789
16.9542
11.5646
8.89938
9.58806
11.4411
13.352
16.2155
18.1027
18.2725
19.8745
21.4504
18.2049
15.4987
13.2029
11.4072
9.74911
8.2195
7.09136
6.20508
5.74843
5.73408
5.60157
5.70618
5.62742
5.33907
4.34168
3.73361
2.77477
2.3037
2.25509
4.31574
5.64203
2.72017
2.61978
3.01298
4.58034
6.28919
7.03409
8.70565
9.69944
11.5343
13.8173
16.7508
20.539
17.7138
15.622
12.2693
8.76381
6.50876
4.70969
3.87118
3.19388
2.73188
2.63745
2.78488
3.02312
2.9656
3.11295
3.21227
3.79355
7.99737
9.06355
4.08739
3.77439
3.62729
3.70115
3.90257
4.57843
4.98751
5.4869
5.87548
6.14222
6.2406
6.40469
6.19474
5.44412
4.35414
3.66015
2.85801
2.40852
2.28488
2.18193
2.41168
2.30685
2.06546
2.00933
1.97345
2.07004
2.28086
2.5628
5.16804
8.01365
2.9658
2.57346
2.56744
2.63006
2.71432
2.78998
2.89828
2.82471
2.87599
2.79736
2.84697
2.80084
2.84107
2.88093
3.0585
3.27731
2.9972
2.84627
2.52555
2.24105
1.94289
1.83498
1.91243
2.1488
2.42091
2.57525
2.68752
2.96227
3.62659
2.37966
1.93231
2.0573
2.05249
1.93376
1.88737
1.83996
1.82972
1.81347
1.80687
1.79202
1.78636
1.76466
1.75985
1.73045
1.72652
1.71006
1.7079
1.70342
1.7152
1.73297
1.68849
1.62536
1.58495
1.68245
1.24271
1.00022
1
1
1
7.19577
17.01
19.6956
19.7089
18.0142
17.3943
16.8466
18.2727
20.8731
26.2498
26.8758
25.3325
32.2391
86.8312
111.256
87.5706
74.3228
58.787
45.4693
37.5701
39.3199
46.688
61.2802
79.441
103.356
107.149
113.195
122.811
120.206
108.423
86.9672
62.5636
43.9396
32.3439
29.4146
36.6869
53.9791
83.7776
116.285
126.196
122.288
111.522
85.0517
63.1617
83.9136
93.4149
131.333
149.708
143.397
102.88
59.0892
42.4311
37.7261
35.9888
34.3336
33.267
31.9937
30.8945
29.0496
26.8223
25.9937
26.808
29.7067
35.2575
41.0436
47.8239
51.6373
60.569
78.6103
89.6818
100.724
104.793
95.2897
74.473
110.946
98.4116
106.168
93.0534
92.6337
101.858
113.109
123.678
130.853
137.22
144.802
153.183
158.292
155.901
141.215
124.967
111.421
106.726
116.222
128.274
138.492
137.099
134.051
126.691
123.235
115.979
113.448
116.034
117.458
105.159
130.238
128.197
147.214
171.521
199.403
222.604
236.533
243.551
235.33
224.113
203.463
186.084
172.472
162.162
152.861
146.123
141.25
143.801
149.35
154.901
153.31
146.762
136.868
125.544
112.423
105.669
105.053
106.876
114.93
139.432
168.82
181.984
200.71
127.969
124.483
121.947
124.13
120.289
120.634
127.643
133.709
128.814
118.554
119.254
139.49
201.068
247.488
238.825
230.457
209.265
185.215
129.374
91.3399
72.4662
70.4392
80.6341
136.997
178.34
200.724
138.201
131.003
102.469
118.616
132.56
142.226
151.744
175.354
200.049
199.201
182.628
165.992
155.053
149.262
145.511
145.155
147.534
150.006
155.913
159.085
162.931
164.296
161.209
154.336
146.266
134.093
139.449
164.442
184.814
162.613
118.302
140.926
145.762
160.584
159.81
149.363
132.651
119.356
107.88
99.2618
100.389
106.119
113.408
104.225
76.2226
59.9636
53.2346
50.529
54.3464
62.3924
68.5433
73.5026
74.5717
74.4141
74.9544
77.4136
79.2411
68.9893
50.5421
32.4011
28.2764
11.7641
12.0208
14.352
15.8522
20.4079
22.8081
22.9337
21.4253
25.8059
25.6558
20.7545
17.8138
15.9242
14.2456
12.0986
10.2064
8.92212
8.58992
8.67515
9.25671
9.18336
8.49987
7.73132
7.16365
6.24359
4.1532
3.03376
2.55001
2.25823
4.78358
6.60704
2.9496
2.72705
3.43835
4.74634
6.60584
8.31047
9.92733
11.5139
10.6837
10.9863
12.3519
12.8983
14.3963
14.2642
13.7162
13.2344
9.06675
5.91463
4.26218
3.36923
2.81432
2.46024
2.32066
2.49155
2.75138
3.16735
3.52113
4.26529
9.80997
9.73043
4.20843
3.81004
3.68608
3.91162
4.26815
4.47877
5.03134
5.3071
5.65379
6.10157
5.83401
5.85314
7.80508
7.39605
6.21704
4.63577
3.8145
2.75887
2.49461
2.28125
2.32987
2.15452
2.21211
2.00763
1.92222
1.9624
2.13048
2.49979
5.83399
7.94581
3.26866
2.84378
2.67641
2.75363
2.97487
3.23575
3.5321
3.45361
3.5418
3.30258
3.24406
3.16041
3.06942
3.0307
2.82217
2.96857
3.13674
2.71576
2.64461
2.3051
1.96843
1.75845
1.6914
1.75113
2.12429
2.3804
2.82746
2.86192
3.46347
2.30768
2.05923
2.18767
2.07436
1.98594
1.87811
1.83521
1.78989
1.7736
1.74346
1.73533
1.71632
1.70862
1.69102
1.68633
1.66954
1.65588
1.63441
1.6242
1.60967
1.62439
1.62432
1.61568
1.67834
1.47836
1.60658
1.16653
1.00011
1
1
9.53965
23.1055
25.8255
25.4129
23.7365
23.5832
22.7859
26.0116
36.662
53.7154
57.8426
43.4897
42.0746
91.3185
131.056
91.4058
62.1391
41.044
29.1507
26.9154
30.2456
40.1019
52.3802
67.5986
82.1883
101.012
107.27
118.034
113.244
101.164
85.5502
54.6248
37.4384
32.6737
37.901
60.6898
100.988
125.388
115.011
109.489
118.483
123.361
106.537
89.0215
131.336
120.469
135.054
141.551
134.798
91.5755
76.9516
77.8254
73.2438
74.1155
70.1298
71.767
63.6223
57.1253
52.1239
46.1717
46.4479
49.6953
60.0093
74.6305
82.9398
80.8146
79.8251
82.2021
90.4187
104.249
116.549
124.093
114.354
93.6857
128.942
111.868
101.87
92.2485
98.723
109.891
120.281
127.005
133.98
141.058
152.95
165.666
177.97
180.361
170.041
151.24
136.42
129.908
128.113
135.387
137.788
141.583
137.641
135.31
130.785
130.157
128.503
125.549
118.338
123.306
154.064
147.92
164.118
182.065
196.878
210.316
222.82
235.751
247.584
245.295
235.61
219.118
203.461
192.744
185.272
179.931
178.328
178.793
177.78
167.97
152.292
130.082
110.788
96.1176
88.7912
88.3066
89.6547
99.7856
121.657
156.638
189.375
206.515
187.022
113.967
110.921
110.29
110.297
102.25
100.307
113.011
132.994
148.015
150.959
174.519
259.799
265.647
263.077
263.115
253.672
244.215
221.631
198.259
169.882
147.615
137.776
131.008
149.55
190.682
239.423
198.414
156.135
127.369
143.624
152.523
161.356
177.017
199.842
203.122
189.211
169.166
153.761
145.013
138.842
138.197
140.836
143.333
150.445
154.485
161.005
163.064
165.368
162.923
157.564
144.681
135.446
137.346
183.078
178.446
156.234
160.751
176.052
171.092
182.037
182.2
176.619
171.406
160.972
155.856
151.121
158.312
171.128
179.21
152.263
119.15
106.399
98.1403
91.5409
92.5756
100.408
108.573
110.723
111.531
111.891
115.19
121.476
126.342
110.613
77.9169
47.086
45.7175
20.9931
15.4849
15.1844
17.7345
20.018
24.1103
27.3134
30.8252
29.4615
28.2316
26.7335
25.376
23.83
21.1243
18.3513
15.5902
15.3396
17.5402
18.9719
19.3422
18.1887
15.1977
12.7576
10.314
8.84786
6.70015
3.72499
2.84797
2.46231
6.74976
9.43573
3.4233
3.2023
3.81328
5.39872
7.56246
9.62191
10.5346
10.9161
12.1142
9.12355
9.77768
11.9544
13.0322
14.1807
15.0541
13.1448
12.1983
8.70868
5.60249
3.99795
2.99665
2.4733
2.43737
2.28144
2.36699
2.94834
3.93733
5.02252
10.6572
9.75278
5.03414
4.25648
4.32174
4.74078
5.08597
6.11854
6.53127
6.56001
7.00248
7.31736
7.53873
8.14177
8.96452
9.80166
8.39933
6.98179
4.51545
3.5864
2.86944
2.63008
2.45863
2.30975
2.30762
2.0331
1.9355
1.92003
2.03732
2.36772
5.52874
7.91101
4.44627
3.66888
3.42617
3.58179
3.94969
4.5437
4.71901
4.83354
4.67822
4.28643
3.8028
3.54776
3.27788
3.30623
2.84456
3.09237
2.54848
2.73044
2.26777
2.36901
1.97913
1.76306
1.60292
1.57031
1.72182
2.04121
2.60682
2.84604
3.77089
3.64006
2.2941
2.2059
2.14554
1.97011
1.88146
1.80598
1.77583
1.73846
1.72159
1.69506
1.68258
1.66234
1.65231
1.63912
1.62652
1.61155
1.58736
1.57214
1.55149
1.54981
1.54736
1.55542
1.54026
1.6118
1.41379
1.56261
1.0969
1.00002
1
11.9709
28.0329
31.0989
29.8486
26.8836
26.1675
26.7566
35.013
58.1822
75.3018
84.8625
83.773
62.5613
112.438
176.299
168.459
131.468
93.9281
58.7963
33.069
24.8578
24.4295
30.2878
40.4456
53.3297
66.2099
81.4618
96.2228
102.739
117.17
113.431
89.725
63.3113
44.1528
37.5988
47.7959
77.5401
118.304
121.503
100.228
95.0338
100.423
114.333
121.978
117.565
116.646
152.866
162.613
127.292
125.339
133.939
140.197
139.625
136.19
133.734
130.519
125.174
121.409
116.626
112.012
107.917
104.785
101.67
101.625
104.591
107.614
105.115
100.451
96.5551
94.2148
89.1705
90.5706
100.117
116.269
135.008
143.268
132.249
117.796
158.265
183.448
142.643
122.144
99.5247
97.8311
105.797
115.961
122.93
130.043
137.484
150.13
164.48
184.402
206.997
212.505
207.15
188.395
175.065
161.385
155.272
151.955
154.083
155.079
154.89
151.918
150.978
145.655
135.472
121.244
113.816
123.432
177.456
199.333
187.806
174.716
176.35
177.963
180.353
185.5
190.919
202.043
216.293
229.552
239.292
240.902
237.674
231.652
222.327
214.006
202.118
186.228
163.431
138.147
115.178
99.4873
93.3624
90.4444
88.6448
88.0239
93.1349
105.994
128.231
152.984
175.69
195.994
211.169
227.712
177.09
106.622
103.688
105.357
107.941
92.5453
88.805
99.2751
127.963
161.062
181.992
225.621
271.049
268.75
271.538
276.129
286.118
277.265
272.49
252.034
232.357
210.066
191.484
182.627
184.681
219.793
276.309
282.884
215.147
224.882
170.341
159.443
163.559
170.234
183.897
202.08
205.193
189.931
169.217
151.704
136.76
129.219
126.914
130.226
133.524
141.107
145.501
152.705
154.853
159.971
159.07
158.513
152.155
143.25
130.475
143.514
177.888
191.303
171.936
141.838
135.009
150.607
174.902
188.56
188.976
189.356
196.052
195.517
193.698
193.118
195.849
205.062
219.397
208.355
169.357
152.414
149.36
145.377
140.592
136.745
139.096
140.501
142.486
138.004
139.857
150.637
164.359
171.564
152.345
107.468
59.3007
39.7265
44.4962
51.1155
84.481
26.9334
20.9931
21.7087
25.0711
28.5855
34.4413
38.3392
39.6567
40.2379
40.966
41.2884
39.5925
36.609
32.7074
32.3803
36.9954
41.4018
43.6596
40.4687
36.7045
28.3188
23.1606
16.2842
12.8086
8.91697
5.68337
3.55208
3.0408
5.26069
11.6768
13.9676
8.92142
4.76402
4.10914
4.56878
6.72869
9.54718
12.4673
15.6704
16.4858
18.0995
18.6354
26.6413
26.5964
25.5095
25.1806
21.6181
18.1597
13.9069
11.913
8.66166
5.55302
4.12252
3.27538
2.58607
2.61285
2.55921
2.69834
3.68827
6.80356
22.1736
39.621
22.7041
12.3826
7.72581
6.38945
6.81589
7.47006
9.73405
11.4965
14.7176
15.8911
16.9789
14.1993
12.9125
12.4
12.9831
13.9792
12.5566
9.13585
5.01779
3.70606
3.26653
2.92272
2.78006
2.56922
2.48172
2.28797
2.04928
1.9693
2.06738
2.55262
5.01807
17.6929
12.1944
6.51738
5.6279
7.32597
6.68265
7.01542
7.07092
7.46656
7.35957
7.26403
6.47565
5.56273
4.53759
3.93686
3.71359
3.06927
3.21528
2.74816
2.87585
2.43679
2.45743
2.13438
2.01414
1.79254
1.60294
1.52325
1.54156
1.75772
2.24764
3.06604
3.24562
4.28048
2.50477
2.47409
2.32646
2.29038
2.08374
1.9706
1.84622
1.79485
1.74618
1.73164
1.70093
1.69166
1.66359
1.65359
1.63166
1.62362
1.60122
1.58778
1.56201
1.54062
1.51409
1.50069
1.4866
1.48096
1.49102
1.36688
1.45011
1.37492
1.49389
1.0127
1
1
1
14.2717
30.345
32.9823
28.3054
22.976
22.6837
26.495
38.2284
61.6935
77.4584
89.689
116.353
86.8544
132.392
177.657
152.793
128.633
83.2617
54.169
31.773
24.2874
24.1
29.2921
40.5781
55.108
74.467
90.6958
109.437
113.299
108.801
89.4917
62.4913
49.3618
47.2262
63.679
95.2578
146.413
123.064
105.381
100.407
97.7626
102.112
112.318
118.364
117.822
117.37
112.984
116.881
124.188
130.07
141.85
150.257
153.495
153.986
151.157
148.44
147.315
143.511
142.51
140.541
140.04
142.192
146.711
149.376
142.861
131.316
128.039
132.966
136.981
133.118
123.31
115.761
117.584
136.269
158.2
164.572
147.518
135.806
144.417
160.158
149.896
117.718
105.216
106.757
112.535
119.443
125.531
131.613
144.275
158.646
176.896
202.587
232.593
250.138
246.845
232.526
216.073
203.259
190.135
186.888
182.909
184.017
181.808
178.409
169.2
155.682
140.247
132.204
135.368
159.764
198.065
216.529
208.763
187.458
178.24
172.857
173.326
173.586
178.335
179.335
182.772
184.368
187.907
193.07
196.865
196.798
190.098
177.279
161.609
141.463
126.092
115.986
110.889
107.968
107.184
106.599
104.406
107.087
110.699
119.275
138.166
147.343
153.928
197.016
230.217
243.375
200.08
105.699
97.7536
102.905
105.772
100.687
92.4504
103.524
125.261
155.731
196.925
233.226
266.027
266.991
273.981
286.653
297.92
307.467
301.036
300.726
285.74
274.051
258.725
250.18
254.054
275.655
292.828
252.1
200.818
208.527
197.33
188.76
190.793
198.548
210.64
207.294
194.363
172.349
146.715
129.326
121.126
119.063
121.875
123.656
130.678
133.628
141.023
143.642
150.41
149.443
150.15
145.029
145.77
140.52
131.117
128.813
148.947
179.544
167.44
122.994
122.042
156.76
189.653
187.531
185.125
191.368
200.361
211.962
215.935
219.174
227.335
233.739
233.357
203.219
175.688
172.334
172.118
168.992
163.629
160.272
154.258
153.443
146.673
146.711
152.216
169.151
191.462
203.609
185.281
128.764
74.5
41.2486
28.4738
38.4799
74.9292
37.3272
30.1327
30.505
33.2551
37.9439
43.1869
48.9934
54.1093
58.0457
63.2196
64.2258
66.23
65.0322
67.4933
74.6147
83.3783
86.7458
86.2998
75.469
66.9373
49.6928
39.6555
26.5239
12.5916
9.80256
6.43148
5.06999
3.89846
5.40574
7.39204
9.3053
9.7135
7.57391
6.31363
5.97472
7.90191
12.1998
15.4891
24.6977
27.9629
39.2064
80.0668
80.2218
93.5429
84.3966
64.151
47.8115
33.5167
23.831
18.4417
14.7458
8.93141
5.82734
4.52947
3.81503
3.24068
3.21541
3.32107
3.6045
4.99204
15.8344
35.4722
36.1217
34.4162
31.7661
27.2781
24.8862
22.7093
23.6388
25.0905
27.3596
34.2101
36.6356
35.8275
23.9928
26.0868
17.6456
21.7173
14.8077
8.61727
5.58776
4.58749
3.77621
3.44985
3.08362
2.90503
2.68373
2.57064
2.39792
2.23078
2.25093
2.49044
4.29182
10.7603
11.5791
13.6789
11.8893
13.7945
14.9392
17.266
16.8914
15.2908
13.9894
11.0807
8.90668
6.67014
5.34361
4.52267
3.40583
3.46278
2.76113
3.05301
2.50639
2.67953
2.22845
2.2294
1.93204
1.93052
1.66598
1.5472
1.49461
1.56505
1.74971
2.80953
3.0643
3.396
3.41516
2.76689
2.49259
2.18128
2.05702
1.89927
1.83648
1.769
1.74807
1.7155
1.70757
1.68211
1.67556
1.65116
1.64364
1.61932
1.60805
1.58284
1.56922
1.5381
1.51454
1.48385
1.44605
1.4548
1.32615
1.35035
1.28245
1.35614
1.33121
1.01768
1
1
1
15.3242
29.733
30.4742
22.8351
18.1004
17.523
22.5728
35.3111
60.4157
76.7285
79.6515
100.835
108.464
160.536
148.385
116.913
90.1831
71.6362
56.749
34.537
24.9564
24.3794
28.3442
36.2652
50.1909
66.8615
84.3517
89.1362
85.8221
71.0524
60.2244
56.1634
61.2611
84.4197
116.524
159.005
136.047
125.235
121.543
120.942
119.8
121.618
126.379
124.971
120.903
117.087
116.135
125.277
134.724
146.054
157.592
164.809
166.044
166.345
170.255
176.539
182.11
184.849
185.837
189.223
193.324
194.442
189.595
175.602
162.549
163.669
176.074
188.464
192.842
187.443
175.554
164.801
168.334
181.547
193.281
185.134
167.61
161.485
167.529
164.662
140.139
116.637
111
112.676
116.187
121.629
125.094
134.074
146.579
164.96
187.171
212.424
253.704
287.682
286.283
275.096
254.853
245.611
236.119
229.353
228.105
222.063
213.548
199.705
182.842
167.993
165.966
174.395
193.829
215.399
230.294
230.311
210.877
182.52
174.26
168.459
165.167
169.786
170.854
173.172
171.913
169.741
165.49
162.122
158.582
156.016
153.477
148.936
144.416
138.151
135.409
133.751
134.071
136.241
134.031
135.037
132.699
140.321
138.952
150.235
157.618
165.521
185.029
217.247
242.113
246.474
221.992
113.934
97.858
99.9749
101.525
95.6678
94.1814
111.654
128.795
146.256
184.48
246.536
257.567
259.667
266.124
277.447
292.701
302.735
317.468
316.107
320.544
309.805
301.441
291.68
285.275
273.186
252.935
233.9
228.669
228.703
223.295
217.947
221.688
224.729
214.855
197.052
166.697
142.327
124.077
109.928
102.574
105.377
110.087
121.268
127.319
134.384
136.141
140.283
136.865
140.62
136.404
136.743
132.392
130.346
124.065
124.483
142.153
162.312
139.485
103.692
105.954
134.971
168.476
173.295
176.572
183.875
197.152
210.268
219.993
232.439
237.399
239.625
212.521
183.804
176.91
175.519
173.6
168.062
162.95
157.082
152.068
146.073
142.52
140.99
150.617
177.384
203.884
219.673
189.076
130.506
90.6199
50.6274
35.4729
44.1558
68.2746
47.1322
43.8324
44.4942
46.8245
51.5711
57.264
64.596
71.9363
79.8468
86.9801
93.9004
99.5568
108.515
120.841
134.987
145.213
145.338
140.737
122.496
104.171
78.632
54.6016
36.5507
13.4977
9.7719
7.39567
5.82077
5.22554
5.6574
8.22059
10.1261
11.9932
12.8255
13.025
12.4594
12.0268
15.1687
21.0873
35.4448
42.8816
89.7646
131.169
165.147
179.537
185.767
160.046
101.95
68.3631
46.0861
30.4063
23.4909
15.0133
9.00097
6.45438
5.34574
4.80736
4.5395
4.2024
4.83831
5.52002
8.51465
16.9818
25.7418
32.6609
36.4311
39.8291
43.6621
49.6124
53.8037
55.9708
56.8443
59.6108
60.7256
64.7795
58.1526
37.2686
43.8203
32.5185
17.222
10.367
6.85737
4.64567
4.095
3.68142
3.46183
3.19325
3.02427
2.83067
2.73502
2.64686
2.60174
2.81173
3.55322
6.07831
9.12885
10.6404
12.5789
14.6924
16.0981
18.0733
16.4169
15.7829
13.0129
10.9762
8.64313
7.12276
5.86677
4.14467
4.06879
2.92099
3.01164
2.47879
2.59274
2.25938
2.3208
2.04687
2.08613
1.81963
1.81639
1.60478
1.53315
1.49777
1.59772
1.80286
2.72477
2.8917
2.84165
2.61665
2.26195
2.15441
1.98138
1.8849
1.77959
1.76732
1.736
1.72838
1.70329
1.69924
1.67687
1.67308
1.64942
1.64415
1.61788
1.60643
1.57757
1.56441
1.52699
1.44945
1.44806
1.32235
1.33457
1.256
1.27288
1.25181
1.3993
1.05684
1.00002
1
1
15.393
25.3029
24.6495
18.4652
17.1797
16.7318
19.8206
31.1403
54.4593
84.6323
90.563
87.6954
99.4768
123.187
96.1213
82.381
74.9343
65.4698
59.6961
41.8348
28.3476
25.7388
28.9116
33.5273
40.065
48.7317
56.2588
61.4538
62.001
62.736
70.7183
82.0158
111.16
134.448
168.352
150.471
143.373
143.143
145.876
148.896
152.427
155.542
151.555
142.851
133.201
129.693
133.699
142.853
153.363
163.816
171.396
174.225
175.755
182.788
185.093
207.157
218.462
224.974
229.019
228.727
224.471
213.574
196.855
184.964
185.086
195.304
210.184
223.311
230.961
234.227
231.819
228.835
225.341
225.697
220.442
206.747
194.489
188.068
179.077
157.438
133.197
119.473
115.801
116.062
117.688
120.521
125.032
132.303
145.197
165.986
188.993
217.629
257.445
307.158
326.788
318.551
302.07
297.716
283.927
282.598
271.748
255.787
234.898
212.603
197.153
196.435
205.398
220.957
233.393
238.175
234.134
221.754
178.915
154.747
158.031
155.333
155.326
156.738
162.189
165.469
167.189
165.409
163.763
161.322
159.84
159.946
159.722
159.022
158.564
158.824
159.059
162.521
162.063
163.946
161.804
164.842
163.509
171.327
182.776
185.219
193.399
201.033
215.491
237.202
247.759
241.98
210.874
129.995
99.8273
96.424
95.1016
94.7979
96.3804
132.723
159.584
129.493
174.06
247.172
245.048
247.485
252.982
261.918
269.982
285.012
297.555
315.812
322.109
326.266
317.894
308.118
290.673
277.248
262.535
256.082
255.241
257.918
258.834
254.261
243.521
218.825
195.15
164.496
141.755
118.786
102.642
93.6126
96.6977
100.504
108.813
114.189
120.704
124.24
129.715
129.039
131.245
129.039
127.422
123.038
122.116
121.673
121.22
116.724
122.957
121.161
104.43
88.208
92.8172
110.923
134.749
149.821
159.284
170.552
179.136
196.136
213.453
224.409
229.739
212.697
182.65
172.168
169.763
167.157
162.869
157.394
152.441
149.339
142.396
142.146
138.556
139.713
152.53
176.805
206.92
219.196
183.894
138.546
102.21
62.7626
47.3851
52.9186
63.0632
59.33
60.1201
61.0443
64.4456
69.1649
76.4483
85.0678
95.812
106.444
119.288
130.325
145.803
160.917
179.767
192.923
203.5
202.721
192.244
169.355
145.31
108.75
57.0638
48.7354
17.0392
11.1653
8.01863
7.03795
6.28539
6.82823
8.36461
11.1742
14.6935
21.0719
23.7354
28.1358
25.1175
32.2001
37.2789
47.9669
81.0339
131.516
143.171
197.006
219.195
234.173
249.242
206.93
120.039
75.6351
56.3062
39.5593
21.8735
12.8262
9.02967
7.25494
6.61915
6.22654
6.26805
6.54318
7.27515
8.91453
12.3768
16.3253
20.6092
25.0157
29.8764
35.3926
43.1927
53.7085
64.4722
73.4256
83.7847
87.5527
84.9417
70.4316
72.9037
45.8372
21.2979
13.6299
8.27445
6.17703
5.34369
4.39297
4.08935
3.76974
3.60615
3.37708
3.277
3.11588
3.07377
3.12234
3.18805
3.60811
4.98878
6.36224
9.14338
10.9418
12.0043
12.5008
14.1798
13.6255
12.6311
12.0165
10.0359
7.82357
7.31718
4.70199
4.66096
3.31496
3.27458
2.62146
2.55773
2.29585
2.28487
2.05944
2.01748
1.88584
1.9466
1.74731
1.70761
1.56391
1.51711
1.51381
1.6581
1.77957
2.5187
2.19215
2.27636
2.09225
2.06174
1.94921
1.79937
1.79548
1.752
1.74933
1.72644
1.72364
1.70035
1.70036
1.6792
1.6777
1.65394
1.64986
1.62055
1.60876
1.5763
1.47927
1.46562
1.34503
1.3393
1.26107
1.26163
1.22577
1.26228
1.26699
1.06508
1.00002
1
1
14.3678
20.4103
19.6211
17.8958
19.0677
19.0077
20.5401
28.4971
44.2305
71.6524
101.971
112.473
111.127
104.52
99.3446
81.9776
63.8185
54.5162
59.6501
54.8854
39.3661
33.9101
34.6276
37.8173
43.4892
51.0874
60.7965
70.8381
83.3489
101.936
116.471
141.927
145.005
167.876
153.95
150.951
152.614
154.929
158.153
164.713
171.507
173.239
168.452
160.229
150.947
148.431
149.922
157.385
165.598
173.31
178.98
181.338
185.442
185.622
165.002
179.59
223.833
229.035
229.829
226.261
214.334
203.592
195.612
192.683
196.351
205.357
217.137
231.2
244.752
255.734
260.362
262.4
257.563
250.896
241.218
227.748
214.564
198.309
175.576
151.566
132.616
122.1
117.902
116.603
116.166
118.625
121.391
127.106
139.253
152.022
182.079
213.077
246.478
294.272
337.641
363.01
337.252
340.018
325.625
313.484
291.826
262.335
238.179
219.817
214.544
216.22
225.195
232.053
234.834
230.147
218.289
179.281
146.782
136.627
139.836
136.695
130.779
133.005
139.601
148.14
154.311
158.927
160.007
160.904
161.746
163.6
166.766
170.229
173.306
175.034
177.581
180.824
178.736
181.876
178.988
192.739
190.203
207.558
222.854
221.732
228.278
234.842
244.863
251.625
250.285
233.912
198.742
156.573
104.779
88.8665
92.1978
84.4733
94.5032
128.407
141.874
135.162
140.484
223.805
236.132
234.301
238.078
242.219
248.619
254.437
265.276
274.718
291.151
300.041
307.725
302.436
291.78
281.299
273.831
270.024
270.51
267.675
260.027
238.822
215.507
181.144
154.685
127.149
105.903
87.2464
76.977
78.9066
87.4924
99.7979
109.164
118.055
122.03
124.313
123.548
122.023
121.704
119.516
115.615
111.506
109.412
110.448
110.494
108.642
102.46
89.1671
84.0968
78.6183
80.8596
90.3439
104.444
121.483
136.579
145.39
159.861
176.194
191.972
203.464
201.405
178.694
165.185
160.62
157.46
154.361
150.632
146.066
145.401
142.88
145.781
143.334
147.775
151.133
160.422
179.465
198.841
209.857
170.875
146.604
104.964
74.9163
60.8953
62.8443
70.8634
72.3684
74.1407
77.7185
82.0559
89.5439
99.085
111.813
125.186
140.606
155.64
173.819
189.81
211.124
227.103
243.124
250.148
246.144
234.098
205.999
181.221
137.03
62.4534
59.5681
19.3582
13.6214
9.20093
7.75174
7.62624
7.50173
8.99888
11.5277
15.8355
19.3919
30.3989
36.276
44.8281
58.9213
79.1422
109.24
142.505
173.596
220.619
235.499
267.408
286.258
291.042
254.125
175.493
125.289
86.8966
51.697
28.5078
16.6341
11.4803
9.20178
8.33692
7.98342
8.10799
8.49927
9.34826
10.6327
13.0527
16.1534
20.0648
24.4965
29.4342
35.2287
41.6765
48.5204
57.3602
65.6252
76.5366
79.7754
76.1695
72.3073
53.7698
24.9684
16.1306
11.3153
8.42703
6.27731
5.30239
4.82479
4.30825
4.19854
3.96486
3.8137
3.66268
3.60318
3.5446
3.50793
3.66858
4.01879
4.49858
5.51696
6.86067
8.97366
11.3467
12.3777
13.2353
12.7682
12.9411
11.4472
9.02505
8.74649
5.26095
5.08275
3.67149
3.66509
2.88646
2.79137
2.50281
2.47447
2.2351
2.20337
1.97478
1.90892
1.76813
1.79288
1.67262
1.60084
1.52892
1.50252
1.52892
1.67033
1.74241
2.27061
1.78914
1.90796
1.89212
1.81987
1.82272
1.77245
1.76564
1.74674
1.74381
1.72717
1.72419
1.70568
1.70673
1.6881
1.68727
1.66138
1.65553
1.6247
1.518
1.50536
1.38422
1.37335
1.2797
1.27388
1.23301
1.2353
1.2176
1.2883
1.06458
1.00003
1
1
12.881
15.8411
17.4547
19.2138
25.0113
26.5274
25.8899
29.3624
37.6887
52.6528
76.8902
104.451
120.889
118.601
108.623
84.0037
52.5271
41.4411
53.7067
68.0077
60.3168
55.5707
57.1799
61.8152
71.8416
87.6779
108.837
131.594
155.339
169.552
164.99
135.818
129.783
132.791
145.525
145.106
145.745
143.602
145.88
156.084
166.862
169.956
166.863
160.943
154.748
151.022
152.43
157.889
166.292
175.214
180.94
185.372
189.534
189.863
151.268
138.936
152.335
192.014
208.877
205.778
199.872
196.79
194.166
193.647
195.115
199.398
206.898
217.509
232.111
244.982
255.427
261.734
260.38
256.822
246.702
231.888
214.026
193.309
171.481
151.989
136.474
125.819
118.771
114.364
112.493
114.012
114.763
120.457
127.244
140.327
130.27
173.709
228.894
263.184
299.026
332.352
324.347
326.727
306.927
293.164
267.218
249.562
234.112
225.854
221.009
222.605
224.596
225.305
221.01
210.888
194.313
170.623
155.237
139.287
125.259
111.415
103.031
98.9672
102.592
112.161
125.158
136.356
146.255
152.932
157.347
161.918
165.594
169.576
173.311
177.573
178.086
181.606
181.166
185.291
185.15
203.301
211.955
226.664
249.764
254.864
263.423
269.379
269.326
263.448
252.017
231.641
198.165
164.6
142.984
100.521
117.801
109.452
120.041
125.436
129.672
130.979
122.773
190.921
223.3
227.881
225.813
227.365
228.459
233.817
234.345
239.442
240.019
242.911
243.737
247.587
243.219
239.087
232.404
227.346
220.604
210.583
197.697
178.913
157.63
130.263
110.621
88.2225
76.1564
69.1646
74.3321
82.973
95.6752
105.92
114.811
119.629
121.79
121.551
117.945
117.419
114.848
112.738
108.141
103.531
99.8554
98.807
98.6354
97.0468
90.2144
81.4775
75.5315
69.1208
71.5084
76.7897
85.0069
96.6513
110.179
123.607
139.148
151.633
162.978
170.796
167.378
161.725
154.993
151.179
148.491
146.635
145.028
143.474
147.063
147.857
156.501
159.198
164.338
170.28
175.461
182.147
187.301
187.459
159.192
132.893
97.6217
76.3675
69.5084
70.8714
77.7965
78.7208
84.7164
90.6048
101.233
113.09
129.33
145.557
163.953
181.672
200.542
217.198
238.383
253.434
270.728
277.476
283.398
273.783
259.095
229.793
158.16
152.539
61.4386
64.3546
22.518
14.2249
9.94373
8.05099
7.88207
8.63197
9.65769
11.8955
13.9519
18.5802
24.6019
34.9098
50.683
64.0998
81.8953
103.026
128.556
162.958
189.461
219.522
253.226
255.784
265.556
270.795
229.49
159.16
99.7475
58.2533
32.1684
19.0806
12.9047
10.552
9.71406
9.31865
9.66874
10.1501
11.1465
12.5154
14.5391
17.3662
20.9439
25.2663
30.4205
36.3421
43.1177
50.6077
58.8175
67.6202
58.226
78.1084
48.2443
64.441
30.2585
21.7223
13.3188
9.39381
7.70718
6.44281
5.17405
4.78033
4.58351
4.38191
4.35977
4.20551
4.0504
4.00202
3.90426
3.9472
4.00155
4.15767
4.63556
5.14064
6.14018
8.12739
7.89968
12.0164
11.1659
13.1867
12.4619
9.63405
10.7788
6.19973
5.97821
4.18012
4.1085
3.25533
3.10642
2.77635
2.71886
2.4552
2.44943
2.17737
2.14695
1.9
1.84142
1.69888
1.67344
1.59963
1.52479
1.46985
1.44924
1.48928
1.77671
1.57234
1.89167
1.7123
1.81622
1.83021
1.77622
1.78351
1.76142
1.7669
1.74189
1.74902
1.72379
1.73061
1.70798
1.71644
1.69147
1.69027
1.66022
1.5829
1.58308
1.43165
1.41713
1.31891
1.30712
1.24571
1.24372
1.21716
1.24219
1.24622
1.06731
1.00003
1
1
10.5532
12.8856
16.1171
20.5828
31.7828
38.525
39.1799
37.9659
41.3747
49.2229
63.2084
81.4622
98.4088
100.79
89.8707
69.9456
46.9418
32.9077
36.5948
63.3774
81.0263
83.1515
93.0527
107.518
124.491
146.346
156.995
162.972
155.454
141.979
107.391
81.0494
71.7078
61.5209
81.1959
105.861
121.458
115.152
112.048
116.939
128.875
142.207
146.876
146.628
142.173
139.255
139.415
144.45
153.995
164.978
174.03
181.014
186.712
192.474
178.667
144.016
131.049
132.431
144.968
155.46
156.257
160.541
189.433
189.545
190.15
190.79
193.838
198.498
203.747
210.455
217.366
223.909
223.413
219.552
210.491
197.673
181.808
166.063
151.61
139.306
129.091
120.424
113.648
107.691
104.875
104.868
105.822
111.769
116.42
122.846
130.975
111.864
137.679
212.624
267.689
286.228
280.055
280.182
271.138
264.443
250.777
241.872
231.909
223.921
217.742
214.695
211.048
207.971
199.641
187.482
169.857
152.581
133.858
119.992
105.319
93.8221
84.632
78.3204
74.9137
76.0881
77.5001
86.2964
109.09
128.645
139.723
148.932
155.493
160.216
163.497
167.523
166.279
171.75
171.899
177.119
178.187
194.657
203.655
225.544
243.519
265.086
277.532
283.418
273.976
265.877
245.921
226.994
198.633
171.669
144.413
128.886
119.062
118.476
121.027
122.923
125.573
126.685
100.209
137.138
192.295
222.928
230.541
225.349
222.463
218.391
217.956
213.341
210.446
205.988
198.764
191.945
186.371
178.167
172.282
167.021
162.139
152.959
140.465
125.193
107.804
90.261
80.7429
73.3037
77.1183
80.9243
92.0356
102.966
115.383
124.724
130.271
131.029
128.968
126.473
121.608
120.893
118.043
114.687
110.264
103.617
93.2521
82.0541
91.3033
88.8368
81.9529
75.3847
70.4389
64.2102
68.3978
72.2683
82.1059
87.2108
98.1786
106.818
115.902
124.774
135.161
140.821
146.228
151.339
151.875
150.878
149.261
147.688
149.363
150.818
160.326
163.038
178.155
181.953
189.116
194.636
192.29
186.139
172.292
145.05
135.313
106.008
75.5961
68.602
66.6676
67.4595
73.3761
76.6193
86.7531
99.68
117.749
138.679
161.673
184.343
206.313
225.158
242.617
257.736
270.831
281.213
290.806
295.293
293.867
283.956
256.711
218.671
143.788
142.045
59.7258
45.9732
21.8261
12.8658
9.0539
8.11485
7.84248
8.88535
10.4744
11.3903
13.309
16.1701
20.7705
31.8617
49.5838
65.5467
85.6916
105.15
134.124
158.322
192.07
218.702
243.736
242.457
264.631
262.347
234.347
158.149
96.0854
53.2796
29.6825
17.6726
12.945
10.7817
10.3559
9.95484
10.5368
11.0932
12.2782
13.8283
16.0032
18.7578
22.3541
26.7307
32.0625
38.1718
45.241
52.7289
59.6243
69.3768
71.3213
62.4709
51.9831
48.1986
29.8567
18.9675
11.5106
9.47288
7.16048
6.47844
5.44351
5.1335
4.75124
4.82349
4.64623
4.58594
4.40749
4.26651
4.22855
4.08917
4.19093
4.31638
4.48316
4.98991
5.55045
6.23229
9.16127
9.00102
12.6506
13.2318
11.0969
12.0779
7.52485
7.22312
4.90046
4.59194
3.68501
3.45913
3.12603
2.97041
2.72221
2.63649
2.36339
2.35245
2.09897
2.09432
1.83071
1.745
1.64401
1.6125
1.53826
1.46059
1.41369
1.37814
1.42846
1.64049
1.80468
1.78952
1.81093
1.7794
1.77024
1.78548
1.76057
1.77323
1.74546
1.75335
1.73335
1.73454
1.72572
1.71639
1.70923
1.68923
1.65447
1.62673
1.49901
1.47115
1.37315
1.34196
1.27741
1.25794
1.22776
1.22977
1.2203
1.27613
1.07305
1.00004
1
1
5.08746
7.30398
10.3472
15.3311
27.8667
38.4776
46.0311
53.829
58.0818
63.3548
68.2648
72.5595
75.4066
73.8806
67.2517
58.1598
43.499
29.4234
23.5153
33.1581
60.2596
71.2822
81.8773
94.8639
100.173
109.178
96.9317
95.8111
78.6954
68.7003
53.3955
41.9455
37.5374
36.1801
34.7605
35.2331
36.0941
36.038
35.7203
35.8206
38.2896
47.469
83.817
109.686
121.036
126.189
124.849
123.446
123.771
128.217
133.776
142.943
148.454
153.545
156.348
154.096
147.973
139.512
144.724
145.93
146.236
147.201
151.6
150.803
150.616
152.445
153.203
152.274
152.363
150.737
149.986
153.625
157.437
164.641
167.678
167.116
164.276
158.991
153.103
146.697
141.121
135.099
129.962
124.262
120.446
117.975
113.745
117.727
117.661
124.18
123.381
122.288
74.7371
69.663
111.853
142.108
132.859
145.339
149.105
159.851
163.296
168.894
169.862
172.117
171.117
172.813
172.692
173.775
173.203
166.423
161.371
153.773
145.848
139.696
131.323
124.938
118.025
113.784
109.271
106.624
105.03
105.053
89.8719
83.7212
90.2328
109.715
114.386
124.792
126.221
140.82
140.765
144.918
144.586
147.196
153.04
151.778
170.746
171.777
181.556
184.569
189.675
193.549
196.209
196.215
197.72
192.806
188.092
177.466
167.153
162.137
153.047
153.358
151.01
154.333
152.766
152.827
122.414
102.079
136.084
181.553
194.492
193.288
186.741
183.817
187.888
193.342
197.082
201.42
194.786
193.356
184.774
183.029
176.14
170.14
164.972
157.801
150.101
145.126
140.398
136.799
140.764
138.87
145.045
147.143
151.598
153.4
156.753
155.821
153.517
151.145
146.008
143.985
142.3
143.449
144.727
144.484
143.11
138.491
116.782
101.323
98.8983
117.861
123.211
123.852
117.539
112.68
112.545
122.552
123.117
98.7891
123.516
131.767
169.14
179.215
188.873
200.972
211.455
219.916
227.215
230.542
231.785
229.879
228.862
226.114
227.643
221.446
226.066
221.533
226.632
228.851
218.014
188.384
145.555
84.4356
43.812
42.0327
49.6774
55.3055
61.7872
67.4133
78.3974
85.4432
93.3955
104.012
112.221
125.39
133.964
149.401
154.533
160.699
154.826
147.214
143.738
136.251
131.274
119.316
93.9185
77.5002
57.0379
50.1334
29.4801
26.7298
11.9363
8.46704
5.75216
5.79012
6.31562
8.74986
9.05062
11.1243
10.3224
11.9125
12.7094
15.6303
20.8749
33.0215
37.4836
43.8661
48.3499
54.1208
59.1639
59.1628
66.2614
65.0502
72.6176
63.5336
67.2513
61.1463
90.7862
59.4507
29.9874
18.4972
11.8467
12.2406
10.3284
10.0111
9.52497
9.64956
9.92125
10.6785
11.5934
12.9512
14.3625
16.4313
18.349
21.0457
23.8166
26.8502
31.512
34.0403
41.6297
41.1091
53.5251
37.4805
26.6721
22.9793
16.7929
7.28091
5.44712
5.46269
4.79029
5.6238
4.51593
4.66739
3.95312
4.33631
4.0027
4.22701
3.97235
4.11635
3.79991
4.17896
4.04453
4.29679
4.31017
4.84646
5.61643
6.23341
6.56656
10.2732
8.50282
8.74256
9.12561
5.96589
9.21782
4.97676
5.87656
4.52238
4.69543
4.03167
3.89267
3.1587
3.12726
2.52441
2.64728
2.17565
2.36762
1.95847
2.03596
1.88878
1.88257
1.80908
1.75074
1.69104
1.62911
1.59047
1.57312
1.8469
2.17189
2.10209
2.04145
2.08424
2.08632
2.11564
2.11457
2.15165
2.14434
2.18845
2.17826
2.23333
2.22568
2.28179
2.27753
2.33649
2.32424
2.10703
2.2714
1.96357
2.07164
1.86765
1.93124
1.80697
1.86
1.78429
1.81539
1.76531
1.36735
1.00004
1
1
)
;

boundaryField
{
    wand
    {
        type            zeroGradient;
    }
    frontAndBack
    {
        type            empty;
    }
}


// ************************************************************************* //
