/*--------------------------------*- C++ -*----------------------------------*\
| =========                 |                                                 |
| \\      /  F ield         | OpenFOAM: The Open Source CFD Toolbox           |
|  \\    /   O peration     | Version:  2.1.1                                 |
|   \\  /    A nd           | Web:      www.OpenFOAM.org                      |
|    \\/     M anipulation  |                                                 |
\*---------------------------------------------------------------------------*/
FoamFile
{
    version     2.0;
    format      ascii;
    class       volScalarField;
    location    "0.004350000";
    object      T;
}
// * * * * * * * * * * * * * * * * * * * * * * * * * * * * * * * * * * * * * //

dimensions      [0 0 0 1 0 0 0];

internalField   nonuniform List<scalar> 
12384
(
2997.15
2993.16
2994.49
2994.57
2994.23
2995.96
2999.31
2998.76
3004.35
3001.97
2996.01
2984.23
2829.7
2598.12
2557.96
2696.04
2731.79
2737.66
2737.54
2728.3
2726.48
2719.22
2717.82
2723.88
2723.9
2726.92
2735.72
2740.93
2743.69
2767.92
2764.68
2800.52
2795.14
2835.02
2839.1
2862.82
2878.54
2904.79
2927.22
2859.86
2702.23
2598.29
2575.79
2676.07
3078.46
3083.21
3060.66
3061.13
3066.62
3073.01
3071.54
3073.79
3072.53
3075.36
3069.93
3071.28
3063.98
3061.75
3054.15
3052.9
3044.31
3044.09
3028.71
3029.66
3000.74
2929.12
3012.68
3057.1
3047.07
3043.47
3012.15
2953.45
2799.84
2653.65
2880.6
2875.19
2865.71
2854.86
2848.79
2848.16
2850.14
2847.05
2844
2838.2
2831.88
2830.34
2825.99
2813.56
2819.22
2796.6
2789.08
2806.84
2767.44
2835.9
2832.03
2868.56
2903.86
2927.64
2916.67
2855.56
2855.07
2867.6
2870.99
2866.58
2758.87
2747.04
2803.98
2841.04
2844.44
2838.86
2830.79
2812.23
2783.47
2764.91
2745.68
2729.03
2723.94
2714.71
2711.83
2709.43
2707.37
2722.95
2733.81
2739.93
2754.88
2761.37
2731.65
2734.75
2718.29
2633.92
2606.79
2618.65
2645.15
2659.33
2550
2732.02
2730.02
2735.81
2750.54
2754.44
2750.85
2741.88
2732.31
2720.32
2710.49
2700.75
2694.17
2684.8
2676.49
2669.38
2664.9
2661.82
2673.78
2678.43
2713.78
2730.94
2772.26
2792.58
2815.66
2832.85
2850.41
2868.36
2866.75
2728.8
2699.37
2706.09
2757.61
2756.45
2710.85
2695.54
2679.34
2669.91
2671.61
2644.09
2627.04
2620.01
2590.22
2588.43
2559.37
2558.17
2538.95
2539.39
2521.63
2522.92
2513.34
2512.71
2504.6
2508.56
2508.19
2525.52
2551.41
2590.17
2597.11
2424.44
2434.79
2475.61
2668.12
2763.5
2687.01
2680.7
2659.7
2670.55
2669.47
2664.75
2690.98
2682.95
2711.95
2704.33
2722.19
2732.2
2741.75
2755.63
2771.39
2786.79
2805.65
2822.51
2838.76
2847.89
2866.53
2851.25
2858.62
2858.04
2820.05
2761.13
2406.87
2434.24
2616.56
2587.13
2501.07
2530.52
2540.65
2554.08
2555.19
2577.2
2592.63
2597.28
2617.49
2611.67
2620.96
2612.17
2613.02
2612.13
2606.23
2594.79
2593.59
2577.05
2588.89
2588.69
2614.58
2639.07
2655.19
2669.56
2706.66
2950.48
2733.69
3017.15
3012.78
2999.28
2993.35
2987.64
2975.85
2966.01
2938.67
2924.03
2877.6
2864.35
2817.99
2792.23
2782.6
2746.63
2754.95
2723.75
2745.48
2727.6
2752.78
2769.88
2781
2791.2
2795.35
2783.91
2767.16
2746.49
2748.74
2781.58
2640.09
2881.29
2866.66
2871.69
2871.66
2863.78
2847.64
2829.69
2810.66
2794.13
2781.11
2768.27
2755.87
2734.8
2725.16
2661.05
2691.57
2576.15
2631.43
2602.87
2622.75
2644.71
2659.54
2666.66
2692.84
2705.03
2720.08
2750.87
2833.35
2918.39
2390.33
2928.28
2789.73
2762.45
2757.9
2763.09
2783.13
2793.92
2811.62
2816.94
2833.32
2836.57
2847.56
2844.86
2854.23
2849.88
2855.96
2849.64
2844.26
2832.28
2805.32
2795.21
2763.07
2732.02
2739.8
2750.4
2923.56
2607.75
2367.72
2450.24
2198.69
2255.12
2266.23
2371.03
2561.9
2779.6
2955.42
2863.1
2797.53
2762.32
2733.6
2709.78
2693.26
2680.17
2673.46
2671.69
2680.22
2694.83
2722.28
2760.48
2820.46
2850.47
2913.78
2934.19
2955.33
2748.51
2469.35
2311.3
2313.83
2406.47
2997.92
3005.14
3018.14
3015.06
3018.95
3007.26
3010.14
3006.56
3014.99
3017.43
3010.58
2992.19
2914.34
2644.43
2560.94
2727.8
2734.54
2701.18
2678.73
2667.58
2660.04
2661
2672.38
2681.88
2694.34
2714.83
2727.66
2745.31
2761.03
2782.3
2793.95
2817.52
2829.81
2844.51
2856.48
2869.22
2877.92
2895.2
2918.49
2913.21
2849.13
2720.19
2630
2631.03
3081.74
3039.46
3022.23
3043.19
3064.92
3062.09
3040.76
3013.64
2992.88
2973.87
2968.69
2960.6
2959.32
2957.53
2966.12
2971.98
2993.58
3009.69
3022.09
3020.63
3014.16
2946.17
2937.66
3004.23
3014.05
3038.84
3043.65
3034.13
2950.83
2723.48
2876.4
2842.67
2825.35
2832.53
2847.3
2848.56
2849.91
2848.09
2846.71
2839.16
2827.73
2818.7
2809.11
2806.18
2790.28
2792.95
2784.85
2791.06
2793.79
2833.29
2824.4
2861.63
2884.42
2912.96
2930.02
2910.09
2875.74
2902.03
2912.29
2901.09
2699.2
2838.38
2847.22
2819.57
2804.11
2793.54
2786.34
2781.55
2791.69
2797.64
2807.92
2810.82
2809.9
2786.83
2755.14
2726.16
2713.1
2708.24
2711.08
2716.58
2731.53
2758.57
2749.44
2732.78
2735.54
2747.53
2702.18
2692.08
2711.49
2709.76
2614.78
2729.81
2738.01
2754.93
2743.48
2725.66
2694.7
2660.36
2625.94
2605.58
2591.26
2582.45
2574.62
2569.41
2563.54
2559.1
2556.2
2550.7
2547.03
2551.25
2560.03
2577.45
2616.13
2652.44
2708.44
2764.62
2808.65
2848.05
2865.35
2834.45
2702.05
2722.21
2775.41
2732.24
2690.43
2678.63
2676.46
2657.14
2572.53
2525.82
2483.83
2506.53
2511.72
2543.71
2533.57
2541.63
2513.82
2511.84
2480.83
2476.81
2450.5
2445.73
2430.65
2424.34
2418.95
2431.29
2474.71
2558.21
2596.88
2489
2489.06
2699.05
2793.92
2730.37
2704.4
2714.75
2694.66
2709.88
2710.45
2721.28
2738.67
2747.3
2772.13
2774.62
2786.84
2779.83
2772
2759.77
2760.61
2772.71
2824.46
2877.64
2901.37
2855.76
2811.77
2764.06
2789.07
2840.95
2879.99
2773.96
2480.35
2744.88
2794.63
2543.36
2520.26
2562.35
2585.68
2613.79
2630.8
2659.46
2677.74
2697.54
2704.62
2698.74
2688.96
2667.91
2655.86
2645.3
2658.32
2652.7
2679.99
2670
2685.75
2677.67
2668.53
2682.8
2708.64
2696.93
2713.71
2969.03
2941.3
3016.78
3000.93
2952.43
2941.32
2960.42
2973.61
2952.52
2886.16
2838.32
2752.68
2716.73
2696.96
2659.23
2694.42
2664.62
2712.02
2685.87
2723.13
2733.67
2763.33
2799.88
2820.59
2831.36
2831.44
2822.16
2798.02
2768.09
2743.84
2762.73
2946.85
2899.62
2937.76
2992.57
2998.65
2965.19
2911.33
2851.57
2802.37
2781.71
2794.91
2832.45
2871.9
2887.58
2884.33
2856.5
2827.21
2757.91
2733.77
2705.08
2700.76
2687.96
2683.73
2685.8
2700.55
2716.56
2733.4
2748.66
2795.8
2887.64
2902.41
2842.51
2772.8
2768.46
2808.4
2848.16
2881.91
2904.09
2914.49
2915.72
2919.85
2911.46
2916.03
2914.38
2927.75
2945
2968.97
2987.27
2988.66
2984.2
2963.87
2928.6
2859.29
2800.05
2749.62
2736.31
2819.95
3015.19
2481.95
2411.53
2228.18
2267.99
2328.41
2517.47
2803.84
2925.87
2776.66
2666.09
2609.33
2591.8
2581.78
2574.87
2570.82
2562.99
2554
2544.11
2534.02
2521.72
2513.72
2505.85
2515.73
2569.8
2626.09
2704.1
2753.63
2844.49
2980.47
2591.61
2349.94
2373.93
3038.17
3034.06
3014.37
2996.88
2991.64
3009.59
3023.09
3020.82
3024.06
3025
3022.4
3004.43
2963.1
2699.46
2571.52
2734.95
2672.31
2638.71
2635.55
2640.71
2652.62
2674.59
2689.91
2712.49
2737.12
2750.24
2767.68
2792.12
2802.69
2847.12
2864.91
2906.07
2933.29
2950.72
2949.47
2938.03
2919.04
2908.65
2912.14
2921.57
2913.42
2834.69
2678.68
2634.97
3078.4
3022.96
3019.37
3050.32
3046.44
2985.62
2917.5
2881.6
2854.25
2859.86
2855.36
2871.96
2867.09
2875
2860.6
2866.61
2870.03
2918.54
2957.15
3001.58
3007.09
2973.61
2910.87
2907.98
2881.65
2923.43
3010.98
3042.57
3007.8
2800.6
2830.37
2813.66
2834.47
2852.13
2853.01
2852.31
2850.88
2846.39
2836.34
2826.5
2813.44
2792.08
2777.01
2761.05
2746.18
2737.21
2720.57
2739.9
2732.47
2785.44
2809.47
2864.63
2869.41
2895.48
2918.79
2929.79
2897.08
2904.34
2923.23
2911.99
2710.37
2861.05
2811.22
2794.39
2792.06
2787.96
2778.66
2773.49
2765.64
2764.96
2778.5
2790.95
2802.77
2801.79
2764.94
2728.54
2706.49
2707.42
2698.91
2705.72
2715.6
2742.32
2764.85
2742.11
2733.07
2739.38
2749.93
2742.88
2732.78
2718.86
2680.67
2730.11
2750.03
2725.82
2694.84
2638.93
2598.11
2583.61
2579.46
2576.98
2578.14
2577.9
2580.08
2584.7
2592.37
2600.29
2597.94
2599.11
2595.23
2584.02
2574.68
2563.93
2558.21
2576.69
2602.94
2655.39
2726.4
2791.53
2851.69
2856.33
2705.02
2745.03
2763.78
2711.84
2674.93
2679.43
2618.8
2529.75
2511.61
2565.36
2564.15
2577.29
2560.36
2581.69
2575.23
2587.06
2537.82
2522.46
2498.05
2502.55
2487.85
2476.87
2446.51
2420.43
2386.8
2364.42
2384.34
2482.95
2596.94
2532.92
2585.5
2823.71
2754.77
2731.52
2725.34
2727.83
2697.74
2703.82
2689.06
2685.29
2708.58
2722.63
2764.48
2789.37
2814.58
2813.63
2807.58
2794.55
2788.07
2812.64
2889.48
2939.28
2920.34
2847.17
2775.72
2687.39
2668.95
2698.96
2862.46
2798.86
2782.03
2809.47
2615.22
2526.1
2547.72
2586.94
2594.55
2620.85
2635.88
2678.29
2715.82
2757.04
2780.96
2771.18
2755.81
2713.16
2708.2
2716.15
2783.32
2833.95
2915.89
2911.46
2907.49
2912.14
2891.62
2828.83
2796.3
2749.04
2717.84
2957.99
2992.92
3014.28
2948.19
2908.52
2908.69
2935.06
2973.28
2919.81
2812.05
2736.71
2669.31
2642.65
2672.46
2705.1
2772.15
2797
2836.69
2806.15
2827.98
2808.19
2814.73
2802.01
2787.69
2767.49
2767.44
2792.1
2836.25
2809.89
2763.4
2767.98
2969.73
2950.77
3040.19
3043.73
3032.91
2985.92
2892.25
2807.85
2779.53
2809.96
2930.75
3010.93
3015.8
2949.38
2905.29
2842.44
2844.06
2822.26
2889.92
2882.31
2847.05
2792.81
2750.22
2729.69
2724.94
2734.28
2744.8
2753.31
2782.19
2850.26
2943.16
2798.51
2775.87
2812.97
2869.32
2905.27
2925.55
2924.48
2932.36
2920.32
2916.34
2891.59
2886.43
2880.82
2917.54
2975.46
3011.9
2931.35
2889.84
2894.9
2951.56
3010.06
2953.15
2868.66
2774.32
2735.74
2771.53
2948.16
2628.87
2371.09
2237.91
2290.39
2443.04
2765.35
2931.02
2756.85
2640.51
2603.93
2605.25
2618.33
2631.47
2639.87
2641.71
2633.15
2630.46
2616.04
2600.37
2583.08
2554.25
2524.05
2497
2510.55
2594.59
2712.93
2805.79
2814.38
2849.55
2984.35
2500.77
2335.16
3022.8
2966.82
2910.25
2890.56
2888.49
2902.08
2944.97
3005.52
3021.94
3028.96
3027.36
3016.65
2983.3
2745.91
2592.27
2709.91
2634.64
2634.45
2662.9
2700.17
2736.25
2761.55
2776.05
2783.54
2774.18
2766.02
2762.71
2767.04
2782.86
2831.76
2878.37
2950.69
2997.47
3027.68
3038.6
3032.02
2998.78
2951.12
2921.5
2921.62
2926.1
2880.54
2724.11
2635.45
3065.84
3015.38
3022.5
3042.88
3002.61
2913.76
2862.3
2848.68
2872.26
2908.68
2934.27
2948.93
2949.07
2938.43
2920.65
2878.49
2839.68
2830.07
2887.32
2943.13
2993.46
2983.07
2927.94
2871.2
2831.01
2820.8
2890.02
3018.3
3027.73
2863.15
2790.89
2821.9
2851.01
2851.85
2847.67
2844.81
2844.87
2846.62
2829.74
2806.77
2777.15
2754.26
2734.29
2723.28
2714.75
2699.04
2701.81
2706.32
2711.75
2753.64
2784.64
2847.76
2865.36
2887.55
2907.05
2924.69
2909.45
2904.31
2925.35
2922.08
2776.91
2861.3
2813.5
2814.55
2831.99
2834.86
2830.66
2820.3
2812.13
2811.21
2806.04
2805.77
2768.95
2734.73
2716.25
2699.75
2705.26
2698.6
2705.93
2709.86
2717.42
2734.11
2757.92
2755.84
2738.2
2736.98
2741.59
2752.98
2746.01
2718.98
2700.04
2743.34
2724.93
2679.01
2619.1
2590.07
2588.63
2599.42
2606.36
2609.18
2607.79
2613.14
2626.56
2648.35
2669.61
2682.9
2698.57
2703.29
2702.19
2698.9
2681.47
2667.13
2626.69
2589.95
2582.38
2600.4
2652.45
2734.12
2817.79
2854.71
2709.58
2763.32
2737.05
2692.98
2673.15
2620.81
2528.54
2553.94
2579.29
2573.23
2540.62
2551.02
2554.43
2589.77
2590.24
2554.55
2484.81
2482.82
2472.39
2490.08
2476.18
2479.72
2452.95
2430.71
2387.08
2340.07
2333.95
2414.65
2585.43
2562.88
2680.8
2802.66
2740.4
2744.75
2731.87
2722.49
2665.91
2655.24
2629.26
2634.45
2635.49
2668.39
2693.92
2742.88
2789.39
2808.7
2817.1
2819.86
2837.42
2891.07
2962.24
2988.65
2993.62
2987.71
2923.1
2786.59
2655.98
2665.61
2817.48
2798.43
2870.46
2641.99
2534.39
2526.22
2551.95
2557.4
2544.89
2550.08
2570.34
2627.83
2702.35
2777.75
2813.36
2809.91
2767.36
2738.42
2736.67
2814.23
2915.52
2835.07
2679.36
2612.16
2581.78
2591.03
2639.7
2820.36
2906.68
2797.67
2729.49
2939.21
3000.15
2995.79
2940.13
2925.33
2907.77
2917.48
2972.6
2887.61
2762.19
2685.03
2669.56
2730.52
2826.03
2876.72
2778.48
2645.48
2638.85
2598.74
2636.39
2658.7
2684.31
2714.48
2714.69
2706.99
2682.47
2676.22
2728.31
2834.52
2777.95
2754.4
2972.37
3013.23
3049.55
3022.8
3023.22
2933.74
2824.64
2779.39
2799
2951.86
3035.53
2972.2
2907.4
2843.1
2793.47
2728.46
2710.46
2694.36
2677.56
2796.97
2917.17
2917.34
2842.77
2787.29
2761.13
2765.86
2781.7
2787.15
2793.81
2847.55
2889.71
2780.8
2796.2
2854.56
2898.36
2921.26
2931.84
2930.99
2936.87
2919.9
2906.48
2879.23
2860.04
2864.08
2914.96
3002.58
2899.99
2788.52
2764.35
2770.84
2837.32
2943.37
3002.37
2901.57
2789.45
2731.7
2749.8
2894.5
2823.32
2357.8
2252.01
2336.02
2613.95
2967.17
2792.39
2649.54
2607.46
2613.47
2634.15
2662.78
2684.51
2698.18
2697.74
2696.22
2678.46
2662.43
2642.03
2623.94
2603.98
2574.51
2537.92
2507.03
2565.5
2734.06
2889.61
2898.42
2845.79
2907.66
2677.82
2298.23
2989.09
2904.35
2868.5
2870.03
2875.35
2874.12
2882.45
2938.05
2998.59
3016.27
3020.84
3020.13
2991.89
2796.56
2627.71
2676.69
2662.85
2691.59
2737.45
2789.52
2825.85
2842.71
2839.98
2814.29
2775.62
2737.16
2702.51
2698.67
2735.44
2804.2
2894.61
2981.82
3031.36
3055.03
3066.5
3064.44
3052.93
3002.49
2942.97
2921.28
2925.47
2904.94
2773.71
2654.11
3053.61
3011.71
3017.25
3029.06
2985.58
2924.95
2917.51
2954.8
2974.68
2978.83
2977.68
2983.58
2972.44
2972.44
2952.89
2940.87
2884.98
2822.69
2828.58
2899.36
2956.96
2975.67
2940.05
2878.14
2824.64
2798.13
2821.36
2956.3
3029.93
2885.49
2784.22
2834.37
2849.74
2842.46
2838.81
2838.55
2844.26
2832.78
2797.2
2761.19
2735.43
2723.08
2718.36
2721.87
2703.65
2703.09
2692.08
2704.72
2703.39
2748.67
2779.84
2834.52
2865.48
2878.1
2895.88
2917.74
2917.64
2906.6
2924.98
2927.89
2866.45
2847.77
2821.73
2839.81
2795.13
2719.72
2696.55
2707.42
2713.54
2707.46
2705.96
2704.22
2712.56
2724.8
2733.81
2742.37
2738.15
2742.77
2736.87
2737.68
2743.64
2743.19
2759.98
2764.37
2747.69
2735.95
2736.56
2744.12
2751.41
2716.28
2703.23
2729.06
2691.15
2631.9
2594.35
2602.22
2621.27
2625.81
2625.66
2618.65
2618.46
2634.25
2665.96
2699.65
2722.46
2741.73
2742.51
2734.94
2736.11
2734.79
2743.19
2741.38
2718.33
2669.25
2614.51
2599.51
2622.01
2688.79
2790.2
2850.56
2696.47
2756.73
2720.42
2683.15
2646.07
2557.03
2562.51
2595.38
2552.55
2553.14
2537.06
2556.69
2572.36
2608.3
2590.41
2510.81
2468.31
2497.35
2531.41
2549.44
2524.05
2509.75
2475.89
2448.98
2400.58
2343.67
2316.56
2371.36
2577.12
2551.65
2746.26
2778.56
2737.19
2744.67
2731.65
2687.08
2640.91
2620.83
2606.62
2609.06
2618.72
2627.9
2662.14
2693.57
2752.37
2793.23
2814.2
2834.39
2882.25
2938.43
2959.21
2948.54
2941.05
2936.63
2976.79
2949.55
2762.31
2656.76
2785.03
2807.28
2747.22
2556.66
2516.32
2521.99
2518.81
2492.31
2451.88
2448.49
2468.1
2543.62
2652.39
2769.13
2828.61
2818.13
2757.52
2729.63
2779.97
2883.18
2819.46
2638.05
2562.02
2538.47
2549.56
2548.87
2530.57
2588.09
2834.01
2836.48
2728.4
2930.26
2999.73
2992.58
2971.65
2966.6
2921.3
2920.25
2964.93
2841.35
2730.75
2682.58
2741.27
2901.46
2787.95
2596.95
2575.05
2512.88
2541.56
2514.72
2581.51
2605.15
2683.77
2720.75
2750.26
2750
2720.59
2669.87
2657.34
2775.49
2827.74
2780.54
2986.98
3055.81
3038.64
3041.22
2988.2
2876.41
2790.32
2780.05
2896.37
3033.2
3006.85
2957.43
2900.36
2825.75
2750.42
2685.99
2669.26
2648.89
2640.2
2694.27
2777.79
2931.76
2918.2
2843.08
2800.06
2797.15
2812.2
2813.42
2806.99
2841.73
2858.11
2781.07
2821.04
2882.09
2918.54
2931.68
2934.91
2940.87
2935.73
2927.78
2922.42
2885.42
2855.58
2845.24
2882.66
2969.51
2963.13
2817.19
2791.01
2786.44
2853.06
2948.43
2990.56
2887.78
2773.16
2717.44
2730.72
2847.99
3009.55
2367.29
2260.6
2395.54
2832.25
2872.26
2700.93
2620.85
2612.26
2637.73
2681.69
2724.34
2760.37
2780.11
2791.91
2780.18
2755.48
2724.51
2691.09
2657.99
2629.06
2603.51
2570
2540.71
2550.17
2764.07
2938.59
2962.14
2889.05
2903.95
2741.56
2289.23
2963.39
2869.77
2868.04
2896.66
2913.89
2893.02
2877.45
2889.27
2950.83
2998.14
3013.89
3019.79
3001.19
2828.79
2673.05
2690.26
2732.04
2753.15
2797.46
2841.46
2869.55
2878.84
2853.56
2815.5
2758.12
2693.49
2644.62
2652.9
2715.01
2837.13
2952.41
3015.61
3040.92
3050.46
3056.17
3062.03
3055.7
3027.12
2965.87
2925.6
2928.78
2914.15
2793.78
2655.38
3042.85
3007.81
3008.85
3017.69
2993.22
2976.22
2970.96
2972.54
2955.85
2961.39
2960.96
2975.75
2972.73
2975.24
2953.18
2938.99
2920.55
2835.06
2808.79
2862.64
2928.05
2958.62
2943.94
2889.71
2834.86
2797.33
2791.41
2895.02
3031.58
2903.94
2794.02
2843.95
2842.94
2832.88
2828.75
2833.65
2844.5
2814.49
2766.33
2738.01
2730.85
2742.1
2748.13
2742.31
2734.19
2719.51
2704.5
2708.55
2706.08
2747.99
2778.29
2834.46
2861.15
2867.01
2886.83
2910.65
2921.91
2913.08
2925.95
2930.15
2882.39
2826.73
2839.65
2793.95
2642.77
2595.61
2586.63
2605.47
2625.03
2674.21
2717.01
2741.06
2738.58
2743.4
2747.81
2742.35
2746.39
2735.23
2742.58
2748.74
2752.24
2756.52
2758.07
2766.09
2748.44
2738.5
2723.45
2733.7
2748.3
2712.22
2705.32
2714.85
2657.31
2603.21
2600.95
2626.21
2644.95
2646.02
2635.01
2625.12
2627
2652.59
2696.95
2730.81
2750.06
2745.01
2736.91
2737.97
2725.94
2736.56
2735.03
2754.33
2754.27
2735.96
2677.13
2624.11
2619.81
2669.68
2773.92
2847.85
2691.56
2743.61
2710.46
2665.23
2618.91
2580.68
2579.7
2561.66
2542.29
2560.41
2563.29
2576.94
2595.35
2626.74
2576.99
2483.02
2472.7
2561.92
2595.29
2591.98
2591.39
2589.23
2551.35
2499.52
2429.08
2354.72
2312.91
2376.11
2565.22
2586.69
2775.11
2762.14
2728.08
2739.54
2705.07
2664.86
2620.23
2616.83
2607.21
2618.27
2613.2
2627.37
2635.81
2667.43
2727.89
2786.32
2812.25
2856.49
2903.68
2924.43
2908.02
2906.76
2909.6
2915.51
2918.46
2946.06
2928.12
2777.14
2832.83
2789.52
2669.4
2518.93
2505.11
2496.19
2462.3
2410.48
2380.66
2375.46
2391.15
2460.4
2586.16
2748.15
2834.41
2815.47
2726.99
2722.5
2809.93
2900.68
2724.94
2628.78
2604.43
2632.72
2662.08
2682.11
2629.65
2550.6
2684.78
2870.49
2718.1
2919.12
2995.85
3006.6
3019.99
3000.05
2936.27
2933.44
2951.45
2813.29
2726.98
2711.92
2843.56
2829
2671.99
2591.45
2619.65
2638.74
2662.11
2638.31
2649.08
2673.88
2763.06
2834.49
2861.27
2864.04
2832.78
2741.07
2657.48
2716.09
2858.6
2790.6
2999.45
3062.53
3053.3
3034.98
2955.34
2841.72
2775.39
2810.52
2955.11
3038.41
3022.94
2981.82
2887.81
2774.25
2683.76
2638.69
2604.12
2612.8
2609.91
2658.62
2714.6
2855.1
2944.75
2877.47
2826.73
2825.03
2846.92
2853.2
2831.1
2847.38
2834.93
2779.98
2843.53
2905.45
2930.2
2934.54
2940.32
2931.92
2933.15
2936.9
2929.6
2923.79
2875.12
2834.26
2835.04
2892.31
2974.4
2999.18
2946.78
2928.35
2966.54
3000.18
2937.69
2823.53
2739.64
2695.22
2713.08
2795.38
3021.04
2383.73
2269.53
2462.24
2977.99
2786.86
2648.13
2607.03
2628.32
2675.56
2738.22
2800.45
2851.65
2890.66
2896.06
2879.21
2852.83
2800.12
2756.78
2702.34
2659.38
2625.36
2590.5
2559.12
2566.81
2797.05
2976.25
2981.33
2922.79
2920.27
2773.69
2283.49
2943.24
2849.59
2879.04
2940.94
2970.39
2950.98
2898
2868.67
2903.64
2957.62
2988.22
3019.58
3006.52
2873.98
2716.97
2742.11
2818.07
2822.01
2831.47
2868.92
2885.75
2879.34
2857.98
2807.27
2746.68
2665.58
2612.08
2619.4
2731.03
2892.06
2999.99
3026.62
3018.8
3010.11
3017.4
3034.45
3042.84
3019.77
2966.04
2924.16
2923.92
2917.73
2818.6
2673.48
3040.9
2998.8
3000.14
3008.17
2986.38
2969.53
2946.29
2925.7
2921.61
2920.44
2929.95
2955.86
2958.92
2968.52
2938.21
2936.21
2912.78
2889.37
2792.5
2838.02
2905.67
2938.03
2932.11
2889.65
2839.05
2794.9
2779.51
2873.62
3020.28
2903.58
2800.44
2849.29
2838.79
2827.4
2821.8
2825.25
2839.18
2805.2
2761.79
2744.75
2758.8
2767.73
2768.59
2757.15
2755.84
2741.35
2725.4
2729.16
2733.52
2762.57
2799.75
2836.21
2851.41
2859.14
2876.28
2905.69
2921.49
2923.95
2926.06
2929.11
2848.02
2824.79
2851.92
2694.29
2587.68
2552.86
2570.13
2619.02
2687.76
2721.36
2721.71
2732.54
2741.69
2751.47
2751.24
2750.93
2745.23
2747.03
2741.14
2750.75
2761.14
2757.27
2764.93
2759.33
2748.8
2734.85
2723.97
2721.33
2732.98
2699.48
2699.62
2685.04
2627.04
2604.25
2634.51
2657.99
2655.21
2642.09
2624.97
2617.24
2622.39
2658.92
2715.93
2752.11
2752.3
2743.76
2737.78
2723.09
2723.68
2710.8
2714.04
2741.19
2745.82
2763.31
2725.81
2660.94
2639.27
2670.52
2771.13
2847.78
2686.86
2736.38
2686.81
2646.3
2610.39
2594.43
2555.13
2553.38
2550.25
2574.51
2583.28
2604.34
2610.26
2630.48
2588.8
2462.02
2453.32
2562.86
2595.98
2600.63
2587.56
2605.66
2600
2549.02
2451.5
2369.06
2343.14
2392.24
2602.43
2558.28
2792.55
2750.75
2720.51
2719.26
2695.58
2645.87
2611.59
2606.27
2613.16
2608.65
2621.97
2616.52
2634.86
2651.85
2710.74
2785.12
2813.06
2860.72
2902.46
2903.83
2911.42
2927.06
2928.84
2914.96
2895.32
2881.96
2909.88
2913.97
2882.24
2777.84
2612.27
2498.13
2483.53
2459.61
2409.01
2362.51
2343.68
2356.13
2355.66
2406.62
2520.37
2716.1
2838.08
2799.13
2697.54
2724.92
2844.05
2870.57
2735.7
2694.32
2723
2748.57
2772.2
2770.55
2742.67
2589.62
2597.75
2885.9
2716.17
2906.75
2991.27
3026.28
3038.46
3016.28
2947.87
2938.95
2950.24
2826.19
2729.13
2736.71
2888.69
2832.06
2760.99
2801.49
2885.69
2894.87
2900.8
2813.79
2764.62
2724.28
2778.49
2852.18
2868.09
2880.7
2894.31
2825.85
2680.35
2690.62
2885.36
2813.73
3009.67
3068.61
3056.93
3014.89
2928.33
2815.71
2771.56
2817.94
2958.8
3029.26
3022.39
2982.44
2855.97
2737.31
2637.77
2624.94
2575.86
2605.94
2609.07
2646.06
2702.33
2843.11
2945.8
2884.63
2844.88
2853.64
2889.3
2894.47
2851.05
2849.5
2813.63
2780.56
2863.17
2919.64
2938.78
2947.76
2937.03
2931.08
2924.92
2919.55
2940.24
2945.04
2930.15
2867.27
2820.64
2828.44
2872.35
2933.58
2975.62
2988.88
2971.16
2913.16
2840.81
2760.71
2699.16
2681.37
2676.91
2733.96
2942.86
2437.29
2278.83
2535.74
2940.94
2721.58
2620.56
2605.37
2645.38
2718.5
2794.98
2876.57
2945.25
2975.15
2977.67
2968.83
2928.75
2875.78
2810.7
2751.22
2693.25
2647.33
2607.45
2563.5
2564.96
2810.92
2989.59
2990.98
2953.33
2988.89
2612.1
2280.93
2932.13
2830.58
2885
2971.04
3016.56
3011.91
2958.54
2898.76
2889.8
2919.2
2957.09
3010.65
3014.63
2899.16
2747.55
2801.96
2933.19
2918.13
2881.01
2878.28
2892.02
2889.4
2866.66
2825.67
2762.88
2677.07
2599.58
2601.67
2732.41
2928.38
3014.1
3015.78
2972.29
2934.56
2945.17
2982.2
3006.69
2990.59
2947.58
2921.65
2928.81
2922.6
2822.52
2675.96
3040.23
2993.02
2986.62
3000.4
2987.08
2947.18
2914.39
2894.37
2876.93
2879.01
2890.93
2924.82
2951.24
2964.19
2928.87
2923.23
2897.21
2903.56
2821.35
2817.85
2876.17
2907.31
2903.33
2869.87
2828.39
2784.64
2763.99
2853.91
3017.05
2906.67
2806.89
2830.54
2828.74
2821.87
2815.84
2818.87
2830.72
2810.96
2772.07
2763.9
2773.29
2781.23
2779.59
2766.18
2768.1
2766.37
2753.02
2765.22
2771.38
2788.83
2825.08
2829.65
2838.75
2847.09
2872.36
2903.81
2922.54
2926.97
2926.49
2927.96
2812.52
2837.98
2839.02
2675.63
2589.06
2554.6
2604.63
2671.17
2709.4
2710.8
2720.49
2739.37
2745.8
2752.84
2749.98
2746.73
2748.84
2742.58
2750.1
2745.77
2761.08
2759.76
2756.51
2751.41
2737.56
2718.83
2698.32
2704.56
2716.53
2676.76
2685.64
2669.25
2614.93
2619.47
2653.21
2671.13
2668.86
2652.41
2631.8
2613.27
2614.53
2667.7
2732.81
2741.06
2733.37
2729.75
2723.9
2722.14
2707.78
2706.52
2694.6
2732.15
2728.26
2774.29
2744.4
2699.83
2662.78
2692.09
2789.82
2863.57
2680.91
2723.43
2672.43
2632.51
2604.77
2574.13
2549.02
2562.73
2573.1
2608.56
2615.18
2624.81
2616.76
2632.75
2631.94
2467.85
2383.01
2465.17
2588.29
2605.27
2604.25
2600.25
2613.2
2590.77
2487.27
2420.09
2382.64
2488.3
2603.26
2596.22
2787.22
2737.41
2697.86
2712.62
2683.88
2642.83
2603.4
2612.99
2605.78
2610.95
2612.53
2621.72
2640.15
2645.42
2707.32
2788.02
2817.07
2867.93
2901.32
2914.15
2934.43
2931.97
2926.54
2853.18
2764.56
2796.29
2848.41
2891.21
2887.99
2763.17
2567.24
2481.25
2466.75
2429.06
2373.12
2343.49
2336.55
2359.5
2353.92
2382.53
2466.73
2686.32
2844.21
2788.44
2671.58
2729.76
2861.34
2853.3
2779.19
2781.69
2807.04
2814.23
2795.37
2804.34
2776.79
2613
2588.84
2878.04
2696.74
2881.61
2980.19
3027.45
3039.23
3020.82
2973.35
2934.33
2957.6
2854.38
2739.98
2736.1
2865.15
2926.79
2943.02
2946.08
2948.55
2921.5
2927.54
2898.97
2852.37
2780.54
2776.59
2826.06
2852.87
2859.04
2890.18
2843.78
2673.1
2678.49
2896.26
2824.18
3006.08
3066.19
3050.8
2997.63
2907.77
2794.04
2740.93
2788.44
2924.06
3005.11
3011.5
2982.67
2865.51
2722
2654.65
2614.17
2616.13
2616.83
2617.71
2677.4
2749.4
2884.17
2928.78
2867.34
2856.4
2891.12
2919.65
2918.98
2864.93
2855.31
2791.31
2783.86
2877.44
2933.08
2960.76
2962.64
2963.3
2951.03
2918.92
2911.82
2916.26
2948.42
2953.81
2945.86
2862.9
2818.41
2814.22
2831.33
2853.03
2866.1
2852.21
2809.49
2763.22
2711.57
2683.92
2651.29
2634.31
2665.59
2889.97
2434.76
2290.4
2592
2892.62
2678.02
2601.51
2601.92
2663.32
2741.87
2840.33
2940.34
3009.25
3044
3060.49
3041.83
2993.99
2925.35
2852.68
2783.76
2721.41
2670.78
2623.89
2566.63
2544.74
2754.42
2985.16
2985.69
2977.28
2810.22
2537.03
2521.65
2918.75
2818.62
2880.42
2990.01
3028.07
3019.74
3016.78
2982.48
2942.42
2938.89
2948.18
3000.97
3017.96
2942.8
2974.65
2879.85
2772.52
2916.83
3011.29
3002.06
2960.18
2910.22
2909.93
2909.29
2897.89
2874.8
2819
2727.34
2619.75
2586.11
2700.98
2908.65
3008.89
3003.32
2950.9
2899.92
2900.31
2927.57
2954.17
2941.04
2925.12
2917.93
2934.48
2924.54
2846.81
2710.64
2696.99
2833.51
3025.31
2992.2
2947.15
2993.64
2988.39
2942.74
2906.28
2873.45
2858.21
2852.71
2858.84
2892.81
2934.96
2964.71
2930.14
2915.34
2884.72
2894.57
2830.44
2807.57
2839.43
2865.2
2859.88
2835.88
2800.01
2762.15
2753.97
2854.33
2999.9
2936.85
2815.31
2807.47
2809.29
2808.57
2806.41
2814.82
2806.21
2805.14
2815.9
2821.66
2792.96
2771.39
2775.06
2788.25
2786.88
2770.34
2761.62
2759.78
2771.45
2780.4
2787.13
2798.9
2811.11
2814.4
2827.22
2842.12
2878.52
2908.8
2926.97
2928.92
2924.65
2920.19
2885.26
2909.26
2825.54
2853.73
2856
2713.88
2621.64
2579.28
2620.6
2674.3
2705.66
2699.24
2718.11
2726.95
2736.05
2744.25
2738.12
2739.83
2739.73
2739.6
2747.23
2747.18
2747.98
2752.41
2745.89
2738.5
2726.23
2703.51
2697.89
2699.27
2708.36
2676.43
2629.54
2699.98
2705.16
2656.6
2622.83
2643.45
2679.09
2679.54
2670.88
2648.15
2618.56
2602.16
2605.08
2652.84
2710.07
2737.77
2740.05
2728.08
2724.09
2717.26
2719.04
2702.98
2716.3
2706.55
2743.34
2770.33
2766.81
2725.15
2695.98
2733.31
2818.47
2875.25
2702.82
2648.88
2690.35
2704.51
2656.5
2619.08
2594.9
2568.9
2564.59
2577.34
2600.73
2633.16
2627.66
2620.9
2616.65
2624.04
2647.4
2525.95
2335.36
2301.36
2419.1
2562.04
2607.61
2626.41
2613.2
2618.63
2556.79
2493.19
2503.08
2573.15
2662.08
2544.65
2458.19
2512.67
2781.55
2721.96
2687.67
2698.34
2688.7
2631.96
2616.7
2598.74
2600.52
2595.93
2613.34
2638.83
2642.66
2652.19
2716.23
2797.3
2824.73
2878.51
2913.21
2936.07
2944.31
2931.53
2876.45
2675.95
2580.37
2586.95
2702.41
2807.61
2821.59
2723.94
2762.94
2715.24
2540.74
2448.98
2435.94
2391.13
2345.11
2339.74
2347.1
2362.89
2361.24
2382.61
2436.49
2660.82
2863.2
2775.29
2653.74
2741.54
2887.12
2848.45
2833.73
2839.67
2829.34
2777.69
2740.74
2720.82
2709.39
2575.73
2565.25
2840.85
2690.69
2884.77
2868.2
2949.05
2955.22
3006.8
3018.3
3029.44
3008.03
2969.57
2940.28
2904.13
2763.59
2713.41
2802.76
2920.28
2952.29
2922.52
2926.1
2933.77
2905.28
2911.78
2870.42
2821
2793.51
2814.34
2816.54
2841.97
2844.23
2749.12
2617.32
2686.57
2898.91
2831.59
2895.63
2988.38
3022.05
3060.2
3035.21
2988.93
2909.57
2783.21
2711.51
2731.5
2864.12
2964.73
2985.27
2983.41
2886.85
2759.97
2659.9
2658.06
2652.4
2694.95
2735.77
2788.34
2861.64
2907.27
2884.23
2866.11
2886.56
2917.9
2853.45
2922.09
2873.78
2864.65
2937.02
2845.17
2756.19
2778.81
2882.87
2947.5
2981.74
3015.23
3018.95
2988.71
2952.81
2912.39
2899.07
2925.59
2960.78
2902.46
2950.77
2898.25
2840.06
2805.61
2783.11
2761.87
2754.42
2730.76
2700.75
2670.53
2643.55
2613.76
2574.06
2609.99
2791.92
2742.87
2650.25
2517.19
2314.11
2637.97
2864.65
2651.8
2585.98
2598.43
2660.85
2752.3
2857.83
2970.79
3039.54
3073.49
3082.04
3085.74
3043.4
2957.02
2875.62
2800.75
2738.66
2687.5
2634.33
2568.89
2524.69
2677.72
2957.47
2957.91
2935
2969.21
2842.68
2630.05
2466.5
2463.81
2919.18
2798.19
2854.04
2977.91
3021.31
3003.86
3009.11
3018.51
3007.18
2991.92
2986.38
3003.72
3027.68
2976.61
2989.1
2963.9
2825.77
2998.22
3041.38
3037.91
3022.72
2958.4
2931
2934.35
2934.34
2935.83
2896.18
2809.45
2673.13
2586.35
2639.28
2840.52
2979.48
2998.11
2955.13
2906.51
2884.29
2893.06
2898.37
2910.61
2908.8
2928.45
2938.6
2936.38
2877.71
2779.53
2705.81
2736.79
2958.71
2958.7
2854.24
2960.65
2985.13
2968.03
2910.36
2874.82
2850.24
2847.51
2843.24
2871.11
2920.4
2958.94
2955.21
2906.84
2890.95
2888.09
2841.33
2793.17
2801.01
2815.11
2809.51
2790.12
2763.6
2735.58
2753.35
2889.61
2989.3
2893.91
2804.71
2799.16
2798.55
2764.84
2767.34
2793.01
2809.09
2803.2
2804.15
2817.55
2802.23
2776.8
2776.06
2779.72
2789.59
2789.25
2778.64
2767.79
2775.92
2762.48
2783.92
2784
2793.59
2804.46
2827.45
2853.43
2890.83
2918.7
2930.26
2929.66
2920.95
2909.59
2894.23
2860.64
2831.83
2849.13
2852.76
2788.9
2691.74
2616.54
2620.18
2650.67
2694.16
2693.43
2702.85
2707.85
2725.94
2726.31
2732.69
2731.07
2730.07
2732.84
2735.74
2738.99
2737.98
2732.5
2729.46
2704.94
2683.24
2676.88
2689.42
2674.48
2678.97
2698.99
2712.54
2716.83
2691.01
2647.02
2633.74
2671.41
2693.13
2706.62
2697.82
2670.69
2638.59
2610.1
2596.92
2626.41
2701.63
2734.14
2727.05
2722.45
2717.48
2727.7
2725.06
2720.8
2733.59
2721.04
2759.6
2782.84
2768.36
2747.13
2736.78
2781.65
2856.76
2852.55
2688.27
2687.99
2713.96
2690.73
2643.39
2615.63
2599.29
2585.76
2590.54
2612.68
2634.81
2645.54
2638.89
2634.8
2630.8
2633.93
2641.5
2660.4
2399.58
2233
2217.75
2328.16
2489.83
2610.34
2634.24
2632.14
2623.95
2614.54
2631.27
2636.38
2672.69
2592.22
2507
2507.32
2659.59
2797.09
2712.68
2690.34
2684.25
2660.2
2612.23
2605.76
2605.4
2623.43
2623.68
2647.55
2663.6
2665.59
2735.56
2810.96
2836.19
2893.33
2938.23
2958.06
2952.95
2939.48
2771.48
2550.92
2491.35
2507.97
2597.56
2757.81
2808.83
2762.29
2841.74
2704.24
2505.6
2432.92
2411.37
2374.81
2346.41
2342.59
2340.21
2364.48
2376.49
2380.93
2428.95
2656.91
2887.13
2774.53
2649.22
2765.34
2901.92
2865.83
2877.24
2869.59
2817.38
2689.87
2604.95
2576.97
2589.11
2570.71
2738.13
2790.84
2696.7
2892.67
2972.31
2984.66
2962.97
2993.44
3000.67
3010.33
3016.16
2998.73
2958.66
2945.31
2815.43
2691.86
2737.91
2861.66
2911.32
2921.44
2928.38
2934.96
2903.47
2917.83
2859.36
2822.98
2793.42
2772.66
2696.5
2644.95
2625.81
2577.16
2570.52
2788.26
2875.67
2859.51
3004.04
3016.35
3016.26
3050.04
3017.67
2987.24
2911.06
2784.45
2679.95
2667.2
2776.72
2908.05
2960.48
2977.24
2948.18
2796.9
2693.93
2685.27
2700.17
2756.37
2825.62
2878.35
2868.44
2872.57
2879.35
2895.84
2863.97
2755.04
2755.37
2919.58
2880.22
2890.37
2955.43
2825.26
2754.52
2781.79
2896.52
2968.33
3024.65
3058.39
3060.4
3048.03
2998.35
2932.89
2889.28
2893.95
2962.3
2827.19
2787.75
2877.61
2959.04
2930.87
2874.27
2806.76
2740.9
2703.54
2671.13
2642.76
2618.98
2593.36
2574
2576.38
2654.37
2911.84
2993.53
2547.01
2340.08
2640.73
2854.54
2634.64
2575.57
2586.77
2647.17
2732.99
2841.49
2955.9
3036.58
3077.28
3095.11
3091.43
3064.67
2967.05
2877.9
2802.72
2742.84
2695.31
2640.91
2564.18
2508.6
2572.37
2877.64
2963.5
2863.93
2727.53
2574.49
2490.15
2465.45
2455.14
2916.64
2790.26
2816.87
2934.62
3019.66
2991.29
2983.6
2997.91
3016.96
3004.56
3014.46
3016.04
3033.23
3007.32
3004.73
3021.48
2967.85
3025.29
3044.63
3044.02
3041.58
2997.65
2959.7
2958.24
2966.31
2968.81
2959.37
2900.14
2761.53
2621.81
2592.59
2725.96
2903.43
2977.6
2971.87
2938.81
2907.92
2898.28
2903.38
2911.14
2926.17
2951.43
2955.18
2942.33
2898.29
2809.01
2709.7
2672.18
2866.43
2890.3
2738.53
2835.59
2968.6
2980.03
2951.11
2893.27
2857.3
2851.42
2845.92
2858.32
2906.98
2956.8
2972.64
2923.61
2895.8
2887.26
2841.56
2788.01
2774.12
2773.2
2764.12
2747.15
2724.6
2720.33
2773.7
2909.44
2963.3
2849.1
2793.72
2792.03
2773.08
2725.92
2720.81
2748.69
2784.43
2792.44
2789.96
2796.59
2806.14
2788.32
2769.21
2773.93
2778.43
2797.72
2805.69
2804.12
2784.93
2786.56
2801.68
2790.78
2818.75
2826.56
2855.4
2880.83
2909.32
2925.55
2929.54
2920.29
2892.76
2874.79
2900.7
2827.09
2847.42
2838.69
2839.47
2836.21
2789.9
2686.8
2646.49
2642.43
2666.83
2690.53
2691.6
2686.61
2701.61
2701.96
2705.51
2712.1
2712.09
2717.17
2713.13
2715.85
2708.18
2696.94
2687.73
2688.41
2691.62
2698.72
2686.42
2705.67
2721.22
2721.01
2711.49
2702.65
2677.21
2639.25
2653.56
2689.41
2710.18
2727.07
2724.94
2698.98
2651.96
2610.01
2586.91
2606.08
2664.83
2714.91
2725.24
2711.51
2715.2
2722.09
2734.3
2736.52
2746.43
2749.92
2778.77
2775.17
2773.6
2770.34
2782.53
2840.28
2877.6
2806.58
2690.42
2697.21
2714.68
2695.21
2653.18
2627.03
2622.46
2620.27
2634.3
2654.23
2657.45
2653.11
2637.4
2630.52
2632.45
2632.76
2636.43
2650.02
2611.05
2284.31
2159.37
2150.45
2240.42
2391.77
2558.89
2624.57
2643.78
2638.48
2638.84
2658.36
2689.88
2593.06
2536.34
2556.56
2631.11
2691.38
2805.65
2710.46
2690.57
2668.87
2644.14
2631.95
2632.08
2624.43
2653.58
2678.02
2674.41
2680.23
2763.83
2818.54
2841.3
2909.13
2970.24
2987.23
2944.96
2936.83
2714.58
2506.69
2454.81
2503.36
2648.31
2753.55
2809.94
2795.68
2850.38
2643.3
2489.59
2439.06
2413.9
2368.78
2341.5
2331.5
2354.37
2381.33
2380.36
2388.32
2450.23
2669.56
2911.24
2789.81
2653.09
2810.96
2922.21
2899.22
2912.24
2890.37
2825.16
2722.76
2597.62
2582.48
2632.25
2774.95
2861.75
2743.95
2725
2919.99
2986.61
2978.75
2955.85
2974.64
2984.78
3003.63
2999.65
2998.62
2991.24
2940.49
2898.63
2699.98
2673.49
2786.71
2872.64
2912.75
2930.72
2923.35
2904.45
2882.02
2811.41
2774.55
2725.76
2565.54
2442.54
2420.5
2453.22
2520.08
2694.22
2893.91
2862.65
2916.66
3019.49
3011.74
3029.73
3037.95
3005.15
2976.2
2920.36
2810.1
2674.2
2613.17
2679.5
2837.32
2931.79
2954.6
2969.53
2877.16
2716.79
2686.25
2684.89
2723.25
2804.26
2854.69
2867.86
2858.72
2835.11
2733.66
2670.77
2685.49
2795.78
2919.11
2892.81
2916.77
2931.48
2799.91
2758.17
2808.64
2917.88
2997.66
3052.41
3076.96
3089.27
3080.02
3044.62
2968.26
2905.8
2879.56
2919.73
2853.31
2703.8
2685.38
2703.88
2749.1
2805.41
2875.86
2964.13
2973.89
2917.19
2863.19
2804.83
2753.47
2712.08
2688.75
2730.61
2862.15
2882.62
2452.84
2358.53
2730.69
2830.08
2627.37
2570.69
2576.38
2617.79
2700.63
2788.82
2896.2
2981.61
3040.59
3068.78
3066.79
3020.67
2939.24
2854.23
2789.72
2736.97
2696.85
2638.34
2553.05
2495.49
2516.92
2735.86
2894.96
2736.73
2585.35
2522.67
2522.54
2485.87
2456.47
2927.05
2775.07
2774.49
2850.19
2995.53
2999.99
2976.38
2973
2998.45
3008.66
3005.32
3007.03
3022.26
3026.72
3022.8
3033.21
3037.83
3043.45
3044.54
3046.03
3039.62
3004.36
2982.76
2986.21
2997.85
3003.66
2999.3
2968.13
2857.51
2691.44
2581.12
2619.86
2763.66
2890.75
2947.09
2957.98
2948.39
2946.65
2939.23
2954.99
2957.5
2973.85
2957.19
2944.64
2886.14
2802.78
2713.59
2636.77
2717.49
2755.23
2667.14
2699.67
2905.09
2962.93
2977.61
2949.35
2890.39
2867.92
2861.48
2867.19
2888.37
2958.72
2975.86
2928.24
2890.41
2856.09
2834.68
2781.92
2752.67
2734.8
2723.45
2710.54
2710.89
2737.9
2834.74
2955.98
2930.44
2822.97
2783.55
2787.44
2763.48
2719.76
2700.55
2703.13
2737.81
2787.88
2794.68
2788.55
2799.01
2801.95
2776.08
2757.82
2766.21
2775.97
2794.49
2803.59
2820.99
2825.27
2826.02
2828.92
2851.94
2859.9
2882.85
2899.63
2898.09
2890.62
2863.56
2823.53
2813.04
2877.82
2850.34
2831.32
2858.74
2829.71
2821.22
2826.6
2832.01
2794.21
2727.98
2674.79
2663.68
2665.42
2683.31
2679.45
2676.57
2672.39
2675.93
2677.3
2681.76
2675.89
2682.41
2678.51
2679.68
2680.62
2683.28
2687.38
2673.98
2685.82
2717.9
2717.8
2712.83
2704.57
2693.36
2677.6
2651.1
2648.98
2676.38
2706.52
2734.54
2749.77
2751.25
2729.97
2685.02
2636.8
2600.03
2583.54
2622.04
2685.86
2708.1
2702.54
2694.17
2703.36
2724.68
2748.22
2751.06
2772.54
2773.57
2780.44
2792.52
2802.33
2839.18
2880.5
2879.77
2777.31
2692.47
2706.7
2732.72
2708.61
2667.07
2655.32
2663.4
2669.71
2677.18
2677.35
2671.49
2649.77
2638.26
2634.44
2642.47
2652.14
2655.32
2653.45
2666.81
2492.41
2232.24
2145.66
2128.17
2180.16
2297.26
2436.04
2516.88
2523.74
2523.87
2478.24
2493.59
2486.86
2490.49
2694.75
2818.95
2813.48
2812.47
2766.66
2702.96
2681.11
2666.41
2651.22
2649.4
2670.33
2683.68
2687.98
2686.02
2707.97
2802
2820.45
2844.49
2935.9
3005
2997.23
2922.05
2943.65
2742.63
2505.27
2444.58
2480.56
2604.26
2736.39
2806.01
2813.18
2723.53
2559.36
2467.32
2436.06
2410.82
2366.79
2344.74
2360.61
2378.29
2378.59
2389.31
2419.29
2490
2712.62
2936.93
2820.17
2658.88
2833.67
2927.01
2926.36
2942.12
2923.45
2903.79
2894.81
2894.24
2875.14
2894.05
2838.89
2785.58
2763.69
2837.48
2965
2984.3
2968.5
2959.06
2970.26
2989.18
3006.32
3002.21
2994.61
2987.45
2969.73
2926.54
2749.92
2626.95
2701.23
2814.73
2891.62
2926.73
2906.81
2877.31
2840.49
2796.03
2685.99
2562.52
2436.46
2371.66
2433.35
2536.1
2728.13
2884.78
2862.39
2889.83
2966.55
3015.01
3016.66
3020.23
3000.86
2990.79
2995.34
2975.92
2889.12
2722.21
2577.9
2585.62
2747.45
2892.14
2936.38
2946.86
2971.14
2808.78
2713.27
2647.69
2645.29
2639.62
2674.6
2657.48
2662.74
2638.71
2648.27
2699.14
2788.24
2905.21
2922.21
2923.51
2945.56
2893.01
2787.01
2768.71
2830.5
2936.37
3016.49
3068
3083.91
3092.73
3081.97
3057.26
2995.11
2917.14
2881.4
2884.78
2954.51
2710.29
2663.51
2654.98
2682.66
2705.88
2694.68
2664.96
2642.93
2632.03
2667.81
2724.28
2847.6
2933.83
2992.42
2979.92
2868.8
2538.42
2449.34
2513.1
2979.42
2760.77
2614.89
2569.47
2561.9
2596.94
2649.68
2720.41
2797.89
2877.32
2931.59
2964.59
2963.21
2926.44
2870.49
2811.25
2765.2
2727.51
2692.49
2628.1
2532.67
2481.72
2482.59
2635.64
2803.96
2768.35
2653.15
2620.49
2612.32
2500.62
2444.81
2945.96
2780.03
2742.06
2762.23
2862.7
2996.14
2997.98
2976.11
2980.63
2997.92
3008.16
3006.11
2987.54
3017.4
3017.48
3026.8
3034.96
3039.82
3041.06
3032.53
3015.73
2992.4
2991.73
3006.87
3019.8
3021.54
3024.82
3007.59
2935.3
2781.69
2629.68
2572.68
2630.8
2737.92
2836.45
2887.18
2921.04
2930.89
2935.07
2948.39
2936.58
2940.58
2910.92
2891.15
2839.57
2788.25
2721.84
2668.65
2654.27
2636
2615.02
2665.87
2868.18
2949.27
2954.67
2974.45
2953.4
2909.33
2892.03
2884.72
2884.26
2933.3
2986.18
2937.77
2889.6
2828.26
2789.96
2765.82
2734.97
2725.82
2722.59
2737.68
2774.55
2851.18
2944.05
2933.51
2864.15
2802.97
2783.78
2771.79
2765.4
2739.75
2716.67
2698.38
2700.35
2744.19
2785.31
2786.28
2785.79
2798.55
2793.77
2770.34
2742.73
2740.91
2738.79
2752.87
2768.51
2775.9
2790.79
2804.3
2815.04
2809.28
2820.7
2818.37
2817.57
2816.36
2808.36
2805.25
2832.12
2902.55
2816.08
2837.89
2866.64
2828.45
2812.76
2800.94
2821.62
2821.75
2813.06
2769.71
2724.06
2684.05
2668.31
2665.31
2665.57
2669.5
2671.76
2668.94
2671.78
2672.32
2681.19
2685.71
2684.23
2688.82
2698.85
2715.25
2728.62
2725.67
2714.86
2704.86
2690.74
2683.4
2672.89
2663.28
2661.85
2676.63
2700.12
2721.73
2743
2750.85
2750.52
2739.83
2713.38
2666.75
2626.5
2585.35
2586.76
2637.28
2680.74
2679.54
2663.9
2668.78
2688.77
2713.31
2754.16
2765.64
2785.29
2803.73
2818.62
2846.93
2871.75
2882.44
2844.62
2753.05
2718.58
2737.1
2745.44
2714.89
2688.32
2686.2
2696.95
2705.35
2704.73
2696.48
2681.77
2664.99
2645.7
2647.19
2649.61
2654.03
2663.07
2663.24
2657.44
2664.99
2408.54
2244.79
2189.14
2160.75
2165.93
2206.99
2265.58
2303.04
2267.7
2299.73
2319.17
2417.65
2548.99
2775.59
2809.25
2782.21
2800.7
2765.68
2712.1
2677.72
2670.87
2670.39
2678.5
2681.44
2693.7
2694.69
2696.27
2742.49
2837.9
2809.4
2833.43
2945.5
3014.68
3004.31
2894.69
2888.58
2839.24
2568.23
2443.32
2430.81
2498.67
2590.36
2645.91
2637.47
2564.6
2498.58
2460.08
2439.13
2418.77
2392.43
2385.24
2386.02
2383.04
2401.05
2426.82
2456.23
2573.81
2808.8
2894.17
2867.21
2667.64
2825.64
2948.45
2952.43
2968.86
2955.34
2944.85
2924.89
2884.37
2893.96
2852.03
2854.46
2860.72
2910.01
2959.24
2979.92
2983.72
2972.27
2968.97
2989.7
3012.85
3024.72
3018.23
3009.68
2983.97
2983.85
2891.01
2837.25
2617.37
2613.35
2726.61
2843.62
2910.55
2893.63
2850.49
2812.59
2793.42
2702.86
2575.69
2515.67
2579.5
2701.37
2862.95
2869.59
2860.28
2891.05
2946.06
2995.82
3008.68
3005.98
3025.52
3036.09
3033.02
3028.64
3007.17
2953.39
2816.1
2598.26
2507.74
2633.93
2832.89
2920.43
2918.21
2936.31
2948.05
2863.87
2763.21
2689.72
2688.58
2662.63
2671.96
2696.38
2722.27
2793.69
2868.6
2927.39
2936.87
2950.29
2946.17
2915.37
2843.95
2779.49
2784.81
2855.3
2950.82
3020.66
3065.74
3079.92
3081.89
3078.87
3055.64
2989.19
2916.5
2894.08
2863.84
2954.23
2792.37
2756.2
2794.22
2894.25
2983.85
3004.38
2989.4
2941.98
2862.69
2768.73
2717.46
2679.24
2684.36
2693.31
2710.75
2709.6
2702.42
2785.12
2968.97
2812.33
2675.75
2599.06
2565.95
2555.31
2573.22
2604.6
2646.69
2690.84
2754.86
2793.4
2819.78
2828.86
2810.64
2786.9
2760.41
2735.78
2713.39
2684.8
2605.84
2506.77
2467.26
2463.75
2513.12
2680.94
2795.04
2802.34
2767.09
2683.04
2502
2444.1
2971.58
2793.32
2710.95
2709.4
2730.58
2798.6
2938.58
3005.17
3000.15
3004.34
3004.34
2996.72
2952.63
2939.69
2945.13
2961.85
2977.11
2992.11
2990.33
2986.15
2981.91
2991.14
3000.21
3005.6
2969.45
2906.53
2931.8
3023.89
2977.08
2848.46
2719.03
2612.99
2588.31
2623.61
2682.86
2736.93
2766.98
2804.25
2810.52
2839.34
2821.51
2833.04
2817.22
2822.42
2806.35
2800.44
2763.25
2740.66
2706.47
2668.56
2659.51
2761.01
2915.97
2952.63
2943.09
2956.56
2971.3
2954.88
2929.71
2913.09
2886.67
2903.7
2966.55
2981.24
2921.23
2865.61
2824.83
2790.81
2782.92
2786.86
2820.88
2868.02
2933.2
2933.54
2875.92
2818.6
2781.6
2766.17
2768.78
2760.57
2763.4
2738.12
2725.23
2700.49
2697.57
2715.4
2760.57
2790.41
2786.2
2786.98
2799.57
2800.31
2775.02
2734.51
2712.8
2692.73
2688.69
2679
2709.07
2705.6
2744.85
2753.18
2805.95
2835.83
2883.53
2908.61
2918.68
2917.75
2909.8
2860.9
2816.96
2830.93
2861.44
2819.43
2813.6
2788.76
2800.57
2799.86
2814.53
2812.31
2803.09
2775.89
2739.95
2703.84
2686.29
2670.26
2664.22
2666.14
2668.09
2680.86
2696.32
2713.66
2733.68
2734.53
2732.19
2726.61
2720.26
2715.63
2707.69
2692.71
2685.18
2681.34
2678.13
2680.61
2689.78
2707.62
2721.16
2731.49
2746.51
2742.91
2743.83
2729.86
2722.49
2688.78
2650.79
2602.57
2572.67
2589.96
2636.25
2642.59
2643.22
2620.59
2631.11
2648.49
2684.85
2712.55
2752.78
2776.62
2800.59
2822.35
2829.79
2813.01
2774.93
2752.18
2766.32
2762.03
2752.97
2739.1
2720.27
2714.26
2720.5
2721.39
2717.13
2707.55
2693.38
2678.23
2668.6
2667.2
2671.41
2666.88
2668.03
2677.23
2669.96
2663.71
2604.38
2406.74
2340.41
2297.72
2246.23
2213.53
2201.42
2218.3
2220.81
2312.56
2372.47
2479.59
2576.18
2757.15
2815.5
2738.81
2718.33
2700.61
2684.78
2665.45
2659.56
2656.8
2665.24
2680.05
2677.34
2690.91
2727.19
2796.81
2826.96
2794.51
2820.32
2955.04
3014.99
3021.66
2883.57
2786.89
2899.38
2754.14
2525.97
2433.12
2425.5
2453.95
2481.34
2488.65
2476.72
2467.9
2455.11
2441.87
2426.7
2407.93
2400.87
2397.58
2415.15
2442.41
2482.39
2583.93
2747.39
2926.59
2820.05
2944.24
2667.79
2757.82
2955.84
2974.2
2987.63
2987.47
2962.37
2955.48
2973.62
2953.55
2967.96
2955.63
2969.91
2964.05
2981.4
2991.5
2998.37
2989.72
2999.57
3004.63
3009.06
3006.85
2992.2
2995.6
2982.81
2989.04
2897.87
2923.15
2659.07
2561.22
2617.45
2756.56
2887.23
2913.04
2852.18
2804.84
2798.48
2816.8
2842.94
2861.66
2853.17
2837.99
2834.44
2857.4
2896.62
2945.89
2982.84
3005.6
3013.42
3021.22
3034.47
3022.45
3025.07
3023.31
3026.16
2991.19
2881.8
2636.54
2467.16
2516.23
2725.19
2892.66
2909.18
2892.32
2906.43
2934.34
2928.81
2937.24
2902.31
2899.71
2900.14
2912.06
2928.14
2939.92
2934.5
2928.23
2916.57
2896.63
2865.95
2834.83
2800.93
2785.39
2808.34
2870.43
2946.92
3002.74
3040.15
3063.63
3060.48
3054.55
3013
2953.26
2908.76
2896.55
2852.9
2891.77
2899.68
2887.77
2964.6
2999.85
2970.9
2930.74
2908.32
2893.27
2896.41
2916.97
2945.21
2977
2987.77
2985.4
2971.12
2944.64
2890.06
2843.93
2761.05
2654.65
2611.73
2582.72
2567.85
2557.15
2556.85
2572.45
2589.47
2608.88
2646.22
2666.99
2691.47
2705.42
2716.98
2719.4
2717.12
2711.89
2701.81
2667.81
2569.33
2479.69
2458.97
2457.38
2458.99
2548.6
2700.42
2754.16
2769.21
2628.94
2482.32
2436.81
2993.76
2847.87
2706.32
2675.37
2675.99
2681.13
2698.18
2752.27
2805.55
2831.65
2846.01
2826.22
2790.88
2779.76
2778.18
2800.27
2821.91
2857.66
2882.86
2907.63
2930.22
2939.37
2919.87
2858.79
2779.61
2735.34
2804.75
3000.61
2991.68
2882.65
2799.88
2718.82
2662.64
2646.41
2663.62
2694.7
2723.46
2762.99
2772.74
2808.79
2811.6
2847.15
2842.47
2879.32
2887.65
2908.48
2895.88
2891.73
2877.51
2849.61
2859.23
2920.76
2955.96
2946.25
2936.86
2959.1
2964.08
2966.35
2947.74
2931.65
2899.25
2880.57
2908.91
2977.72
2969.74
2939.79
2922.57
2889.04
2890.33
2898.04
2919.2
2931.51
2906.29
2860.45
2810.53
2770.68
2759.61
2747.3
2750.62
2740.07
2741
2724.19
2721.33
2716.02
2713.79
2717.56
2738.49
2776.82
2790.47
2785.25
2789.21
2797.58
2803.68
2811.2
2795.21
2778.92
2762.66
2758.96
2764.36
2773.72
2804.53
2828.16
2866.08
2894.59
2905.17
2913.48
2920.12
2909.32
2892.06
2855.88
2846.65
2855.99
2843.4
2794.07
2812.93
2789.52
2791.44
2787.17
2797.59
2800.8
2803.03
2805.64
2793.82
2783.52
2758.9
2754.95
2739.94
2736.62
2731.07
2733.45
2728.94
2728.06
2723.3
2718.85
2714.28
2711.27
2707.72
2706.86
2699.14
2694.79
2692.39
2694.27
2697.86
2703.89
2713.32
2721.37
2724.45
2731.95
2733.19
2727.58
2725.28
2715.41
2711.16
2696.54
2663.94
2634.17
2582.58
2560.8
2583.88
2605.57
2603.02
2600.31
2593.17
2600.81
2612.54
2628.7
2663.3
2679.09
2709.84
2727.74
2739.16
2750.61
2763.46
2790.57
2797.79
2790.38
2786.27
2776.6
2768.53
2761.05
2754.99
2746.64
2737.33
2725.14
2713.68
2702.62
2693.34
2689.41
2682.43
2679.18
2673.91
2681.3
2684.05
2660.36
2663.95
2527.1
2437.68
2416.04
2376.89
2332.06
2298.31
2329.62
2318.97
2398.52
2476.29
2518.74
2566.68
2656.42
2787.25
2805.36
2747.83
2703.36
2688.04
2669.22
2661.14
2665.11
2664.15
2672.9
2708.17
2738.71
2798.52
2830.77
2753.88
2766.53
2785.27
2921.34
3006.65
3008.79
2884.09
2736.64
2721.86
2872.95
2812.06
2627.34
2508.22
2456.21
2445.22
2445.56
2452.28
2460.33
2459.18
2454.15
2446.15
2440.64
2442.52
2469.48
2522.02
2604.9
2722.81
2855.02
2947.23
2838.59
2755.04
2880.57
2731.37
2658.81
2871.88
2988.81
3010.49
3019.29
3016.43
3008.38
2979.78
2992.38
2955.32
2977.15
2963.71
2982.29
2995.6
3020.82
3028.4
3029.44
3025.65
3013.25
3002.89
2989.05
2978.19
2973.66
2973.5
2980.6
2897.77
2926.15
2773.43
2595.17
2550.47
2640.02
2825.51
2939.23
2895.53
2835.63
2797.48
2787.6
2789.54
2789.53
2815.57
2837.08
2871.4
2914.88
2951.27
2981.12
2997.26
3009.86
3021.66
3028.32
3029.5
3019.62
3015
3010.91
3016.3
3001.37
2901.58
2619.2
2441.56
2423.54
2566.58
2820.36
2917
2879.78
2860.02
2865.95
2874.91
2873.37
2886.39
2882.49
2877.75
2865.97
2855.39
2848.51
2826.92
2815.88
2799.78
2788.71
2781.73
2782.08
2789.64
2810.41
2833.06
2872.9
2915.87
2948.77
2973.63
2983.34
2988.32
2971.59
2940.68
2914
2895.78
2894.28
2825.46
2812.5
2972.63
2953.94
2990.26
2979.71
2940.08
2889.81
2845.88
2801.12
2777.6
2753.37
2742.28
2732.65
2733.34
2724.69
2708.66
2690.78
2668.86
2654.53
2630.38
2610.35
2600.21
2590.59
2577.96
2573.96
2561.21
2562.43
2566.95
2569.71
2581.27
2592.58
2618.9
2638.87
2665.07
2678.06
2692.81
2698.85
2692.09
2636.49
2512.31
2463.94
2454.19
2451.48
2432.91
2454.4
2499.02
2551.71
2571.47
2497.1
2429.3
2432.63
2996.62
2916.66
2761.39
2671.32
2643.22
2629.41
2623.42
2618.14
2621.72
2614.61
2623.27
2612.83
2614.36
2624.97
2616.66
2641.9
2642.7
2670.51
2681.74
2702.82
2710.16
2702.62
2681.82
2665.44
2646.96
2674.05
2784.28
3007.34
2982.53
2886.21
2836.26
2804.96
2775.02
2759.11
2759.89
2774.36
2784.73
2811.03
2822.97
2849.3
2853.54
2883.89
2882.74
2912.72
2909
2926.92
2931.53
2938.74
2938.06
2942.29
2942.14
2946.93
2937.52
2930.47
2929.13
2963.74
2958.02
2951.33
2943.49
2933.67
2907.84
2883.28
2854.78
2908.67
2931.19
2953.38
2940.42
2938.78
2931.92
2918.25
2910.99
2891.03
2876.63
2857.86
2848.02
2831.99
2813.49
2792.48
2784.76
2766.43
2764.1
2751.3
2747.67
2735.29
2735.01
2728.52
2745.25
2762.68
2793.47
2780.78
2781.56
2782.33
2795.92
2797.29
2804.79
2802.62
2809.09
2807.55
2819.31
2816.8
2830.31
2826.37
2834.01
2831.26
2831.9
2832.37
2833.68
2840.28
2847.19
2841.7
2832.79
2807.17
2786.05
2760.35
2794.01
2793.47
2783.92
2788.07
2793.69
2792.3
2793.25
2787.77
2785.52
2769.26
2754.39
2756.41
2736.33
2738.34
2728.35
2726.72
2723.84
2723.58
2722.52
2719.52
2717.88
2716.36
2715.16
2709.1
2707.57
2708.81
2706.34
2709.16
2710.96
2714.76
2712.62
2715.15
2709.5
2714.18
2704.51
2702.4
2704.21
2699.64
2705.15
2691.44
2664.71
2640.56
2597.16
2552.96
2551.73
2576.36
2563.93
2591.35
2584.65
2600.93
2620.54
2627.4
2664.59
2670.42
2695.35
2725.54
2744.04
2765.93
2791.42
2802.7
2807.2
2809.59
2804.24
2802.03
2797.65
2792.08
2782.03
2769.86
2756
2743.68
2728.04
2718.07
2707.32
2694.67
2693.25
2679.97
2675.58
2684.11
2691.39
2678.76
2645.14
2618.86
2464.99
2454.46
2421.7
2415
2392.75
2412.92
2430.99
2442.86
2505.2
2516.87
2531.48
2545.99
2577.2
2646.38
2739.82
2800.86
2797.85
2779.05
2762.65
2768.14
2774.82
2795.11
2809.22
2834.6
2825.39
2775.42
2697.59
2753.68
2739.79
2878.44
2984.25
2982.82
2897.33
2757.8
2668.03
2646.77
2693.53
2807.14
2926.04
2862.32
2780.92
2732.19
2708.04
2698.51
2698.6
2702.65
2709.22
2730.14
2777.11
2851.78
2925.39
2939.36
2874.7
2807.3
2756.87
2727
2726.08
2789.54
2937.85
2662.87
2652.93
2963.72
3028.32
3054.92
3055
3048.31
3042.51
2963.19
3012.33
2956.98
2990.3
2991.78
3015.21
3036.6
3056.37
3054.92
3040.84
3013.53
2990.97
2970.61
2966.7
2970.74
2967.13
2967.04
2885.53
2881.71
2796.75
2748.78
2679.09
2555.19
2689.03
2975.77
2973.7
2931.05
2902.96
2895.63
2894.04
2905.73
2911.93
2933.78
2955.96
2972.85
2983.01
2991.03
2997.54
3010.91
3022.84
3023.43
3010.22
2991.9
2983.66
2977.49
2997.92
2994.64
2878.37
2526.19
2393.71
2387.12
2407.04
2649.4
2925.44
2913.44
2864.52
2838.5
2825.14
2819.19
2802.8
2805.28
2779.68
2773.91
2758.88
2766.17
2756.79
2761.08
2764.51
2771.79
2785.71
2804.87
2829.34
2855.51
2865.93
2870.5
2876.6
2880.98
2884.94
2891.66
2891.84
2892.18
2895.02
2895.59
2894.65
2885.12
2770.05
2735.45
2919.06
2962.16
2987.17
2971.46
2950.65
2920.46
2881.39
2844.44
2818.81
2790.84
2766.25
2747.09
2725.84
2712.62
2700.12
2685.51
2673.89
2663.44
2654.83
2647.39
2638.02
2629.2
2619.25
2619.24
2603.1
2602.75
2588.95
2602.44
2597.36
2592.47
2626.46
2617.23
2654.63
2669.98
2687.49
2694.06
2678.54
2574.21
2466.2
2459.07
2450.67
2448.77
2431.29
2436.7
2419.51
2432.22
2415.12
2423.81
2410.58
2430.97
2990.28
2992.19
2992.69
2992.78
2994.27
2995.51
2996.3
3000.34
3002.43
3004.83
2993.24
2983.56
2770.62
2562.7
2558.76
2698.35
2731.41
2740.28
2733.42
2732.65
2722.23
2721.06
2721.52
2719.01
2724.51
2730.68
2732.58
2740.1
2753.22
2751.9
2782.87
2779
2816.59
2818.16
2849.33
2858.98
2878.77
2906.54
2925.94
2846.07
2683.19
2605.98
2597.54
2652.49
3077.87
3083.23
3060.55
3061.22
3067.35
3070.22
3074.83
3072.87
3073.47
3071.45
3075.26
3067.32
3066.73
3057.98
3056.82
3049.33
3048.8
3037.09
3036.77
3021.18
3009.95
2917.87
3020.75
3052.26
3053.05
3035.87
3009.08
2932.31
2778.57
2650.9
2880.6
2875.39
2865.99
2854.89
2848.72
2848.18
2850.33
2847
2842.62
2839.54
2833.65
2827.1
2820.92
2825.17
2805.28
2809.54
2801.03
2772.32
2820.04
2793.03
2855.09
2869.91
2896.56
2927.66
2917.04
2855.1
2855.48
2867.39
2871.76
2866.4
2759.73
2746.81
2804.22
2841.17
2844.82
2838.79
2829.7
2810.48
2790.46
2763.61
2742.13
2731.7
2721.76
2718.23
2710.47
2707.34
2715.37
2720.32
2728.72
2739.26
2755.72
2762.41
2728.91
2737.96
2717.53
2633.72
2607.09
2617.94
2644.29
2655.72
2549.19
2731.17
2730.25
2736.25
2751.09
2755.34
2750.52
2742.81
2731.66
2721.24
2709.24
2700.97
2693.82
2684.2
2676.78
2670.81
2666.36
2666.52
2667.24
2688.5
2698.94
2744.17
2764.15
2793.52
2813.19
2835.24
2849.67
2868.76
2867.01
2728.38
2699.72
2705.65
2758.16
2758.42
2708.91
2683.53
2684.4
2676.04
2653.19
2657.14
2635.57
2603.96
2608.06
2571.22
2571.55
2549.42
2548.43
2529.52
2530.79
2515.62
2517.91
2508.22
2508.8
2505.28
2512.07
2524.11
2551.28
2590.25
2597.9
2425
2433.38
2477.06
2683.03
2748.39
2700.83
2670.86
2671.95
2658.63
2671.78
2680.98
2675.08
2701.87
2691.75
2720.23
2721.22
2729.07
2740.98
2755.33
2771.59
2787.59
2803.16
2825.49
2838.29
2854.18
2851.16
2860.84
2849.93
2854.93
2826.06
2755.79
2409.53
2413.32
2637.03
2582.71
2502.85
2529.66
2543.48
2545.17
2567.27
2574.16
2586.71
2607.89
2606.27
2620.78
2612.59
2617.96
2614.44
2609.86
2603.53
2600.34
2584.45
2588.63
2576.6
2597
2602.92
2630.49
2668.39
2668.23
2720.6
2911.8
2707.6
3014.67
3012.6
2999.57
2994.12
2985.46
2978.58
2963.47
2946.06
2908.04
2898.37
2839.72
2824.68
2796.89
2766.48
2767.24
2733.4
2753.18
2715.55
2743.87
2744.66
2764.06
2786.71
2792.32
2792.07
2786.31
2767.05
2748.85
2742.28
2776.98
2632.11
2881.79
2867.4
2870.5
2873.48
2863.76
2847.64
2828.21
2810.85
2794.49
2780.81
2767.84
2753.93
2742.23
2705.05
2714.97
2612.16
2659.76
2578.99
2625.45
2635.85
2638.3
2651.11
2675.99
2684.25
2708.68
2730.04
2759.69
2838.09
2923.48
2359.9
2948.48
2791.67
2760.58
2757
2767.05
2778.07
2799.05
2806.26
2823.14
2828.19
2841.7
2842.07
2851.59
2847.41
2856.46
2851.79
2854.1
2840.73
2824.58
2814.45
2784.93
2764.05
2746.65
2722.6
2763.06
2902.45
2653.38
2399.5
2460.18
2222.23
2264.1
2274.87
2382.5
2563.69
2800.12
2955.86
2881.32
2815.66
2765.92
2735.33
2713.6
2695.99
2679.19
2670.14
2672.78
2679.43
2696.47
2724.04
2768.52
2809.43
2871.01
2886.74
2956.74
2944.24
2649.98
2410.56
2310.47
2345.69
2410.21
2991.84
3008.26
3012.36
3020.03
3012.5
3014.1
3004.69
3010.69
3012.86
3018.95
3009.24
2991.96
2897.99
2611.31
2566.84
2722.81
2734.24
2704.23
2681.87
2664.03
2660.59
2664.36
2668.31
2681.95
2698.34
2710.76
2730.33
2745.66
2762.62
2778.3
2800.88
2811.99
2831.47
2846.38
2857.2
2867.49
2879.06
2894.69
2919.33
2912.06
2852.01
2723.69
2609.13
2645.68
3081.66
3042.54
3022.01
3043.24
3064.23
3063.58
3042.97
3010.42
2991.36
2977.88
2965.38
2962.57
2957.29
2958.36
2963.18
2975.85
2987.31
3013.96
3017.59
3023.44
3011.97
2951.05
2934.38
3009.56
3014.54
3039.16
3044.86
3032.77
2946.84
2716.72
2874.26
2842.08
2825.33
2833.11
2847.44
2848.64
2849.94
2848.25
2846.03
2839.11
2829.48
2818.72
2810.38
2798.99
2800.14
2782.93
2781.21
2783.15
2809.44
2813.1
2848.32
2853.9
2879.61
2913.38
2930.82
2909.82
2875.25
2902.99
2912.08
2901.53
2700.75
2838.93
2846.62
2820.04
2803.6
2793.12
2786.57
2786.79
2784.36
2795.8
2810.02
2808.38
2812.19
2782.6
2751.69
2729.59
2708.81
2711.41
2709.1
2716.98
2731.61
2758.72
2747.56
2733.6
2735.56
2747.7
2703.19
2693
2711.97
2709.56
2614.4
2727.77
2738.38
2751.62
2743.3
2723.8
2693.22
2658.1
2626.4
2604.45
2592.44
2581.66
2574.67
2568.67
2565.21
2559.6
2551.78
2547.76
2547.38
2549.4
2559.46
2583.58
2607.91
2660.28
2707.57
2760.48
2811.12
2845.4
2865.01
2834.85
2702.56
2723.95
2774.66
2731.23
2696
2670.31
2673.7
2663.06
2593.22
2497.77
2500.37
2491.79
2529.33
2526.49
2546.66
2528.08
2530.13
2495.96
2494.2
2465.14
2459.9
2439.33
2433.49
2422.45
2421.18
2432.4
2474.95
2557.95
2597.16
2485.86
2491.97
2714.55
2789.82
2724
2718.74
2696.24
2710.7
2703.11
2716.27
2725.82
2734.6
2754.23
2761.18
2786.42
2779.54
2780.01
2769.94
2760.09
2758.94
2775.65
2817.44
2883.02
2900.71
2860.64
2802.06
2782.6
2775.01
2842.13
2872.39
2776.04
2486.27
2731.13
2797.57
2543.59
2519.99
2562.3
2588.25
2609.79
2638.32
2654.57
2680.9
2695.15
2704.39
2701.2
2685.15
2670.83
2653.07
2652.02
2645.11
2668.23
2662.25
2688.12
2676.82
2675.7
2677.65
2683.96
2705.93
2700.52
2725.18
2961.7
2938.62
3015.99
3001.44
2951.77
2943.83
2957.26
2975.45
2949.05
2896.38
2813.46
2776.94
2714.48
2673.36
2692.6
2658.8
2701.93
2673.91
2720.67
2703.63
2736.22
2761.76
2790.84
2823.62
2834.02
2835.65
2822.19
2798.24
2765.61
2750.03
2772.15
2946.05
2901.55
2937.24
2991.87
2999.37
2966.06
2910.61
2850.97
2802.53
2780.65
2793.43
2834.66
2869.88
2890.39
2884.74
2861.01
2807.57
2784.31
2727.2
2711.83
2697.13
2688.97
2683.18
2688.14
2698.76
2714.86
2725.19
2742.46
2794.57
2875.25
2900.47
2848.3
2775.42
2769.3
2804.37
2850.07
2884.36
2902.1
2913.17
2920.1
2914.19
2917.09
2910.87
2917.61
2924.66
2946.7
2967.25
2988.83
2988.32
2987.02
2965.97
2919.57
2870
2797.93
2743.89
2744.02
2816.17
3017.1
2450.89
2427.94
2238.36
2268.61
2335.74
2517.99
2806.8
2923.23
2777.22
2668.18
2610.03
2592.48
2582.09
2576.29
2568.64
2562.66
2554.77
2545.52
2534
2523.12
2511.39
2507.76
2526
2572.02
2648.34
2697.47
2765.88
2849.53
2979.49
2499.05
2312.81
2382.97
3033.36
3034.95
3018.42
2993.52
2994.66
3011.06
3020.42
3023.26
3021.12
3026.11
3021.85
3004.9
2961.1
2676
2577.7
2733.28
2667.92
2636.08
2632.31
2642.07
2656.16
2668.35
2693.86
2715.27
2731.9
2754.21
2770.04
2782.1
2816.77
2830.29
2875.46
2900.91
2930.41
2951.26
2950.15
2936.81
2920.45
2907.46
2912.78
2924.12
2909.98
2820.11
2672.88
2632.3
3076.74
3024.1
3019.59
3049.61
3046.27
2987.93
2918.7
2874.59
2865.06
2850.2
2863.52
2863.8
2875.08
2864.27
2870.02
2857.01
2881
2908.82
2964.25
2997.08
3010.19
2969.58
2915.34
2905.5
2881.46
2925.14
3012.84
3042.13
3007.08
2801.22
2832.23
2813.51
2833.47
2851.78
2853.36
2852.28
2850.71
2846.7
2837.5
2824.14
2811.74
2795.5
2776.85
2761.33
2745.28
2729.99
2732.93
2720.21
2754.73
2762.4
2831.89
2849.95
2876.29
2894.11
2918.71
2930.18
2897.26
2904.71
2923.87
2910.56
2708.7
2861.96
2813.03
2794.27
2790.85
2788.55
2781.22
2767.51
2765.22
2769.58
2775.21
2792.3
2800.65
2806.74
2769.93
2724.59
2713.86
2700.28
2700.88
2704.63
2714.7
2741.21
2765.8
2743.29
2732.77
2739.14
2749.93
2740.88
2733.63
2719.28
2680.45
2733.21
2751.12
2725.31
2692.38
2639.06
2596.62
2584.38
2578.51
2577.98
2576.42
2578.05
2580.48
2586.62
2592.08
2595.43
2603.77
2603.07
2595.07
2586.65
2574.78
2563.33
2563.86
2571.71
2604.72
2657.15
2722.7
2792.58
2852.24
2855.82
2706.15
2745.88
2761.53
2714.41
2678.33
2671.43
2628.86
2526.73
2510.68
2551.53
2586.67
2561.85
2573.08
2570.01
2585.8
2572.55
2551.34
2508.28
2508.56
2494.67
2494.56
2470.77
2451.08
2418.46
2389.19
2362.83
2384.59
2482.42
2596.12
2535.21
2593.6
2824.09
2748.17
2730.66
2737.41
2711.03
2718.15
2690.29
2690.4
2695.66
2697.48
2732.39
2759.38
2794.21
2809.21
2818.56
2807.21
2792.62
2787.18
2816.35
2883.58
2941.42
2912.57
2856.08
2762.66
2701.07
2656.4
2712.89
2872.15
2786.99
2782.61
2812.24
2618.3
2526.94
2548.92
2579.93
2603.48
2612.79
2645.54
2672.25
2718.73
2756.27
2777.66
2778.11
2745.51
2725.82
2699.77
2729.35
2770.05
2857.84
2890.13
2917.11
2906.99
2906.98
2891.04
2840.44
2793.12
2741.03
2734.78
2955.67
2993.08
3014.24
2948.36
2908.19
2910.58
2933.55
2975.37
2917.29
2822.13
2719.72
2674.56
2660.2
2662.6
2718.59
2759.4
2816.46
2809.45
2832
2808.75
2822.89
2803.77
2808.16
2780.71
2764.35
2763.78
2796.53
2834.66
2806.12
2754.07
2755.15
2969.07
2950.93
3041.01
3042.31
3032.35
2985.89
2891.97
2808.53
2779.34
2808.81
2930.54
3011.55
3014.16
2957.08
2888.97
2870.2
2822.01
2835.89
2855.97
2897.21
2851.16
2793.85
2753.51
2727.35
2725.09
2737.22
2751.21
2759.72
2783.52
2860.11
2942.64
2799.18
2775.61
2812.58
2868.57
2906.78
2920.93
2932.4
2925.06
2927.23
2908.45
2899.93
2878.56
2885.94
2915.27
2976.89
3010.48
2936.63
2887.47
2902.99
2947.85
2999.68
2963.05
2861.26
2779.07
2732.77
2775.09
2953.39
2647.66
2374.71
2256.88
2292.77
2453.91
2761.18
2931.92
2755.36
2639.65
2604.92
2604.82
2618.35
2630.81
2639.73
2640.9
2638.91
2623.43
2615.02
2602.67
2581.39
2556.85
2522.79
2502.74
2517.23
2611.7
2735.1
2798.91
2812.62
2872.08
2870.38
2369.96
2345.83
3022.84
2969.63
2911.97
2890.42
2887.92
2900.96
2947.84
3004.62
3021.69
3028.84
3027.51
3016.25
2981.61
2736.38
2600.69
2706.72
2636.11
2635.97
2666.49
2701.08
2733.86
2762.68
2779.63
2779
2776.02
2767.35
2761.03
2765.42
2789.12
2823.4
2892.52
2941.84
3000.39
3029.28
3040.77
3030.58
2998.76
2951.21
2919.98
2920.65
2925.28
2884
2729.19
2640.91
3066.75
3015.3
3021.61
3043.05
3003.44
2914.1
2863.99
2852
2871.37
2908.46
2934.26
2947.92
2949.07
2940.15
2918.78
2879.41
2830.59
2840.06
2877.56
2949.91
2989.43
2983.9
2924.31
2871.84
2828.8
2824.85
2898.28
3019.46
3025.23
2856.63
2788.74
2821.74
2851.15
2851.41
2846.93
2844.47
2844.91
2847.21
2830.34
2804.05
2777.84
2754.79
2737.54
2720.2
2709.15
2709.01
2698.95
2699.1
2722.99
2741.64
2795.58
2839.36
2875.53
2882.3
2906.13
2924.74
2909.45
2904.17
2925.83
2922.19
2775.67
2860.03
2817.37
2813.78
2832.86
2832.42
2826.86
2822.63
2818.39
2811.8
2814.47
2807.26
2772.64
2731.65
2708.04
2705.36
2694.7
2704.57
2701.61
2710.12
2718.21
2732.06
2760.55
2754.91
2739.58
2734.52
2741.92
2753.9
2744.13
2718.13
2700.6
2737.3
2726.49
2684.25
2621.06
2588.71
2590.32
2598.21
2605.35
2606.13
2607.83
2613.3
2627.16
2646.36
2667.83
2690.29
2695.14
2699.3
2698.01
2693.96
2692.63
2659.52
2625
2594.91
2579.67
2602.82
2653.42
2732.99
2817.51
2854.71
2703.64
2760.29
2741.49
2695.2
2667.95
2623.25
2533.6
2547.8
2598.32
2559.27
2551.42
2540.43
2564.54
2579.76
2601.74
2539.46
2497.35
2468.01
2485.62
2477.56
2488.19
2468.56
2461.09
2425.65
2387.87
2342.68
2331.7
2411.62
2591.44
2549.77
2689.1
2798.3
2741.37
2737.85
2740.31
2699.55
2689.7
2641.49
2631.84
2623.63
2645.45
2657.1
2699.79
2745.84
2786.93
2808.52
2817.95
2818.6
2836.04
2895.6
2961.66
2987.26
2993.99
2987
2922.25
2782.74
2671.11
2640.51
2805.24
2807.2
2870.88
2642.68
2535.02
2526.66
2550.59
2555.22
2550.81
2546.63
2573.51
2626.18
2704.21
2773.95
2815.33
2809.45
2769.68
2732.28
2742.79
2809.76
2915.28
2827.38
2687.1
2608.47
2588.68
2587.89
2625.22
2822.03
2912.55
2788.92
2732.63
2950.25
3000.29
2995.8
2940.08
2925.25
2908.65
2917.73
2974.17
2886.34
2763.84
2690.88
2664.83
2715.57
2840.28
2899.04
2737.62
2687.64
2605.48
2625.14
2618.95
2661.64
2697.82
2707.68
2720.57
2701.04
2680.94
2666.46
2725.59
2840.36
2790.6
2771.79
2972.6
3013.68
3049.24
3023.28
3023.39
2932.83
2825.93
2778.33
2800.1
2951.66
3034.87
2974.15
2905.07
2846.41
2781.4
2754.55
2694.09
2668.98
2716.24
2754.21
2923.46
2917.15
2843.31
2787.24
2762.94
2764.9
2778.03
2781.29
2790.71
2837.33
2889.2
2780.13
2794.94
2855
2900.76
2919.57
2929.74
2938.02
2927
2927.44
2902.94
2878.25
2862.29
2862.58
2915.61
3000.65
2904.76
2785.25
2764.95
2777.9
2822.86
2950.45
3007.75
2894.01
2793.68
2727
2753.64
2890.02
2828.37
2342.96
2260.52
2331.05
2620.14
2969.5
2791.78
2649.77
2606.7
2612.84
2636.54
2665.83
2684.52
2695.49
2701.12
2691.01
2679.45
2660.64
2643.49
2624.85
2603.35
2573.44
2536.19
2512.98
2580.81
2774.53
2889.77
2904.93
2868.45
2996.55
2523.05
2317.71
2991.07
2907.12
2869.91
2869.63
2872.79
2874
2885.52
2934.02
2999.47
3016.95
3020.61
3019.69
2993.22
2781.73
2633.62
2677.8
2661.57
2690.51
2736.94
2786.25
2829
2843.21
2835.96
2815.07
2779.54
2732.48
2705.19
2698.94
2731.36
2804.48
2898.59
2977.69
3032.46
3054.71
3065.39
3065.52
3051.88
3003.35
2943.79
2922.64
2929.24
2905.85
2763.16
2642.55
3053.53
3010.11
3017.16
3029.27
2985.11
2925.15
2919
2952.06
2977.4
2977.08
2981
2976.98
2981.91
2963.85
2955.96
2935.71
2888.37
2811.47
2834.11
2895.3
2961.47
2979.46
2941.1
2876.41
2827.19
2798.07
2816.12
2953.82
3032.62
2890.39
2787.98
2836.82
2851.73
2842.87
2836.9
2838.88
2844.61
2833.14
2795.5
2761.55
2736.16
2723.43
2720.02
2711.99
2714.36
2695.15
2695.67
2690.33
2722.06
2729.3
2782.88
2835.05
2870.68
2873.5
2895.72
2917.24
2917.9
2906.62
2924.55
2929.01
2868.41
2845.4
2821.93
2844.48
2792.8
2713.87
2703.25
2706.76
2710.84
2712.38
2702.25
2704.24
2714.05
2730.14
2735.05
2739.77
2745.21
2738.35
2741.68
2738.68
2738.81
2743.05
2758.96
2765.36
2746.08
2739.18
2731.18
2744.21
2753.03
2716.34
2705.97
2734.8
2688.74
2625.81
2594.61
2599.08
2618.09
2629.74
2627.78
2624.84
2622.71
2634.95
2662.63
2697.6
2726.66
2734.59
2739.04
2742.71
2733.81
2739.45
2740.65
2742.67
2718.3
2668.78
2620.48
2595.29
2621.77
2688.75
2790.41
2850.67
2694.71
2756.92
2726.41
2673.68
2654.38
2560.9
2565.42
2580.56
2573.68
2533.15
2551.41
2553.66
2573.88
2603.6
2602.93
2498.45
2480.28
2492.5
2536.68
2539.8
2534.75
2501.45
2483.5
2443.06
2401.98
2340.98
2314.21
2378.94
2565.21
2577.67
2746.08
2778.01
2735.24
2743.18
2727.76
2685.83
2645.66
2616.13
2612.86
2614.97
2619.49
2636.63
2648.73
2700.74
2751.6
2793.79
2812.48
2836.58
2883.69
2937.82
2956.71
2953.31
2935.19
2944.97
2965.2
2956.64
2749.75
2683.89
2804.66
2799.18
2748.63
2557.21
2516.95
2519.14
2518.56
2484.19
2457.61
2443.39
2476.32
2540.07
2652.48
2768.59
2828.08
2819.27
2752.81
2732.39
2768.59
2891.17
2809.53
2640.99
2560.56
2544.75
2540.75
2550.33
2534.87
2576.43
2832.88
2842.63
2730.95
2932.03
2999.58
2993.25
2971.58
2966.52
2922.05
2920.91
2963.5
2845.8
2724.08
2687.4
2746.83
2883.82
2747.91
2634.51
2532.89
2545.27
2506.26
2553.26
2547.89
2628.94
2670.66
2721.82
2750.88
2757.67
2724.84
2671.02
2654.75
2768.63
2815.48
2763.97
2986.76
3054.56
3040.53
3041.91
2988.22
2879.34
2789.71
2780.11
2896.03
3033.52
3006.59
2958.49
2900.05
2823.12
2750.32
2701.44
2651.85
2643.01
2658.37
2673.6
2782.44
2929.09
2919.29
2842.66
2799.32
2796.81
2813.76
2817.93
2810.25
2844.81
2857.19
2780.24
2821.91
2884.94
2915.47
2929.55
2938.87
2936.34
2937.73
2931.67
2914.33
2892.63
2852.36
2844.76
2880.99
2970.87
2959.47
2820.03
2785.66
2799.61
2836.51
2961.49
2998.01
2881
2776.43
2713.68
2736.4
2849.3
2961.69
2345.89
2268.94
2391.33
2830.12
2874.64
2701.32
2618.05
2614.69
2639.09
2682.14
2721.27
2756.32
2785.1
2788.81
2779.98
2759.36
2726.72
2689.17
2657.48
2630.09
2603.22
2569.83
2544.02
2566.91
2788.77
2931.28
2946.23
2888.73
2951.55
2688.92
2298.55
2962.62
2872.63
2866.53
2898.77
2911.59
2898.42
2874
2888.08
2953.62
2997.96
3013.19
3020.91
2999.21
2828.28
2675.99
2689.52
2732.9
2753.96
2796.66
2843.76
2870.16
2874.84
2856.67
2814.91
2756.88
2693.74
2647.97
2647.15
2722.97
2832.5
2951.58
3018.73
3040.75
3051.38
3057.53
3060.98
3057.4
3025.99
2964.57
2923.27
2924.24
2913.35
2797.37
2662.11
3045.34
3010.24
3009.87
3016.95
2993.34
2977.59
2971.69
2969.85
2958.51
2954.83
2968.11
2969.64
2980.55
2966.74
2962.17
2944.11
2924.77
2844.57
2801.65
2864.5
2930.26
2961.53
2944.21
2890.3
2835.2
2795.87
2793.96
2902.89
3029.42
2899.09
2791.48
2844.24
2842.8
2833.89
2830.13
2833.13
2843.45
2813.99
2764.86
2739.29
2733.74
2740.64
2744.8
2747.35
2735.61
2717.14
2706.77
2697.84
2725.11
2732.77
2783.4
2833.2
2862.61
2866.02
2886.77
2910.51
2921.77
2913.05
2925.98
2930.41
2882.95
2827.62
2838.01
2793.67
2647.45
2589.92
2592.06
2597.12
2631.7
2664.01
2718.15
2736.63
2738.18
2739.67
2741.7
2745.58
2737.31
2741.82
2737.4
2746.26
2758.34
2751.02
2761.53
2765.52
2750.65
2738.33
2730.32
2733.18
2745.86
2708.87
2700.45
2706.67
2655.07
2602.64
2604.99
2634.01
2645.08
2639.55
2630.15
2620.82
2621.33
2649.47
2698.38
2739.53
2748.66
2753.26
2747.51
2731.79
2734.08
2723.94
2743.29
2747.84
2757.68
2732.9
2679.75
2626.38
2617.3
2671.31
2773.74
2850.34
2689.27
2748.4
2704.27
2667.81
2623.82
2569.83
2587.87
2560.2
2546.66
2547.62
2572.25
2571.01
2600.3
2620.79
2581.45
2473.72
2484.59
2554.53
2597.6
2594.91
2589.19
2585.87
2555.78
2494.2
2428.26
2351.78
2320.86
2364.76
2580.36
2551.43
2778.79
2764.09
2731.6
2732.51
2713.61
2656.4
2629.96
2607.49
2614.11
2611.39
2622.11
2621.25
2636.13
2668.67
2729.46
2786.45
2811.8
2855.34
2903.57
2922.93
2914.86
2900.22
2913.84
2917.49
2914.91
2937.23
2924.4
2767.33
2813.58
2795.66
2668.33
2523.28
2502.65
2498.23
2465.65
2414.97
2377.57
2372.56
2399.15
2457.16
2586.65
2747.91
2835.52
2811.35
2728.96
2725.31
2817.16
2904.57
2732.62
2617.86
2610.98
2628.62
2662.18
2678.49
2634.03
2550.28
2668.38
2873.58
2728.6
2912.81
2995.8
3006
3019.84
3000.17
2936.41
2933.39
2952.24
2819.1
2714.09
2720.42
2851.69
2853.3
2640.56
2612.31
2612.05
2647.23
2647.93
2655.27
2637.66
2685.63
2756.3
2825.02
2854.99
2863.43
2833.77
2744.38
2656.2
2714.54
2865.06
2793.17
2997.45
3063.76
3052.39
3033.91
2953.07
2835.95
2778.09
2812.75
2955.55
3038.36
3023.75
2976.36
2884.42
2776.8
2689.23
2629.01
2618.66
2594.71
2622.33
2649.33
2720.57
2847.38
2950.4
2874.5
2828.15
2825.59
2848.64
2852.81
2829.55
2846.39
2836.25
2781.05
2845.36
2902.84
2929.23
2939.84
2934.57
2937.39
2932.97
2931.29
2938.31
2919.5
2874.98
2832.89
2836.99
2891.25
2975.8
2998.99
2949.54
2931.7
2957.01
3010.14
2927.86
2830.81
2733.47
2699.66
2709.59
2799.4
3029.69
2370.01
2275.08
2462.5
2979.48
2786.82
2647.79
2606.46
2626.53
2678.39
2737.61
2798.9
2856.44
2885.57
2895.44
2884.23
2846.69
2811.12
2750.85
2702.42
2659.36
2624.85
2591.35
2560.05
2569.3
2807.65
2960.49
2972.24
2910.29
2937.99
2682.99
2292.59
2945.55
2847.64
2879.2
2939.05
2971.7
2949.47
2893.76
2872.19
2901.85
2956.89
2990.22
3017.22
3008.84
2864.24
2719.05
2742.5
2820.13
2819.01
2834.73
2866.78
2882.63
2884.81
2852.58
2811.49
2742.09
2670.03
2606.81
2618.92
2733.32
2894.61
2997.34
3026.08
3019.52
3007.11
3015.29
3034.22
3041.47
3022.18
2966.78
2926.13
2928.62
2917.77
2819.58
2670.21
3034.67
2996.08
2998.85
3007.74
2988.11
2968.75
2945.51
2928
2917.2
2922.02
2934.66
2947.36
2970.01
2952.48
2955.5
2921.96
2916.66
2886.83
2803.21
2836.36
2900.77
2936.73
2931.29
2889.44
2838.8
2795.82
2778.76
2864.83
3023.52
2908.15
2799.61
2843.2
2831.55
2824.6
2822.11
2827.37
2840.11
2803.51
2761.87
2751.75
2754.88
2766.06
2765.25
2765.05
2749.21
2743.46
2729.46
2720.57
2741.92
2761.22
2796.06
2839.68
2852.41
2858.66
2880.85
2906.38
2921.54
2923.97
2926.25
2929.07
2847.09
2825.06
2852.77
2692
2588.74
2556.53
2564.04
2618.67
2694.57
2720.48
2725.19
2732.69
2746.49
2753.51
2757.25
2752.59
2751.48
2741.59
2746.25
2747.48
2759.38
2762.21
2760.84
2760.73
2743.71
2731.32
2712.84
2719.9
2735.8
2699.71
2697.66
2687.14
2627.42
2603.64
2625.18
2652.99
2660.39
2652.23
2634.89
2618.92
2622.52
2665.73
2724.35
2742
2742.17
2736.64
2727.37
2727.3
2714.35
2713.76
2720.82
2725.84
2761.55
2755.35
2724.34
2668.17
2632.28
2674.89
2771.48
2855
2692.93
2728.22
2691.13
2649.66
2607.27
2584.7
2575.1
2538.02
2556.4
2572.95
2589.82
2598.57
2618.99
2631.71
2593.73
2460.45
2454.16
2560.5
2601.23
2592.61
2599.1
2592.38
2598.76
2550.92
2461.19
2375.52
2332.74
2408.55
2583.82
2599.81
2785.07
2747.28
2713.59
2727.46
2691.02
2642
2618.55
2609.36
2607.23
2616.62
2610.54
2629.15
2625.71
2652.23
2714.03
2783.22
2813.75
2859.43
2903.11
2901.85
2904.78
2935.95
2926.15
2912.36
2897.2
2893.93
2907.27
2914.38
2893.37
2780.2
2616.94
2498.56
2487.73
2464.75
2410.4
2361.57
2347.52
2340.83
2370.09
2400.86
2518.85
2718.97
2836.88
2802.7
2697.53
2722.66
2846.36
2865.39
2733.05
2701.06
2715.68
2755.79
2774.46
2786.74
2744.55
2594.91
2615.33
2882.85
2707.46
2896.5
2990.7
3026.39
3038.53
3016.55
2947.42
2938.76
2953.62
2821.66
2729.04
2745.94
2881.36
2842.75
2753.59
2812.04
2876.85
2916.05
2870.64
2847.97
2745.29
2726.76
2768.02
2850.87
2863.76
2880.63
2899.71
2826.46
2679.09
2690.83
2881.7
2813.38
3008.41
3064.61
3056.27
3016.22
2927.68
2816.04
2762.57
2814.75
2959.27
3029.74
3023.28
2977.09
2868.16
2722.81
2662.28
2593.23
2614.04
2576.65
2604.5
2636.92
2710.97
2834.81
2948.43
2883.68
2843.14
2853.59
2887.57
2892.39
2849.39
2850.14
2812.58
2781.85
2861.44
2918.77
2942.47
2941.19
2942.35
2931.04
2922.02
2928.28
2936.02
2945.83
2928.55
2868.16
2819.24
2830.73
2870.27
2932.54
2973.25
2986.31
2962.17
2918.89
2834.91
2757.05
2705.18
2674.98
2678.79
2732.19
2965.02
2415.65
2285.15
2529.57
2940.46
2721.11
2620.07
2605.38
2648.64
2712.09
2795.93
2880.9
2942.77
2980.74
2991.46
2965.09
2928.76
2872.19
2814.9
2748.63
2692.43
2648.77
2607.12
2565.1
2567.06
2788.23
2991.58
2994.17
2937.5
2965.5
2589.69
2269.6
2928.19
2832.79
2886.09
2975.44
3013.81
3011.7
2959.38
2897.18
2894.55
2916.91
2956.03
3012.66
3012.42
2899.9
2747.68
2803.07
2931.14
2916.85
2881.44
2880.13
2892.25
2888.65
2867
2825.67
2762.83
2677.52
2598.58
2596.28
2738.34
2923.38
3017.35
3013.44
2974.47
2939.56
2946.88
2984.18
3005.41
2990.39
2947.26
2921.1
2928.6
2920.49
2824.5
2670.42
3045.38
2999.61
2988.94
3002.17
2985.23
2945.89
2919.7
2890.7
2879.31
2874.02
2895.85
2920.23
2956.79
2946.62
2948.43
2904.94
2904.32
2897.92
2813.9
2817.88
2874.59
2906.98
2903.28
2870.05
2827.04
2784.31
2765.43
2854.81
3011.44
2910.9
2806.02
2838.86
2834.11
2820.05
2811.98
2816.57
2829.42
2810.94
2774.23
2762.58
2772.54
2780.73
2776.11
2773.81
2761.4
2762.06
2763.79
2757.74
2769.44
2795.86
2812.11
2838.35
2839.32
2842.04
2877.37
2904.63
2922.35
2926.96
2926.5
2928
2811.38
2836.99
2840
2677.8
2581.8
2562.12
2593.71
2679.84
2704.72
2711.41
2724.44
2732.82
2750.63
2745.89
2748
2749.99
2744.53
2749.3
2742.29
2755.41
2753.82
2760.67
2760.77
2748.41
2745.77
2726.28
2713.48
2714.4
2728.25
2699.05
2697.58
2661
2614.21
2623.96
2660.87
2669.86
2660.34
2642.15
2619.29
2609.44
2617.57
2661.62
2718.67
2747.52
2747.04
2733.57
2730.18
2718.84
2719.8
2697.23
2708.54
2704.3
2758.27
2752.69
2755.48
2697.29
2663.96
2696.38
2785.05
2860.21
2684.55
2724.94
2676.88
2628.07
2599.96
2584.14
2552.69
2543.32
2586.43
2599.48
2616.76
2612.54
2619.21
2625.94
2634.26
2453.21
2382.82
2454.84
2603.59
2603.81
2596.77
2613.9
2617.37
2573.81
2483.91
2402.01
2400.79
2459.47
2635.27
2553.28
2797.32
2734.73
2709.06
2711.22
2682.8
2628.76
2620.22
2600.04
2609.13
2601.15
2612.87
2631.16
2629.29
2651.14
2706.77
2787.4
2817.68
2868.89
2899.56
2911.73
2935.41
2939.25
2918.19
2850.04
2773.77
2777.52
2848.23
2881.63
2873.76
2747.4
2583.22
2475.71
2458.76
2421.75
2367.85
2339.72
2350.28
2342.26
2361.64
2381.69
2464.94
2687.1
2846.25
2785.35
2672.18
2725.91
2866.13
2852.94
2775.22
2786.06
2809.76
2803.14
2803.08
2785.54
2769.12
2623.31
2551.77
2871.54
2704.96
2908.65
2980.75
3026.5
3040.38
3021.2
2975.01
2938.87
2953.9
2855.52
2746.3
2730.47
2862.63
2936.66
2932.64
2964.04
2932.05
2933.19
2913.22
2911.74
2852.72
2767.04
2768
2837.81
2840.37
2870.48
2888.31
2841.91
2676.3
2675.19
2898.73
2827.39
3018.24
3071.65
3055.91
3001.95
2918.34
2801.37
2750.62
2787.11
2923.37
3005.28
3008.86
2988.59
2861.66
2726
2652.89
2626.29
2615.54
2617.65
2638
2666.27
2757.59
2885.11
2924.99
2868.33
2856.13
2890.67
2922.44
2922.45
2867.35
2855.09
2791.15
2780.89
2874.14
2932.41
2955.16
2972.22
2962.48
2941.07
2925.73
2908.3
2920.71
2950.68
2957.04
2945.63
2863.23
2819.1
2814.71
2828.12
2854.89
2865.96
2853.08
2816.42
2759.86
2715.39
2676.74
2659.59
2628.3
2676.91
2927.29
2443.41
2290.65
2602.67
2891.26
2678.65
2601.75
2603.83
2660.11
2746.59
2841.44
2938.6
3007.98
3037.64
3045.55
3034.66
2995.62
2924.39
2851.13
2784.73
2721.97
2670.5
2622.8
2565.59
2546.22
2749.61
2987.37
2990.05
2989.57
2899.76
2584
2486.9
2924.15
2813.96
2879.02
2987.09
3027.74
3022.36
3016.06
2984.98
2946.09
2933.61
2951.61
2997.96
3020.16
2940
2975.83
2882.07
2773.55
2918.79
3009.64
3002.18
2958.64
2911.58
2908.12
2911.31
2897.23
2875.29
2819.79
2726.12
2619.8
2586.23
2703.11
2910.24
3007.99
3004.19
2946.11
2899.87
2898.76
2927.6
2950.03
2946.85
2919.2
2922.22
2930.96
2926.42
2844.48
2717.45
2677.69
2836.77
3022.54
2983.71
2943.46
2991.58
2988.57
2945.4
2901.06
2877.21
2857.78
2849.56
2860.15
2893.68
2942.25
2948.3
2948.63
2898.74
2894.74
2893.9
2833.39
2803.1
2840.53
2867.31
2858.52
2834.86
2801.03
2761.24
2751.68
2865.27
3003.05
2931.07
2813.1
2801.24
2808.63
2803.64
2804.34
2818.53
2810.36
2808.88
2818.25
2824.81
2788.32
2773.52
2779.42
2780.61
2787.65
2779.21
2769.1
2766.7
2766.88
2778.75
2792.12
2798.67
2805.38
2822.72
2821.23
2841.23
2881.59
2909.07
2926.57
2929.18
2924.58
2920.19
2884.97
2909.62
2826.49
2853.28
2853.78
2724.42
2611.39
2586.29
2613.54
2683.78
2693.62
2710.12
2713.2
2725.52
2740.85
2735.83
2743.84
2742.24
2741.45
2743.88
2740.35
2746.84
2752.73
2747.93
2744.48
2739.82
2715.61
2691.19
2677.02
2689.94
2686.66
2646.76
2636.99
2694.89
2701.86
2660.68
2619.01
2651.49
2674.15
2686.8
2677.22
2656.09
2631.92
2610.25
2604.81
2652.76
2724.74
2737.96
2729.12
2726.39
2723.43
2725.15
2714.79
2711.19
2690.64
2727.09
2740.43
2762.53
2764.42
2728.96
2697.36
2725.22
2817.31
2877.65
2711.45
2662.85
2688.47
2705.98
2653.15
2614.87
2601.24
2572.82
2555.48
2578.02
2616.11
2628.87
2636.99
2631.04
2623.68
2629.07
2647.77
2544.59
2345.38
2305.08
2405.73
2577.04
2611.34
2606.4
2630.06
2636.51
2564.13
2507.46
2488.01
2590.66
2646.21
2545.62
2436.13
2493.46
2786.13
2720.26
2677.7
2698.08
2683.1
2643.59
2606.84
2609.46
2606.51
2612.64
2615.12
2632
2648.89
2653.21
2711.49
2795.56
2826.11
2877.59
2913.27
2933.56
2945.5
2939.34
2872.37
2688.95
2570.51
2587.95
2712.4
2827.77
2853.89
2753.9
2758.05
2715.64
2508.33
2448.69
2436.9
2394.69
2351.52
2333.64
2348.94
2357.11
2370.51
2373.01
2438.62
2666.38
2858
2777.51
2653.54
2738.85
2885.11
2853.87
2822.82
2848.62
2830.91
2784.62
2725.62
2721.36
2708.77
2572.2
2600.55
2844.06
2677.43
2888.64
2889.11
2946.02
2953.07
3009.47
3020.77
3027.49
3007.39
2963.5
2942.35
2911.5
2759.33
2711.65
2807.95
2918.1
2948.21
2944.99
2921.15
2907.42
2934.79
2899.57
2885.31
2807.18
2797.17
2821.38
2813.58
2847.37
2847.32
2747.07
2616.54
2690.83
2897.03
2829.69
2887.82
2999.75
3002.86
3061.05
3033.73
2985.8
2896.34
2776.58
2708.62
2738.63
2860.55
2965.72
2986.23
2977.76
2895.58
2734.85
2692.69
2640.85
2660.14
2688.65
2714.39
2772.88
2878.68
2913.75
2880.51
2862.34
2890.65
2916.38
2853.25
2920.7
2870.49
2862.7
2936.03
2847.01
2754.45
2775.41
2886.98
2952.26
2993.35
3007.89
3011.15
2997.49
2944.28
2910.07
2896.7
2926.41
2958.96
2904.56
2951.36
2896.83
2840.29
2807.46
2779.47
2766.25
2750.11
2730.62
2701.67
2670.5
2642.81
2610.38
2579.85
2604.4
2800.51
2716.31
2671.98
2515.47
2325.61
2629.7
2861.87
2649.55
2587.36
2596.96
2661.06
2750.34
2861.47
2963.14
3041.41
3071.88
3088.7
3080.64
3042.23
2963.76
2870.95
2801.14
2738.93
2686.58
2636.23
2567.48
2520.83
2664.86
2982.31
2952.03
2946.27
2961.64
2837.13
2632.98
2473.58
2455.41
2915.89
2802.74
2855.42
2979.53
3020.33
3002.18
3007.44
3018.22
3007.52
2993.26
2982.44
3008.62
3025.43
2975.39
2988.76
2964.4
2826.13
2999.05
3038.23
3043.11
3017.59
2962.18
2928.47
2932.98
2937.34
2932.24
2899.46
2805.27
2676.38
2585.17
2641.15
2835.85
2979.69
2998.14
2959.02
2901.89
2887.03
2888.08
2906.69
2902.03
2915.9
2922.99
2942.45
2930.96
2880.21
2780.19
2699.12
2742.99
2962.55
2960.35
2858.38
2959.41
2988.89
2963.07
2913.07
2870.61
2857.33
2840.47
2849.08
2867.54
2923.19
2960.57
2945.59
2917.08
2886.03
2890.72
2838.92
2797.04
2801.11
2816.4
2811.39
2792.83
2763.25
2737.36
2753.85
2881.17
2988.18
2897.71
2799.96
2806.36
2798.99
2761.96
2763.86
2793.61
2804.39
2796.93
2801.59
2813
2803.44
2780.57
2771.06
2780.78
2785.05
2789.57
2775.68
2772.94
2762.13
2780.81
2770.45
2789.02
2794.63
2806.63
2822.38
2855.98
2891.24
2916.57
2930.49
2929.75
2920.91
2909.62
2894.01
2860.92
2831.97
2848.86
2850.36
2804.2
2676.3
2627.25
2612.39
2658.72
2688
2695.15
2702.61
2713.84
2716.09
2732.18
2727.72
2729.94
2733.38
2733.79
2735.79
2736.55
2737.72
2736.47
2725.14
2709.08
2697.95
2690.86
2701.35
2693.17
2690.69
2704.36
2702.59
2719.05
2696.81
2645.31
2634.05
2666.95
2690.82
2698.67
2693.87
2666.65
2627.55
2600.58
2592.29
2633.15
2693.56
2727.71
2732.55
2722.94
2723.71
2720.55
2725.43
2727.42
2716.17
2748.27
2751.12
2767.3
2781.32
2746.75
2735.86
2785.28
2853.82
2847.06
2694.87
2675.24
2703.41
2700.73
2649.28
2616.47
2600.84
2582.5
2588.31
2614.46
2638.84
2642.31
2636.29
2625.79
2626.31
2624.28
2636.63
2645.4
2395.22
2234.21
2218.09
2315.08
2498.35
2619.11
2609.04
2620.42
2641.22
2611.6
2603.77
2655.09
2674.05
2600.48
2496.52
2496.61
2653.24
2800.17
2717.26
2682.21
2691.28
2647.36
2628.79
2609.39
2609.54
2602.1
2629.96
2655.62
2657.63
2663.47
2734.16
2812.31
2833.77
2892.31
2937.62
2964.13
2941.64
2945.93
2768.13
2566.38
2473.67
2522.7
2629.18
2729.37
2812.46
2761.77
2830.68
2701.17
2511.18
2440.91
2422.32
2370.88
2330.66
2332
2357.62
2360.7
2373.11
2382.35
2434.57
2652.36
2885.43
2775.9
2645.66
2774.82
2907.03
2866.41
2875.55
2873.98
2809.36
2698.39
2610.31
2581.76
2572.76
2571.96
2728.97
2792.66
2691.71
2899.72
2971.86
2985.99
2965.29
2985.75
2993.71
3010.85
3010.19
3000.11
2961.86
2940.52
2814.12
2696.56
2735.11
2857.83
2916.44
2921.35
2925.12
2924.08
2938.37
2877.28
2870.5
2816.91
2799.8
2764.82
2703.71
2637.9
2633.16
2573.02
2574.53
2785.73
2876.54
2858.92
2998.89
3012.84
3028.98
3047.41
3009.68
2975.02
2905.34
2776.41
2673.52
2668.9
2781.86
2907.47
2959.7
2976.47
2950.97
2792.16
2701.6
2666.94
2706.12
2755.53
2834.41
2869.66
2885.24
2877.66
2871.97
2891.95
2870.61
2751.8
2756.66
2921.15
2880.23
2890.35
2957.19
2826.22
2755.23
2794.38
2901.48
2973.83
3018.58
3056.63
3071.83
3050.64
3000.05
2933.9
2895.04
2890.24
2962.65
2829.89
2788.79
2878.29
2961.83
2931.61
2874.32
2804.5
2743.76
2699.39
2670.45
2644.59
2618.08
2592.62
2570.81
2586.36
2660.4
2907.07
2983.86
2551.01
2331.81
2656.02
2851.68
2638.23
2576.55
2586.97
2643.38
2737
2842.15
2950.95
3045.74
3083.41
3097.31
3092.23
3053.94
2975.75
2876.56
2800.39
2742.88
2695.89
2640.01
2565.42
2509.22
2557.23
2852.72
2976.3
2896.71
2764.17
2573.97
2494.27
2478.28
2455.89
2921.45
2783.63
2816.12
2934.04
3017.48
2994.83
2984.72
3001.47
3012.31
3011.18
3006.3
3022.26
3032.83
3005.45
3004.99
3022.17
2968.17
3026.86
3042.09
3042.05
3043.31
2997.04
2960.12
2958.5
2965.29
2969.99
2958.32
2899.55
2761.84
2619.99
2593.82
2727.13
2904.47
2978.35
2969.67
2941.9
2909.37
2898.81
2901.69
2911.31
2928.34
2948.8
2955.34
2943.72
2896.57
2809.72
2702.9
2675.76
2861.11
2892.72
2737.9
2836.9
2966.82
2981.15
2950.97
2892.48
2861.97
2844.84
2850.53
2861.27
2898.66
2969.54
2957.13
2931.65
2894.36
2886.32
2841.52
2787.5
2774.28
2770.96
2762.86
2743.62
2724.02
2717.84
2775.1
2917.99
2965.01
2847
2790.31
2796.66
2778.57
2730.37
2725.6
2742.09
2787.36
2801.2
2795.43
2800.71
2813.05
2781.6
2769.36
2768.06
2784.69
2791.59
2798.92
2790.08
2795.83
2789.55
2782.21
2811.04
2804.57
2834.72
2855.42
2882.38
2907.07
2924.97
2930.03
2920.37
2893.25
2875.09
2901.86
2826.85
2845.7
2842.04
2835.52
2841.39
2776.5
2698.72
2638.98
2645.87
2665.57
2691.78
2685.89
2697.49
2692.46
2702.35
2711.33
2711.7
2715.26
2712.54
2719.59
2716.33
2704.94
2697.07
2688.62
2680.18
2676.56
2681
2665.82
2702.81
2717.55
2715.34
2710.87
2701.89
2673.75
2640.31
2653.54
2687.89
2714.79
2734.45
2730.3
2698.42
2657.07
2619.12
2595.6
2600.78
2663.93
2717.94
2722.22
2716.3
2710.31
2723.34
2731.74
2741.67
2745.37
2763.35
2761.11
2782.25
2777.25
2765.86
2784.04
2838.42
2879.64
2807.14
2680.71
2693.02
2727.32
2694.52
2648.89
2629
2623.21
2622.9
2633.62
2648.3
2659.16
2646.72
2636.31
2631.85
2636.73
2644.57
2645.64
2656.71
2608.21
2286.87
2166.25
2155.55
2223.86
2404.22
2581.01
2620.55
2623.08
2635.69
2648.92
2666.7
2653.76
2645.52
2490.78
2560.7
2639.44
2695.63
2801.83
2713.9
2686.33
2678.34
2642.9
2619.35
2618.38
2644.46
2651.49
2669.7
2676.97
2683.05
2763.93
2819.71
2845.63
2913.16
2973.32
2986.49
2935.88
2947.96
2705.19
2515.12
2443.56
2530.93
2643.24
2740.5
2806.04
2804
2852.09
2638.09
2480.9
2427.1
2406.04
2365.54
2340.99
2354.1
2354.34
2360.22
2386.65
2396.58
2442.07
2667.42
2917.29
2787.96
2652.48
2808.95
2910.04
2896.56
2916.24
2894.84
2820.75
2695.93
2607.93
2592.24
2645.22
2777.16
2871.7
2741.98
2724.61
2917.51
2990.91
2974.93
2957.71
2974.36
2991.82
3000.3
3002.7
2999.93
2985.22
2935.53
2901.57
2698.06
2671.67
2789.26
2874.95
2906.43
2930.03
2932.5
2905.26
2865.88
2838.53
2785.52
2706.41
2583.17
2463.31
2409.87
2454.8
2522.32
2692.35
2893.94
2861.61
2917.88
3017.69
3002.04
3021.23
3021.89
2997.11
2994.51
2946.56
2824.09
2673.94
2604.16
2683.2
2838.73
2928.38
2956.32
2974.18
2861.59
2741.89
2659
2685.14
2740.04
2804.79
2844.13
2868.07
2876.35
2817.91
2742.69
2673.52
2677.19
2804.47
2915.24
2893.28
2917.51
2932.81
2800.27
2759.13
2804.52
2916.36
2993.14
3048.46
3076.12
3079.78
3072.5
3045.13
2974.6
2898
2879.42
2924.09
2854.75
2702.08
2685.42
2701.5
2748.07
2807.13
2879.02
2956.82
2974.79
2923.64
2863.14
2807.94
2751.19
2699.74
2680.64
2715.63
2860.21
2892.55
2439.27
2364.27
2728.39
2830.5
2628.95
2568.21
2574.61
2624.56
2693.89
2793.64
2888.12
2984.58
3044.61
3071.32
3066.34
3018.45
2940.14
2856.08
2787.95
2738.71
2696.53
2638.74
2551.88
2497.65
2503.33
2727.01
2877.03
2771.83
2606.22
2534.6
2522.28
2516.04
2452.2
2930.65
2780.41
2773.83
2850.02
2995.5
3001.06
2976.37
2976.42
2994.04
3013.3
3003.73
3004.34
3028.28
3022.65
3026.14
3032.05
3038.59
3043.39
3041.65
3048.43
3038.69
3003.73
2983.28
2985.35
2999.02
3003.05
2999.02
2968.87
2858.24
2689.39
2579.42
2619.95
2764.77
2891.91
2948.94
2957.09
2951.93
2940.59
2947.01
2945.21
2967.57
2963.15
2966.73
2938.52
2888.13
2805.77
2710.54
2637
2712.12
2756.34
2664.5
2700.36
2903.91
2966.1
2974.11
2949.71
2894.48
2862.84
2863.51
2866.72
2891.88
2952.6
2979.82
2934.04
2878.5
2864.87
2830.41
2782.88
2751.32
2736.82
2724.13
2712.88
2708.63
2742.85
2832.08
2954.17
2925.45
2825.4
2784.95
2779.96
2759.53
2727.1
2704.04
2708.44
2738.88
2782.1
2787.29
2786.71
2793.77
2803.77
2771.46
2762.25
2758.85
2782.36
2795.92
2817.83
2819.83
2817.42
2826.51
2837.96
2840.49
2866.22
2883.17
2899.22
2898.47
2889.39
2865.07
2823
2813.34
2876.54
2852.26
2832.28
2852.65
2836.65
2816.62
2828.98
2826.37
2802.19
2720.85
2678.28
2661.64
2669.13
2677.46
2682.88
2674.65
2673.64
2672.79
2677.51
2674.01
2682.29
2679.04
2681.92
2679.24
2679.8
2685.88
2696.71
2688.83
2697.02
2725.51
2716.43
2706.94
2703.34
2696.61
2679.55
2651.27
2650.5
2675.9
2706.18
2730.37
2751.11
2745.91
2729.69
2685.75
2634.15
2592.94
2585.33
2623.18
2685.32
2711.45
2699.59
2695.12
2708.59
2725.64
2739.95
2763.8
2760.98
2777.46
2785.88
2786.29
2805.57
2836.84
2882.22
2882.37
2777.77
2691.83
2717.43
2729.79
2701.18
2668.98
2655.24
2661.19
2669.34
2676.35
2681.09
2669.66
2656.42
2638.42
2635.91
2639
2643.93
2649.68
2649.38
2668.64
2485.98
2231.84
2147.93
2132.07
2171.14
2292.95
2440.79
2517.56
2534.25
2505.57
2510.93
2466.87
2496.76
2505.96
2680.74
2816.28
2816.3
2813.63
2768.63
2701.43
2682.07
2664.15
2656.93
2660.21
2661.43
2681.68
2693.09
2686.54
2705.16
2802.91
2817.2
2839.93
2929.6
2999.63
2997.41
2921.39
2953.82
2723.93
2518.23
2426.86
2479.16
2615.48
2747.47
2811.22
2810.49
2723.75
2560
2467.99
2436.68
2413.58
2377.21
2361.93
2348.66
2357.55
2392.77
2402.97
2409.72
2486.67
2717.61
2932.18
2818.61
2664.05
2834.32
2929.29
2930.42
2939.74
2925.76
2911.75
2903.26
2866.82
2886.65
2888.59
2836.45
2770.16
2771.58
2837.95
2965.35
2983.47
2970.34
2953.25
2982.8
2999.71
3019.6
3021.61
3004.25
2992.44
2970.33
2924.18
2747.98
2628.28
2701.37
2816.46
2889.77
2922.32
2912.41
2879.78
2834.6
2777.76
2693.95
2549.9
2410.01
2401.84
2426.17
2542.56
2720.15
2889.77
2859.93
2891.17
2965.21
3012.77
3008.46
3024.52
3032.01
3015.86
3001.48
2962.89
2882.31
2724.87
2586.07
2583.44
2746.47
2892.4
2935.68
2949.91
2962.27
2834.09
2696.58
2659.92
2627
2651.85
2662.53
2679.92
2644.1
2645.47
2653.4
2691.17
2785.78
2915.36
2916.04
2921.74
2948.9
2892.94
2786.51
2767.85
2829.65
2936.96
3013.72
3061.69
3083.01
3083.54
3086.32
3063.44
2990.38
2911.79
2885.74
2882.05
2955.92
2712.67
2662.7
2656.39
2682.8
2705.35
2694.81
2666.92
2640.7
2644.46
2655.69
2731.8
2821.76
2944.25
2992.07
2995.83
2872.46
2533.66
2459.17
2506.23
2979.67
2760.74
2618.81
2563.46
2570.72
2591.4
2648.37
2720.1
2799.68
2868.87
2933.29
2966.52
2966.52
2930.95
2867.94
2811.6
2764.31
2726.08
2693.3
2628.22
2531.63
2483.64
2470.06
2576.96
2787.14
2802.61
2667.84
2610.58
2611.51
2529.7
2452.43
2947
2774.59
2734.91
2764.18
2859.35
2997.57
2993.09
2978.39
2982.22
2995
3015.4
2996.32
2998.71
3010.08
3024.12
3023.45
3035.67
3039.48
3040.54
3034.85
3014.3
2992.89
2992.31
3003.25
3021.28
3024.35
3022.16
3007.71
2935.18
2781.21
2629.77
2572.49
2631.78
2737.85
2829.96
2891.85
2916.54
2931.61
2940.69
2937.49
2949.92
2930.94
2917.56
2886.57
2846.19
2783.82
2723.84
2670.95
2647
2642.56
2614.19
2665.7
2865.52
2950.37
2954.94
2971.96
2956.43
2913.65
2888
2887.5
2884.67
2931.61
2980.23
2956.83
2873.38
2825.04
2797.44
2761.79
2739.4
2723.43
2721.89
2735.26
2774.78
2855.81
2940.4
2936.85
2863.84
2806.37
2775.76
2779.57
2760.86
2741.22
2704.45
2692.73
2704.59
2744.26
2788.47
2788.9
2787.92
2795.52
2796.95
2766.27
2748.32
2735.24
2745.56
2748.99
2759
2780.2
2792.93
2802.74
2808.61
2820.21
2814.03
2820.11
2818.25
2815.46
2808.83
2804.78
2832.25
2901.21
2816.5
2843.12
2857.68
2834.58
2804.08
2809.74
2812.51
2828.53
2807.19
2775.93
2718.9
2685.22
2668.09
2665.6
2665.69
2672
2672.17
2670.47
2669.12
2675.91
2678.9
2685.12
2686.59
2687.34
2693.8
2707.75
2720.79
2723.6
2716
2705.89
2690.99
2680.32
2672.71
2662.73
2661.85
2676.52
2701.25
2722.95
2740.06
2755.68
2751.65
2742.08
2712.89
2667.05
2625.26
2584.27
2587.85
2639.01
2678.03
2678.65
2668.49
2665.07
2685.44
2721.79
2741.17
2773.75
2788.61
2798.79
2821.45
2846.37
2870.3
2884.02
2842.95
2751.93
2726.75
2733.45
2738.72
2720.62
2689.97
2683.98
2698.31
2705.42
2704.7
2696.73
2683.02
2660.78
2649.84
2647.88
2654.41
2658.7
2661.47
2666.21
2660.27
2670.65
2404.02
2247.05
2194.12
2165.16
2155.58
2201.8
2263.48
2283.51
2305.3
2271.17
2331
2421.44
2542.1
2769.58
2802.58
2783.44
2793.83
2771.37
2707.4
2683.78
2670.1
2668.52
2670.93
2689.38
2694.21
2690.36
2696.48
2745.84
2838.02
2813.54
2836.57
2950.43
3016.8
3011.43
2895.85
2874.19
2839.85
2580.41
2446.96
2429.6
2491.49
2585.15
2642.41
2636.85
2564.69
2498.15
2461.23
2440.66
2417.66
2384.83
2368.72
2374.97
2401.65
2406.85
2414.7
2454.84
2576.79
2806.16
2892.86
2870.94
2664.37
2824.2
2950.18
2950.72
2967.52
2952.58
2945.19
2928.37
2923.57
2870.88
2871.43
2846.05
2869.28
2910.68
2961.97
2978.01
2984.02
2971.98
2968.9
2988.51
2996.43
3004.93
3012.61
2993.85
2990.66
2982.32
2891.07
2837.46
2617.33
2612.16
2727.72
2845.58
2908.94
2896.87
2850.16
2815.66
2805.58
2700.34
2605
2535.03
2559.99
2693.46
2865.66
2871.49
2858.22
2892.49
2942.43
2997.91
3015.32
3017.13
3021.14
3000.53
3000.62
3006.46
3001.49
2954.63
2814.17
2592.18
2510.01
2634.25
2833.64
2919.66
2921.58
2933.99
2953.8
2856.95
2757.3
2718.2
2666.31
2677.38
2673.08
2684.67
2736.93
2786.63
2864.21
2931.41
2939.99
2944.63
2947.22
2916.53
2843.03
2778.88
2785.3
2855.07
2949.33
3020.09
3067.44
3084.66
3089.08
3080.62
3050.67
2987.53
2919.03
2893.16
2864.81
2953.27
2791.85
2757.52
2793.24
2893.17
2983.63
3005.49
2993.88
2941.08
2855.98
2779.64
2708.68
2694.72
2686.19
2696.64
2694.27
2688.67
2713.62
2776.66
2969.18
2812.46
2676.22
2597.88
2563
2563.94
2567.74
2599.07
2647.56
2703.91
2741.38
2790.32
2819.64
2824.67
2814.04
2784.57
2760.32
2736.28
2714.26
2684.28
2606.73
2503.86
2472.74
2457.37
2503.87
2665.02
2794.69
2789.17
2761.67
2703.22
2523.89
2439.18
2973.85
2799.52
2713.68
2711.32
2726.19
2799.97
2945.1
3003.27
3002.36
3000.25
3007.62
2993.71
2955.45
2935.74
2951.81
2954.2
2981.51
2988.65
2993.07
2984.01
2983.49
2990.95
3001.35
3007.22
2965.88
2908.6
2932.6
3022.99
2976.91
2849.96
2719.22
2611.74
2585.57
2625.9
2684.31
2732.35
2776.58
2792.04
2826.19
2819.78
2839.77
2821.16
2826.66
2812.9
2818.33
2789.86
2767.9
2739.83
2708.54
2669.47
2659.36
2758.59
2916.04
2952.73
2942.65
2957.14
2972.01
2956.64
2929.23
2910.62
2892.38
2901.74
2977.5
2971.11
2924.88
2867.48
2818.42
2797.14
2780.27
2788.99
2815.33
2873.8
2930.35
2934.93
2876.33
2816.57
2779.34
2770.95
2761.98
2768.75
2752.04
2746.6
2719.5
2705.01
2697.62
2713.23
2758.4
2791.41
2783.12
2791.1
2797.07
2804.6
2771.16
2739.28
2707.69
2695.03
2686.06
2697.33
2687.14
2723.73
2724.61
2770.95
2792.46
2840.21
2883
2909.13
2917.63
2917.25
2910.89
2860.74
2811.22
2842.23
2857.45
2824.22
2804.02
2797.43
2793.47
2809.34
2804.69
2816.05
2800.9
2777.45
2737.94
2711.76
2679.76
2670.8
2666.46
2663.11
2671.59
2679.7
2693.98
2716.82
2732.92
2735.56
2733.48
2729.21
2721.98
2713.07
2703.45
2696.13
2685.42
2680.54
2677.99
2680
2692.33
2705.1
2721.14
2733.52
2739.8
2748.95
2739.36
2734.34
2719.24
2691.61
2648.62
2604.71
2571.95
2589.55
2630.96
2653.72
2630.93
2630.59
2627.13
2651.37
2678.14
2721.48
2747.18
2777.25
2801.18
2821.1
2832.17
2811.46
2772.76
2754.1
2761.59
2759.97
2759.62
2738.36
2717.87
2715.66
2718.96
2722.23
2716.78
2706.67
2694.18
2679.46
2666.68
2666.87
2667.11
2667.7
2669.28
2675.19
2668.57
2663.14
2607.84
2399.07
2339.21
2302.57
2247.9
2208.1
2201.78
2207.4
2253.22
2260.34
2389.32
2472.04
2582.64
2750.08
2804.95
2746.59
2712.73
2709.03
2679.83
2664.08
2656.93
2662.58
2667.8
2669.99
2684.03
2690.51
2725.48
2796.75
2824.81
2793.87
2816.28
2942.2
3018.27
3017.5
2875.34
2780.67
2904.62
2755.78
2526.45
2434.66
2423.06
2450.38
2481.23
2490.27
2477.47
2467.41
2454.94
2442.57
2429.91
2411.29
2402.66
2413.91
2416.94
2428.59
2482.27
2587.5
2747.05
2927.03
2823.67
2940.01
2666.84
2759.88
2955.24
2973.11
2990.02
2989.54
2957.28
2950
2950.12
2974.66
2951.64
2965.15
2958.04
2965.85
2978.56
2993.31
2998.01
2990.06
2999.64
3006.31
3007.39
3005.97
3006.48
2993.91
2985.58
2985.6
2900.56
2921.66
2657.55
2559.64
2618.01
2759.4
2886.7
2908.34
2851.87
2802.91
2798.7
2827.01
2827.81
2840.43
2859.45
2842.55
2831.43
2860.82
2896.61
2944.93
2986.08
3006.13
3017.44
3021.86
3025.25
3030.52
3036.81
3039.65
3018.81
2991.56
2880.35
2632.49
2468.5
2515.6
2726.31
2892.92
2909.6
2893.4
2910.32
2924.03
2937.91
2925.88
2913.08
2893.29
2896.11
2915.54
2934.03
2928.57
2939.29
2930.91
2916.34
2894.23
2868.82
2833.84
2800.47
2785.33
2808.6
2870.52
2946.44
3003.9
3038.26
3060.17
3064.37
3049.15
3013.03
2957.68
2908.94
2893.86
2852.33
2891.18
2902.17
2887.12
2965.13
3000.03
2970.77
2931.2
2901.44
2893.78
2897.64
2914.79
2950.76
2985.46
2986.21
2987.11
2981.13
2941.58
2894.45
2842.17
2762.53
2655.23
2611
2584.49
2565.22
2559.84
2559.62
2565.45
2588.48
2618.93
2636.95
2669.08
2689.49
2709.13
2715.12
2718.69
2717.9
2711.65
2701.64
2668.74
2567.41
2477.42
2466.46
2451.38
2456.08
2517.14
2640.8
2745.01
2731.32
2668.49
2481.96
2434.45
2990.67
2856.33
2709.88
2672.85
2674.79
2683.09
2700.13
2740.3
2804.65
2845.17
2837.63
2826.09
2796.26
2775.08
2785.06
2792.92
2826.36
2854.83
2883.84
2907.7
2929.26
2939.71
2919.66
2859.29
2781.1
2732.84
2806.37
2997.85
2991.04
2883.7
2799.57
2719.2
2660.37
2649.19
2662.07
2693.16
2731.83
2748.68
2787.87
2793.27
2828.83
2825.2
2863.99
2861.88
2899.9
2899.45
2900.36
2894.91
2874.45
2848.5
2859.99
2919.3
2957.31
2944.95
2937.44
2958.39
2966.96
2961.49
2951.77
2926.74
2901.01
2880.92
2920.06
2960.27
2974.41
2945.45
2912.39
2898.31
2886.6
2899.86
2917.12
2935.34
2903.77
2860.98
2808.15
2776.71
2754.24
2751.57
2744.13
2748.6
2733.56
2729.31
2716.6
2716.25
2714.47
2718.69
2736.68
2780.2
2790.33
2784.97
2791.8
2796.52
2805.28
2810.17
2796.24
2779.98
2765.87
2757.13
2760.45
2780.9
2795.22
2834.95
2863.05
2897.37
2903.16
2912.54
2921.27
2908.78
2892.62
2859.5
2841.24
2862.43
2840.56
2799.45
2806.65
2799.06
2782.69
2794.25
2793.48
2802.91
2804.54
2803.28
2796.43
2774.88
2769.55
2747.37
2743.66
2735.27
2733.65
2727.72
2730.33
2729.73
2723.27
2717.78
2714.3
2711.55
2708.9
2702.59
2700.82
2696.34
2694.49
2693.73
2697.13
2705.28
2713.68
2718.55
2728.03
2728.02
2730.94
2732.24
2721.97
2715.66
2712.14
2696.93
2664.17
2635.54
2581.72
2560.63
2582.85
2603.14
2606.68
2596.17
2598
2598.93
2611.7
2636.22
2651.99
2688.42
2706.34
2727.52
2741.4
2747.22
2766.22
2788.99
2797.1
2794.32
2782.95
2775.78
2767.71
2761.06
2754.91
2746.57
2736.91
2725.6
2713.57
2702.92
2694.03
2687.65
2686.39
2677.07
2673.96
2683.2
2683.1
2661.97
2666.31
2528.32
2436.15
2413.9
2377.85
2339.27
2322.06
2291.36
2358.09
2399.59
2463.97
2520.63
2562.68
2654.78
2794.14
2803.52
2743.78
2708.59
2680.12
2672.34
2663.32
2656.11
2667.13
2680.86
2693.26
2746.91
2793.79
2835.28
2752.64
2773.29
2788.56
2934.81
3009.46
3008.33
2882.33
2743.47
2717.72
2872.37
2818.12
2630.98
2508.48
2458.08
2446.5
2445.1
2452.13
2460.8
2459.06
2453.27
2443.98
2440.65
2451.99
2466.29
2509.34
2608.04
2725.93
2853.34
2945.24
2844.58
2752.97
2886.44
2731.45
2658.81
2872.1
2991.18
3009.09
3018.18
3020.63
3008.89
3002.76
2960.82
2979.96
2949.86
2978.5
2979.6
2996.4
3020.18
3026.37
3028.99
3025.11
3013.35
3000.93
2991.68
2990.47
2980.19
2976.36
2977.18
2898.39
2926.16
2775.15
2594.53
2551.58
2640.12
2827.48
2938.26
2893.72
2836.09
2795.27
2783.03
2792.91
2806.8
2812.81
2838.28
2870.57
2913.88
2952.81
2979.77
2996.74
3009.82
3022.3
3029.66
3027.11
3022.26
3016.37
3020.59
3014.6
2997.71
2894.08
2612.46
2440.04
2423.19
2568.11
2822.38
2916.56
2879.95
2862.57
2867.53
2870.45
2880.96
2881.33
2884.27
2875.83
2869.05
2856.98
2840.36
2834.08
2813.29
2800.24
2788.94
2781.93
2781.33
2790
2810.56
2832.76
2872.81
2915.94
2949.67
2971.62
2987.48
2983.93
2971.43
2944.75
2910.88
2895.57
2893.91
2826.35
2811.95
2974.63
2952.71
2990.91
2979.59
2939.37
2891.03
2841.53
2809.03
2774.02
2756.53
2738.84
2737.1
2729.25
2724.82
2711.86
2688.76
2671.83
2651.91
2631.86
2608.27
2601.2
2590.51
2580.91
2567.82
2568.94
2561.94
2561.46
2571.94
2579.56
2601.37
2615.95
2643.4
2660.44
2681.23
2692.31
2698.72
2691.5
2636.53
2514.28
2461.51
2461.21
2443.25
2443.71
2442.27
2495.29
2547.18
2537.56
2486.16
2435.87
2430.42
2996.37
2927.58
2761.26
2674.08
2641.59
2630.49
2622.31
2620.26
2616.42
2623.55
2612.22
2621.28
2616.5
2610.3
2633.52
2626.79
2653.75
2662.41
2688.44
2699.68
2709.11
2702
2683.99
2657.82
2656.9
2667.29
2782.78
3007.57
2982.52
2886.25
2835.92
2805.25
2774.95
2760.41
2760.47
2769.64
2792.54
2803.58
2831.57
2838.41
2866.58
2868.53
2899.63
2896.86
2922.66
2922.18
2933.21
2935.97
2941.65
2940.21
2943.84
2945.32
2939.57
2922.99
2931.64
2963.75
2958.14
2949.64
2946.54
2931.29
2911.97
2874.24
2872.13
2892.82
2946.71
2938.9
2951.77
2939.22
2926.92
2922.88
2907.61
2894.15
2873.3
2860.72
2844.08
2833.89
2811.07
2796.95
2777.93
2773.67
2758.06
2756.3
2740.43
2740.79
2729.86
2735.63
2737.91
2768.78
2789.81
2784.01
2777.58
2786.95
2791.85
2800.83
2800.43
2806.91
2804.76
2812.87
2812.75
2825.18
2822.02
2833.71
2829.71
2832.25
2832.51
2831.25
2833.92
2837.99
2847.43
2844.68
2836.83
2813.9
2775.45
2770.33
2792.43
2797.02
2779.55
2791.19
2789.29
2797.15
2792.55
2788.52
2780.68
2773.23
2763.29
2742.78
2747.62
2732.37
2731.67
2725.54
2724.97
2722.94
2722.3
2719.48
2718.83
2716.06
2711.22
2711.76
2709.16
2706.5
2708.06
2708.59
2711.45
2712.8
2716.82
2710.89
2714.12
2706.46
2710.78
2704.86
2698.85
2701.88
2701.79
2695.14
2662.12
2642.34
2595.65
2554.97
2557.43
2559.49
2586.62
2569.78
2593.58
2601.91
2613.96
2643.47
2644.69
2679.85
2699.99
2717.11
2746.95
2771.36
2786.14
2803.46
2810.67
2807.88
2805.35
2800.89
2798.59
2791.82
2781.76
2770.09
2756.95
2741.53
2730.13
2716.61
2704.31
2700.78
2686.29
2681.93
2674.98
2683.65
2693.12
2675.06
2645.26
2610.75
2480
2437.15
2436.32
2404.49
2411.18
2394.81
2416.52
2480.21
2488.5
2516.23
2531.03
2544.12
2580.1
2644.37
2746.03
2804.9
2792.9
2776.94
2771.51
2760.89
2774.16
2794.81
2820.39
2827.73
2833.27
2775.74
2694.37
2752.34
2726.4
2862.73
2972
2964.18
2899.09
2758.8
2672.1
2647.28
2673.08
2787.96
2924.53
2861.48
2780.6
2732.17
2708.52
2698.91
2698.97
2703.07
2709.57
2728.9
2776.25
2840.27
2930.26
2938.83
2873.85
2811
2757.54
2725.12
2724.88
2799.86
2938.84
2657.64
2658.54
2964.46
3030.05
3054.85
3050.64
3051.78
3021.62
3034.56
2959.49
2998.87
2972.97
2991.36
3015.75
3037.77
3055.76
3054.93
3040.87
3014.32
2989.47
2969.74
2959.77
2960.91
2977.26
2964.78
2889.18
2883.82
2795.88
2748.96
2677.54
2555.71
2692.08
2978.16
2970.86
2933.61
2918.9
2898.75
2891.08
2900.6
2915
2934.91
2955.55
2974.23
2982.34
2990.86
2998.19
3010.71
3022.74
3023.82
3011.54
2994.25
2978.55
2986.15
2993.53
2992.73
2860.12
2520.7
2393.27
2386.82
2407.96
2654.69
2923.82
2912.34
2868.27
2839.81
2825.2
2808.46
2810.47
2787.28
2793.44
2769.58
2770.38
2754.78
2761.22
2759.95
2764.26
2772.82
2784.89
2805.09
2829.53
2855.33
2865.93
2870.35
2876.55
2880.91
2885.35
2888.18
2892.11
2895.62
2893.85
2895.13
2893.38
2886.97
2770.79
2734.35
2918.34
2959.59
2987.29
2971.79
2950.17
2917.63
2883.52
2847.98
2812.13
2786.89
2765.13
2743.75
2730.48
2713.04
2697.39
2686.11
2673.94
2663.25
2654.82
2646.65
2637.8
2629.71
2624.43
2609.83
2612.25
2598.63
2599.21
2582.23
2594.33
2614.32
2599.71
2641.47
2645.8
2669.65
2688.05
2694.29
2678.73
2573.01
2468.03
2457.19
2453.71
2440.34
2443.28
2424.99
2433.14
2419.04
2428.47
2406.36
2419.68
2428.15
)
;

boundaryField
{
    wand
    {
        type            zeroGradient;
    }
    frontAndBack
    {
        type            empty;
    }
}


// ************************************************************************* //
