/*--------------------------------*- C++ -*----------------------------------*\
| =========                 |                                                 |
| \\      /  F ield         | OpenFOAM: The Open Source CFD Toolbox           |
|  \\    /   O peration     | Version:  2.1.1                                 |
|   \\  /    A nd           | Web:      www.OpenFOAM.org                      |
|    \\/     M anipulation  |                                                 |
\*---------------------------------------------------------------------------*/
FoamFile
{
    version     2.0;
    format      ascii;
    class       volScalarField;
    location    "0.004050000";
    object      sL;
}
// * * * * * * * * * * * * * * * * * * * * * * * * * * * * * * * * * * * * * //

dimensions      [0 1 -1 0 0 0 0];

internalField   nonuniform List<scalar> 
12384
(
25.9171
24.685
23.5173
21.9754
21.4373
20.9486
22.1165
22.43
23.5959
19.827
12.2134
6.09235
2.30165
1.47251
1.24039
2.39559
3.30052
3.87886
4.1584
4.35256
4.57567
4.65853
4.65442
4.86107
4.85017
4.954
4.87032
4.95009
4.96664
4.96778
5.05831
5.359
5.47448
4.94983
3.52936
2.65767
2.61898
2.8417
2.89794
2.59791
1.85002
1.62314
1.82361
2.65457
1.81688
1.76579
1.84628
1.84054
1.83265
1.78423
1.75687
1.69547
1.67469
1.59198
1.5333
1.62758
1.51639
1.77191
1.73531
1.99558
2.2313
2.32118
2.15301
2.03314
2.46888
3.97413
5.95265
6.8589
6.65224
6.209
4.92694
3.41264
1.96204
1.12675
2.03168
1.8243
1.79156
1.68705
1.55004
1.38404
1.20227
1.13335
1.14791
1.18
1.16761
1.18721
1.19849
1.21819
1.22907
1.27043
1.27904
1.2973
1.30207
1.31067
1.31635
1.31667
1.30219
1.25034
1.13458
1.09532
1.08673
1.0905
1.09248
1.0847
2.86524
3.29459
3.45105
3.47836
3.36773
3.21451
3.03353
2.8495
2.41512
2.54985
2.19805
2.34344
2.32626
2.29474
2.35941
2.3064
2.39761
2.47134
2.53252
2.50893
2.42213
2.15141
1.89178
1.82969
2.0447
1.7479
1.43842
1.13259
1.17305
1.07382
0.882739
1.09211
1.40279
1.47461
1.46262
1.57843
1.77787
1.96026
2.04699
2.08612
2.17259
2.23836
2.28556
2.29056
2.28998
2.23064
2.12934
1.95093
1.95964
1.8626
1.32414
1.54885
1.51372
1.48471
1.51314
1.45154
1.40763
1.6293
1.47969
1.36369
2.34533
2.06556
1.51073
1.1001
1.06341
1.21776
1.426
1.49665
1.52628
1.62727
1.53091
1.61383
1.60367
1.51811
1.45153
1.41728
1.38803
1.36825
1.35441
1.35896
1.35819
1.3616
1.38943
1.39298
1.42436
1.44053
1.46771
1.4396
1.01303
0.630719
0.768717
0.833696
0.88686
0.902282
0.928101
1.22593
1.60521
2.1828
2.25358
2.33859
2.31618
2.43075
2.57797
2.70208
2.87737
2.98463
2.99684
2.84875
2.79998
2.79771
2.56863
2.36291
2.86779
2.507
3.41534
3.80639
4.26451
4.2996
4.25062
3.29706
0.701647
0.745437
0.817822
0.737183
1.49874
1.59584
1.56083
1.54153
1.68888
1.74533
1.83126
1.63295
1.51036
1.53931
1.53063
1.53311
1.52937
1.53122
1.5386
1.55201
1.56504
1.58253
1.60724
1.63303
1.52231
1.09238
0.756551
0.616751
0.646238
0.777752
1.64429
1.93644
2.04912
1.95566
1.62104
2.05794
3.63869
5.17775
4.75216
5.37657
5.67862
5.82387
6.34263
6.14348
6.77325
6.73342
6.68431
6.73169
6.76095
6.71388
6.64027
6.49661
6.26843
5.99929
5.67419
5.36041
5.24439
5.07968
5.44312
6.40912
0.984345
1.42815
1.71875
2.56462
4.82491
4.67263
4.57717
5.16379
5.13714
5.01487
3.69868
4.20398
3.29114
3.44901
3.29319
3.2798
3.23467
3.14213
3.0102
2.80968
2.50898
2.16674
1.79774
1.70613
1.33491
2.01906
2.26361
2.89978
3.04405
2.98286
0.460474
0.686124
1.54697
4.52421
5.09363
4.80967
4.58466
4.33012
4.35918
4.30324
4.26887
3.78989
3.89549
3.27576
3.46111
3.07227
3.20391
3.01591
3.07002
2.90288
2.64742
2.26226
1.33483
1.06766
1.05157
1.05389
0.998135
0.984177
0.994682
1.13119
0.847843
1.33089
1.50876
1.57062
1.27891
1.371
1.22357
1.36062
1.31557
1.45958
1.4829
1.69363
1.69122
1.88117
1.84641
2.01101
2.00151
2.09256
1.99522
2.05553
1.94406
2.03006
1.99618
1.88228
1.75551
1.38597
1.28736
1.28084
1.30506
1.49766
22.4999
21.1212
19.4891
17.4848
15.9554
13.5709
14.511
15.1883
20.5165
23.0278
20.2966
11.0413
4.07466
1.65623
1.42943
3.74235
4.08689
3.87136
3.77009
3.70537
3.9361
4.02868
4.15079
4.28522
4.27416
4.29805
4.22121
4.18899
4.2501
4.35062
4.59945
4.89998
5.32999
5.29861
4.49941
3.2792
2.74323
2.69227
3.12529
2.98771
2.47034
1.81322
1.8075
2.56253
1.63163
2.08694
2.25758
2.2782
2.13721
1.94721
1.75128
1.59218
1.4609
1.40206
1.34912
1.43488
1.41689
1.62565
1.55384
1.79681
1.94088
2.07397
2.15564
2.05891
1.97482
2.18748
3.10327
4.83321
6.58104
7.37343
6.66589
4.88036
2.37662
1.19224
1.72416
1.87809
1.9631
1.89867
1.8079
1.6731
1.53656
1.29065
1.21096
1.16837
1.14907
1.12333
1.10729
1.09811
1.09827
1.119
1.14998
1.18638
1.22685
1.26143
1.2912
1.30561
1.30398
1.28168
1.19226
1.14687
1.1718
1.1785
1.16639
1.14625
3.91739
3.97825
3.84573
3.68528
3.52868
3.37128
3.21488
3.0679
2.89278
2.79488
2.81998
2.75496
2.89725
2.91352
2.95015
2.93378
2.98655
2.96735
2.99071
2.88206
2.71065
2.38511
2.07896
1.78416
1.91027
1.85625
1.77826
1.45354
1.27903
1.08625
0.946367
1.26544
1.45247
1.46643
1.80681
1.94449
1.75585
1.68691
1.81408
1.95534
2.13662
2.34885
2.56278
2.75486
2.90511
3.02281
3.05852
3.00534
2.97414
3.0772
2.67317
2.55058
2.69399
2.68289
2.51083
2.13457
1.69902
1.63597
1.6475
1.67767
2.64572
2.05062
1.31617
1.14081
1.26651
1.48381
1.57079
1.58777
1.57955
1.56279
1.51409
1.43694
1.32374
1.19325
1.08143
1.00577
0.954473
0.927917
0.919904
0.922948
0.938633
0.988555
1.04789
1.14034
1.24763
1.33991
1.42364
1.43871
1.15641
0.680968
0.808754
0.882442
0.933818
1.01308
1.19268
1.49806
1.67125
2.20881
2.15311
2.03249
1.98921
1.96881
1.96908
2.04173
2.1537
2.2803
2.3547
2.56971
2.67132
2.53577
2.58472
2.42792
2.74859
2.51806
3.70662
3.99881
4.67264
4.59631
4.22354
3.39499
0.775109
0.745484
0.69052
1.29616
1.60855
1.57448
1.55114
1.53651
1.56024
1.66325
1.72264
1.66121
1.54903
1.57063
1.56395
1.56401
1.562
1.56166
1.56863
1.57485
1.58814
1.59363
1.57729
1.55805
1.58188
1.63043
1.50034
0.950286
0.680392
0.696187
1.76077
1.98526
1.91425
1.66923
2.02594
3.19904
4.48694
4.78417
5.2096
5.36178
6.26041
6.78618
6.95865
7.60396
7.40758
7.45809
7.42006
7.43432
7.30461
7.14398
6.93317
6.65264
6.27858
5.7807
5.20523
4.6294
4.47111
4.68831
5.11163
6.08412
1.14093
1.66242
2.13322
3.30841
4.57778
4.28751
5.19581
5.60607
6.05361
5.58974
5.30708
4.53362
4.25749
3.9095
3.72833
3.59286
3.51492
3.45076
3.32748
3.02727
2.54654
1.9603
1.43673
1.25783
1.21535
1.16934
1.58266
2.1359
2.58604
2.97639
0.592433
1.17249
2.80755
4.67099
4.7022
4.42111
4.13483
3.98344
4.01054
3.88793
3.83651
3.67153
3.44151
3.14112
3.20976
3.04043
3.26498
3.34987
3.58281
3.76505
3.87785
4.05162
3.73886
3.67046
3.03469
2.02333
1.38165
1.21342
0.969479
1.04074
0.923991
1.51345
1.57066
1.61541
1.49446
1.7789
1.83341
2.02167
2.16904
2.81417
3.49304
4.01085
4.53659
4.85663
5.18742
5.37235
5.39848
5.56799
5.2856
5.41986
5.14326
5.25394
5.35715
5.18564
4.91856
2.94353
2.16964
1.52817
1.34578
1.39873
21.0205
20.5435
19.5159
17.8066
16.1382
13.6228
12.0866
11.0625
14.9823
19.8708
23.522
17.4519
6.42544
1.99138
2.60173
3.98734
2.86289
2.11148
1.97972
2.15573
2.57848
3.08782
3.43878
3.6913
3.90273
3.87642
3.80928
3.66408
3.72495
3.706
3.95391
4.39504
4.92306
5.39639
5.07898
4.00191
3.09846
2.73168
2.99257
3.43713
3.05359
2.19935
1.7952
2.52605
2.32251
2.72768
2.939
2.85709
2.6218
2.19535
1.7808
1.44891
1.31893
1.29265
1.2935
1.46566
1.41935
1.59398
1.50731
1.58907
1.69697
1.7862
1.86026
1.92145
1.83447
1.75879
1.95549
2.80625
4.65693
6.9178
7.78527
6.61295
3.19714
1.23521
2.10081
2.09857
2.24305
2.41884
2.44607
2.31992
2.13718
1.86421
1.71951
1.37707
1.32749
1.27221
1.20899
1.15405
1.10505
1.07368
1.07284
1.08572
1.12546
1.17874
1.23405
1.27915
1.29485
1.28914
1.24524
1.18971
1.1855
1.18391
1.17125
1.14948
3.86366
3.33063
2.93517
2.88016
2.99299
3.17466
3.25717
3.23791
3.22356
3.17076
3.05354
3.24894
3.26338
3.27597
3.45453
3.36622
3.54326
3.48704
3.4142
3.21968
2.97871
2.6385
2.28775
1.91468
1.81318
1.79772
1.89725
1.65716
1.42857
1.14822
1.04059
1.36937
1.46142
1.69397
1.67085
1.47682
1.44002
1.48659
1.67897
1.9661
2.31207
2.63683
2.88268
3.07239
3.19005
3.22599
3.25673
3.33376
3.26748
3.4236
3.26843
3.16268
3.29606
3.37741
3.28075
2.90732
2.1968
1.73448
1.7023
1.92138
2.87135
1.89568
1.28908
1.27726
1.49164
1.58389
1.60628
1.59559
1.55721
1.47677
1.31363
1.13437
0.99684
0.904878
0.857477
0.831734
0.817714
0.809658
0.802896
0.798578
0.811073
0.831683
0.877657
0.943141
1.05574
1.19779
1.34488
1.42816
1.27015
0.730253
0.824364
0.91396
1.02722
1.25838
1.49193
1.60485
1.96884
2.05286
1.9054
1.64496
1.59097
1.59122
1.58751
1.57929
1.56312
1.53923
1.50938
1.63375
1.84291
2.286
2.47528
2.1688
2.53416
2.06311
3.08939
3.77228
4.80451
4.82589
4.2995
3.47501
0.817152
0.744017
1.01382
1.58467
1.59749
1.56588
1.55383
1.55589
1.56022
1.56603
1.5655
1.57644
1.58569
1.59859
1.594
1.59348
1.58617
1.58684
1.58723
1.59839
1.61629
1.61995
1.62661
1.62973
1.58676
1.54255
1.62209
1.55122
0.913056
0.635259
1.84205
1.91716
1.64785
1.65058
2.72823
4.13306
4.53746
4.83507
5.02987
6.06035
6.53914
7.34325
7.55736
7.36957
7.43955
7.23368
7.2882
7.21991
7.27367
7.20244
7.02027
6.61296
5.95192
5.04034
4.18218
3.46083
3.48815
4.29725
4.93056
5.52867
1.23976
1.72638
2.59855
3.72141
4.32599
4.77703
4.93742
5.97469
6.12119
6.4345
5.79154
5.46029
4.71943
4.36566
3.82565
3.45222
3.33055
3.41194
3.20101
2.61698
1.85218
1.23963
1.05324
0.985971
0.944752
0.944346
1.19917
1.64902
2.01769
2.59828
0.757315
1.67891
3.77907
4.50477
4.35469
4.03584
3.93751
3.91315
4.06757
4.12732
4.08926
3.6733
3.46867
3.09786
3.12297
2.9372
3.13654
3.21637
3.45499
3.729
3.99368
4.16585
4.21667
4.37862
4.21712
4.0577
3.14395
1.72046
1.20525
0.890388
1.05493
1.62969
1.64627
1.85877
2.01825
2.58542
3.15838
4.04668
4.15276
4.58252
4.88652
5.06857
5.48477
5.66508
5.91234
6.01813
6.03952
5.94684
5.86596
5.78602
5.63405
5.78907
5.85008
5.96311
6.1523
6.03843
4.80366
2.55712
1.5668
1.3457
21.2398
19.5195
17.6756
16.1603
15.2637
13.828
12.4408
10.6972
12.1162
17.1281
23.1736
21.2161
9.20418
2.4029
4.64989
3.22747
1.82972
1.30153
1.37788
1.77975
2.52229
3.31294
3.8481
4.20242
4.61415
4.90932
4.80849
4.48838
4.10255
3.71969
3.76469
4.01552
4.67244
5.38124
5.49597
4.72934
3.50311
2.94317
2.99962
3.62859
3.57947
2.52515
1.84622
2.45127
2.4814
2.76694
2.77379
2.86342
2.67769
2.27254
1.70399
1.27445
1.1015
1.16874
1.25308
1.44507
1.50088
1.60259
1.49459
1.50297
1.44228
1.5473
1.56859
1.62923
1.64648
1.57624
1.55868
1.86344
2.80222
5.22937
7.56731
7.76304
3.99861
1.39886
2.17098
2.48226
2.78888
2.88833
2.81268
2.59828
2.35294
2.07855
1.86359
1.58733
1.44665
1.34614
1.30078
1.25467
1.19473
1.12669
1.06751
1.0542
1.05848
1.10282
1.17196
1.23558
1.27117
1.27862
1.26451
1.22847
1.20692
1.19196
1.16935
1.14003
2.88516
2.18581
2.18081
2.57401
3.10928
3.68297
3.81422
3.96345
4.02217
3.82841
3.77707
3.5572
3.61935
3.64336
3.72768
3.8141
3.79769
3.8293
3.62332
3.34475
3.10386
2.76437
2.49618
2.09172
1.86898
1.80399
1.86948
1.81381
1.59751
1.21311
1.13189
1.42862
1.45844
1.68259
1.37551
1.10338
1.18781
1.44014
1.70588
1.95943
2.25202
2.44502
2.54802
2.59976
2.64133
2.68659
2.88695
3.09654
3.21735
3.32343
3.55172
3.22447
3.48604
3.65189
3.71379
3.40486
2.63934
1.89896
1.70022
2.03284
2.77473
1.89332
1.27666
1.44149
1.58567
1.61255
1.60412
1.57702
1.48613
1.30473
1.10302
0.969568
0.909017
0.938934
0.933784
0.916441
0.929409
0.921938
0.89996
0.875586
0.861444
0.871566
0.909738
0.950161
1.02888
1.14148
1.30011
1.41951
1.29882
0.757169
0.857269
0.975702
1.17963
1.49121
1.60002
1.64423
2.01701
1.91259
1.61331
1.61621
1.62793
1.63471
1.63098
1.62595
1.62313
1.6057
1.56758
1.50938
1.47614
1.62496
2.13815
2.06345
2.26676
1.69947
2.49677
3.00079
4.67468
5.00191
4.50849
3.43428
0.815805
0.680282
1.34655
1.6176
1.58105
1.56922
1.57403
1.58292
1.59302
1.59033
1.59043
1.59132
1.59545
1.60425
1.6056
1.6003
1.60058
1.59527
1.5961
1.59946
1.60355
1.62274
1.61667
1.57346
1.61207
1.62106
1.55024
1.6238
1.35455
0.657402
1.89481
1.77513
1.53078
1.86139
3.29343
4.4963
4.6428
4.84053
5.69173
5.852
6.6528
6.61276
7.05392
7.15181
6.56448
6.18895
5.88466
6.16503
6.40165
6.67713
6.61198
5.92693
4.76979
3.49328
2.58296
2.04221
2.40609
4.32667
5.00856
4.85488
1.09201
1.79973
2.58812
4.01204
4.4706
4.86467
5.74308
5.84699
6.46826
5.80153
6.05555
5.29636
5.09709
4.46068
3.82014
3.1685
2.97148
3.16848
2.68145
1.63915
1.08753
0.90813
0.833454
0.805132
0.809068
0.807283
1.00074
1.28866
1.53863
2.10276
0.890815
2.45881
4.06348
4.18988
4.01894
4.0201
4.11073
4.32372
4.41194
4.56041
4.22808
4.0285
3.54212
3.38623
3.18441
3.19641
3.20635
3.34985
3.49296
3.66857
3.76279
4.01622
4.23323
4.30302
4.44122
4.56409
4.21289
3.78226
1.78869
0.921889
1.09946
1.70408
1.8563
2.21401
2.84515
4.04053
4.59073
4.85896
5.01208
5.20366
5.45867
5.64448
5.92045
6.29242
6.43437
6.52825
6.47121
6.27403
5.99015
5.6615
5.71866
5.59975
5.75303
5.8927
6.05159
6.07654
6.03058
4.65753
1.93568
1.32726
19.4408
14.7973
11.9791
10.2635
9.73953
9.41011
10.0815
9.89027
11.2868
16.3806
22.8494
23.4284
13.7008
3.09898
4.86053
2.94156
1.43585
1.07849
1.30056
2.00001
3.0714
4.00836
4.62366
5.43308
6.4534
7.3828
7.38182
6.1267
4.94504
3.97038
3.88983
4.03379
4.62547
5.52542
6.04268
5.32206
3.99505
3.0658
3.1539
3.92388
3.78395
2.69196
1.78176
2.38798
2.26062
2.04786
2.28403
2.56615
2.6042
2.20808
1.71946
1.1758
1.06204
1.16096
1.17441
1.53482
1.50764
1.60991
1.4686
1.4019
1.31233
1.2722
1.37181
1.35226
1.41436
1.40965
1.43992
1.40889
1.90025
3.47606
6.56544
8.15266
4.92255
1.53371
2.32502
2.82118
3.06009
3.03408
2.75099
2.46534
2.16405
1.90388
1.80562
1.48416
1.44128
1.31635
1.31747
1.28601
1.24411
1.18188
1.10873
1.04889
1.03495
1.05546
1.11654
1.18719
1.23447
1.25507
1.25691
1.2429
1.22762
1.21509
1.18017
1.13319
1.85931
1.58744
2.03027
2.77629
3.57402
4.14262
4.14284
4.41272
4.19129
4.0046
3.94308
3.99952
4.12432
4.0045
4.00372
4.01702
4.01081
3.82274
3.64182
3.25556
3.04967
2.75414
2.5186
2.16598
2.01412
1.81807
1.92413
1.90018
1.7182
1.25999
1.19747
1.44995
1.44748
1.31252
1.16845
1.12416
1.19407
1.34543
1.71732
1.92583
2.02206
2.1267
2.21251
2.24524
2.28341
2.43967
2.66729
2.97406
3.22274
3.37731
3.27715
3.34946
3.29193
3.51913
3.75485
3.50575
2.82815
1.97582
1.66436
2.04212
2.7457
1.6152
1.35928
1.54055
1.6077
1.60794
1.60351
1.54289
1.40908
1.20965
1.06648
0.993312
1.00109
1.06398
1.08729
1.09738
1.09663
1.06987
1.02297
0.967139
0.94205
0.962463
1.03429
1.0814
1.12694
1.1978
1.32122
1.42658
1.29162
0.737551
0.876355
1.0184
1.32672
1.58393
1.62823
1.89335
1.9542
1.65674
1.62672
1.64557
1.64877
1.63457
1.83883
1.8733
1.95565
1.6272
1.63392
1.57991
1.48239
1.48762
1.64243
2.0523
2.06691
1.58032
1.9623
2.49471
4.31987
5.06183
4.53274
3.47617
0.897531
0.748818
1.50306
1.60374
1.58223
1.57973
1.59328
1.60829
1.60921
1.6089
1.60531
1.59841
1.59977
1.60581
1.6042
1.60638
1.60303
1.60875
1.61552
1.60855
1.60634
1.61122
1.62687
1.57228
1.51021
1.59014
1.60068
1.5722
1.61134
0.755772
1.95501
1.68221
1.47879
2.25018
3.78769
4.48564
4.7472
4.77665
5.26921
5.80875
5.5421
5.94145
5.84022
6.24041
5.8616
4.94266
4.66364
4.9125
5.5926
6.05212
5.71568
4.42701
2.84641
1.69315
1.36271
1.3187
1.37644
3.74329
4.62718
4.9706
1.10619
1.51291
2.48949
3.8005
4.09931
4.68451
4.75576
5.30229
5.1992
5.7968
5.08646
5.08004
4.26612
4.31136
3.58152
2.8206
2.5359
2.70132
1.84192
1.12396
0.863238
0.802712
0.795599
0.813915
0.812355
0.792271
0.836062
0.981901
1.09964
1.59065
0.931125
2.81199
3.86248
3.83386
3.90873
4.10478
4.36478
4.3347
4.60043
4.35441
4.36406
3.94366
3.8199
3.44214
3.34795
3.29855
3.35115
3.39972
3.40417
3.30934
3.30741
3.38732
3.61733
4.1196
4.46233
4.53412
4.84124
4.69043
2.80533
1.09442
1.09612
1.72974
2.05827
2.72144
4.10733
5.08179
5.04802
5.43888
5.31331
5.62004
5.71391
6.0113
6.27739
6.45739
6.80027
6.84078
6.89145
6.69365
6.30516
6.04346
5.56739
5.54991
5.53349
5.80831
5.61167
5.23033
5.86987
5.69561
2.77914
1.4134
16.3007
9.80274
7.612
6.90993
6.63715
6.74621
7.51473
8.79552
11.7979
17.7645
23.3479
23.8797
16.3381
3.90988
4.55209
2.58717
1.1255
1.01819
1.48437
2.53402
3.71103
4.58813
5.38245
6.64022
8.35928
9.34812
9.08936
7.30351
5.36341
4.33377
4.17777
4.56422
5.41144
6.49831
6.85662
5.84714
3.96388
3.28861
3.53161
4.23141
3.68329
2.31765
1.53248
2.18575
1.95847
1.54311
1.67329
2.34228
2.51384
2.30938
1.77826
1.22101
1.05167
1.03308
1.09953
1.43012
1.44977
1.44979
1.27514
1.20963
1.15159
1.19395
1.27555
1.39938
1.43811
1.45847
1.33604
1.37536
1.57997
2.6682
5.3531
8.12677
5.61197
1.64894
2.59601
3.0447
3.10203
2.81593
2.48767
2.23959
1.93784
1.83655
1.70941
1.48038
1.49754
1.38813
1.29774
1.28685
1.26062
1.2092
1.13147
1.05451
1.02179
1.03044
1.08105
1.14231
1.18992
1.21889
1.23422
1.23966
1.23754
1.30353
1.24254
1.23101
1.38271
1.4179
1.99516
2.69752
3.23702
3.61719
3.61747
4.08603
3.81063
4.13466
4.12777
4.26024
4.07375
4.20305
3.98058
3.95513
3.73647
3.50098
3.19416
3.03116
2.86769
2.70679
2.54182
2.32235
2.1013
2.0001
1.94507
1.92761
1.72128
1.26872
1.25182
1.46434
1.41235
1.25878
1.19448
1.24907
1.35179
1.42609
1.51554
1.65804
1.75209
1.72944
1.76001
1.82552
1.95375
2.16982
2.5196
2.96897
3.24881
3.06316
3.06147
2.9141
3.10328
3.43154
3.5353
3.38759
2.75831
1.88947
1.55426
1.97309
2.42148
1.48768
1.46959
1.58303
1.68623
1.61729
1.59184
1.5317
1.41936
1.28011
1.17761
1.13559
1.14265
1.17724
1.20493
1.20703
1.18371
1.14182
1.08396
1.02417
0.994668
1.05294
1.1672
1.27054
1.31196
1.34087
1.39926
1.42606
1.21358
0.711265
0.890624
1.06584
1.4373
1.61939
1.63376
1.957
1.91357
1.63025
1.64489
1.64616
1.6363
1.93464
2.03474
2.33828
2.17962
1.74552
1.6377
1.62894
1.54299
1.45977
1.54826
1.97075
1.88674
1.54849
1.6553
2.13732
3.93795
4.95579
4.56053
3.40874
0.844111
0.800353
1.55328
1.60229
1.58462
1.59677
1.60872
1.61927
1.62548
1.62002
1.61161
1.60652
1.60633
1.60372
1.60796
1.60413
1.60953
1.62035
1.6203
1.62561
1.62475
1.6109
1.61879
1.62877
1.50054
1.49033
1.64283
1.60319
1.6456
0.927469
1.98045
1.59578
1.49379
2.5294
4.14584
4.56477
4.79433
4.85178
5.37842
5.47234
5.84101
5.59105
6.07429
5.51072
4.6676
3.79184
3.66318
4.13386
4.92291
5.51178
4.74381
2.98991
1.4525
1.09052
0.79566
0.825081
1.14101
3.15602
4.48992
3.90129
0.909245
1.47147
2.14264
3.40815
4.09189
4.03233
4.86402
4.61492
5.07884
4.78307
5.05847
4.35056
3.93785
3.7212
3.30265
2.38592
2.42319
2.51784
1.35289
0.973737
0.864567
0.797697
0.85195
0.854137
0.83933
0.826919
0.782615
0.814231
0.888886
1.05902
0.812904
2.77512
3.4987
3.71165
4.10264
4.35669
4.50923
4.76642
4.49954
4.56775
4.10647
4.19875
3.75155
3.56978
3.39445
3.42939
3.37949
3.30202
2.87911
2.51111
2.26139
2.28081
2.55359
3.23967
3.97664
4.8125
4.98463
4.92899
4.25603
1.26593
1.10004
1.7507
2.30701
3.25483
4.99375
5.2556
5.61547
5.575
5.7683
5.67093
5.90705
5.86189
6.12504
6.27206
6.35598
6.72184
6.62407
6.44031
6.66761
6.32097
5.8139
5.45184
5.44936
5.67482
5.43158
4.38346
5.06687
5.28702
2.56823
1.49183
13.9273
7.44639
6.16994
6.07619
6.27437
6.26784
6.81869
8.79815
13.7464
20.7416
22.5171
19.0922
11.4657
4.684
4.10353
1.87369
0.95347
1.11886
1.86665
2.95443
3.93971
4.68018
5.30638
6.46729
8.04872
9.61088
9.64339
8.86482
7.15205
6.11464
5.91828
6.25219
7.17329
7.72357
7.12946
5.33704
3.90592
3.62955
4.0398
3.86706
2.67159
1.58287
1.20638
1.94707
1.48339
1.30815
1.32911
2.23008
2.58411
2.31817
1.78685
1.33127
1.0643
1.00814
1.08872
1.10379
1.22347
1.12879
1.13773
1.14913
1.41708
1.50391
1.58855
1.59581
1.79002
1.78625
1.762
1.58693
1.70633
2.39667
4.79013
7.76049
6.0447
1.6687
2.45215
3.0327
2.95265
2.57603
2.35054
2.03418
1.94527
1.85127
1.67654
1.67755
1.59707
1.42877
1.44212
1.40298
1.35192
1.28031
1.18899
1.03839
1.0032
1.01273
1.05271
1.10311
1.13966
1.17266
1.203
1.22475
1.24108
1.38974
1.38201
1.45811
1.16634
1.26856
1.69986
2.11753
2.37885
2.65507
2.76735
3.24688
3.17948
3.548
3.48395
3.52615
3.78014
3.57201
3.649
3.45162
3.35486
3.18721
3.07104
2.9013
2.88732
2.71436
2.72251
2.4104
2.30718
2.09301
2.01848
1.89058
1.65514
1.20213
1.29583
1.47563
1.39035
1.27895
1.2963
1.40612
1.4761
1.66345
1.51562
1.4843
1.53948
1.62807
1.68318
1.82816
2.00282
2.15393
2.49539
2.94898
3.05481
3.01577
2.65754
2.9319
3.10703
3.21399
3.38871
3.09498
2.46705
1.70132
1.47013
2.02658
2.18318
1.57675
1.50467
1.85264
1.61534
1.60894
1.60312
1.56201
1.51115
1.43995
1.37369
1.31753
1.29078
1.28949
1.28949
1.26757
1.22079
1.15913
1.09571
1.04367
1.02404
1.10459
1.27342
1.41759
1.45793
1.47066
1.46028
1.40552
1.10746
0.675771
0.905829
1.1057
1.49069
1.62939
1.77485
1.98177
1.90752
1.63711
1.64696
1.63731
1.76748
1.95298
2.23891
2.18663
1.90589
1.92507
1.7185
1.64655
1.59616
1.46289
1.50797
1.80007
1.82339
1.63324
1.48098
1.91506
3.64827
4.7401
4.46369
3.48966
1.02619
0.858609
1.55391
1.59894
1.59182
1.60385
1.6214
1.62845
1.62934
1.63085
1.62056
1.70487
1.81474
1.67083
1.60837
1.60562
1.61827
1.61912
1.62782
1.63236
1.62811
1.63064
1.61679
1.63379
1.55678
1.47652
1.58303
1.64351
1.63873
1.1749
1.89767
1.54873
1.51913
2.64985
4.22567
4.85804
4.94691
5.1768
5.46328
5.53174
5.37453
5.41464
5.02203
4.8614
3.61507
2.84126
2.93663
3.56402
4.36438
4.28383
2.96248
1.51701
1.104
0.613143
0.516072
0.523716
0.861129
2.02268
3.80682
4.07977
0.734368
1.07972
1.46972
2.80677
3.44348
4.12249
4.22323
4.51466
4.38153
4.68061
4.33551
3.97685
3.04121
3.55566
3.08914
2.29631
2.26621
2.44522
1.28428
0.903652
0.823838
1.10627
0.905644
0.86415
0.855884
0.830751
0.790276
0.770321
0.88624
1.0606
0.872709
2.32335
3.14491
3.48672
3.66836
3.91359
4.25857
3.93766
4.05386
3.81021
4.17384
3.91196
3.87872
3.50317
3.47289
3.4989
3.34491
2.7381
2.11275
1.8178
1.80624
1.73111
1.77112
2.13484
3.43175
4.64747
5.02191
5.27945
5.03543
1.63255
1.00204
1.81641
2.58657
4.24934
5.19782
5.75916
5.58055
6.0616
5.68835
5.72738
5.44643
5.71357
5.74304
6.11145
6.52601
6.34456
6.01395
6.27735
6.13829
6.31168
6.18922
5.57778
5.42468
5.5886
5.35554
3.76771
3.86229
4.36645
2.53538
1.5115
11.1668
5.71596
5.46434
6.07046
6.56434
6.7588
7.68072
11.6099
18.6542
20.3381
14.4712
7.97346
5.6921
5.02366
3.84973
1.37102
0.956567
1.35207
2.06447
2.8506
3.53325
3.95477
4.28882
4.77107
5.64635
6.92916
8.3051
9.0244
8.73802
8.39745
8.25913
8.49695
8.38656
7.79812
6.19033
4.61406
3.95786
3.99213
3.4488
2.43513
1.60156
1.20118
1.18525
1.86726
1.22092
1.34004
1.34563
1.96923
2.67571
2.32047
1.80396
1.29485
1.1867
0.991942
1.06189
0.931082
1.08972
1.13257
1.43856
1.70815
1.83531
1.77955
1.63276
1.61026
1.46499
1.47107
1.53341
1.67551
1.74874
2.53334
4.60972
7.63037
5.72051
1.59341
2.66812
2.9458
2.75706
2.50736
2.15663
2.04049
1.96029
1.8016
1.8515
1.63424
1.54495
1.47442
1.38068
1.34575
1.30015
1.25431
1.12463
1.00105
0.984964
0.99485
1.026
1.06068
1.09262
1.1336
1.18296
1.22364
1.23498
1.56801
1.86313
1.88467
1.02517
1.0699
1.27552
1.45646
1.57139
1.6645
1.71033
1.85375
1.93294
2.1313
2.37705
2.67611
2.74524
2.88196
2.73673
2.76893
2.60112
2.6205
2.69978
2.71194
2.77746
2.73453
2.58221
2.50478
2.27576
2.09728
1.94529
1.77537
1.45348
1.12019
1.33014
1.46644
1.37526
1.33246
1.41595
1.50102
1.61883
1.59606
1.65509
1.48914
1.47456
1.4829
1.51585
1.56788
1.78107
2.05357
2.41826
2.75344
3.04413
2.75486
2.67971
2.7189
2.93646
3.14703
3.07017
2.78022
2.13352
1.46769
1.46092
2.16958
2.1313
1.43715
1.71879
1.78011
1.66544
1.61757
1.60812
1.59938
1.58446
1.55776
1.51684
1.47355
1.41817
1.38464
1.36206
1.32531
1.2576
1.16764
1.0896
1.04607
1.04431
1.13664
1.31543
1.46477
1.50324
1.47761
1.423
1.277
0.948725
0.636089
0.91495
1.10877
1.49628
1.63037
1.84686
2.04715
1.94486
1.63878
1.64393
1.64426
1.6404
1.84814
1.92397
1.66699
1.97789
1.77708
1.66542
1.6561
1.61694
1.45935
1.46506
1.66332
2.11123
1.62162
1.46533
1.80431
3.40941
4.72066
4.38589
3.41135
1.08814
0.840216
1.52761
1.59932
1.59182
1.60588
1.62423
1.63189
1.63569
1.62977
1.62884
1.77563
1.85453
1.75402
1.60864
1.62222
1.62322
1.63107
1.64385
1.63649
1.63775
1.64219
1.62534
1.62231
1.61143
1.50566
1.56916
1.62699
1.63763
1.36633
1.88313
1.55849
1.47573
2.45032
4.07189
4.95519
5.10548
5.29802
5.64521
5.61633
5.36392
5.10653
4.5607
3.77916
2.73207
2.2457
2.65584
3.28207
4.20412
3.91662
2.34207
1.42082
0.781948
0.575506
0.54969
0.505149
0.688054
1.27536
3.76011
3.72973
0.844082
1.19365
1.42478
2.12866
3.49046
3.88035
4.24412
4.30086
4.36126
3.86167
3.57675
3.00752
3.0457
3.72808
3.42371
2.35151
2.77404
2.16704
1.24119
0.857714
0.992457
0.953953
0.90469
0.878232
0.855343
0.814842
0.781446
0.784692
0.906633
1.03095
0.910089
2.00296
2.76009
3.04631
3.58717
4.2898
4.16336
4.11922
3.58042
3.8276
3.65358
3.98637
3.77397
3.54805
3.50606
3.44191
2.94072
2.14355
1.85162
1.92933
1.88153
1.84505
1.79048
2.03886
2.78712
4.20097
5.37692
5.4574
5.09646
1.95809
1.04742
1.88247
2.93966
4.72744
5.55929
5.6785
5.99575
6.05421
5.80325
5.8335
5.60822
5.65609
6.14861
6.33659
6.4685
6.27139
6.31315
5.94726
5.71258
6.15271
6.28596
5.80822
5.4263
5.44945
5.53186
3.57353
3.02209
2.89192
2.34196
2.08846
10.8728
5.58249
5.54017
6.42699
7.23085
8.01383
9.85963
15.9009
19.8286
16.4069
9.94404
6.11701
4.01232
2.81224
2.42325
1.90708
1.77227
0.888964
1.0193
1.43703
1.87891
2.34701
2.69803
2.93045
3.07454
3.1898
3.50567
3.97025
5.1484
6.26292
7.43238
8.03456
8.16205
7.91714
7.3278
6.05356
4.8618
4.21588
3.65899
2.94891
2.12108
1.58325
1.34634
1.27866
1.1782
1.43471
1.43065
1.94059
1.28102
1.37639
1.35924
1.97118
2.65016
2.48275
1.8168
1.27095
1.17955
0.958554
1.05334
1.07232
1.33552
1.5685
1.79392
1.64601
1.46866
1.36227
1.42262
1.52036
1.55915
1.41551
1.44135
1.53669
1.99159
2.71582
5.00051
7.62042
4.92861
1.64617
1.17634
1.44956
2.50345
2.8119
2.71744
2.3694
2.15249
2.0135
1.8732
1.85015
1.67106
1.54698
1.4996
1.36707
1.34634
1.32321
1.28897
1.20252
1.0464
0.964668
0.964184
0.978267
1.0011
1.03636
1.07356
1.12923
1.18558
1.22189
2.10732
2.68738
2.49752
1.56036
1.25786
1.05316
0.863658
0.907322
0.945443
0.967369
0.977605
0.985076
0.991638
0.995243
0.994494
0.989237
1.0195
1.06729
1.1523
1.26859
1.39352
1.4201
1.59484
1.6202
1.76382
1.91415
2.04955
2.212
2.29092
2.12455
2.01742
1.88303
1.7762
1.63024
1.37308
1.13478
1.097
1.20963
1.3739
1.47262
1.40432
1.43144
1.52141
1.84496
1.9486
1.73467
1.57858
1.49866
1.45183
1.43989
1.48069
1.59311
1.87032
2.06607
2.26059
2.65878
2.83576
2.80249
2.54665
2.5722
2.78424
2.95647
2.81875
2.32967
1.76675
1.46277
1.6475
2.33033
1.6734
1.84577
1.55518
1.46803
1.73627
1.97085
1.61408
1.61062
1.61375
1.61123
1.73403
1.70759
1.81726
1.65516
1.51515
1.4715
1.4401
1.40052
1.33201
1.21983
1.10117
1.03588
1.03549
1.12552
1.27929
1.38564
1.38807
1.3357
1.21012
1.01671
0.79707
0.628234
0.737262
0.883939
0.9252
1.0989
1.46876
1.62602
1.85984
2.10266
2.0434
1.75808
1.64796
1.64575
1.64053
1.65443
1.66649
1.67041
1.67262
1.66551
1.6737
1.66837
1.6089
1.45697
1.41562
1.69311
2.23301
1.79351
1.60105
1.70245
3.21789
4.45684
4.11273
3.54057
2.95914
2.1061
1.34273
0.96369
1.46941
1.59973
1.58761
1.60349
1.61862
1.6271
1.62847
1.63217
1.62876
1.73243
1.80364
1.77364
1.62206
1.62833
1.62597
1.64496
1.64255
1.63051
1.62921
1.63621
1.64238
1.60716
1.64265
1.51059
1.52178
1.54692
1.47373
1.33339
1.26671
1.34502
1.63894
1.4935
1.44556
1.91606
3.36692
4.7961
5.10563
5.26125
5.32507
5.31815
5.20339
4.72612
4.14595
2.83658
2.1513
2.25689
2.57955
3.23157
3.69337
2.93286
1.55492
1.24914
0.641459
0.613281
0.682194
0.663371
0.621859
0.971141
2.89763
3.80797
1.74396
1.03352
0.730102
1.11749
1.21926
1.74867
2.43043
3.15469
3.57016
3.59125
3.2596
2.98841
2.69087
2.62836
2.63964
3.90545
3.13046
2.42901
2.89763
2.54107
1.22157
0.876168
0.789762
1.00741
0.867376
0.888529
0.863666
0.844206
0.793542
0.814669
0.920686
1.02957
1.02177
0.824922
1.01077
1.51077
2.09055
2.706
3.57081
3.88113
3.96145
3.74107
3.59965
3.48933
3.59879
3.90032
3.84849
3.8156
3.56419
3.50824
2.89464
2.10327
2.17716
2.18365
1.96149
1.8218
1.94058
2.01564
2.45471
4.32161
5.38518
5.42523
4.45024
2.01704
1.65102
0.855042
1.01124
2.13463
3.27331
5.12154
5.47501
5.87565
6.11797
6.09973
6.21279
5.50326
5.73516
5.71535
5.62274
5.6449
5.89604
6.25807
6.39877
5.81478
5.70856
5.80189
6.30832
6.17155
5.4654
5.41871
5.53855
4.01518
2.73724
2.59171
3.57165
5.43512
6.13209
5.97592
9.35705
4.84859
5.13305
6.04547
7.42173
9.30507
12.1435
16.9338
21.1752
20.8427
15.2576
7.6412
3.70512
2.03026
1.34601
1.04336
0.979541
0.89072
1.0973
1.34775
1.60678
1.87071
2.0941
2.23745
2.30719
2.30706
2.37228
2.38065
2.72013
3.12889
3.8505
4.75366
5.08367
5.37362
4.89137
4.38959
3.76126
3.16195
2.4248
1.89978
1.64539
1.78928
1.93732
1.978
1.76749
1.76591
1.87655
1.99059
1.32886
1.40384
1.36752
1.63164
2.75091
2.56814
1.98592
1.45969
1.27086
1.10093
1.29438
1.33014
1.54404
1.7005
1.72968
1.59683
1.50308
1.44441
1.56806
1.76982
1.83149
1.64851
1.57277
1.79527
2.25595
3.48855
5.65241
7.27539
3.98302
1.38192
1.22769
1.66602
2.24131
2.65412
2.65184
2.49446
2.22352
1.96444
1.82592
1.68792
1.41257
1.47127
1.2354
1.28848
1.19562
1.21697
1.18436
1.08768
0.949609
0.948114
0.958532
0.977074
1.00801
1.05039
1.1005
1.1682
1.22002
1.83637
2.4369
1.85599
1.12843
0.964717
0.881383
0.856774
0.860808
0.887658
0.915045
0.938375
0.963413
0.9951
1.02795
1.04832
1.05078
1.03891
1.01339
0.980642
0.940309
0.896478
0.93251
1.04401
1.05081
1.22866
1.34472
1.52283
1.66948
1.72477
1.74036
1.81049
1.75905
1.6942
1.60123
1.41041
1.17559
1.08794
1.14014
1.27312
1.41228
1.46407
1.44004
1.50579
1.9566
2.31561
2.17308
1.8602
1.71845
1.52484
1.45703
1.41238
1.4306
1.49713
1.70392
1.92173
2.12857
2.39483
2.7561
2.74793
2.5465
2.41061
2.52836
2.46229
2.38552
2.00344
1.58704
1.50343
1.888
2.55018
1.76413
1.67685
1.63017
1.49558
1.87459
1.97128
1.79067
1.64565
1.6861
1.94056
1.97112
2.07971
2.28582
2.06639
2.03859
1.58313
1.50687
1.47865
1.43821
1.32394
1.16948
1.04431
1.00637
1.04851
1.1363
1.18014
1.10999
0.943675
0.836674
0.777245
0.707016
0.633003
0.762872
0.898657
0.935805
1.08592
1.42203
1.61378
1.74688
2.12
2.15119
1.92678
1.67976
1.64864
1.6611
1.65504
1.67361
1.6715
1.67538
1.67122
1.68174
1.65333
1.60949
1.41298
1.35302
1.56224
2.76123
2.16022
1.6861
1.77116
3.09769
4.51761
3.94398
3.40133
2.43013
1.73377
1.30049
1.03531
1.37449
1.58572
1.59141
1.59478
1.60793
1.62188
1.62763
1.62317
1.6272
1.69081
1.74957
1.6207
1.63073
1.62862
1.65397
1.66002
1.65221
1.6295
1.62658
1.64407
1.64999
1.59857
1.64703
1.51972
1.49508
1.45111
1.1241
0.975417
1.27399
1.51366
1.62027
1.63364
1.52248
1.51997
2.20776
3.4841
4.66351
5.16815
5.13865
5.14702
4.74561
4.30638
2.99956
2.17434
2.08412
2.2237
2.77586
3.32697
3.40265
2.49138
1.55606
1.13632
0.613982
0.635967
0.767593
0.789631
0.864041
1.07412
1.89894
2.93733
1.30733
1.03935
0.940321
1.18163
1.14607
1.39998
1.78943
2.09498
2.24567
2.21829
2.191
2.02867
2.21848
2.32105
3.21626
4.27336
3.30004
2.70819
3.45157
2.44564
1.29875
0.879732
0.850995
0.728783
0.967045
0.973373
1.22601
1.10243
1.16289
1.00119
1.21147
1.68122
1.18739
1.25502
1.10676
1.63161
2.38489
3.24955
3.96967
4.13545
3.78088
3.70433
3.67388
3.69273
3.68807
3.99777
4.26009
3.65958
3.57241
3.86113
2.82778
2.14019
2.24727
2.06768
1.81414
1.81381
1.81784
1.98859
2.74401
4.64759
5.42299
5.43782
3.34043
1.71379
1.18303
1.05972
1.50966
2.60958
4.26651
5.12127
5.57728
5.81751
6.14215
6.51865
6.16274
5.68073
5.64559
5.78208
5.61149
6.03882
5.7626
6.33247
6.20198
5.96606
5.57977
5.75167
6.15098
6.32094
5.52926
5.43635
5.45817
5.07063
3.19166
3.62362
5.06655
5.93076
6.34389
6.38745
9.87745
5.08394
5.02177
5.95962
7.01476
9.52899
13.528
18.3898
21.7406
22.5889
17.9853
8.42677
3.96339
2.12459
1.36755
1.10355
1.04744
1.03431
1.16119
1.32248
1.5221
1.78201
2.01298
2.1999
2.29513
2.27772
2.16673
2.08635
1.98832
2.03541
2.16669
2.44532
2.71856
2.98169
2.97624
2.89138
2.51103
2.08297
1.78632
1.83054
2.13001
2.39838
2.50126
2.62074
2.37844
2.1624
1.95486
1.42165
1.36365
1.40768
1.3802
1.27173
2.33505
2.7869
2.28351
1.79435
1.44119
1.41594
1.4257
1.50291
1.74157
1.81279
1.81506
1.68009
1.43748
1.36448
1.30863
1.63499
2.01893
2.25046
2.25108
2.52411
3.3065
4.95837
6.20525
5.70882
2.73565
1.24468
1.37989
1.75572
2.23864
2.38824
2.5762
2.62284
2.36001
2.13365
1.76386
1.57431
1.31165
1.27128
1.14934
1.11125
1.18842
1.11322
1.05736
0.96835
0.966532
0.990576
1.0149
1.0505
1.09374
1.15042
1.19983
1.26395
2.06153
2.23667
2.038
1.48371
1.11524
0.990504
0.898381
0.856637
0.854119
0.868124
0.893728
0.934062
1.00104
1.09834
1.20162
1.27885
1.31665
1.31846
1.28773
1.23094
1.15561
1.06308
0.973751
0.896063
0.948041
0.997954
1.11919
1.18173
1.28785
1.41459
1.48633
1.48722
1.43746
1.30348
1.10721
1.13501
1.14998
1.17817
1.25096
1.35772
1.45071
1.48746
1.50655
1.58394
2.32745
2.52203
2.22817
1.69633
1.57446
1.64895
1.48781
1.40659
1.38537
1.4337
1.61034
1.81586
1.93375
2.13035
2.44626
2.65953
2.68409
2.40739
2.3002
2.3781
2.15432
2.10141
1.89653
1.92364
2.5316
2.29738
1.82696
1.57959
1.54154
1.52532
1.88359
1.99951
1.85081
1.84064
1.97966
1.94972
2.07878
2.18361
2.19684
2.57329
2.3955
2.29203
1.96422
1.55191
1.71971
1.45735
1.28606
1.08293
0.977884
0.950455
0.940605
0.887059
0.776311
0.678861
0.634138
0.647791
0.685631
0.693621
0.81207
0.91275
0.954371
1.08511
1.37388
1.59503
1.63234
2.01956
2.14098
2.0695
1.99045
1.66165
1.65965
1.66863
1.67622
1.67592
1.67211
1.67882
1.66953
1.65205
1.55568
1.33172
1.29839
1.61468
3.25627
2.71299
1.91189
1.82627
2.72424
4.5338
3.86242
3.36974
2.7677
1.88579
1.50272
1.23106
1.14491
1.51121
1.5871
1.59658
1.6011
1.60406
1.61298
1.61881
1.61338
1.61593
1.61293
1.62872
1.62746
1.65036
1.6628
1.65832
1.64014
1.60109
1.60776
1.64022
1.64562
1.59057
1.61611
1.52231
1.48077
1.47752
1.15662
1.10521
1.31929
1.39939
1.63522
1.7093
1.65801
1.55143
1.58098
2.04053
2.84063
3.61786
4.28937
4.05476
3.66178
2.90728
2.17419
2.14419
2.17309
2.54742
2.91216
3.23536
3.16687
2.09301
1.55313
1.12413
0.641145
0.786992
0.943271
1.09787
1.00856
1.1524
1.27652
1.44329
1.07409
1.03469
1.23988
1.39991
1.37759
1.41402
1.50346
1.60287
1.60229
1.65537
1.65897
1.85264
2.0525
2.65331
3.98195
4.26537
2.92275
3.13986
3.58033
3.10471
1.58355
1.05471
0.715713
0.801771
0.808876
1.18756
1.26841
1.51645
1.52354
1.54272
1.52473
1.52002
1.16883
1.20231
1.24799
2.69948
3.40089
3.88494
4.38887
4.6306
4.59556
4.49359
4.19367
3.77105
3.69795
4.20214
4.16613
3.93511
3.97658
4.02977
2.83885
2.37449
2.6465
2.45419
2.13413
1.93908
1.90178
2.3678
3.63246
5.03775
5.51275
5.26995
2.80236
1.51637
1.14141
1.27906
2.02087
3.33714
4.64741
5.31289
5.47062
5.65227
6.1995
6.49073
6.32416
6.02834
6.08447
5.7486
6.08685
5.66525
6.04078
6.06416
6.2592
5.82976
5.68564
5.72223
6.17873
6.29394
5.6496
5.37129
5.48088
5.42265
4.23861
4.3675
5.63148
6.13668
6.3008
6.46591
9.59928
4.73759
4.68126
5.30401
5.94848
7.56297
11.0454
15.8489
19.6612
20.0745
15.0197
7.52376
3.99734
2.63226
2.16949
1.84173
1.68241
1.42678
1.34885
1.38799
1.57627
1.89776
2.28159
2.52488
2.6349
2.54976
2.4389
2.1637
2.0222
1.85164
1.75345
1.78498
1.7846
1.89377
1.89607
1.86988
1.74603
1.73624
1.91109
2.38467
2.47078
2.41106
2.14949
2.48527
2.15526
2.26952
1.37704
1.33504
1.35756
1.38759
1.38745
1.30626
1.84749
2.63161
2.59229
2.0643
1.69477
1.57054
1.63107
1.70692
1.84163
1.97343
1.96796
1.77384
1.50539
1.47075
1.37965
1.32146
1.9269
2.77426
3.55655
3.8661
4.67862
5.38524
5.19027
3.41751
1.72204
1.09093
1.47744
1.684
2.10158
2.34383
2.44174
2.54449
2.58521
2.38855
1.84187
1.64578
1.28428
1.24616
1.20091
1.18
1.09607
1.12973
1.09067
1.05001
1.0832
1.13451
1.19201
1.24192
1.28871
1.3365
1.86896
2.16524
2.49073
2.52708
2.16585
1.95837
1.37034
1.10014
0.969982
0.891807
0.864271
0.865228
0.892333
0.960804
1.08689
1.24829
1.38453
1.46394
1.49777
1.50262
1.49168
1.45184
1.38992
1.30376
1.1949
1.09287
1.00985
0.954705
0.928417
0.970364
1.00724
1.03488
1.0532
1.0505
1.09676
1.14326
1.1977
1.2507
1.28573
1.31386
1.36457
1.43273
1.48308
1.51476
1.55178
2.29754
2.91299
3.15367
2.74052
1.88798
1.57568
1.57103
1.58378
1.43836
1.37061
1.36953
1.44925
1.66618
1.74452
1.83191
1.99635
2.30899
2.6404
2.56876
2.62225
2.55033
2.61287
2.42628
2.48532
2.68463
2.44216
2.1301
1.74303
1.56299
1.53716
1.55736
1.85293
1.87995
1.84593
1.90987
1.96337
2.03963
2.03611
1.92157
2.26136
2.23382
2.70171
2.89812
2.48268
2.47481
2.0764
1.84116
1.66231
1.17965
0.975162
0.891152
0.849564
0.78117
0.685357
0.616889
0.597479
0.606812
0.659138
0.738245
0.833634
0.888817
0.938517
1.03674
1.25766
1.53654
1.62357
1.77519
1.98164
2.11866
1.84485
1.7768
1.74933
1.67705
1.67051
1.66899
1.67495
1.66884
1.66428
1.59046
1.43517
1.25025
1.22431
1.80754
3.58224
3.45054
2.229
1.86843
2.48973
4.05931
3.85575
3.47845
3.35443
2.9103
2.19538
1.79335
1.31148
1.15709
1.47329
1.5789
1.59742
1.60726
1.60752
1.60778
1.61115
1.60941
1.62623
1.63156
1.6446
1.67039
1.66159
1.64897
1.6087
1.57539
1.60014
1.6459
1.64436
1.56259
1.58928
1.59059
1.40934
1.48091
1.42905
1.13226
1.2558
1.47644
1.61176
1.62776
1.61885
1.58289
1.52733
1.56747
1.81144
2.24652
2.5594
2.55104
2.36709
2.12597
2.16146
2.18464
2.40775
2.65539
2.85492
3.31075
2.98342
1.77098
1.5547
1.2515
0.759975
0.692601
0.924355
1.19805
1.44751
1.37415
1.29869
1.29204
1.26196
1.39236
1.70798
1.93203
1.89196
1.87935
1.84763
1.85087
1.86602
1.83831
1.97841
2.19705
2.81917
3.94818
4.57494
3.94666
2.86098
3.22503
3.9942
3.24251
2.38666
1.17534
1.01351
0.735841
0.802384
0.77251
1.07286
1.09574
1.05776
1.08601
1.09015
1.15889
1.10231
1.23804
2.20073
3.72984
4.24071
4.53466
4.73099
4.67267
4.42378
4.04654
3.59812
3.5366
3.97728
4.30571
4.30995
4.27117
4.31495
4.38737
3.1199
2.63885
2.96657
3.00604
2.69992
2.52507
2.71412
3.71354
4.82595
5.33312
5.48479
4.4663
1.97398
1.22357
1.06685
1.36364
2.2991
3.90173
4.98405
5.23039
5.28774
5.50336
5.83403
6.26662
6.52496
6.52371
6.08736
6.343
6.11987
6.82526
6.76379
6.93001
6.28393
5.89364
5.63663
5.92716
6.21001
6.17342
5.60566
5.43401
5.41015
5.41674
5.31305
4.7389
5.3881
6.01518
6.17214
6.49307
10.1002
5.23512
4.36451
4.92598
5.30039
5.61017
6.50399
7.96312
9.13248
9.40137
7.58698
5.29646
3.95353
3.50147
3.43787
3.42061
3.46125
3.0547
2.36778
1.78303
1.65323
1.83097
2.05345
2.34107
2.4788
2.6317
2.48386
2.38988
2.12916
1.95983
1.80886
1.7126
1.67285
1.6884
1.71315
1.74772
1.84134
2.10189
2.50497
2.87175
2.53323
2.49222
2.07159
2.17503
1.79456
1.81723
1.6232
1.71094
1.39743
1.32928
1.383
1.36023
1.28277
2.16668
2.63216
2.27259
1.83947
1.77216
1.72014
1.84452
1.93709
1.96557
1.98488
1.83481
1.53777
1.51986
1.49686
1.40541
1.25727
1.73659
2.52716
3.33193
3.72643
3.62101
2.83099
1.94586
1.21794
1.25233
1.51855
1.7178
1.96068
2.17779
2.30269
2.44878
2.60102
2.59096
2.22315
1.79757
1.28606
1.30662
1.22707
1.19429
1.22657
1.28604
1.33323
1.40167
1.37646
1.49612
1.46962
1.82781
2.09572
2.30841
2.66327
2.74659
2.65111
2.96922
2.64719
2.84287
2.3586
1.54268
1.12693
0.991829
0.920043
0.904105
0.945502
1.05321
1.22295
1.3926
1.48917
1.538
1.55539
1.56257
1.55444
1.54153
1.50644
1.4642
1.3972
1.31909
1.2419
1.17972
1.13334
1.11243
1.10505
1.11599
1.14519
1.19218
1.25972
1.32753
1.37745
1.4028
1.40979
1.4219
1.45033
1.48936
1.5208
1.55819
1.96252
2.59064
3.10557
3.23609
2.77952
2.08223
1.57522
1.57061
1.63292
1.56574
1.4016
1.34739
1.3481
1.48229
1.5789
1.59299
1.61555
1.77451
2.08204
2.4309
2.66471
2.87846
3.00754
3.12692
2.8027
2.58507
2.509
2.00259
1.69057
1.54209
1.54168
1.57529
1.65791
1.6716
1.69183
1.77839
1.92411
1.99478
1.94234
2.20779
2.05126
2.29934
2.50204
2.68927
3.44435
3.09617
2.74098
2.82386
2.2684
1.47936
1.05494
0.873847
0.801367
0.743877
0.684348
0.633321
0.615928
0.63505
0.694904
0.766378
0.832909
0.871384
0.886718
0.92697
1.05522
1.31082
1.54337
1.61707
1.63155
1.64644
1.6552
1.66001
1.66461
1.67711
1.67055
1.67141
1.65936
1.63942
1.56597
1.41364
1.27144
1.16267
1.19813
1.94275
3.86584
4.34342
2.72073
1.98608
2.18893
3.4342
3.93621
3.46299
3.55104
3.67004
3.11218
2.39002
1.72415
1.32389
0.982663
1.30981
1.50504
1.56831
1.59582
1.60775
1.61017
1.62186
1.6351
1.63616
1.65911
1.64305
1.63448
1.58967
1.55177
1.54499
1.59884
1.64895
1.61972
1.51887
1.55591
1.62124
1.36711
1.39854
1.37402
1.17948
1.41139
1.66665
1.66797
1.59953
1.46589
1.4097
1.36192
1.44131
1.52806
1.63074
1.833
1.96509
2.02511
2.20161
2.18887
2.34479
2.45252
2.57019
2.88287
3.28787
2.59917
1.64155
1.54645
1.46198
1.0944
0.847848
0.81501
1.02871
1.3599
1.64644
1.70188
1.78923
1.90756
2.20568
2.73389
3.17428
3.41488
3.59372
3.58346
3.54048
3.58382
3.51406
3.66432
4.03202
4.39482
4.57778
4.27225
3.19825
2.53506
3.48256
4.12327
3.9432
3.08261
2.43459
1.38013
1.17364
1.02382
1.25577
1.24879
1.29181
0.904307
0.895095
0.948509
1.02083
1.23547
2.16153
3.53745
4.57365
4.90573
4.95572
4.84425
4.61356
4.32642
4.00794
4.02348
4.24112
4.41898
4.42819
4.48681
4.38434
4.49043
4.80556
3.53859
2.63689
2.82205
3.16106
3.35645
3.61909
4.02102
4.43192
4.76481
4.60317
3.54253
1.8673
1.2733
1.0961
1.10336
1.46621
2.30872
4.18624
4.94071
5.17918
5.28513
5.22061
5.38024
5.80184
6.26849
6.43991
6.76577
6.62451
7.10562
7.00417
7.01394
6.37336
6.20029
5.80498
5.88407
6.0694
6.2857
5.97253
5.54705
5.40005
5.43272
5.32891
5.51534
5.57927
5.42621
5.85555
5.94287
6.28411
10.5251
5.61997
4.27618
4.34683
4.71569
4.75799
4.54713
4.39592
4.13275
3.9074
3.72778
3.63435
3.66405
3.98082
4.30502
4.74234
5.0662
5.295
4.80033
3.59439
2.29595
1.74862
1.68949
1.80092
1.99178
2.14633
2.35109
2.36888
2.37824
2.27061
2.0846
2.00362
1.87841
1.92224
1.98146
2.13739
2.35894
2.75071
3.05296
3.20865
2.91155
2.86235
2.6987
2.73206
2.51151
2.58828
2.3797
2.51527
2.12094
1.72098
1.34876
1.39944
1.32076
1.36691
2.04264
2.16013
1.93016
1.9076
1.89369
1.8385
1.9867
2.04398
2.03528
1.83492
1.48518
1.50384
1.52141
1.5238
1.4684
1.31962
1.17351
1.39665
1.68679
1.57463
1.41577
1.10394
1.22226
1.41538
1.53786
1.73538
1.96289
2.17527
2.33668
2.40363
2.53813
2.61091
2.60164
2.13135
1.66446
1.27755
1.22892
1.21249
1.24639
1.36264
1.39206
1.43836
1.37224
1.53486
1.4471
1.78004
1.96057
2.20854
2.39058
2.83919
2.59018
2.99433
2.75879
2.82007
2.87622
2.64364
1.85211
1.19231
1.05566
1.00996
1.06184
1.18839
1.34357
1.46463
1.52533
1.54902
1.5638
1.56772
1.57119
1.56281
1.55275
1.52698
1.49871
1.46503
1.40664
1.36341
1.31544
1.29488
1.29369
1.31077
1.35439
1.39914
1.4409
1.46708
1.47832
1.48067
1.48402
1.49262
1.51031
1.53034
1.59262
2.03074
2.46939
2.70524
2.90092
2.73453
2.04133
1.59271
1.57292
1.56795
1.56467
1.74046
1.61289
1.44133
1.31993
1.33615
1.40978
1.46797
1.525
1.56634
1.57624
1.70543
2.22186
2.60489
2.70859
3.07316
2.67972
2.6079
2.13432
1.97087
1.71489
1.56158
1.55239
1.57878
1.59401
1.595
1.59644
1.62825
1.62441
1.90002
2.08195
2.10706
2.31688
2.58274
2.33483
2.827
3.19722
3.73383
3.90767
3.48201
3.00006
2.16632
1.36066
1.09316
0.833638
0.761881
0.716463
0.695971
0.710911
0.758038
0.817776
0.929241
0.941994
0.86464
0.87358
0.869047
0.897283
1.01568
1.2117
1.42916
1.5348
1.58492
1.62562
1.63446
1.64416
1.64777
1.6316
1.58843
1.5259
1.42449
1.29581
1.17293
1.12721
1.12241
1.21323
2.10664
4.29633
4.91516
3.38994
2.32008
2.05697
2.83885
3.80629
3.53365
3.27356
2.92354
2.47462
2.0588
1.74039
1.47456
1.16574
0.936084
1.16279
1.35232
1.45839
1.50192
1.54529
1.55241
1.56969
1.56891
1.54741
1.53994
1.51627
1.49624
1.5062
1.53625
1.60616
1.65294
1.57189
1.47011
1.51087
1.65001
1.41071
1.25183
1.19337
1.17266
1.76869
1.99638
2.19481
2.07947
1.63344
1.35346
1.2317
1.22005
1.28481
1.40731
1.4877
1.6679
1.84052
1.94071
2.05864
2.19271
2.30527
2.58285
3.01635
3.39988
2.62312
1.5605
1.50655
1.54679
1.49604
1.3873
1.22475
1.03666
0.970556
1.09754
1.34299
1.6093
1.99365
2.49581
3.03042
3.42559
3.74178
3.84918
3.90826
3.90419
3.89242
3.9698
3.97098
4.04257
3.98386
3.76271
3.10631
2.46397
2.37997
3.32637
4.35428
4.15556
4.0344
3.54165
3.20644
2.45011
2.23333
2.15567
2.45848
1.6641
1.63708
1.24694
1.41115
1.69675
2.43701
3.52864
4.59848
5.26215
5.42584
5.32672
5.0588
4.71768
4.44923
4.34837
4.33422
4.36628
4.34237
4.43562
4.51674
4.41395
4.66298
5.14076
4.22955
2.72796
2.37608
2.42531
2.472
2.55949
2.57664
2.46053
2.09719
1.78061
1.57604
1.47852
1.41362
1.40038
1.5067
1.92454
3.29354
4.60269
5.0412
5.14064
5.10947
5.08144
5.14669
5.35894
5.52498
6.00654
6.22031
6.73941
6.94461
6.82835
6.45773
6.19472
5.91907
5.98713
5.99074
6.39182
6.18792
5.70351
5.41566
5.48247
5.3764
5.32483
5.23981
5.47703
5.61736
5.71558
5.82628
6.32402
10.8153
6.26279
4.71334
3.91775
3.95109
4.17516
4.01848
3.81439
3.5642
3.42238
3.3724
3.38404
3.46994
3.623
3.7432
3.91137
4.07023
4.62528
5.48036
6.18522
5.36186
3.52551
2.04614
1.58254
1.44803
1.60603
1.72263
1.88395
2.02072
2.13183
2.29526
2.38362
2.30794
2.44325
2.49813
2.76712
2.9086
3.16732
3.26961
3.25022
3.12946
3.14697
2.92389
2.98879
2.71885
2.72245
2.43918
2.48311
2.34091
2.2348
1.28364
1.40862
1.39059
1.32198
1.30569
1.37546
1.52771
1.74459
1.7438
1.72758
1.75584
1.71921
1.61598
1.46138
1.45844
1.46929
1.49585
1.53547
1.54908
1.54083
1.47404
1.3617
1.28949
1.26869
1.29011
1.33824
1.40678
1.55176
1.66545
1.84636
2.01216
2.15494
2.42784
2.6853
2.67472
2.40549
2.59007
2.46693
2.13677
1.56214
1.35757
1.26586
1.24954
1.32919
1.33394
1.27307
1.17979
1.15687
1.17339
1.18223
1.21919
1.27736
1.34048
1.81389
1.79848
2.11664
2.16468
2.32199
2.44442
2.5583
2.7505
2.47095
1.57232
1.17164
1.15525
1.26036
1.38735
1.47592
1.51925
1.54545
1.55645
1.56664
1.56954
1.57397
1.57174
1.56613
1.55179
1.547
1.52369
1.5158
1.49329
1.48701
1.48441
1.4928
1.50517
1.51145
1.51915
1.52
1.51435
1.51587
1.51836
1.52521
1.53691
1.55184
1.61464
1.61387
1.61199
1.60385
1.60462
1.60081
1.59819
1.58125
1.57396
1.56903
1.56696
1.70953
1.84453
1.70304
1.37294
1.29227
1.33087
1.39001
1.45418
1.50861
1.54531
1.5722
1.59845
1.84966
2.16923
2.38239
2.20543
2.13561
2.00643
1.92926
1.79581
1.67113
1.6753
1.5823
1.59025
1.60096
1.59795
1.59926
1.60051
1.93213
1.9961
2.26855
2.5813
2.4838
2.72732
2.70254
2.99888
4.07133
4.4321
4.31216
3.87715
3.05836
1.97941
1.41632
1.24666
1.11703
0.971687
0.998131
1.08863
1.23897
1.23537
1.14668
1.0942
1.07353
1.03565
0.936888
0.959342
0.849931
0.908833
0.985976
1.0924
1.17212
1.2406
1.27918
1.28718
1.25758
1.236
1.17655
1.13593
1.09014
1.05331
1.04217
1.08018
1.16516
1.302
2.65386
4.41156
5.12423
4.63763
2.96956
2.22532
2.02502
2.47885
2.61274
2.08883
1.77638
1.63835
1.55372
1.54656
1.44
1.21231
1.14207
0.887868
0.988927
1.07622
1.14099
1.17347
1.20861
1.21818
1.2567
1.30196
1.34092
1.38129
1.41938
1.48674
1.55797
1.62774
1.64546
1.51858
1.43133
1.47105
1.61355
1.61587
1.39153
1.40319
1.73011
2.51229
2.74138
3.33515
3.12298
2.33579
1.81283
1.56417
1.40227
1.45505
1.53912
1.56582
1.82607
1.94392
2.12496
2.34227
2.43294
2.7572
3.11562
3.4355
3.49078
2.76206
1.67028
1.44933
1.47824
1.61779
1.80183
1.83798
1.72566
1.46641
1.39149
1.34118
1.34742
1.49728
1.81411
2.12017
2.39224
2.59286
2.65053
2.67764
2.67601
2.64006
2.65157
2.60923
2.50675
2.39185
2.29195
2.10396
2.03315
2.04385
3.02085
4.16575
4.60395
4.44937
4.63849
4.44485
4.46915
4.18934
4.56338
4.50989
3.11282
2.51431
1.66076
2.14681
2.70403
3.5991
4.53076
5.22711
5.59633
5.73945
5.58151
5.28166
4.98628
4.73866
4.53954
4.45024
4.29218
4.34524
4.416
4.41196
4.45658
4.80352
5.35431
5.14037
3.39126
2.25899
2.07713
1.86774
1.64386
1.51595
1.44803
1.44792
1.4545
1.62776
1.8877
2.13114
2.40436
2.80856
3.51685
4.34541
4.74777
4.87998
5.04939
5.04563
5.15608
5.08289
5.28018
5.2599
5.51747
5.75874
6.06822
6.38601
6.42027
6.32319
6.09769
6.13574
6.15738
6.51277
6.44216
5.85252
5.44101
5.40442
5.36859
5.30262
5.22796
5.2393
5.22998
5.40831
5.44006
5.63787
6.12332
10.902
6.45334
5.10883
4.36473
3.74811
3.56035
3.47937
3.36805
3.24997
3.1618
3.08324
3.0508
2.99826
2.96776
2.92674
3.0046
3.13354
3.40582
3.62227
4.44633
5.96598
7.25201
5.69393
3.10178
1.53554
1.25622
1.27295
1.35245
1.42871
1.51993
1.65824
1.98972
2.17996
2.46978
2.71842
2.92403
3.12558
3.21857
3.24995
3.10044
3.16227
2.751
2.84612
2.66888
2.44145
2.4964
2.2298
2.30992
2.1304
2.41066
1.26095
1.38899
1.43495
1.41959
1.39275
1.38621
1.38423
1.39274
1.40502
1.41143
1.42086
1.4282
1.43657
1.44183
1.45347
1.46956
1.48861
1.50883
1.52878
1.54993
1.54625
1.54572
1.52313
1.60282
1.78187
1.90492
2.13686
2.19102
2.35806
2.47166
2.59239
2.7971
2.93811
3.06898
3.00912
2.67433
2.25537
2.32168
2.58796
1.96065
1.80419
1.53391
1.52881
1.54386
1.51915
1.47475
1.26694
1.24164
1.23668
1.24188
1.24955
1.24906
1.25371
1.25356
1.57395
1.50552
1.97766
2.2319
2.23574
2.47874
2.53268
2.62604
2.74864
2.44861
1.41686
1.21975
1.45048
1.64004
1.63799
1.52259
1.54074
1.55274
1.56419
1.56682
1.57217
1.5751
1.58069
1.60101
1.5918
1.61275
1.59407
1.59873
1.58429
1.58867
1.58323
1.57332
1.57156
1.56746
1.56343
1.55921
1.55677
1.55567
1.55839
1.56329
1.57084
1.57929
1.58619
1.59205
1.5946
1.59394
1.59752
1.58376
1.57859
1.57256
1.56756
1.66201
1.98553
1.87409
1.52802
1.28312
1.29015
1.32601
1.36794
1.40666
1.44799
1.4702
1.48599
1.56228
1.68769
2.00993
1.83265
1.9798
1.86981
1.97697
1.93079
1.90863
1.65978
1.54037
1.5532
1.55921
1.56628
1.56151
1.5573
1.55634
2.02949
2.11442
2.23248
2.75892
2.61748
2.69245
3.31567
4.20437
4.89296
5.03521
4.7579
4.05582
2.87864
1.79653
1.45022
1.20312
1.18146
1.10653
1.12395
1.02955
0.990023
1.01846
0.946814
0.959906
0.975658
0.980759
0.927654
0.952013
0.871383
0.888555
0.895543
0.922405
0.948961
0.955414
0.963773
0.962518
0.967388
0.959238
0.97754
0.995475
1.03197
1.09708
1.14367
1.28869
1.39648
3.07596
4.56312
5.17623
5.20191
4.19995
3.03947
2.48663
2.12017
2.1198
1.99047
1.93195
2.10958
2.00376
2.13126
1.91346
2.01418
1.64527
1.54274
1.59503
1.0931
1.17978
1.05235
1.09503
1.13226
1.18256
1.23453
1.28172
1.3438
1.42094
1.51522
1.59749
1.64244
1.62849
1.47881
1.42328
1.43513
1.47551
1.54372
1.56265
1.5914
2.33288
2.62093
3.06109
3.2191
3.26463
3.39244
3.11254
3.08262
2.94417
2.85237
3.10044
3.15934
3.43183
3.6037
3.85487
3.77298
3.99342
3.82258
3.84141
3.6598
3.74508
3.33658
1.85938
1.4163
1.40212
1.40257
1.47412
1.57524
1.60005
1.59304
1.46579
1.46365
1.47701
1.47459
1.49854
1.61369
1.67543
1.71507
1.71774
1.73314
1.7372
1.70951
1.75749
1.70019
1.8115
1.72419
1.86684
1.7662
1.86545
1.94918
2.49149
3.74727
4.55389
4.96255
5.02876
5.52018
5.3916
5.86443
5.88249
6.11128
3.21281
4.55642
1.82466
2.93966
3.51681
4.32471
5.05872
5.55329
5.76912
5.76485
5.51179
5.1867
4.89943
4.60049
4.47408
4.27877
4.30676
4.29821
4.39265
4.33092
4.4781
4.8441
5.35687
5.60884
4.64822
2.36352
2.15355
1.97518
1.82687
1.723
1.68603
1.71828
1.73718
1.8276
1.95122
2.14409
2.51495
2.93431
3.27429
3.48463
3.70307
4.02896
4.25472
4.54448
4.86039
4.8719
5.29819
5.10961
5.90206
5.55709
6.39017
6.59134
6.76946
6.69402
6.60629
6.39909
6.51558
6.71686
6.00206
5.36866
5.44729
5.32887
5.33716
5.37039
5.29573
5.36912
5.39192
5.42741
5.55967
5.75265
6.14891
26.2955
25.0302
23.2941
22.2568
21.1247
21.2514
21.4411
23.5007
23.2943
20.4445
13.3438
7.261
2.64451
1.51557
1.18145
2.34469
3.3512
3.80295
4.16058
4.40665
4.48639
4.63156
4.79955
4.74104
4.88331
4.84502
4.98309
4.91984
4.89648
4.98094
5.09478
5.30151
5.56242
4.83183
3.56343
2.7024
2.53578
2.91406
2.98346
2.48272
1.97846
1.52275
1.90494
2.59719
1.71955
1.79972
1.81886
1.85122
1.82572
1.80362
1.74174
1.71755
1.6507
1.6076
1.57951
1.49
1.68659
1.57933
1.86089
2.01598
2.24853
2.28917
2.14437
2.03436
2.46814
3.98519
5.98552
6.77522
6.79861
6.00775
5.12954
3.32264
1.6984
1.14568
2.03196
1.82295
1.78443
1.69895
1.54747
1.36381
1.17069
1.13302
1.16047
1.15752
1.1826
1.18527
1.19847
1.20829
1.24604
1.25606
1.2867
1.29122
1.3047
1.31112
1.31745
1.31557
1.30347
1.25053
1.13708
1.09496
1.08101
1.08648
1.08859
1.08381
2.85479
3.2897
3.45906
3.45355
3.38095
3.21838
3.0082
2.74029
2.73121
2.28412
2.39253
2.22098
2.32251
2.34261
2.27363
2.37101
2.38999
2.47183
2.52621
2.53011
2.40253
2.16717
1.86918
1.8569
1.96806
1.89641
1.31206
1.25436
1.10269
1.11409
0.882307
1.10166
1.40716
1.47763
1.46493
1.65185
1.84817
1.94317
2.01231
2.1009
2.16934
2.23596
2.27939
2.29055
2.26725
2.22891
2.14654
2.08852
1.80249
1.55433
1.77742
1.32609
1.33797
1.52061
1.53183
1.47646
1.40352
1.6132
1.50237
1.37773
2.36819
1.99704
1.53832
1.10859
1.06272
1.20797
1.42115
1.49674
1.56158
1.53409
1.63453
1.58034
1.57816
1.51213
1.45101
1.41754
1.38738
1.36725
1.36024
1.35196
1.35809
1.37497
1.3742
1.40367
1.41604
1.44466
1.46443
1.45547
1.0497
0.619845
0.778178
0.823844
0.870905
0.896259
0.921324
1.10583
1.59187
2.23956
2.2987
2.2565
2.38011
2.42478
2.55087
2.73201
2.88108
2.96363
2.95312
2.97158
2.8126
2.60104
2.62148
2.69173
2.34496
3.08589
2.99573
3.84381
4.28446
4.37675
4.04879
3.2973
0.688163
0.761348
0.770825
0.794779
1.50471
1.59042
1.56619
1.53825
1.6529
1.80903
1.76902
1.71838
1.52818
1.52187
1.5374
1.53111
1.52959
1.53132
1.53917
1.5489
1.56674
1.58596
1.60837
1.62798
1.51822
1.09365
0.723927
0.631595
0.655489
0.786245
1.64141
1.79431
2.1815
2.01089
1.6981
1.81273
3.52253
5.10359
5.10562
4.94923
5.65075
6.11024
6.02586
6.7051
6.57869
6.63548
6.72011
6.76863
6.75388
6.71086
6.6413
6.49631
6.27174
5.99235
5.6718
5.36466
5.22499
5.08944
5.45075
6.40208
1.02586
1.50682
1.64369
2.65711
4.77005
4.39259
4.81474
5.15178
5.22567
4.53127
4.68118
3.33603
3.82325
3.22536
3.30392
3.27715
3.23736
3.14104
3.00723
2.7963
2.53475
2.17146
1.85728
1.51791
1.66387
1.4659
2.41754
2.90049
3.09047
2.98317
0.463987
0.728825
1.42637
4.37704
5.07527
4.78237
4.54479
4.40486
4.36146
4.36227
4.10152
4.09693
3.489
3.66686
3.14273
3.31312
3.04878
3.14055
2.96999
2.90426
2.65353
2.00365
1.48152
1.07813
1.04483
1.0069
0.994008
0.993623
1.08381
1.14767
0.972451
1.3832
1.67412
1.37633
1.44849
1.2484
1.36151
1.23488
1.35563
1.33516
1.49221
1.51317
1.74509
1.77062
1.97831
1.98832
2.13257
2.03789
2.07356
1.9291
2.00831
1.94603
1.98319
1.93325
1.64409
1.52346
1.30876
1.24358
1.38805
1.4437
22.626
21.1813
19.4175
17.6497
15.3437
14.6975
13.1802
16.6305
19.525
23.119
20.932
11.2225
4.32321
1.64394
1.30469
3.66193
4.10389
3.90796
3.72477
3.81611
3.81862
4.03725
4.20735
4.25032
4.309
4.22733
4.24494
4.22679
4.22175
4.36691
4.56815
4.93228
5.30994
5.33345
4.42686
3.36112
2.68419
2.76071
3.0082
3.07648
2.41648
1.80892
1.81698
2.60135
1.71811
2.03591
2.27615
2.27538
2.14265
1.95245
1.76063
1.58168
1.46279
1.3871
1.41073
1.38191
1.52599
1.46751
1.71191
1.71009
1.92728
2.11463
2.11892
2.06022
1.98453
2.1632
3.0958
4.86912
6.63536
7.19947
6.86278
4.90177
2.35972
1.20345
1.72258
1.87115
1.97438
1.89234
1.79612
1.68339
1.49188
1.38647
1.18518
1.17337
1.14631
1.12011
1.10936
1.09741
1.10299
1.11762
1.14679
1.1875
1.22607
1.26292
1.29096
1.30469
1.30404
1.28048
1.19137
1.14362
1.16776
1.17999
1.16826
1.15428
3.90826
3.9808
3.83014
3.68699
3.53319
3.37252
3.20717
3.01306
2.9235
2.87319
2.70234
2.86866
2.87825
2.93918
2.9134
2.95214
2.94971
3.01644
2.96412
2.90203
2.69237
2.42398
2.01934
1.86668
1.81069
1.95059
1.67094
1.48707
1.21505
1.07181
0.948364
1.26333
1.44845
1.46195
1.72929
1.79022
1.75529
1.74757
1.80128
1.93739
2.14229
2.34582
2.55517
2.74332
2.92989
2.99884
3.05616
3.09678
3.03257
2.71827
2.82312
2.72913
2.5868
2.64229
2.51545
2.12836
1.70183
1.62927
1.65092
1.69015
2.66813
1.95427
1.43583
1.14688
1.24912
1.49088
1.57537
1.58647
1.5842
1.55934
1.51397
1.44057
1.32125
1.19208
1.08183
1.00161
0.957309
0.930742
0.917333
0.922451
0.946016
0.980953
1.05249
1.14275
1.24315
1.34158
1.4198
1.44549
1.18911
0.68168
0.784189
0.860288
0.905729
0.989978
1.18018
1.46628
1.6432
2.19001
2.15371
2.09568
1.99976
1.93004
1.99181
2.04356
2.14848
2.2812
2.46677
2.49293
2.57416
2.73364
2.54011
2.53899
2.25323
3.07824
3.10741
4.31034
4.58871
4.56526
4.1959
3.50173
0.731349
0.807857
0.683444
1.30637
1.60837
1.57534
1.55037
1.53759
1.58392
1.6483
1.72107
1.62179
1.55293
1.555
1.5697
1.56543
1.56097
1.56199
1.56577
1.57911
1.58672
1.58854
1.58342
1.55801
1.57784
1.63742
1.48206
0.976804
0.670113
0.696192
1.69656
2.01953
1.94603
1.63804
1.9315
3.0178
4.31249
4.96091
4.85442
5.69048
6.06137
6.58525
7.33339
7.16309
7.45498
7.42801
7.50545
7.40231
7.3125
7.14892
6.93523
6.65169
6.272
5.77968
5.20674
4.62827
4.49607
4.66902
5.10807
6.12618
1.11128
1.65262
2.10382
3.13572
4.48023
4.68693
4.84849
5.75703
5.93547
5.94305
5.0191
4.70212
4.17125
3.95846
3.72879
3.59248
3.50284
3.44745
3.32997
3.04728
2.5365
1.92606
1.47506
1.25544
1.21291
1.17135
1.56629
2.10293
2.59417
2.98249
0.613239
1.18939
2.63608
4.68044
4.69302
4.35643
4.1854
4.00448
3.95589
3.95785
3.86257
3.64308
3.37043
3.28531
3.05105
3.19392
3.14551
3.36335
3.56329
3.79077
4.02493
3.9005
3.9974
3.5596
3.07041
1.77008
1.40695
1.14837
0.955406
1.02345
1.14613
1.54439
1.70564
1.45179
1.60085
1.58071
1.84017
1.76457
1.89006
2.46852
3.32416
4.08489
4.51758
4.92805
5.15805
5.39798
5.59091
5.4408
5.61499
5.33331
5.56853
5.51784
5.45963
5.40567
4.50939
3.59088
2.14998
1.48197
1.29373
1.44539
20.9242
20.5218
19.4605
17.9639
15.9135
13.9068
11.5246
11.853
13.6517
20.4636
23.3664
17.5155
6.62299
2.03782
2.43455
4.00208
2.83632
2.1505
1.95421
2.18996
2.57925
3.01386
3.47073
3.7608
3.82213
3.87406
3.82414
3.77032
3.60394
3.76879
3.97713
4.34432
4.95132
5.34947
5.10554
4.08523
3.02048
2.77691
3.03354
3.39557
3.0524
2.13844
1.86035
2.501
2.1778
2.82308
2.88639
2.87968
2.60749
2.20883
1.77545
1.4845
1.31063
1.28339
1.3712
1.35697
1.55539
1.46864
1.59402
1.58817
1.65214
1.7817
1.90927
1.89203
1.83431
1.76288
1.93765
2.83782
4.6546
6.80535
7.96201
6.47142
3.03561
1.28463
2.09654
2.10832
2.2373
2.41875
2.43408
2.31596
2.12122
1.95321
1.59616
1.49581
1.32883
1.26842
1.20824
1.15264
1.10638
1.07843
1.06746
1.08916
1.1237
1.17828
1.23745
1.27828
1.29467
1.28926
1.2468
1.18826
1.18669
1.18179
1.16806
1.14834
3.87116
3.3408
2.93483
2.88206
3.01614
3.13795
3.24126
3.28725
3.2187
3.10503
3.16563
3.0502
3.20107
3.36437
3.3003
3.50559
3.4375
3.51811
3.41458
3.21408
2.95176
2.66962
2.25777
1.95457
1.75916
1.87028
1.79462
1.75253
1.45895
1.1343
1.04686
1.38254
1.46414
1.71818
1.82121
1.48136
1.34012
1.48522
1.70731
1.99426
2.27281
2.63467
2.88764
3.07123
3.16326
3.21704
3.28445
3.29544
3.40411
3.19544
3.31185
3.40658
3.3358
3.34584
3.3576
2.88598
2.20135
1.73592
1.69961
1.93052
2.82513
1.97889
1.28554
1.28327
1.4845
1.59532
1.60066
1.59554
1.55844
1.46865
1.31672
1.13897
0.994206
0.903511
0.858804
0.831946
0.817681
0.809118
0.803211
0.801478
0.805869
0.835455
0.87647
0.94468
1.0536
1.20159
1.34462
1.43014
1.26733
0.744574
0.825146
0.916756
1.00906
1.22413
1.48793
1.60066
1.92626
2.10058
1.84725
1.59698
1.59154
1.59015
1.58812
1.57923
1.56297
1.53583
1.51186
1.56309
1.97867
2.20434
2.32696
2.54529
1.96386
2.6299
2.6468
3.97813
4.82932
4.89602
4.3189
3.42448
0.77541
0.765693
1.00329
1.58448
1.59851
1.56348
1.55553
1.55482
1.56225
1.56408
1.56978
1.57185
1.58663
1.59138
1.59905
1.59028
1.58813
1.58449
1.59106
1.59921
1.60999
1.6257
1.62451
1.63161
1.59011
1.55524
1.59928
1.55051
0.971522
0.631428
1.82929
1.96044
1.66628
1.59414
2.72314
4.02852
4.59023
4.68549
5.43563
5.7215
6.85429
7.21382
7.4507
7.7758
7.37766
7.33906
7.18203
7.30291
7.23758
7.18688
7.01718
6.61218
5.94347
5.0629
4.18333
3.4486
3.52976
4.39104
4.96253
5.42226
1.10024
1.786
2.46184
3.84112
4.4887
4.5782
5.46994
5.79616
6.38829
6.12728
6.03156
5.23381
4.87116
4.25999
3.83943
3.45488
3.32217
3.41002
3.21163
2.62587
1.80895
1.23517
1.05373
0.984422
0.962671
0.960861
1.2291
1.63712
2.0226
2.60538
0.791458
1.64958
3.78495
4.44407
4.29452
4.11505
3.93553
3.91077
4.03988
4.18984
4.00787
3.76472
3.31633
3.256
2.97526
3.07524
2.99513
3.23958
3.45979
3.68446
3.90028
4.13821
4.34957
4.23471
4.34438
3.93645
3.02341
1.78393
1.11668
0.881194
1.20766
1.67213
1.75866
1.68671
2.12
2.32505
3.24612
3.70043
4.34415
4.53106
4.86468
5.24665
5.37971
5.73271
5.88767
6.03903
6.05208
5.99085
5.81497
5.65076
5.71356
5.65022
5.81397
6.00565
6.00926
5.79669
4.6986
2.24989
1.47439
1.32491
21.3177
19.5345
17.6272
16.247
14.9984
14.1965
12.0564
11.0644
11.5916
17.6705
22.7525
21.7206
9.76942
2.56322
4.56327
3.22368
1.83009
1.31208
1.35758
1.81393
2.52498
3.24779
3.8492
4.29702
4.55461
4.8008
4.92634
4.55592
3.9799
3.80803
3.74008
4.08597
4.64815
5.34375
5.50979
4.69204
3.55962
2.865
3.08091
3.59333
3.53258
2.52156
1.84785
2.45417
2.56158
2.65663
2.83843
2.81915
2.66563
2.18783
1.66985
1.25771
1.12979
1.12536
1.30159
1.40416
1.5689
1.51304
1.54468
1.45708
1.51133
1.48229
1.58796
1.63072
1.63981
1.60549
1.5685
1.80488
2.93746
4.9746
7.78643
7.54319
4.07283
1.33034
2.21584
2.48155
2.78603
2.90438
2.79234
2.59722
2.3415
2.13222
1.80497
1.62205
1.44038
1.33536
1.29758
1.25773
1.19375
1.1245
1.0736
1.04989
1.05941
1.09963
1.17031
1.23512
1.27023
1.27905
1.26428
1.22615
1.20718
1.19255
1.17318
1.14015
2.93323
2.19502
2.18688
2.58101
3.13124
3.5481
3.99562
3.99181
3.83667
3.82892
3.63607
3.74439
3.66049
3.72721
3.73984
3.77093
3.8871
3.77714
3.64051
3.36929
3.05831
2.82638
2.42566
2.13248
1.87611
1.78029
1.84449
1.83423
1.60401
1.22509
1.12889
1.42389
1.45945
1.54758
1.29793
1.21594
1.21514
1.36224
1.66139
2.06964
2.28698
2.48559
2.60723
2.65651
2.67711
2.7497
2.84441
3.05499
3.34795
3.40805
3.17136
3.57514
3.55485
3.69804
3.68834
3.40177
2.64059
1.89913
1.7051
2.02757
2.87236
1.69782
1.27002
1.4266
1.58296
1.60225
1.61004
1.57411
1.49028
1.30227
1.11368
0.966038
0.901594
0.94396
0.94218
0.916802
0.927496
0.921878
0.901669
0.875847
0.860583
0.872932
0.904651
0.956884
1.0213
1.13825
1.29622
1.42167
1.31397
0.754623
0.851836
0.959779
1.15358
1.46527
1.59928
1.62898
2.04119
1.86708
1.60927
1.61867
1.63132
1.63529
1.63255
1.62673
1.61879
1.6113
1.57282
1.50222
1.47785
1.56944
2.07167
2.41805
1.78507
2.15139
2.0759
3.33801
4.62818
5.07891
4.45417
3.51171
0.847667
0.726909
1.3163
1.61443
1.58226
1.57057
1.57089
1.58381
1.58994
1.59416
1.58873
1.58972
1.5987
1.60329
1.60454
1.60377
1.59665
1.5984
1.59629
1.59493
1.60791
1.6224
1.61171
1.57714
1.61214
1.60857
1.54406
1.63465
1.40619
0.669574
1.94622
1.8395
1.50492
1.83925
3.36706
4.55144
4.56791
4.80163
5.14168
6.17655
6.30596
6.85218
6.60303
6.74807
6.6743
6.14938
5.9818
6.03041
6.43894
6.68042
6.5926
5.89777
4.74575
3.52497
2.55416
2.01372
2.33208
4.07343
4.83065
5.22552
1.18259
1.68626
2.69362
3.9274
4.19661
4.68109
4.90024
5.78259
5.89384
6.37232
5.58022
5.61998
4.88512
4.59095
3.83674
3.18078
3.0045
3.16062
2.64687
1.63172
1.07597
0.941575
0.835587
0.810127
0.780264
0.789425
0.980289
1.27634
1.52431
2.11531
0.9179
2.43771
4.03381
4.20201
4.11455
4.03331
4.11142
4.14963
4.42536
4.34902
4.35031
3.8425
3.65986
3.31036
3.22444
3.13649
3.2355
3.37031
3.51829
3.62469
3.85027
3.96762
4.16514
4.40021
4.43948
4.3972
4.58745
3.28655
1.5943
0.929353
1.25513
1.7258
1.85607
2.21677
2.79085
4.01112
4.67001
4.80507
5.06352
5.31708
5.39779
5.65071
6.00372
6.19718
6.45741
6.56771
6.50245
6.2485
5.94347
5.8248
5.55239
5.63608
5.70226
6.04884
6.03113
6.16774
6.02782
4.05924
2.31025
1.34023
19.4079
14.7888
11.7927
10.3722
9.50927
9.76031
9.72223
10.2132
11.1001
16.9374
22.4643
23.3555
13.0152
3.1036
4.84614
2.93292
1.43956
1.06791
1.30012
2.03016
3.06029
3.94725
4.66569
5.40755
6.49911
7.3671
7.28938
6.28877
4.80482
4.04765
3.77068
4.02368
4.69287
5.59543
6.00229
5.3912
3.93688
3.09988
3.22351
3.75382
3.86491
2.62641
1.7948
2.34783
2.38893
2.17153
2.26078
2.63813
2.60094
2.29482
1.66899
1.22824
1.05828
1.04433
1.34296
1.37083
1.62814
1.52559
1.51004
1.37312
1.31982
1.32751
1.29404
1.41554
1.43597
1.44442
1.34559
1.47703
1.89148
3.42515
6.62537
8.14176
5.04502
1.41192
2.29466
2.84022
3.08813
3.00617
2.76851
2.44027
2.17322
1.97681
1.66691
1.61541
1.37881
1.34597
1.30726
1.28146
1.2425
1.18208
1.10846
1.05187
1.03326
1.05524
1.11655
1.1892
1.2339
1.25409
1.25671
1.24354
1.22816
1.21568
1.1795
1.13698
1.88372
1.59482
2.02814
2.80101
3.53232
4.07846
4.44798
4.1315
4.13818
4.18083
4.22361
4.10213
3.97284
4.04251
4.01315
4.00668
3.95031
3.8893
3.55184
3.31892
3.00584
2.77444
2.45439
2.26059
1.93269
1.88549
1.86866
1.89014
1.68916
1.27657
1.19995
1.45094
1.43999
1.4053
1.16724
1.12615
1.18832
1.43779
1.59407
1.79483
1.98908
2.08433
2.0991
2.14685
2.24232
2.34871
2.64025
3.01844
3.30467
3.27443
3.30183
3.18032
3.44945
3.66159
3.69631
3.49199
2.83496
1.97282
1.64999
2.02449
2.5672
1.64615
1.35545
1.53849
1.69137
1.61604
1.59764
1.54541
1.40696
1.21261
1.06404
0.989046
0.986917
1.0679
1.08295
1.09727
1.09697
1.06986
1.02142
0.969844
0.939509
0.967857
1.02881
1.09027
1.12342
1.20164
1.32148
1.42301
1.28697
0.741588
0.876239
1.01715
1.32006
1.579
1.62652
1.87922
1.98606
1.6734
1.63157
1.63949
1.64006
1.63665
1.79992
2.01479
1.77418
1.62949
1.62125
1.5834
1.48545
1.48367
1.66688
2.19243
1.76538
1.75774
1.76368
2.66739
4.23682
4.99059
4.59439
3.45785
0.827074
0.722485
1.49434
1.6063
1.5787
1.58353
1.59427
1.60496
1.61402
1.60841
1.59982
1.60013
1.60218
1.60247
1.60625
1.60374
1.60919
1.61106
1.60992
1.61422
1.60632
1.60826
1.63185
1.57208
1.50362
1.60681
1.61456
1.58349
1.61323
0.769373
1.95218
1.67594
1.47567
2.1805
3.79995
4.80083
4.51577
5.012
5.50188
5.74981
6.25606
6.1139
6.71756
6.41084
5.69755
4.99341
4.64932
4.99641
5.54278
6.11614
5.86722
4.58443
2.96695
1.71272
1.36527
1.32123
1.37446
4.07372
4.80109
4.40707
0.993357
1.65401
2.35919
3.79527
4.41061
4.58463
5.54657
5.38122
5.93796
5.26011
5.54904
4.74814
4.64521
4.22822
3.61855
2.74593
2.62113
2.79504
1.89948
1.1207
0.862675
0.847823
0.796613
0.801269
0.79647
0.788293
0.819855
1.01697
1.10753
1.55051
0.958398
2.81534
3.88095
3.99021
4.02401
4.16835
4.33747
4.67227
4.59045
4.68935
4.23735
4.18362
3.70518
3.5124
3.32272
3.32729
3.37885
3.40749
3.3813
3.33923
3.26712
3.38082
3.73977
3.98963
4.40326
4.77436
4.63484
4.68
2.51525
1.01183
1.23001
1.75694
2.11345
2.81091
4.02626
4.82532
5.37638
5.19798
5.51084
5.49742
5.79128
6.00786
6.2818
6.60422
6.69712
6.91055
6.80062
6.70632
6.49253
5.91503
5.66493
5.53922
5.64036
5.7879
5.66468
5.08616
5.83444
5.07777
2.52882
1.42778
16.4819
10.0792
7.79345
6.87421
6.69819
6.71784
7.45197
8.91984
11.353
18.0134
22.859
24.5176
16.5937
4.0958
4.5134
2.60048
1.12421
1.00653
1.51834
2.51429
3.71351
4.58048
5.35845
6.66073
8.38507
9.48795
8.96769
7.21127
5.46788
4.50227
4.28387
4.47059
5.30008
6.42155
6.77112
5.77676
4.08232
3.23019
3.61978
4.1179
3.69041
2.30591
1.52603
2.18921
1.85491
1.45341
1.74779
2.36102
2.56123
2.2255
1.71671
1.29263
1.05825
1.02401
1.2548
1.32894
1.48756
1.40656
1.3354
1.1715
1.14056
1.1971
1.30525
1.37416
1.45226
1.4044
1.41683
1.36201
1.58969
2.60081
5.48167
7.9545
5.78719
1.53388
2.45777
3.00406
3.07247
2.82419
2.50016
2.19633
2.04321
1.7837
1.63841
1.63537
1.43078
1.36865
1.39347
1.32165
1.27579
1.20897
1.13206
1.05294
1.02139
1.03136
1.0779
1.14515
1.19174
1.2164
1.23467
1.23922
1.23723
1.25815
1.24165
1.18047
1.39625
1.41537
2.00932
2.67774
3.23794
3.54579
3.92391
3.69692
4.11821
3.95365
4.15513
4.07301
4.2712
4.05161
4.11179
3.91483
3.76506
3.47814
3.24081
2.9922
2.85219
2.70187
2.52561
2.31925
2.10438
1.96982
1.98155
1.92331
1.71999
1.25418
1.25122
1.46684
1.42261
1.26635
1.1941
1.25204
1.36191
1.49869
1.66126
1.68461
1.71985
1.82399
1.91638
2.01357
2.09422
2.25365
2.57983
2.95732
3.14531
3.23302
2.92372
2.95933
3.09714
3.34794
3.60205
3.38692
2.72972
1.88207
1.5671
2.0374
2.48495
1.60958
1.44309
1.75881
1.61419
1.60928
1.59889
1.53671
1.41471
1.27832
1.18008
1.13473
1.1422
1.17773
1.20547
1.20637
1.1837
1.1407
1.08386
1.02357
0.999917
1.03666
1.16819
1.27487
1.30428
1.33882
1.39829
1.42857
1.21829
0.708962
0.894768
1.06391
1.4299
1.61702
1.63452
1.9694
1.89859
1.63143
1.64115
1.6472
1.64144
1.93053
2.31275
2.14196
2.11074
2.02112
1.64187
1.63382
1.539
1.45802
1.55043
1.97462
1.88368
1.57491
1.57865
2.22144
3.89449
4.91427
4.54809
3.4878
0.937199
0.808635
1.54528
1.59898
1.58701
1.59206
1.61222
1.62381
1.62219
1.62014
1.6151
1.60905
1.60483
1.60682
1.60235
1.60761
1.60878
1.61199
1.62465
1.62393
1.62049
1.61557
1.61604
1.62479
1.50609
1.48409
1.63672
1.59853
1.64255
0.936366
1.93572
1.6286
1.49919
2.48757
4.00969
4.89768
4.61505
5.0301
5.28732
5.63428
5.24172
5.61032
5.4154
5.60038
4.83888
3.79395
3.63664
4.09178
4.90949
5.27332
4.38742
2.70546
1.45445
1.07664
0.789355
0.799766
1.14193
3.04768
4.25739
4.61034
0.951094
1.23052
1.80281
3.35518
3.68176
4.44839
4.42526
4.86156
4.60253
5.15498
4.65351
4.58075
3.54981
3.91144
3.31197
2.37976
2.18672
2.29145
1.35354
0.97618
0.775651
0.977558
0.858353
0.864925
0.864443
0.825578
0.782276
0.781161
0.888951
1.11638
0.897574
2.71813
3.54724
3.57978
3.71472
4.05875
4.43005
4.27491
4.41195
4.14178
4.33674
3.94866
3.89981
3.5125
3.43002
3.39118
3.44419
3.26081
2.89301
2.50213
2.29411
2.25109
2.53053
3.19528
4.1773
4.65582
4.92624
5.23069
4.11471
1.3503
1.13332
1.78416
2.35949
3.32381
4.79499
5.49502
5.43258
5.62112
5.59381
5.83001
5.72806
5.98695
6.06593
6.29454
6.64163
6.46538
6.5075
6.66969
6.39939
6.36117
5.80135
5.4739
5.58448
5.65388
5.48678
4.32873
4.91323
5.28642
3.18405
1.48764
13.3
6.98239
5.949
6.09245
6.21223
6.3019
6.83569
8.90011
14.1612
20.5045
22.6688
19.0212
12.0061
4.6941
4.09568
1.85897
0.9541
1.12394
1.86465
2.9513
3.9739
4.63091
5.37862
6.39245
8.05716
9.50091
9.8856
8.55841
7.11549
5.99627
5.73935
6.43739
7.31819
7.75737
7.2252
5.41151
3.83379
3.67798
4.07848
3.84498
2.69695
1.57062
1.22835
1.93357
1.63983
1.31072
1.34201
2.15176
2.57236
2.24134
1.73898
1.35633
1.05468
1.00446
0.992851
1.18971
1.1441
1.17338
1.10348
1.20724
1.34532
1.57922
1.60365
1.67714
1.60295
1.74272
1.64421
1.58163
1.64309
2.47098
4.74257
7.78782
5.99117
1.69125
2.71768
3.04986
2.92682
2.62348
2.27173
2.12766
1.90541
1.77759
1.78166
1.6305
1.54524
1.50082
1.34842
1.29794
1.2662
1.27579
1.17231
1.03724
1.00441
1.01181
1.05199
1.1006
1.14277
1.17129
1.20169
1.22462
1.24222
1.43669
1.38346
1.47994
1.17114
1.26413
1.7178
2.08399
2.41001
2.59782
2.94844
2.95731
3.44821
3.35533
3.59464
3.65318
3.52348
3.73588
3.55263
3.51016
3.31395
3.21484
3.12108
3.11042
2.93938
2.91565
2.59592
2.50036
2.24437
2.1373
1.98936
1.89968
1.66271
1.19848
1.29753
1.46796
1.3823
1.27286
1.29208
1.39844
1.47158
1.49728
1.56165
1.58117
1.48831
1.50124
1.55067
1.65105
1.8187
2.10808
2.48054
2.87659
3.15053
2.90252
2.9017
2.74056
2.98539
3.32531
3.32637
3.1596
2.50767
1.70407
1.48463
2.02594
2.30017
1.4237
1.58489
1.66062
1.66703
1.61703
1.5977
1.5695
1.50136
1.44648
1.37396
1.3169
1.29101
1.29064
1.29031
1.26813
1.22063
1.15876
1.09543
1.04079
1.02835
1.10252
1.27717
1.4173
1.46504
1.47024
1.45992
1.40254
1.1068
0.672691
0.906998
1.10023
1.48498
1.62853
1.76512
1.99808
1.8901
1.63726
1.64397
1.64608
1.69393
2.12448
2.05748
2.10895
2.26414
1.87439
1.656
1.64758
1.59219
1.46214
1.51269
1.79815
2.0994
1.46899
1.53385
1.8953
3.54274
4.82202
4.48269
3.49296
0.939945
0.84667
1.55845
1.6039
1.59055
1.60495
1.61995
1.63077
1.63245
1.62492
1.62356
1.72507
1.78655
1.71386
1.6079
1.61259
1.60978
1.62578
1.63239
1.63043
1.63545
1.62921
1.61399
1.63997
1.55311
1.47513
1.58671
1.64037
1.64669
1.16751
1.94019
1.57987
1.48718
2.5824
4.18039
4.79981
4.97298
5.22516
5.51451
5.59372
5.55495
5.30705
5.42841
4.50006
3.50629
2.8071
2.99455
3.58463
4.50132
4.77963
3.49342
1.63885
1.13501
0.641015
0.528735
0.538759
0.836398
2.02153
4.20198
3.73832
0.918493
1.28362
1.69495
2.60251
3.72686
3.99067
4.35318
4.522
4.64167
4.32184
4.4407
3.74719
3.36028
3.65798
3.35951
2.17765
2.48857
2.1339
1.28576
0.893878
0.934829
0.891319
0.890401
0.8859
0.84212
0.843929
0.793818
0.777742
0.885111
1.04928
0.875236
2.45386
3.03418
3.26012
3.90657
4.42483
4.44856
4.49905
3.99831
4.24038
3.91062
4.1178
3.7821
3.59507
3.36685
3.41929
3.30597
2.72168
2.07369
1.84928
1.7534
1.77635
1.71684
2.24337
3.2843
4.53564
5.29732
5.26771
4.82034
1.65376
1.15372
1.86209
2.71038
4.07941
5.37023
5.49822
5.96189
5.67976
6.0291
5.75856
5.92169
5.63043
5.99993
6.22618
6.21904
6.41054
6.48245
5.99602
6.21927
6.3698
6.18178
5.52871
5.45874
5.52365
5.49713
3.8342
3.9349
4.10512
2.55429
1.49867
12.0852
6.21632
5.71033
6.17451
6.6615
6.75271
7.55028
11.3173
18.4442
20.7155
14.6573
8.13183
5.88173
5.2001
3.84537
1.37411
0.958392
1.35179
2.05494
2.86912
3.52457
3.9551
4.29361
4.78131
5.61519
6.92137
8.37932
9.00059
8.901
8.53733
8.38873
8.32773
8.33847
7.64231
6.09102
4.5329
4.05763
3.905
3.48272
2.46402
1.6063
1.20047
1.18904
1.90369
1.2073
1.3418
1.35235
2.11762
2.64516
2.37159
1.705
1.43754
1.0412
1.06395
0.956329
1.08595
0.988226
1.1664
1.42396
1.74386
1.83757
1.63897
1.52446
1.42542
1.50826
1.47832
1.64905
1.62255
1.85739
2.48712
4.65243
7.55669
5.70861
1.72505
2.58715
3.02132
2.8495
2.42647
2.24064
1.99715
1.88517
1.92802
1.73518
1.7205
1.58464
1.4662
1.48642
1.45401
1.3915
1.30242
1.17586
0.999705
0.985
0.997124
1.02457
1.05847
1.09567
1.13453
1.18068
1.22512
1.24646
1.53349
1.86278
1.88501
1.02658
1.07082
1.28053
1.44731
1.57659
1.65137
1.75825
1.79624
1.96812
2.12276
2.41616
2.64967
2.81032
2.73482
2.84081
2.67024
2.6633
2.55368
2.50005
2.55865
2.57425
2.66136
2.683
2.47019
2.29307
2.0907
1.94556
1.78032
1.44805
1.11889
1.32925
1.47636
1.38248
1.33933
1.42631
1.50682
1.7603
1.7512
1.51682
1.48977
1.46754
1.47582
1.51351
1.69973
1.93725
2.11014
2.38433
2.83427
2.91925
2.89489
2.58145
2.84475
3.1068
3.14607
3.13273
2.76298
2.15471
1.52128
1.50616
2.09633
1.99643
1.53398
1.61505
1.9206
1.61467
1.61035
1.61332
1.60055
1.58092
1.55741
1.52117
1.46936
1.41995
1.38423
1.36069
1.32496
1.25742
1.1693
1.08854
1.04103
1.04524
1.13459
1.32807
1.4553
1.48434
1.48134
1.4282
1.2775
0.942661
0.63798
0.915398
1.11299
1.49798
1.63047
1.84683
2.05868
1.9611
1.64162
1.64609
1.63672
1.67599
1.76937
1.68208
1.97434
1.73531
1.69205
1.65492
1.65527
1.61047
1.4669
1.46446
1.62805
2.08949
1.60056
1.53906
1.70693
3.53585
4.62884
4.33452
3.41873
1.12541
0.846632
1.52691
1.60051
1.59084
1.60818
1.62168
1.63112
1.63114
1.63322
1.62478
1.70587
1.89835
1.81608
1.6175
1.60977
1.62199
1.63296
1.63305
1.63453
1.63098
1.63549
1.63073
1.6195
1.61069
1.50734
1.56522
1.62708
1.62735
1.37718
1.91322
1.58762
1.44323
2.3909
4.00915
4.89915
5.09023
5.38275
5.48402
5.51623
5.39544
5.09349
4.91244
3.81447
2.51639
2.44687
2.60143
3.27906
3.93445
3.56189
1.99511
1.42343
0.768814
0.55578
0.591483
0.51113
0.692665
1.23876
3.71008
3.58796
0.699518
1.04092
1.24956
2.09867
3.26908
4.00463
4.17946
4.48507
4.33529
4.29941
3.77833
3.26416
2.70946
3.58251
3.08061
2.24356
2.5746
2.45859
1.23596
0.898012
0.841065
1.08099
0.904781
0.889154
0.838297
0.823223
0.782867
0.794482
0.896158
1.04754
0.895718
1.7679
2.5495
3.21841
3.71963
3.777
3.97623
3.71723
3.80665
3.47991
3.87273
3.85701
3.9021
3.55179
3.34522
3.53111
3.17684
2.15838
1.90535
1.96769
1.9119
1.81859
1.80474
1.95458
2.77925
4.48132
5.18227
5.31269
5.11961
1.8892
1.00117
1.90407
2.92999
4.77526
5.42426
5.846
5.89784
6.00764
6.00101
5.53496
5.52761
5.5821
5.53382
5.87107
6.21332
6.58272
6.11058
5.84032
5.94653
5.9975
6.44512
5.92804
5.39587
5.50331
5.43419
3.53906
2.97405
2.8034
2.21561
1.9843
9.85023
5.13349
5.30049
6.16156
7.17582
7.94326
9.99936
15.8466
19.8993
16.5195
10.043
6.20101
3.95076
2.92128
2.27927
1.91473
1.76641
0.88908
1.02888
1.4369
1.88743
2.33064
2.70205
2.93178
3.05407
3.22044
3.44442
4.11528
4.96364
6.40898
7.38438
7.94512
8.07814
7.95587
7.28201
6.19481
4.88293
4.12118
3.7014
2.95897
2.08827
1.58547
1.38744
1.2602
1.1687
1.44808
1.42503
2.12298
1.20915
1.37536
1.35721
1.84848
2.78815
2.43432
1.75915
1.42958
1.04565
1.07844
0.921503
1.14029
1.31792
1.58209
1.76583
1.64961
1.4828
1.46999
1.54733
1.70112
1.61095
1.55985
1.44745
1.71277
1.89807
2.7615
4.80311
7.52327
5.16973
1.48268
1.21207
1.66647
2.28615
2.67542
2.63382
2.46178
2.13735
1.95896
1.93171
1.81706
1.71821
1.52995
1.33672
1.32965
1.30875
1.30358
1.30573
1.20596
1.06165
0.965337
0.963335
0.977253
1.00397
1.03191
1.07723
1.12857
1.18646
1.21875
2.03843
2.7085
2.49216
1.55902
1.25578
1.05381
0.863572
0.907257
0.945546
0.967413
0.977477
0.983935
0.992916
1.00006
0.995751
1.01539
1.02443
1.11261
1.18348
1.27468
1.34334
1.48619
1.49726
1.69642
1.87447
2.04816
2.21795
2.24348
2.1916
2.17881
2.01329
1.87994
1.78377
1.6243
1.39666
1.13665
1.09702
1.20838
1.37411
1.4629
1.39537
1.42181
1.50844
1.90737
1.91449
1.83478
1.71911
1.50294
1.45612
1.4441
1.48237
1.54409
1.75408
1.99129
2.29831
2.59763
2.91977
2.74798
2.50411
2.60447
2.83335
2.86757
2.74168
2.3891
1.80297
1.46776
1.57808
2.36241
2.06819
1.5626
1.73524
1.47179
1.80614
1.86765
1.72843
1.61546
1.61185
1.64677
1.63446
1.82063
1.71057
1.68455
1.55817
1.47514
1.43736
1.40274
1.33155
1.21931
1.10425
1.03779
1.04346
1.12414
1.27167
1.40469
1.42259
1.32949
1.19677
1.02497
0.805755
0.628929
0.738567
0.886228
0.922452
1.09845
1.47052
1.62616
1.84194
2.10791
2.04624
1.69412
1.64414
1.64385
1.6493
1.6493
1.655
1.66673
1.6707
1.67601
1.6644
1.65823
1.62434
1.45118
1.41617
1.57561
2.50638
1.79109
1.51924
1.72407
3.42765
4.52714
4.15739
3.54995
2.88855
2.02976
1.30922
0.912461
1.4735
1.59625
1.59269
1.60388
1.61791
1.62835
1.63528
1.6302
1.62661
1.70451
1.84507
1.63174
1.6178
1.62371
1.64143
1.64307
1.65057
1.63897
1.63444
1.64549
1.64124
1.60464
1.6455
1.51795
1.53587
1.52136
1.51948
1.3488
1.28186
1.38681
1.66214
1.55035
1.40531
1.89219
3.28306
4.83401
5.16402
5.19718
5.3732
5.3405
5.06275
4.89508
4.01707
2.79942
2.14918
2.13915
2.57926
3.21102
3.81225
3.09182
1.54782
1.26036
0.646645
0.622959
0.656589
0.664428
0.652309
0.979991
2.78068
3.81211
1.80939
1.09762
0.789504
1.07118
1.19486
1.73908
2.59696
3.08981
3.4746
3.56575
3.44987
2.92946
2.72411
2.48391
2.94776
3.96282
3.43709
2.54527
3.12909
2.26739
1.23036
0.843531
0.950041
0.901847
1.03569
0.932158
0.905635
0.802887
0.797913
0.826357
0.916055
1.03084
1.04586
0.888082
1.02059
1.52365
2.50357
3.14289
3.6409
4.10396
4.01588
3.96362
3.65679
3.45395
3.55333
3.93308
3.99451
3.40035
3.44086
3.58613
2.69697
1.92162
1.94063
1.97979
1.86689
1.87172
1.8369
2.02494
2.66427
4.15914
5.3488
5.51788
4.44454
2.03727
1.64502
0.828528
1.18771
2.09073
3.49001
4.94762
5.64526
5.7793
6.0975
6.3216
5.81813
5.85184
5.38931
5.58279
5.82233
6.02543
6.12144
6.33064
6.1732
5.94696
5.60348
5.85218
6.24513
6.21457
5.449
5.44029
5.59884
4.02263
2.74353
2.63575
3.3647
5.36265
6.13622
5.89582
10.1146
5.24559
5.3288
6.352
7.49548
9.43
11.9717
16.8592
21.2019
21.0767
15.0785
7.5158
3.70048
2.0218
1.31189
1.04309
0.978963
0.889572
1.09654
1.36181
1.61014
1.8783
2.08293
2.23877
2.30609
2.33223
2.30969
2.48025
2.6246
3.16511
3.91268
4.57159
5.31039
5.23909
5.0328
4.35328
3.8113
3.24009
2.46575
1.87866
1.69878
1.73555
1.95887
1.95648
1.73918
1.79784
1.95065
1.96563
1.32843
1.41159
1.36224
1.62543
2.59549
2.66046
1.99273
1.48909
1.18464
1.22069
1.16491
1.38027
1.53352
1.72181
1.67786
1.60367
1.42757
1.40182
1.44709
1.64882
1.74396
1.59392
1.42223
1.64952
2.26429
3.42106
5.74799
7.15361
3.96162
1.45521
1.23345
1.62267
2.45476
2.60187
2.6468
2.47881
2.17858
2.00872
1.82363
1.642
1.58681
1.23633
1.30991
1.19261
1.2513
1.22141
1.1931
1.07818
0.949671
0.948576
0.95655
0.97822
1.00841
1.04845
1.10543
1.16349
1.22433
2.02937
2.31281
1.87209
1.13496
0.964224
0.881334
0.856619
0.860552
0.887784
0.915104
0.938555
0.963551
0.994567
1.02714
1.04809
1.05
1.04015
1.01916
0.982143
0.941923
0.895178
0.926745
0.993909
1.15261
1.17631
1.30754
1.42729
1.5636
1.6931
1.79055
1.73578
1.74289
1.7045
1.59779
1.41429
1.17476
1.08883
1.14029
1.27072
1.41404
1.47161
1.4491
1.51698
1.84758
2.20925
2.0012
1.72743
1.65124
1.56277
1.45877
1.41057
1.42992
1.49385
1.76209
1.96926
2.11302
2.40975
2.70692
2.84521
2.50746
2.35546
2.39913
2.54023
2.31171
1.94973
1.60219
1.5559
2.05369
2.41779
1.88525
1.66493
1.55016
1.49364
1.88204
1.99197
1.76231
1.6849
1.79165
1.81769
2.03231
2.13581
2.10491
2.24061
1.86492
1.73976
1.51141
1.48118
1.43262
1.32994
1.16326
1.04009
1.00663
1.05045
1.11809
1.15175
1.07807
0.966869
0.844216
0.758176
0.704578
0.637954
0.759172
0.894081
0.936774
1.08188
1.41658
1.61535
1.78029
2.12176
2.10959
1.98727
1.66395
1.65446
1.6505
1.66943
1.66301
1.6735
1.67505
1.67875
1.66462
1.6753
1.58971
1.4216
1.36322
1.7171
2.71006
2.08391
1.71911
1.74668
3.03791
4.52042
3.9152
3.31884
2.35651
1.70629
1.31745
1.03638
1.37552
1.58656
1.58705
1.59901
1.60923
1.61521
1.62233
1.6298
1.62485
1.70911
1.64287
1.61796
1.6223
1.64482
1.64006
1.65281
1.64776
1.62163
1.62003
1.63813
1.64471
1.6012
1.64289
1.51407
1.49431
1.43825
1.14877
1.00573
1.24566
1.47038
1.69645
1.63165
1.51021
1.51902
2.18777
3.37374
4.80227
4.96988
5.11325
5.00702
4.90326
4.19068
3.01298
2.25819
2.03768
2.39619
2.6848
3.20774
3.5331
2.43129
1.55058
1.13461
0.619181
0.716005
0.754387
0.854854
0.79065
0.978367
1.79089
2.67505
1.4205
1.11963
0.939666
1.20086
1.15698
1.38833
1.84373
2.08951
2.2012
2.18181
2.04296
2.0712
2.0825
2.43571
2.99957
4.14759
3.09979
2.79543
3.26152
2.7488
1.25665
0.910759
0.726231
0.939295
0.944877
1.18136
0.977174
1.0889
1.03242
1.17041
1.17663
1.57674
1.49402
1.29444
1.13224
1.79336
2.66732
3.24167
3.7745
4.25054
4.44613
4.22211
3.80461
3.27881
3.49755
4.01146
3.90185
3.90165
3.84605
3.62951
2.69402
2.29156
2.47076
2.25888
1.95928
1.78868
1.93268
2.04228
2.62942
4.57569
5.488
5.40538
3.25302
1.69024
1.21041
1.06871
1.52461
2.65114
4.08389
5.28212
5.4885
5.79981
6.29598
6.26905
6.19163
5.85375
5.65941
5.52177
5.92294
5.71677
6.08567
6.01698
6.37158
5.8932
5.66839
5.68835
6.19664
6.32793
5.59444
5.36898
5.5387
5.0748
3.25827
3.67555
4.94366
5.9089
6.25941
6.37939
9.32162
4.70618
4.94248
5.72316
6.902
9.41294
13.7248
18.369
21.851
22.4364
18.1695
8.67366
3.86446
2.20455
1.31323
1.10138
1.04601
1.04767
1.15726
1.30273
1.51731
1.76891
2.02987
2.21539
2.2946
2.27008
2.18627
2.04727
2.02772
2.03371
2.15307
2.41873
2.76187
2.9474
3.01613
2.79514
2.50656
2.00804
1.77679
1.81904
2.13642
2.35113
2.56813
2.53812
2.43408
2.18758
2.17518
1.3302
1.38579
1.39636
1.38034
1.27578
2.37951
2.70663
2.32111
1.70322
1.53278
1.3802
1.38778
1.5844
1.69809
1.83294
1.85613
1.69797
1.5034
1.36432
1.42503
1.66858
2.09248
2.29903
2.21232
2.55886
3.50402
4.7036
6.24162
5.91836
2.54754
1.27144
1.38005
1.65361
2.18333
2.59195
2.59751
2.53893
2.43951
2.04573
1.85797
1.55019
1.40735
1.21746
1.26564
1.20013
1.10454
1.12093
1.06915
0.964253
0.974321
0.985629
1.01502
1.04912
1.09607
1.14455
1.20825
1.33181
1.81823
2.42391
2.0488
1.44981
1.11496
0.990841
0.898762
0.856652
0.85418
0.868493
0.893887
0.934159
1.00156
1.09775
1.20022
1.27944
1.31646
1.31501
1.28621
1.23112
1.15164
1.06366
0.972468
0.895842
0.915765
1.04967
1.09915
1.25494
1.34988
1.43172
1.50129
1.5417
1.4538
1.2741
1.10807
1.13535
1.14875
1.17702
1.25145
1.36159
1.44564
1.48082
1.49659
1.79427
2.43218
2.74173
2.35221
1.76193
1.58017
1.6162
1.48679
1.40781
1.38525
1.43319
1.60173
1.82455
1.94501
2.12383
2.4439
2.70741
2.58615
2.38076
2.36505
2.31321
2.35443
1.99081
1.85491
2.06245
2.28809
2.43741
1.73538
1.57627
1.53811
1.5289
1.93014
1.96619
1.87637
1.82626
1.85295
2.01182
2.00444
2.10165
2.39865
2.34498
2.59701
2.20949
1.83382
1.85175
1.52674
1.45387
1.28487
1.0871
0.974134
0.953459
0.961389
0.90854
0.785881
0.67434
0.643434
0.663812
0.680542
0.689827
0.827044
0.910236
0.95125
1.08695
1.37007
1.59462
1.63406
2.03588
2.16068
2.10562
1.83304
1.81797
1.66723
1.67068
1.66967
1.67118
1.67677
1.67112
1.67939
1.65385
1.53332
1.35661
1.3022
1.64867
3.07815
2.74225
1.92419
1.81261
2.75024
4.51092
3.80346
3.30442
2.68353
1.888
1.50755
1.22522
1.14739
1.50728
1.58963
1.59213
1.60134
1.61185
1.61421
1.61391
1.61776
1.61278
1.61775
1.61468
1.64262
1.64988
1.66006
1.66664
1.64029
1.60797
1.61303
1.64332
1.65106
1.59244
1.61571
1.55629
1.44634
1.51041
1.14259
1.03336
1.16969
1.52186
1.6401
1.67264
1.6562
1.55351
1.58498
2.04391
2.92578
3.79188
4.13625
4.21578
3.66753
2.78197
2.32064
1.98328
2.25859
2.44598
2.82764
3.35218
3.25189
2.04449
1.55387
1.11714
0.642169
0.690336
0.863699
0.988442
1.1198
1.08677
1.24396
1.39872
1.12729
1.05144
1.23074
1.41113
1.38017
1.41683
1.4969
1.5609
1.65324
1.6334
1.70294
1.75475
2.10586
2.59335
4.11418
4.34089
3.10033
2.92248
3.7434
2.78261
1.6768
0.983588
0.834427
0.650805
0.816605
0.883888
1.33075
1.51029
1.56481
1.48568
1.48687
1.58376
1.20921
1.14275
1.25324
2.51746
3.38299
3.97951
4.3933
4.41749
4.0672
3.71975
3.4991
3.52829
3.89656
4.10958
4.2987
4.01645
3.96778
4.06075
2.95864
2.4871
2.7539
2.52504
2.01897
1.85264
1.94732
2.27563
3.58338
5.07322
5.50779
5.28981
2.84889
1.51322
1.14628
1.2927
2.0574
3.30372
4.77272
5.20042
5.44347
5.73275
6.09924
6.46209
6.48694
6.11787
5.63945
5.85416
5.70501
6.41029
6.15106
6.68776
6.37517
5.98523
5.55878
5.79017
6.12975
6.27325
5.64419
5.42599
5.40427
5.56784
4.65171
4.39855
5.40336
5.98203
6.26112
6.49052
9.87621
5.0677
4.66138
5.46164
6.04161
7.57561
11.0489
15.9472
19.5627
20.0201
15.0955
7.56087
3.94864
2.7404
2.04655
1.90677
1.65019
1.48499
1.37275
1.40988
1.59426
1.91993
2.24994
2.49893
2.62023
2.60659
2.38368
2.21919
1.96042
1.84249
1.789
1.74689
1.83176
1.8497
1.91304
1.84894
1.79562
1.74734
1.94516
2.33359
2.51898
2.27578
2.39872
2.19281
2.46829
2.1112
1.60796
1.33845
1.35416
1.37912
1.3986
1.31723
1.89546
2.7547
2.53837
1.98829
1.68416
1.59789
1.56539
1.72692
1.87246
1.92348
1.93333
1.74742
1.50664
1.469
1.38292
1.29711
1.8746
2.76073
3.42095
4.06979
4.64994
5.26346
5.28306
3.42224
1.69123
1.08878
1.47747
1.74168
2.03948
2.27839
2.44509
2.59241
2.58318
2.33359
2.03526
1.45207
1.33603
1.24239
1.19717
1.13607
1.17456
1.12005
1.08874
1.05957
1.07642
1.13576
1.18827
1.24668
1.29455
1.45113
1.71755
2.29023
2.4402
2.37381
2.3461
1.88477
1.37519
1.10128
0.969603
0.892398
0.86454
0.865176
0.892697
0.961517
1.08523
1.24816
1.38331
1.464
1.49804
1.50613
1.48823
1.45517
1.39062
1.30026
1.19709
1.09252
1.01037
0.956112
0.930502
0.924603
0.990561
1.05131
1.00975
1.05393
1.09543
1.14274
1.19784
1.25161
1.28654
1.31555
1.36635
1.43029
1.48665
1.52157
1.5568
2.07797
2.7517
3.0282
2.66184
1.70792
1.58139
1.56459
1.55009
1.43848
1.37027
1.36971
1.44851
1.65382
1.7502
1.8211
2.02976
2.3504
2.54736
2.71155
2.51738
2.60372
2.55101
2.59217
2.42283
2.42101
2.66388
2.06422
1.75458
1.55836
1.53392
1.55718
1.81513
1.87847
1.82733
1.87897
2.01627
2.01279
2.00423
2.15777
2.01431
2.4783
2.54844
2.7473
2.85501
2.1383
2.15911
2.09721
1.46146
1.18049
0.9746
0.885113
0.83923
0.777654
0.691226
0.618675
0.591796
0.607987
0.669756
0.733315
0.824109
0.902631
0.937449
1.0225
1.26877
1.52892
1.62391
1.72918
2.06707
1.97292
2.02114
1.78518
1.67351
1.67607
1.67468
1.67385
1.66839
1.6762
1.65607
1.59453
1.42738
1.24829
1.26538
1.72004
3.5899
3.58935
2.25806
1.89784
2.44415
4.22624
3.87948
3.43952
3.37065
2.83379
2.22855
1.79096
1.31095
1.14895
1.46587
1.57745
1.60233
1.60251
1.60838
1.61148
1.60836
1.61769
1.61381
1.636
1.65638
1.65581
1.67024
1.64999
1.60585
1.5739
1.59906
1.64492
1.63939
1.56814
1.58153
1.57703
1.40668
1.50623
1.41021
1.10397
1.3389
1.44442
1.58366
1.62496
1.62758
1.5761
1.5427
1.56007
1.81108
2.24876
2.53588
2.55918
2.35388
2.17607
2.08379
2.25238
2.39323
2.62187
2.95721
3.28004
2.82274
1.81982
1.5548
1.24328
0.754933
0.761846
0.97965
1.28508
1.35069
1.42527
1.32242
1.29967
1.2488
1.39777
1.7173
1.91831
1.87799
1.8809
1.863
1.82752
1.81689
1.88967
1.97227
2.25519
2.84163
4.02122
4.47807
3.9976
2.72629
3.37188
3.86957
3.55038
2.19842
1.34122
0.871522
0.79271
0.702253
0.984362
1.00382
1.16562
1.11956
1.03498
1.086
1.20637
1.11577
1.17534
2.08124
3.67377
4.24156
4.54697
4.72475
4.65847
4.4196
4.23851
4.21258
4.14494
4.11982
4.37902
4.43725
4.13212
4.19506
4.46319
3.16285
2.54286
2.89971
2.99973
2.71899
2.52049
2.79506
3.68375
4.87157
5.30638
5.47758
4.41756
1.94228
1.20806
1.08044
1.35587
2.28252
3.93028
4.87122
5.24892
5.38478
5.42277
5.83732
6.3682
6.53943
6.34058
6.42425
6.07031
6.49342
6.0464
6.41532
6.31095
6.28135
5.75366
5.74056
5.86006
6.24425
6.18788
5.63477
5.36557
5.45488
5.4404
5.58964
4.8428
5.53213
6.04367
6.0812
6.35542
10.0421
5.03815
4.3838
4.92282
5.25168
5.58618
6.56722
7.87401
9.29471
9.35229
7.64774
5.29048
3.98944
3.52439
3.42013
3.45413
3.40789
3.03598
2.34479
1.75579
1.60413
1.78076
2.07345
2.35291
2.55787
2.52972
2.56699
2.3399
2.20636
1.98702
1.81527
1.70319
1.67851
1.68154
1.71228
1.76753
1.84355
2.05954
2.55449
2.76844
2.70327
2.25743
2.32462
1.92427
2.02076
1.74207
1.80245
1.60353
1.5149
1.32859
1.39462
1.35535
1.24698
2.27163
2.53557
2.21166
1.93889
1.69883
1.76606
1.83227
1.9552
2.07347
2.02628
1.85278
1.52874
1.52009
1.49673
1.40502
1.25738
1.69677
2.54717
3.3626
3.69574
3.5807
2.90684
1.84676
1.28131
1.25088
1.51853
1.69005
1.97057
2.21269
2.36735
2.47522
2.6036
2.55041
2.36078
1.66058
1.45304
1.24512
1.22706
1.19729
1.19773
1.28675
1.36096
1.37239
1.40221
1.38372
1.64153
1.73886
2.06225
2.4189
2.52311
2.7268
2.91884
2.5904
2.99188
2.69595
2.33539
1.49932
1.12452
0.991854
0.920514
0.903901
0.945494
1.05327
1.22371
1.39139
1.49137
1.53716
1.55635
1.55966
1.558
1.53744
1.50832
1.46307
1.39688
1.31953
1.24146
1.1758
1.13457
1.10666
1.10476
1.11611
1.14415
1.19424
1.25872
1.32828
1.37967
1.40265
1.41159
1.42272
1.45095
1.48968
1.51972
1.55582
2.09047
2.74278
3.28896
3.37956
2.974
1.77859
1.57621
1.56689
1.60386
1.56874
1.40105
1.34798
1.34865
1.48425
1.57935
1.57476
1.63278
1.79139
2.08218
2.42825
2.68953
2.86807
3.01248
2.92706
3.03798
2.87086
2.30126
2.08527
1.71016
1.54143
1.54327
1.6025
1.69397
1.6997
1.69256
1.78735
1.91526
2.00164
2.10356
1.96463
2.29131
2.19183
2.36732
3.04721
3.07514
3.23699
2.99678
2.55415
2.27832
1.53177
1.03651
0.879993
0.800863
0.741818
0.679943
0.635189
0.616616
0.628855
0.693269
0.772917
0.829017
0.863429
0.898409
0.927538
1.0446
1.32507
1.53532
1.61624
1.63815
1.70709
1.66717
1.66392
1.67381
1.66855
1.67464
1.66672
1.66478
1.63526
1.56204
1.43226
1.23724
1.15476
1.22888
1.9115
4.05701
4.22963
2.66839
2.00796
2.2318
3.23777
4.05059
3.46784
3.5955
3.64938
3.16364
2.34684
1.71173
1.29335
1.05784
1.3159
1.49588
1.57303
1.59668
1.60448
1.61482
1.61904
1.62856
1.65177
1.64396
1.65548
1.62752
1.59657
1.54714
1.54846
1.5948
1.65289
1.61716
1.52163
1.55112
1.61679
1.3819
1.36499
1.41856
1.28753
1.46744
1.55316
1.67422
1.58616
1.47974
1.37601
1.41494
1.3935
1.46599
1.6675
1.82124
1.96093
2.10633
2.09799
2.27429
2.31198
2.45659
2.62241
2.85779
3.29639
2.73164
1.61064
1.5431
1.46033
1.1009
0.836274
0.81679
1.00907
1.41198
1.60505
1.72991
1.78157
1.92729
2.23547
2.73732
3.16157
3.41569
3.58064
3.58282
3.58137
3.4942
3.56738
3.70014
3.9815
4.38561
4.60093
4.327
3.14493
2.62722
3.40188
4.19313
3.73964
3.29976
2.25668
1.61498
1.1677
1.14897
1.0706
1.26353
1.20494
1.06972
0.898366
0.948133
1.02272
1.22183
2.09259
3.49388
4.58128
4.90938
4.96929
4.89325
4.64692
4.38402
4.21429
4.00271
3.93412
4.17728
4.47188
4.43983
4.32644
4.51179
4.82363
3.51546
2.61279
2.75764
3.10521
3.32373
3.62179
4.04039
4.45674
4.74815
4.58199
3.55665
1.86411
1.27085
1.0952
1.11726
1.4577
2.31623
4.21446
5.00812
5.21358
5.1453
5.2333
5.45998
5.81851
6.20514
6.57596
6.48708
6.96179
6.84461
7.11828
6.95267
6.66331
5.99166
5.83695
5.75973
6.13832
6.26995
5.99442
5.49218
5.44174
5.42607
5.40397
5.37728
5.48364
5.42634
5.79475
5.92931
6.37919
10.516
5.62657
4.32535
4.29997
4.79423
4.70112
4.55234
4.36358
4.15216
3.91207
3.74945
3.62768
3.69558
3.92366
4.35539
4.65812
5.09697
5.27478
4.85994
3.66889
2.40451
1.81711
1.6415
1.78107
1.95034
2.22112
2.28895
2.41308
2.32236
2.23723
2.12581
1.94567
1.91115
1.89635
2.00424
2.11787
2.37113
2.69706
3.12761
3.08517
3.03935
2.77748
2.7749
2.61719
2.68459
2.44602
2.62743
2.34031
2.37363
1.50716
1.34959
1.39529
1.31088
1.36946
1.98288
2.17199
2.12497
1.88568
1.79039
1.90142
1.92626
1.99035
1.96401
1.82072
1.48547
1.50313
1.52438
1.52289
1.46769
1.31862
1.17162
1.44034
1.61413
1.65664
1.36271
1.11092
1.22297
1.4108
1.52826
1.75771
1.9586
2.17936
2.30316
2.43003
2.49059
2.59948
2.51284
2.24153
1.55997
1.34571
1.22791
1.21321
1.27158
1.32948
1.39331
1.39355
1.49748
1.35436
1.6388
1.64539
1.98436
2.25356
2.56415
2.50192
2.96668
2.64268
2.94885
2.9009
2.79798
2.58305
1.92574
1.19265
1.05682
1.01046
1.06128
1.18853
1.34423
1.46497
1.52288
1.55195
1.56139
1.57024
1.56916
1.56631
1.54894
1.52845
1.50215
1.45564
1.41576
1.35691
1.32015
1.29217
1.28982
1.31523
1.35122
1.40103
1.44108
1.46639
1.47806
1.48204
1.48406
1.49268
1.51063
1.53042
1.60145
2.04794
2.37362
2.70153
2.8435
2.68256
2.26905
1.5944
1.57609
1.5662
1.56328
1.72368
1.61926
1.44067
1.32055
1.33633
1.41978
1.46949
1.52462
1.56272
1.58468
1.86532
2.13208
2.51749
2.95614
2.74133
2.83078
2.35616
2.22813
1.94396
1.66627
1.53549
1.55148
1.57963
1.5911
1.59622
1.59198
1.59268
1.8328
1.81999
1.93
2.22235
2.34347
2.3408
2.69468
2.514
3.28855
3.91341
3.63697
3.52061
3.09708
2.20816
1.33585
1.12551
0.836182
0.762655
0.717963
0.695332
0.713173
0.763314
0.900872
0.925031
0.862668
0.864197
0.880325
0.876742
0.899501
1.00084
1.22748
1.42076
1.5335
1.59411
1.61261
1.63994
1.6485
1.64294
1.62683
1.59196
1.52841
1.42134
1.29179
1.19016
1.10781
1.11068
1.25468
2.22908
4.15029
4.89272
3.41803
2.30769
2.07436
2.87718
3.72901
3.6345
3.33185
2.91677
2.5277
2.02321
1.77584
1.41669
1.17079
0.921498
1.16037
1.34638
1.45456
1.51337
1.53131
1.56366
1.56791
1.56211
1.55511
1.5339
1.51632
1.49793
1.49905
1.54097
1.60984
1.65426
1.57287
1.46473
1.52523
1.63566
1.37548
1.22604
1.23662
1.3755
1.66822
2.00596
2.18541
2.1154
1.64209
1.35687
1.25997
1.22608
1.25604
1.33185
1.54558
1.68171
1.80946
1.9595
2.06238
2.16939
2.34117
2.52805
3.03115
3.34496
2.54332
1.60408
1.50925
1.54511
1.49177
1.38966
1.22276
1.03955
0.957557
1.08952
1.31182
1.61346
2.01597
2.48926
3.01988
3.43981
3.73546
3.84975
3.87748
3.90396
3.9357
3.90555
3.97964
4.06047
4.06029
3.6386
3.1404
2.50317
2.29913
3.37314
4.29335
4.28663
3.89183
3.70275
3.02964
2.63101
2.09319
2.20545
2.08759
2.10063
1.22312
1.38655
1.2966
1.69516
2.42155
3.53342
4.58999
5.25066
5.42732
5.3301
5.03972
4.73929
4.48594
4.26559
4.23063
4.30074
4.46435
4.4689
4.41565
4.44796
4.71131
5.12861
4.21197
2.75889
2.41542
2.43341
2.47532
2.52274
2.62291
2.43153
2.08157
1.79507
1.57793
1.48271
1.4133
1.39407
1.51553
1.92729
3.25731
4.64028
4.95902
5.14051
5.17905
5.16365
5.17956
5.26944
5.62658
5.84275
6.38433
6.65113
6.95908
6.91416
6.64618
6.12687
6.06541
5.93178
6.13168
6.32279
6.21517
5.68231
5.51658
5.40425
5.42325
5.31871
5.31656
5.41982
5.63715
5.5996
5.59389
6.17256
10.9466
6.21816
4.61445
3.96401
3.98075
4.11528
4.07542
3.78684
3.5798
3.42494
3.35878
3.38831
3.48434
3.5998
3.77057
3.85719
4.1344
4.58169
5.4766
6.18134
5.36684
3.46799
2.01985
1.5387
1.49594
1.54994
1.74652
1.87174
2.01827
2.17983
2.28429
2.31542
2.41212
2.37511
2.57118
2.67977
2.98692
3.1358
3.25689
3.25681
3.21934
3.02015
3.06893
2.82085
2.86895
2.60869
2.57255
2.36143
2.45043
2.21267
1.28377
1.39757
1.39411
1.33058
1.30543
1.41475
1.6796
1.64281
1.72555
1.78168
1.75807
1.71872
1.61798
1.46047
1.45979
1.466
1.49821
1.53195
1.55529
1.53605
1.47262
1.36811
1.28805
1.27016
1.28612
1.33873
1.40918
1.54346
1.66815
1.84638
1.98956
2.19756
2.40941
2.71268
2.66258
2.47051
2.50684
2.52312
2.06537
1.61677
1.32344
1.22446
1.26804
1.29005
1.32042
1.30454
1.21659
1.1607
1.14979
1.19013
1.21599
1.25937
1.5702
1.55374
1.98053
2.00111
2.23823
2.2921
2.40792
2.61909
2.76032
2.44868
1.58341
1.17204
1.15528
1.26026
1.387
1.47514
1.52
1.54408
1.5591
1.56403
1.57136
1.57247
1.57341
1.56322
1.55759
1.53976
1.53093
1.50935
1.49585
1.48278
1.48585
1.49313
1.50197
1.51411
1.51744
1.51993
1.51554
1.51473
1.5182
1.52538
1.537
1.552
1.61159
1.62761
1.59792
1.60073
1.60539
1.60325
1.58881
1.58422
1.57612
1.56867
1.56478
1.67859
1.85839
1.69906
1.37275
1.29194
1.33088
1.3903
1.45582
1.50566
1.54834
1.56482
1.57726
1.89925
2.19229
2.29086
2.36785
2.10954
1.99463
1.90622
1.82086
1.7409
1.58247
1.57899
1.59481
1.59656
1.60474
1.60046
1.74234
1.72369
2.09262
2.2529
2.40609
2.77884
2.54052
2.64798
3.20435
3.81519
4.53542
4.32806
3.86699
2.98493
2.05954
1.3634
1.29945
1.05736
0.967992
0.971412
1.12605
1.18836
1.21133
1.22543
1.11633
1.02612
1.01689
1.03519
0.856552
0.849788
0.900204
0.991295
1.08425
1.17983
1.23815
1.27488
1.28776
1.27583
1.2146
1.18523
1.13541
1.08882
1.0486
1.04651
1.08404
1.1576
1.31326
2.3872
4.36074
5.22368
4.62861
3.04046
2.19591
2.05666
2.47373
2.51284
2.10172
1.76874
1.63432
1.59063
1.55
1.39647
1.28627
1.03196
0.984799
0.992994
1.07769
1.1354
1.18176
1.19646
1.23075
1.2587
1.29726
1.34242
1.37736
1.42443
1.48293
1.56026
1.62637
1.64762
1.51591
1.43124
1.47373
1.60253
1.59383
1.47495
1.30977
1.48166
2.17461
3.00667
3.25928
3.20218
2.32186
1.87793
1.54795
1.45911
1.39411
1.45411
1.68982
1.73957
1.95863
2.13502
2.26676
2.51824
2.73131
3.11971
3.42225
3.5527
2.81001
1.67161
1.4496
1.47827
1.61675
1.79844
1.85622
1.73526
1.47684
1.38933
1.34138
1.34813
1.49269
1.80498
2.12608
2.39937
2.58984
2.65009
2.68603
2.67426
2.66742
2.61702
2.56172
2.50146
2.41599
2.25876
2.12602
1.97835
2.12682
2.9659
4.33375
4.47505
4.58207
4.48945
4.56778
4.34783
4.53591
4.42481
4.2146
3.575
1.83084
2.06012
2.00387
2.76616
3.63398
4.51632
5.23244
5.59231
5.73533
5.57835
5.29237
4.95752
4.72262
4.57308
4.4167
4.40546
4.31166
4.34796
4.41189
4.49606
4.8056
5.32497
5.16524
3.41562
2.2626
2.09499
1.87084
1.67123
1.52067
1.44267
1.44793
1.46678
1.63587
1.89288
2.1312
2.40076
2.81161
3.54423
4.36307
4.72695
4.90033
4.96316
5.10638
5.04588
5.17391
5.12694
5.35878
5.44747
5.76177
6.12956
6.34319
6.36912
6.18212
6.15939
6.10582
6.21926
6.37903
6.52638
5.8297
5.50325
5.45814
5.36639
5.30795
5.30205
5.23388
5.26057
5.27078
5.351
5.66054
6.253
10.9325
6.3708
5.19096
4.30548
3.77286
3.56275
3.4725
3.37624
3.24771
3.14416
3.09729
3.04211
3.00793
2.95256
2.94886
2.97637
3.16809
3.34133
3.72933
4.36441
6.19778
7.08447
5.74092
3.06199
1.54767
1.22424
1.33701
1.38658
1.39599
1.49313
1.71894
1.89659
2.23496
2.46095
2.69138
2.95118
3.11453
3.22044
3.23536
3.243
2.91672
3.04066
2.65148
2.59831
2.60374
2.34724
2.38703
2.1381
2.33471
2.1852
1.59512
1.39419
1.43948
1.41655
1.39366
1.38291
1.38944
1.39459
1.40053
1.41247
1.42022
1.42887
1.43502
1.44428
1.45314
1.46827
1.49056
1.50586
1.53377
1.54278
1.55425
1.53909
1.52688
1.64148
1.75725
1.93728
2.06138
2.26895
2.32743
2.47666
2.58969
2.80058
2.92385
3.13921
3.00766
2.69468
2.24625
2.34237
2.44624
2.14185
1.64085
1.64009
1.56692
1.50839
1.52782
1.43106
1.38835
1.22764
1.24057
1.24271
1.24661
1.25467
1.24958
1.27076
1.30886
1.81871
1.83912
2.07351
2.44041
2.42007
2.52787
2.63998
2.7754
2.42302
1.41701
1.21933
1.44739
1.64316
1.64088
1.52127
1.53946
1.55559
1.56209
1.56942
1.56951
1.5768
1.58782
1.5841
1.60908
1.59719
1.60785
1.58859
1.59585
1.58217
1.5776
1.57869
1.57151
1.56661
1.56242
1.55951
1.55687
1.5557
1.55836
1.56317
1.57091
1.5796
1.58652
1.59156
1.59674
1.59833
1.58714
1.58781
1.57977
1.57127
1.56646
1.62238
2.01716
1.85227
1.52637
1.28268
1.29056
1.32587
1.36735
1.41288
1.44027
1.47016
1.49297
1.49145
1.83901
1.82082
2.0436
1.82248
1.96312
1.95567
1.98167
1.83668
1.72698
1.54412
1.5512
1.56003
1.56244
1.56924
1.56348
1.71819
1.60621
2.16143
2.63486
2.44901
2.67993
2.80831
3.21914
4.24962
4.96711
4.98218
4.75114
4.05371
2.81263
1.88557
1.37855
1.33806
1.17917
1.15055
1.05642
1.05987
1.0432
0.95798
0.979995
0.970222
0.966966
0.969004
0.99687
0.874231
0.87305
0.877039
0.907657
0.924793
0.939589
0.961003
0.965287
0.967179
0.95705
0.966273
0.972699
0.998064
1.03676
1.08062
1.18134
1.24421
1.41591
2.99992
4.52963
5.21472
5.17584
4.1822
3.05508
2.42748
2.25885
2.07537
1.96371
2.02404
1.96595
2.13144
1.99508
2.09522
1.76496
1.85423
1.65022
1.27919
1.44372
1.02318
1.05675
1.08868
1.13856
1.18169
1.22728
1.28372
1.34281
1.41994
1.51727
1.59318
1.64855
1.62474
1.48179
1.42037
1.43277
1.47929
1.53104
1.58832
1.82881
1.61317
2.67588
3.10622
3.28034
3.27043
3.22164
3.30975
3.05676
2.94261
2.98821
2.93269
3.25042
3.43138
3.65907
3.68856
3.95618
3.83295
3.94579
3.72803
3.75646
3.68327
3.27937
1.92207
1.41633
1.40214
1.40387
1.49736
1.56019
1.60786
1.5354
1.48901
1.46739
1.47329
1.47721
1.53801
1.60074
1.67626
1.71195
1.72436
1.73155
1.72487
1.74364
1.71448
1.76484
1.69115
1.84812
1.75214
1.87502
1.82126
1.95624
2.48608
3.68822
4.71417
4.75326
5.25321
5.16983
5.63964
5.74844
6.23504
5.22805
5.27135
1.56385
3.77743
2.94141
3.62996
4.3326
5.04187
5.54897
5.77762
5.75974
5.50074
5.20938
4.86478
4.66139
4.40215
4.34656
4.23179
4.31842
4.33401
4.40894
4.46354
4.82138
5.36982
5.60324
4.67554
2.38984
2.14335
2.01952
1.82243
1.7294
1.70181
1.70142
1.75096
1.82571
1.93958
2.142
2.51685
2.93381
3.28953
3.49598
3.65551
4.01262
4.37033
4.60241
4.72809
5.08324
4.98499
5.53603
5.3047
6.18387
6.12759
6.62584
6.82824
6.77991
6.49008
6.49435
6.44595
6.66199
6.37438
5.54931
5.31344
5.40981
5.3272
5.26245
5.35434
5.31235
5.3525
5.44592
5.51775
5.67391
6.10358
)
;

boundaryField
{
    wand
    {
        type            zeroGradient;
    }
    frontAndBack
    {
        type            empty;
    }
}


// ************************************************************************* //
