/*--------------------------------*- C++ -*----------------------------------*\
| =========                 |                                                 |
| \\      /  F ield         | OpenFOAM: The Open Source CFD Toolbox           |
|  \\    /   O peration     | Version:  2.1.1                                 |
|   \\  /    A nd           | Web:      www.OpenFOAM.org                      |
|    \\/     M anipulation  |                                                 |
\*---------------------------------------------------------------------------*/
FoamFile
{
    version     2.0;
    format      ascii;
    class       volScalarField;
    location    "0.004100000";
    object      p;
}
// * * * * * * * * * * * * * * * * * * * * * * * * * * * * * * * * * * * * * //

dimensions      [1 -1 -2 0 0 0 0];

internalField   nonuniform List<scalar> 
12384
(
901408
904896
901323
918939
904601
937090
918281
964167
945542
998556
993622
1.03032e+06
1.04728e+06
1.06679e+06
710940
712438
714226
715654
716639
716459
717748
717303
719469
718383
722335
719225
729293
719415
747299
726371
779410
756656
826233
824781
851323
858400
862757
874130
872003
888033
885611
899856
900860
906365
904574
908975
909147
904479
895280
885522
878081
869174
858244
836599
812568
778784
760408
745364
717392
702943
705548
680415
691882
686509
694368
700837
712109
712899
712714
713234
706291
705569
705603
705199
776548
777533
777425
777768
775287
767885
755034
738697
721585
700276
686511
658696
674598
653999
688579
671903
715121
717216
734263
753149
770550
784766
791903
795647
803353
798355
819184
809540
832305
827315
769422
775360
776291
773836
766978
755021
736001
736897
705988
715827
702995
708948
695492
686840
666174
665209
656768
653423
645581
648361
636724
638198
624616
627907
613989
618198
614770
619012
621030
624579
697441
693892
688647
682790
681905
675290
674517
675786
676946
680060
682687
682881
681638
680916
678533
672965
673170
671959
663030
657027
669193
633899
706618
644164
786547
811813
844381
850615
852466
846450
890468
866945
830956
831694
796555
808277
803188
812912
813573
801253
804005
782801
741362
754992
690323
714122
672633
678759
671548
664924
655943
651414
653583
641145
643711
622322
625182
634065
626465
608639
615197
589279
578724
579491
585497
575400
572172
586060
565728
616758
574641
676283
632581
729858
717282
757861
757167
764707
768059
777623
774489
784714
786869
792193
793895
791938
783973
780001
772912
774067
659238
648401
647937
629130
634359
600833
602894
581403
542329
556014
529354
522815
523885
524060
556859
544078
586741
616958
635661
684816
715348
737974
754804
772426
756573
762528
772005
759402
762015
784514
1.34304e+06
1.36411e+06
1.36775e+06
1.39095e+06
1.40901e+06
1.37498e+06
1.33902e+06
952866
1.12986e+06
682977
911246
789537
843317
833612
847391
855065
857278
854275
846047
832573
815285
789871
781805
751181
760187
740556
755305
766904
779966
789856
997988
997614
1.00927e+06
1.00806e+06
1.00597e+06
998967
992646
926399
951203
911794
963662
946366
1.00735e+06
1.04207e+06
1.09228e+06
1.12111e+06
1.15177e+06
1.17113e+06
1.18032e+06
1.17858e+06
1.16419e+06
1.13419e+06
1.10303e+06
1.06345e+06
1.07008e+06
1.03813e+06
1.05677e+06
1.06267e+06
1.06029e+06
1.05881e+06
1.0646e+06
1.06853e+06
1.06154e+06
1.058e+06
1.05046e+06
1.03578e+06
1.01597e+06
1.02559e+06
998989
1.06076e+06
1.04584e+06
1.09681e+06
1.11286e+06
1.12163e+06
1.14165e+06
1.15346e+06
1.15648e+06
1.15753e+06
1.15568e+06
1.15343e+06
1.15046e+06
1.13716e+06
1.13026e+06
1.11287e+06
1.10955e+06
1.06359e+06
1.07395e+06
1.04817e+06
1.05456e+06
1.05057e+06
990300
998389
1.00237e+06
1.04581e+06
1.05686e+06
1.09465e+06
1.1041e+06
1.13255e+06
1.14874e+06
1.16515e+06
1.15954e+06
1.15137e+06
1.06674e+06
1.0961e+06
1.00867e+06
1.04305e+06
1.00321e+06
1.00896e+06
1.03455e+06
1.02563e+06
1.05482e+06
1.05817e+06
1.06851e+06
1.0922e+06
1.0944e+06
1.11828e+06
1.11791e+06
1.125e+06
1.11403e+06
1.12934e+06
906305
908607
906920
916336
911562
930345
921451
959322
947123
989152
998562
1.02686e+06
1.04319e+06
1.06263e+06
710955
717348
715988
714593
715962
716429
716229
717549
717547
719596
719191
722364
721021
726500
732282
734812
762443
764457
811003
817036
846103
853197
862884
868863
872428
886398
886377
900292
902427
909110
897676
901453
898331
891696
882864
874669
866425
858309
844043
827419
799829
775906
753578
730720
729147
696818
703423
683243
690724
691279
692044
706490
710230
713947
717008
714468
711146
710218
705218
701618
769839
772043
773090
771846
768463
761521
750472
734689
716264
696756
685385
662638
667188
658676
678304
683572
700600
714958
730154
747040
764470
780746
792422
798118
806034
804867
817572
815975
831395
829767
767672
770138
769733
764474
755533
743634
731798
718430
708815
699281
703798
695396
694138
674312
671594
657070
659272
650981
645723
643743
636657
629659
628513
618600
621197
614799
614570
619854
620352
625641
696057
692825
687449
684129
676748
678209
674523
675775
677436
680061
681177
681970
682251
676583
674228
675372
672050
669366
665914
667182
666126
641425
700352
665651
768320
811491
849373
858939
863640
861772
889496
871923
837500
825904
805617
815640
806966
807828
807451
814067
798001
797594
736259
749755
683303
701983
660970
678392
657387
665808
648846
652051
640046
643769
634111
637144
632976
630197
644817
647482
601476
612556
617367
594218
573616
583460
577173
586526
563883
615401
575183
664074
641677
704901
732999
746916
753596
761590
767404
768201
777167
778456
784824
788026
788961
783600
780433
772015
771373
767775
646307
653167
649506
635477
637346
616011
592523
598175
547490
542835
536728
522626
534576
537363
551808
563301
591773
616569
650268
690005
711989
739017
772517
767487
785230
773105
779321
773214
782715
779433
1.3116e+06
1.33667e+06
1.35915e+06
1.35644e+06
1.35454e+06
1.31053e+06
1.13864e+06
1.07772e+06
901958
866316
807601
834455
833781
837205
846205
850785
851264
847595
838549
825803
810047
787167
777041
749767
746939
743412
746248
763084
776771
791955
1.00961e+06
1.01047e+06
1.00986e+06
997791
978174
968482
943270
954610
915136
925039
923210
954219
993765
1.04011e+06
1.07888e+06
1.11463e+06
1.13924e+06
1.15775e+06
1.16317e+06
1.15904e+06
1.13861e+06
1.10545e+06
1.0831e+06
1.06098e+06
996277
1.01976e+06
1.01357e+06
1.03376e+06
1.04836e+06
1.05955e+06
1.08316e+06
1.07945e+06
1.06208e+06
1.05035e+06
1.03182e+06
1.01613e+06
1.00488e+06
999825
1.00916e+06
1.03695e+06
1.04737e+06
1.0911e+06
1.09457e+06
1.1219e+06
1.12987e+06
1.1394e+06
1.14707e+06
1.14883e+06
1.14668e+06
1.14442e+06
1.13488e+06
1.12688e+06
1.12065e+06
1.11538e+06
1.08286e+06
1.07313e+06
1.05894e+06
1.05064e+06
1.03904e+06
1.04219e+06
992317
1.00255e+06
1.01801e+06
1.03576e+06
1.07378e+06
1.08758e+06
1.10647e+06
1.12867e+06
1.14105e+06
1.15444e+06
1.1559e+06
1.13417e+06
1.08731e+06
1.08674e+06
1.01895e+06
1.03601e+06
1.01663e+06
1.01903e+06
1.03706e+06
1.0301e+06
1.05741e+06
1.05164e+06
1.07085e+06
1.08789e+06
1.097e+06
1.11438e+06
1.12048e+06
1.12018e+06
1.11977e+06
1.1355e+06
900234
905798
904437
918539
910287
932851
918996
953049
943686
989590
991403
1.02372e+06
1.03385e+06
1.05472e+06
722004
714484
720343
715647
715778
716163
716945
715841
718213
717494
720265
718661
723804
717649
734802
720409
764241
747089
804922
809127
835138
845526
855090
862619
868733
882293
884892
899776
902538
908523
887359
892407
886130
877897
869303
861327
855342
846197
834625
813044
791754
763931
746974
725775
723352
696382
706294
682289
693277
690349
695728
705081
708488
717148
717976
714758
717045
712763
709547
709234
763942
764687
765782
765948
761611
754707
743957
727429
711638
691878
684168
658912
664933
648611
679097
677152
699458
708134
729278
743773
759332
779328
787480
801462
804560
808964
814909
820362
828672
833938
770035
765786
760037
755249
742976
736517
714662
714267
689802
699897
681616
687489
673982
675997
659006
661546
650536
652464
640627
640311
628645
629627
618475
620710
613914
615532
615921
619871
622796
624888
694056
690289
687363
682747
677171
678921
674444
675640
677750
679316
680624
681637
676698
676640
675404
670381
670415
670243
677210
665743
673724
654295
697642
692689
767425
809497
846710
863646
869805
874742
886591
870482
851998
831859
814998
808455
823035
822649
826580
824186
808826
783953
732416
743974
665631
701031
650818
668843
654569
645391
646185
641301
634974
635001
631499
637156
635673
655201
663971
675121
649087
626467
603346
613702
612710
581874
573473
577877
569782
609426
574816
667823
629857
715468
709360
745225
747411
750365
764865
768466
770006
780247
778871
784935
783772
779910
772963
768172
758930
763958
642775
637956
638879
631991
626976
632074
594178
584941
582474
546530
556828
549162
538559
536015
563876
580716
589652
637426
661920
685719
715228
767023
763895
788007
777005
791499
771850
787451
789411
791458
1.31007e+06
1.31888e+06
1.32801e+06
1.31495e+06
1.27902e+06
1.17769e+06
1.11931e+06
907096
943306
803434
864640
819650
840395
841082
844760
845870
844247
838888
829416
817057
801082
779996
766447
741816
739840
728528
742250
755364
769731
784463
1.01167e+06
1.01523e+06
997887
978712
955339
938884
944460
901247
917620
912073
903259
947852
989683
1.03037e+06
1.07135e+06
1.10287e+06
1.12818e+06
1.14067e+06
1.14133e+06
1.12396e+06
1.1014e+06
1.07473e+06
1.04407e+06
977299
996372
944034
972697
993881
1.01291e+06
1.02502e+06
1.08975e+06
1.07322e+06
1.05957e+06
1.03637e+06
1.01507e+06
1.00185e+06
978314
988430
990465
1.03744e+06
1.03473e+06
1.07605e+06
1.09261e+06
1.10853e+06
1.1214e+06
1.12715e+06
1.13283e+06
1.13739e+06
1.13609e+06
1.12606e+06
1.12348e+06
1.11617e+06
1.11749e+06
1.08522e+06
1.09011e+06
1.0621e+06
1.0483e+06
1.04121e+06
1.04186e+06
1.02894e+06
996907
1.00099e+06
1.02616e+06
1.04261e+06
1.06185e+06
1.09693e+06
1.10192e+06
1.11908e+06
1.1341e+06
1.14073e+06
1.13207e+06
1.1372e+06
1.07344e+06
1.07532e+06
1.02126e+06
1.03899e+06
1.02233e+06
1.02321e+06
1.04231e+06
1.03692e+06
1.05673e+06
1.05879e+06
1.07365e+06
1.08679e+06
1.10039e+06
1.11508e+06
1.11946e+06
1.13236e+06
1.13121e+06
1.13695e+06
921846
918821
919738
919564
915673
927328
922967
946601
940227
983263
989504
1.01001e+06
1.02725e+06
1.03952e+06
717232
723308
716836
722584
716500
716020
716625
716665
715769
718088
716426
719297
715451
721486
714714
726946
740206
752016
782476
798926
824547
835256
845150
853579
863725
873711
883693
895425
902299
908927
876852
874254
868595
859098
850089
843654
837118
831861
818768
800883
780119
752837
745347
720501
712796
708294
692084
693519
682920
689891
694146
700340
712367
716785
718316
720819
718725
715582
716343
714339
755380
755708
755716
755618
752460
744447
732351
718270
706238
685080
681243
652945
660347
651163
671493
674387
699402
703828
726956
743389
757506
776156
790187
803653
813598
817763
823120
822281
832705
832855
768901
762858
753429
748650
733129
727334
706640
697528
691318
675250
677862
669140
670935
656411
660385
649794
651724
640843
641342
628226
630214
617304
619494
612470
612465
615161
615479
620339
622673
628913
690506
688877
684053
683909
677653
678814
675155
675651
675771
678012
679410
674954
676049
675150
669304
669939
670500
680569
672616
678100
679892
676417
687880
720410
771414
804841
844890
865504
874879
885126
910727
870682
860466
839228
848054
833885
825901
830627
826563
829190
802832
795650
713997
739996
663045
688170
648486
659810
640979
645628
636627
628215
631121
621944
628637
625876
645119
657432
667995
684625
644235
650208
650125
628359
611661
604933
587750
569402
563784
610211
575425
648839
636376
699855
702654
738920
736485
753658
759018
766915
771696
776198
777510
781264
781841
775959
769094
757649
760575
751513
670223
672924
667754
669867
649660
635111
639862
600369
562267
543735
532560
529332
535704
548859
592020
577801
629429
640620
663874
690175
755848
751462
787327
782597
801392
785632
798775
783334
787596
788660
1.22899e+06
1.26655e+06
1.26126e+06
1.24755e+06
1.20088e+06
1.12158e+06
974512
909869
801830
852877
816036
837258
841735
840191
842946
839674
834516
827540
818486
804273
785016
771531
755416
733381
720390
720199
737328
743346
760653
773218
1.00464e+06
1.00551e+06
983628
953463
922371
896641
867969
900707
872653
907634
887299
952807
972727
1.03121e+06
1.05942e+06
1.09122e+06
1.10696e+06
1.1095e+06
1.09673e+06
1.08787e+06
1.06643e+06
1.03453e+06
951406
926493
842368
890726
887661
922402
954256
978944
1.09473e+06
1.07465e+06
1.05356e+06
1.02173e+06
991636
969811
973089
952759
982917
997069
1.02906e+06
1.052e+06
1.0769e+06
1.09389e+06
1.10158e+06
1.11422e+06
1.12063e+06
1.11834e+06
1.10934e+06
1.10371e+06
1.09796e+06
1.10329e+06
1.07801e+06
1.09024e+06
1.062e+06
1.0365e+06
1.02972e+06
1.02863e+06
1.00721e+06
1.0124e+06
1.01304e+06
999298
1.02974e+06
1.05259e+06
1.06784e+06
1.0799e+06
1.11139e+06
1.11113e+06
1.12221e+06
1.12848e+06
1.13571e+06
1.10757e+06
1.06549e+06
1.063e+06
1.0238e+06
1.01574e+06
1.01927e+06
1.03509e+06
1.03993e+06
1.04699e+06
1.05801e+06
1.05885e+06
1.07946e+06
1.08539e+06
1.10203e+06
1.11155e+06
1.12855e+06
1.13498e+06
1.1452e+06
1.14578e+06
909081
912848
909344
922126
914812
929129
916872
948830
936053
970643
982240
1.00074e+06
1.00793e+06
1.02922e+06
722874
728371
730290
718553
723871
716628
716208
716869
716605
714769
717171
713279
716442
710897
721383
709794
740977
739996
772113
785403
808353
821689
831387
842767
853439
864613
876031
889940
898087
906860
869744
860870
850966
840201
831976
823768
819287
811517
805376
785857
766426
752217
732527
713914
718099
697587
700342
685561
680540
686087
689665
700319
710799
712685
721290
721923
720866
720734
718053
717103
746952
744270
742935
741923
738742
731841
722022
709241
698666
677048
677473
649671
662299
646802
676418
665190
703052
695814
732775
739056
760465
775487
799068
810270
818581
823187
823416
827581
827975
833978
768881
763754
755111
743607
730685
725070
694835
703201
667717
679075
654097
654613
644798
651893
643182
649332
639279
640900
628591
630712
615609
618044
610687
608959
610383
613955
618501
618758
626735
627097
688366
684382
684694
680781
680308
677719
676451
675062
675567
674397
671202
674310
673949
668231
669590
670538
682414
676363
690824
695162
689611
694696
693921
728594
768654
802566
830808
859890
873504
886973
895037
895642
884517
865558
850746
855661
842008
837540
839503
832727
796546
791639
707616
725530
659934
680166
647469
646598
638945
627581
624701
624145
613854
617941
615112
626148
641390
647345
659611
665715
671287
664247
653817
650729
644103
634790
615811
602330
587592
610532
579234
654425
619566
700162
684961
718520
746627
751176
757933
769076
774312
774599
782940
779595
783957
773355
767603
759379
755878
750001
644285
645714
644816
639375
644262
627472
604576
617514
626737
603007
596697
602768
593871
606996
580301
624624
623643
651884
672680
743052
736355
788260
784963
808256
794138
812142
792308
800943
786977
789631
1.23695e+06
1.22215e+06
1.22954e+06
1.18775e+06
1.12541e+06
1.01271e+06
956518
799105
840052
793909
824995
837313
839934
847708
840362
836332
825235
816762
809132
792753
776943
759529
727166
711978
702877
706079
718977
729961
750474
762709
986440
981507
959635
930467
903193
879028
877275
851201
859223
902100
897976
945004
977935
1.02076e+06
1.05381e+06
1.07426e+06
1.08197e+06
1.07912e+06
1.07231e+06
1.0377e+06
993883
903837
871669
813261
867834
812303
824182
849881
881352
905593
1.08684e+06
1.06495e+06
1.04095e+06
1.00526e+06
968559
962267
920483
950257
934907
973487
998061
1.0334e+06
1.05018e+06
1.07216e+06
1.09315e+06
1.09605e+06
1.09019e+06
1.0786e+06
1.07705e+06
1.07811e+06
1.07692e+06
1.04552e+06
1.06505e+06
1.04922e+06
1.03435e+06
1.04128e+06
1.03175e+06
1.00245e+06
1.00867e+06
993814
1.01457e+06
1.0086e+06
1.0365e+06
1.04763e+06
1.07736e+06
1.08866e+06
1.09491e+06
1.11345e+06
1.10409e+06
1.11069e+06
1.09628e+06
1.07076e+06
1.06632e+06
1.03537e+06
1.00171e+06
1.00846e+06
1.01732e+06
1.03357e+06
1.04697e+06
1.04449e+06
1.06969e+06
1.05398e+06
1.08536e+06
1.08286e+06
1.09937e+06
1.11453e+06
1.13293e+06
1.1433e+06
1.15441e+06
1.16902e+06
944651
936777
938107
922385
928083
920649
924496
934064
947362
955858
969667
987033
992235
1.00049e+06
754065
728451
726146
731562
720942
724184
717398
716237
717995
715172
712444
713980
708244
712395
707472
713578
726046
729824
769032
773246
792672
809838
821413
827049
838162
851855
865430
877767
890875
897112
847868
840143
835223
825525
813218
805783
801171
796197
783015
779626
756905
746333
721722
727304
703668
706735
685370
691462
674292
680590
692105
694429
703173
712636
719102
721145
722755
720629
719760
717019
735496
741328
742679
734562
724890
720091
712239
702734
691535
674325
672163
654502
654809
650826
677491
670823
700245
703107
732522
741571
763399
785887
806023
820977
831897
836377
833952
826953
826282
824553
781645
770631
760667
747214
731944
722704
693103
700805
662523
673391
652910
651517
650649
641916
644880
634303
638318
627138
630582
616163
614894
611453
605454
608860
611175
610133
615652
623752
623951
631468
679055
681848
680307
681139
680020
678129
676560
676458
672590
667896
669397
670031
664758
668202
669033
681954
677494
694807
699661
699307
704696
708707
703498
723896
761033
789329
811019
843977
863121
880109
927172
915420
904775
898468
871626
856624
858047
843335
834467
835799
784279
788559
694254
724236
654319
680763
633801
645954
624747
625272
609587
609049
605166
601767
605521
619032
629000
641387
640541
650927
669943
672432
671061
671314
658806
647152
637367
616870
599892
612844
592574
649058
629126
691163
679729
726246
728644
756661
760059
772969
775659
786102
790100
792094
782338
782415
768693
761569
757721
761009
711194
709212
705560
709558
696971
693742
678728
635128
612350
619124
592234
577918
588831
588025
632727
626791
666947
667234
736425
719633
781472
780125
800691
798440
825696
804598
818613
795092
799117
774119
1.0908e+06
1.1248e+06
1.11977e+06
1.10939e+06
1.04301e+06
976499
905025
798079
802077
803163
822542
833693
849410
843286
845506
830213
825728
803932
800872
790418
761285
746490
701989
700279
691553
692047
710565
716531
746528
757419
950218
951716
932632
905853
873177
844434
825542
850385
850192
879047
916084
941129
985637
1.01103e+06
1.03742e+06
1.04749e+06
1.04679e+06
1.04273e+06
1.00893e+06
964338
898755
878861
840191
799691
691995
716745
738118
784064
831066
890754
1.06068e+06
1.04317e+06
1.01957e+06
979855
951787
914648
924487
889946
938167
928898
967736
994757
1.03068e+06
1.04237e+06
1.05142e+06
1.05602e+06
1.05426e+06
1.05447e+06
1.04575e+06
1.02774e+06
1.00206e+06
1.03669e+06
1.03577e+06
1.02095e+06
1.01096e+06
1.00439e+06
988229
999868
974842
972106
1.00908e+06
1.02719e+06
1.04854e+06
1.05807e+06
1.07437e+06
1.09469e+06
1.0946e+06
1.09019e+06
1.10785e+06
1.08578e+06
1.06353e+06
1.06389e+06
1.02841e+06
988780
1.00711e+06
997941
1.01754e+06
1.01727e+06
1.04923e+06
1.04523e+06
1.0663e+06
1.05999e+06
1.08593e+06
1.07699e+06
1.10634e+06
1.11358e+06
1.13639e+06
1.14597e+06
1.1648e+06
1.17198e+06
931209
933487
926613
937966
921492
928971
920236
936319
931673
955747
951527
964382
973100
989484
729999
757713
736710
730118
733053
720686
725006
716565
717219
714468
713746
708314
710508
704326
710199
703541
729463
719851
754150
767792
782518
793214
802631
815885
825096
833787
846034
857719
867512
880216
852826
830486
833154
815370
812600
797650
798388
787719
780570
775250
752466
747682
721738
727120
703692
700784
691587
681052
676668
679565
677027
691573
697775
708921
713469
720717
721200
720459
717411
715412
717179
717671
719126
723647
724595
713416
705065
700343
691555
673341
668237
650374
654100
653295
683302
671784
713845
705596
739657
749280
774222
792074
814945
832629
842000
843700
838161
830685
815975
821656
785307
777019
766016
751851
734289
722987
693382
699883
660558
674343
648650
653070
641088
641130
632847
637764
624147
630593
616493
618274
610597
605096
606670
606779
608724
610129
617728
621911
628221
635240
678234
675745
678801
680214
679093
677810
676781
671465
665266
668978
667442
661901
666143
667460
682235
678106
697962
702293
707336
718016
718203
718125
704747
738263
738940
766006
793194
824494
852479
870314
942094
938221
922407
907217
899404
867646
852220
852945
833474
825668
772948
774703
692759
704669
661665
665790
629164
645543
611622
611801
609942
599117
602703
600044
598913
611290
622363
627373
631635
631326
672828
674318
671549
669681
673346
662994
650005
640167
622949
608061
601569
652438
639984
684959
677300
736123
716857
758043
763942
773554
788156
794144
804000
802156
796585
783185
776757
772002
772448
769509
695620
706050
711929
699312
696776
678600
677849
685116
652261
640879
650557
646096
631079
653013
636473
670554
660007
733694
720764
806659
803728
811459
824434
838182
816755
842668
812035
816050
778808
775263
1.11234e+06
1.07835e+06
1.07609e+06
1.03632e+06
1.01205e+06
916617
904389
787876
818621
811183
823452
846611
855274
859820
854505
837934
818251
809837
790443
779792
742405
729361
685584
684127
667370
691362
685648
730277
725517
772872
924766
923177
909843
883252
859872
839627
832849
853502
854172
885442
919262
951505
977861
1.0016e+06
1.01254e+06
1.03172e+06
1.03738e+06
994783
946583
904150
895927
819922
780730
681855
730101
696870
700549
759407
794056
782607
1.01319e+06
1.00482e+06
983776
956911
925429
898191
858589
894352
869579
929125
921272
965030
989283
1.0184e+06
1.02165e+06
1.03983e+06
1.04797e+06
1.0358e+06
1.00741e+06
993183
1.0137e+06
1.00761e+06
977679
979272
1.01049e+06
992924
999760
970849
980735
963301
1.03264e+06
1.05238e+06
1.04442e+06
1.05891e+06
1.09517e+06
1.08729e+06
1.09565e+06
1.09074e+06
1.07122e+06
1.05215e+06
1.04064e+06
1.01395e+06
973671
990512
978089
984406
1.00626e+06
1.00786e+06
1.03837e+06
1.04566e+06
1.062e+06
1.06518e+06
1.07884e+06
1.07906e+06
1.10895e+06
1.11168e+06
1.13316e+06
1.1502e+06
1.16427e+06
1.17369e+06
974452
966114
962124
938078
942951
925744
930341
925512
936135
928472
950141
936788
947434
951689
801685
744325
761312
736043
733359
731903
721206
724013
716277
713908
714670
708328
707290
706096
706132
701970
725562
722493
743144
757299
777827
784484
795471
804337
810526
819105
830942
845518
851845
878969
824829
832893
827796
823937
809078
801541
796567
784428
778486
779264
756644
750063
727452
730043
699786
710602
689049
677810
680981
675155
675681
688335
685280
703923
711147
714453
717373
715187
711497
706718
725156
726799
721204
712916
708875
707078
705695
700157
690770
695384
681675
685465
674634
679747
678242
698752
718531
715750
745447
763567
779906
802692
824298
841665
852415
856393
851087
831400
797171
754797
812475
788820
771568
753685
734335
723882
693044
699592
663839
677486
648323
658163
637557
644094
628518
633097
627352
622201
615347
617282
605761
609454
605676
608316
605519
615551
615940
620747
634105
634700
671679
677038
675915
675494
676166
677300
672447
667742
667197
660785
658095
662502
665790
681882
678214
697248
701885
711093
724775
728451
726055
718212
708076
734066
726928
739124
787396
806834
832369
866517
954302
950715
945949
922642
901233
883076
856779
838710
832234
810094
763137
759757
680437
706845
652054
652173
634737
629028
604725
613314
596252
594807
589006
593081
604490
605161
619477
620504
622888
627060
658904
670850
674478
677083
672684
669538
656811
646389
639402
644095
640240
658936
650888
690553
667485
726867
725210
755571
761059
782344
793840
802705
815037
813245
800974
796173
788971
788486
788363
796405
748867
749879
749365
748295
743666
745972
718339
704667
704040
669297
658418
659369
673382
659374
683664
671706
728819
720770
808387
793480
828681
841175
821902
824248
853813
835489
851315
800526
792792
717189
916300
988858
1.01798e+06
1.02695e+06
957918
925970
880002
806361
831857
828095
841638
863730
875441
867001
864473
846140
830813
798673
791563
768059
748286
717455
687020
678432
683521
678238
717084
714884
757906
781997
905323
909642
894948
873699
859546
835812
826486
848561
884296
886517
940669
947174
973900
982759
995288
979731
954160
952150
951706
902291
848981
794924
778735
678781
661617
683401
663702
782247
765701
856927
977108
965787
954068
924119
892379
859914
867523
836147
882596
873912
929266
927777
961742
968844
986347
993106
989299
953038
934187
935294
913163
916563
947367
988414
957266
978521
963972
976897
967881
949599
1.05761e+06
1.05275e+06
1.07725e+06
1.10698e+06
1.09568e+06
1.10196e+06
1.08712e+06
1.08477e+06
1.04686e+06
1.03072e+06
1.01136e+06
968628
977693
966216
950146
966305
994965
1.01034e+06
1.03586e+06
1.03545e+06
1.06745e+06
1.06163e+06
1.08271e+06
1.07613e+06
1.10553e+06
1.10725e+06
1.12994e+06
1.14154e+06
1.15151e+06
1.15498e+06
965659
964014
957048
963499
939724
944267
928555
931897
923720
932123
914768
936165
914170
930669
838988
872703
791609
805706
740128
758774
730517
725108
728309
718687
721370
714140
711666
711730
704579
704067
709135
702609
711321
731384
742149
747979
767143
778026
780855
780968
791077
802221
810959
810314
801685
757225
686957
788092
821946
831771
839521
830091
818272
804371
801124
799501
789230
784473
773342
753214
737512
736272
703617
710575
688195
684031
670280
674789
670956
678534
683300
700820
708407
713418
714108
713423
706496
702263
690106
674707
685905
691245
701985
706484
706652
707454
707166
703060
702568
684955
686098
674082
692739
693811
716863
705745
717837
738406
749568
768021
786724
810142
829859
847884
860093
865486
859240
843082
800973
793071
744024
761234
769190
769257
763156
751527
735187
726512
695136
701177
671420
677498
657536
656253
644075
641321
633533
630366
626929
622578
617545
616973
607426
610793
605311
607903
611703
611024
615445
626854
634375
636128
627886
584787
641361
660102
673212
674107
673535
672651
668264
665437
660589
658596
660234
663004
679679
676878
695259
703899
712941
728134
736484
736727
732763
724781
718134
718025
737565
732684
777114
805626
833568
878232
897455
910279
941396
950637
945793
933800
903235
876940
859747
839786
804860
798079
755717
737226
679328
696379
636293
654144
631065
614669
610214
607991
593147
593443
591244
590241
608043
607955
619099
621569
628635
630747
631229
646646
655901
668537
678742
678399
675392
669886
663644
652054
641310
647027
647727
672640
676874
682706
681495
705859
735997
752402
762975
780168
798592
805784
817023
812241
803669
796294
788276
789874
799618
808667
797547
800793
771758
775935
774029
770223
766565
751198
748429
714832
696083
701023
671936
670195
668139
683990
676977
721311
704583
803633
810442
858375
851529
853596
870603
883724
877573
885331
850552
831104
761715
703088
668289
553194
939858
936128
970864
975079
971187
925448
876312
865898
858711
854850
875614
882584
893103
889732
877164
860241
834904
815726
788024
777002
746943
725672
695957
692452
677938
704568
713645
741159
767224
814472
809287
774336
855639
885697
895745
884954
874542
868899
881175
884960
906434
926694
941281
963460
972887
979546
985589
984442
983166
959869
918719
896970
847447
747903
718791
648543
676593
668362
742019
757972
872780
879427
885047
811679
884828
911804
913770
889408
868636
852343
819106
847155
838971
891951
889090
944498
940499
973446
992297
989370
958330
965587
949677
928261
927966
924688
955645
939683
967652
965345
974487
974795
966198
966904
993027
967807
1.03327e+06
1.08101e+06
1.11552e+06
1.10808e+06
1.1068e+06
1.10592e+06
1.09906e+06
1.0696e+06
1.05435e+06
1.00211e+06
972929
970811
950693
930286
930253
972505
973951
1.02087e+06
1.02783e+06
1.03596e+06
1.06502e+06
1.06151e+06
1.08293e+06
1.08371e+06
1.0964e+06
1.10956e+06
1.12558e+06
1.13222e+06
1.13743e+06
1.13595e+06
1.10296e+06
1.09731e+06
1.00056e+06
1.00412e+06
989444
960818
963184
935452
940894
921442
926197
910709
916235
901679
908413
899065
878534
845095
818549
784710
769102
738076
745923
726946
725813
725176
715406
718483
708646
710654
706851
703774
708069
707638
715879
718526
747857
744989
758928
769376
777627
785427
783070
776819
773191
772776
773367
788059
774589
812770
841022
855631
848767
840505
827073
820535
810579
808047
803549
791671
782044
772262
734529
745125
707148
712613
687147
690432
672799
674061
673739
669367
689479
696839
704803
711028
710483
707086
701806
695513
687871
676283
690886
692446
691388
694601
699083
706798
710112
719607
715341
722096
704850
707567
700117
713595
709675
720214
733047
753121
742877
776984
788830
812779
828507
847222
857113
860171
850817
839288
788064
788140
749189
760581
768504
765094
760745
749211
735168
725306
701317
705675
679608
683200
659243
665595
642358
649412
634077
636972
624889
624348
620649
615622
618268
608897
612106
605742
612361
608649
619178
630148
637948
644457
641139
624769
654261
660171
658754
664871
670635
665126
663339
659106
656647
659289
659943
677422
674034
694113
705313
712427
727424
735105
737892
737448
732784
727146
719400
729252
737028
755715
780260
819210
850542
887308
901418
918702
938480
946322
942584
930720
907369
875738
843438
837957
789633
794858
722986
731171
679331
667570
641382
651217
618143
624373
610928
608280
601920
606795
603956
600205
608049
609212
620974
632962
633658
632517
639787
648176
657431
671211
675978
681657
682537
672521
667675
659104
651298
648283
671185
688714
673398
699924
699637
712182
722727
763821
761050
779937
790017
801314
807471
806027
786517
783140
780055
786335
795044
810626
790853
791414
773071
777954
777069
778378
774580
764492
740347
732883
703205
686265
679939
671407
680928
673450
708421
689479
769718
796224
865387
898145
906603
899276
899887
886617
905162
899822
895686
840688
823447
766273
756569
742238
912036
950329
981028
987062
984678
921584
918301
883658
877592
893732
900464
914535
916420
911972
895425
869092
852005
825138
798175
781321
767233
731875
716469
691737
705055
711936
740845
760860
794228
833203
824822
835987
885776
911759
919982
915391
892386
884127
880246
904933
914115
935444
949627
966237
976584
982632
986711
984496
972648
955008
922172
853102
838166
702087
730510
653650
684930
713982
758729
838949
870492
959115
948216
923960
941238
917669
905799
875390
858221
832966
821349
821352
872330
861487
908371
930939
957380
965176
970247
960900
967961
932111
934884
904272
911900
919310
940197
949832
962483
958891
975888
975971
973130
1.00292e+06
1.00961e+06
1.01331e+06
1.08318e+06
1.12225e+06
1.11538e+06
1.12102e+06
1.12689e+06
1.1118e+06
1.09439e+06
1.07565e+06
1.03457e+06
1.00796e+06
947905
944473
912731
924992
935057
977297
970653
1.02271e+06
1.02671e+06
1.04845e+06
1.05918e+06
1.06636e+06
1.07722e+06
1.08252e+06
1.0975e+06
1.09948e+06
1.11646e+06
1.12254e+06
1.12164e+06
1.11831e+06
1.09061e+06
1.0879e+06
1.01605e+06
993312
997633
988201
959252
955065
930455
926170
907109
912035
895537
905703
886677
899120
849444
859692
800236
813918
760422
742623
745339
729316
723284
724425
713868
714018
712421
706501
707800
705263
704898
709861
723538
718580
734191
753549
753104
758092
756214
758036
754356
754755
755267
760988
767920
783553
789801
816085
841153
848008
845754
839233
835645
830994
827229
818856
816805
807401
786085
783689
741113
745327
715779
715098
691169
694794
670520
679118
674073
676206
690893
700234
704602
710397
708504
703742
698765
690464
686410
674933
675018
671152
674648
691474
701417
706725
722546
721338
731840
721401
733491
732656
745329
734233
742615
736392
732045
754376
745613
782319
787859
809098
828862
844256
854426
854306
842109
830297
775903
783088
750539
762307
761088
758498
755663
747969
738388
727969
712782
709086
692213
685546
674440
662968
657828
641239
644657
636293
630681
637159
627498
628600
610830
621340
607905
616483
610331
617799
617075
633273
638131
644575
645459
636867
656881
659433
662834
663230
655344
656466
650134
651809
657780
655183
671266
671553
689037
704190
708208
727603
727194
732578
731578
731047
728637
726315
735101
740522
740360
793609
795285
830654
874678
882800
898426
914193
934932
939089
938979
926107
901006
881246
835103
827036
769207
779311
707490
727345
656957
676259
639120
644504
622374
624503
615522
611230
604606
599667
601069
601601
611881
619285
632787
638650
640150
650608
649176
656012
665096
671575
680631
685589
684798
682887
671812
665831
656845
667671
690920
687735
710871
703823
700901
718527
731359
762362
766695
782382
789163
785028
792351
780771
766330
767648
763496
771575
778381
787072
775839
763476
764470
769436
770535
771205
769322
761333
744191
720447
712959
698637
673752
686110
676557
697469
689790
724024
758588
840926
896826
930445
949892
945486
931524
942074
927624
938430
901403
875367
843416
818868
834304
863073
945832
971769
1.00073e+06
1.00361e+06
990718
949197
950883
883468
917868
915969
932828
936428
940350
932155
910556
888013
855797
837524
808681
797911
780301
754841
738687
734383
727802
728496
759478
775190
808077
844459
847773
871422
920163
940428
946208
944963
943326
930865
939211
943812
964749
968213
977058
980043
985966
989952
993339
988803
975136
950424
914486
825567
814424
697616
722367
683618
704613
737138
822025
887933
938356
974296
962815
971471
967238
942519
918829
891341
857014
844388
844848
850460
865783
888275
919852
940118
962164
979147
978785
975423
956672
945558
934378
920042
925208
920594
942221
950421
952684
973046
977936
975141
1.01287e+06
1.01915e+06
1.02629e+06
1.06906e+06
1.11942e+06
1.1166e+06
1.12952e+06
1.14347e+06
1.12815e+06
1.11847e+06
1.09777e+06
1.06118e+06
1.04035e+06
994003
950300
923361
918103
937272
921126
977774
990403
1.02597e+06
1.02816e+06
1.05872e+06
1.06085e+06
1.06924e+06
1.07475e+06
1.08196e+06
1.08798e+06
1.10062e+06
1.10213e+06
1.10298e+06
1.09481e+06
1.08863e+06
1.08788e+06
1.07164e+06
1.03204e+06
1.03868e+06
1.01572e+06
992597
985442
941033
952648
903965
920326
883744
895523
871431
876692
861031
864635
838490
822166
806302
756638
767935
726940
745098
712476
729232
708263
716079
707549
706059
706860
706197
711055
710027
722714
726970
733329
740417
757061
754817
761556
759575
760813
762734
763291
761499
764168
773009
787157
814976
825594
833399
834822
838314
839247
837388
835796
833275
821640
819169
792118
788181
746030
755857
712115
726752
697057
700769
697893
690689
689889
697645
703161
705963
712552
711775
711045
702902
699164
690291
686366
674626
681381
679485
673386
697673
692656
719534
722130
738528
736988
744182
741855
750119
751306
762463
746672
748913
733051
755615
751520
777549
786178
811771
825425
842931
846691
845301
830032
813419
770374
772107
749069
751558
754908
756226
754831
749845
743793
734257
723276
717182
697869
699872
675244
681200
656344
662149
642639
645368
645797
635253
638885
631419
639804
619663
627516
613767
623513
617474
628357
629958
636164
645865
641197
650410
657470
654634
657165
651607
653970
652793
653508
649829
654884
659885
669896
680509
691508
709984
714746
720971
727576
720280
720975
719776
716801
731908
742672
734396
776238
814558
796388
862577
872408
884618
890167
912482
924115
933023
933195
922991
898323
878834
830029
816684
756980
762799
696310
714307
653686
677104
640609
646540
629241
628757
624368
624243
622654
619192
614887
619952
624536
630579
639184
642524
655914
655004
659566
664263
667439
675846
683864
686491
689541
686801
680082
668925
667194
680111
687402
727366
734453
726061
725642
736884
746627
769231
779208
786292
784155
787436
773477
748268
726443
729468
731078
741053
750188
755055
746937
752769
750483
760203
764045
768413
765398
756989
743719
729565
710331
702542
687982
681650
698496
690372
721963
713364
796601
855211
919765
961715
968109
970327
971990
974737
986615
944220
927191
883986
863323
885596
898011
929611
971121
988751
1.00506e+06
1.00941e+06
989316
955862
957488
906755
917306
935578
942532
958705
957072
947753
921671
898341
862114
846456
835323
806705
794718
771663
765049
742701
733659
751475
771052
797659
830861
858789
874896
916185
956341
970837
979471
982477
972209
972214
961519
966520
966161
974929
977308
986145
992211
997692
999132
991574
975666
944713
907032
825487
816656
714946
737223
699905
705525
779496
845499
935635
989944
1.0341e+06
1.00887e+06
1.02953e+06
1.02072e+06
992184
957598
918867
882241
857267
838723
860579
888320
915917
938898
969889
990130
989070
988989
978699
965206
950747
941233
927246
922527
933963
942250
945278
971363
976051
987755
1.01333e+06
1.02282e+06
1.03086e+06
1.07723e+06
1.10874e+06
1.1299e+06
1.14357e+06
1.15424e+06
1.14117e+06
1.13677e+06
1.11589e+06
1.09029e+06
1.06763e+06
1.01198e+06
1.01874e+06
943954
934349
925613
933409
957738
962721
1.00994e+06
1.03578e+06
1.0469e+06
1.05866e+06
1.06775e+06
1.07105e+06
1.07245e+06
1.07715e+06
1.08316e+06
1.08844e+06
1.08778e+06
1.0852e+06
1.09755e+06
1.07928e+06
1.07116e+06
1.07011e+06
1.0597e+06
1.04002e+06
1.03681e+06
1.00612e+06
1.00058e+06
944728
952917
901824
915768
877128
873887
878303
867253
868637
841938
847618
809392
815157
756937
775868
725377
747707
713980
725738
708777
714533
705427
708128
707438
710331
713354
716702
721042
730400
738329
738734
743694
749755
743925
744272
737128
731489
730832
732188
748062
755997
780003
797119
814222
817915
825135
832574
838551
842758
841528
839177
830729
821790
793737
794417
749130
760542
724196
728416
712467
707486
700274
700027
707351
708407
710188
717687
718840
718983
714222
709264
700499
694569
688410
676774
678572
678357
672940
697053
699093
721587
734505
741733
748898
749212
758728
762231
775868
771793
765527
742041
746595
753427
753377
776505
788830
814028
828309
839294
843857
836428
818504
796972
762557
765838
742966
754257
752429
754385
755461
754498
751891
744667
733812
724344
710861
699216
693481
678252
674402
659371
659687
654302
648235
654187
650113
650401
639555
647952
628471
634211
623820
630413
629933
630278
635230
643373
647300
651372
657821
654722
652910
657827
649389
642377
639847
642722
651893
660800
669042
681876
692102
703096
715826
714527
711956
714548
704023
706716
712631
735334
720962
762609
782023
815755
808910
870951
856604
883973
886856
904085
917113
926030
927333
923508
895883
882703
818715
811616
743451
748868
693205
705994
660471
676247
644192
653113
641694
634794
633716
629855
630464
629115
629860
627860
629626
632298
641074
652701
653024
662977
665253
667299
671841
679869
683009
688907
690119
688826
682791
673885
675717
667299
714926
747311
755392
753501
749401
749343
767361
774857
797838
792043
793925
780670
749972
738641
712563
727848
716857
715842
716880
722772
730316
735667
745801
748791
760145
762700
764043
756308
742861
732042
725670
697498
701586
706150
694679
721401
710897
743670
811635
865324
950691
983900
996117
1.00062e+06
1.01576e+06
1.01362e+06
995954
985696
941939
907987
923258
911645
931243
965514
981465
988671
997750
990041
976334
958523
936327
933021
917254
936274
950285
964393
963180
953486
927254
900631
866643
864662
825200
827184
801552
801511
771836
767077
772315
772066
789209
826087
855861
888131
925844
965401
992920
1.00031e+06
1.00462e+06
1.00505e+06
999531
990174
997700
990192
992116
988069
993978
995590
999941
1.00242e+06
1.00189e+06
992153
973435
941609
909285
849528
821702
739891
738673
700330
716191
780268
857986
949001
1.02314e+06
1.0818e+06
1.04821e+06
1.07044e+06
1.07111e+06
1.04598e+06
1.00526e+06
957007
918491
892465
899046
894856
925942
935004
970742
991681
1.00139e+06
1.00628e+06
999211
988617
973695
959273
948317
939273
932867
940659
934195
965996
964058
985871
1.01076e+06
1.02393e+06
1.02473e+06
1.07784e+06
1.10846e+06
1.11593e+06
1.14965e+06
1.15974e+06
1.15396e+06
1.15005e+06
1.12767e+06
1.11835e+06
1.08606e+06
1.06416e+06
1.01828e+06
1.01309e+06
951048
959028
927734
943687
967117
1.00136e+06
1.00517e+06
1.04458e+06
1.06083e+06
1.0653e+06
1.06866e+06
1.06975e+06
1.07083e+06
1.07367e+06
1.07527e+06
1.07648e+06
1.08929e+06
1.08962e+06
1.06727e+06
1.07148e+06
1.05851e+06
1.05115e+06
1.07373e+06
1.06535e+06
1.05062e+06
1.0241e+06
1.00713e+06
941281
959710
887833
914424
862996
882529
857650
858102
848387
852632
830000
821469
803183
767231
766867
737283
736013
717808
721707
706737
712487
705179
705364
709938
712024
717450
722582
726124
732691
735818
742467
741539
746585
750564
741492
743450
741351
737520
740461
738896
749499
774759
787253
799367
808426
817558
827386
837667
843163
843410
840338
830023
826858
792859
802861
751796
767154
730862
740439
721772
722187
716935
722119
719289
721607
727316
729060
728377
725279
721580
713600
707954
695335
697194
680419
680686
686734
670804
706631
695757
732798
737070
747359
753205
761683
766264
783846
787449
786265
769009
756338
743556
746090
754798
776677
796959
818626
834487
842370
841053
831856
808188
789087
755877
756838
743906
743784
749124
753531
757592
760629
758616
755138
743093
733674
715660
717169
692184
698025
667782
677105
655332
659378
663009
663479
668371
665435
666550
651855
655788
636386
639684
630149
634889
629378
642239
640717
650288
655790
657425
657584
652383
642789
641379
644999
645126
644551
647044
662244
660510
687826
682326
703346
704599
712913
706118
701186
698656
692700
700285
724900
713216
784816
761632
818113
814880
844915
854309
867830
882029
901130
914619
924631
929975
920357
899547
880963
807953
819315
729423
742612
689374
705852
664717
680263
649160
661222
644639
647824
642669
642071
639879
640111
638603
637199
635778
640848
641744
649767
650396
663868
662102
670381
673222
678208
683063
687095
689495
687384
682082
674114
668554
684322
721053
758228
783225
778970
765634
767264
776673
800225
807813
816636
792146
776327
750542
692338
688874
669607
685294
705403
710756
706388
704797
716829
729893
737896
752033
761733
763978
761763
750488
727793
737267
702708
709314
698633
725731
708552
753539
736474
826115
883542
969274
998360
1.01121e+06
1.02671e+06
1.04204e+06
1.0498e+06
1.03249e+06
991415
954308
931605
922251
943035
963423
976430
985621
986678
980792
970477
955885
938833
919237
919055
908778
935729
951768
966599
962828
950544
927329
892112
889150
843972
845928
822497
820763
796489
798413
790865
778826
798567
831473
853928
888217
930254
967303
1.0019e+06
1.02624e+06
1.03582e+06
1.03909e+06
1.03569e+06
1.03441e+06
1.02551e+06
1.00918e+06
1.00952e+06
996809
999689
996383
1.00051e+06
1.00411e+06
1.00517e+06
1.00065e+06
990279
969714
942505
921043
879054
838015
754384
777618
703864
707504
792324
865604
957001
1.03773e+06
1.10496e+06
1.09507e+06
1.12046e+06
1.12677e+06
1.09903e+06
1.05265e+06
997382
954006
916850
896878
923253
939099
976552
997920
1.01374e+06
1.01991e+06
1.01776e+06
1.00806e+06
990766
980145
962952
954733
939492
938581
938151
942686
964938
965220
1.00926e+06
1.00212e+06
1.03845e+06
1.05874e+06
1.09748e+06
1.11708e+06
1.14193e+06
1.16153e+06
1.15925e+06
1.15818e+06
1.14776e+06
1.13337e+06
1.1076e+06
1.08496e+06
1.06636e+06
1.02109e+06
1.01951e+06
947967
981660
938110
947988
969962
1.00606e+06
1.03462e+06
1.04513e+06
1.06884e+06
1.06917e+06
1.06759e+06
1.06648e+06
1.06866e+06
1.06799e+06
1.06772e+06
1.07826e+06
1.06949e+06
1.06739e+06
1.07527e+06
1.05217e+06
1.0576e+06
1.0587e+06
1.08181e+06
1.07134e+06
1.06196e+06
1.02136e+06
1.02542e+06
938593
964402
882325
909228
862417
870059
847789
854913
853769
845221
832290
826306
793460
789865
750802
755084
725590
725154
714493
711855
706997
707451
705295
713425
714468
722818
727280
729884
737115
735844
740031
743254
741421
739132
742629
735850
730169
727846
725581
724787
742940
761972
781937
797484
806319
815253
825230
835944
841096
842073
839814
827477
829652
794620
802956
759991
771968
741825
746731
732768
730643
731682
726833
729161
734415
736296
736999
735803
732127
726133
720301
711019
701674
696353
687984
682725
685911
673994
706229
699484
739048
738849
758278
757979
764598
780097
789088
798094
792606
774727
757073
744518
741449
757606
779271
802400
825082
840502
848196
843896
830571
803622
787012
753213
756858
737300
744243
747750
755059
763491
766797
766397
759383
752500
739680
729660
715048
711047
695414
682286
673893
669334
669139
669495
674363
676941
680624
673901
672244
655858
654704
639889
639817
631665
631753
640577
645632
657565
660157
661629
655269
651476
649823
647961
641587
643835
643280
647669
664220
658366
677909
683444
698009
703042
704759
706138
695411
689358
695004
690728
719988
720883
763655
763599
806842
807272
826127
849001
848906
879931
897476
915234
926724
930080
922235
901149
872833
811680
819442
721139
752776
685218
710345
669474
681194
658208
661675
655255
650489
652213
649774
648920
645118
644797
643282
641948
641613
637478
644723
649496
656621
660867
667579
670160
677217
679765
683746
685663
684935
680599
671706
674986
683494
720360
773710
800691
797396
786045
782130
797713
809083
824648
820968
810369
770890
742214
674818
695858
681477
680686
676226
688677
701387
710574
709711
723775
730783
747738
758194
763318
761238
757214
735306
735177
713967
712720
710628
726629
719633
766164
735073
841760
894174
982974
1.00643e+06
1.02419e+06
1.03973e+06
1.05838e+06
1.07478e+06
1.07213e+06
1.00482e+06
946843
933398
946729
969609
971319
979422
980834
979073
970996
958635
939748
930297
911390
913202
914853
931761
952683
963005
965045
943799
921409
897040
879327
852285
842106
838086
812829
811220
801985
788866
819752
809933
851937
880138
917400
960993
995735
1.02803e+06
1.04862e+06
1.05844e+06
1.0632e+06
1.05801e+06
1.04696e+06
1.03917e+06
1.02596e+06
1.00867e+06
1.00697e+06
1.0006e+06
1.00436e+06
1.00511e+06
1.00705e+06
1.00678e+06
999997
987107
969000
947185
934022
901572
857220
785995
776233
723868
721700
815636
882922
964134
1.04609e+06
1.11233e+06
1.12889e+06
1.16641e+06
1.17342e+06
1.13889e+06
1.086e+06
1.02758e+06
979113
943134
941249
933736
975720
997046
1.02488e+06
1.03367e+06
1.03222e+06
1.02269e+06
1.01224e+06
996058
982827
967175
967610
940392
940337
948493
942113
974482
973526
1.01608e+06
1.00582e+06
1.05107e+06
1.09859e+06
1.08963e+06
1.13592e+06
1.15705e+06
1.16149e+06
1.16342e+06
1.16091e+06
1.14686e+06
1.13224e+06
1.10914e+06
1.08188e+06
1.06472e+06
1.03318e+06
1.0119e+06
961380
982547
949344
964355
987837
1.0037e+06
1.04514e+06
1.05879e+06
1.06875e+06
1.07394e+06
1.06744e+06
1.06563e+06
1.06105e+06
1.06194e+06
1.06939e+06
1.06412e+06
1.06715e+06
1.07389e+06
1.05795e+06
1.05678e+06
1.05439e+06
1.04047e+06
1.09174e+06
1.08199e+06
1.06682e+06
1.039e+06
1.00979e+06
938532
960657
876384
909697
852705
874244
845288
856607
842459
850674
829256
833335
784182
798402
738740
761038
716014
734341
704738
717170
702043
707587
703648
712079
720538
723140
732366
732651
736304
739343
738389
741709
744416
744593
739265
735759
734285
723185
726639
720438
745936
752824
782487
802358
806724
817339
822374
830510
836838
838898
835663
831149
827159
796508
808742
760429
780601
742666
756543
734449
740786
731893
735554
740401
741669
743045
743718
741814
737470
731459
721934
715966
701732
703831
686157
691221
691874
675859
710822
699378
741383
738923
757945
756463
771220
781292
799253
803734
796369
775429
757821
743020
744253
759874
780659
808278
832359
850051
855008
848695
832618
799136
786847
748824
752357
734744
736700
742855
753362
762011
769761
770422
769676
758178
753716
727948
734970
702849
714702
672506
689741
663976
673469
675281
681085
689944
689818
688269
672923
673549
648883
656085
634367
641548
643578
643457
657041
658131
665581
663402
659246
651854
651568
640390
644016
639759
650907
646375
662208
662552
672385
679612
686474
699795
699170
698164
697585
685780
703373
678346
729974
711240
766789
762709
786008
811333
803078
852217
835217
884586
895516
918456
928191
934462
923596
902289
872809
832842
793605
725705
755240
683385
710328
669949
683911
659937
666881
654953
657711
654046
654912
653774
652234
648738
646311
642624
641678
638279
644400
643931
655859
654494
664360
672393
671748
679833
680903
683936
683478
675944
668412
659775
683451
722376
781247
812799
813204
802730
796731
800839
822130
835617
831000
805085
784422
723174
663778
697343
659399
676036
684565
687038
690906
694821
709761
714139
727913
743614
756622
766026
764086
757634
749856
737169
706664
726252
707838
738666
719465
775575
733798
856257
905198
985448
1.00813e+06
1.02468e+06
1.04599e+06
1.08124e+06
1.09427e+06
1.07519e+06
1.03381e+06
932426
959213
956121
970619
978875
979305
980325
972360
964187
949376
936401
914977
909563
902094
925746
928684
954612
951905
950027
938636
906913
896888
880083
850409
858638
822697
821096
820047
809143
794923
817482
834593
862768
903181
929317
969185
1.0065e+06
1.03095e+06
1.05056e+06
1.06652e+06
1.074e+06
1.07169e+06
1.06397e+06
1.04845e+06
1.03558e+06
1.02391e+06
1.00991e+06
1.011e+06
1.00535e+06
1.00727e+06
1.00646e+06
1.00594e+06
995550
983547
962370
951125
943340
919102
878398
791628
818741
710449
770327
802739
893716
963985
1.04992e+06
1.12191e+06
1.17317e+06
1.2168e+06
1.21534e+06
1.1713e+06
1.1122e+06
1.05086e+06
996240
988572
932548
986010
990983
1.03366e+06
1.0349e+06
1.0378e+06
1.02919e+06
1.01972e+06
1.00786e+06
994817
980101
969801
970722
943354
945163
956755
933702
987981
964794
1.02597e+06
1.03257e+06
1.05036e+06
1.09292e+06
1.12237e+06
1.14012e+06
1.15837e+06
1.16578e+06
1.16794e+06
1.16303e+06
1.14684e+06
1.13223e+06
1.10762e+06
1.08357e+06
1.06232e+06
1.03191e+06
1.01493e+06
983493
987786
948954
969651
1.01133e+06
1.00089e+06
1.0467e+06
1.06766e+06
1.06943e+06
1.06748e+06
1.0691e+06
1.06137e+06
1.06396e+06
1.06045e+06
1.06262e+06
1.06208e+06
1.06852e+06
1.06013e+06
1.05748e+06
1.06108e+06
1.04039e+06
1.04473e+06
900861
902180
912049
901752
927101
910232
949408
929330
981141
967592
1.01427e+06
1.02327e+06
1.04777e+06
1.06609e+06
712671
714767
714753
715721
716117
717159
716808
718497
717838
720695
718679
724986
719652
736388
722538
760293
734947
804145
790096
840531
847818
858235
866220
866934
881012
878562
894801
893622
903778
907061
905330
909048
909086
904619
895060
885811
877192
870176
856479
841044
806072
785361
758406
736322
728426
710770
685510
697696
681817
690842
694019
703481
706622
714015
715813
710973
711515
706656
700665
698289
776405
776872
777945
777808
775271
767310
755931
739787
718868
701063
679407
682061
655231
676374
658152
703473
692665
722277
735359
751914
771676
783766
791731
797408
797733
810985
804034
826270
824476
835429
768306
773814
775976
773902
766451
755195
745957
715946
725071
701974
711008
704262
701493
680467
674849
659185
656661
651337
651718
641529
643842
630849
632755
617983
623155
614210
617429
615479
623956
622983
697343
693228
689815
684813
676465
677127
675535
674794
677207
680478
682336
683089
682705
679476
676437
676913
672412
668269
667520
660748
642621
682398
629963
746196
741075
827068
841582
849697
853369
844534
888684
864162
845101
802157
816147
799091
807863
803444
803752
811752
789457
775439
773977
713672
733400
675474
694238
672884
668483
663631
660434
655824
646698
648733
633197
642984
629784
609557
612380
613579
589248
602109
601572
587419
570344
575366
579666
569032
597847
566047
644429
596649
706549
677013
746079
744293
763161
765322
771242
770156
781118
779505
788395
791922
794585
788940
787441
778203
774639
770951
645380
651787
642536
642468
617265
624294
587244
569531
573610
529016
532285
528970
530139
541546
531074
574027
575266
604788
654977
676208
710926
741856
761973
759191
778115
766815
761693
773297
780687
774461
1.33531e+06
1.35281e+06
1.38163e+06
1.38516e+06
1.40412e+06
1.40574e+06
1.19768e+06
1.24257e+06
787541
997424
745898
860323
804057
836549
846819
855311
857245
854441
845780
832750
813023
796754
768072
771496
743133
753667
749768
769845
778143
790355
996409
999878
1.01191e+06
1.00678e+06
1.00509e+06
998629
975336
982278
918050
938144
906158
972927
998230
1.05326e+06
1.08436e+06
1.12532e+06
1.14979e+06
1.17128e+06
1.18071e+06
1.17803e+06
1.15902e+06
1.13348e+06
1.10926e+06
1.08794e+06
1.03231e+06
1.05849e+06
1.05559e+06
1.06264e+06
1.0609e+06
1.06078e+06
1.06077e+06
1.06866e+06
1.05967e+06
1.05966e+06
1.04948e+06
1.03389e+06
1.01952e+06
995032
1.04e+06
1.01735e+06
1.08188e+06
1.07871e+06
1.10575e+06
1.13277e+06
1.14111e+06
1.14971e+06
1.15721e+06
1.15835e+06
1.15721e+06
1.15401e+06
1.14448e+06
1.14009e+06
1.1304e+06
1.12089e+06
1.08612e+06
1.09264e+06
1.05262e+06
1.0603e+06
1.04471e+06
1.05125e+06
977970
996698
1.02757e+06
1.0302e+06
1.0679e+06
1.07917e+06
1.11383e+06
1.12695e+06
1.15081e+06
1.1624e+06
1.16612e+06
1.12611e+06
1.13021e+06
1.02779e+06
1.066e+06
998367
1.02418e+06
1.02623e+06
1.01684e+06
1.04507e+06
1.0396e+06
1.06148e+06
1.07592e+06
1.08087e+06
1.1073e+06
1.10658e+06
1.12431e+06
1.11796e+06
1.12022e+06
1.09878e+06
899771
902443
908716
905755
920796
915149
944082
930249
974074
973270
1.00745e+06
1.02243e+06
1.04457e+06
1.06158e+06
717439
711977
714506
716711
716036
715995
716893
716703
718528
718586
720708
720277
724814
723446
728329
745203
745124
785266
790034
832300
839527
855613
860864
867802
877376
878638
894497
895063
905209
907879
897020
901624
898486
891747
883210
874394
867370
858001
846308
824856
801928
774882
752343
739110
710190
715839
688620
696055
684221
688032
699347
700235
710901
716121
714939
714428
712059
707377
707525
708216
769841
771202
771703
771910
768703
762155
750001
733990
716503
699576
677880
674040
655804
667583
665388
687424
699416
714648
729331
746752
765273
780384
791520
800287
801981
810412
808728
824244
824626
835476
771128
772901
770243
763647
756147
744765
730182
717325
707830
707071
695014
700958
686375
682360
663940
664619
653697
652820
648601
641036
637297
632083
622501
624584
615517
618267
618477
616546
622288
622744
696528
691802
689015
682220
680938
674129
675597
675105
677261
679544
682346
682238
679495
680037
676313
671275
671859
671236
669384
660330
655187
680743
641126
731829
740016
822894
845613
861420
861870
862682
891959
864575
845282
817770
816602
800556
811067
815772
820244
811066
810939
771592
777937
706199
721856
668886
689621
659343
670998
652985
658345
643737
646944
636754
639183
633722
636096
647779
647103
656032
629725
604770
586464
590628
597094
575278
576466
567344
597878
564536
639074
600464
686445
689706
723837
751135
755213
759154
764669
773537
772910
780207
784161
788768
790097
787150
778214
772040
767689
771787
651594
643781
641661
641996
623551
620029
609531
565091
574029
543034
531386
537344
525910
537514
547894
569177
587169
620883
651958
678690
719979
748362
756201
778307
766776
775086
769077
778078
773860
790072
1.32456e+06
1.34437e+06
1.3481e+06
1.36071e+06
1.35533e+06
1.27789e+06
1.20031e+06
1.02005e+06
951704
830560
856537
820616
823057
838140
845909
850799
851325
847339
838618
826138
807672
793104
766137
761209
742961
737415
747662
760685
774869
792554
1.011e+06
1.01269e+06
1.0097e+06
997521
980236
965958
967996
933563
936753
904959
926850
951197
996228
1.03879e+06
1.08075e+06
1.11372e+06
1.14036e+06
1.15559e+06
1.16135e+06
1.1538e+06
1.14044e+06
1.12071e+06
1.07431e+06
1.03073e+06
1.03771e+06
998437
1.01696e+06
1.03357e+06
1.04865e+06
1.05738e+06
1.08338e+06
1.08013e+06
1.06405e+06
1.04693e+06
1.03204e+06
1.01828e+06
999939
1.0026e+06
1.01601e+06
1.02429e+06
1.06547e+06
1.07207e+06
1.11031e+06
1.11494e+06
1.13229e+06
1.14163e+06
1.14661e+06
1.14877e+06
1.14601e+06
1.13908e+06
1.13849e+06
1.13159e+06
1.12187e+06
1.10203e+06
1.0992e+06
1.07326e+06
1.05697e+06
1.05282e+06
1.05168e+06
1.04222e+06
983765
1.00164e+06
1.01994e+06
1.04673e+06
1.05851e+06
1.09063e+06
1.10938e+06
1.12433e+06
1.14291e+06
1.1525e+06
1.15191e+06
1.13339e+06
1.11381e+06
1.04136e+06
1.05642e+06
1.00777e+06
1.02088e+06
1.02747e+06
1.02312e+06
1.04737e+06
1.03971e+06
1.06565e+06
1.07045e+06
1.08242e+06
1.10209e+06
1.10967e+06
1.12248e+06
1.12864e+06
1.129e+06
1.11224e+06
913498
909859
916469
908554
925780
913573
942022
929852
969204
963560
1.00779e+06
1.0156e+06
1.0383e+06
1.05174e+06
712099
720512
715040
718394
716867
716243
715629
717373
716503
719217
718154
721648
718601
727654
717435
746967
728189
785590
778491
820340
831366
846675
854926
862769
871689
875791
892639
894444
904888
908253
887152
891848
885929
877794
868716
861787
854260
846753
832619
815192
788619
768187
743990
731834
708854
715186
688027
698921
682051
687760
694473
701919
713757
714583
716951
718823
712913
712638
712190
708556
764748
766178
766029
765041
762178
754614
742303
728867
711081
696091
672892
674142
653560
671334
658107
687205
692628
714956
725041
743288
762367
774692
792749
797130
807532
812362
816278
823168
828914
832153
768458
766680
762676
753533
747189
729509
724233
700797
707031
683856
693334
682952
684090
666081
667441
654013
656773
645390
646765
635285
634473
622468
624970
616116
617377
615308
618110
618656
621861
626599
693689
690514
686834
682783
680773
674527
677084
676353
677401
679081
679991
679043
680646
675088
671443
673700
672834
673973
667018
674553
662507
683469
657240
718086
752803
822152
846181
860981
869502
874641
898732
872394
845314
830332
829066
826955
812265
816041
818639
818641
810567
782325
763904
689715
721268
653562
684078
651657
654585
653773
642862
639912
638840
633384
633094
628867
644680
647720
666339
680834
619903
628895
635497
605521
580927
592534
583652
573015
585651
565622
638636
597645
693468
667696
732009
734260
748801
759805
759493
767136
775685
773388
783453
782684
783956
779421
772525
765046
766915
759420
660999
661913
655303
652000
641642
614008
619284
591760
552868
554491
524818
524592
535681
554838
554897
576380
614922
620209
655038
694538
730521
738287
780695
774087
790713
776456
791906
777802
783646
784563
1.28111e+06
1.31102e+06
1.31944e+06
1.30948e+06
1.28249e+06
1.22716e+06
1.04898e+06
1.0215e+06
821041
895410
814049
849149
829686
841600
844968
846185
844261
838864
829585
816569
800541
784132
759297
750429
731521
737283
738977
755889
768655
783805
1.01211e+06
1.01374e+06
996910
976722
950549
935332
907622
931553
893431
891679
929237
942595
984711
1.03237e+06
1.07078e+06
1.10583e+06
1.12587e+06
1.13822e+06
1.13846e+06
1.13693e+06
1.11835e+06
1.0721e+06
1.02326e+06
1.00958e+06
933541
972922
964386
987336
1.00987e+06
1.03118e+06
1.08902e+06
1.07628e+06
1.05553e+06
1.0357e+06
1.01715e+06
998996
991188
980952
1.00749e+06
1.00474e+06
1.05859e+06
1.06776e+06
1.0939e+06
1.10985e+06
1.11941e+06
1.12928e+06
1.13549e+06
1.13444e+06
1.13206e+06
1.13102e+06
1.12449e+06
1.11456e+06
1.1027e+06
1.1093e+06
1.06621e+06
1.05659e+06
1.04899e+06
1.04443e+06
1.02633e+06
1.03003e+06
992246
1.0127e+06
1.01628e+06
1.04059e+06
1.0719e+06
1.08182e+06
1.10993e+06
1.11974e+06
1.12901e+06
1.14156e+06
1.14993e+06
1.10973e+06
1.1091e+06
1.04158e+06
1.04916e+06
1.01083e+06
1.02679e+06
1.03497e+06
1.02942e+06
1.05008e+06
1.04626e+06
1.06295e+06
1.07285e+06
1.08678e+06
1.10148e+06
1.11149e+06
1.12631e+06
1.12797e+06
1.132e+06
1.13453e+06
903127
906109
907690
912585
920828
917266
933111
928798
965288
961178
995452
1.01311e+06
1.02493e+06
1.04169e+06
724829
719005
725167
716382
719262
717605
715815
715436
717159
716037
718849
716400
720183
714426
724964
724934
734801
759206
776745
807058
819163
835406
844950
853813
862469
873062
885525
893911
903603
908038
878478
875078
868596
859264
850968
843087
838042
829330
819043
800480
778177
760988
732062
729618
714922
700705
700006
684302
688231
685558
694220
705280
709008
715949
720572
718865
718631
718288
714341
712405
756232
756580
757071
755422
750069
743100
733465
719659
701780
692704
666784
671575
650922
663056
660242
683988
688392
714322
723302
740875
760496
774731
791773
802482
809958
815335
816804
825252
826591
836075
769044
761490
756874
744978
738454
719466
713398
698347
684291
684180
668387
668974
658988
665487
652631
655935
645710
646791
635259
635806
621869
624907
614157
615218
612879
613325
618139
619673
624331
625714
691342
686935
686497
680582
681216
675746
677088
675897
677500
677121
676601
679743
674554
671303
673759
672293
675129
671170
684273
679992
676644
682436
691819
714383
755789
819558
843782
862799
875804
884995
885451
887614
862429
852040
827594
831247
833847
829768
834941
827057
816008
759370
770476
682322
711185
653449
670652
644718
652833
638301
636669
635810
624026
627435
621660
633289
638263
656232
670923
681468
661803
647750
630962
636358
624852
603745
590776
590252
592838
561401
628977
602773
673607
672836
722756
723299
748608
749165
760805
766880
771141
774241
781904
781207
778140
773983
767689
766583
755562
759518
643731
639353
636716
629092
633788
626000
595650
597249
599001
582901
572966
570401
564008
571431
560847
613855
603207
637199
670798
713170
717343
777626
774879
798147
785096
800526
781800
794408
789120
790713
1.28134e+06
1.27709e+06
1.28947e+06
1.26063e+06
1.19425e+06
1.08726e+06
1.0085e+06
877592
879179
804298
841591
831045
836636
845788
843188
839494
834019
827346
817940
803626
788392
769799
753152
735361
722327
721724
722788
748011
759075
773690
1.00614e+06
1.0062e+06
983756
957229
926190
908216
911227
866796
897282
876131
932490
926664
990562
1.01725e+06
1.06355e+06
1.09167e+06
1.11021e+06
1.11789e+06
1.11611e+06
1.08667e+06
1.04349e+06
991891
972880
906278
938540
874192
900806
928592
954212
975187
1.09446e+06
1.0764e+06
1.05038e+06
1.02121e+06
998988
983361
951061
970064
967692
1.00015e+06
1.02458e+06
1.0569e+06
1.077e+06
1.09322e+06
1.10875e+06
1.11011e+06
1.11125e+06
1.11194e+06
1.11429e+06
1.1073e+06
1.10248e+06
1.08685e+06
1.10401e+06
1.06649e+06
1.06224e+06
1.05815e+06
1.04054e+06
1.02182e+06
1.02663e+06
1.01159e+06
991350
1.02366e+06
1.02011e+06
1.03781e+06
1.07322e+06
1.09582e+06
1.09401e+06
1.11779e+06
1.12511e+06
1.13108e+06
1.11746e+06
1.10749e+06
1.08952e+06
1.0346e+06
1.03406e+06
1.02634e+06
1.02843e+06
1.02804e+06
1.04044e+06
1.04973e+06
1.0533e+06
1.06883e+06
1.06897e+06
1.08766e+06
1.09997e+06
1.11699e+06
1.12441e+06
1.13527e+06
1.14551e+06
1.15518e+06
931898
925835
928356
916527
925249
915674
937115
922841
961453
959038
983087
999618
1.01451e+06
1.01892e+06
733259
725418
720360
727033
717398
720022
717434
715514
715220
717018
714286
716801
711871
716919
709011
730048
718389
753009
764043
793183
807082
821950
833260
841607
852279
864166
877890
887517
899570
906365
866979
858553
850360
840503
829610
824638
818871
814531
800208
789287
770187
743881
731841
727300
705237
709411
688707
686847
684501
684872
695219
700466
706366
717968
718543
721751
722351
719579
719004
716633
744102
746541
748014
745692
739279
731521
721714
710223
693453
688067
661744
668747
647048
667364
653230
688680
680130
718791
716164
744494
758955
780212
793982
811293
821447
826101
827924
825090
831039
831691
768847
764040
755533
744160
732476
713114
715734
679809
690640
658845
669279
657365
661511
649320
653896
643242
645015
634452
635987
621349
624577
612226
612132
610361
610916
612517
614676
622681
623110
630501
685675
685678
682336
682456
679265
678223
676500
676081
674290
674708
676886
671153
669100
673151
671176
674172
671507
687875
682988
685811
694062
694508
712422
723783
758186
803192
837639
856397
873542
887191
920487
891360
874895
867056
863086
841869
841989
840938
835471
827837
817349
750542
757123
675995
700878
651662
661422
644286
636486
634106
625146
616922
618310
610669
617564
622379
634497
654649
655515
669965
661506
664335
660886
656322
644051
624897
606364
586787
581591
567623
629105
595582
679109
650023
713916
725013
732909
751307
763320
767308
771398
779124
780971
786297
777099
776029
767792
762427
755174
755810
688365
690026
685410
687845
668917
662511
660615
612832
575642
567961
554758
542243
551522
559829
612074
599158
639755
653726
695552
700085
770564
766286
795455
790789
812615
794679
807127
789152
794917
783473
1.16157e+06
1.20116e+06
1.1898e+06
1.1733e+06
1.10998e+06
1.04362e+06
903993
889916
777434
827844
817911
830889
845493
839926
844823
830091
825475
817324
809144
791370
785341
744253
733788
712423
702765
707201
713363
737617
747090
763496
981306
982172
959984
930833
892948
867478
842288
867129
877375
866309
920596
937708
984489
1.01746e+06
1.05055e+06
1.07738e+06
1.0881e+06
1.08119e+06
1.0506e+06
1.01808e+06
978446
968696
891902
859512
763178
798441
811019
850556
888245
911858
1.08842e+06
1.06433e+06
1.03874e+06
1.00394e+06
977237
939342
951264
923468
963480
966150
999705
1.0246e+06
1.05822e+06
1.07113e+06
1.07598e+06
1.08938e+06
1.09671e+06
1.09881e+06
1.08472e+06
1.0685e+06
1.05712e+06
1.08668e+06
1.05652e+06
1.05442e+06
1.04752e+06
1.01882e+06
1.00659e+06
1.01575e+06
990671
984544
1.00219e+06
1.02674e+06
1.02469e+06
1.05996e+06
1.06366e+06
1.08696e+06
1.10678e+06
1.10265e+06
1.11776e+06
1.10903e+06
1.10535e+06
1.09168e+06
1.04037e+06
1.02599e+06
1.03236e+06
1.01378e+06
1.0218e+06
1.02949e+06
1.03868e+06
1.06042e+06
1.04968e+06
1.07825e+06
1.06368e+06
1.08975e+06
1.10234e+06
1.11661e+06
1.12857e+06
1.14457e+06
1.1586e+06
1.15871e+06
917029
921265
917682
927687
917919
923920
925228
931328
942142
960493
974149
983684
992732
1.00938e+06
723143
742555
734959
724235
727734
718508
720520
718262
714302
715046
715069
710716
713133
706122
712753
715204
720639
746858
746500
780957
795759
806586
816534
830669
841044
851823
865082
879801
888083
902056
858847
847520
839028
826678
817508
810209
803704
797525
794474
772583
761678
738869
737505
712099
716805
695186
697996
676805
686809
684452
684027
697247
704634
711412
717827
722677
722059
721640
719039
718405
733393
729329
728084
731184
731376
722299
712872
701904
689812
682816
661165
661038
652377
664645
654025
686868
686176
714769
720411
746965
763832
783995
805938
822333
830468
832690
831109
829330
823314
831009
782056
770073
761419
746782
733281
714295
713578
675396
686943
654455
658454
644265
639269
642833
637327
643190
633125
634936
621819
623900
613478
607784
609036
605170
608161
614484
617034
619364
629048
630238
685894
681811
682511
680129
679742
678931
676720
672798
671432
672832
667987
665623
671161
669731
675222
672106
690209
686621
696291
708072
706368
704572
719423
732537
749919
783558
820329
842086
861396
880575
918489
911500
903101
881773
878699
867576
845838
845567
843083
817053
817595
734964
754665
669397
699977
641950
663279
629559
632125
615792
618419
609634
606133
608945
611928
616352
629790
636421
644309
645759
675098
671642
664739
661026
664759
656567
634281
617904
605113
584233
625739
608586
674359
654405
706721
702726
741853
746313
765496
769436
780501
781640
789759
788168
789388
775220
773111
768239
763178
758216
660172
664197
666032
660066
661530
645297
631960
647164
644451
615743
625313
630149
619132
632693
605358
638573
637637
685838
688227
774295
761985
801500
800448
820880
803521
826107
802953
808001
785646
780177
1.17665e+06
1.15532e+06
1.15659e+06
1.11315e+06
1.05976e+06
974075
874908
850305
794463
799681
810297
840682
844433
852475
846473
834154
816283
813969
797799
794125
764700
727378
723020
689668
683020
688240
699331
729928
734138
766563
957988
955030
933493
905414
876675
857340
855601
836589
863955
881061
907281
950680
978622
1.01447e+06
1.0374e+06
1.05531e+06
1.05489e+06
1.02996e+06
1.00243e+06
963846
939230
857928
785895
737988
792035
744427
754602
784949
811969
820758
1.05985e+06
1.04251e+06
1.01809e+06
986233
945846
931404
887322
924162
903448
951489
963927
997445
1.01822e+06
1.04554e+06
1.06367e+06
1.07815e+06
1.07544e+06
1.05443e+06
1.03528e+06
1.0372e+06
1.05187e+06
1.01543e+06
1.01229e+06
1.02066e+06
1.02144e+06
1.01735e+06
1.01711e+06
984347
992842
977621
1.02594e+06
1.02695e+06
1.03391e+06
1.06228e+06
1.08029e+06
1.0842e+06
1.09709e+06
1.10494e+06
1.07911e+06
1.07972e+06
1.07236e+06
1.03528e+06
1.0227e+06
1.02481e+06
985863
996545
1.00221e+06
1.03483e+06
1.03249e+06
1.05902e+06
1.05424e+06
1.07449e+06
1.06607e+06
1.09753e+06
1.09471e+06
1.11904e+06
1.13002e+06
1.15299e+06
1.16064e+06
1.17259e+06
959436
949809
949858
927981
935262
921271
930766
923403
944995
940740
963062
965235
969502
976408
775212
736729
741508
736166
724009
728724
718203
721473
716060
714644
711199
712057
706084
708913
703499
717552
708375
744481
743412
765849
783111
797684
808771
813370
823354
836381
848876
860134
871581
888519
844198
838912
826320
823537
803992
801757
788469
788215
781727
766240
761944
738448
738998
712085
714381
697625
687677
682550
678064
674948
686475
686190
698140
705930
716907
719173
721606
720101
717986
714096
730161
734180
732491
722333
713869
713645
708507
696908
687387
683947
667101
671097
662008
673674
661617
698576
686147
726468
725829
753421
769316
795190
815268
832123
842000
844345
839050
826481
823758
815618
785141
777062
766503
750450
737056
716681
711748
673486
687436
653108
662153
642946
644855
636218
637432
627065
633860
620773
625777
613270
610299
608328
604222
606143
608704
612516
615533
623389
629133
631968
674502
678053
676683
677389
678705
678642
674796
672697
671385
662126
660211
666508
666557
674694
672042
690187
686558
700587
714577
715380
715384
710288
724708
709450
746059
766556
793965
825000
851476
869472
938182
932026
931093
914007
882008
873269
863378
839673
840779
814173
804715
725620
738913
675248
680227
645376
655954
617928
629088
609938
599585
601683
593996
598636
609014
612328
619553
628610
630077
635956
668447
673640
675485
675193
666894
664333
655845
635871
626494
627505
642043
623613
669511
659600
707819
692164
750505
743349
764406
777349
784525
795720
804418
803205
791298
789098
777498
772992
768747
769751
733340
727011
722833
728936
722002
724238
698982
665900
671244
661439
635308
626486
645205
626794
658379
648693
696867
687236
774203
750714
788047
802643
808404
809171
840994
817254
833122
793458
796896
763627
991270
1.05039e+06
1.05609e+06
1.05889e+06
985805
952591
838357
862392
790636
805088
825845
844579
861395
853757
853061
836196
826835
796225
800709
772658
754877
710228
704846
674604
680162
673609
709917
706830
749061
748904
914532
923223
906824
886276
857960
839941
837213
828537
864446
886895
917249
947856
980729
997086
1.01578e+06
1.00468e+06
985420
981972
967529
935808
858815
838455
765005
762085
638958
655608
701304
734567
785036
861677
1.01786e+06
1.00638e+06
989273
953101
918263
890692
894453
857269
910439
893062
947239
957368
987659
1.00285e+06
1.02801e+06
1.02422e+06
1.01066e+06
995942
987897
980785
950044
953034
997514
1.00359e+06
974520
990569
973900
986207
966855
966716
1.0252e+06
1.02788e+06
1.07318e+06
1.08306e+06
1.07508e+06
1.09523e+06
1.08791e+06
1.08066e+06
1.07459e+06
1.05697e+06
1.02935e+06
1.0159e+06
1.01773e+06
970772
974374
981599
990278
1.02569e+06
1.03097e+06
1.05262e+06
1.05733e+06
1.0692e+06
1.07127e+06
1.09421e+06
1.09158e+06
1.11945e+06
1.13298e+06
1.14937e+06
1.16419e+06
1.17401e+06
947418
947783
940291
949452
929343
935290
925814
931989
928989
943704
932443
953654
955883
968711
736739
777300
738745
746933
734193
725501
727803
718131
719698
716191
710528
711405
706735
703872
704640
716054
706052
731926
742723
761770
769789
785602
792090
798131
807811
817638
829151
841250
857321
852894
836303
825413
835137
820206
812042
799425
790416
790960
785542
767884
767129
744867
738645
712599
722090
692609
694115
688100
672535
672101
677892
677367
698608
699528
709364
717050
716788
715133
710495
707566
714277
716917
717437
717806
715194
710082
703385
699297
694566
673760
668906
656061
664721
667358
689516
692842
701739
735439
738964
758232
782974
804246
823837
840788
852209
856654
851012
829761
803827
757303
812420
788849
771838
752623
737796
715549
712342
676583
688003
655292
667278
642514
649989
633107
639401
628530
626399
622265
619657
609547
613332
604720
607407
605833
611047
607076
617619
626943
627910
636627
663881
671592
676042
679514
678049
676232
673753
669152
661307
661686
663917
664231
672059
670729
689427
687673
703440
717633
723232
727607
726207
720824
723639
704228
736025
764672
766680
809324
834893
861873
951718
953563
940751
929402
903893
870726
860960
848391
824813
803525
785051
717506
734787
659975
676568
645320
637288
619556
623075
597630
602955
595186
599369
597735
599018
613721
612894
622626
623680
623400
665297
671081
674998
673660
673452
665471
660531
649419
637904
627468
638196
642779
673475
658605
712376
691683
736267
746143
772113
776831
792596
804847
815654
813964
801858
794528
784508
783869
790039
792158
734689
743562
747577
744888
742132
722120
726952
708755
675123
681061
671984
659697
651723
669408
664323
701194
685737
771094
761138
836247
825846
821359
850367
859866
843381
863249
823616
826861
766208
769489
1.05732e+06
1.02179e+06
1.01735e+06
993042
990210
908496
848926
860260
815519
831506
850870
860790
871413
872217
862249
845484
827856
809983
772623
781927
741180
712904
691990
672423
665583
694842
689154
737777
744484
792787
902516
902590
895314
878954
851163
843939
854039
855130
867505
921312
917640
960255
970470
988141
989610
1.0028e+06
1.01071e+06
969472
922390
900023
864982
810217
709298
705014
655998
642033
726595
708133
822628
800017
962730
965837
946041
921258
894918
876140
833429
865559
850808
905714
899166
948537
958880
992999
1.00002e+06
1.00003e+06
994343
1.00185e+06
982250
951921
965370
975447
966380
947390
990012
974642
984698
964596
967670
977158
1.03573e+06
1.07466e+06
1.08932e+06
1.07679e+06
1.09836e+06
1.09427e+06
1.09586e+06
1.07017e+06
1.06601e+06
1.03113e+06
1.00033e+06
996483
950255
944267
964807
974574
984406
1.01086e+06
1.02358e+06
1.05752e+06
1.05038e+06
1.07407e+06
1.06779e+06
1.09434e+06
1.0893e+06
1.11594e+06
1.12634e+06
1.14534e+06
1.15022e+06
1.15821e+06
989049
983839
976753
949263
952950
932124
936067
924693
929654
916682
925116
900845
914937
905136
896086
828061
835231
764044
781113
730601
738842
731805
721227
724731
715787
716665
713052
707071
708272
705769
701496
712893
717496
719787
737247
760142
765436
773500
785673
797457
796661
795918
798844
801702
793650
786013
685166
788770
821744
830963
835105
831666
817995
811554
800857
792384
791621
779659
768926
758144
744027
717464
724872
695013
695397
679354
678692
664143
670581
674084
691568
695285
706951
713215
716095
712488
706493
701036
687572
662644
700049
700873
699605
699760
702631
703981
703615
707935
701697
709748
694890
697916
682091
691041
687723
713260
722906
730177
751068
767874
789169
808571
829814
847620
860881
865248
860410
836184
822492
761842
778499
754453
769041
768762
763052
750860
738582
716675
715685
681719
689032
663440
665917
651082
648185
637878
635899
630435
625845
620944
618177
610987
613428
605495
609155
607328
605968
612700
619475
624887
631837
636619
635132
603618
652814
658801
662872
669921
672777
672362
668393
662287
660500
659787
661768
669173
668584
688585
689220
702795
717966
726228
734267
737520
732078
722594
716538
720119
721754
761408
765332
797310
836640
883364
890313
906366
945924
950117
946565
928212
910933
881056
849236
829483
827835
787536
765330
714595
713878
652643
678145
631787
629735
622279
611075
599045
603084
595807
596436
601824
595931
612528
616716
627129
625321
629109
627773
648576
654227
670252
676517
680648
678282
670876
659008
651463
649380
644331
662576
657211
668126
674494
696655
708221
722380
748759
771516
782721
792251
806646
816141
816674
797627
795482
789765
794188
796673
810388
794899
803787
777296
779733
775179
773017
768526
760455
733973
729881
709332
671113
677213
671141
677329
670458
699532
686366
758006
750569
836743
851361
876929
873141
853182
848331
873502
865016
872568
808028
778920
715623
689066
597893
708445
915918
983697
1.00884e+06
960353
915678
886461
846543
840598
861039
869143
888052
893717
887908
881021
857171
836798
814952
786468
774850
756426
713406
699435
681263
695785
694836
719423
741289
770708
809173
804276
753346
868632
892654
896696
886416
863335
849666
844577
866910
889222
914293
945382
960522
972528
980055
982420
979697
959048
949436
939455
885667
825582
793641
697731
694937
650453
695044
706108
807398
810404
922210
918353
834371
921272
914951
912097
897645
870986
840071
847647
825037
866626
862257
920112
916150
962345
961278
961833
967109
975263
939402
912442
909449
905127
926739
929320
972660
957514
965441
956137
957588
972690
979706
985258
955815
1.05802e+06
1.07578e+06
1.08452e+06
1.1145e+06
1.11655e+06
1.10924e+06
1.0913e+06
1.07978e+06
1.03625e+06
1.02393e+06
988859
937790
924909
940758
955020
953518
1.00088e+06
996249
1.02535e+06
1.05256e+06
1.05138e+06
1.07512e+06
1.06913e+06
1.08762e+06
1.0988e+06
1.10959e+06
1.1212e+06
1.13314e+06
1.13583e+06
1.13733e+06
1.1064e+06
1.09681e+06
987242
977055
975314
976180
947144
952043
926935
932435
914925
922941
911127
919964
900122
917586
865393
857099
812674
786642
753975
756544
730320
735830
726735
719283
721569
711543
714966
707637
705671
706746
703220
709137
713986
732111
727637
754697
762059
766979
768366
769777
773053
782067
789285
791605
789605
787115
766635
814422
842686
855025
849712
838725
828376
818167
815096
808239
802012
796788
781461
757858
760620
717547
727622
697434
701103
676573
680021
666757
665634
681119
680963
697164
705167
709220
710256
708514
701704
695511
685946
681872
683601
681286
691356
697638
702436
704984
716216
711721
715472
703332
713383
706262
721917
718213
732219
728010
728435
731482
768096
765291
791317
808790
832165
845848
857209
860100
852986
825459
815173
749005
774357
754073
768624
765050
761050
748787
736396
719870
716711
690384
693829
669799
674867
649485
656845
637513
642919
629472
633045
628376
623163
621516
611977
614653
606943
611806
605243
616538
619743
627065
638147
645012
644176
637843
655197
654641
668272
666988
663869
666043
660002
658589
658992
658936
667181
664071
686877
688967
702277
718633
725003
733872
738983
738058
732631
725992
727315
722771
738536
758180
784656
808539
848898
895331
898405
916028
941115
945409
944047
928373
906047
878686
854369
812693
816295
757896
768831
695996
692015
662825
658580
624484
637744
615460
614169
604149
600056
590615
590151
596681
601492
618873
624236
626107
632208
637560
635918
649322
658263
668016
679024
680375
678536
678032
664451
654401
650327
660790
665944
673655
700528
678008
691706
709757
742259
740278
773203
779043
793070
798135
809518
798238
788973
787801
781570
786525
796112
810807
794448
785651
775067
777227
777801
776043
772310
759135
749373
718779
710320
693147
676627
678660
672799
691619
679013
734949
725956
813137
857830
893887
903445
902467
891101
906718
903186
915126
877574
860043
795701
777758
766547
795169
843199
931206
982332
1.00082e+06
964907
956259
898448
886749
886028
885942
905661
910025
917841
910782
894121
875733
842830
827688
793376
786640
755591
739250
715379
717446
702141
717827
731923
764503
789438
838842
823087
829580
888609
908919
916375
909322
906042
901190
909805
914434
940532
948908
960835
969689
977039
982644
986830
985283
971370
952426
916102
884513
773015
780070
654502
700061
680200
713954
777733
821366
901101
943935
935700
915902
933476
909618
898868
886014
852432
834344
833895
847132
834272
891868
898255
934269
954693
969898
975064
982692
947253
952681
920883
923588
915566
922289
941186
950575
954407
967934
960331
976457
989353
986094
1.00944e+06
1.03363e+06
1.07634e+06
1.09873e+06
1.12649e+06
1.13417e+06
1.12077e+06
1.11546e+06
1.10008e+06
1.06689e+06
1.04149e+06
991333
979520
927683
927104
914104
938829
948693
1.00694e+06
999092
1.03558e+06
1.0445e+06
1.05858e+06
1.07028e+06
1.07467e+06
1.08562e+06
1.09058e+06
1.109e+06
1.11273e+06
1.11606e+06
1.11486e+06
1.11343e+06
1.10225e+06
1.08396e+06
1.01192e+06
1.02284e+06
1.00259e+06
977131
970174
942855
939577
917797
918511
900398
901711
882991
893939
874677
876952
834724
840526
768961
773625
756492
732666
732811
726807
716916
720244
713489
709202
710121
704535
705260
708601
711318
711120
732197
737733
741056
758688
764112
769349
770666
773832
770360
768257
764144
764508
782173
792763
822240
839090
847539
843822
841480
834632
829280
823808
823190
814129
804974
797067
758931
765161
727734
728568
702247
704221
681777
688741
672721
679172
687762
690165
698946
709029
708130
707999
704712
697245
691568
684012
683706
684293
685392
690725
689262
696897
711058
714594
729545
726485
734284
721346
726450
724914
741707
731176
736675
742484
737188
770462
762482
791597
810080
828761
844730
853767
853638
845916
814918
806362
745865
768058
750247
760338
758637
755659
748065
738075
726873
719340
701818
697658
682744
674217
666004
650774
651332
636091
635934
632107
620246
623182
614292
625921
608262
617580
608129
616953
614406
625970
627011
639815
643824
641998
639366
658382
655242
657351
657525
664447
658413
658531
655298
653835
664940
662166
679755
686197
698154
719499
719605
730934
731534
732756
729884
727751
729665
725619
737003
768746
757215
809775
836143
852316
897779
898933
911643
932942
941431
937836
926203
907402
866510
849993
801182
806033
739535
750353
674964
701287
646154
656172
630285
633617
620299
617807
614955
614277
613756
609629
610636
610205
621352
627988
637536
646797
644544
650781
658018
660913
674495
680421
683877
686388
681081
675962
662829
660756
661753
675466
712824
701066
707661
716013
721404
745319
751121
774923
778479
784620
791674
791194
778345
760565
765086
761830
768135
777451
788990
771937
771398
762422
768839
771344
774938
769900
757083
744446
731684
702223
687321
693644
675461
687633
680132
709573
715474
769478
825533
896930
937814
934507
932053
939050
929225
947508
926768
906237
858987
827363
824185
834044
899316
924351
967696
997780
1.00926e+06
989103
966702
913976
928455
899879
920573
925697
940351
939622
933731
911225
882964
864039
830961
811191
796026
777139
760792
737131
711390
712300
742225
744399
779831
806371
840973
842023
871768
920720
939492
947473
947806
930602
929071
925769
938000
944513
958279
969262
977524
985209
989864
992931
990688
975987
947207
898426
872867
748315
760500
669730
691023
707448
760635
807822
887550
939761
985540
971209
979612
973380
944756
920404
889247
864984
836584
828467
838545
863650
891442
914850
948353
968246
973048
975808
966412
961915
944702
928088
921584
915810
933000
933905
947636
965533
962506
974655
991126
990465
1.01703e+06
1.05052e+06
1.06187e+06
1.10501e+06
1.13984e+06
1.14607e+06
1.13398e+06
1.13505e+06
1.11517e+06
1.09464e+06
1.07625e+06
1.02461e+06
990546
959301
932927
914765
903506
959038
954341
996458
1.01188e+06
1.04909e+06
1.04596e+06
1.0623e+06
1.06878e+06
1.07591e+06
1.08147e+06
1.09002e+06
1.09293e+06
1.1049e+06
1.10581e+06
1.11116e+06
1.10372e+06
1.0793e+06
1.07713e+06
1.03919e+06
1.01299e+06
1.01756e+06
1.00297e+06
968557
970721
918474
935355
893517
905949
879278
892834
877562
880615
852273
851675
820193
781886
786954
740375
754445
717634
736950
709339
722469
707696
710496
707903
706032
707402
706937
716039
715354
725675
736513
747401
745277
753206
748648
748965
744763
740115
739634
742998
749796
774245
793452
808448
829364
833752
836191
836473
838818
839457
836059
829926
828648
810357
804437
767755
771100
726720
741618
701715
711859
692438
684610
686927
690493
691026
698514
709124
711028
712807
708793
706006
696480
691215
683624
683129
672624
669852
686099
681263
709505
707664
729920
732668
742630
737358
745288
748467
761403
752879
752937
739100
749185
736739
762453
766409
793768
807768
829242
839379
848785
844276
833085
802251
790987
751409
758528
753230
755990
755091
753927
749851
742694
734908
725798
710421
708673
685482
690436
665823
671494
647586
653716
644038
638935
645071
637668
637494
622789
634290
616632
624906
615000
624210
620706
632249
640922
640277
648297
645097
656400
658107
656699
660439
651805
647264
643594
647590
651222
660916
669576
680840
694619
702268
717534
724333
721354
724958
718489
717821
724382
720731
730576
767260
767277
774099
849609
835616
868124
887935
897953
908063
924422
931112
933129
923975
904986
863336
843116
790047
788289
724488
737640
672611
695869
644932
658773
635301
638327
627805
624382
619343
617280
616128
618588
614834
617700
626846
637381
650723
649418
659482
659198
661318
668971
677024
681589
688255
688698
686892
679850
672498
664228
668146
708785
717002
728477
729724
725839
730128
752246
764157
781546
787382
789619
771693
773081
756340
741898
746934
740880
745907
745974
749735
747740
749832
757012
758910
763687
765924
764523
757077
745231
727662
714086
694910
691576
694718
684782
708256
700616
753033
766208
858411
928548
959969
975222
974703
977939
979924
957189
964901
919075
896315
888326
863101
896365
931314
963770
987510
1.00801e+06
1.00926e+06
989652
970647
921729
936640
926393
931931
950362
955641
957050
947686
924035
890291
875855
840705
824829
814075
791415
782981
755476
748059
749595
749817
768304
799521
828367
859313
881474
913984
954514
970781
977588
981877
978413
964240
970431
972993
983594
979898
986590
988220
993144
996996
998993
992894
976059
945660
892588
856875
753946
773508
673801
687115
734685
768659
852756
930199
993427
1.0329e+06
1.0079e+06
1.02845e+06
1.01933e+06
989956
955907
917692
884661
864648
873489
870031
885710
911232
943791
962561
977595
992845
988483
977671
965376
952905
938437
931266
929817
924342
939046
960185
958435
973725
1.00421e+06
994133
1.02068e+06
1.05509e+06
1.06543e+06
1.09555e+06
1.14641e+06
1.14197e+06
1.14249e+06
1.14757e+06
1.13096e+06
1.11616e+06
1.09452e+06
1.05675e+06
1.04441e+06
969895
976156
929423
917395
923222
942582
994534
1.00312e+06
1.02516e+06
1.05e+06
1.06177e+06
1.06576e+06
1.06809e+06
1.07343e+06
1.07808e+06
1.08284e+06
1.0883e+06
1.09776e+06
1.09719e+06
1.07734e+06
1.07782e+06
1.06882e+06
1.05806e+06
1.05727e+06
1.05317e+06
1.02993e+06
1.01939e+06
974606
977005
920431
930931
884562
896731
879266
863149
863440
849536
857772
829403
833921
781253
794757
738314
760527
717528
735805
710897
718690
706194
711158
706754
708628
709490
712258
717425
723952
727310
732198
743827
749435
749040
755186
749335
751195
753780
751632
752108
745822
768515
780449
798822
808591
819294
823939
830964
839902
842461
842547
837877
830999
815686
810102
771240
777551
733090
742734
717130
718302
710258
708335
706308
705418
707623
716030
717145
719449
717582
715796
707582
702461
693725
686895
684448
673785
669493
685815
682937
710518
718882
731838
744525
746784
753282
756554
770017
770720
775683
757731
756189
739930
739214
761389
770436
796318
809586
828657
839988
841885
836558
818641
792949
780486
745392
758434
749605
751441
753580
755505
754989
750004
743644
735356
721463
711671
702595
687973
684355
667785
663798
651193
650924
656463
649984
654286
648180
651887
633533
640267
624635
631209
624974
627669
633887
638180
639641
644373
654472
656264
655690
655478
646333
646338
647879
649781
649069
649364
657653
670667
680078
693624
706719
711081
718021
717791
705252
707299
704530
709688
709997
755267
751807
779511
796322
853000
834071
878318
874900
887899
903340
918297
926807
930929
918523
905742
858194
849844
778330
776708
717425
726092
674059
689612
650716
664920
641177
641600
637915
634992
631894
630609
628374
626635
628936
631402
637753
641739
646231
659560
661823
664375
667767
672654
677848
685218
687998
690185
688786
682297
673530
663191
692568
705374
741063
761739
753486
743264
749399
759164
787428
790585
804850
789400
771471
762478
714977
702964
687451
699408
716766
726407
728623
722917
729342
737604
751357
757374
765478
761923
755504
750078
732777
710344
715622
697391
690408
711150
702024
735629
746262
784924
891585
943950
981928
995678
1.00377e+06
1.00642e+06
1.01661e+06
1.01106e+06
961979
940575
914828
892737
919810
943267
957457
980989
990507
994306
989857
978663
957495
940956
914209
927230
934129
955338
963977
963416
952343
927771
897437
879933
839417
847539
810550
812100
787747
788889
770369
757771
776628
798236
819532
856237
892264
922346
964962
994899
1.00287e+06
1.0059e+06
1.00269e+06
998671
998512
985259
987826
981770
990177
989336
995091
999392
1.00315e+06
1.00118e+06
992113
973191
945752
898963
863564
788958
777347
704764
703150
729670
780573
861734
948642
1.02093e+06
1.08287e+06
1.04993e+06
1.07159e+06
1.07176e+06
1.04697e+06
1.00505e+06
958699
914601
885947
862291
888136
904717
951205
969075
991058
1.00636e+06
1.00639e+06
1.00127e+06
987539
970826
961674
950180
937111
930729
928533
955458
947746
970906
999210
994622
1.01881e+06
1.05946e+06
1.0555e+06
1.0899e+06
1.13751e+06
1.14879e+06
1.1488e+06
1.15491e+06
1.14298e+06
1.13849e+06
1.10949e+06
1.09171e+06
1.05458e+06
1.03919e+06
978695
978942
931871
949430
942696
958733
980207
1.03264e+06
1.03937e+06
1.05521e+06
1.06806e+06
1.07024e+06
1.06811e+06
1.06878e+06
1.07213e+06
1.07737e+06
1.08346e+06
1.07532e+06
1.07469e+06
1.0853e+06
1.06213e+06
1.06209e+06
1.06357e+06
1.07284e+06
1.06315e+06
1.05094e+06
1.03084e+06
984423
983572
908381
936742
873622
896033
853361
865984
856611
858918
841690
843027
816750
792988
786954
749518
748863
726630
727402
710907
716870
704769
709055
709039
708549
713197
717813
722420
728523
731143
736752
737831
745257
744457
741035
743240
733911
729696
727581
726091
735595
753270
764871
786960
801549
808796
817057
827609
837632
842906
843538
839675
834070
813077
816375
771809
785562
738751
752134
725420
729331
718518
718173
713601
719270
725112
724905
727608
728212
726503
720053
714689
705681
702933
687468
689334
676395
665845
692644
677802
721337
717734
741518
749561
753759
757166
772130
777586
789731
785046
772596
750673
747157
746095
759984
775066
797953
817661
834511
843043
841517
829745
812926
781404
770446
745050
747707
749407
749361
753533
758058
760186
759923
752796
745112
730350
724548
703501
708243
679331
688098
657927
668548
662205
660445
665290
665686
667509
660074
663334
644019
647117
631878
635539
629465
637684
632282
646900
647830
654560
659258
653786
653474
655061
648588
639974
639427
644104
651822
653747
675745
669982
696185
695171
710357
706925
707901
700543
692096
696510
702483
707169
759938
733129
801167
787848
832572
839359
857470
868882
878705
900232
916205
926159
928465
922007
901577
858346
857877
764103
777821
706847
719488
675728
693281
655504
669541
645429
654049
643737
643104
641453
641080
638332
637752
637450
639283
636974
642670
645044
656685
659826
667536
665844
673605
678630
683146
686917
689179
687673
681753
672667
669643
681758
714600
766649
782046
777027
767550
768325
783389
792877
811594
807180
805643
772103
729278
729595
689301
704300
698351
686107
696482
710246
721603
723470
730421
741278
752197
759934
763867
758181
751311
745498
712066
723649
704552
717145
703078
738188
717589
780303
798928
908327
959883
997045
1.01295e+06
1.02375e+06
1.04198e+06
1.05163e+06
1.03394e+06
987570
946245
929026
940952
946426
960653
976235
985397
986938
984731
971124
953619
935921
926595
908534
922752
928375
954290
964849
965932
950280
924579
906566
861790
868236
834497
827667
808728
811384
787424
783310
799313
800083
816665
858904
891220
926284
966333
1.00433e+06
1.02666e+06
1.03441e+06
1.03925e+06
1.03831e+06
1.03047e+06
1.02354e+06
1.01964e+06
1.00105e+06
999209
994461
999155
1.00061e+06
1.00417e+06
1.00514e+06
1.00169e+06
987942
969952
949018
912052
879295
825297
806572
707355
735054
765089
781961
865644
954349
1.03834e+06
1.10571e+06
1.09424e+06
1.1203e+06
1.12665e+06
1.09976e+06
1.0516e+06
999503
949961
924451
919750
915987
952161
971535
999020
1.01513e+06
1.02034e+06
1.01697e+06
1.00729e+06
993699
973573
968061
952803
944747
931583
934630
949139
954974
986539
981329
1.02558e+06
1.02811e+06
1.06079e+06
1.0859e+06
1.1255e+06
1.14233e+06
1.15481e+06
1.1626e+06
1.1587e+06
1.14687e+06
1.12923e+06
1.11439e+06
1.08689e+06
1.05094e+06
1.04236e+06
984117
999090
931358
963359
960985
980820
998248
1.0244e+06
1.05868e+06
1.0619e+06
1.07155e+06
1.07138e+06
1.06772e+06
1.06454e+06
1.06686e+06
1.07188e+06
1.06791e+06
1.07842e+06
1.08051e+06
1.06197e+06
1.06796e+06
1.05171e+06
1.04489e+06
1.08048e+06
1.07438e+06
1.05271e+06
1.04718e+06
983113
996491
904184
933855
868095
885701
856189
865061
852283
847425
845600
838894
814749
808700
771845
772529
734984
738149
719772
716665
709448
708016
705315
709941
708720
717496
721178
727666
733516
732890
738792
739242
740621
744988
747093
737594
735970
732844
727444
727491
735108
742389
762154
782058
797911
806143
814872
825905
835368
841418
841966
837632
836351
812461
818322
777846
787155
748475
758411
737774
738493
731404
725347
731107
732607
732375
736095
737351
735726
731916
726814
719263
711047
704289
694626
688955
680070
671156
691633
680336
722353
722188
751708
749390
760708
767563
775681
792726
797646
791776
776256
755527
744471
750211
758370
778265
802573
824378
841361
847560
844260
829228
810238
776542
768069
739396
749075
743120
748154
755828
762547
767815
766415
762498
750335
739890
727140
721442
704887
698251
684269
672025
666101
664989
669444
673745
679913
678336
677378
664469
664306
647171
646007
635323
638884
640002
638264
650150
653362
661084
659943
657999
653880
645107
639389
641612
638916
645307
652216
651112
672809
671616
687502
692920
703327
708208
701194
698601
693729
686367
703764
703419
740975
742935
788399
784756
818104
828293
833862
867452
871849
897815
914695
926482
931754
922279
900450
863475
847345
759226
784783
698438
728960
676982
694872
662558
669887
655608
654013
654339
650485
650542
648674
647319
644999
642527
640033
637927
643152
642722
648582
658684
662128
664164
673217
674607
680415
683948
686022
685289
678871
670700
659544
680339
727719
776936
800830
798809
786144
781117
790393
813188
825362
827888
802878
773837
716299
721763
660224
668294
678387
694908
697163
697192
699291
713228
719896
735299
745618
758015
764428
761815
751061
749379
721606
719536
711156
715645
715052
743568
721007
798837
804005
919216
969536
1.01041e+06
1.02109e+06
1.039e+06
1.0639e+06
1.08079e+06
1.05031e+06
1.00402e+06
963521
949848
952003
957344
973791
978464
982377
978076
970261
955437
943990
924210
919111
906866
914994
931391
951232
964916
958751
948130
921150
896972
872385
863905
843440
821944
826367
808854
800289
804757
782384
830804
847466
883143
918978
957561
998203
1.02857e+06
1.04774e+06
1.05807e+06
1.06252e+06
1.0576e+06
1.05172e+06
1.03522e+06
1.02206e+06
1.01757e+06
1.0042e+06
1.00585e+06
1.00209e+06
1.00534e+06
1.00726e+06
1.00656e+06
1.0009e+06
985188
968220
954916
925855
897670
850327
816771
742452
751061
783869
798530
880305
963330
1.04796e+06
1.11155e+06
1.1292e+06
1.16677e+06
1.17356e+06
1.13847e+06
1.08651e+06
1.02782e+06
980236
949150
922886
955078
967626
1.00429e+06
1.02091e+06
1.03393e+06
1.03228e+06
1.02368e+06
1.01139e+06
992756
986351
975346
953491
955063
937901
931576
960379
956074
992946
991862
1.04022e+06
1.04628e+06
1.05726e+06
1.12829e+06
1.13178e+06
1.14799e+06
1.16432e+06
1.16582e+06
1.15979e+06
1.14833e+06
1.12916e+06
1.10971e+06
1.08831e+06
1.05478e+06
1.03694e+06
1.00444e+06
1.00041e+06
948984
969841
960999
980626
1.01775e+06
1.0302e+06
1.0596e+06
1.07324e+06
1.07202e+06
1.07038e+06
1.06454e+06
1.06682e+06
1.06598e+06
1.06055e+06
1.07053e+06
1.0692e+06
1.06209e+06
1.07011e+06
1.05338e+06
1.04594e+06
1.05216e+06
1.0897e+06
1.08219e+06
1.06528e+06
1.04104e+06
999494
987504
901205
934002
861213
889358
847964
863257
844282
853132
839995
845520
808184
817059
759995
778813
726151
746260
708717
724649
702031
710720
703212
709903
710486
716185
727872
728966
735359
735691
736402
741470
742017
741859
741106
741888
736942
729118
731355
721832
731500
729560
762660
780875
798229
811523
814461
823427
831184
835620
837820
838439
831448
814632
820066
779868
794845
750149
767563
737682
747344
732498
738002
737282
737263
741664
743560
743860
741886
737190
730985
724219
712134
709131
692035
697749
679063
676236
698291
682167
728439
720827
750852
748764
762969
766545
785262
797433
803456
794710
779494
755657
745710
746213
757895
781869
807283
833050
849532
854987
848493
829194
811298
770205
766301
736367
740837
738251
743401
752049
763152
768545
771084
766417
763956
744686
744678
715849
725266
687050
702725
663941
679435
671412
675353
682182
687068
692191
684312
680814
660388
664885
639143
647704
635469
635212
647188
650348
662809
664945
664738
656993
655658
645110
647708
641391
643110
640377
656918
652622
665184
670167
680001
691220
693341
702983
702488
694880
697510
677613
714814
689719
748966
738442
779101
790058
794487
830926
813846
871072
862105
901474
914888
930536
933157
925672
903848
871072
825692
778210
778852
697906
730762
676317
695404
664031
674494
657245
661116
653253
656066
653627
654275
651263
650464
645827
642602
638478
641230
639147
648307
651214
661316
663030
668249
676834
676813
682267
683202
681215
677452
668635
669301
673062
726103
783958
812029
811619
802804
794175
809294
822584
834090
833438
817211
751683
718182
715241
655544
677083
675505
672076
685964
691446
700017
702033
718340
726953
742299
758163
765436
766172
760248
744181
726701
732467
702453
727717
712865
753591
722810
810453
815390
930655
975295
1.00889e+06
1.02388e+06
1.04985e+06
1.07451e+06
1.09845e+06
1.081e+06
998192
983940
942391
965295
971899
975969
980323
976017
975264
962772
949414
931903
923578
909494
916518
907756
934736
943765
962212
954338
931999
919432
889018
871680
870983
834641
844233
823955
807901
802540
814017
812692
837903
863879
890573
938123
972806
1.00239e+06
1.03114e+06
1.05051e+06
1.06648e+06
1.07408e+06
1.07115e+06
1.06227e+06
1.05143e+06
1.03468e+06
1.0206e+06
1.01629e+06
1.00532e+06
1.00821e+06
1.0061e+06
1.00745e+06
1.00443e+06
998601
978608
965552
953347
938996
916348
877136
853960
729161
793900
755779
820261
878030
965828
1.05036e+06
1.12287e+06
1.17294e+06
1.21669e+06
1.21558e+06
1.17086e+06
1.11314e+06
1.04479e+06
1.01391e+06
952693
966774
947287
1.01115e+06
1.01951e+06
1.03909e+06
1.0365e+06
1.03119e+06
1.01878e+06
1.0074e+06
990278
987407
975449
957564
961236
940580
927082
969504
946760
1.00798e+06
989863
1.03223e+06
1.07417e+06
1.08719e+06
1.11404e+06
1.14481e+06
1.15775e+06
1.166e+06
1.16727e+06
1.16209e+06
1.14975e+06
1.12877e+06
1.10981e+06
1.08478e+06
1.05585e+06
1.03936e+06
1.01244e+06
997035
956934
982268
973159
974914
1.03763e+06
1.04228e+06
1.05861e+06
1.0715e+06
1.07233e+06
1.06344e+06
1.06539e+06
1.06071e+06
1.06215e+06
1.0611e+06
1.06568e+06
1.0622e+06
1.06897e+06
1.06382e+06
1.04444e+06
1.05478e+06
1.03801e+06
)
;

boundaryField
{
    wand
    {
        type            zeroGradient;
    }
    frontAndBack
    {
        type            empty;
    }
}


// ************************************************************************* //
