/*--------------------------------*- C++ -*----------------------------------*\
| =========                 |                                                 |
| \\      /  F ield         | OpenFOAM: The Open Source CFD Toolbox           |
|  \\    /   O peration     | Version:  2.1.1                                 |
|   \\  /    A nd           | Web:      www.OpenFOAM.org                      |
|    \\/     M anipulation  |                                                 |
\*---------------------------------------------------------------------------*/
FoamFile
{
    version     2.0;
    format      ascii;
    class       volScalarField;
    location    "0.005850000";
    object      p;
}
// * * * * * * * * * * * * * * * * * * * * * * * * * * * * * * * * * * * * * //

dimensions      [1 -1 -2 0 0 0 0];

internalField   nonuniform List<scalar> 
12384
(
905947
905605
905841
905001
903959
902066
901515
900506
900588
900856
902349
903313
904492
905505
871045
871245
870463
873074
872251
875101
878439
879999
884960
885785
889124
891130
892105
894443
894222
896652
895275
899841
900539
904699
911341
920542
925540
931449
937495
939733
940454
941271
941339
942415
857681
857896
858789
859455
859570
861062
860600
859842
860093
859610
858646
858047
857193
854810
855156
852293
851276
851931
848827
858021
852101
869489
867406
884122
887644
898251
900012
901930
905969
905076
939621
936235
933493
931839
926670
922645
922612
910560
910163
887687
896029
860246
859602
854532
819680
831726
800182
813046
798911
804287
802207
803247
797974
794049
784014
785295
771738
776155
768098
770569
809197
809708
807407
805329
802393
795235
789977
792213
781355
783661
780724
778272
784190
780897
792514
792354
800490
809484
817279
825951
830994
835974
838881
840273
842116
841096
846357
847826
851314
851183
879428
878227
877239
876975
868747
871455
861473
863892
856226
856466
848631
849493
838620
837062
830752
824966
814952
816933
805997
808993
806073
807531
812235
814444
815766
814923
814011
810923
811746
808630
823164
822997
826377
825443
827351
827516
827882
827641
826636
825555
819569
821432
811866
814561
808608
807982
817031
809740
832294
833269
846649
852024
860632
864886
865196
868732
869991
872434
873601
873892
858031
862771
863686
864805
865293
862594
855947
856868
834962
840097
814096
822099
803434
810348
800805
815190
818807
828900
835145
855795
854772
858484
868186
867790
871792
871627
874679
877345
878801
879266
851235
851580
851525
849824
846794
841718
834117
833793
816801
818382
813452
809697
813743
811085
821553
825926
838944
844377
851155
854371
854517
853061
852057
846049
841609
837937
838240
831206
833256
827902
786177
789233
791834
796546
799600
803696
805676
804918
800297
795929
787426
786424
782625
776289
798297
789190
818717
820084
835990
842620
847354
849195
848287
846959
843633
843209
839662
838618
837068
833430
906006
905591
905023
902759
902016
894556
889544
872313
872904
836120
845541
797425
815177
785043
799694
802084
808735
825319
830373
835439
838220
838141
836616
835447
832664
832135
828065
828141
827918
825001
892473
891829
890629
887925
884795
880181
879280
873186
873780
870211
868935
875915
873004
880841
890337
888389
902251
905013
910155
914746
916839
914823
910891
909120
902732
905382
910903
914215
915553
919111
928594
930677
929124
931428
926499
928766
928049
920663
921078
906961
910590
889334
895786
881845
885976
883273
884291
883362
882388
879242
877245
872822
873416
870098
870761
868381
868969
868145
868153
868145
903189
904207
903261
903801
901785
900936
899395
899315
899333
899292
900529
902088
902815
904215
871146
871928
870172
873774
871344
877060
875560
881674
882453
885956
887873
889963
891627
892171
894008
893345
896218
896649
898039
905244
907609
913295
920888
925908
930142
934931
936488
936157
935820
935472
857693
857398
858245
858310
858259
858875
858508
858567
858266
857431
857020
855988
853629
853522
850423
849127
848905
848494
850672
849144
856885
856630
867298
875666
884907
894816
899725
902840
905205
905731
940187
937127
933645
930088
926445
921410
917258
908457
903237
891788
881895
856370
865207
833719
819498
822878
800885
801549
800419
792427
797208
797485
798455
794509
788465
784632
772782
774561
767336
769281
808185
807929
806048
804568
797161
793622
791797
785024
781468
781007
777888
779307
778804
782890
784249
792961
796490
805783
814484
822969
831766
836529
841120
841167
843160
841714
846122
848127
850151
851568
879359
878191
876736
875108
868912
868268
860708
860817
855576
851589
848876
842920
836152
836675
823464
821930
814875
808217
808542
801504
804762
806943
807211
810948
813101
814375
813848
811921
811421
808742
824345
823357
825796
825541
826523
827104
827334
826908
825273
823705
819451
818104
809972
811454
807582
808820
810329
812187
826017
825504
842577
848615
860207
862414
866961
868863
868104
870671
873047
873844
860026
860959
861988
863774
862848
861221
856611
848308
833154
837409
811170
813360
806534
799257
802375
811136
809447
824423
837887
848908
851618
863225
865228
868622
868331
870241
870007
872293
874381
874144
849820
851068
850069
848362
845010
841021
830983
824335
818670
814553
804507
805592
804391
811614
812681
824230
831179
841861
850101
854362
855506
853729
851716
846954
841344
836583
838174
832080
831278
830015
793106
794114
795513
796976
800449
803233
804191
802489
798528
792788
786175
780357
778758
780821
786494
791355
808867
815942
826215
836231
845082
848643
848952
847708
845735
846172
842171
843290
837586
838339
905689
904001
903113
902859
898655
893998
886345
871719
860052
841057
827639
802125
801416
791581
789046
797126
805593
816837
823864
834758
839706
840416
839055
836167
834932
830750
828604
827595
825928
824392
891552
890578
888787
885705
883758
879725
877463
872410
872349
869606
867570
873619
876545
879033
883014
897327
895779
904118
910986
912673
914029
912441
907414
903386
901842
903111
906130
911227
915942
919557
928044
929435
929881
931341
928902
930781
928863
922509
922230
904074
906630
888106
887849
882499
879426
881284
880970
881640
880329
878576
875370
873403
871020
870859
867940
868704
868050
868346
868185
868378
900995
901003
900794
899968
899936
898494
897742
896016
896971
896263
897821
898237
899750
900551
871035
871523
869226
873734
871289
877639
875471
881472
882830
885297
887970
889097
890998
891891
892265
893720
892099
895305
896624
896596
904437
906714
911613
918741
922797
925395
928308
928932
928621
928841
857461
856693
856969
858188
858498
857527
857627
857239
855743
855343
854789
852727
852507
848659
847624
847689
846670
846352
844032
850392
849135
850898
861536
871382
879374
888274
896803
901332
904601
906467
941221
937616
934438
929853
927044
917606
915698
905183
896430
891766
868196
860907
851184
825208
818278
809001
795872
793202
784152
791358
787781
792690
790488
792085
784914
785341
772632
776556
768805
771124
807990
807332
805231
802510
792935
794675
789227
778761
781769
775108
774720
772563
776971
781267
778519
790982
789526
804386
808449
821323
826661
835717
838343
840850
843915
841454
847953
847703
851227
850471
878386
877089
875248
873499
866952
865888
857984
859881
849710
852016
843031
839214
834628
829276
819521
821310
806580
809703
799013
801575
799637
799316
805472
805840
809585
810574
811343
811657
810942
809902
823994
823472
825918
826092
826449
826904
826780
825912
824059
822133
816471
815226
807744
808244
801085
803616
808754
804154
822808
821042
838144
845281
852383
860370
864974
866056
869442
870402
871910
871074
860480
860707
861666
861721
861554
858161
852040
844613
832548
825881
806907
813185
792686
801107
795716
808638
803631
825716
833316
838505
852160
856630
861968
863284
868643
868603
871406
871555
874192
874820
848524
849272
848613
847581
841639
837149
826648
825393
808742
803584
799650
800901
806027
804915
806043
818185
825120
836143
845250
851019
852905
852654
850013
845545
842723
836128
837858
831866
832429
829322
789998
791806
793950
797526
799977
802789
803070
800470
796405
789403
785865
774292
779116
772332
787991
784894
798192
807957
820695
826656
836247
843141
846098
847229
847188
843607
841766
840148
839289
834773
905224
904115
904089
899647
898300
890610
882818
864841
853442
838343
814163
796858
802528
779625
789719
790647
797027
808911
817614
828259
835276
839382
839805
840150
836583
832838
833229
831300
832177
830410
888396
887903
886012
884019
881933
877658
875510
870755
871017
867729
868446
870399
868923
884192
882002
891289
900878
901343
907571
912349
910616
908509
904597
902233
898586
899484
902345
906829
910880
915703
928969
928862
930975
931808
931603
928716
929807
918304
918840
901026
902725
881370
886194
877260
879266
877124
878287
877868
878419
876560
875119
871962
871583
869005
867858
867958
867265
867431
867224
867863
898467
899159
899164
898168
896063
895139
894046
894593
893842
895528
896206
897544
898663
898766
870011
871092
868612
873633
871237
877705
875583
882304
881998
886036
886942
889337
890063
891413
891614
890305
892585
890116
891557
892826
891512
899591
902732
907111
912556
915228
916882
919732
920762
920510
856749
855852
856415
855257
854635
856256
855538
853312
853190
852702
849863
849433
846092
845465
843436
841697
840260
841267
843451
839852
845277
849563
848221
868639
872904
882079
892593
899890
902963
905764
942521
938521
934875
929678
924604
915499
913308
898849
891218
888302
855908
864557
826177
833200
799699
803559
787740
780696
785825
776270
785282
783570
789481
786847
787242
782324
778062
774183
773912
767415
807881
807121
803934
797665
792954
792281
779074
778994
775769
773088
770149
770146
768154
773006
776934
785094
785203
802009
801447
818343
823099
833107
836212
841458
842166
844663
846948
848824
850763
854889
877017
875242
873415
871806
863970
862875
857243
851602
849387
844039
838475
833052
830519
819050
821148
806610
808485
794596
793822
789620
793028
796997
795849
803114
805166
808765
811287
811363
811236
811379
824744
824222
825373
825574
826121
826200
825734
824732
822313
819947
813568
811998
803812
799887
801192
797262
796042
803687
811889
816390
832717
834281
850514
855232
861090
865123
867872
868987
871041
871885
861203
860802
861080
860451
858382
853596
846675
840812
822519
819157
807011
795829
797401
790525
792000
792621
805252
816619
821659
835525
847856
852704
857069
864062
863848
866059
866088
868695
867526
868056
847961
848055
847293
844034
835403
834307
820404
815533
799527
803706
799724
793132
788587
796821
801601
811849
817391
830238
838658
846125
849513
849558
846976
844480
840595
837314
835358
833222
832098
831537
800832
798708
801684
804383
805439
802466
801235
797377
794572
783336
783924
771589
771761
771145
770515
787413
789935
794539
809173
818569
827655
837522
842384
848035
848055
851049
850775
847673
845033
846234
904831
902569
900692
899826
893550
889151
875136
859794
846464
831571
798735
799964
783108
785054
775676
784198
789505
799485
809964
819237
833274
836921
840540
838268
837498
836260
830324
829755
828519
827798
888300
886438
883577
881769
878144
876214
872004
870440
865302
866126
867064
869777
866774
873610
887005
887332
893482
904141
903010
907269
909024
905066
902445
895954
892676
892254
897740
902118
906195
910947
926965
928321
930392
931150
930142
929363
929266
915364
918031
893915
898933
874902
880770
872819
867937
871404
872700
875102
874690
875354
873162
873097
869319
869913
867829
867992
867536
867665
867425
867245
890771
891328
891576
891927
890097
889741
889258
885947
886405
886019
887374
888526
887727
887935
869351
870223
868635
873536
871827
877108
876511
882081
882913
885686
887659
888846
890509
890287
890651
890707
888954
887446
885108
886333
886571
885323
893771
898598
902309
905477
904327
904255
906458
908288
852993
854201
853878
852619
853187
851682
849264
850496
851231
849893
849663
844775
844034
842385
841414
839559
840322
838428
834250
837388
835166
849831
840741
862587
868086
878045
886875
898019
900755
904106
942667
939114
934808
928399
922131
913958
908320
895528
888476
877183
854818
852004
815266
827008
787014
799947
769303
779596
767653
776969
772038
780159
779656
786518
787570
786598
777799
776404
772932
776170
809038
806212
802975
795166
793086
785577
775500
777409
769040
762887
761924
759899
765329
767488
769322
781292
781041
798567
796223
817969
819668
828260
837163
839751
845679
845251
849493
855019
855977
854839
874775
873255
871590
868708
861373
861110
850640
850054
842825
839800
830123
831934
817251
820074
805583
806356
794397
794374
790341
788467
785693
785712
795303
794802
801870
805345
808142
810121
810812
813352
825894
825830
826547
826456
826555
825957
824573
823660
819280
817826
809928
809277
796604
800330
789449
788092
792243
793070
804640
808407
823873
830307
843447
848389
856857
862907
864983
868574
868667
866888
861966
861397
860995
859878
855662
850555
840551
835330
813909
816657
790820
795451
785125
781022
782611
788018
799378
804586
815945
832670
839003
846145
854211
858164
861759
864102
866839
866930
869161
869662
845682
847933
843660
838823
831983
828529
809376
808992
798997
792480
778668
777839
778982
782786
786933
803762
807382
824821
831418
840037
844392
845091
844885
841940
838438
836875
835029
832295
831346
832323
802224
804441
803565
801505
803555
805302
798706
795074
794416
780246
777909
768760
766992
764122
769231
768623
787929
785007
800943
804837
823695
828581
842464
846280
848692
848028
846240
846452
843550
841322
902271
901146
901642
895182
893634
879971
876246
843000
852535
808972
798129
792493
777057
764272
769463
770424
778938
792671
796085
818221
826728
836664
839898
844343
842823
838801
839372
835847
837792
837448
880542
880759
879761
877369
876293
872099
869709
862681
861245
855810
855186
861040
869506
867388
873755
889654
889695
895415
903847
900598
902421
902440
895967
894741
892601
892623
893096
896833
899230
901710
929148
928813
930693
930274
930972
928284
928019
913308
914912
890300
891836
872272
873392
864240
867965
865678
868379
869780
872188
871702
873360
871204
870429
868995
866919
866941
865580
865532
865872
867188
893320
890612
890512
888897
890284
885602
884394
887922
887123
887599
887364
888541
890849
891196
868149
870418
867933
873635
871541
877991
876718
883060
882560
886054
887799
889259
890541
890664
890834
887937
885675
883844
886010
882979
885949
883930
878121
881869
886278
892618
901152
901921
900323
899424
852539
850823
850176
851804
850194
846987
846862
846762
843714
844275
842424
844320
839799
835766
832953
833416
832393
832629
835017
834080
828726
844403
839152
857576
862453
876555
882792
894647
899629
901841
941673
937001
933180
925747
919789
913557
899168
900720
875085
880615
843015
845508
814477
811140
787390
781689
772519
765447
770453
764303
773956
776306
779911
786743
785155
784608
789325
786110
780256
774289
810418
807086
802058
794868
790318
781224
775465
766028
764564
764838
761176
762308
756906
767657
761529
776950
778305
792505
794790
815543
816582
829103
836415
843528
844697
852168
852452
853125
855504
859279
872962
871309
868974
865009
858978
857072
846652
847070
836978
833129
829742
819603
816878
806376
805185
792233
790152
778098
776747
771935
776751
778202
787430
790300
799750
801662
807484
809019
813180
811985
826814
826102
826315
826174
826373
825353
823723
822454
817524
817199
807429
806114
793671
792326
781468
784621
781195
786309
796378
797756
818846
822079
836582
842464
854262
857828
862691
863706
865509
867171
862523
862349
861546
859311
853473
848698
834767
829908
808221
806284
786314
790681
773401
780483
783858
783170
791018
795434
812699
824713
829979
841412
851483
854987
859483
862354
863265
863985
863414
864373
846645
843797
838041
839148
825047
817798
805460
807501
784561
785098
780150
782132
779293
785515
782850
798222
799225
820729
822469
834361
838714
842109
841366
839789
837555
835183
834313
831951
831583
831197
811168
810560
812438
813015
808662
804122
804102
792322
791147
781430
772421
764930
763991
760064
762006
765198
773883
778586
794987
798837
815379
828485
838321
846844
857037
860495
859820
859391
857167
857104
900061
900052
897996
894898
887916
883371
859511
845924
839789
797556
804945
772148
764450
762687
754172
764410
772050
779168
798439
810509
825883
833207
842838
840772
839501
838319
836009
836362
834116
834381
882023
880192
878256
875954
871777
869318
862808
863726
857475
854617
848192
844632
852789
867088
869758
874115
891656
890872
895885
903012
899634
897615
892023
889955
883278
883690
886027
892313
900026
901309
926970
928461
929553
930014
929803
928235
925500
911243
911873
884295
889513
864007
863461
855707
851551
854216
856476
864205
868388
872542
871758
872356
870511
869157
867464
866100
866142
865078
865099
862388
883087
886404
884534
881593
878201
881981
877379
874838
875535
875539
875324
875136
874871
874503
868451
869656
867870
873146
871417
878027
876589
883182
882882
886830
887944
890072
891083
890780
890376
886354
887550
880554
874566
871658
871194
877336
883117
881146
880476
878584
876417
878925
877793
876415
850217
846427
847030
847162
845981
848097
847050
845271
845561
842395
842319
839198
837226
834743
836252
834842
834845
831402
829312
833266
828532
841165
837056
855056
859448
878656
881303
892752
899362
900312
937624
935733
928953
925654
917030
908181
901916
891457
874815
870253
835386
847850
800435
814422
773182
787711
760760
770574
763887
767595
770026
775722
781603
784907
794145
793123
785589
785944
786085
784601
812111
808778
802822
794338
788765
779578
771592
760819
764931
752210
752726
750224
752497
760855
760010
774579
774182
788229
796049
814867
815836
832353
838300
846138
853113
853521
856591
862256
862251
862608
871547
869102
865538
862212
855732
852616
844001
841992
829806
833853
817879
818910
803708
806882
791204
792939
780343
780874
773739
774951
774165
772475
785719
785313
797380
801387
805415
811018
813295
816064
827818
827826
827497
826989
825764
825241
823383
821613
817125
814429
804851
806068
787641
788767
778555
775432
779782
775278
794029
790535
811581
817970
826736
840583
847847
854851
858412
862578
862150
860643
862297
862989
862073
858928
852165
845576
829597
826753
801454
803489
781594
783905
772094
774384
777466
773431
788795
790872
810405
814743
825592
839313
846589
853206
857607
861445
863055
861748
863055
864472
844539
840935
838280
834921
815662
821579
800218
796047
780862
786434
766413
769825
764903
776825
774129
795813
792532
812247
818383
828692
835547
838209
838519
837746
836438
834759
831406
831925
830286
830885
814944
814722
814666
813435
813562
809635
802672
798974
788231
777398
778487
760249
760719
754880
761590
757936
773113
768735
790697
791349
820549
819594
841514
855355
854615
854071
858013
855246
853602
854652
898738
898174
897509
890431
889869
871706
858767
836184
831981
793592
804419
758662
765847
760397
756748
762135
759198
784780
793200
810679
821794
836652
843531
851794
851995
849397
844099
842192
844159
841988
871871
872924
871751
871252
869733
863862
864084
854943
849642
844854
848811
845378
841181
846275
870980
867398
880085
891989
891574
893321
896676
893165
894366
886731
884913
885244
887495
890516
891727
899242
927604
926224
929059
928774
929979
926700
924066
908449
909453
880718
886156
855532
862865
850605
856056
856754
858928
859445
864138
869460
872208
872032
870613
868717
866630
865319
863176
862133
861810
863389
884967
879650
881309
882248
880062
872454
877261
877458
876674
877113
877216
878056
879244
879091
870690
869536
871973
871301
874295
877622
877909
883089
883995
887396
888603
890716
891075
891350
889247
888066
882985
881242
874352
875353
869473
864350
865645
865034
866753
872942
878364
881301
883105
883085
841751
845588
845842
840847
840896
839895
837669
838534
838718
840849
837267
836081
834646
834913
832718
832927
832567
829505
833722
831205
830002
842392
841718
851258
865586
878459
883570
896833
898626
906318
936363
928229
927050
922444
909330
911432
890274
894454
866068
868433
836699
840791
796670
811361
772723
782314
761382
764910
762602
762632
767200
777486
782547
790401
790774
795557
799775
795114
790100
782939
826363
814106
804991
795407
788040
777887
768681
759319
756290
748330
747836
749520
746705
757730
754273
775605
771844
790506
800023
810118
822561
835041
843507
852375
856685
861648
865159
862994
864384
867147
871084
868439
865492
860467
853004
850516
840074
837744
829935
826283
815091
811405
802908
795712
792388
777772
780113
765897
767986
761205
769118
764907
784007
782025
797116
799945
808752
812929
814058
815294
830313
831089
830511
829360
827498
825174
823217
821542
816492
812808
802569
802348
783267
789303
771448
774402
775743
770578
791303
783794
809749
811296
825765
833615
845746
850049
855530
855399
856733
860095
868184
867809
864901
859236
850759
842636
829489
821254
797646
804109
779092
783978
769855
773644
775808
771610
791094
785565
803786
810172
827132
834209
842796
851478
856637
859256
860645
859801
859438
861751
846292
843450
835143
831781
816532
817223
793708
799391
780477
778238
767119
771291
763952
774216
769907
792424
789272
807414
814946
824227
828980
834203
835809
835721
835371
832906
831948
827841
825615
823193
827392
826875
825878
822721
818299
813432
808614
803144
789409
783213
776419
770813
753767
759303
753795
757037
768315
768041
786262
800969
809645
830689
848022
854567
866021
875653
870352
875075
873889
869627
902548
901406
896826
890444
882897
869641
858339
831679
828557
798125
783790
769381
754880
759762
758902
758236
766694
782694
795574
809938
826688
840922
848295
846902
847258
849408
848742
846017
842842
838946
874111
873471
872886
870234
864652
863734
856046
852185
842500
841703
833112
836632
845560
838527
853372
865837
877731
881149
893763
891316
895295
894555
893055
887053
886515
885408
887492
892122
893548
898693
926790
926997
928061
928962
929422
925766
924592
906132
911245
876304
884340
853152
861758
842548
845783
843960
851204
856612
861289
868417
871442
872418
870983
869016
865575
864519
862108
862216
860162
857522
879766
881074
875654
873724
872383
873631
867845
869093
869314
868127
868024
867153
865616
861818
866266
842630
860269
864678
868703
869030
874916
874659
880040
880887
885479
886830
889360
890979
891450
891274
889632
888206
880101
882899
871652
873624
867466
868584
863593
866033
869044
864593
856476
852464
849644
846187
851763
824145
843921
839020
837575
842986
841559
840162
841047
840554
838462
836569
838091
835748
835257
832007
831139
831272
832451
834854
832093
835918
838524
842822
852531
853480
870501
882981
888848
896517
903796
906550
892597
916486
924736
925526
923934
913998
910351
901544
893358
884452
867305
866903
833331
838157
798859
811920
773308
788093
765146
773662
772520
774779
781377
783861
791103
797672
801142
803689
805763
808415
807815
802824
816912
830678
817143
813274
805310
795896
786908
778354
767819
757021
757252
747527
748428
744877
749586
755771
753230
778764
770541
799471
799371
814006
827172
839730
850278
858525
864481
867230
867834
866123
866164
867338
868007
851352
867471
863978
861317
855393
851384
845159
838481
834253
826458
820831
816198
804269
803286
789833
789685
775261
776081
766172
761012
760766
771114
763514
783215
783312
796619
803080
810541
814425
819268
820171
821845
817222
830234
829495
828962
828010
826744
825236
823415
820950
815459
813496
801822
802761
782661
789535
773011
776941
776866
770191
790436
783112
806106
813258
821604
830883
840600
848646
852584
857031
857775
855478
856463
848514
856685
857624
856979
854027
849177
841320
830276
818186
804641
801305
783397
782362
770688
775558
769788
776309
790992
784735
804372
811433
825418
830691
843055
851342
856640
861290
862338
861357
858449
857035
851973
860732
843191
845147
834953
835578
813663
819288
793607
801498
777843
782526
769000
768683
766226
775021
771721
789830
787583
807469
808882
820960
826188
830665
832658
834353
833861
833982
830732
828504
824681
823575
824437
810208
825402
824895
821856
820440
822631
815844
806868
807183
805804
783801
772812
775207
765404
750268
752785
760882
777593
779456
788816
796348
826858
833892
851103
867607
872315
871268
877069
874097
873946
874075
881549
878277
888523
888899
888423
885401
877218
868174
856961
826831
832251
798042
784318
766819
765157
748197
749960
752448
776402
780973
799610
817428
834556
843581
852771
862586
863238
856453
854578
853442
852938
852033
867218
865016
863817
865972
866455
865802
864544
858304
855375
844207
844680
828880
827881
821932
831679
839994
853529
852146
878219
877218
888504
892780
892919
893553
893635
891353
887697
888357
892539
894445
899526
903090
895741
910826
916564
919773
925062
928096
930114
925832
923370
906292
907889
876882
882800
859398
850610
848499
845247
844581
851997
854437
862284
866878
871564
871956
870857
867572
866067
862002
861912
856944
854761
854847
846910
848279
874758
874640
876506
873013
871234
868515
870048
866810
867815
870970
871070
871144
869086
867323
863021
858409
866771
864480
869128
867751
875961
873242
881414
879918
885559
886829
889222
890728
891391
891473
889398
887433
881563
882310
869907
873882
862658
860278
858807
853425
855453
858438
863752
861423
859414
859004
835630
835393
836070
831863
834354
833233
832970
833773
833396
834793
834911
835719
836135
836213
836232
837688
837769
837129
834767
838383
837757
844889
840860
852453
858422
864774
878372
888664
894633
905571
908641
913527
911062
921467
929317
923971
918150
916221
901127
904576
882171
887542
861389
868523
830945
842907
802274
810865
781596
785820
771259
768924
769759
774180
778589
785479
792845
796689
805669
810579
811217
805836
803101
806041
818260
820291
815836
812756
805973
796371
788758
779528
768078
760178
756738
749651
751643
752693
747187
760242
762592
774425
779228
804850
804716
821925
835746
847470
858288
866358
871485
873535
874891
874363
871195
870754
869035
861640
868379
863393
858268
852786
849952
839230
837205
831915
822669
815910
816855
800720
805266
786818
789902
771897
775968
762065
763316
762521
769284
764263
788473
783648
800883
806249
814005
819717
823220
826879
824913
824646
829538
828560
828530
827624
826757
826449
823766
822037
814772
815203
803312
804220
786633
789649
774485
774997
774954
777107
793556
784965
811462
808954
825036
830019
841539
846810
852162
853522
853834
855594
853492
849667
857441
856121
855767
853787
849894
843026
831502
820382
812473
797495
793479
782267
780824
773600
782108
776304
790572
788283
812247
810945
824206
833694
844587
850607
856242
858929
859656
858189
856240
855839
852985
853866
844705
844989
835699
836753
817322
817368
800867
797567
785450
786259
770561
774350
765261
773686
773328
793255
790053
809937
806969
818493
825515
827738
830787
830948
832233
830911
830462
829286
828566
825713
824171
824724
825705
826363
825833
827135
829005
829918
822880
808768
803634
808385
791666
772434
767505
776885
775168
765128
770959
775625
805814
818683
830154
849298
865335
874695
881208
889254
890334
887099
881597
883198
881264
882952
887709
886382
886596
885026
877953
871947
858706
835137
829475
809190
795467
793512
769298
780584
773107
789763
792540
791954
811064
829731
840626
853705
862224
863683
862844
861278
856613
854185
853057
852841
864523
863144
864844
867762
867418
864524
860337
857522
849227
845707
837706
831668
826035
824135
833938
826268
855482
846916
875897
876086
888350
890439
893848
894534
895966
891878
893061
893508
895019
899269
900666
903496
897290
908682
916254
918584
924460
928361
929690
926999
923324
910297
908291
880258
876474
870028
849975
845332
849651
851083
851068
854776
861711
867544
870296
871690
869387
867679
863585
860994
856932
856133
853592
853318
845759
847995
876053
872575
870495
870194
866414
865404
862934
862407
860591
858719
859412
859199
860755
860610
863973
862220
868586
864969
871067
867989
875762
874099
880075
880364
885060
886073
889205
890066
891354
891164
889222
888282
883658
877806
875459
867094
866924
857403
860942
856189
853525
846032
845400
844405
840656
836170
841321
828267
832948
833896
832830
831900
833226
835764
835510
836452
836877
836579
837812
838329
837244
836444
836340
838040
842589
839609
847852
843854
857424
857059
867554
876508
885976
894765
905347
910042
915169
920334
915979
919299
926318
922823
915490
912418
900484
897080
883265
881894
864699
864695
835684
842028
809093
818401
787060
795559
786325
785615
788270
790866
795269
800453
804949
809966
813099
813793
810693
811937
814876
815711
816022
816915
816390
812378
807601
799654
791223
784609
771420
767154
763151
749057
745381
748019
756954
763946
769283
775591
795951
805149
814887
832117
844568
855431
865675
872637
876610
878717
879586
876388
875457
874088
869813
865290
868102
861176
856199
850974
846565
835524
838387
825503
823852
816338
812614
801764
803641
786501
792184
771950
777704
762730
768244
761926
770395
770796
788655
787997
807499
808609
818343
823517
826155
827740
829411
827858
829590
830084
827952
827833
828395
827339
825031
822858
817225
815370
806647
804369
792574
793659
785677
787494
781797
785256
790736
794392
813297
812920
826726
836956
839736
847930
850199
852529
853990
852654
853071
851370
854351
853063
853965
852951
849891
844082
835838
825688
816581
804016
799908
795314
788254
789723
782204
792436
789068
801925
813686
815035
828754
838537
845564
851691
855833
857576
856734
856141
855108
853441
850031
851630
844230
845437
838299
836956
822048
824095
802172
807030
792297
786667
788192
775246
778907
782152
792878
795036
793858
811014
809473
821402
822763
827606
826391
828265
827397
827627
827466
828081
826981
826584
827539
824671
829391
827567
829858
831297
831126
831005
832159
827287
812163
798761
803157
799694
788883
771137
765626
775130
791489
812242
817005
827046
850180
863158
873798
883075
890610
889528
888575
889065
891851
885541
886654
883075
888203
884965
887574
888187
882561
873678
861999
846746
833792
809904
809702
784923
801487
774432
781350
780599
791159
811839
828845
840912
850140
862907
871359
872873
870447
868339
862397
856547
855135
854015
862625
860806
861069
859797
860110
860692
858295
853808
851893
839348
842153
829069
828218
826613
833568
828304
853577
848212
873603
871872
888880
888094
893482
896587
896190
896279
895480
897683
900311
901202
904312
907130
901899
907041
915378
918279
921847
925947
927115
926453
921768
915493
898323
899723
871704
870135
861610
852935
847169
846104
851455
857460
863776
867910
869978
868930
868511
864582
862419
857050
857837
851621
851290
848090
848365
845391
871161
872169
870607
868042
867225
865136
863309
862442
862804
863308
862688
863143
863665
861913
863957
861877
868718
865068
870734
868655
874860
873514
880726
878999
885887
885056
889098
889383
890965
890530
890405
887766
883117
875889
877605
863174
869070
853637
858128
849344
852992
851787
851548
845839
843020
841177
830079
832089
834685
829478
828125
831268
830272
831210
831516
835730
835655
838226
839713
841103
842382
841497
842766
844492
843788
849191
845433
857577
857549
870588
871975
890542
887840
905543
908627
916212
919645
925359
924282
921673
922826
921813
909809
911161
892697
897606
877557
884148
861592
868080
838545
846364
814747
820268
797460
799949
788304
792777
790695
795223
799958
805889
811237
813246
814395
817913
822385
819970
816478
814973
817163
815316
818120
813213
808988
802754
795285
787262
778508
771713
766636
772279
767900
769278
766966
770468
776849
790600
802334
813002
827589
842542
852850
863757
872324
876969
880730
882638
882217
881422
880058
877691
871926
870967
868190
860179
855085
849743
843388
834512
837209
821606
827259
813772
812511
805793
799864
790453
792412
774990
780005
766216
769257
761967
779980
770494
792231
793835
808898
813653
822639
826688
829589
829439
829381
831614
832131
828565
830084
830605
829186
827028
826586
824244
820565
817792
810710
807577
799962
795396
790223
787466
793017
787972
800685
804271
814788
818702
832425
838774
843361
848300
850465
850711
851942
851563
852154
851056
852586
851537
853637
853822
852041
848202
841106
832927
822838
813168
805971
794854
793858
787652
794791
791551
804024
808562
815756
824273
835831
841831
848719
854071
856692
856820
856709
856207
852982
852574
850254
849947
845285
846639
841824
839499
829526
825245
814444
810071
797952
798945
786201
796389
792408
797928
791050
796129
807318
812952
813507
822387
825423
826794
828122
826555
826373
825712
826450
827124
827503
828193
827674
829673
830147
830320
836041
838937
840776
840631
838408
837458
834578
821283
802858
797024
792109
789190
799926
805154
809855
815787
828710
850694
865779
877738
890906
899096
900315
900991
898439
895412
893571
893262
885066
885776
885919
887346
889308
887544
886337
881714
871673
859837
848189
839050
820826
824470
798278
808023
800913
804477
814140
826413
840233
852680
866596
875390
880545
880740
877478
871529
867732
863216
859350
857368
857119
859239
858551
861308
861152
858709
855401
855105
848603
843527
837859
836729
830251
826217
838119
832894
855862
848905
874381
871289
887372
886380
895065
894426
898204
897506
898752
900922
902049
904457
907577
909625
906718
909256
912681
919703
919188
923235
924961
924956
922144
915823
901286
900685
878625
879754
856643
868057
855000
860890
859752
864934
866013
868198
869820
868653
865271
864037
857936
858658
851777
851145
847773
849083
845441
846223
871866
868950
869082
865860
866182
862351
862261
859036
857139
855693
857282
857150
857735
859465
862856
861203
867560
865126
870995
868183
875525
872915
880651
878797
884321
885512
887830
889679
890473
890619
890979
886428
885073
875181
878212
862514
868411
851903
858409
845824
848921
842269
839916
836718
837760
829706
831999
826345
828197
826664
826592
827256
827980
831908
831171
836126
836236
840591
842172
845253
844998
847198
846711
846589
845746
851272
848897
865429
857749
879102
876794
891430
898321
908514
914697
920934
923584
926523
925366
924141
924049
917811
909092
903986
893249
889591
880680
880201
863109
868286
842381
849432
820302
828435
804381
805621
802626
799053
803643
805842
809569
814184
818542
823057
824515
822669
820777
822140
821027
818801
820053
821738
816946
816589
812406
807071
801372
794491
789361
782551
775943
766567
769778
764154
769024
781480
786660
800404
811757
825892
838985
851108
861739
870914
876637
880910
883084
883942
885397
885159
883407
880871
876848
872013
867997
859357
855701
845577
845558
833730
834154
822457
826137
812077
816973
803654
802867
797101
789195
785178
774833
776711
769448
771433
780658
773012
799165
793771
811185
818081
825288
829332
832758
834508
833568
831666
833478
831789
830408
829182
829252
830249
828872
827041
823683
820487
815116
811940
805190
802448
796425
796095
792334
798237
808321
807066
821339
826185
836243
841593
847125
850134
852478
852701
852673
854125
851837
851324
851145
851881
854841
855158
855165
852623
847350
840383
831237
822631
815579
811682
803640
803754
800767
809195
810860
815531
822880
834290
840632
847667
852330
856652
858557
858557
857044
856425
854380
852500
850575
849440
848609
847436
844973
844301
834014
833876
820268
817055
813595
802194
804982
794550
797920
795304
799425
811865
811916
814247
821768
825804
827002
827648
827187
825959
824656
824421
824875
825397
827669
827024
829977
830816
833595
835032
839452
843399
847243
849600
849291
845603
843566
841090
832866
818665
815206
819140
811773
807788
822938
832412
854476
868568
881435
897501
906481
908276
907123
904314
903948
901525
897686
893758
893782
889192
892007
890846
894124
894702
892892
888905
882539
872931
863836
852351
848043
825544
834497
814684
817213
824837
831166
843442
853876
867852
878790
886481
889043
888087
883102
877767
870656
867718
862938
859335
855539
854936
853220
852845
852776
854959
855946
852093
852166
845090
841619
837422
836756
835459
841114
837693
856559
853377
875094
871064
886998
885358
893186
893368
898287
897680
902074
901045
905469
906004
908645
912096
910078
912236
912821
916917
918596
921098
922130
924273
920147
919128
904439
905811
880327
889444
865504
862595
866759
861171
865220
864327
869517
868754
868503
866201
864446
859696
857447
855120
850728
849047
848923
845763
846148
844498
869829
869399
867306
865995
864257
862293
861378
859034
857997
857571
858024
857755
860565
858629
863284
859538
867604
864737
870914
868294
874622
873094
879096
879903
883253
885336
887385
889499
890426
891232
890533
886712
886475
877422
877458
864445
867615
850566
856711
843766
847989
840743
842489
837821
834143
831085
826946
827554
828477
827538
826240
827985
825382
832054
829487
836942
837380
841619
845710
847438
850616
850600
851834
851553
854989
850852
857354
862285
865256
880703
880600
897088
901002
913737
918281
923784
924665
930086
927895
925432
923834
921419
903177
905568
885682
892799
876418
882563
863779
869433
846244
850745
828444
829626
811517
814926
805581
809465
806765
810577
815605
820158
823374
826277
829716
831457
830331
828161
827796
825629
823826
822368
821981
818108
817160
812105
807223
801936
795545
792160
788886
787981
778398
784038
785262
793813
791073
816898
818481
839547
846722
860260
868437
875718
880693
883661
884577
886641
887946
887573
886403
882530
878883
873636
867880
860479
852787
849274
841615
835295
831116
826220
821900
815914
815518
805176
806100
797426
791896
790413
776245
777914
777172
773367
780646
779953
798920
796982
814266
819981
826883
832178
834939
836773
838168
836873
834393
833398
832394
832488
833369
832278
831252
829024
827148
823460
819562
815766
809298
807342
803773
799488
802250
804288
810880
812380
825683
830053
839482
846280
850440
852802
854391
855905
855032
853622
854225
851417
851166
853071
855524
857998
858694
856995
853070
847200
839579
832129
823685
817682
818307
812497
816161
812188
820696
819718
836295
838704
847384
852329
858074
860683
861098
860716
859802
857562
855300
855068
849887
852514
849397
850935
848219
845036
843734
835972
831568
826273
816484
816507
805795
811479
806727
808686
814610
813150
815403
824047
827348
828675
830348
830995
829169
826497
825795
825525
824165
827093
826635
829126
830743
833428
836462
838519
843859
848628
852397
855635
856962
856147
851504
845834
841814
835748
826979
819355
817398
835855
836960
856749
870443
882602
900080
909604
915148
916889
916284
913095
908657
906430
902879
898807
893471
894654
892880
893705
896266
898294
897851
896063
892912
887599
878856
872743
863272
858776
837393
844462
838550
835331
845046
854333
868463
880240
889597
895340
896183
892565
887304
882415
875712
870759
864767
862536
853709
856259
853091
855182
855515
855967
854847
854403
851215
851021
844464
841026
840156
835937
847152
840389
861069
857466
874981
871341
885843
884010
893522
891277
897646
899010
901521
902928
906753
906651
910106
911935
912079
913441
915340
915715
918829
918968
922287
921749
920992
920031
907556
910139
887098
889064
871881
876044
864098
870145
869079
872281
871022
871300
866909
864647
864449
856279
856501
853737
847969
850511
845390
847214
844093
844581
870160
868600
866739
865216
863528
861381
861198
857394
857266
855123
858103
855589
860972
858281
862654
859678
866332
865448
870146
868701
874708
872488
879213
879752
882567
884505
887544
888833
890709
890914
890671
888565
887584
878415
880863
864450
869604
851566
858300
842975
848191
837651
841029
832815
835205
826524
828180
823404
827207
823991
824153
825616
824057
831102
829055
836189
839277
844538
847125
851910
852979
855858
856237
856832
854045
860240
855091
870452
865277
882569
884427
900152
901526
916769
918477
923944
927486
931618
931656
931467
927245
918603
904356
901897
887438
890995
877216
881919
864210
869868
849006
855399
831152
836873
816866
817077
811952
808877
811604
815480
819436
823773
827968
830945
832532
833776
833762
832274
830648
828867
827822
824912
825240
823449
819639
818172
812940
808511
804118
797738
794790
790580
793604
786106
791907
795928
802162
823140
824343
847061
852990
866656
873352
879847
883139
884892
886686
888302
888494
888969
887737
884914
879972
874595
867499
861436
850866
852026
839654
839715
828201
832066
818267
822540
811200
811334
805406
797114
797214
787133
783572
775883
779043
770858
786619
781971
798412
800228
814591
820101
828341
833540
837119
839097
840013
840231
838311
834162
835257
835124
834909
834941
833638
832263
829344
827224
822977
819179
814651
810900
806089
806114
806519
803769
815155
816482
827945
831697
842132
847476
852039
854980
856485
856988
857645
856046
852674
853157
853091
854513
857510
860324
861652
860756
857765
852975
846016
838714
831726
825398
819216
821127
817796
822383
822757
829393
841175
844161
851672
858307
861939
863311
863701
862790
861311
859997
856717
854637
851669
852233
851891
851413
850635
850480
845955
845463
837331
831685
827787
818367
819227
812419
814950
817308
813753
817715
824219
827938
829609
832590
833680
832817
831225
828233
826495
825140
825590
826565
827843
830604
831956
835747
837984
842349
846508
851564
856393
859499
862412
863477
861727
855343
849073
844462
836896
832327
842328
838617
854817
865380
879386
896968
909473
918439
923375
924269
921895
917780
912734
909163
904076
903653
895528
896411
896057
896214
898868
900667
901178
901488
901225
899223
894281
884189
878504
866035
862103
845170
845368
849345
855674
866232
878468
888969
897109
900956
900472
896146
889618
884830
879038
873625
867480
865410
855685
855230
850140
850821
852869
854604
854991
855133
853185
850934
847303
845190
842689
842495
846058
847109
863279
859982
876185
871711
885917
882583
893214
890384
899077
898388
903101
903915
906426
908028
908941
911756
914762
913679
916496
916412
917207
919121
919732
922110
920964
919617
911878
908698
890666
895504
874337
879359
871340
870718
874557
873741
874482
871550
867975
864262
862005
855713
855748
850940
849625
847748
846180
845555
843517
844586
869641
867803
866225
864958
862898
860420
860517
856424
856509
854840
858109
855227
861072
858576
863050
859063
867438
865149
871333
868879
875112
872612
879440
879320
883697
883553
887875
888276
890296
890098
890325
886563
886241
878947
881261
865157
871145
851156
858831
842051
849692
836219
840602
831113
834245
825943
827174
825048
826755
825359
823944
827531
823002
831714
828955
834884
842691
842078
850654
849565
855377
856775
857991
859250
854835
863484
854836
873388
863425
889636
882720
904202
902650
917554
918019
926973
930239
935711
936419
936139
931752
925707
901049
907969
885347
894021
875663
881796
862102
868257
847973
852839
834611
839557
819662
825588
811611
815955
816382
817310
822291
826721
831323
834854
837369
837995
837600
836951
835652
831374
830541
828758
824392
821008
821739
817092
818602
814187
810652
806764
800501
797762
792704
798151
786358
812098
802469
831740
830274
851659
857458
870965
876156
882254
883340
886345
887707
888878
890265
890926
889938
887032
881752
875638
866822
863679
850444
852519
838317
842097
827607
831195
818322
821696
810609
813940
803446
805916
796554
784889
789530
774303
781331
772228
789988
781779
799807
803166
812909
820865
829277
834771
838988
841358
842424
842000
841125
838557
836884
836986
836522
835793
834590
831829
829791
826611
823867
821740
819059
812137
812394
805273
810884
804565
820332
815258
830457
833822
842376
848598
853515
856992
858727
859463
859150
858739
856578
854567
853932
856013
858541
859715
860427
859291
857366
855462
850842
844782
837501
830718
828279
822795
826406
820508
833495
832719
843511
848296
858109
862102
864978
866271
866513
865406
863288
860651
857294
858038
851372
854287
851255
852463
849097
849933
846556
846818
840497
840915
828258
829607
817946
821234
819587
817852
820063
824739
827793
830092
834208
836443
836678
835639
833147
830773
827619
826293
825362
827857
827580
832830
831360
838887
837957
844787
848113
852532
857625
860664
862926
864797
865065
863307
857616
851316
848580
847516
840465
845758
870498
871116
887971
905022
916964
925075
929843
929745
926168
921399
915802
912084
905342
905420
898039
899281
897576
898670
898730
900505
900675
900825
902138
904117
903270
898762
887110
881467
861382
862564
855473
858292
863444
874244
886605
895994
903018
905580
903373
897897
890842
886881
879308
874304
868976
866032
855486
856931
851225
853048
854829
856171
856879
856261
854959
853110
848530
847808
844711
840726
853290
847913
866453
862953
875257
870987
884084
881057
892138
889241
899197
897827
904243
903855
907574
907423
910091
912179
912663
916118
915917
916421
919411
918873
920190
922057
921898
919681
910140
913790
890523
899902
875158
885093
871851
877988
876394
876873
873116
872420
864385
866620
856979
857351
856480
848269
851418
847343
845424
846184
843004
844733
905576
906186
905605
905375
903725
902738
901242
900801
900904
901216
902063
903532
904657
905853
871231
870742
872111
870672
874052
875311
877032
881655
882816
887408
888767
890684
892993
893285
895527
894708
898108
896688
901659
905335
912781
917623
926646
933193
936257
939257
940819
941361
941215
942484
857078
857633
858715
859678
859271
861221
860147
860479
859511
859990
859033
857930
856531
856312
853144
853127
852001
850756
854227
851033
862316
856971
876923
879098
892786
894863
900985
901647
905770
904834
939336
936494
933251
931315
926992
925198
916751
917229
901141
903392
873351
883564
856298
834442
844100
809330
821146
799531
806981
800062
803621
802450
799528
792084
790186
777787
779558
768286
773062
765623
809229
809646
808345
804689
799810
797993
794239
784264
788466
780159
780553
781818
778852
788135
784585
795736
800687
808641
818212
824943
831794
835611
839114
840854
840950
843954
844316
848976
850903
851465
879296
878300
878229
873975
874288
865755
867858
858595
860132
852967
852860
843590
844742
834980
829488
823308
821697
808851
812351
804158
807930
809302
811370
814845
815508
815470
813250
812406
809240
810507
823569
824746
824736
827091
826717
827701
827884
827780
826615
823712
824231
815971
818088
808949
811803
812984
806794
824656
818119
837331
844644
856261
859566
862368
867575
866594
867983
871743
873790
875059
858833
862052
863061
865188
865116
863052
860220
845674
849422
823512
830723
807936
815303
800459
811430
805674
818195
829800
845880
843492
857756
864786
863234
869511
869052
871117
872389
874728
878304
877725
850895
851640
851136
849886
846804
842280
837048
823765
827713
813484
809926
811756
809410
817710
817444
828972
835067
846270
850992
853848
854647
853889
849665
848014
842001
840015
833967
835985
829509
831254
790062
789993
791806
795489
800511
803718
805611
804739
801251
794187
789918
780624
778966
789021
778696
808969
803934
827227
832811
843212
847674
848815
848534
847177
846306
842919
841818
840060
836775
835981
906175
903838
904914
903612
900292
896870
885267
882382
855853
860122
815189
829821
788256
804502
791012
803070
815414
819241
831757
836766
837191
836931
836408
834584
833792
829825
830540
827230
825933
824964
892543
891951
890588
887716
884547
882110
876193
876399
871172
872040
873291
869876
879192
880590
882819
897551
896014
905226
911622
915066
916273
915209
910827
907397
904842
908458
909676
913363
916451
918843
929475
930359
929224
930584
929616
928161
927841
924084
914992
916856
897961
903063
883341
889818
881090
884663
883847
883842
881843
879988
876121
875208
870622
871794
868322
869724
868442
868512
867999
868060
904453
903678
904222
902712
902327
900436
899950
898727
899062
899186
900468
901303
902549
903628
871448
870307
872710
870097
875440
872979
879302
878912
883537
885417
888266
889958
891223
892918
893055
895138
893876
896589
901329
900053
908056
914480
919217
926342
932128
934011
935770
936288
935808
934970
857880
857780
857892
858668
858953
859433
859474
858669
857976
857788
856670
855409
854887
851877
851829
850410
848796
849168
847890
853452
851792
861550
865481
875301
885899
893173
899940
903206
905147
905644
940581
936837
933549
930811
925234
922438
916351
912048
900212
891188
877270
877139
840338
842497
830511
807868
812442
799531
793421
797938
795763
798955
797216
795169
789438
780055
779739
769010
771617
765448
808058
808527
805878
801501
800868
795159
787585
786183
783127
777798
777733
776360
780351
781020
787358
789658
798699
805249
814072
823738
830802
837669
839825
842409
841328
844195
844265
848212
850564
850297
879467
877929
877531
872791
871759
865117
864886
857905
856296
852696
847007
843563
839953
828758
830281
819652
814722
810315
804080
805532
802968
804263
808893
810706
812962
814081
813730
812284
810073
810832
823449
824835
824593
826156
826772
827188
827271
826595
825784
823063
820766
814476
814874
807152
806852
807517
808864
816494
817745
835848
837736
851335
856778
864808
866753
867770
870243
871156
872220
872188
859740
861271
862626
863040
863861
860708
854986
847573
843417
819658
826865
806940
803681
804803
803425
803058
820020
825851
835124
845102
859577
859936
865394
867054
870593
870605
873251
875001
876507
877971
850005
850468
850204
848683
845398
838512
834445
825780
816485
808804
811372
807059
809913
808421
816748
820502
832493
842172
849320
854581
855790
854360
850123
846549
842379
840117
833566
834681
831108
829416
787991
788741
791821
796762
800451
803319
804229
802747
798596
792437
786277
781312
776839
780623
784185
798188
802319
816952
827797
837454
843950
848909
848982
847639
846723
842372
841526
838423
838400
833349
905737
904365
904501
901101
899934
893646
884182
875552
858134
842465
820486
814222
794689
791359
793316
797293
805714
814217
827440
833803
839057
840758
838987
837753
834227
831675
831255
828524
829567
827427
890427
889978
888136
886614
882988
880779
876312
874922
870156
870104
872260
869602
873372
880768
889180
888019
901629
904479
908240
913960
914399
911359
908406
905145
901350
901885
906879
911956
915156
919540
927501
929820
929531
931384
930761
931051
928386
925628
914057
916052
894574
896195
884148
882716
882118
880646
881784
881164
880618
878233
876101
872929
871153
868878
869740
867890
868178
868050
868198
868416
900831
901645
900924
901543
899482
898422
897026
897373
896691
897615
899050
900798
900687
901675
871012
869905
872205
870144
875606
872854
879727
879188
883100
885617
887318
889824
890700
891682
892662
892145
894661
893244
895557
901052
900216
906890
912877
916962
922771
927193
928211
928810
929504
929684
857035
857105
857676
856967
856649
857839
856677
856077
856518
855744
854201
853329
850026
850186
847832
845528
844969
845265
847662
844420
850540
857364
860537
868024
879714
889395
895850
901793
904556
906388
940923
937839
933882
931840
923166
922254
911884
907829
898509
881673
880178
859509
840028
837559
818402
806018
800988
791370
794062
784505
790972
789884
793921
789949
789261
778595
780808
770052
772975
765735
806932
807116
804331
800144
800804
788715
784517
786873
776883
777683
774606
775715
774687
775948
786089
783831
797854
798553
812415
818035
829416
833618
839406
841267
840920
845843
843657
849671
850395
853000
878350
876802
875835
871681
869838
862856
862579
853647
856619
845972
845834
839588
833325
827634
825947
812389
815252
800802
803499
796816
799523
803562
802117
807683
809532
812101
812318
811170
811023
811265
824332
825421
824765
825546
826415
826869
826762
825912
824308
821054
819319
812065
811300
803890
806591
803348
801281
815062
811023
830305
831941
844597
854499
860237
864112
868415
867871
870500
871931
872868
860648
860815
861407
862334
860917
857735
852186
843092
835446
820350
819445
797561
807458
793122
799758
796337
817141
815766
829908
845547
849594
857831
861812
866982
866364
868932
868938
871908
871300
871952
848842
850343
849117
846089
843555
835633
830609
815025
815797
808455
803105
797877
796220
802464
811052
814184
826530
836492
845316
850233
852997
852090
849661
846271
840193
840712
833372
834829
831213
831783
797622
796839
798850
800371
803073
803603
803076
800791
795736
790918
781378
782730
771493
780761
774124
792135
799009
808685
815612
829109
836922
842455
846168
847739
846965
848251
846425
845006
841785
842161
905757
903191
902529
901434
896423
891970
880275
870874
850119
830446
821775
810225
782007
793584
783724
791350
799331
806819
818984
827880
835159
838468
839486
836961
836289
833975
828579
828298
826804
825727
890487
888861
886398
884091
880769
878945
874199
872755
868093
868204
867279
869486
878854
874520
888298
891847
895320
905650
908138
909504
912344
909826
905508
900176
897946
897939
902191
907395
911645
915202
926663
929953
930232
932043
931161
931219
926701
925548
910535
910986
889853
894140
876883
881227
874436
877188
877490
879102
878143
877223
874362
873161
869809
870059
868721
867920
868030
868140
867684
867507
896007
896274
895517
896080
895754
894620
893788
891613
892532
891481
893216
893589
894428
894967
870325
869443
872404
870240
875609
873066
880052
878713
884257
884689
887622
888889
890702
890906
891183
892447
889877
892225
891418
892866
898032
896398
901920
907840
911591
915865
918389
917902
918098
919615
855874
855674
855508
856710
856835
854208
853211
854354
853007
852184
852563
849269
848775
845183
843363
843280
843367
841671
839010
844177
842727
846320
860806
857357
873308
885029
892681
898767
903358
905772
942397
939229
933822
930256
923407
919093
907078
905348
892704
872780
879075
840154
847426
811819
818603
792213
789773
783980
773897
783462
778639
785789
784179
788616
784638
782569
777928
775239
770592
772399
808555
805910
803162
800564
794684
783913
786687
777854
774105
770634
769234
767140
772718
773762
777933
780319
793205
792082
810740
812623
825856
831015
838394
839444
843264
844306
846880
851069
853212
852415
876854
875496
873848
869126
868366
860392
856822
854300
847826
843594
838731
833925
825849
826489
813003
814958
800827
802795
794574
795251
792515
792989
800352
800439
805330
807996
809085
810588
811146
811703
824311
825328
825642
826213
826477
826519
825863
824472
822784
818522
816298
808063
806292
802033
795290
796922
801702
802908
808474
821789
824941
843763
844736
855234
861501
865379
867102
870163
870777
869986
861365
861053
861032
860598
858411
853954
847508
835161
832107
813493
806026
801443
788522
789891
790348
799327
801819
811467
829396
836996
843245
852830
859305
860029
865638
866699
869273
869246
872029
872391
847138
848450
846415
843205
840824
827335
824305
811473
811806
793481
787979
788730
795635
793360
799493
805418
819853
829568
839628
846033
849001
849244
847851
843959
840237
837907
834944
832981
831832
830880
795624
798994
799101
799352
800431
803868
801527
798214
790740
789726
776025
776881
769561
770400
779866
775883
789019
802147
806206
817703
828862
836471
844465
846336
848642
844868
843097
842491
841355
837237
903802
902942
903110
897727
896090
885869
877359
862764
841662
821186
820946
790942
786528
773038
780411
779701
788033
797734
809314
823803
829298
838361
840084
842109
839440
834577
836168
833227
834856
834352
884531
884483
883366
880994
879451
875162
872394
867737
867622
862916
861926
862434
872987
877756
878218
891111
897538
897992
906787
907021
905970
905475
900040
898320
895588
895577
896502
901883
905956
909587
926416
929346
929991
931273
930312
931039
924640
924815
905018
909195
883686
889451
872339
872869
873638
871366
872894
873536
875503
874296
874327
871067
871365
868376
867946
866756
866514
866556
866903
867806
896331
896162
895583
893761
893081
891176
889580
891653
891059
892178
891715
892540
895276
895345
869087
868902
871731
870103
875220
873868
879642
879591
884078
885814
887178
889393
889819
891249
890669
889379
888870
887368
887990
886315
887255
893508
891376
894735
898694
901920
906612
910523
910171
909473
856032
853468
853838
854268
852870
852590
853048
850682
848451
848181
845821
847015
843077
839942
837232
837377
835552
836042
839310
835331
840784
835079
857513
852340
867399
879175
890410
895084
901310
904355
942961
938912
933413
929824
922015
914751
904988
900971
886988
872336
863945
834073
840666
800453
813040
776488
788969
767984
777351
769445
779382
777846
784965
783894
784271
781483
783565
779430
776793
770637
808898
806059
801900
799475
789122
783573
781494
769763
770506
770381
766236
766443
764304
767606
774533
774275
788692
788268
809485
805825
822368
830749
834987
841555
842469
847754
848874
848925
851077
856838
875227
873348
871127
866968
865312
855559
856125
846882
844253
836902
836222
823524
826299
811612
814008
799807
799359
787175
783254
781406
784500
789587
788285
798463
800908
805354
808593
810744
812140
811386
824916
825102
824965
825802
825900
825778
824817
822480
821707
815178
813903
803522
804934
790909
793692
791147
789027
797244
799338
813978
818830
833313
839456
851651
857474
861764
865976
866882
868740
869728
861804
861541
861208
859256
856446
849607
843579
827557
825831
800827
806403
784797
784406
785511
786334
790235
793731
808590
819951
825841
839579
848680
853647
859172
862029
864005
864646
866389
866389
866219
847197
844794
844417
840031
832955
820331
821709
803622
796731
788885
792997
787806
787423
790053
797777
797974
814935
819781
833457
839858
844416
846190
843987
842115
839454
836227
833750
833035
832750
830709
805004
803460
806670
809210
806566
802432
802727
796507
786288
787369
774637
771135
765337
765811
766465
780174
774819
792530
795352
812946
816984
833489
838289
847649
851871
854031
855144
851464
850844
851360
903054
901468
898638
898193
889603
885523
864267
866643
822833
828634
805124
780721
774291
775372
766618
773971
779899
786676
807860
812200
827638
835489
841778
839517
838321
836887
832372
832730
831066
830927
885390
883461
880623
878894
874767
872518
868027
868310
862228
863239
862072
858718
858134
871652
880421
880397
893495
898723
898466
905957
904220
899683
898083
891173
887283
886626
891366
896495
901772
907138
928191
929631
930114
930872
930190
930571
922929
922960
902003
904136
880199
880150
864995
866349
859333
863751
865412
869157
870973
874080
872471
872576
870014
868713
868430
866871
866932
866455
866596
865262
886443
888441
887864
887483
883475
885300
883952
879889
880456
880088
880718
881195
880155
880484
868358
867585
872240
870129
875573
873647
880535
879626
884887
885573
887694
889482
890420
890806
889599
889550
887277
884063
878414
877757
874850
878883
889448
891554
892593
892385
889054
891398
893740
894009
850828
851317
851652
848696
849013
850585
848316
847206
849282
846596
845723
840510
839941
839434
839156
836757
836935
835058
831002
831134
839679
831908
850709
849225
864383
873550
888305
893315
897883
902888
941237
937675
932850
927021
918878
909027
908455
888976
891928
858861
864799
828845
827435
799662
795231
778621
772246
770352
762912
771508
768469
775016
783068
784690
790337
789715
780358
778013
778336
780378
810563
806585
802471
796946
787132
781743
774124
771847
763914
756401
754795
753424
760706
756778
772354
769106
782876
787117
805155
804514
822536
828440
836846
841674
849221
847855
853467
858121
859883
858976
873059
870823
868748
864630
861661
852965
852340
840985
840433
834087
826257
823634
813004
810783
799085
798458
787735
788093
782169
782369
778602
783184
784642
794277
796297
803582
805923
811164
810983
814731
826286
827205
826813
827014
826090
825346
823911
821074
820405
812730
813139
800034
798529
787217
788627
779718
784221
787665
791231
808286
808168
826950
833989
846706
850828
859005
861994
865758
865744
863884
862561
862351
861655
858958
855124
845171
840323
821121
817893
796704
796880
777357
785292
774566
773378
782306
789555
804139
808603
819560
835800
842800
848263
855991
859309
861835
864464
864642
865748
866924
843869
843986
843521
831112
829058
817794
811214
791620
798270
782803
776600
768886
771771
772648
787783
789838
809770
810011
828505
833392
839812
841299
841829
839948
837648
835991
832779
832248
831086
830842
808199
809968
808948
806836
808238
806927
798232
799305
787327
781401
773662
767097
759358
759965
761665
768349
772947
783285
786228
805163
814080
826715
840325
849627
850051
850870
850391
849518
848417
846609
901171
899859
899492
894979
890246
874708
870661
849540
819317
826033
783404
784676
769475
758357
763341
762177
770766
786555
794333
810987
823161
837142
840515
847320
847031
844365
842113
838957
841192
840390
876130
876652
875517
873911
872872
868338
867485
858462
854429
850791
853261
858583
857519
856213
869372
883346
881984
894804
897917
896030
899038
897614
894982
889381
890014
889147
890834
892876
893072
897960
928266
928276
929582
929777
930233
928671
921697
919807
897947
902022
872626
875234
860561
859005
861659
861487
865360
864681
867744
869466
872661
871609
870503
868409
867204
866226
864479
864207
864112
865622
889426
884421
885303
885255
885932
878648
880349
883260
881792
881833
882452
883194
885572
885495
867300
867194
870492
869818
875327
873603
880799
879737
885081
885689
888615
889923
890858
891052
889450
889592
882491
881985
881738
880065
879004
871443
868684
873001
877474
884930
891468
891685
893081
892915
847011
848816
847369
845532
845340
841827
841026
841617
840800
841848
839891
839514
836888
834995
831173
830881
830377
831843
832317
828067
835844
831013
847793
847284
864849
869222
889107
892637
896055
904048
938526
932300
932044
922472
917355
911069
900342
889846
880265
855959
860903
817197
831115
785350
799953
764848
777200
759519
764614
764560
768767
773600
781043
789192
787238
789208
795775
791393
784831
780696
811816
808856
803018
796452
785515
778562
771366
768751
754332
758294
752068
754587
755240
755553
766598
765429
781461
786884
801428
804678
824263
827864
839733
846283
849735
856275
858853
857212
858949
862237
871499
868506
866507
861040
857698
849703
846692
837209
838839
824084
826655
811071
812613
797143
800218
784732
783454
772076
770842
765665
767377
777244
776802
792246
793940
801461
806981
809986
813155
812993
827755
827363
827185
826720
826484
825113
823596
820641
818378
811983
810632
794962
798263
781594
779595
776194
773122
784959
779747
802397
802974
819016
831916
838073
848031
854050
859424
860259
861928
864303
862498
862525
862117
858968
853544
841667
836202
814541
815417
790354
792875
775903
778502
772288
772615
783639
781616
798687
800369
817936
829576
836461
846426
853158
858251
861087
862861
861549
861951
863734
843889
843355
837901
827564
830024
805802
807685
793165
791470
772589
780168
769490
773704
770315
786476
781680
803768
806293
821668
828770
833748
837620
838728
837814
836234
834373
833759
829766
830109
829654
816954
815476
816230
815813
812184
808555
804851
795657
790032
784251
767166
770262
757680
758445
753675
765564
762456
782111
778830
802735
803408
834661
839068
847676
861895
867453
865625
867089
865693
863308
897751
897748
895754
895079
881928
876554
857644
845552
813986
818021
773367
788551
755302
747742
749545
753748
775127
773072
794181
808139
826500
835045
843893
842704
842297
842407
842308
841854
839710
839605
878200
876661
875790
872829
868565
867070
858738
856998
849611
844971
835189
838932
849828
859504
853531
875899
881851
885662
894798
898569
896646
897232
889311
889564
885603
884946
885934
890366
897001
895672
926676
927399
928403
929838
929188
928286
919801
918524
894847
897598
866393
875333
850524
851530
845313
846615
851358
860567
865915
869329
871600
872359
871142
868941
867407
865330
864755
863564
863047
859934
880443
884447
879683
876041
874397
878708
871032
870254
868976
867618
866603
866060
866251
865795
870276
870792
870175
873245
874106
875483
880598
880969
885244
886506
889311
890215
891199
890430
890522
886865
884636
877830
876608
870474
871411
873813
871820
871766
873053
870480
867638
866246
864779
864047
848080
842230
842410
846218
844034
843525
844558
842534
841447
837979
840135
837796
835618
832338
832761
831326
831273
833319
828856
832357
837189
832011
845782
855892
863391
873035
888276
893813
901839
902848
932445
933011
926393
918149
918140
900299
903203
879124
883479
852529
853023
816912
827836
782438
795928
767315
775156
765149
767485
771247
774815
776450
785153
789566
797422
795601
791566
792124
789640
780731
826441
813710
805570
796912
785762
777299
768692
763441
754817
754313
749985
747183
753764
751645
766911
761040
783490
786466
799370
812110
822433
833623
844491
851958
859113
861083
862257
864623
865231
867360
870602
869052
864468
859468
855704
845973
844480
835155
831763
822571
819348
808648
803844
797323
786433
786675
771216
774612
764028
769688
763824
777554
772898
791206
792411
803756
806911
811643
816576
817019
830511
831331
830642
829132
827276
825799
823541
819931
817725
810961
808017
792974
796283
775299
781714
772341
770826
782493
774743
801018
796260
816529
823686
837425
843054
851174
854791
859415
858822
856116
868174
868027
864303
859144
852712
840563
830548
814098
814873
786822
792516
773082
777909
769491
769171
782153
775854
797450
799245
815888
821038
835546
844344
850819
856037
859991
860563
859343
859626
859125
847450
841351
839027
826316
823361
804112
809435
785982
787377
774487
773625
762480
768932
766861
783787
778656
800413
801498
814425
823590
831427
833991
835284
835670
834979
833869
830656
828398
827173
826662
826601
827216
825701
822921
819262
813594
805876
798173
796965
784764
773646
762137
765352
752243
756484
760194
762788
780234
781019
792817
817616
830864
843832
859888
863676
861015
866773
860525
858632
859022
902653
901497
897003
890756
881525
871541
852372
845608
812633
805373
783863
768451
759177
744959
745919
755881
765978
777332
796418
814079
826683
838408
846961
857365
857842
852918
848085
846773
847015
843760
867249
868327
867688
867355
867062
860401
858556
849755
845895
834527
835002
830059
829740
850415
854594
864640
874526
888683
886618
893934
894037
893716
890283
890203
885339
886312
888177
891066
895613
895817
927176
926664
928482
929338
929102
927678
917858
919447
891922
899241
864164
871500
845459
854534
847073
850972
850341
856373
863475
867463
871561
871992
870817
867799
866541
863111
862057
859923
858870
860704
879005
876273
879257
877193
874414
869551
873742
871854
871869
873952
874390
874863
872732
871424
860513
851805
860396
864182
866639
871875
871143
877098
877784
883057
884001
887494
889252
890885
891787
891256
889549
885376
886518
875693
877514
867625
867028
862005
862974
858804
858033
862250
869902
871660
868728
869386
831136
839075
836330
837634
841129
835945
836290
836218
835222
835126
836758
838273
836078
836092
834324
835592
835321
834542
833884
832077
835611
834959
838448
843368
847443
864004
867977
877894
891649
898605
898917
908250
898999
910255
929674
923763
919431
918388
908855
902514
894081
882291
875508
849581
853045
816764
824554
783140
798879
766219
777116
763797
764795
767631
770440
779896
785982
793218
799978
806181
808479
806165
803959
802906
816374
830971
817147
813214
805204
796546
787223
776448
767283
761923
749624
751269
745686
748462
748317
751466
767541
760337
790318
783549
805977
815595
827051
838059
850510
858681
863497
866096
869017
866470
865091
866142
866508
851413
867974
863676
860280
856961
850379
844932
839739
832025
827813
820943
812855
810856
797425
796407
782718
783129
767751
765771
763564
763992
759072
777455
772675
789665
794566
803950
809134
815245
817633
822040
823434
818003
829545
829258
828625
827464
826640
825524
823260
819979
818034
810039
808339
792191
796644
775954
780891
770166
769416
782354
774619
799581
796889
810857
823442
832504
840004
847767
853922
855606
856183
857864
853852
847722
856874
857282
857050
855107
849064
840311
829856
818768
809745
791505
790071
776570
778973
770167
776848
778164
776907
799582
798303
812073
820178
835501
842340
850317
857179
861097
862478
860940
860326
859601
857640
859334
847444
841389
841183
824840
828144
803111
810369
785554
792365
773315
774770
766506
768764
764654
780344
778716
799219
798056
814675
819003
827018
831091
833509
833972
834902
832873
831102
828169
826830
825012
822180
810737
823392
825205
825275
824106
819232
819898
819296
804013
791521
796480
787719
766501
760944
768140
763066
761637
757880
775410
791313
812426
813705
839349
852611
862063
873294
882551
881326
882762
879843
880299
881038
879744
888436
889159
886902
883937
879480
867182
848831
848736
809925
807461
786928
777941
758192
767543
766765
774444
768056
791019
803363
817174
829349
844614
854593
853505
854282
858037
854619
850837
851183
851311
866940
863366
868347
870606
870290
867664
862588
859923
852790
850487
836135
837980
829507
833740
830851
836376
842479
867663
864910
885738
887152
890749
894781
894853
892028
890158
889886
889900
890268
895873
897347
903708
897741
909087
915031
919661
925021
929105
929261
928278
917936
916903
892299
897518
864848
864261
854674
845027
842826
846536
846650
855709
861942
867956
870899
872314
870910
869149
864841
863503
859202
859883
855659
855318
848873
847542
878511
876384
872230
872041
869132
867935
864045
865350
864109
861704
862602
863568
864639
864005
864997
862316
866752
867395
865949
872461
869880
878855
876623
883769
883535
887241
889194
890666
891340
890538
890063
886956
885073
875300
878755
865816
868822
864246
860303
863703
860828
855556
850467
849722
846707
844004
845217
828987
838371
837687
835051
837252
838211
837496
838477
837315
837805
837533
837423
836752
835324
832919
832426
833708
838211
836282
839374
837642
849200
848340
857262
868653
875958
886884
898884
902237
907874
914615
910902
921247
930028
923870
920313
909489
911197
891630
896348
872345
878601
846942
856560
815612
827768
791833
798539
778236
781838
778442
780588
782616
787890
792676
797824
805615
805092
806024
806078
809687
810844
804447
818035
819585
816835
812081
805707
798042
787596
778187
770703
761911
753426
751895
744521
743954
755674
752260
764739
772316
790100
788747
813706
822129
834159
847343
858852
866343
871386
874625
875098
872335
871122
871299
868158
861417
868534
862759
858865
853833
845682
845055
835221
828144
825295
820525
808290
811521
793352
797751
779589
782750
765119
768378
760670
762063
762066
779871
772347
794797
796136
807871
814076
819134
823693
824440
826835
825642
828179
828946
828027
828055
827829
825884
824407
820021
819702
809505
809133
794362
797552
780733
785124
778423
776894
781828
777618
803092
795828
817574
820553
834228
839307
847598
851379
854737
856096
854153
854927
850087
857190
856168
856367
854027
848715
842563
833086
821809
807733
802560
789008
786651
777657
781406
773444
785388
783305
802855
796571
816528
824270
835294
842635
851203
855899
859244
859297
858334
856079
854479
851778
853419
846655
841870
842296
827063
827968
808660
806796
793512
791389
777133
781264
768832
776690
773539
786696
780382
800447
798186
816090
818034
822838
828484
829260
831394
830694
831580
830152
829365
827574
827464
825623
820872
827377
824502
827046
827046
825926
820937
819723
820428
809200
788087
784188
785236
774893
756381
755957
769990
780979
800195
795766
812200
834022
848308
862015
875326
882325
880519
882591
881356
884821
880301
883269
882337
888371
887085
887196
884450
880721
868273
856492
846062
818185
807241
792088
771712
778762
757285
765286
759870
774812
802185
812460
823708
841586
852802
861381
866753
866413
861686
858171
853099
852063
852657
865210
862560
863627
862972
863384
863318
861217
855186
852714
843904
837825
829745
826475
827616
824145
844934
834627
866133
862519
882096
884967
891352
893413
895820
893358
895054
892288
893488
895937
897858
901273
902844
896654
907784
914294
918719
924759
928376
929656
928000
920966
916362
895197
895637
872826
857842
860424
852505
843208
842998
849602
856984
862087
866850
870878
870700
870066
866376
864042
860738
858935
854288
851957
849360
848926
846346
872646
873451
873596
870076
869499
866876
866314
864156
864905
867015
866584
866558
865685
864642
863490
864025
868250
869247
866115
873247
870595
877871
877159
882400
883546
887516
888457
890578
890933
890908
890502
886712
883727
880086
873314
870862
861573
863429
853883
854363
852273
857079
857569
852359
850582
850143
831011
836380
836283
830488
829960
832087
832335
831516
832937
833785
835160
837311
837638
838119
838965
839608
839902
840173
838449
844754
841268
852229
847939
861455
867301
875983
885864
896671
902795
911331
914187
921422
915866
921269
925641
922128
918426
907516
904519
892127
889897
874386
873262
850663
854506
821801
829192
794844
805741
782147
783501
779319
779561
783800
789037
794901
800985
804945
809292
811401
814835
812223
808642
808420
816271
818618
815155
812851
807306
800817
790535
779803
776052
764672
756416
761747
760378
759202
756571
760242
770899
784392
787442
803994
820715
829910
843420
856311
865706
872293
877119
878707
878853
877966
876033
874585
870407
865474
867628
861612
856660
850381
843661
843741
829797
830946
821337
817886
809679
807944
793603
798463
778813
784988
766314
771365
760643
768003
766266
778101
777900
798961
798331
813380
817493
822800
826745
827887
825471
825996
831097
828195
829290
828869
827334
826707
825249
821780
820080
812436
809681
799925
799072
785792
783900
777344
782543
784934
790582
802472
801897
821279
826110
832497
843739
846114
850686
850922
850220
852309
852109
851185
854466
853623
854063
852461
849524
844624
835781
826108
814275
808166
796406
788377
784659
778976
786539
783826
798110
799113
804708
822689
828188
836704
845884
852177
855780
857118
857925
856636
854488
852583
853181
850445
847421
842781
842827
831481
830783
811175
816632
795803
796234
789609
778104
783850
778310
780994
780269
789983
805062
801861
817110
816478
824197
825405
829407
827958
828599
827779
827533
827038
827831
827703
826011
826453
827198
827371
830650
832978
835692
834638
827644
821987
822322
818522
795201
780170
777335
784992
789773
785442
786911
790418
812602
833902
844128
862941
878752
888237
890151
894281
895314
890914
886231
888360
882157
883844
885949
886565
886376
883244
880875
874331
861422
848335
831516
828196
805874
808556
779631
795126
786915
797078
805202
810135
821736
838070
855442
864879
870818
873212
871621
864962
861695
858937
856924
855702
861412
861589
862080
864563
864349
861402
858123
854813
846877
848195
833023
833712
826442
827889
826679
843697
836085
863219
860981
883359
881761
892012
893029
895309
896787
895948
894918
898787
898092
902646
903933
906075
899675
911382
912344
918502
922589
925749
927422
926106
921714
912161
908857
883565
886952
865710
856940
854230
854954
856451
856243
859503
863153
867373
870068
870794
867373
865567
860926
860126
853462
853820
849756
851287
845018
847159
873603
870142
869473
868395
865224
863803
862415
860146
858030
857080
858150
858672
859148
859855
861433
865642
867706
869228
866795
872733
871219
878016
876209
883410
882107
887734
887482
890077
890594
891331
889533
887064
883331
880923
869398
873488
858150
864686
852038
854665
846072
844655
840424
840526
837807
832044
834811
829256
830408
830323
830121
828266
831133
832822
834770
833667
837102
838238
839900
841068
840582
842082
841761
842268
845082
843707
853387
850101
862885
864999
880074
878658
898864
898834
911556
915746
918468
923566
921667
922285
923411
918488
917940
900685
904409
885417
890690
870253
876744
850757
857787
826240
834267
805772
809115
793208
797019
791705
796157
798118
802439
806823
810717
816090
820954
818955
814720
815333
816993
816967
817889
819157
813936
813896
809656
802087
794887
787517
781417
774420
768053
755729
754716
754113
760975
769374
780320
787343
800222
816110
828747
839914
853780
863932
871932
877538
880781
881616
883021
881244
879508
877287
872605
871206
867579
860850
855208
848352
842666
840398
827408
832841
817226
820136
810246
805314
799202
796399
781857
786883
770097
774354
766192
775118
764188
785436
781748
800782
804305
816264
821053
826723
829365
831503
831398
830030
830558
830720
828366
827704
828563
829240
826604
824307
821642
816036
812942
805051
801598
796184
792456
789865
786162
796925
794081
805271
811877
825480
829072
837788
844787
847981
850325
852073
851838
852911
852012
851101
852435
852399
853631
853235
852091
847945
841532
832332
823220
814696
806347
805686
797531
798128
792415
802133
798338
807298
817135
826551
832531
842587
849384
853778
855976
856926
856685
855318
854843
850893
850702
849165
848611
844875
843795
837029
833505
821683
816859
806984
806014
792553
797331
783190
785542
785368
798151
802869
802653
809279
819554
819919
823937
826250
825810
826195
825317
825862
825569
827805
828001
827167
828903
827851
830770
831000
834028
836811
839604
841989
841301
834707
826037
822382
823590
810487
802559
796974
783549
788292
802305
821147
836731
847146
864617
881452
890156
894643
898161
897111
895921
896022
894519
888789
890075
887245
889564
886942
890208
891373
887514
880672
871310
859062
845307
830856
830220
805904
818655
796687
801931
805299
814351
826871
839893
854467
865091
875331
880689
880997
877501
873510
866660
861463
859839
856079
860060
857328
857182
855232
856073
857507
857318
852095
850011
844143
838972
831478
831990
834683
827337
844548
839887
866258
859892
881279
880810
892362
890993
896887
896345
898765
898926
899946
902644
905086
905882
910296
904691
912053
915706
915191
921050
923117
925108
924699
921536
914224
910239
889688
888979
866740
874086
851346
857812
852409
858216
860158
866063
868740
868953
867259
866021
861783
861584
854622
854567
849977
849838
846628
846676
845051
870194
870729
867992
868009
864131
864600
860897
861176
860409
860572
859096
861251
861564
861776
860777
864603
867066
869155
866927
873156
870189
878159
875832
882786
882563
886070
888044
889268
890731
891197
889239
888685
881922
882196
868636
873527
856627
862815
847594
853280
845677
848009
844884
843085
835925
836357
827161
829933
831811
828887
827958
828764
830005
828973
833326
833413
838706
839353
842970
843864
846693
845758
847082
848236
850680
848474
857168
851130
872595
866252
885390
888534
899855
906896
915999
920399
921488
928346
924774
922963
921170
919722
911360
899812
896569
887447
884565
872439
875469
853189
859216
831440
839301
809473
815843
801846
799437
802985
799450
803269
808918
813918
817472
819681
822700
826663
828278
824824
823135
822106
820256
817095
819433
815510
812575
807348
800517
794007
786414
781533
778314
781784
773410
777879
778525
778287
790029
798610
812927
825478
838867
851192
861872
870709
877153
880567
882265
884964
885218
884466
883353
880898
875978
872853
867250
860979
852853
849996
838538
839891
828453
829807
816874
821878
807466
810604
800599
795197
790989
782320
781298
770999
772837
771828
771048
790439
782334
806569
807534
817808
824616
830200
832099
832826
834420
834449
832521
829838
830790
831845
831801
829482
828412
826414
824064
819914
816553
809852
806986
800607
798918
794244
798954
798792
799472
815178
817111
828562
834228
842498
846842
850259
851572
852958
853869
851975
852552
850900
851669
851525
854086
855775
855234
852691
847640
839906
831689
823215
815077
806857
807035
801529
806919
801429
808330
818007
826495
831219
840580
847420
853779
857009
857916
857904
858000
856027
854822
851893
850654
849916
848187
848281
846516
840438
840205
826429
826051
816085
807906
807467
796782
805458
801052
805573
805761
801821
811452
819341
820756
824078
827659
828446
827600
825942
824685
824142
825025
826274
825705
828680
828646
831281
833077
834081
840403
843963
846749
848790
849403
848550
841445
830137
821882
819693
810346
799481
805124
821115
824953
841592
849431
867305
885274
894241
902321
907757
908976
907774
902970
900920
899266
896436
889305
890890
888743
889563
892814
893681
892967
889513
882537
874140
863225
854067
841232
843120
818193
826503
820763
818526
828501
840049
856009
867557
878586
886184
889529
887338
882890
877354
872571
865184
863198
857263
858109
856140
857058
857376
858609
856570
854240
854516
848578
847368
841861
838227
833494
833218
832370
848057
845398
866481
862053
881506
878922
890692
890029
895824
895894
900052
898564
904186
903087
906792
907756
911586
910522
911007
915351
916345
918432
921188
923649
922725
923052
914289
913186
893195
898779
869270
875318
866752
858779
864329
864293
869907
868170
870239
868877
866499
863033
861995
857379
853134
852274
849670
846967
847476
844549
845258
870909
868432
867635
865991
864241
862633
859712
859006
857486
856623
855722
858133
857552
862004
859260
865279
865186
869156
867049
872916
870473
876977
876619
881174
882873
885439
887659
889140
890710
890872
890094
889377
882388
882120
871409
872674
857223
862326
846463
852125
841828
844151
837222
836616
834187
830455
827867
824411
827354
824757
825444
824797
829471
826929
834470
832788
838753
841942
844766
848789
849593
851722
851792
852205
849750
856333
855415
860008
870611
871360
889242
891463
906242
910365
919099
923119
926056
928982
928027
927743
926092
914147
913439
892339
898641
881446
888000
870889
876633
855224
860665
837624
840279
819732
821250
806569
808753
804599
808495
811778
815379
820186
824929
827895
828672
828840
828769
828776
826583
824140
823960
822973
821356
820634
815627
812418
807513
801860
797453
790903
785847
779773
785437
777033
781588
785005
805575
803297
827633
832444
849979
858827
869092
875935
880449
883252
885473
886518
887428
887692
886457
882740
878339
873966
867502
859962
855329
846178
842077
837207
830871
826058
821394
818405
809947
811537
801427
799814
793624
782655
784871
774284
771488
776918
776652
789086
787242
807939
808777
820009
827357
832025
835411
837019
837072
837208
836741
832334
833119
832644
832148
832398
831075
829696
826659
823859
819509
814694
811991
805376
802265
802328
798289
804577
806692
819275
821244
832827
838491
846313
850205
853359
854757
854483
855517
855323
852049
851950
852043
851965
856314
857860
858464
857056
853193
847143
839657
831136
824904
819065
811154
811949
808993
815555
816629
830522
828706
841277
846710
853771
857448
860251
861393
860632
859152
857984
856442
851558
853513
849719
851751
849466
848683
846873
840716
838521
830991
823932
821999
810245
812692
804695
808861
807664
806469
814426
821311
821419
825663
829860
831120
830129
829100
827622
824467
823204
826135
825431
828178
828245
830788
833277
836620
838790
843975
848493
852782
855294
856597
855845
854931
848883
838708
830990
827196
827927
832879
825908
844414
851724
868075
887312
897615
909631
916855
918623
915884
911994
909647
905526
902359
899112
896761
892121
894335
893818
897226
898218
897867
896149
892498
887184
881426
870355
863198
846847
850239
830171
831281
838698
844130
856820
868022
880120
889522
895103
895903
893151
887155
881681
876013
870673
866835
858648
859061
850901
852499
849731
851511
853471
855420
853850
853149
847237
846297
842294
839019
841569
835377
854029
848318
867962
865042
880988
878235
890230
887921
895818
895262
899187
900398
904169
904286
908770
908269
913150
911414
912933
914477
917309
917213
920565
920375
922996
921990
916133
916087
896572
900572
879258
880408
864528
873172
866810
870516
869800
872102
869659
869280
865127
859553
861396
854151
851085
852243
846648
848794
844306
845545
844074
870351
868247
866594
865270
863820
862446
858855
859499
856882
857549
855139
859301
856642
861920
858660
864121
864860
868177
867718
872413
870146
877144
875864
880422
882739
885184
886869
889363
890305
891259
890724
889119
883893
885030
871610
875340
857373
863691
846605
853114
840581
844894
835807
838321
829780
831568
822948
825986
825999
826011
824992
824040
828259
826049
833916
834067
839442
843538
848640
850815
854030
854968
855994
855205
857977
853954
864626
857547
877010
874360
890181
893790
910272
910156
920438
924583
927248
931616
931075
930237
928462
915473
908713
893420
895662
882469
886749
871391
876474
856768
862852
840811
846990
822437
826064
813878
811733
812695
812368
815166
819361
824168
827841
830831
832921
833760
832966
832104
830874
827761
826851
827360
824650
822431
821225
816813
813684
808422
803033
800311
795606
792400
785526
789655
790019
797567
808364
812749
837084
838993
856854
864433
874790
879165
882914
885349
886803
887706
889051
889173
887734
884761
880326
874404
867730
858805
857308
844904
845500
834053
835813
822934
827633
814420
817137
807829
804196
802836
791718
789600
781620
780328
773096
783652
775699
791451
790057
805502
809591
821789
828291
833702
837072
839089
840189
839125
837685
835820
834555
834248
834942
834681
833938
831793
830072
826620
823626
818979
814546
809401
807591
803170
802042
810953
808522
820931
824397
835532
840034
847666
852308
855020
856564
857481
856625
855566
855482
851843
852117
853801
857765
860353
861668
860582
857840
852959
846321
838362
830889
825533
824426
817960
822082
818504
826499
831308
834243
846495
852783
857339
861257
863469
863851
863230
861761
858708
857273
854172
853144
851343
851425
852053
851012
848878
849036
841813
839445
832587
824606
822845
813518
816242
813640
812767
818066
820398
821981
826134
831273
832897
833441
832958
830838
829031
826121
824904
825305
826781
828560
829462
832992
834763
838774
840703
846901
851855
856027
859884
862375
863205
861388
857755
851555
843055
838659
838142
830436
847379
850687
866269
882534
895125
908876
918774
923858
924279
921755
917393
913314
908578
906062
898869
899647
895093
895794
896437
898349
900670
901195
901285
901458
899022
893133
887912
877147
870145
853187
854272
849674
848104
855643
866175
877605
889192
897094
901142
900317
895978
890214
884671
878259
873720
870120
860936
859539
851240
853044
852562
853270
854368
855473
854650
853563
850557
847973
843884
842619
842007
842524
854507
852847
870401
866442
881246
877162
889937
886873
896311
894569
901275
901194
904777
905718
907913
909005
913312
912391
915590
914859
916979
918214
918375
920762
921061
921930
917893
914809
901864
902200
881257
888284
868131
872549
874406
873311
875309
873747
871988
868615
864574
859480
859023
852399
852310
849237
847541
846544
844452
845032
843889
869260
867989
866345
864399
863201
862055
857871
858531
855998
857245
854210
859646
856469
861975
858242
864901
863791
869559
867659
873223
870362
877244
876635
881050
881489
886182
886267
888932
890120
890956
888945
888676
883400
883883
872546
876755
857628
865375
846043
853724
838999
845018
834275
837322
828392
830500
823121
824586
827103
825496
826405
823524
828641
825600
833997
835819
837173
847328
846132
853527
853442
857024
858586
857104
860772
854166
867482
857104
881298
872443
897144
892797
910670
910897
923157
925015
930656
935292
936737
936236
932835
917638
916876
890183
900786
881129
887946
869371
875409
854509
860360
841810
846250
826959
832625
814208
819290
811844
814063
818938
821769
826996
831110
834803
837292
838418
837603
835997
836013
832073
830445
826780
825702
823263
818464
820242
816064
815672
810943
805191
802277
797324
797146
788555
803748
792568
821576
815605
840874
844342
862342
868488
877565
880579
885075
885594
887310
889301
890247
890909
890262
886859
881743
875059
870230
857599
858259
844021
847227
832710
836891
822905
826107
814079
817659
807272
810497
798787
795891
794606
778514
785076
773651
784680
775900
795585
790661
803203
811885
822226
829118
834898
838662
841469
842535
842354
840377
837846
837874
836770
836439
835891
834237
832395
829156
826847
824594
821158
817046
815954
807702
809532
803612
815084
808829
825887
823972
835362
842108
848745
853621
856733
858820
859542
859672
857563
856071
856149
855136
856460
857804
860062
860374
859339
857537
854901
851574
844620
837099
831461
825850
826915
821504
829483
824348
837184
841745
852044
855588
862061
865285
866372
866385
865087
863409
861117
859632
854184
855949
851141
853032
850872
851724
848061
848410
844358
844439
834845
835532
821761
824742
816668
818752
821030
821055
822331
826569
831954
834265
836004
836633
835571
833520
830135
827946
825903
826858
826740
829931
829086
835814
833699
842294
842119
848312
853479
857055
860489
863209
864838
864589
862397
859370
853037
844902
840160
848021
856848
852344
877241
890414
903468
916718
925713
929444
929593
926390
921405
915950
910124
909414
900952
901876
895365
898283
898216
899497
900311
900622
900986
902174
904150
903209
896958
891759
876209
871539
850800
855576
857472
865847
875058
884974
896164
903207
905642
903564
897642
890877
886895
879442
874272
869554
861285
862267
851637
854380
853888
854955
856347
856729
856546
854932
851887
850610
845711
844976
848328
841802
859984
855906
871580
867697
879316
875804
888570
885253
895685
893803
901957
901235
906019
905526
908995
908095
911299
914796
913222
916406
918171
917994
919594
920783
921688
921674
918472
917953
900879
907564
880931
891980
870496
879983
873801
877600
875566
874855
868942
869813
860263
862696
857027
851740
854400
846704
847336
847431
843137
845397
843384
)
;

boundaryField
{
    wand
    {
        type            zeroGradient;
    }
    frontAndBack
    {
        type            empty;
    }
}


// ************************************************************************* //
